EnvRasters/Baseline_High/agrcltr.asc
ncols         270
nrows         223
xllcorner     24099.479091542
yllcorner     21023.840179216
cellsize      1003.8986847201
NODATA_value  -9999
[rows 99 to 131 of 223, columns 76 to 151 of 270]
0.000916 0.003442 0.000969 0.0015 4e-005 0.003206 0.001204 0.01456 0.002996 0.014548 0.001769 0.004 0.011541 0 0.00069 0.010505 0.000422 0 0.00159 0.005255 0.004489 0.004498 0.008534 0.002127 0.007066 0.022275 0.001096 0.000984 0 0.005705 0.028188 0.012257 0.003885 0 0.0075 0.000533 0 0.001633 0.00172 0.001672 0.0023 0.007451 0.013867 0.025225 0.004002 0.00029 0.008267 0.004138 0.004367 0.005024 0.009702 0 0.017291 0 0.00541 0.000312 0.005251 0.004607 0.000223 0.000588 9.6e-005 0.0014 0.00036 0.00396 0.001188 0.0003 0 0.003568 0.012546 0.002621 0 0.000638 0.009237 0.00114 0.005105 6.2e-005
0.002356 0.000972 0.005947 0.006772 0 0.009992 0.002295 0.006595 0.019827 0.053445 0.004577 0.004153 0 0.004334 0.00185 0.00106 0 0 0.002382 0.000984 0.000911 0 0.002624 0.00937 0.000544 0.006347 0.003453 0.009138 0.0039 0.00661 0.008513 0.00698 0.00453 0.004022 0.006258 0.00018 0.001599 0.003966 0.00174 0.001273 0.001655 0.014923 0.016734 0.005509 0.001266 0.000464 0 0 0.001874 0.00256 0.000972 0.002311 0.004339 0 0.005421 0.00311 0.0015 0 0.001155 0 0 0.0001 0 0.010969 0 0.001596 0.006639 0 0.00063 0 0.003082 0 0 0.005283 0.012884 0.009297
0.00036 0.006807 0.001713 0.014249 0.004923 0.003061 0.003 0.004523 0.005763 0.0121 0.004285 0 0.007912 0.000429 0.003013 0.017872 0 0.001269 0.003778 0.010027 0.0023 0.007688 0.0023 0.003079 0 0.016695 0.013753 0.0022 0.000331 6.6e-005 0.000302 9e-005 0.002989 0.006004 0.005576 0.0078 0.003514 0.00662 0.000413 0.006136 0.021809 0.018284 0.00126 0.003415 0.003964 6.3e-005 0 0.011463 0.000432 0.007931 0.000133 0 0.001272 0 0.002704 0.008003 0.009613 0.004402 0.004356 0.0046 0 0.001003 0.012794 0.008568 0 0.000623 0 0 0.014024 0.002278 0.003289 0.013658 0.004342 0.00821 0.001006 0
0.008331 0 0.0054 0.004415 0.0033 0 0.00373 0.00867 0.009147 0.00641 0 0 0.001196 0.000798 0.0022 0.020884 0.002002 0.005113 0.00188 0.001564 0.001072 0.00372 0.011236 0.00099 0 0.003126 0.000378 0 0.000115 0.002607 0.006721 0.000788 0.008529 0.009741 0.000162 3e-005 0.006142 0.010812 0.00276 0.00106 0.004991 0.010503 0.003512 0.007179 0.00243 0.007172 0.00609 0.000632 9.4e-005 0.007234 0.007533 0.000118 0.010318 9.6e-005 0.0058 0.009401 0.0009869999 0.004813 0 0 0.002307 0.0024 0.00078 0.012764 2.8e-005 0.015405 0.002488 0 0.006821 0.000616 0.011072 0.004916 0.009507 0.001735 0.008207 6e-005
0.013234 0.001545 0.000891 0.001236 0 0.014815 0.000933 0.00365 0.003556 0.002585 0.005105 0 0.009911 0.012956 0 0.0039 0.004257 0.002892 0.00858 0 0.008968 0.00018 0.001881 0.001524 0.000782 0.00264 0.0019 0 0 9.6e-005 0.00174 0.010168 0.038311 0.013183 0.005653 0.00034 0.0044 0.013983 0.010725 0.004348 0.007024 0.0024 0.002083 0.001244 0.005063 0.022621 0.004423 0.005057 0.012742 0.011225 0.012461 0.000494 0.014489 0 0 0.014292 0.003765 0.013803 0.010253 0 0.001011 0.00099 0.008316 0 0 0.00039 0.002299 0.01056 0.004382 0.00288 0 0.001634 0.00677 0.005366 0.006581 0.003518
0.01188 0.005195 0.00011 0.001125 0.003683 0.013928 0.002066 0.002848 0.005465 0.000824 0.00633 0.002153 0.005606 0 0 0.0019 0.000405 0.000216 0.00045 0.015377 0.002569 0.007201 0.00132 0.001 0.001612 0 0.000461 0.004312 0 0.00094 0.0026 0.001607 0.005659 0.002564 0 0.008245 0.000486 0.002681 5.7e-005 0.007 0.0021 0.002092 0.00311 0.001519 0.004297 0.000916 0.010423 0.007938 0.007206 0.017838 0.0023 0.001204 0.005162 0.000211 0 0.004285 0.017956 0.022503 0.009504 0.001285 0.010102 0.001188 0.000492 0 0.002774 0.003769 0.0028 0.00579 0.000891 0.001386 0.001552 0 0.000931 0 0.023691 0.004224
0.0029 0.006276 0.006057 0.002699 0.00051 0.001644 0.002648 0.002315 0.01532 0.002019 0.019891 0.004094 0.003364 0.0026 0.004706 0.002115 0.007628 0.009775 0.001696 0.015224 0.002706 0.002318 0.001276 0.00548 0.008732 0.002702 0.02835 0.029634 0.0049 0.00054 0.007536 0.000867 0.000916 0.010206 0.003648 0.006249 0 0.0013 0 0.000387 0.001618 0.001774 0.003132 0.006452 0.006681 0.006668 0.005329 0.0043 0.008907 0.006627 0 0.004822 0.02012 0.009689 0.000264 0.00038 0.019052 0.019304 0.005902 0.000692 0 0 0.000425 0 0 0.006582 0.002172 0.008497 0.006608 0.000672 0 0.002721 0 0.003315 0.003635 0.001737
0 0.010017 0 0.004656 0.002938 0.013102 0.008728 0 0.004925 0.006014 0.002478 0.002761 0.00831 0.006621 0.00381 0.000552 0.004984 0.006729 8e-005 0.005606 0.022952 0.000716 0.004836 0.003328 0.000336 0.0028 0.004284 0.011253 0.000922 0.005666 0.008185 0.012428 0.01854 0.003498 0.0006 3.6e-005 0.009241 0.005538 0 0.00362 0.00961 0.007323 0.007402 0.00824 0.00214 0.004682 0.007388 0 0.001485 0.005308 0 0.014207 0.003044 0.007652 0.008265 0.006813 0.000708 0.002409 0.01805 0.003178 0.011021 0 0.003501 1.3e-005 0 0.009482 0 0.00032 0.012369 0.002902 0 0 5e-005 0.001702 0.000218 0.001443
0 0.00334 0 0.0029 0.001617 0.001098 0.009259 0 0.007862 0.003195 0.002632 0.005474 0.001174 0.002574 0.000394 0.007383 0.018757 0.053851 0.004584 0.004998 0.010245 0.002952 0.0051 0 0 0.001048 0.0068 0.002149 0.0048 0.002032 0.002275 0.005033 0.028152 0.008555 0.001317 0.0023 0.001462 0.000133 0 0.000546 0.0115 0.034745 0.010466 0.00184 0.00855 0.006121 0.007493 0 0 0.009518 0 0.005285 0.001742 0.004947 0.002786 0.00094 0.005169 0.002915 0.004977 0.003986 0.002363 0.00063 0.004338 0.002427 0.0031 0.009265 0.012645 0.0023 0.008866 0.012744 0.002828 0.016858 0 0.000288 0.0025 0.004655
0.00348 0.004176 0 0 0.000733 0.000663 0.002584 7.6e-005 0.012861 0 0.004111 0.003958 0.014644 0.002215 0.004709 0.00799 0.022948 0.063748 0.008242 0.00511 0.002466 0.0016 0.000793 0.005816 0 0.007924 0.005468 0.013563 0.0128 0 0.004299 0.010896 0.004184 0.003934 0.006234 0 0.000277 0.00185 0.001954 0.010271 0.00268 0.004327 0.013451 0.0036 0.002939 0.001748 0 0 0.00875 0.00537 0.00055 0.011659 0 0 0.001767 0.013714 0.00147 0.002901 0 0.000371 4.8e-005 1.7e-005 0.014843 0.004768 0.007091 0.019951 0.002884 0.008135 0.002926 0.006626 0.000103 0.003614 0 0.011072 0.017678 0.004455
0.002701 0.003713 0.0008 0 0 0.001736 0.016256 0.00124 0.002224 0.002704 0.007182 0.000817 0.007808 0.000185 0 0.001712 0.074434 0.065207 0.013604 0.00072 0.002988 0.004099 0.0016 0.00831 0.0028 0.000792 0.0031 0.000988 0.004743 0.007636 0.008493 0 0.007 0.00045 0.000192 0.000224 0 0.000522 0.008626 0.008812 0 0.006162 0.004862 0.007993 0.005003 0.000686 0 0.001822 0.009364 0 0 0.012898 0.003002 0.0019 0 0.0101 0 0.009201 0.002036 0 0.003364 0.002347 0.003004 0.007581 0 0.004057 0.001314 0.009872 0.005582 0.022875 0.000625 0.001948 0.005452 0.007761 0.003028 0.000296
0.003364 0.003555 0.001409 0.00501 0 0.002446 0.005686 0.001539 0.003916 0.00521 0.00134 0.000642 0.006142 0.002825 0.001118 0.001906 0.005253 0.001494 0.000705 0.001849 0.0008 0 0 0.002367 0.001349 0.00233 0.007152 0.003488 0.002511 0.0033 0.001518 0.00101 0.005144 0.000828 0.0004 0.003589 0.014026 0.004642 8.5e-005 0.000443 0.000874 0 0.0028 0.005021 0.004813 0.007229 0.0006 0.003663 0.000794 0.001265 0.001241 0.003164 0.001964 0.006384 0.001342 0 0.011386 0.0345 0.020045 0.001632 0.002219 0.008068 0.002185 0.001243 0.002792 0.018705 0.005714 0.002604 0.00224 0.001131 0.000173 0.00016 0.017127 0.001381 0.005351 0.005582
0.0005 0.0002 0.000761 0 3e-005 0 0.001835 0.00159 0.00116 0.003785 0 0 0 0 0 0 0 0 0.000192 0 0 0 0 0 0 0.00068 0 0.00396 0.010241 0.003696 0.001004 0.001382 0.004455 0.006054 0.002 0.000357 0 0.001357 0 4.2e-005 0.000378 0.000148 0.00864 0.002646 0.003127 0.002099 0.0051 0.004063 0 0.002814 0.001792 0.001767 0 0.00493 0 0.003269 0.00217 0.01448 0.028694 0.003151 0 0.001081 0.000803 0.004354 0.006974 0.002637 0.011617 0.001708 0.011619 0.001198 0.000405 0.000884 0.008678 0.004301 0.014399 0.009802
0 0 0 0 0 0 0.0022 0.004922 0.001478 0.001188 0 0.000316 0 0 0 3e-006 0.00036 0.001031 0 0 0.00013 0.0015 0 2e-005 0.00232 0.000406 0.0037 0.016969 0.039906 0.028574 0.00694 0.00646 0.000299 0.003995 0.002045 0 0 9.5e-005 0.00126 0.002516 0.001492 0.00243 0.005735 0.006272 0.001706 0.001623 0.00502 0.007329 0.004578 0.001782 0.002828 0.003006 0.003079 0.00571 0 0.004607 0.009956 0.007459 0.010555 0.0098 0.001259 0 0.000271 0.003577 0.002812 0.003 0 0 0.003244 0 0.002607 0.00328 0.001232 0.0033 0.000908 0.006462
0.000914 0.001909 0 0.004814 3.3e-005 0.000714 0.002924 0 0.001521 0 0 0 0 0 0 0.001379 0 0.003666 0.0032 0.002998 0.0014 0.001337 0.004 1e-005 0.001063 0.0042 0 0.002139 0 0.01332 0.006557 0.00111 0.000286 0.004165 0.000868 0.003267 0 0 0.002515 5.7e-005 0.0008 0.004039 0.003557 0.002 0.00256 7e-005 0.003232 0 0 0.001804 0.001058 0.013603 0.002347 0.00013 0 0.005034 0.014375 0.002404 0.01159 0.001418 0.003271 0.000416 0.004932 0.010916 0.009639 0.005961 0.000481 0 0 0.000816 0.0011 0.002112 0.006908 0.008811 0 0.000444
0 2.8e-005 0.0019 0.001853 0.006506 0 0.00435 0.015288 0.002865 0.000221 0.0032 0.00014 0.003639 0.000961 0.002284 0.00185 0.002745 0.000828 0.001614 0.000119 0.000725 0 0 0.000253 0 0 0.001088 0.005857 0.001307 0.008468 0.002091 0 0.0003 0.000702 0.000399 0 0 0.000319 0 0.000198 0 0.0036 0.002362 0.004851 0.001332 0.0019 0.005867 0.002125 0.001441 9.9e-005 0.00358 0.000594 0 0.001067 0 0.001195 6.3e-005 0.000864 0 0.003998 0.001536 0.001435 0.003845 0.002701 0.003464 0.034916 0.01356 0.001402 0 0.004401 0 0.001893 0 0.002492 0.00272 0.00598
0.000221 0 0.002568 0.0003 0.00092 0.001349 0 9.6e-005 0.000208 0.00464 0 0.00098 0.001456 0 0.00104 0.002468 0.00765 0.000493 0.00042 0 0 0.00047 0 0 0.000619 0.001164 0.000761 0.000988 0 0 0.00072 0.0014 0 0.000493 0.000748 0 0 0 0.000132 0 0 0 0.0015 0.003878 0.0009 0.000804 0.00261 0.000352 0 0.004033 0.001334 0.002001 0.00181 0 0.000126 0.000972 0 0.002201 0.000341 0.000848 0.000198 0.0002 0.000693 0.000955 0.000429 0.002543 0.001222 7.5e-005 0.006528 5.2e-005 0.008974 0.006249 0.006182 0.000657 6.3e-005 0.000354
0 0 0.001596 0.002196 0.004793 0 0 0.000265 0.00016 0.000825 1.5e-005 0 0 0 0.001143 8e-005 5e-005 0 0 0 0 0 0.00638 0 0 0 0.002083 0 0.002548 0.002668 0.013905 0.005714 0 0.002289 0.00084 0.004375 0.000144 0.00903 0.007276 0.000615 0.00035 0 0 0.01196 0.005319 0.001002 0.00428 0.001947 0 0.001198 0.0034 0 3.6e-005 0 0 0.00016 0.000783 0 0.000495 0.00775 0 0.0011 0.002887 0.002346 9.2e-005 0 0.0013 0 0.002416 0.001146 0 0 0.0001 0.003671 0.002266 0.002471
0 0.00169 0.00333 0.001551 0.0002 0 0.0012 0 0.000338 0 0 0 0.001352 0.0003 0.000799 0.000108 0 0.0015 0 0 0 0.004425 0.002067 0.002484 7.8e-005 0 0.00071 0.001323 0.000221 0 0.000958 0.001054 0.002695 0.002485 0.0049 0.004094 0.0016 0.0005 0.0033 0.001124 0 0.001405 0.003239 0.001188 0.005082 0 0.0032 0.005012 0.001176 0 0.0041 0 0.001245 0 0.000286 0.0017 0.002178 0.00015 0.002156 0 0.00654 3.3e-005 0.004082 0 0.003546 0 0.000286 2.3e-005 0 5.4e-005 0.000168 0 0.0011 0.0028 0.00202 0
0.003783 0.000636 0.003813 0.0002 0.003313 0.000709 0 0.000469 0 0.001518 0.000756 0.000534 2.8e-005 0 0.000542 0 0.001452 0.002084 0.006982 0.003366 0.001636 0.00083 0.001217 0.00692 0.002575 0 0.005447 0 0.0015 0.0044 0.002976 0 0 0.009235 0.0003 0.002394 0.0059 0.00173 0.00065 0.00152 0.001854 0.000602 0.002362 0.000882 0.002969 0.002234 0.001407 0.002783 0.00182 0.000494 0.00165 9.2e-005 0.000176 4.3e-005 0.000278 0.000239 0 0 0.002605 0.000478 0.001593 0.000756 0 0.00095 0 0 3.5e-005 0 0.002028 0.006162 0.000796 0.0009 4.5e-005 0 2e-005 0
0.001078 0.001337 0.002027 0.0005 0.016223 0.002693 0.003075 0.000352 0.003873 0.0006 0.00549 0.000234 3.5e-005 0.000376 0.000782 0.000703 9e-005 0 0.000288 0.001195 0.007292 0.0186 0.010748 0 0.000594 0.001348 0.013159 0.000758 0.000416 0.0013 0.011688 0.008291 0 0.000396 0.004501 0.000525 0.000488 0.006684 0.0001 0.005174 0.003146 0.002867 0.004314 0 0.00062 0.005808 0.00126 0.001864 0.00353 0.001056 0 0.000975 0 0.00088 0 0 0 0 0.000577 0 0.000418 5e-005 0.000528 0.00185 0.000325 0 0.000397 0 0.001792 0.00048 0.007726 0 0 0.005137 0.00037 5.5e-005
0.003827 0 0 0 0 0.002811 0.001401 0.000269 0.000396 0 0 0.000993 0.000256 0.001127 0.001806 0.000522 3.6e-005 0 0.002378 0.000975 0.0006 0 0.0041 0 0.000998 0.000166 0 7.8e-005 0 0 0.000744 0.003128 0.000522 0.011098 0.001072 0.001555 0.000826 0.000624 0.00107 0.004923 0 0.00076 0.001774 0.000934 0.003826 0.006309 0.017054 0.0077 0.0011 0 3.2e-005 0 4.7e-005 2.8e-005 0 0 0 0 2.6e-005 5e-005 5e-005 0 0.0001 0.0024 0.004593 0.001675 0.00056 0.001116 0.0034 0.0064 0.00624 0 0.0028 8e-005 0.00063 0.000223
0.001516 0.003306 0.009212 0.003766 0 0.005626 0.000122 0 0.001656 0.007395 0.002902 7e-005 0.000258 0.0002 0 0 0.000932 0 0.000978 0.001431 0.00475 0.001306 0.0019 0.003597 0.005783 0 0 0.00224 0 0 0.017832 0.003706 0.0027 0.002674 0.0032 0.0031 0.000589 0.00235 0.003385 0.002092 0.005358 0.00094 0.00461 0.000182 0.001938 4.2e-005 0.000153 0.003792 0 0.000399 0.000704 0 0 0 0 0 3.7e-005 0.001037 0 0 0.000218 0.00064 0.000488 0 0.003225 0.0001 8.1e-005 0.001513 0.000423 0.000362 0.000632 0.000148 0.002794 0 0.008671 0.000497
0.000105 0.003245 0.00855 0 0 0.001594 0.001789 0.000304 0.000747 0 0.001782 0.000704 0 0 0.000586 0.00091 0.002019 0.001888 0.004758 0 0.005535 0.004114 0.001232 0.0004 0.011974 0 0 0.005547 0 0.0025 0.017368 0 0 0.006479 0.012128 0.00045 0.001239 0.010083 0.00016 0.0015 0.008817 0.002147 0 8.2e-005 0.00075 0.023882 0 0.000667 0.001143 0.000448 0 0 0.001261 0 0 0 0 6.4e-005 8.6e-005 0 0.000222 0.001065 0.00526 0 0.000272 0.00147 0 0.000383 0.002765 0.010922 0.002007 0.004431 0.001358 0.000672 1.8e-005 0.007538
0.0006 0.013717 0 0 0 0.000244 0 0.0011 0.00024 0 0 0 0 7.8e-005 0.008286 0.000864 0.00247 0.017796 0.006835 0.001574 0.000126 0.0003 0.007717 0 0 0 0 0 0 0.00533 0.001294 0 0.000208 0.002792 0.002912 0.002192 0.009985 0.002647 0.002777 0.0003 0.007823 0.002325 0.005209 0.003682 0.003781 0.058706 0.033038 0.005837 0 0.00092 0 0 2.7e-005 5e-005 0.000416 0 0.001 3.1e-005 0.002219 0 0.003939 0.0078 0.00154 0 0.000324 5.2e-005 0.001119 0.00592 0.018857 0.002583 0.000192 0.00451 0.001081 1.6e-005 0.005898 0
0 0.008026 0.001782 0.004517 0 0.014506 0.002614 0.000364 0.001959 0.005818 0.002718 0.001066 0 0.00225 0.002244 0.00297 0 0 0.007144 0.000956 0.001666 0 0 0.003 0.018319 0.004968 0 0.000188 0.002837 0.00385 0.000187 0.006967 0.001022 0.006066 0 0.003648 0.00055 0.002142 0.000175 0.000668 0.001242 0.008319 0.00092 0.001331 0.000655 0.022735 0.052172 0 0.00182 0 0 3.9e-005 0.0004 0.000144 0.00044 0.000162 0 0 0.002511 0 0.000412 0.000641 0.00089 0.000189 0.000895 0.000195 0.00614 0.01735 0.081313 0.003079 0.00156 0.004744 0.004641 0.002634 0.000594 0
0 0.003135 0.001777 0.003356 0.000324 0.0013 0.0014 0.001116 0.00745 0.003391 0.001432 0.004375 0 0.001573 0.00018 0.004968 0 0.001933 0.003407 0 0.0037 0 0 0 0.002934 0.015921 0.00132 0 0.010687 0 0.001815 0 0 0.00047 0.00096 0 0.004576 0.0054 0 0.004091 0.001023 0 0.001683 0 0 0 0.00012 0.001397 9.9e-005 0.00021 0.000916 0.000532 0.004165 0 0.001675 0 0 0 0.00177 0.000248 4.4e-005 0.003667 0 0.007326 3e-005 0.004101 0.000706 0.013044 0.014412 0.001599 0.000968 0.000407 0.001272 0.007551 0.002027 0.012363
0 0.011243 0.005611 0.003064 0.000255 0 0.001386 0.008599 0.000482 0.001 0.00673 0.0118 0 0.005906 0.003559 0.006882 0.000187 0.000192 0.007807 0.006202 0.00081 0.021519 0.005934 0.0109 0.009609 0.003406 0 0 0.008029 0.00018 0.009896 0.00712 0.000138 0 0.0013 0.0003 0 0.0076 0.0007 0.00029 0.001711 0.00563 0.00021 0.003719 0 0.002352 0.00204 0 0 0.000468 0.000432 0.003077 0.002267 0 4.2e-005 9.9e-005 6e-005 0 0.003465 0.001672 0.00016 0 0 0 0 0.00592 0.001967 0.003006 0.010102 0.00305 0.0004 0 0.000828 0.005637 0 0.004217
0.001815 0.001408 0 0 0 0.0045 0.001847 0.002122 0.005208 0.0018 0.000709 0.00773 0.000795 0 0.001 0.008506 0 0.001 0 0.006632 0.001056 0.01076 0 0.002882 0.001568 0 0 0.011043 0.00944 0 0.0066 0.002842 0 0.000712 0.007284 0.004409 0.001127 0.00399 0.006142 0.001195 0.0028 0.000162 0.007423 0.000568 0 0 0.009444 0 0 0.00058 0 0 9.7e-005 0.006032 0 0 0 0 0.006726 0.001363 0.000897 0.001307 0.000695 0.001394 0.000214 0 0.000224 0.00599 0.0041 0 0 0 0.000156 0.0129 0 0
0 0.007985 0.000626 0.001496 0.004313 0 0 -9999 -9999 0 0.001356 -9999 0.0012 0.0004 0.0002 0.00226 0 0.003762 0 0.004731 0.001462 0.001717 0 0 -9999 0 0.000244 0.000477 0.002197 0 2.7e-005 0.010484 0.000348 0.006 0.0005 0.007971 9.9e-005 0.0022 0.006104 0 0.004699 0.002282 0.001016 0.002465 7.5e-005 0.000376 0.0019 0.004869 0.002464 0.000583 0 0.004335 0.001526 0 0.000575 0.000148 0.001317 9.9e-005 0.002353 0.000895 0.00087 0.000546 0.00246 0.000368 0.0025 0.001128 0.004485 0 0.009737 0.004232 0 0.000211 0.002633 0 0.005057 0.005822
0.00156 0.003246 0.002568 0.00073 6.6e-005 -9999 -9999 -9999 -9999 -9999 -9999 -9999 -9999 0 0.000767 0 0.001487 0 0 0.000286 0 0 0 -9999 -9999 0 0 0 0 0.0064 0 0.001408 4.5e-005 0 0.000124 0.0077 0 0.009296 0.005156 0.003032 0.0161 0.0028 0.001688 0 0.003698 0 0.002 0.002976 0.002642 0 0.000153 0.0002 0 0.002285 0.000356 0.000564 0.008456 0.003034 0.012616 0.004407 0.007002 0.000775 0 0 0.0002 0.000552 8.4e-005 0.00192 0.000725 0.000145 0.010529 0.003716 0.003424 0.006682 0.0011 0.001666
6.3e-005 0.005262 0.006378 0.000891 0 -9999 -9999 -9999 -9999 -9999 -9999 -9999 -9999 -9999 -9999 0.000975 0.000171 0 -9999 -9999 -9999 -9999 -9999 -9999 -9999 -9999 0 0.0028 0.008798 0 0 0 4.5e-005 0.002 0.004006 0.007601 0 0.0008 0.000966 0.00081 1.2e-005 0.002454 0.000501 0.000564 0.004091 0.00453 0.0039 0.005488 0.003891 0.00546 0.000597 0.001703 0.00472 0.003491 0.014704 0.040366 0.019524 0.00024 0.003042 0.000768 0.014153 0.00123 0.0001 0.004963 0.01024 0 0.012076 0.002384 0.000651 0.000842 0 0.003192 0.002539 0.000152 0.000196 0
0 0.0124 0.0003 0.00594 0 -9999 -9999 -9999 -9999 -9999 -9999 -9999 -9999 -9999 -9999 -9999 -9999 -9999 -9999 -9999 -9999 -9999 -9999 -9999 -9999 -9999 -9999 0 0.003782 0 0.0013 0.0012 0.0005 0.003093 0.003247 0.008172 9.9e-005 0.001386 0.000884 0.006403 0.018417 0.013843 0.003749 0.0003 0.004524 0.0091 0.002141 0.001006 0.0011 0.002876 0.002955 0 0.003526 0.006811 0.004197 0.010262 0.012581 0.002132 0.010732 0 0.003721 0.006661 0 0 0 0 0.003668 0 0 0.003881 0.001466 0.000188 0.002622 0.009407 0.016371 0.0023
