EnvRasters/Baseline_High/agrcltr.asc
ncols         270
nrows         223
xllcorner     24099.479091542
yllcorner     21023.840179216
cellsize      1003.8986847201
NODATA_value  -9999
[rows 33 to 65 of 223, columns 76 to 151 of 270]
0.01377 0.097693 0.010021 0.026529 0.009126 0.000193 0.015444 0.02586 0.000256 0.0095 0.008232 0.000196 0.007362 0.02895 0.011799 0.000486 0.000422 0 0.0857 0.000946 0.108285 0.020289 0.023 0.01612 0.016258 0.012296 0 0.01381 0.02767 0.065029 0.062818 0.014874 5.1e-005 0.000646 0.008218 0.004663 0.005324 0.024279 0.0171 0.015258 4e-006 0 0.001524 0.002218 0.003057 0.003493 0.015909 0 0 0 0 0 0 0 0 0 0 0 0 0.004825 0.028928 0.0792 0.2232 0.020781 0 0.003145 0.028554 0.002676 0.072872 0.014241 0.01477 0.113209 0.032398 0.002996 0.072968 0.040857
0.027771 0.00836 0.046352 0.048887 0.020884 0.005632 0.013177 0.0073 0.00276 0 0.005684 0 0.1099 0.029397 0.00237 0 0.007236 0.028201 0.012871 0.029164 0.019094 0.000266 0 0.004988 0.021729 0.017757 0 0.001152 1e-006 0.020046 0.014098 0.009271 0.023676 0.033146 0.0428 0.026881 0.018478 0.018753 0.002762 0.009556 0.000752 0.00449 0.059351 0.001465 0.005934 6.6e-005 0 0 0 0 0 0 0 0 0 0 0 0 0.012573 0.019225 9e-005 0.257746 0.030166 0.001219 0.0054 0.0449 0.000516 0.069514 0.019422 0.032377 0.01664 0.02062 0.008633 0.001485 0.013787 0.006537
0.016612 0.00921 0.00282 0 0.052781 0.012664 0.0527 0.0186 0.010791 0 0.033368 0.040269 0.1212 4e-005 0.0444 0.017417 0.002819 9.8e-005 0.0083 0.00752 0.009258 0.001289 0.002425 0.015963 0.006061 0.006111 0.000249 0.017597 0.010437 0.001473 0 0.021228 0.001996 0 0.015624 0.001802 0 0.015788 0 0.007365 0.002105 0.068497 0.004922 0.022851 0.014288 0 0 0 0 0 0 0 0 0 0 0 0 0 0 0.022204 0.031203 0.051536 0.0024 8.8e-005 0.010853 0.005323 0.049612 0.067074 0.011652 0.0068 8e-005 0.015957 0 4.4e-005 2.8e-005 0.001856
0.053394 0.007996 0.053 0.066018 0.023287 0.004887 0.0014 0.013076 0.009026 0 0.00044 0.000162 0.000149 0.010757 0.000446 0.017132 0.0251 0 0.010403 0.01864 0.083641 0.062145 0.032694 0.000929 0.000391 0.000197 0 0.000542 0.001083 4.8e-005 0.001896 0.005303 0.003375 0 0.000117 0.000195 0.001599 0.0165 0 0.025616 0.017535 0.038184 0.0263 0.001954 0.024877 0.010422 0 0 0 0 0 0 0 0 0 0 0 0.04279 0.049377 0.084544 0.059777 0.0699 0.010884 0.00345 0.04807 0.014016 0.016567 0.025044 0.06809 0.007935 0.0056 0.0157 0 6e-005 0.022174 0
0.020268 0.003287 0.007527 0.013193 0.012678 0.000328 0.018854 0.021448 0.0003 0 0 0 0.0222 0 0 0.0199 0.000976 0.033957 9e-005 0.000684 0.019907 0.015576 0.019691 0.012828 4e-005 0.00142 0.001553 0.01023 0.002882 0 0.021645 0.00166 0.001985 0 0 0.0003 0.000806 0 0 0.019523 0.012574 0.031402 0.042345 0.008231 0.015193 0.001965 0 0 0 0 0 0 0 0 0 0 2.4e-005 0.008397 0.020384 0.011229 0.002541 0.0514 0.087851 0.098977 0.008431 0.003303 0.001 0.041522 0.0701 0.0365 0 0.0016 0.0071 0 0 0
0.044318 0.012676 0.07965 0.036066 0.0215 0.03922 0.061068 0.0032 0 0 0 0.005701 0.028085 0.0018 0.0202 0.0047 0.000351 0.023041 2.2e-005 0 0.00858 0.000152 0.000696 0 0.012663 2.5e-005 0.015002 0.017112 0.001472 0.001358 0.012907 0.001195 0.000486 0 0 0 0.009 0.0213 0 0.013213 0.018584 0.028313 0.002798 0.003099 0.005386 0 0 0 0 0 0 0 0.0029 0 0 0 0 0 0 0.003828 0.040644 0.0883 0.013684 0.133442 0.067844 0.023237 0.013514 0.001488 0.000552 0.032359 0.002 0.00074 0.000253 0.000518 0.024166 0.003181
0.044963 0.037832 0.009835 0 0.0057 0.0126 0.0079 0.001177 1.9e-005 0 0 0.029683 0.0368 0 0.028295 0.0101 0 0.0693 0.1075 0.0657 0.0297 0.000299 0.07666 0.0493 0.032218 0.000559 0.009892 0.023372 0.000732 0.000556 0.001676 0.005555 0.001154 0 0 0.003 0.0031 0.028484 0.017284 0.014581 0.002527 0.015331 0.001009 0.001409 0 0 0 0 0.000294 0 0.001332 0.0319 0.004 0 0 0 0 0 0 0.008818 0.002824 0.0537 0.067964 0.105513 0.097535 0 0 0 0 0 0 0.096579 0.285285 0.02361 0.042135 0.118794
0.087667 0.093826 0.04956 9e-005 0.0047 0.0449 6.6e-005 0.0129 0 0 0.0157 0.01317 0.00768 0.049704 0.003 0.0006 0.004306 0.008206 0.229834 0.036324 0.00152 0.0148 0.07613 0.0226 0.001792 0.0222 0 0 0.0073 0.0088 0.00102 0.00274 0.007928 0.0077 0 0 0.0078 0 0.052284 0.007484 0.021073 0.009648 0.021806 0.034695 0.04429 0.0028 0.0059 0.000679 0.091444 0.105203 0.001044 0.0033 0.024 0.0001 0 0 0 0 0 0.017572 0.000139 0.0383 0.0367 0.0275 0 0 0 0.00253 0.002777 0.049179 0.033429 0.019671 0.069577 0.024135 0.036336 0.0236
0.081196 0.000344 0.050924 0.022022 0.0583 9.6e-005 0.016999 0.00044 0 0 0.0058 0.109328 0.030997 0.048044 0.01188 0.04294 0.002985 0.01935 0.082364 0.011975 0.0912 0.022 0 0.016961 0.0269 0.041377 0.0091 0 0 0 0.003197 0.00888 0.003718 0.014376 0.001349 0.039378 0.0077 0.000742 0.080176 0.018718 0.0114 0.010009 0.026701 0.019529 7.8e-005 0 0 0 0 0.0558 0 0.0489 0.0094 0.0204 0 0 0 0.0297 0.007018 0.007535 0.0467 0.0038 0 0 0 0 0 0.007912 0.0876 0.04566 0.00362 0.003268 0.026512 0.010163 0.004208 0.001728
0 0.015531 0.010563 0.072084 0.0019 0.004945 0.00097 0 0 0 0 0.060806 0.028711 0.00828 0.159411 0.037194 0.023551 0.027725 0.048803 0.029096 0.076052 0.009222 0.006352 0.006703 0.017797 6.9e-005 0.020914 0.024701 0.038 0.0079 0.00119 0.001028 0.002901 0.001589 0.020982 0.011698 0.0157 0 0.0165 0.023757 0.000795 0.00286 0.006295 0.024423 0 0 0 0 0.1122 0.0263 0.009788 0.006262 0.064426 0.024 0 0.025 0 0 0.00252 0 0.0366 0.006977 0 0 0 0.029403 1.6e-005 0.02208 0.08846 0.071792 0.0222 0.011943 0.039396 0.0064 0.051429 0.022361
0.037297 0.042674 0.00875 0.0293 0.0044 0 0 0 0 0.008556 0.0192 0.038013 0.030089 0.050021 0.003797 0.059321 0.032767 0.014512 0.0338 0.013793 0.029158 0.010296 0 0 0 0.002816 0.024602 0.001 0.0046 0 0.00023 0.000156 0.00033 0.014143 0.008561 0.005943 0.0054 0 0 0 0 0.000625 0 0 0 0.0066 0.0039 0 0.01297 0.0086 0 0.075275 0.028 0 0.0261 0.0012 0.0251 0.024236 0.000315 0.014884 0.0457 0.00015 0 0 0.009734 0.009306 0.049774 0.01212 0.015132 0.0171 0.211734 0.1384 0.11602 0.0379 0 0.012622
0.120043 0.045268 0 0 0 0 0 0.0162 0 8.8e-005 0.023776 0.050652 0.089315 0.127745 0.055627 0.024304 0.001617 0.016 0.0508 0.03208 0.042337 0.001614 0 0 0 0.001494 0.018508 0.01343 0.01053 0 0.0005 0.001281 0.000484 0 0.00023 0.000105 0 0.0216 0.0099 0.0037 0.0069 0 0 0.007439 0.002257 0.032 0.006206 0.020453 0.0532 0.0056 0.042264 0.0477 0.064678 0.060216 0.011061 0 0.004477 0.001556 0.007118 0.0003 0.018444 0 0 0.064359 0.001921 0.022987 0.040233 0.010957 0 0 0.016516 0.0128 0.013363 0.00945 0.004529 0.013958
0.008933 0.019908 0 0 0 0 0.00027 9e-006 0.029153 0.0177 0.0056 0.028697 0.065871 0.05326 0.00056 0.063862 0.062385 0.023256 0.0534 0 0.018226 0.000168 0 0 0 0 0.00092 0.000161 0 0.012995 0.0173 0.0183 0.0254 0 0 0 0 0 0.008038 0 0.0004 0 0 0.006633 0.00196 0 0 0 0.0073 0.001536 0.002426 0.006872 0.01885 0.004514 0.022952 0.0028 0.10074 0.003668 0.000172 0 0.0284 0.0551 0.047898 0.073281 0.043768 0.017542 0.007887 0.013051 0.008277 0.019664 0.018503 0.0195 0 0.0367 0.0005 0.0096
0.037679 0.01753 0 0 0 0 0 0 0.0149 0.00745 0.007032 0.025801 0 0.000632 0.036889 0.010788 0.003297 0.008845 0.0361 0.066019 0.024323 0.02912 0.00146 0 0 0 0.006352 0.00584 0.007457 0.025738 0.035327 0.076859 0.003 0 0.00165 0 0 0 0 0 0 0 0.003969 0.01 0.030806 0 0.0157 0.004415 0 0 0.0737 0.1505 0.0483 0.0276 3.9e-005 0.0137 0.16066 0.156056 0.0092 0 0.028237 0.08791 0.024987 0.097465 0.0876 0.118132 0 0.039773 0.033216 0.060565 0.138525 0.136146 0.06656 0.002673 0 0.0022
0 0 0 0 0 0 0.0062 0.00042 0 0 0.001105 0 0.09613 0.036198 0.076841 0.0176 0.026263 0.0497 0.0254 0.020874 0.020606 0.025856 0.033721 0.002265 0 0.000692 0.008949 0.028366 0.003425 0.034381 0.014195 0.002882 0.0257 0 0.02218 0.043034 0 0.0015 0 3.6e-005 0.007872 0.006854 0.002548 0.04219 0.0145 0.0044 0 0.0047 0 0 0 0 0 0.0004 0.0276 0.023929 0.0982 0.0754 3.6e-005 0.012 0.0656 0.051123 0.002409 0.0067 0.103086 0.056858 0.014458 0.01856 0.017452 0.082502 0.075904 0.021732 0.007236 0.0188 8.8e-005 0.00248
0 0 0 0 0 0 0 0.00024 0.008613 0.001782 0.014689 0.02703 0.026118 0.0294 0.010608 0.043886 0.019234 0.040498 0.03936 0.0221 0.003442 0.037337 0.021737 0.005292 0.005576 0.014857 0.012507 0.001004 0.009 0.113354 0.093689 0.009968 0.0367 0.005493 0.035205 0.020081 0.0157 0.0043 0.019397 0.007232 0.011511 0.000658 0.032957 0 0 0 0.0106 0.017234 0 0 0 0.0142 0 0 0 0.014652 0.037841 0 0.063456 0.033891 0.036862 0.0063 0.04511 0.019693 0.005281 0.034817 0.0397 0.2395 0.0589 0.1546 0.0456 0.010103 0.0011 0 0 0.01045
0 0 0 0 0 0 0 0 0.005049 0.003663 0.022305 0.030674 0.059288 0.02062 0.01268 0.004648 0.024486 0.0641 0.016883 0.0071 0.000259 0.0372 0.0088 0.029216 0.006518 0 0 0.000258 0.011535 0.005768 0.061518 0.024741 0.0359 0.023396 0.023933 0.04398 0 0.002876 0.008368 0.019187 0.0106 0.01553 0.023878 0 0.00607 0.0087 0 0 0 0.0032 0.0044 0.0211 0.0263 0.0105 0 0 0.005096 0.010493 0.002085 0.001458 0.000465 0.0067 0.0264 0.037019 0.04726 0.033832 0.14838 0.236518 0.031139 0.183504 0.0864 0.018 0.0231 0 0 0.00811
0 0 0 0 0 0 0 0 0.0022 0 0 0.020384 0.038353 0.020165 0.079012 0.062977 0.047894 0.028729 0.044536 0.008501 0.0168 0.045284 0.02539 0.011 0.013358 2e-006 0.01295 0.065139 0.017025 0.024929 0.018863 0.047155 0.047706 0.005575 6.8e-005 0.018186 0 0 0 0.009195 0.00018 0.000851 0 0 0.008378 0.008275 0.007 0.032924 0 0.0033 0.0022 0 0.0275 0.018622 0 0 0 0.004657 0.003811 0.011434 0 0.019305 0.002147 0.002826 0.007199 0.03164 0.021206 0.012786 0 0.0026 0.0286 0.2179 0.0431 0.028312 9.6e-005 0
0 0.0044 0 0 0 0 0 0 0 0 0.000474 0 0.012755 0.02333 0.0358 0.075555 0.0252 0.100004 0.073248 0.0099 0 0.010593 0 0.0103 0.012704 0.015918 0.01069 0.035975 0.014116 0.004745 0.0084 0.0551 0.0549 0.000252 0.005095 9.9e-005 0 0 0 0.021369 0.005639 0.022979 0.003691 0.00012 0.040243 0 0.005968 0.0111 0 0 0.0288 0.0544 0 7.2e-005 0 0 0 0.000304 0 0.00504 0 0.0093 0 0.01645 0.011909 0.023287 0.022517 0.01276 0.027047 0.023 0.067586 0.155398 0.012769 0.050124 0.04233 0
0.000276 0.006237 0 0 0 0 0 0 0 0 0.000168 0.010977 0 0.0105 0.0156 0.043764 0.012441 0.0032 0.077 0.097211 0.0076 0.0117 0 0.01 0.000781 0.0133 0 0.0134 0.013266 0 1.7e-005 0.013966 0.0069 0.0039 0 0 0.025458 0.006227 0.000777 0.033843 0.017476 0.007495 0.000116 0.0179 0.00929 0.00345 0 0.006237 0.011088 0 0.01117 0.0163 0.038511 0.003861 0.005346 0 0.0242 0 0 0 0 0.0033 0 0.049722 0.008149 0.076877 0.035751 0.001836 0.022897 0.06001 0.171989 0.0741 0 0.0228 0.0315 0.0092
0 0 0 0 0 0 0 0 0.0121 0.000238 0.001026 0.000184 0.007355 0 0.0464 0.072618 0.030054 0.040301 0.0116 0.012338 0.026941 0 0.00833 0.0107 0.048555 0.044414 0.008296 0 0.040911 0.003156 0 0.015262 0.0005 0.005541 0.007566 0 0.010044 0.007103 0.021562 3.4e-005 0.042011 0 0 0.0003 0.007425 0.008793 0.002635 0.000952 0 0.018865 0 0.00928 0.0075 0 0 0.007584 0 0 0.000176 0 0 0.000141 0 0.003564 0.003663 0.00619 0.0044 0.012899 0.020558 0.069415 0.057416 0.050135 0 0.000978 0.020025 0.086301
0 0.000108 0 0 0 0 0 0 0 0 0.006092 0.0588 0.048644 0.0324 0.030574 0.0846 0.052724 0.0091 0 0 0.001222 0.0208 0.030645 0.0001 0.008557 0.000114 0.0021 0.010287 0.0068 0.01259 0 0 0.020868 0.0011 0.0105 0.005025 0.05393 0.000498 0.034449 0.061109 0.020493 1.6e-005 0.000228 0.063225 0.013031 0.046202 0.000874 0.00679 6e-006 0.000378 0.005677 0.006804 0.011625 0.065988 0.0006 0 0 0 0.0044 0 0 0.005346 0 7e-005 0 0 0.014439 0.048228 0.01131 0.013565 0.00174 0.003913 0.010363 0.029766 0.052284 0.030621
0.000255 0.02303 0.094243 0 0 0 0 0.0043 0.007936 0.01052 0.040687 0.035658 0.033694 0.121013 0.025445 0.014552 0.03907 0.116086 0.055628 0.0124 0.006336 0.003255 0.000504 0 0.0291 0.007097 0.002742 0.005436 0.0033 0.01307 0.000732 0.000232 0.0129 0 0.024756 0.029092 0.036833 0 0 0.009956 0.001683 0.001357 0.014592 0.032668 0.027279 0.011034 0 0.0158 0 0 0.012232 0.012528 0.0135 0.025174 0 0 0 0 0 0 0.000147 0 0.0135 0.000111 0 0.0233 0.0081 0 0 0.061441 0.027181 0.0696 0.005664 0.007038 0.009322 0.002476
0.008055 0.009125 0.091052 0 0 0 0 0.058248 0.00018 0 0.003757 0.005602 0.037062 0.061003 0 0 0.111159 0.258961 0.270366 0.183881 0.1619 0.010912 0 0.028148 0.044885 0.008135 0.007994 0.019778 0.018254 0.0006 0.01384 0.0045 0.022963 0.000352 0.024787 0.0109 0.0101 0.000149 0 0 0.007175 0.018148 0.000239 0.000846 0.004653 0.0174 0.045323 0.0191 0.0052 0 0.017542 0.023931 0.013968 0.0243 0.013565 0 0 0 0.001832 8e-005 0 0.0094 0.0387 3.1e-005 0.0132 0 0 0 0 0 0 0.004704 0.015949 0.01881 0.018485 0.00322
0.008836 0 0.029565 0.0335 0.0061 0 0.000297 0.069203 0.030513 0.0128 0.004736 0 0 0.34792 0.117937 0.0438 0.277678 0.299953 0.0944 0.20021 0.159967 0.06148 0.011329 0.016684 0.062588 0.014063 0.021077 0.0148 0.0079 0 0.000363 0.026195 0.005724 0.0053 0.0119 0.0202 0.005343 0.005625 0.007612 0.066562 0.012644 0.0176 0.00024 0.007687 0.00436 0.010585 0.001395 0.083968 0.022 0 0 0 0.0113 0.009828 0.001414 0 0 0.00659 0.014161 3.2e-005 0 0.032405 0.189985 0.1134 0 0.0039 0 0 0.009702 0 0 0 0 0 0.000285 0.003909
0 0.000504 0 0 0 0 0.0094 0.037762 0.078104 0.074437 0.011525 0.000195 0.0173 0.101103 0.095741 0.1819 0.04914 0.118093 0.037371 0.210872 0.12347 0.045776 0.048194 0.0063 0.059944 0.036848 0.004324 0 0.0492 0.003489 0.003465 0.018456 0.016358 0 0.001111 0.0097 0.0131 0.016 0.000161 0.003517 0.035109 0.012192 0.0027 0.041169 0.005095 0.002312 0.002332 0.026843 0.0313 0.076066 0 0 0.001998 0.003782 0.019013 0 0 0.0085 0.0002 0 0 0.078114 0.02397 0.075 0 0.014995 0.014869 0 0 0.002412 0.067718 0.013132 0.011319 0.002475 0.002058 0.012295
0.0347 0.000362 0.02486 0.003663 0.000891 0.004158 0.000693 0.020551 0.053972 0.020308 0.021948 0.0274 0.0079 0.052093 0.054644 0.152422 0.071092 0.030596 0.164521 0.083865 0.0254 0.012344 0.022202 0.009562 0.0089 0.031606 0.000975 0.0038 0 0.014101 0.028725 0.016374 0.017759 0.012397 0.019368 0.00362 0.0124 0.030978 0.009406 0.031235 0.007006 0.012365 0.0062 0 0 0.0059 0 0 0.030328 0.007128 0.005841 0.000434 0 0.01648 0.013527 0.0069 0 0.005 0.000692 0 0.002452 0.082245 0.051 0.0012 0.0029 0.0028 0.000416 0 0.005373 0 0.012189 0.047874 0.052302 0 0.009235 0.006868
0.028215 0.0002 0 0.000798 0.0026 0.038704 0.044153 0.010272 0.015536 0.035629 0.011061 0.081827 0.047727 0.041553 0.095956 0.138284 0.033064 0.038932 0.075421 0.0305 0.023497 0.0213 0.00136 0.003396 0.028276 0.025529 0 0 0.060375 0.028981 0.000791 0.016674 0.012796 0.020053 0.011469 0.01562 0.004554 0.001196 0.032173 0.008663 0.0104 0.0052 0.020034 0.013236 0.007555 0.00064 0.018928 0.015204 0.01892 0.037587 0.01715 0.0045 0.017566 0.0717 0.020913 0 0.004554 0 0 0.0013 0.019378 0.111686 0.0004 0.0083 0.022312 0 0.0099 0 0 0.0143 0.016117 0.002475 0.010494 0.009108 0 0
0.026186 0.002616 0.0011 0.0228 0.007 0.00866 0.013936 0.011615 0.064274 0.03524 0.012203 0.015629 0.067272 0.058456 0.029724 0.02303 0.0118 0.041558 0.024521 0.043879 0.002645 0.007527 0.019346 0.051378 0.008889 0.003706 0 0.00501 0.000892 0.020287 0.0072 0 0.020726 0.0133 0.026971 0.005561 0.014188 0.0145 0.004961 0.00143 0 0.028316 0.026154 0.010461 4.2e-005 0.009158 0.002578 9.9e-005 0.006805 0.0283 0.004257 0 0.022612 0.021599 0.0106 0 0.005499 0 0.007214 0.0068 0.011682 0.016508 0.0016 0.004036 0 0.00091 0 0.000288 0.011387 0.000338 0.000703 0.010802 0.016287 0.011432 0.000535 0
0.01656 0.00022 0.006326 0.003908 0.001 0.013 0.024386 0.006 0.007436 0.025428 0.032507 0.00561 0.010772 0.022207 0.00482 0.0307 0.0138 0.0004 0.011 0.000384 0.00018 0.117011 0.059076 0.004184 0.0006 0.003489 0 0.003332 0.005966 0.010108 0.0065 0 0.011866 0.00209 0.0168 0 0.010705 0 0.015846 0.013373 0.02475 0.023526 0.013965 0.018585 0.017594 0.0154 0.010168 0.00058 0.012061 0 0.009702 0.0089 0 0.125666 0.001274 0.0043 0.0066 0.020543 0.0035 0.0326 0.0029 0.0005 0.0052 0.0457 0 0 0.0051 0 0.02109 0.021949 0.010061 0.006502 0.005051 0 0.001375 0
0.1181 0.004482 0.004894 0.0252 0.0071 0.010955 0.032108 0.0267 0.0317 0.12396 0.059792 0.010228 0.030864 0.04089 0.003458 0.018923 0.006971 0.000527 0.01547 0.01056 0.005219 0.011968 0 0.010156 0.00021 0 0 0 0 2.7e-005 0 0.0036 0.012898 0.001798 0 0.007824 0.011649 0.0081 0.009353 0.017394 0.105685 0.058217 0.05285 0.057275 0.0098 0.0012 0 0.001088 0 0 0.002162 0.000525 0 0 0 0.107662 0.026782 0.0069 0.0055 0.0187 0 0.000116 0.000214 0.014496 0 0.0103 0 0.0068 0.004428 0.023639 0.002626 0.04905 0.000287 0.003231 0.000528 0
0 0.008586 0.012224 0.023568 0.016 0 0.009385 0.009084 0.068899 0.025295 0.048477 0.012175 0.000174 0.000373 0.017604 0.000248 0.00087 0.01307 0.030022 0.035134 0.003009 0.0125 0.007906 1e-006 0.01223 0 0 0 0.00027 0 0.000313 0.0085 0.003267 0.0048 3.7e-005 0.010387 0 0.009154 0.029098 0.056731 0.056002 0.048837 0.022307 0.000616 0.0279 0.0264 0 0 0.00693 0 0.002632 0 0 0 0.01209 0.027676 0 0.0117 0.0004 0 0.0075 0.0174 0.000621 0.00776 0.00021 0.042974 0.006469 0.0093 0.0058 0 0.013536 0.0002 0.007338 0.022257 0.002585 0
0.025146 0.000198 0.052404 0.020321 0.021337 0.008584 0.105539 0.079462 0.006407 0.055389 0.06794 0.021527 0.002706 0.015407 1.8e-005 0.003826 0.002948 0.0186 0.0233 0.002785 0.010598 0.003315 0.009496 0 0.003558 0.000379 0 0 0 0 0 0.00114 0.010162 0.00321 0.000495 0.005335 0.003927 0.00792 0.020421 0.022397 0.001853 0.026457 0.02213 0.006135 0.01956 0.016544 0 0 0 0 0 0.0069 0 0 0 0.0098 0.0096 0.0169 0 0 0.000126 0.000175 0.01336 0 0.0045 0.02 0.00396 0.008424 0.018054 0.010755 0.000204 0.0272 0.000241 0.001019 0 0
