EnvRasters/Baseline_High/agrcltr.asc
ncols         270
nrows         223
xllcorner     24099.479091542
yllcorner     21023.840179216
cellsize      1003.8986847201
NODATA_value  -9999
[rows 33 to 65 of 223, columns 0 to 75 of 270]
-9999 -9999 -9999 -9999 -9999 -9999 -9999 -9999 -9999 -9999 -9999 -9999 -9999 -9999 -9999 -9999 -9999 -9999 0 0 0 0.032818 0.07015 0 0 0.000196 0.083277 0.0119 0 0 0.00592 0.010864 0.012389 0.01335 0.0135 0.006597 0.005711 0.0032 0.002157 0.041808 0.032743 0.06376 0.000784 0 0 0 0 0.0026 0.0038 0 0 0.008275 0.0066 0.007332 0.002874 0.009223 0.0507 0.036867 0.024016 3e-005 0.00057 0 0.011433 0.002991 0.0028 0.008857 0.013354 0.010524 0.001664 0.024878 0.005065 0.058958 0.053162 0.000229 0.004436 0.005434
-9999 -9999 -9999 -9999 -9999 -9999 -9999 -9999 -9999 -9999 -9999 -9999 -9999 -9999 -9999 -9999 0 0 0.000212 0.007541 0.033176 0.058054 0.019019 0.012812 0.045009 0.01426 0.0182 0.0075 0.007425 0.001088 0 0.081835 0.097718 0.01297 0 0.0261 0.007165 0.063574 0.133297 0.042412 0.021619 0.07176 0 0 0 0 0 0 0 0 5.8e-005 3.3e-005 0.017765 0.000335 0.03842 0.009601 0.040225 0.077166 0.012716 0.0098 0.04136 0.0027 0.0108 0.000224 0.000574 0.007004 0.011632 0.012927 0.041106 0.042726 0.067568 0.07633 0.053876 0.029606 0.005157 0.032107
-9999 -9999 -9999 -9999 -9999 -9999 -9999 -9999 -9999 -9999 -9999 -9999 -9999 -9999 -9999 0 0.0043 0.00049 0.133525 0.053075 0.120286 0.068053 0.0729 0.042981 0.067207 0.020645 0.004852 0.038675 0.010686 0.000925 0 0.025374 0.033739 0.051673 0.11238 0.0357 0 0.010312 0.056462 0.046111 0 0.000581 0 0 0 0 0.0296 0 0.007601 0.004173 0.026342 0.097066 0.010346 0.038139 0.11481 0.014284 0.040813 0.015276 0.044386 0.03303 0.042 0.001825 0.06675 0.06382 0.021166 0.04766 0.105492 0 0 0.0208 0 0.025028 0.082594 0.062713 0.003679 0.02056
-9999 -9999 -9999 -9999 -9999 -9999 -9999 -9999 -9999 -9999 -9999 -9999 -9999 0 0 0.00109 0.0506 0.050118 0.051556 0.004605 0.012043 0.024524 0.052545 0.025171 0.020612 0.005124 0.001628 0.104166 4.6e-005 0.00652 0.027896 0.061254 0.026537 0.000953 0.05587 0.087 0.008778 0.207037 0.005172 0.0009 0.070782 0.00028 0.024852 0 0 0 0.0097 0 0.0111 0.120579 0.045176 0.025038 0.016954 0.02009 0.080481 0.00401 0.022059 0 0.00232 0.00732 0.01724 0.003 0.03109 0.085035 0.070121 0.07719 0.107878 0 0 0 0 0.008753 0.008254 0 0.00136 0.00284
-9999 -9999 -9999 -9999 -9999 -9999 -9999 -9999 -9999 -9999 -9999 0 0 0 0.0003 0.10631 0.010872 0.046135 0.024269 0.115143 0.012643 0.0524 0.01975 0.030665 0.036645 0.0465 0.0294 0.0092 0.0074 0.034405 0.023564 0.019285 0.040005 0.042488 0.039753 0.0197 0.001516 0.102304 0.0122 0.039548 0.004827 0.05126 0.044123 0 0.0575 0.01358 0.085053 0.023452 0.011902 0.048261 0.036427 0.017718 0.018034 0 0.004216 0.077226 0.062409 0.028669 0.001745 0.000913 0.013308 0.010426 0 0.0016 0.021703 0.010643 0.00548 0.069588 0.000801 0.008722 0.0072 0.027154 0.034106 0 0.0498 0.000532
-9999 -9999 -9999 -9999 -9999 -9999 -9999 -9999 -9999 0 0 0 0.008964 0 0.008944 0.05318 0.043758 0.0435 0.009318 0.017828 0.008066 0.014425 0.012161 0.009773 0.055567 0.040235 0.0081 0 0.0008 2.2e-005 0.051119 0.131345 0.059649 0.018541 0.017823 0.0098 0.0309 0.10213 0.067097 0.047658 0.003032 0.046733 0.05694 0.04 0.049405 0.034055 0.0022 0.0573 0.109992 0.047074 0.153074 0.053251 0.029637 0.075012 0.099766 0.067835 0.000928 0.031066 0.030823 0.011803 0.024841 0.000197 0.0087 0.009509 0.000859 0.037376 0.010532 0.017688 0.011401 0 0.000186 0.086948 0.0288 0.038 0.109266 0.141864
-9999 -9999 -9999 -9999 -9999 -9999 -9999 -9999 0 0 0 0 0.016614 0.00595 0.084133 0.112575 0.0174 0.008142 0 0.099224 0.003558 0.030082 0.010129 0.00857 0.066664 0.12187 0.000396 0 0.0819 0.02959 0.002843 0.148476 0.139691 0.075025 0.071591 0.079647 0.047996 0.0038 0.001251 0.024176 0.026085 0.0043 0.023794 3.8e-005 0.00161 0.064075 0 0 0.160225 0.037188 0.042522 0.059252 0.036378 0.001256 0.047092 0.083906 0.065221 0.028565 0.107708 0.045192 0.000648 0 0 0.007754 0.0074 0 0.007467 0.019728 0.00028 0.0407 0.025 0.01728 0.0009 0.112505 0.053147 0.030156
-9999 -9999 -9999 -9999 -9999 0 0 0 0 0 0.0531 0 0.014339 0.001991 0.003573 0.050176 0.002144 0.018122 0.001768 0.018817 0.011736 0.101129 0.040781 0.007231 0.058966 0.057875 0.020838 0.028906 0.0447 0.057955 0.126494 0.052663 0.119482 0.031296 0.065072 0.037257 0.049119 0.094547 0.002728 0.00054 0.056637 0.041153 0.037752 0.03111 0.10462 0.054528 0 0 0.016147 0.131405 0.043827 0.092863 0.164551 0.026 0.008385 0.032307 0.036031 0.029909 0.011021 0.023057 0.01825 0.000376 0 0 0.007216 0.0069 0.009688 0.000983 0.00062 0.002332 0.0231 0.00236 0.0522 0.061245 0.054461 0.061762
-9999 -9999 -9999 -9999 0 0 0 0 0 0 0.017274 0.017128 3.9e-005 0.008 0 0.015348 0.005883 0.008906 0.005501 0.022675 0.025671 0.005615 0.072505 0.032261 0.0821 0.122349 0.003455 0.01721 0.021392 0.077671 0.083356 0.025662 0.009736 0.085057 0.033031 0.27852 0.118631 0.072364 0.076442 0.02527 0.026138 4e-005 0.033099 0.016492 0.022162 0.037 0.000458 0.006848 0.048183 0.09334 0.053344 3.3e-005 0 0 0.018974 0.001711 0.089623 0.04048 0.000528 0.011913 0.00219 0 0.002326 0.049859 0.028403 0.028819 0 0 0.030315 2.4e-005 0.006996 0.092185 0.003545 0.07445 0.056546 0.182815
-9999 -9999 0 0 0.000917 0 0.007 0 0.000352 0.018372 0.01222 0.038861 0.047419 0 0.01085 0 0.088 0.0026 0.023313 0.029261 0.00384 0.009169 0.000297 0.132341 0.077319 0.089235 0.060437 0.049198 0.044086 0.102841 0.039664 0.077197 0.049453 0.097021 0.016447 0.039374 0.0354 0.097766 0.037851 0.02706 0.0212 0.004075 0.001513 0.015106 0.0006 0.0164 0 0.001185 0.120599 0.041392 0.086178 0.011751 0.000142 0 0.059109 0.014414 0.027379 0.025509 0.010414 0.017876 0.038819 0.001294 0.057376 0.001665 0.032103 0.004261 0.000444 0.009635 0 0.0167 0.002514 0.008506 1.4e-005 0.007512 0.0371 0.014133
0 0 0 0 3.6e-005 0.00095 0.071077 0.026797 0.057251 0.063437 0.132145 0.059918 0.028155 0.000322 0.003348 0.041325 0.001435 0.000484 0.000305 0.001383 0.016126 0.047632 0.044257 0.045773 0.113736 0.064209 0.056991 0.043927 0.121875 0.165663 0.052162 0.168437 0.134104 0.046949 0.008892 0.075464 0.010699 0.081148 0.012774 0.107986 0.021523 0.042255 0.058807 0.069326 0.018394 0.0366 0.043299 0.028532 0.08727 0.0992 0.000695 0.048079 0.016842 0.0252 0.042136 0.01234 0.041318 0.031753 0.045033 0.01948 0.01039 0.009188 0.049318 0.002306 0.011956 0.027764 0.000678 0 0 6e-006 0.072046 0.008175 0.024406 0.055181 0.149989 0.001585
0 0 0 0 0.003122 0.077207 0.024942 0.042348 0.057011 0.067227 0.020304 0.023458 0.077332 0.004787 0.016546 0.01113 0.0052 0.079 0.0065 0.01762 0.070418 0.151921 0.056776 0.080227 0.09809 0.019872 0.205313 0.074375 0.194341 0.08349 0.027196 0.050983 0.013135 0.026246 0.09044 0.090972 0.152898 0.0132 0.103181 0.040819 0.068738 0.038022 0.03888 0.045004 0.007752 0.090612 0.125944 0.049563 0.041804 0 0 0 0.067708 0.042635 0.049554 0.0195 0.0004 0.077051 0.00908 0.010397 0.000255 0.065248 0.028231 0.038189 0.054451 0.009009 0.0631 0.0198 0.024712 0.025189 0.063 0.048217 0.1433 0.118675 0.10713 0.030779
0 0 0.057028 0.012067 0.00068 0.004973 0.024006 0.0302 0.030482 0.002258 5e-006 0.087705 0.095662 0.050785 0.015859 0.0589 0.0031 0.000154 0.081 0.0949 0.001414 0.024256 0.087639 0.099367 0.124286 0.1914 0.107342 0.185501 0.128337 0.111046 0.089222 0.0081 0.065257 0.098333 0.030967 0.005972 0.095588 0.005735 0.122655 0.064652 0.144085 0.035611 0.094512 0.00197 0.00307 0.130598 0.153168 0.071257 0.0289 0.00058 0 0.000486 0.033965 0.11762 0.009686 0.018 0.02001 0.000451 0.021716 0.044201 0.0093 0.032549 0.036271 0.005431 0.00153 0.012012 0.092567 0.03716 0.01 0 0.028462 0.053075 0.028033 0.015819 0.028196 0.0151
0.0119 0.0092 0.013132 0.066729 0.041835 0.002854 0.000365 0.009694 0.026121 0.023457 0.012194 0.026892 0.056709 0.057394 0.059675 0.004776 0 0 0.02061 0.026128 0.016259 0.01026 0.065456 0.117346 0.141525 0.20241 0.299854 0.136115 0.102529 0.112294 0.094363 0.028616 0.0886 0.144844 0.072007 0.012679 0.028089 0.045382 0.053906 0.088078 0.088438 0.060733 0.081228 0.108514 0.01252 0.029056 0.07746 0.083476 0.052276 0.058352 0.029962 0.0133 0.01021 0.0892 0.049139 0.076935 0.01226 0.018046 0.113458 0.017633 0.0128 0.000234 0.001864 0.002365 0.029995 0.005309 0.015462 0.006886 0.007151 0.002267 0.0079 0.002921 1.1e-005 0.007952 4.1e-005 0.000441
0.0715 0.045709 0.025673 0.092189 0.054682 0.005174 0 0 0.010974 0.105283 0.084999 0.044522 0.055616 0.021299 0.043029 0.010363 0.001433 0 0.097374 0.018375 0.004017 0.08309 0.119805 0.214472 0.153794 0.153515 0.114259 0.237249 0.078004 0.044828 0.106861 0.075913 0.038191 0.079914 0.051196 0.053634 0.018249 0.038111 0.021372 0.059634 0.017601 0.004975 0.031029 0.065304 0.170925 0.056548 0.081869 0.056833 0.047983 0.134365 0.099697 0.119843 0.036251 0.001731 0.029469 0.009277 0.015912 0.016277 0.04849 0.128911 0.070512 4.5e-005 0.0064 0.037795 0.0159 0.01518 0.00662 0.040488 0.0127 0.018197 0.0545 0.002051 0.012439 0.004183 0.015 0.003366
0.118996 0.036289 0.005494 0.033061 0.154782 0.022111 0.014653 0.000156 0.007551 0.008277 0.027574 0.119359 0.171126 0.021515 0.030712 0.06964 0.013275 0.033 0.027876 0.037668 0.036014 0.113307 0.088249 0.169125 0.028452 0.305006 0.096533 0.054095 0.215899 0.184619 0.154819 0.105604 0.01151 0 0.235431 0.082547 0 0.0112 0.034423 0.025022 0.050258 0.027241 0.00712 0.095195 0.035572 0.0872 0.036684 0.09418 0.056107 0.102841 0.141734 0.097974 0.031292 0.023861 0.015021 0.002664 0.009065 0.01991 0.127686 0.01962 0.053097 0.0373 0 0 0.009739 0.005931 0.01109 0.033877 0.018818 0.014465 0.001184 0.034312 0.045924 0.004335 0.005903 0
0.019435 0.061409 0.175102 0.02351 0.04187 0.025063 0.055166 0.040772 0.008284 0.025602 0.046228 0.077291 0.003593 0.027298 0.021183 0.062823 0.169616 0.056416 0.059091 0.000753 0.001277 0.045476 0.093941 0.141079 0.0866 0.135204 0.077375 0.04475 0.144863 0.185145 0.10757 0.021744 0.145884 0.224436 0.157544 0.200035 0.052301 0 0.093974 0.018854 0.030433 0.134234 0.042791 0.054928 0.069584 0.103226 0.171658 0.141988 0.08586 0.025749 0.14286 0.021213 0.073132 0.119545 0.089347 0.077587 0.095368 0.026312 0.001369 0.001501 0.038363 0.073747 0.039668 0.0071 0.003918 0.000124 0.018861 0.060557 5.8e-005 0.010452 0.002397 0.037853 0.001994 0.007244 0.0209 0.088948
0.088045 0.096113 0.056821 0.089044 0.057021 0.071588 0.034005 0.111396 0.022873 0.060337 0.093316 0.108251 8.1e-005 0.023358 0.019391 0.01045 0.022504 0.105428 0.066392 0.011388 0.000216 0.0526 0.110003 0.075599 0.140486 0.187346 0.097329 0.345153 0.113571 0.071607 0.06318 0.16356 0.211382 0.11295 0.251592 0.182772 0.030847 0.096587 0.056394 0.111327 0.091627 0.060575 0.155891 0.080196 0.042427 0.022878 0.022184 0.163862 0.021115 0.021243 0.126631 0.032504 0.043399 0.064215 0.102624 0.127302 0.128551 0.060417 0.009987 0.02133 0.039795 0.04959 0.043886 0.025623 0.012977 0.051997 0.039168 0.009191 0.01512 0.003037 0.019964 0.045094 0.012948 0.009264 0.055532 0
0.155634 0.100055 0.074928 0.071642 0.060763 0.08187 0.002956 0.02791 0.134242 0.036596 0.119764 0.122875 0.036711 0.0061 0.046053 0.014608 0.0234 0.008526 0.036142 0.084864 0.010039 0.0053 0.0155 0.096034 0.037769 0.101134 0.225474 0.121479 0.247129 0.129384 0.155383 0.176845 0.108801 0.093856 0.209382 0.115866 0.140673 0.182961 0.057746 0.053377 0.116782 0.125092 0.065179 0.090398 0.031252 0.051518 0.077722 0.106491 0.027866 0.078312 0.038941 0.089276 0.073166 0.035038 0.085651 0.113109 0.082921 0.044673 0.044318 0.066649 0.057885 0.014202 0.000318 0.016297 0.067236 0.013297 0.006876 0.058662 0.021149 0.022207 0.006041 0.006914 0.025888 0.000854 0 0
0.17112 0.100164 0.171922 0.030605 0.033824 0.013 0.05445 0.00786 0.090608 0.057126 0.054289 0.00761 0.0068 0 0.000592 0.002829 0.0172 0.011349 0.031122 0.000387 0.008 0.031376 0.012712 0.02846 0.029993 0.009438 0.091786 0.075393 0.151983 0.136046 0.261622 0.09409 0.00159 0.16906 0.172397 0.04175 0.145841 0.030641 0.134227 0.0664 0.058484 0.060213 0.079549 0.06257 0.033742 0.034902 0.136741 0.165116 0.127543 0.069408 0.099106 0.078441 0.05135 0.046309 0.097437 0.05257 0.130077 0.02281 0.088607 0.003876 0.049634 0.049468 0.041135 0.008948 0.037052 0.025167 0.038576 0.083743 0.008257 0.057214 0.006911 0.025192 0.001106 0.006765 0.007427 0.012593
0.125154 0.162545 0.070204 0.071431 0.039097 0.124158 0.022863 0.082673 0.050844 0.047186 0.087689 0.17414 0.057497 0.024655 0.033145 0.0004 0.00827 0.007487 0.008258 0 0.041363 0.259835 0.112575 0.20981 0.127064 0.098449 0.0111 0.03157 0.096699 0.045786 0.038995 0.130732 0.021122 0.027008 0.177861 0.126719 0.001423 0.022146 0.012768 0.000228 0.043602 0.109527 0.198365 0.207662 0.094897 0.092078 0.048491 0.06102 0.124462 0.16301 0.161311 0.164231 0.050002 0.030738 0.053964 0.024709 0.029141 0.021911 0.112263 0.045232 0.053609 0.009722 0.023876 0.010494 0.025179 0.082594 0.025292 0.03428 0.00013 0.011302 0.039389 0.082339 0 4e-006 0.001574 0.009286
0.030727 0.03046 0.079876 0.106971 0.044768 0.048303 0.073918 0.082008 0.024468 0.044069 0.095082 0.032099 0.157884 0.103485 0.0538 0.021345 0.02131 0.046957 0.007228 0.058307 0.092898 0.231598 0.17525 0.160164 0.213437 0.198232 0.011041 0.077435 0.159823 0.182726 0.235459 0.104389 0.047721 0.051068 0.292516 0.129114 0.056024 0.083455 0.175775 0.042833 0.157236 0.176593 0.067427 0.139862 0.141776 0.13039 0.053621 0.059378 0.053751 0.092852 0.080011 0.11888 0.040924 0.112702 0.02559 0.042879 0.073438 0.011002 0.061568 0.039818 0.037805 0.007453 0.035384 0.008737 0.012134 0.036793 0.081024 0.009617 0.10251 0.007171 0.043167 0.090207 0.0066 0 0 0.049128
0.004 0.075469 0.07096 0.079432 0.017861 0.077006 0.025194 0.023655 0.077952 0.07634 0.084786 0.105907 0.019376 0.044497 0.234793 0.017075 0.016564 0.030595 0.010082 0.039571 0.081569 0.056114 0.136582 0.095305 0.231904 0.114887 0.101879 0.122099 0.191601 0.141762 0.148387 0.077359 0.161979 0.042762 0.203596 0.06074 0.045361 0.056504 0.136789 0.043287 0.20221 0.092633 0.156286 0.098351 0.168529 0.023353 0.031432 0.148269 0.053603 0.095216 0.117569 0.028514 0.028174 0.010352 0.009072 0.033878 0.09083 0.067818 0.033808 0.013932 0.0034 0.010924 0.003363 0.019032 0.024594 0.006965 0.014916 0.003672 0.137774 0.064385 0.00016 0.001377 0 0 0 0.008675
-9999 0 0.055826 0.125783 0.044317 0.120004 0.098485 0.068999 0.030124 0.073356 0.068793 0.073038 0.027679 0.030495 0.062396 0.054672 0.005571 0 0.0076 0.0211 0.013717 0.052164 0.043087 0.096377 0.049531 0.072601 0.151678 0.105783 0.086546 0.094612 0.186193 0.067893 0.017037 0.058532 0.060132 0.060069 0.025029 0.021792 0.055662 0.061121 0.112842 0.057008 0.174975 0.150621 0.069703 0.031873 0.074153 0.019032 0.016535 0.077896 0.065844 0.007308 0 0 0.025422 0.034441 0.090234 0.095569 0.06023 0.023698 0.04578 0.007845 0.037416 0.009594 0.041337 0.059194 0.01495 0.001837 0.000403 0.000237 0.0086 0 0 0.003196 0.0377 0.011642
-9999 -9999 0.01982 0.027606 0.030528 0.045036 0.02044 0.050567 0.039277 0.024453 0.035524 0.017741 0.020764 0.06007 0.128649 0.102995 0.009583 0 0.000148 0 0.012622 0.062471 0.144999 0.102989 0.128481 0.057452 0.065698 0.1738 0.247202 0.072573 0.255523 0.123052 0.055802 0.140221 0.135546 0.13705 0.073714 0.016814 0.142509 0.150215 0.099726 0.083477 0.139629 0.061806 0.128786 0.053716 0.080167 0.017943 0.006843 0.08479 0.111381 0.073395 0.00035 0.00561 0.02513 0.105165 0.03118 0.053745 0.071825 0.049857 0.00984 0.0185 0.029303 0.004465 0.000665 0.0062 0.0102 0.000421 0.000797 0.005691 0.0039 0.0021 0.036047 0 0 0
-9999 -9999 0 0.00047 0.036344 0.007754 0.009695 0.093371 0.016337 0.010702 0.074479 0.077437 0.054974 0.091033 0.014301 0.030755 0 0.014589 0.108995 0.054414 0.097049 0.054185 0.037943 0.081266 0.044149 0.0027 0.0166 0.101735 0.14962 0.151912 0.102892 0.083845 0.106159 0.088328 0.008577 0.001564 0.076611 0.049153 0.000538 0.0348 0.082812 0.061834 0.053663 0.005253 0.052302 0.136555 0.072709 0.15534 0.115367 0.115651 0.126695 0.008921 0.099482 0.011706 0.026038 0.045071 0.082332 0.108077 0.043494 0.032421 0.024217 0.025613 0.022523 0.061557 0.010191 0.0036 0 0.006138 8.5e-005 0.0346 0 0.0362 0.002504 0.027726 0.0098 0.0034
-9999 -9999 0 0.012542 0.014394 0.09558 0.155383 0.015379 0.006717 0.019231 0.016607 0.001591 0.048933 0.048419 0.002924 0.001275 0.0125 0.038495 0.046906 0.027177 0.00762 0.017471 0.031821 0.0135 0.004995 0.016227 0 0.052472 0.146471 0.06697 0.019489 0.061362 0.104362 0.028058 0.065533 0.010002 0.016519 0.114449 0.00042 0 0.039898 0.025615 0.034466 0.019084 0.063194 0.076177 0.072459 0.167151 0.104167 0.101703 0.12346 0.114969 0.112374 0.059656 0.085618 0.082058 0.037729 0.027817 0.152215 0.170603 0.078503 0.027318 0.025931 0.023416 0.013866 0.0377 0 0 0.008905 0.040961 0.015716 0.021218 0.014271 0.032859 0.0027 0.0538
-9999 -9999 -9999 0.005783 0.019052 0.007813 0.050552 0.067763 0.029468 0.006738 0.01692 0 2.4e-005 0 0.0075 0.009 0.013 0.0269 0.000394 0.014271 0.0346 0.166358 0.079508 0.128539 0.036395 0.010878 0 0.092404 0.153077 0.148381 0.119228 0.088017 0.071553 0.035868 0.027924 0.023573 0.006901 0 0 0.07923 0.015591 0.023705 0.028825 0.084593 0.060164 0.177695 0.044751 0.101905 0.096449 0.038286 0.081473 0.085266 0.016559 0.114279 0.095666 0.139379 0.038846 0.011056 0.021 0.010022 0.023565 0.052667 0.049606 0.036582 0.003956 0.000844 0 0.001414 0.018346 0.005957 0.025049 0.027477 0.065638 0.006045 0.037741 0.014668
-9999 -9999 0 0.002154 0.064985 0.050257 0 0.002595 0.045089 0.025373 0.020061 0.014518 0.008427 0.002748 0.056134 0.000282 0.029104 0.04869 0.0316 0.000251 0.011875 0.065085 0.013692 0.071374 0.159819 0.020079 0.083701 0.071933 0.099103 0.189466 0.210837 0.200729 0.050521 0.14008 0.047916 0.049041 5e-005 0 0 0.02072 0.041507 0.047698 0.107167 0.058757 0.043448 0.067041 0.150092 0.036329 0.221566 0.015078 0.021817 0.070292 0.086518 0.059007 0.042664 0.030629 0.164238 0.111768 0.021262 0.029485 0.03575 0.05665 0.05274 0.031604 0.004527 0.004881 0.033004 3e-005 0 0.013634 0.006197 0.001382 0.0175 0.004404 0.009148 0.001465
-9999 -9999 0.001328 0.090415 0.014404 0.014558 0.083821 0.000773 0.022993 0 0.0233 0.018414 0.080463 0.076764 0.15178 0.045013 0.071097 0.030953 0.071296 0.109719 0.032932 0.077211 0.031193 0.048905 0.102076 0.110059 0.043273 0.06201 0.101512 0.127794 0.156008 0.123206 0.035322 0.016486 0.016051 0.089421 0.038377 0 0 0.000352 0 0.011221 0.001728 0.128871 0.045889 0.123919 0.203145 0.100527 0.09108 0 0.044018 0.090376 0.133937 0.121899 0.112466 0.106554 0.027117 0.00922 0.01759 0.036896 0.002977 0.015744 0.044734 0.074539 0.001122 0.1471 0.072332 0.017122 0.008714 0.024958 0.010625 0.0065 0.0161 0.026136 0.009129 0.000126
-9999 0.016074 0.016408 0.018796 0.002673 0.016001 0.007487 0.014516 0.079519 0.013967 0.00656 0.021835 0.031487 0.106069 0.045126 0.068207 0.029642 0.004422 0.04136 0.110184 0.068605 0.027872 0.007766 0.071937 0.078715 0.030557 0.060579 0.146343 0.182171 0.129728 0.03415 0.072922 0.088647 0.036093 0.081627 0.088913 0.062541 0 0 0 0 0.014601 0.01374 0.083951 0.03072 0.1251 0.10848 0.052318 0.049124 0.049776 0.09025 0.181372 0.071999 0.043021 0.133975 0.055502 0.008713 0.011986 0.033831 0.085544 0.0071 0.0012 0 0.04703 0.022232 0.01181 0.002716 0.003628 0.00703 0.014666 0.018527 0.000213 0.000112 0.00015 0.01031 0.00041
9.2e-005 0.028669 0.111784 0.054556 0.027956 0.066772 0.060603 0.038416 0.020031 0.036801 0.075535 0.040022 0.06099 0.110187 0.05518 0.030057 0.010129 0.033443 0.002376 0.051345 0.05064 0.018605 0.02924 0.038237 0.052772 0.081733 0.024077 0.014609 0.05018 0.148922 0.12729 0.051415 0.084363 0.003389 0.024315 0.058349 0.156849 0.040282 0.019976 0.00283 0.0153 0.000578 0.000416 0 0 0.004893 0.005113 0.007478 0.154173 0.134951 0.061377 0.05524 0.101608 0.0057 0.024503 0.031728 0.001932 0.029102 0.106733 0.035269 0.023071 0.009968 0.007572 0.050184 0.00252 0.015035 0.032883 0.023759 0.057983 0.013757 0.001083 0.02095 0.043507 4.9e-005 0 0
-9999 0 0.02901 0.00726 0.043396 0.129072 0.023553 0.040684 0.017203 0.019388 0.147752 0.027403 0.018155 0.008327 0.0403 0.088038 0.017752 0.000822 0.002242 0.100819 0.035028 0.019333 0.019464 0.011 0.019635 0.02819 0.017473 0.097652 0.083011 0.030191 0.105175 0.031033 0.045326 0.019431 0.087697 0.045861 0.132043 0.051517 0.044336 0.018995 0.009857 0.030471 0.009418 8.1e-005 3.2e-005 0.019015 0.016 0.001054 0.034667 0.04213 0.041634 0.020476 0.0124 0.007 0.066232 0.00946 0.005743 0.00337 0.004212 4.8e-005 2.4e-005 0.001696 0.056706 0.096746 0.033689 0.029186 0.002664 0.044953 0.028994 0.006876 0.025015 0 0.072 0.000224 0.024552 0.000528
