EnvRasters/Baseline_High/agrcltr.asc
ncols         270
nrows         223
xllcorner     24099.479091542
yllcorner     21023.840179216
cellsize      1003.8986847201
NODATA_value  -9999
[rows 66 to 98 of 223, columns 0 to 75 of 270]
-9999 0 0.063257 0.046373 0.053157 0.041405 0.030017 0.039391 0.039739 0.029655 0.024335 0.02642 0.044368 0.017263 0.001874 0.050171 0.025304 0.039039 0.082412 0.017606 0.012978 0.016785 0.017441 0.02499 0.005812 0.0067 0.022383 0.034743 0.06907 0.034707 0.00606 0.057258 0.039179 0.030129 0.014244 0.0494 0.051383 0.02769 0.025586 0.014693 0.015281 0.058699 0.025007 0.007992 0.005701 0.040092 0.029526 0 0.004936 0.118101 0.130976 0.147904 0.009756 0.004106 0.067209 0.002192 0.000389 0 0.00144 0.001204 0.00081 0.019549 0.022355 0.027 0.056263 0.02635 0.019157 0.032478 0.035887 0.002115 0.010103 0.015444 0.021228 7e-006 0.027313 0.015154
-9999 0 0.089375 0.056011 0.070417 0.026984 0.059354 0.025408 0.016808 0.063595 0.015786 0.006916 0.024527 0.034586 0.000785 0.017105 0.057209 0.065482 0.015902 0.006107 0.006838 0.080757 0.078466 0.032649 0.03984 0.064266 0.095919 0.035687 0.026652 0.042858 0.026399 0.100364 0.016617 0.027297 0.021292 0.130382 0.024243 0.090735 0.013956 0.083648 0.081457 0.047772 0.023223 0.001348 0.078021 0.065863 0.081219 0.10258 0.020414 0.165349 0.120544 0.064838 0.0169 0.017197 0.050817 0.016552 0.0143 0 0 0.066206 0.018736 0.023998 0.001658 0.020679 0.003578 0.009575 0.000433 0.034314 0.040363 0.027677 0.000894 0.100112 0.007617 0.008045 0.0207 0
-9999 0 0.017422 0.031429 0.054212 0.016989 0.0147 0.010384 0.000251 0.057696 0.050833 0.006495 0.023151 0.012954 0.024631 0.023838 0.008147 0.024008 0.0263 0.036826 0.029293 0.027283 0.006493 0.0094 0.008097 0.039653 0.016891 0.044457 0.02386 0.066582 0.028106 0.100915 0.007058 0.000378 0.02853 0.042436 0.060123 0.014403 0.011988 0.026491 0.011534 0.063175 0.01204 0.012991 0.055609 0.057269 4.9e-005 0.05687 0.00133 0.068008 0.07282 0.038111 0.001952 0.0042 0.011876 0.026099 0.057455 0.015517 0 0.000195 6.9e-005 0.009073 0.009299 0.045358 0.012962 0.058672 0.047085 0.117514 0.074266 0.019838 0.001873 0.053098 0.001353 0.022794 0.000128 0.026625
-9999 0 0.009021 0.013642 0.009928 0.034609 0.0206 0.02002 0.019341 0.010909 0.067034 0.036063 0.04139 0.059456 0.044906 0.016592 0.022022 0.024945 0.034036 0.046752 2.9e-005 0.047427 0.00264 0.001547 0.017848 0.0475 0.063029 0.016618 0.019657 0.017668 0.049416 0.031489 0.025323 0.048797 0.069847 0.015369 0.022669 0.05919 0.12228 0.040882 0.057207 0.061297 0.010268 0.056877 0.063052 0.0275 0.009778 0.012774 0.03732 0.059921 0.0092 0.04976 0.004201 0.064278 0.000474 0.002861 0.0445 0.054986 0.0188 0.005 0.0249 0.013136 0.005551 0.0151 0 0.009638 0.012796 0.020175 0.077003 0.007447 0.016992 0.004162 0.014756 0.003136 0.000744 0.036326
-9999 0.00051 0.007174 0.003215 0.011945 0.018431 0.008378 0.07091 0.060098 0.034672 0.015313 0.028243 0.007736 0.030429 0.003256 0.04081 0.017328 0.069175 0.135689 0.021609 0.015818 0.000281 0.0141 0.0024 0.071193 0.154168 0.038273 0.017622 0.001166 0.073598 0.04796 0.026187 0.033575 0.000226 0.04548 0.000491 0.017845 0.022352 0.020552 0.014129 0.114703 0.01821 0.00063 0.061699 0.114082 0.034108 0.02732 0.111993 0.00079 0.105638 0.0155 0.01617 0.019894 0.015052 0.00104 0.01716 0.0605 0.064003 0.034038 0.001094 0.00048 0.0086 0.068118 0.13432 0.031632 0.014834 0.000605 0.007718 0.011346 0.001738 0.002621 0.01448 7.8e-005 0 0.0076 0.002718
-9999 0.038033 0.045579 0.063547 0.004197 0.027783 0.014635 0.022845 0.026597 0.000761 0 0.020239 0.080281 0.026783 0.017242 0.028725 0.001014 0.045537 0.102552 0.089216 0 0 0.0132 0 0.069152 0.107026 0.009955 0.035521 0.013562 0.141882 0.142292 0.018213 0.024946 0.005682 0.02683 0.019488 0.056254 0.017532 0.060796 0.025268 0.051933 0.008162 0.010663 0.022948 0.019718 0.206841 0.10259 0.05643 0 0.0636 0.01544 0.0047 0.0174 0.02131 0.075457 0.013868 0.033402 0.015731 0.04189 0.009695 0.000988 0.000588 0.000188 0.021514 0.02538 0.011418 0.009644 0.018547 0.087568 0.023873 0.002515 0.001769 0 0 0.0308 0.0183
-9999 0.003171 0.012297 0.049077 0.012756 0.008545 0.035632 0.041162 0.073624 0.001192 2e-006 0.00634 0.048756 0.067754 0.010282 0.0303 0.029214 6.4e-005 0.02364 0.041525 0 0 4e-006 0.001277 0.013241 0.015136 0.029816 0.016238 0.01489 0.030053 0.014484 0.08434 0.05918 0.077263 0.031498 0.007781 0.035845 0.048923 0.0188 0.002253 0.028545 0.002513 0.000714 0.031083 0.055006 0.078367 0.001735 0.002268 0 0 0 0 0 0.042335 0.004304 0.040609 0.014117 0.026594 0.0136 0.0679 0.0233 0.009102 0.037536 0.034214 0.001031 8.3e-005 0.044612 0.032166 0.007951 0.029555 0.0333 0.0155 0 0 0.0052 0.016042
-9999 -9999 0 0.066981 0.004545 0.011625 0.005378 0.008146 0.02517 0.025664 0.017943 0.019839 0.007965 0.063326 0.031633 0.090739 0.046782 0.018487 0.008347 0.033763 0 0 0.005447 0.039819 0.042808 0.012957 0.01022 0.008093 0.103521 0.097708 0.046606 0.01241 0.017972 0.037268 0.017495 0.00649 0.013401 0.027307 0.006275 0.017313 0.024 0.00993 0.00038 0 0.002986 0.005466 0.014537 0.0095 0.000108 0.007481 0 0.0053 0.013 0.003283 0.0154 0.030071 0.115019 0.026482 0.010193 0.073 0.004197 0.043341 0.0263 0.041148 0.05061 0.04108 0.021754 0.008497 0.016664 0.000261 0 0 0 0 0.0111 1.8e-005
-9999 -9999 0 0.015626 0.019175 0.036156 0.037884 0.09609 0.023501 0.093539 0.040937 0.016268 0.115115 0.079926 0.034595 0.001765 0.001973 0.009241 0.016229 0.02416 0.00528 0.0173 0.025247 0.000978 0.014127 0.013649 0.0092 0.054652 0.016033 0.012305 0.028681 0.030392 0.020839 0.055066 0.031713 0.040944 0.103168 0.085516 0.11053 0.098019 0.002687 0.165499 0.042476 0.0027 0.023868 0 0 0 0 0.001629 0.011781 0 0.007965 0.0334 0.026603 0.023285 0.00063 0.01433 0.015498 0.000498 0.108237 0.01759 0.011477 0 0.015216 0.025583 0.007644 0.000245 0.002101 0.0103 0 0 0 0.01102 0.000672 0.021081
-9999 -9999 -9999 0.008069 0.040676 0.038339 0.018906 0.020891 0.008846 0.029343 0.024396 0.132061 0.024552 0.092724 0.16362 0.010652 0.001125 0.000908 0.006028 0.036033 0.04563 0.026758 0.045429 0.00848 0.004905 0.037408 0.002302 0.04327 0.00631 0.023789 0.052764 0.05208 0.011184 0.015992 0.067676 0.021304 0.027521 0.072109 0.113129 0.021752 0.082871 0.027667 0.010319 0.145893 0.020245 0 0.0018 0 0 1.1e-005 0 0 0.013561 0.015671 0.004035 0.022507 0.007777 0.01618 0.0062 0.073842 0.063525 0.046655 0.010151 0.006482 0 0.003238 0.009431 0.078838 0.024653 0.0083 0.0031 0.000243 0.008448 0.004692 3e-005 0.032587
-9999 -9999 -9999 0 0 0 0 1e-006 0.006947 0.000931 0.010459 0.065561 0.018464 0.053018 0.032989 0.03776 0.039228 0.010836 0.072935 0.010918 0.001636 0.024409 9.2e-005 0 9.7e-005 0.067322 0.009547 0.012318 0.018194 0.078225 0.059904 0.020986 0.0557 0.022119 0.00728 0.019062 0.034143 0.015472 0.061272 0.040085 0.021897 0.00384 0.014994 0.018928 0.002996 0 0.013972 0.008077 1.2e-005 3.8e-005 0 7.4e-005 0 0 0.025558 0.009671 0.007164 0.063521 0.033084 0.021531 0.014622 0.009886 0.008693 0.005483 0.039322 0.011554 0.013562 0.041056 0.0444 0.001596 0.0255 0.019296 0.034224 0.037887 0.015308 0.0095
-9999 -9999 -9999 -9999 -9999 -9999 -9999 -9999 -9999 0.024852 0.00982 0.009782 0.044784 0.018962 0.012366 0.004145 0.04877 0.0085 0.0057 0.016157 0.008986 0.000251 0.013455 0.003 0.012628 0.042562 0.026011 0.07465 0.021941 0.023316 0.055732 0.075651 0.008399 0.0176 0.001213 0.031099 0.000972 0 0.029405 0.015946 0.0307 0 0 0.016 0.007892 0 0.000106 0.000639 0.000316 4e-006 0.000379 0.001188 0 0 0.009549 0.000577 0.033023 0.081408 0.019501 0.038728 0.006861 0.015181 0.005286 0.031544 0.034448 0.0151 0.001279 0.041753 0.0073 0 0.0029 0.013098 0.0033 0.006184 0.103801 0.032713
-9999 -9999 -9999 -9999 -9999 -9999 -9999 -9999 -9999 0.000155 0.062894 0.076359 0.017052 0.009131 0.014976 0.011919 0.018024 0.022956 0.010805 0.012156 0.009424 0.008372 0.00189 0.008292 0.016085 0.012676 0.006461 0.01943 0.00983 0.018352 0.068416 0.06766 0.017552 0.0323 0.030918 0.007496 0 0 0.000769 0.003743 0.010164 0.030483 0.0199 0.0055 0.008975 0 0.006219 0.0093 0.000624 0.000314 0.024747 0.017803 0.000496 0.010424 0.005689 0.025266 0.080411 0.039405 0.002739 0.047116 0.016929 0.020885 0.118455 0.079214 0.015351 0.023005 0.042134 0.0571 0 0.008952 0.071458 0.020329 0.004679 0.0094 0.017547 0.017949
-9999 -9999 -9999 -9999 -9999 -9999 -9999 -9999 -9999 -9999 0 0.042058 0.036336 2.8e-005 0.01262 0.021562 0.028661 0.029938 0.033099 0.051022 0.001959 0.015648 0.026264 0.0102 0.000551 0.003294 0.008436 0.006583 0.010343 0.012544 0.012318 0.007814 0.00043 0.023015 0.021583 0.0148 0.0017 0 0 0.0073 0.001549 0.006298 0.0137 0.000756 0.005063 0.000183 0.003017 0.012064 0.021031 0.023612 0.049394 0.123691 0.096642 0.009368 0.011854 0.02438 0.043409 0.060286 0.025091 0.015345 0.027277 0.061368 0.062949 0.028541 0.005193 0.0159 0.009186 0.0509 0.0338 0.0361 0.0172 0.0061 0.0044 0.000479 0.026446 1e-006
-9999 -9999 -9999 -9999 -9999 -9999 -9999 -9999 -9999 -9999 0 0.0066 0.01131 0.005208 0.000627 0 0.001592 0.105811 0.057829 0.04171 0.0211 0.017488 0.014757 0 0.005961 0.026246 0.017552 0.014898 0.006606 0.000592 0.006096 0 0 0.009 0.013753 0.034196 0.0172 -9999 -9999 0.006359 0.018061 0.000504 0.00663 0.000634 0.000304 0.024584 0.035465 0.020645 0.027847 0.037569 0.036555 0.061168 0.058211 0.074571 0.033333 0.004055 0.031926 0.018237 0.002546 0.014649 0.003648 0.004469 0.005018 0.006284 5e-006 0 0.01589 0.010989 0.0139 0.018494 0 0.000536 0.002369 0.052242 0.003082 0.000852
-9999 -9999 -9999 -9999 -9999 -9999 -9999 -9999 -9999 -9999 -9999 -9999 0.008461 0.005296 0.015301 0.006138 0.024046 0.029868 0.021018 0.011595 0.007946 0.017167 0.031783 0.0203 0.042306 0.03708 0.019506 0.013135 0.004614 0 0.0034 0 -9999 -9999 0 0 -9999 -9999 -9999 -9999 0.009403 0.009584 0.002793 0.005325 0.002287 0.017386 0.060354 0.038194 0.005693 0.00076 0.009083 0.010322 0.009468 0.040079 0.013716 0.004531 0.010444 0.016736 0.013761 0 0 0 0.000202 0.000686 0.02188 0.000107 0.0046 0.0092 0 0.012238 0.005036 0.007545 0.021603 0.035383 0.039146 3.4e-005
-9999 -9999 -9999 -9999 -9999 -9999 -9999 -9999 -9999 -9999 -9999 -9999 0.009386 0.002792 3.4e-005 0.013624 0.013504 0.006762 0.0062 0.010896 0.016519 0.000234 0.0002 0.014765 0.005833 0.010279 0.078274 0.009838 0.004766 0 -9999 -9999 -9999 -9999 -9999 -9999 -9999 -9999 -9999 -9999 5e-006 0.002224 0.002566 0.080868 0.002578 0.023334 0.05676 0.006778 0.013623 0.03126 0.041259 0.01763 0.041397 0.028686 0.006559 0.005163 0.000855 0.002923 0.016919 0 0 0.016508 0.010663 0.00147 0.039253 0.018661 0 0.0945 0.0028 0.0171 0.005251 0.000708 0.0133 0.0063 0.073 0.000508
-9999 -9999 -9999 -9999 -9999 -9999 -9999 -9999 -9999 -9999 -9999 -9999 -9999 0 0.001487 0.010499 0.03475 0.0104 0.022411 0.01934 0.005739 0.031102 0.014483 0.008545 0.036573 0.010493 0.01525 0.01032 -9999 -9999 -9999 -9999 -9999 -9999 -9999 -9999 -9999 -9999 -9999 -9999 -9999 0.0163 0.001054 0.020594 0.00424 0.001494 0.004729 0.01281 0.020387 0.027379 0.023416 0.02257 0.027513 0.064906 0.000236 0.00895 0.037273 0.012157 0.00198 0 0.00171 0.003964 0.005565 0.000117 0.0004 0 0.004789 0.0147 0 0.0041 0.002 0.000425 0.015 0 0.000474 0.00672
-9999 -9999 -9999 -9999 -9999 -9999 -9999 -9999 -9999 -9999 -9999 -9999 -9999 0.000213 0.000129 0.016448 0.008335 0.021694 0.0006 0.003179 0.008228 0.020215 0.022475 0.017273 0.021064 0.000684 -9999 -9999 -9999 -9999 -9999 -9999 -9999 -9999 -9999 -9999 -9999 -9999 -9999 -9999 -9999 0 0.000378 7.2e-005 0.000894 0.001467 0.008058 0.007269 0.007395 0.008452 0.019779 0.059119 0.021081 0.009164 0.01678 0.017039 0.014576 0.014748 0.01238 0.002095 0.001381 0.004268 0.00281 0.003179 0.015057 0.011784 0.010589 0.026554 0 0 0 0 0 0 0 0.00053
-9999 -9999 -9999 -9999 -9999 -9999 -9999 -9999 -9999 -9999 -9999 -9999 -9999 0 0.00171 0.044879 0.014133 0.009636 0.012628 0.016731 0.006777 0.001632 0.011211 0.017132 0.022023 0 -9999 -9999 -9999 -9999 -9999 -9999 -9999 -9999 -9999 -9999 -9999 -9999 -9999 -9999 -9999 -9999 1e-005 0 0 0.008283 0.013799 0.013887 0.007564 0.008554 0.005164 0.012936 0.011671 0.015927 0.010856 0.025146 0.022 0.005477 0.002809 0.004656 0.012831 0.006726 0.001792 0.001526 0.00278 0.013587 0.005049 0.0089 0.000464 0 0 0 0.0389 0.003578 0.011514 0.009422
-9999 -9999 -9999 -9999 -9999 -9999 -9999 -9999 -9999 -9999 -9999 -9999 -9999 -9999 0.001251 0.025577 0.018911 0.041279 0.014548 0.072557 0.019544 0.013707 0.004767 0.0007 0.001345 -9999 -9999 -9999 -9999 -9999 -9999 -9999 -9999 -9999 -9999 -9999 -9999 -9999 -9999 -9999 -9999 -9999 0 0.000532 0.004363 0.012226 0.018275 0.012259 0.010538 0.016826 0.001904 0.008159 0 0.061039 0.027986 0.016497 0.002448 0.005313 0.015652 0.003198 0.0023 0.010519 0.008686 0.0046 0.006134 0.003128 0.009533 0.002083 0.001268 0.00099 0.005841 0.005965 0 0.0007 0.032002 0.014512
-9999 -9999 -9999 -9999 -9999 -9999 -9999 -9999 -9999 -9999 -9999 -9999 -9999 -9999 -9999 0.00129 0.007352 -9999 0.001632 0.020908 0.012868 0.008265 0.00232 0.003783 0 -9999 -9999 -9999 -9999 -9999 -9999 -9999 -9999 -9999 -9999 -9999 -9999 -9999 -9999 -9999 -9999 -9999 0 0.002514 0.007662 0.004787 0.011931 0.002604 0.01258 0.002951 0.00301 0.001186 0.00396 0.0184 0.048815 0.00272 0.007775 0.006127 0.012089 0.001811 0.00783 0.000666 0.012737 0.00819 0.0042 0.004715 0.005704 0.005719 0.001982 0.006246 0.004144 0.005495 0.005664 0.03074 0.011789 3.6e-005
-9999 -9999 -9999 -9999 -9999 -9999 -9999 -9999 -9999 -9999 -9999 -9999 -9999 -9999 -9999 -9999 -9999 -9999 -9999 0.00102 0.00047 0.047824 0.034062 0.00042 -9999 -9999 -9999 -9999 -9999 -9999 -9999 -9999 -9999 -9999 -9999 -9999 -9999 -9999 -9999 -9999 -9999 -9999 -9999 0 0 0.002728 0 0.006252 0.006972 0.006519 0.006124 0.005725 0.001282 0.00323 0.000278 0.013515 0.010773 0.00664 0.018874 0.006961 0.001349 0.004574 0.003359 0.004888 0.000951 0.003046 0.006446 0.001474 0.000363 0.012846 0.007884 0.014329 0.005203 0.00361 6.6e-005 0.004292
-9999 -9999 -9999 -9999 -9999 -9999 -9999 -9999 -9999 -9999 -9999 -9999 -9999 -9999 -9999 -9999 -9999 -9999 -9999 -9999 -9999 0.015258 0.005268 -9999 -9999 -9999 -9999 -9999 -9999 -9999 -9999 -9999 -9999 -9999 -9999 -9999 -9999 -9999 -9999 -9999 -9999 -9999 -9999 -9999 -9999 -9999 0 0.004278 0.006946 0.001322 0.007492 0.005236 0.004177 0.002939 0.004713 0.00451 0.000982 0.007131 0.067683 0.010406 0.004614 0.016675 0.008567 0.008735 0.004478 0.005054 0.002463 0.00772 0.006176 0.007181 0.007424 0.006301 0.004876 0 0 0.003572
-9999 -9999 -9999 -9999 -9999 -9999 -9999 -9999 -9999 -9999 -9999 -9999 -9999 -9999 -9999 -9999 -9999 -9999 -9999 -9999 -9999 -9999 -9999 -9999 -9999 -9999 -9999 -9999 -9999 -9999 -9999 -9999 -9999 -9999 -9999 -9999 -9999 -9999 -9999 -9999 -9999 -9999 -9999 -9999 -9999 -9999 0 0 0.013316 0.0065 0.00946 0.009363 0.018488 0.000816 0.004224 0.001572 0.015902 0.008012 0.013442 0.005 0.010204 0.003835 0.004491 0.000606 0.006189 0.006216 0.001 0.001999 0.007685 0.004664 0.013576 0.003732 0.0068 0.001857 0.000698 0.000133
-9999 -9999 -9999 -9999 -9999 -9999 -9999 -9999 -9999 -9999 -9999 -9999 -9999 -9999 -9999 -9999 -9999 -9999 -9999 -9999 -9999 -9999 -9999 -9999 -9999 -9999 -9999 -9999 -9999 -9999 -9999 -9999 -9999 -9999 -9999 -9999 -9999 -9999 -9999 -9999 -9999 -9999 -9999 -9999 -9999 -9999 0 0.0006 0.0099 0.002122 0.006157 0.005232 0.003723 2.5e-005 0.009692 0.007811 0.007026 0.005698 0.00719 0.007952 0.000598 0.003874 0.007352 0.003779 0.007822 0.007251 0.007757 0.001689 0.006604 0.006378 0 0.004134 0.005584 0.011242 0.00356 0.014549
-9999 -9999 -9999 -9999 -9999 -9999 -9999 -9999 -9999 -9999 -9999 -9999 -9999 -9999 -9999 -9999 -9999 -9999 -9999 -9999 -9999 -9999 -9999 -9999 -9999 -9999 -9999 -9999 -9999 -9999 -9999 -9999 -9999 -9999 -9999 -9999 -9999 -9999 -9999 -9999 -9999 -9999 -9999 -9999 -9999 -9999 0 9.9e-005 0.004653 0.007443 0.0022 0.004413 0.016787 0.001803 0.01358 0.0013 0.011298 0.00932 0.012034 0.016804 0.001928 0.01298 0.014212 0.001235 0.00522 0.002398 0.003494 0.001822 0.011155 0 0.002022 0.000978 0.003117 0.005917 0.010049 0.001248
-9999 -9999 -9999 -9999 -9999 -9999 -9999 -9999 -9999 -9999 -9999 -9999 -9999 -9999 -9999 -9999 -9999 -9999 -9999 -9999 -9999 -9999 -9999 -9999 -9999 -9999 -9999 -9999 -9999 -9999 -9999 -9999 -9999 -9999 -9999 -9999 -9999 -9999 -9999 -9999 -9999 -9999 -9999 -9999 -9999 0 0.0002 0.009777 0.008241 0.006372 0 0.012789 0.002447 0.022157 0.003024 0.003962 0.0031 0.007395 0.012171 0.006679 0.007916 0.0054 0.003905 0.002871 0.00527 0.005004 0.004945 0.00737 0.0018 0.005939 0.013336 0.009636 0.007775 0.001556 0.00671 0.009917
-9999 -9999 -9999 -9999 -9999 -9999 -9999 -9999 -9999 -9999 -9999 -9999 -9999 -9999 -9999 -9999 -9999 -9999 -9999 -9999 -9999 -9999 -9999 -9999 -9999 -9999 -9999 -9999 -9999 -9999 -9999 -9999 -9999 -9999 -9999 -9999 -9999 -9999 -9999 -9999 -9999 -9999 -9999 -9999 -9999 0 0.000925 0.005579 0.014934 0.004451 0.006638 0.004374 0.002409 0.005594 0.005829 0.018235 7.7e-005 0.005486 0.008636 0.003775 0.006325 0.01819 0.004134 0.001265 0.003185 0.018005 0.00903 0.005216 0.006149 0.010319 0.002251 0.009359 0.003496 0.002917 0.005488 0.001647
-9999 -9999 -9999 -9999 -9999 -9999 -9999 -9999 -9999 -9999 -9999 -9999 -9999 -9999 -9999 -9999 -9999 -9999 -9999 -9999 -9999 -9999 -9999 -9999 -9999 -9999 -9999 -9999 -9999 -9999 -9999 -9999 -9999 -9999 -9999 -9999 -9999 -9999 -9999 -9999 -9999 -9999 -9999 -9999 -9999 -9999 0.004898 0.001906 0.003202 0.008221 0.0008 0.003517 0.00078 0.007396 0.003766 0.005312 0.005592 0.006565 0.001692 0.001469 0.023209 0.0033 0.028207 0.020559 0.004254 0.004042 0.004307 0.00584 0.009525 0.004418 0.018632 0.031052 0.002301 0.010954 0.003562 0
-9999 -9999 -9999 -9999 -9999 -9999 -9999 -9999 -9999 -9999 -9999 -9999 -9999 -9999 -9999 -9999 -9999 -9999 -9999 -9999 -9999 -9999 -9999 -9999 -9999 -9999 -9999 -9999 -9999 -9999 -9999 -9999 -9999 -9999 -9999 -9999 -9999 -9999 -9999 -9999 -9999 -9999 -9999 -9999 -9999 -9999 0.007875 0.002445 0.010809 0.002228 0.0145 0.007469 0.00035 0.000225 0.006937 0.026128 0.014821 0.007934 0.009176 0.001446 0.02066 0.0065 0.021554 0.02469 0.00075 0.001566 0.001881 0.002568 0.001685 0.010578 0.008933 0.009584 0.011236 0.002448 0.001044 0.002072
-9999 -9999 -9999 -9999 -9999 -9999 -9999 -9999 -9999 -9999 -9999 -9999 -9999 -9999 -9999 -9999 -9999 -9999 -9999 -9999 -9999 -9999 -9999 -9999 -9999 -9999 -9999 -9999 -9999 -9999 -9999 -9999 -9999 -9999 -9999 -9999 -9999 -9999 -9999 -9999 -9999 -9999 -9999 -9999 -9999 -9999 0.000388 0.007829 0.015688 0.01495 0.014051 0.003938 0.005002 0.003569 0.003394 0.021442 0.016615 0.004225 0.001782 0.0004 0.003295 0.0011 0.000498 0.00333 0.0175 0.003878 0.003453 0 0.0025 0.012533 0.016178 0.00439 0.003114 0.001936 0.001044 0.001287
-9999 -9999 -9999 -9999 -9999 -9999 -9999 -9999 -9999 -9999 -9999 -9999 -9999 -9999 -9999 -9999 -9999 -9999 -9999 -9999 -9999 -9999 -9999 -9999 -9999 -9999 -9999 -9999 -9999 -9999 -9999 -9999 -9999 -9999 -9999 -9999 -9999 -9999 -9999 -9999 -9999 -9999 -9999 -9999 -9999 -9999 0 0.009207 0.062925 0.04344 0.002515 5.7e-005 0.002041 0.007098 0.007624 0.000621 0.001156 0.006848 0.007083 0.008 0.007157 0.003898 0.007372 0.005605 0.004384 0.001854 0.000181 0.009135 0.004697 0.001262 0.004411 0.007197 0.007423 0.007512 0.009531 0.021861
