EnvRasters/Baseline_High/barley.asc
ncols         270
nrows         223
xllcorner     24099.479091542
yllcorner     21023.840179216
cellsize      1003.8986847201
NODATA_value  -9999
[rows 128 to 159 of 223, columns 142 to 212 of 270]
0.007813279 0.004984527 0.03272898 0.0405544 0.04858067 0.05815646 0.04907645 0.04289861 0.1453574 0.08346159 0.1317675 0.1573563 0.2141489 0.1163912 0.08439524 0.02772269 0 0.002402702 0 0 0 0.001841845 0.06209876 0.00276735 0.01879802 0 0 0.004955722 0.03579012 0.06157611 0.03348741 0.01678363 0.03292916 0.1438935 0.05299081 0.0983986 0.01000243 0.005068091 0 0.0165463 0.01965879 0.01589441 0.03421606 0.02850557 0.04935082 0.03362904 0.03433505 0.03124484 0.07215111 0.03960917 0.06141201 0.029862 0 0.005638639 0.0006436665 0.01392725 0 0.005159747 0.0156868 0 0.002137548 0.00640634 0 0 0 0.02220663 7.0815e-005 0.0008743089 0 0 0
0.03473048 0.06557468 0.1552826 0.08593587 0.03833413 0.2127902 0.09546265 0.09310994 0.1275867 0.1557372 0.06574579 0.004977326 0.01957771 0.003261912 0.02102279 0.001298393 0.05881298 0.06208681 0 0 0 0 0.0451904 0.01158111 0.005185198 0 0 0.03331463 0.0937029 0.01745116 0.02740695 0.008545677 0.009264947 0.09509696 0.02575159 0.0538364 0.127105 0.05281387 0.001533845 0.01155943 0.03304555 0.01653261 0.04048169 0.04973803 0.1127674 0.04748058 0.150073 0.1323266 0.04812542 0.01648781 0.01892053 0.01565921 0 0 0 0.02952514 0.0005871478 0.01645258 0.000244072 0 0 0 0 0 0.01328993 0.03978404 0 0 0 0 0
0.03957592 0.12785 0.1001197 0.05567943 0.1920971 0.1586489 0.116395 0.2352599 0.1626129 0.2372557 0.1078093 0.1256573 0.1230652 0.004600476 0.03902521 0 0.01305402 0.06314366 0.08563065 0 0 0 0.01322862 0 0 0.05957461 0.04973662 0.03279197 0.01445822 0.05491192 0.003156438 0.02955499 0.05027724 0.01227074 0.1197262 0.08459423 0.07450859 0.03820524 0.06633152 0.07439443 0.02229887 0.01548815 0.0979977 0.07147337 0.02955661 0.07885356 0.03093702 0.05459014 0.0293899 0.04700607 0.02108684 0 0 0.007191383 0 0.003351879 0.04298873 0.001644731 0.005010089 0 0 0 0 0 0.04052896 0.02112677 0 0 0 0 0
0.05266135 0.2379326 0.1470712 0.07603523 0.06776936 0.1252616 0.07331163 0.2045817 0.1541071 0.1376919 0.06394673 0.1615548 0.1786601 0.1486433 0.1245652 0.01161214 0.01501363 0.03735278 0.02883349 0.00300368 0.01499563 0.04498383 0.03100189 0.03168197 0.01519181 0.02849615 0.03751588 0.03758946 0.01179203 0.04168948 0.006565967 0.1317398 0.02712096 0.03002763 0.06539718 0.01594688 0.06104963 0.09554546 0.02640319 0.1093705 0.08007682 0.01542759 0.03804047 0.07708488 0.1294684 0.08514812 0.06626482 0.08651435 0.02946494 0 0 0 0 0 0 0 0.0005003138 0 0 0 0 0 0 0 0.003581041 0.0002885271 0 0 0 0 0
0.02523734 0.06877142 0.2383341 0.04839745 0.1193552 0.1789958 0.1588152 0.225049 0.152189 0.08360069 0.06896611 0.06974223 0.1789406 0.01591344 0.06782313 0.08897614 0.006090539 0.09771816 0.0002175503 0 0.01201062 0.006290382 0.0513613 0.114248 0.05288022 0.05334897 0.06626921 0.1667985 0.07360121 0.01443076 0.05340739 0.07603901 0.0003111707 0.006540031 0.08993951 0.04235707 0.04931199 0.102889 0.01313087 0.07500041 0.161395 0.06219029 0.0350397 0.09987419 0.06000104 0.06842523 0 0 0 0 0 0 0 0 0 0 0.004547462 0.003869948 0 0 0 0 0 0.003479692 0.0003511565 0.00094611 0 0 0 0 0
0.05473142 0.1599602 0.1191973 0.05228264 0.1423226 0.1007472 0.08783232 0.04590485 0.08360019 0.07727532 0.05736584 0 0.005966151 0.0587162 0.2705363 0.04475979 0.004480983 0.0004224828 0.008962478 0.02841839 0.01815274 0.001115666 0.173452 0.1924276 0.06860141 0.1618451 0.08795883 0.145844 0.09383641 0.05980194 0.009430353 0.04245323 0.07836819 0.07957368 0.01237157 0.01500535 0.01476588 0.07215275 0.0002474379 0.01247716 0.1016877 0.04901144 0.07948472 0.08352217 0.03219169 0.01590214 0.0115223 0.002817455 0 0 0 0 0 0 0 0 0.008571379 0.01453504 0 0 0 0 0 0.006845903 0.000104665 0.02035001 0 0 0 0 0
0.04554062 0.03757991 0.100611 0.2458562 0.1158416 0.04328923 0.1312657 0.03330022 0.08902004 0.06761532 0.005571625 0.00732609 0.001375133 0.0491279 0.1003272 0.0003138853 0.07998203 0.1073336 0.009015993 0.02787999 0.0108326 0 2.744555e-005 9.56114e-005 0.01632519 0.09608153 0.08336224 0.0841719 0.06265163 0.03598171 0.003384858 0.03946675 0.09387798 0.07958991 0.01233539 0 0.04590948 0.05199215 0.09134527 0.006317478 0 0.05897529 0.07636265 0.03384716 0 0.005307251 0.013962 0.01835894 0.004284649 0.0002352373 0 0 0 0 0 0 0 0 0 0.01489557 0 0 0 0.003086861 0.01974757 0 0 0 0 0 0
0.09000054 0.09535985 0.2916521 0.2561687 0.1787082 0.06728847 0.1473251 0.07653399 0.1474938 0.09630454 0.04890303 0.03074933 0.05201098 0.05591585 0.1280024 0.005635707 0.06729519 0.1717191 0.07483193 0.02445689 0.009808074 0.1201847 0.1122808 0 0.008108397 0.02133789 0.07437743 0.03990301 0.06356169 0.005202877 0.1253849 0.1133695 0.0528095 0.08908636 0.01549524 0.02405196 0.05217212 0.05775213 0.01150486 0.03313635 0.0004872565 0.02057502 0 0.007441511 0 0.03592184 0.001251929 2.93596e-006 0.01434091 0.008266097 0 0 0 0 0 0 0 0 0 0.005415848 0 0 0.0178469 0.007607278 0 0.006926386 0 0 0 0 0
0.07913511 0.2050054 0.2026455 0.04956671 0.1073923 0.1451785 0.1782387 0.07247733 0.0663855 0.1004018 0.02413573 0.02248134 0.05605428 0.003813028 0.08867193 0.008932722 0.09006688 0.06837267 0.04239137 0.1458492 0.04204694 0.03676408 0.1009595 0.02478816 0.05847174 0.0298123 0.03593234 0.005812309 0.02616814 0.1449648 0.1059323 0.1839125 0.0681207 0.01118634 0.03066863 0 0.005593393 0.01393815 0.03953712 0.05366213 0.01322251 9.520359e-005 0 0 0 0.01627553 0 0.004240873 0.0005378154 0.0007975224 0 0 0 0 0 0 0 0 0 0.006783623 0 0 0 0 0 0 0 0 0 0 0
0.1395921 0.02029415 0.04759584 0.08397551 0.1982429 0.0490672 0.03564929 0.1399609 0.1873649 0.09660672 0.05060916 0.01702546 0.01043161 0.01211613 0.02609178 0 0.09795821 0.08456907 0.1293173 0.05511464 0.01235162 0 0 0.05059313 0.09347807 0.07068324 0.07763638 0.08543898 0.1063499 0.03026636 0.06731549 0.03408753 0.01236278 0.02871304 0.04949317 0.005602662 0.03547517 0.04739577 0.02919184 0.01388032 0.01997661 0 0 0.002820815 0 0.003504124 0.006715967 0.01962321 0 0 0 0 0 0 0 0 0 0 0 0 0 0 0 0.0004731004 0 0 0 0 0 0 0
0.1112643 0.06686963 0.000682216 0.0004711319 0.1001456 0.08204172 0.053023 0.0126958 0.1391113 0.0378214 0.03252349 0.09975603 0.1153912 0.1747828 0.1026684 0.004448366 0.2146583 0.05165709 0.02661974 0.02757104 0.05371922 0.001921049 0.01540998 0.09750572 0.09360404 0.03425236 0.02893078 0.03524733 0.08498268 0.06073907 0.07895748 0.1443228 0.001577928 0.008941964 0.02482257 0.02044948 0.03101199 0.001743348 0.121013 0.1206637 0.004693061 0 0 0 0 0.001688912 0.004932852 0.02636426 0.006882345 0 0 0 0 0 0 0 0 0 0 0 0 0 0 0.002658975 0.0006833227 0 0 0 0 0 0
0.03902769 0.08993954 0.07008726 0.1104423 0.0761579 0.02901645 0.1110224 0.03274802 0.02420593 0.1062877 0.143104 0.01802677 0.09913661 0.05205528 0.02350456 0.03074287 0.02170546 0.03951123 0.1070008 0.01223928 0.05970754 0.1052472 0 0.0144569 0.03895847 0.01162296 0.09296196 0.07299543 0.1351993 0.04415092 0.04636133 0.1272401 0.004401496 0.03359728 0.05981224 0.1145142 0.03161702 0.04910034 0.05296552 0.002124403 0.008306596 0.01262825 0.02010228 0.01270783 0.005055943 0 0 0.005797769 0 0 0 0 0 0 0 0.01002382 0 0 0 0 0 0 0 0 0 0 0 0 0 0 0
0.08487131 0.06526907 0.1112085 0.06767336 0.08062458 0.07877959 0.09418165 0.103075 0.104662 0.05715194 0.01317773 0.02300516 0.1382093 0.1364552 0.08903588 0.05678075 0.02453559 0.1170714 0.1531139 0.01671134 0.008700711 0.01055185 0.0008556467 0.01528334 0.1031708 0.1179078 0.08082513 0.03761123 0.01238861 0.01566705 0.01474824 0.04249449 0.000171938 0.04001201 0.03416611 0.07125169 0.02400962 0.02073139 0.02437277 0 0 0.02790357 0.02969486 0.007844748 0 0.001525748 0.005393679 0.01396325 0 0 0 0 0 0 0 0.0005913558 0 0 0 0 0 0 0 0 0 0 0 0 0 0 0
0.157784 0.1202692 0.002358249 0.003306856 0.04512952 0.01109552 0.004772718 0.01434287 0.02830212 0.02255712 0.02321929 0.008458927 0.003610265 0.06033695 0.04761291 0.1217604 0.1459186 0.1669341 0.1081349 0.01832956 0.01020809 0 0.1417079 0.1323239 0.1971263 0.1695532 0.1118016 0.05025068 0.004027782 0 0.008698294 0.01619287 0.009253592 0.0494501 0.08329874 0.07214809 0 0 0 0.002434453 0.04722042 0.01114019 0 0 0 0.003074393 0 0 0 0 0 0 0 0.0009078358 0.01204953 0.0371747 0.004442798 0.005168264 0 0 0 0 0 0 0 0 0 0 0 0 0
0.02551481 0.005168879 0 0.01055318 0.07406358 0.06197875 0.1477621 0.005944581 0.04787305 0.0608157 0 0.01239792 0.07403638 0.0006369648 0.006536965 0.03550407 0.1184153 0.264318 0.2068391 0.1231224 0.02561041 0.01588408 3.623581e-006 0.1418822 0.1249173 0.1057058 0.07828982 0.0002899182 0.06067537 0.1501405 0.05582889 0.04536217 0 0 0.00226584 0.02783942 0.002253851 0.006294312 0.02217229 0.0007604702 0.004687879 0 0.003762871 0.004526623 0 0 0 0 0 0 0 0 0 0.01522357 0.009681717 0 0 0 0.007511961 0 0 0 0 0 0 0 0 0 0 0 0
0.002037052 0 0 0 0.04744908 0.03247409 0.04647402 0.1046823 0.000249866 0 0 0 0.02186535 0.04582138 0.02390212 0.00111593 0 0.02003879 0.1274128 0.01578879 0.08345133 0.1382786 0.08286957 0.0251577 0.002858635 0.0001309881 0.01116552 0.01752244 0.1303678 0.06210045 0.003180708 0 0 0 0 0.01890352 0.001786464 0.001320265 0.03000806 0.008121986 0.005060634 0 0.002054774 0.01751039 0.00931532 0 0 0 0.001413068 0.01790546 0 0.004977923 0 0 0 0 0 0 0.004045944 0 0 0 0 0 0 0 0 0 0 0 0
0.03458483 0.007930105 0 0 0.001917082 0.01726185 0.005387872 0 0 0 0 0 0 0 0 0.009115227 0.08037745 0 0 0.02581325 0.04832302 0.03436781 0.04308034 0.04564472 0.01503181 0.02857508 0.09679484 0 0 0.001830062 0 0 0.001275321 0.008025107 0.03260469 0.008106738 0 0 0.002215799 0 0.004141699 0.004512608 0.0213011 0 0 0.006600921 1.019623e-005 0.04356841 0.04843489 0.0480982 0.002691983 0 0 0 0 0 0.014454 2.895188e-005 0 0 0 0 0 0 0 0 0.002927186 0.002972372 0 0 0
0.02652939 0.05132346 0.003412552 0.04077534 0.1592336 0.05071703 0.1122844 0.05588057 0 0 0 0.004199824 0.0006140124 0.07154048 0.00787245 0 0.003100701 0.01392846 0.05404698 0.1636059 0.0172241 0.09614929 0.09772584 0.05044519 0.04052966 0 0.01433707 0.006072732 0 0 0 0.008789946 0.006803808 0.006093956 0.005750075 0 0 0 0 0 0 0 0 0 0 0.01714454 0.05495011 0.07480995 0.02204154 0.01316292 0.005722283 0 0 0.01943987 0.01273083 0.008357844 0.009661614 0.007467902 0 0 0 0 0 0 0 0 0 0.01159593 0.003626286 0 0
0.0117209 0.049303 0 0 0.0366037 0.1383438 0.02019015 0.1871147 0.03594944 0 0 0.02848225 0.01391368 0.05419908 0.002237383 0 0.0001685107 0.01869139 0.08431348 0.09085158 0.1396773 0.1901199 0.0309734 0.06767357 0.00184357 0 0.02053466 0.01767586 0.01571814 4.157766e-005 0.0296307 0.004216101 0 0 0 0 0 0.005877884 0.008185329 0 0 0 0 0 0.0001484568 0.02955136 0.06719616 0.1019434 0.0809314 0.004848865 0 0.002295673 0.02946715 0.0114499 0.007953495 0.04044569 0.01631929 0.005256335 0 0.003658637 0 0.006848799 0.0078162 0 0 0.001556059 0.00385811 0.003460129 0.0005202128 0 0
0 0.02536008 0.006696678 0 0.00648063 0.07516018 0 0.03387681 0.006285265 0.04301067 0.09556019 0.09287535 0.0418276 0 0.005924444 0.007788655 0.010293 0.02989202 0.1032781 0.06305604 0.07167783 0.08658896 0.137758 0.06555349 0.01544432 0.006617838 0.05108823 0.0090667 0 0.03038813 0.05020037 0.002880595 0.004909953 0 0 0 0 0.02753544 3.088561e-005 0.01623663 0 0 0 0 0.0045974 0.08070033 0.1457533 0.05582769 0.004220574 0 0.004594853 0.01540089 0.009799844 0.001763355 0.00473832 0.007708538 0.004041571 0.03611681 0.04804419 0.0004716391 0 0.00252944 0 0 0.01140323 0.0211592 0.002902927 5.584119e-005 0.009132069 0 0
0 1.2166e-006 0 0 0.005926131 0 0 0.02011238 0 0.02285789 0.08687913 0.02295818 0 0.0004695729 0.0006747735 0.01276995 0.01431374 0.02112996 0.06804888 0.02377322 0.0431849 0.1526981 0.07923703 0.04704648 0.0101964 0.08361607 0.05668448 0 0.02036436 0.01782554 0.003708698 0 0 0 0.001982389 0 0 0 0 0 0 0 0 0 0.00460799 0.05819259 0.004709302 0 0 0.002301105 0.0125002 0.02341651 0.07037687 0.03091957 0.03534545 0.002531344 0 0 0.006563725 0.005057156 0 0 0 0 0.01522471 0.01661579 0.007725552 0.0006502892 0.0008297436 0 0.0003652019
0 0 0 0 0 0 0 0 0 0 0 0 0.008908253 0.007774054 0.01113678 0.002121381 0 0.008934766 0.004345896 0.004338276 0.002320602 0.1079953 0.08426157 0.04961763 0.02465491 0.01635739 0 0 0.0125886 0 0.01499426 0.007359717 0 0 0 0 0 0 0 0 0 0 0 0 0 0.0005348359 0.00193465 0 3.76661e-006 0.002597221 0.002887785 0 0.00549558 0.05752104 0.07368655 0.05146932 0.001156318 0.001983649 0.01111454 0 0 0 0 0 0.02779426 0.01535418 0.003360827 0 0.0009977728 0.002937114 1.078181e-005
0 0 0 0 0 0 0 0 0 0 0 0 0 0 0 -9999 0 0 0 0.003485367 0.001573532 0.00546922 0.01877333 0.02357109 0.02714697 0.020657 0.001205849 0 0 0 0 0 0 0 0 0 0 0 0 0 0.02540496 0.008263455 3.487924e-006 0.002396017 0.01755222 0.04814587 0.0008424985 0 0.003442994 0 0 0 0.016983 0.03293327 0.04034696 0.008894568 0 0 0 0 0 0 0 0 0.001429457 0.009224652 0.0007986815 0 0 0.000224479 0.02497679
0 0 0 0 0.02435686 0.004684511 0.01049975 0.0711922 0.002503583 0.0005757699 0 0.005456729 0 0 -9999 -9999 -9999 -9999 -9999 0 0 0.006765113 0 0.003808022 0.03677849 0.01584726 0 0 0 0.0008194236 0.01129857 0 0 0 0 0 0 0.01120885 0.0004902576 0 0.04940271 0.01423445 0 0 0.003156 0.02402222 0.01368178 0 0 0.01123366 0 0 0.00196754 0.0291974 0.05253373 0 0 0 0 0 0 0 0 0 0 0.0005334784 0.0142361 0.003473897 0.005802366 0.0008775435 0.02123541
0 0 0 0.008707435 0.1345992 0.01646344 0.09088045 0.02575942 0.04662022 0.01847979 0.05990891 0.01979268 -9999 -9999 -9999 -9999 -9999 -9999 -9999 0 0 0 0 0 0 0.03712481 0.03046654 0.0538338 0.04883894 0.001197009 0.003005382 0 0 0 0 0 0 0 0 0.002623148 0.01493708 0 0 0 0.01522315 0.04389708 0.1182155 0.01043438 0.00227357 0.003867325 0 0.001292088 0.004986806 0 0 0 0 0 0 0 0 0 0 0 0 0 0 0 0.0028627 0.0009045584 0
0 0.007283411 0 0 0.00717831 0.06447084 0.03932446 0.04997849 0.09527516 0 0.07238613 -9999 -9999 -9999 -9999 -9999 -9999 -9999 0 0.003128308 0.002600668 0.007309511 0 0 0 0.002449783 0 0.02332119 0.03569124 0.003567498 0.001555811 0.04456031 0.01482361 0 0 0 0.01229197 0.004603917 0.00170241 0.0380143 0.01585073 0.005983743 0.002623804 0.004141927 0.05397521 0.007984269 0.004348402 0.006321552 0.01230043 0 0 0 0.0003772548 0 0 0 0 0 0 0 0 0 0 0 0.009903143 0.006115312 2.515224e-006 0.009816357 0.002517849 0.00572256 0.01207706
0 0.01812076 0.01327542 0.006482311 0.04243233 0.07815743 0.1889226 0.1022219 0.06208653 0.005064278 0.01157483 -9999 -9999 -9999 -9999 -9999 -9999 -9999 0 0.0131988 0.04232087 0.05204618 0.06393366 0 0 0.04397238 0.04604852 0.08330292 0.02119036 0.01197849 0.0289823 0 0 0 0 0 0.01507338 0 0 0.009521861 0.00419585 0.001384865 0 0 0.01125814 0.01086848 0.0003580557 0.003108955 0 0 0 0 0 0 0 0 0 0 0 0 0 0 0 0.004346722 0.03584544 0.01566712 0 0.001264172 0.00236618 0.009489662 0.02451153
0.08276587 0.03363448 0.0807633 0.03290928 0.02272777 0.06416918 0.05785339 0.01210585 0.05496067 0.0009870394 0 -9999 -9999 -9999 -9999 -9999 -9999 0 0 0.05734221 0.07876531 0.08700354 0.07086499 0.04499299 0.01587489 0 0.03160458 0.02339168 0.008172243 0.002315544 0.05456607 0.001309937 0 0 0 0 0 0 0.02286341 1.988302e-005 0.004301704 0.003786648 0 0.001206407 0.07393015 0.04604092 0.002946615 0 0.007607024 0 0 0 0 0 0 0 0 0 0 0 0 0 0.007057192 0.01070225 0 0.009411418 0.0609791 0.04100412 0.01168714 0.02178917 0.01169126
0.03477607 0.06805825 0.06520799 0.01232614 0.007280999 0.04181755 0 0.001055535 0 -9999 -9999 -9999 -9999 -9999 -9999 -9999 0 0 0 0.05071403 0.05648772 0.06375824 0.02355171 0.04292301 0.02257575 7.930264e-006 0.1094245 0.0180965 0.008851619 0.008718616 0.004035005 0.02180176 0 0.0001309062 0.002482816 0.0002311061 0 0.007018045 0.02018066 0.008949932 0.01529642 0.0003602087 0.04405379 0.03610991 0.03151093 0.04964186 0.03798032 0 0.001653973 0 0 0 0 0 0 0 0 0 0 0 0 0 0 0.0001382841 0 0 0.01309847 0.01756671 0.004292049 0.01686667 0.002630528
0.08403826 0.04992638 0.01842818 0.04207565 0.03189154 0 0.01516338 -9999 -9999 -9999 -9999 -9999 -9999 -9999 -9999 -9999 0 0 0 0 0.05728327 0.01872964 0.005300136 0.01643397 0.04527966 0.02749862 0.106098 0.001959009 0.004206533 0.04556839 0.004932834 0.01509929 0.005530235 0.02048025 0.007327578 0.006535927 0 0.00415521 0.009236604 0.02929745 0 0 0.07753419 0.02769977 0.0006355504 0 0.0005191613 0.01090811 0.02549667 0.05238983 0.005055374 0.001398231 0 0 0 0 0 0 0 0 0 0 0.01330764 0 0 0 0 0.01086528 0.00727544 0 0
0.01217411 0 0 0.0259764 0.02812354 0 0 -9999 -9999 -9999 -9999 -9999 -9999 -9999 -9999 -9999 0.002600715 0.05891676 0 0 0 0 0 0 0.001238985 0.0205265 0.01258273 0.04357202 0.01240421 0.001954202 0.007211124 0.00021597 0.004334328 0.006498367 0.003155362 0.002612254 0.02280261 0.01146246 0.0008103342 0 0 0.004484921 0.04053953 0.01481891 0.02831808 0 0.003805618 0 0.06928384 0.0007618168 0 0.022001 0 0 0 0 0 0 0 0 0 0.0008291513 0.02139782 0 0 0 0 0 0 0 0
0 0 0 0 0 0 -9999 -9999 -9999 -9999 -9999 -9999 -9999 -9999 -9999 0 0.0375162 0.04209464 0.0355151 0.002923382 0 0 0 0 0 0.04052303 0.02544094 0.01383744 0.01191913 0 0.001791997 0 0.002239025 0 0.002150336 0.002700782 0.02349777 0.0242105 0.00144015 0 0 0.001072341 0.01092063 0 0.006168635 0 0 0 0.005417275 0 0 0.002531559 0 0 0 0 0 0 0 0 0 0 0 0 0 0 0 0 0 0 0
