EnvRasters/Baseline_High/barley.asc
ncols         270
nrows         223
xllcorner     24099.479091542
yllcorner     21023.840179216
cellsize      1003.8986847201
NODATA_value  -9999
[rows 96 to 127 of 223, columns 142 to 212 of 270]
0.01396135 0.04940736 0.05682201 0.009493729 0.0341414 0.02304674 0.1056092 0.0405487 0.06017035 0.03865298 0.1230763 0.05592293 0.1244448 0.05601479 0.0007996587 0.0714153 0.09979457 0.0895303 0.02233066 0.002753107 0.01188084 0.008707765 0.05415486 0.05704287 0.09844811 0.07439701 0.1591586 0.0243006 0.06361268 0.04770137 0.08343112 0.06716433 0.07294247 0.03773028 0.02954911 0.116416 0.04404946 0.04699565 0.01089392 0.005159141 0.04933992 0.07769823 0.06330296 0.06953698 0.003922624 0.01060623 0.005665577 0.02434765 0.09093413 0.05995179 0.04497036 0.1186252 0.02427344 0.068535 0.04640104 0.118445 0.1006978 0.02306028 0.04219052 0.0008134344 0.007935604 0.002883757 0.05646025 0.02119122 0.002134124 0 0 0 0 0 0
0.02503838 0.01596433 0.06742774 0.0353126 0.01942722 0.08705383 0.06934331 0.06547181 0.05760157 0.02256938 0.01238768 0.05185114 0.03903768 0.07045366 0.03371854 0.02917689 0.03371839 0.03799193 0.04097728 0.06548334 0.03926161 0.08207249 0.1007722 0.08699288 0.05687809 0.05071531 0.01452874 0.04643309 0.06129793 0.0431383 0.1007122 0.01448385 0.03451025 0.01525165 0.04479204 0.1137443 0.0737744 0.1004264 0.01308947 0.006293171 0.00277609 0.06260744 0.04872997 0.01244973 0.009424872 0.0226826 0.03421321 0.04727887 0.02795005 0.05466903 0.01560638 0.1127366 0.1274966 0.09209862 0.02672376 0.03199831 0.02171714 0.0282396 0 0 0.02714802 0 0.02949749 0.009591945 0 0 0 0 0 0 0
0.0224941 0.03620956 0.03746008 0.06655989 0.06789426 0.0569185 0.05547196 0.07170824 0.02530939 0.04339124 0.05460749 0.05404692 0.01006958 0.03773711 0.02905587 0.01433443 0.04841806 0.02795943 0.03086999 0.06761998 0.02743051 0.02037279 0.03139784 0.03802101 0.07199358 0.05552097 0.0003635573 0.002998233 0.05922856 0.05987628 0.02133509 0.009155503 0 0.003894706 0.04669986 0.03658078 0.09369845 0.08301688 0.01492114 0.05680459 0.106801 0.0113518 0.05036974 0.04199582 0.1472154 0.06126422 0.03490302 0.02987624 0.04415359 0.0464886 0.05405816 0.09196968 0.1842551 0.03600124 0.006229796 0.02210945 0.07523689 0.0258393 0.02715324 0.01442395 0.0329804 0.01200092 0 0.004776418 0 0 0 0 0 0 0
0.06059926 0.02155362 0.01496422 0.01732815 0.126832 0.07301532 0.07858101 0.06650068 0.03889245 0.01834229 0 0.03273387 0.1076224 0.0751528 0.04260026 0.08067288 0.06984362 0.1117154 0.01914633 0.04742644 0.01878952 0.0006262742 0.04274382 0.05967909 0.04159334 0.06070888 0.06729628 0.0103519 0.007593435 0.05089784 0.03420953 0.07966295 0.05120755 0.02209909 0.1120895 0.06524847 0.05286623 0.07113376 0.007378764 0.04177628 0.02440987 0.032596 0.1145319 0.07279294 0.05627837 0.0737335 0.1062573 0.04245504 0.04981549 0.04130514 0.004629445 0.06701723 0.04300716 0.03973425 0.06153204 0.01187673 0.07190377 0.04907309 0.04227275 0.00038181 0.0001117526 0 0 0 0 0 0 0 0 0 0
0.01131325 0.05481814 0.02561827 0.05930158 0.06321124 0.1379061 0.0587609 0.09729893 0.1116876 0.04880816 0.001268011 0.05715657 0.05541665 0.02203233 0.04814617 0.0866935 0.06545597 0.06599148 0.0262528 0.03865828 0.05560532 0.02751751 0.04663005 0.03559742 0.0347537 0.04855601 0.05235771 0.0376674 0.07397445 0.07845792 0.03140155 0.07081904 0.07125573 0.03519875 0.04872297 0.06371211 0.1519976 0.09783641 0.003268877 0.009955468 0.02025841 0.03318215 0.05267735 0.0222173 0.03679283 0.03672124 0.08892772 0.0653668 0.07971042 0.07707018 0.05571676 0.04651713 0.06267606 0.008839983 0.017395 0.02039519 0.01304156 0.05920058 0.0627455 0 0 0 0 0 0 0 0 0 0 0 0
0.04146956 0.07470573 0.01876293 0.02306424 0.0229671 0.0736154 0.05610262 0.04415308 0.06008134 0.03841532 0.04815622 0.04294864 0.007558596 0.08745632 0.14268 0.08538114 0.0715382 0.02065796 0.02018982 0.01556087 0.01223895 0.005382529 0.02672897 0.01707298 0.01033042 0.05249354 0.008710934 0.0568192 0.04669631 0.05169633 0.1035794 0.05095594 0.02848372 0.03084875 0.03541217 0.1854265 0.08605152 0.06733171 0.07457856 0.07557222 0.1155873 0.01995569 0.002948902 0.04843579 0.0761305 0.04414826 0.04567223 0.04930479 0.06253556 0.01993203 0.05007973 0.09552494 0.04886332 0.01471416 0.002795619 0.002945569 0 0.04927159 0.02742336 0 0 0 0 0 0 0 0 0 0 0 0
0.04003049 0.08268589 0.02060856 0.0345192 0.05563395 0.0912564 0.01493259 0.007011328 0.01351419 0.05420277 0.09089027 0.01188274 0.0478889 0.04173291 0.09307491 0.04977008 0.05750539 0.00901288 0.01061124 0.01775694 0.02083999 0.004234248 0 0.001380716 0.02656603 0.01607799 0.009131364 0.02553229 0.03721803 0.0357998 0.008141041 0.01114637 0.03517937 0.0190597 0.005275515 0.04608269 0.004871835 0.01118371 0.0288026 0.02961986 0.09356263 0.00386729 0.01768616 0.07127263 0.06366409 0.04621099 0.02293972 0.05246518 0.01849352 0.02952622 0.06229011 0.1333188 0.04476247 0.005261016 0 0 0 0 0 0 0 0 0 0 0 0 0 0 0 0 0
0.03952407 0.09260632 0.0716465 0.04281485 0.04019709 0.02612135 0.01184773 0.02260862 0.05650925 0.09253474 0.07719925 0.1125583 0.07839622 0.1034138 0.05799256 0.1229066 0.0653336 0.01737294 0.02348502 0.05125882 0.01770716 0 0.03170507 0.007622648 0.01016549 0.005844324 0.02276408 0.03656746 0.001786918 0.0332444 0.0002201517 0.02221178 0.04122694 0.03751441 0.0484428 0.06463088 0.07157151 0.004367657 0.02788612 0.03279152 0.05985862 0.04095251 0.06440461 0.02847846 0.0392076 0.02928822 0.02266792 0.002877928 0.04347834 0.02323379 0.02515029 0.1259194 0.05809881 0.02398823 0.008368622 0 0 0 0.002081602 0.001270456 0.01389701 0 0 0 0 0 0 0 0 0 0
0.1765166 0.0948997 0.1143527 0.06213152 0.007809329 0.001635677 0 0.07278645 0.08805329 0.003369641 0.05563068 0.1060019 0.04259597 0.08007609 0.07429419 0.03922769 0.04004674 0.03586759 0.0994738 0.02467818 0.0003092673 0.02097694 0.05008165 0.09152288 0.0198757 0.01282724 0.01980916 0.009554445 0.002362904 0.008151585 0.03187906 0.04403894 0.009184394 0.07258084 0.06873345 0.06016132 0.06392167 0.006040327 0.04200412 0.03741525 0.01475893 0.08343121 0.1103755 0.03350208 0.005324653 0 0.01623889 0.01424517 0.01572029 0.00655748 0.04174528 0.06302018 0.01154281 0 0 0 0.001172659 0.01513434 0.008614801 0.1087985 0.02903592 0 0 0 0 0 0 0 0 0.0314902 0
0.08656 0.07265405 0.02296451 0.003016101 0.006768596 0.006546858 0 0.06632357 0.01698712 0 0.03690688 0.06720064 0.1174579 0.02505293 0.05676587 0.01061583 0.02633536 0.05599814 0.02638844 0.01225348 0.005151742 0.01517529 0.06064178 0.01868244 0.00913351 0.02103906 0.02276393 0.04086743 0.001892103 0.03177443 9.871394e-005 0.07274761 0.04650634 0.06937119 0.05422738 0.08015703 0.09623543 0.05016433 0.04247607 0.02336746 0 0.03103004 0.06510399 0.06068761 0.03889273 0 0.01489816 0.06917164 0 0 0.02344432 0.01114433 0.06139421 0.007118896 8.953696e-005 0.0646899 0.03108235 0.05606369 0.0187788 0.006916114 0 0 0 0 0 0.03996605 0 0 0 0 0
0.05619754 0.03378483 0.02100278 0.04492879 0.05081053 0.03672919 0 0 0.005287434 0.04734844 0.06624908 0.005622298 0.05515986 0.03203425 0.04228443 0.02177863 0.02594636 0.115697 0.04215227 0.004092135 0.007600853 0.01203235 0.001869233 0.007695504 0.04266489 0.0682823 0.02805136 0.02836407 0.01136233 0.01249998 0 0.01759644 0.07805795 0.05470404 0.04063993 0.1236287 0.08481622 0.01658244 0.007243658 0.06129532 0.06102411 0.04072302 0.09703768 0.07416919 0.07876813 0.06039126 0.04979581 0.049913 0 0 0 0.002484402 0 0 0.002016216 0.09822402 0.07490242 0.04395746 0.02209104 0.002001846 0.0004279035 0 0.004206392 0.006522381 0.003056656 0 0 0 0 0 0
0.03455564 0.0267301 0.07996259 0.05547898 0.07560377 0.06638152 0.002504141 0 0.02539744 0.1007358 0.05427167 0.06307136 0.02513738 0.0376842 0 0.03349659 0.06020875 0.03301419 0.0515179 0.02743381 0 0.01104523 0.009023354 0.01469026 0.04578513 0.018571 0.0006588682 0 0.02607487 0.01063448 0.007351729 0.04846019 0.01438952 0.06466877 0.1151271 0.2380688 0.1308765 0.03575407 0.01888501 0.03072708 0.05250608 0.07118026 0.02487188 0.004356447 0.008234442 0.01058059 0 0 0 0 0 0.003454273 0 0.001317182 3.621512e-005 0.00801254 0.007077907 0.02839646 0.07038882 0.02966017 0.01523165 0 0.00911269 0.0001123211 0 0.01833944 0.05293958 0 0 0 0
0.01024371 0.03594923 0.09186435 0.04561172 0.04904281 0.009067321 0.002550254 0.004721817 0.0144356 0.02741315 0.02560447 0.003128615 0.04599557 0.01828969 0.01410457 0.02208065 0.02865651 0.04862105 0.1013544 0.03416072 0.0005834336 0.03112275 0.02561448 0.01071991 0.001338972 0.04451906 0.02184052 0.06193716 0.006574196 0.0005734688 0.02038013 0.01307559 0.08718155 0.1018371 0.1127837 0.0855692 0.1440757 0.04794043 0.01720698 0.04084982 0.08469807 0.01903861 0.001227029 0.002646083 0 0 0 0 0 0 0 0 0.01489716 0.03012018 0.05221399 0.08063222 0.01371777 0.002722458 0.006355494 0.01158328 0.0118416 0.01065568 0.002955123 0 0 0 0 0 0 0 0
0.02312138 0.1058746 0.08643861 0.03434724 0.03048813 0.01099752 0.007232314 0.02895884 0.004880459 0.01200505 0.002404677 0.01750334 0.009820955 0.04205672 0.03551262 0.04376309 0.05582104 0.06380068 0.1388424 0.0125174 0.03566536 0.04765193 0.006068207 0 0.03183383 0.02406452 0.04556663 0.0685188 0.01713533 0 0.01595553 0.01500047 0.09061423 0.07220429 0.09174345 0.04976254 0.02448186 0 0.03312293 0.03137013 0 0 0.008010848 0.00321764 0 0 0 0 0 0 0.01420062 0.02518885 0.01087549 0.02638333 0.05316659 0.03846853 0.03986544 0.02771814 0.02421767 0.0249005 0.02250894 0.03204789 0.03470893 0 0 0 0 0 0.003256998 0.0004567886 0
0.03843763 0.006291661 0.08598921 0.07869685 0.003413132 0.0226943 0.01365132 0 0.03520963 0.02039034 0.03430124 0.08255967 0.02549416 0.01601639 0.03965445 0.1389391 0.0157795 0.04126576 0.01709008 0.04618932 0.07933846 0.03163138 0.03614841 0.007192157 0.01119422 0.01769566 0.04057254 0.04626153 0.07069502 0.05944599 0.04038239 0.04920588 0.04453074 0.0828364 0.02878057 0.03547385 0 0 0 0.04490823 0.01472362 0.01046845 0 0 0 0 0.03259336 0.0217953 0.02413715 0.03623303 0.03281267 0.03147966 0.0227661 0.004986855 0.01047706 0.03327628 0 0.04441749 0.04763452 0.04737388 0.05691289 0.05554198 0.001131075 0 0 0 0 0 0 0.03957526 0
0.03945486 0.06671405 0.01732851 0.009680046 0 0 0.006464398 0.04878254 0.02357431 0.01738349 0.01003323 0.06234748 0.07167117 0.02041674 0.02536772 0.03252453 0.01344342 0.1560342 0.03007432 0.02136446 0.009161025 0.01897784 0.00410504 0.01527272 0.09610861 0.01365455 0.003412145 0.007815014 0.0262662 0.0662887 0.03380565 0.023778 0.04611348 0.02974969 0.008650411 0.05419054 0.004505923 0.005725706 0 0 0.006042664 0 0.05014011 0.08592892 0.002712175 0.01031513 0.1272284 0.1217628 0.0123783 0.05962417 0.1047983 0.01197735 0.07403126 0.02186043 0.02341606 0.05575754 0.020139 0.07396097 0.0386489 0.005792469 0.09491292 0.005046227 0 0.03587528 0.008373477 0.004422434 0 0 0.02551171 0.0440183 0
0.07530148 0.03638165 0.02221106 0.02283362 0.0131118 0.04333741 0.0202086 0.03481004 0.0430805 0.003150485 0.05356665 0.06037451 0.07034916 0.03640369 0.01091925 0.01703731 0.04262302 0.04922099 0.01290256 0.005193692 0.006720868 0.08969466 0.04359632 0.00344703 0 0.04798948 0.02133644 0.03463424 0.0008092046 0.01032315 0.01972734 0.03162973 0.006467218 0.03327333 0.001588602 0 0 0 1.406174e-005 0.008652893 0.0001526369 0.01503379 0.06671431 0.03753837 0.0003541317 0 0.03882663 0.005064716 0.008586574 0.04274689 0.01767545 0.04740353 0.06092496 0.03875157 0.0641519 0.09357622 0.03002534 0.03969913 0.01314481 0.0295593 0.01626654 0.04100686 0.1137484 0.01319772 0.04387594 0 1.778019e-005 0.006830353 0.006912497 0 0
0.07887033 0.127628 0.09082528 0.06409075 0.03122284 0.02540854 0.06152626 0.007152954 0.06023442 0.03815425 0.01291511 0.02616729 0.02143162 0.05820497 0.05172827 0.0007342369 0.01027893 0.02515799 0 0 0.0277909 0.07044797 0.0683213 0.02174366 0 0.01018327 0.01224177 0.02034868 0.0424555 0 0.1126144 0.1085937 0.02391046 0.00351682 0 0 0.009519218 0.01624086 0.005219159 0.01049017 0.02734662 0.09919065 0.09393022 0.02743677 0.02603899 0 0 0 0 0.06078032 0.2448449 0.1802636 0.1230002 0.06565834 0.002161567 0.02924915 0.1098774 0.0190735 0.00852876 0.04931328 0.0428149 0.05995528 0.06724077 0.01088554 0.07610334 0.09338392 0.06533217 0.1339903 0.006820117 0 0
0.05226307 0.08461441 0.1433858 0.01888795 0.05220379 0.03636261 0.01150731 0.02121064 0.06833879 0.01903782 0.0296444 0.09854061 0.06089395 0.05795201 0.05811594 0.003932376 0.001838849 0.01504793 0.001376033 0 0.007626422 0.004358278 0 0 0.01990884 0.06306668 0.005485478 0.006250937 0 0 0.003998409 0.08088761 0.06429159 0.07306553 0.007580525 0.05811211 0.01244436 0.03776285 0.1276622 0.06678098 0.0242941 0.1305542 0.1243588 0.07392507 0.07770596 0.09248299 0.0202888 1.094151e-005 0.01304573 0.04794077 0.1459916 0.1276918 0.1248951 0.08420151 0.004409907 0.02198724 0.06741615 0.009490923 0.006263271 0.07776771 0.02000167 0.01606374 0.01382444 0.07120693 0.04767695 0.151615 0.01120277 0.01238236 6.592518e-007 0 0.003957941
0.01138446 0.03849439 0.1387161 0.04244092 0.003268125 0.08671899 0.04065879 0.008579453 0.06837462 0.0309579 0.05063691 0.007444854 0.01432628 0.01120993 0 0 0 0 0 0.003419492 0.03127917 0.003884618 0 0.03292097 0.1242423 0.08805931 0.0292597 0.0001406302 0 0.008814952 0.07269222 0.1595808 0.1594473 0.02577319 0.02046508 0.03991956 0.003752661 0.05345521 0.1768544 0.0812654 0.05533093 0.1530203 0.1024645 0.03985476 0.02699951 0.03017982 0.07616574 0.0405859 0.005235473 0.02812977 0.09750799 0.1066953 0.06929594 0.093982 0.04927059 0.1312213 0.03673356 0.04444562 0.02029707 0.01193366 0.05559532 0.01742783 0.012021 0.06599367 0.03453135 0.001200947 0.003158594 0.006360359 0 0 0
0 0 0.02295863 0.104437 0.003849579 0.02735613 0.03225755 0.02749395 0.03124762 0.06168927 0.02284356 0.01166193 0.03898465 1.133128e-005 0 0 0 0 0 0.002318719 0.03968644 0.01715164 0.07346725 0.06278181 0.08667812 0.08940892 0.07043795 0.01461919 0 0.06313621 0.06820698 0.07755933 0.04633597 0.02850234 0.02307167 0.008089247 0.01241909 0.04920087 0.02739317 0.09737116 0.03696803 0.0911701 0.08012012 0.09729316 0.08054852 0.1370816 0.0718215 0.06466244 0 0.0401268 0.04792806 0.08284208 0.1079189 0.01216048 0.04302515 0.05386826 0.0138926 0.01653811 0.03477008 0.06119195 0.002421609 0.1241601 0.04978625 0.04943911 0.0241947 0.006574374 0.01260803 0 0 0 0
0.001453953 0.01056688 0.0006773392 0.01578549 0 0 0 0.008338465 0.01743463 0.001094385 0.0211974 0.004693534 0.04631505 0.008442882 0 0 0 0 0 0.003526669 0.02973573 0.006460573 0.001794498 0.03352052 0.05326437 0.08955991 0.0769411 0.03061456 0.001195705 0.02429959 0.00152642 0.0540733 0.05730338 0.03908812 0.0008693514 0 0.04188395 0.05383219 0.02023715 0.09976327 0.01734688 0.1012729 0.05959662 0.06476176 0.06551706 0.1120865 0.01764072 0.001125795 0 0.04165521 0.02498743 0.08024275 0.04608159 0.02495042 0.0399727 0.07109343 0.04666137 0.007539838 0.01732829 0.09670018 0.007771912 0.0204697 0.06294314 0.03305931 0.003003256 0.04504107 0 0 0 0.04890317 0.0002408247
0.009681359 0.04402159 0.04139014 0.01426503 0.008988285 0.01052311 0.04869122 0.0262145 0.01993936 0.001944157 0.0578778 0.03647455 0.02394415 0.0001361185 0.006936251 0.002901433 0.02182544 0.0003342338 0 0.00203624 0.01437133 0.008685953 0.008448702 0.03079211 0.03992382 0.1657199 0.05822798 0.09003279 0.08679915 0.1326059 0 0.08954404 0.03428582 0.03413574 0.1015296 0.03735397 3.138438e-005 0.01426173 0.01262144 0.02874486 0.05486241 0.01852581 0.0545728 0.01481253 0.08234707 0.03850745 0.03191595 0.01783685 0 0.02429703 0.134651 0.04008236 0.05585475 0.02531148 0 0.02484759 0.02640804 0.04222269 0.09760369 0.05416498 0.0235972 0.01487074 0.1011124 0.06650893 0.01005124 0.05758438 0 0 0.0006884339 0.007559009 0.001185282
0 0.04208538 0.02408287 0.07508215 0.02897184 0.004633324 0.05831176 0.09294904 0.04852322 0.01096395 0.01493973 0.09438136 0.1273152 0.005579316 0.05870043 0.01133536 0.04511193 0.02575939 0 0.02661976 0.01951921 0.01182183 0.007555579 0.03147672 0.08148554 0.07947017 0.004611697 0 0 0.02874811 0.01364064 0.04615765 0.07581062 0.04731374 0.01199344 0.0538222 0.02471648 0.02528533 0.1231762 0.06950195 0.02888993 0.01289177 0.06414427 0 0.0139753 0.04157232 0.04223116 0.064044 0 0.06785772 0.09149383 0.02792988 0.05961767 0.004134628 0.02046744 0.114204 0.01910151 0.02876175 0.03866542 0.06307914 0.0108268 0.1163227 0.05671212 0.02351689 0.04029174 0.02767676 0.007490672 0.02025374 0.002311551 0.0005256204 0.003524264
0.04795229 0 0.0067002 0.09752808 0.01861968 0.02474883 0.08273443 0.1139808 0.1219694 0.003734317 0.01039454 0.01614122 0.009777235 0 0.02459754 0.05551312 0.05491646 4.687708e-005 3.994857e-006 0 0.02951011 0 0 0.01864725 0 0.02493612 0.04117768 0 0.07392892 0.03435751 0 0 0.002580676 0.03722477 0.02366531 0.05873295 0.1725338 0.1515216 0.1315772 0.04799731 0.05630425 0.1071134 0.03306469 0.004892277 0.0005369516 0 0.0493041 0.1507074 0 0.02159522 0.117314 0.1014151 0.1107337 0.05672353 0.03870419 0.05525638 0.01563619 0.001288103 0.02290408 0.006296563 0.0135816 0.0318267 0.01962986 0.05181145 0.009476751 0.03298856 0.03382282 0.03900826 0.05594923 0.02944505 0.05976848
0.006312612 0.02412452 0.03045749 0.07694539 0.08881072 0.07609798 0.2141806 0.1558412 0.1835703 0.1068326 0.07327192 0.02383559 0.04843498 0.01181312 0.01672985 0.009572268 0.02710182 0.0128144 0.02084539 0 0 0 0 0 0.0628171 0.04874041 0 0 0.0009378304 0 0 0 0.006109444 0.0411806 0.0949304 0.0379739 0.02776248 0.08559132 0.06126865 0.006128409 0.008348321 0.04389118 0.003365435 0.05313466 0.03170649 0 0.0430649 0.02775277 0.0005790985 0.00355819 0.06165915 0.1885222 0.04210428 0.03103324 0.01538455 0.05467771 0.007412379 0.0578985 0.1128885 0.03040989 0.01871277 0.001137921 0.01742871 0.02831535 0.01685832 9.392479e-007 0.04825851 0.1540763 0.01889474 0.03405301 0.045759
0.05311462 0.001285494 0.03660117 0.04822205 0.07571165 0.04091391 0.05003801 0.07171167 0.160597 0.06998461 0.008353889 0.003311072 0 0 0.0106422 0.02873875 0.04982158 0.04265588 0.004824667 0 0 0 0 0.003334343 0.004269748 0.01325938 0 0.01575115 0.01306885 0.007599202 0 0.002262566 0.03563508 0.03403784 0.09927231 0.01637065 0.03891813 0.08962043 0.07313924 5.810851e-005 0.07702629 0.05506039 0.05263942 0 0.0127172 0 0.004124779 0.05228118 0.01058952 0.04768403 0.02984345 0.04170125 0.03693821 0.1150101 0.0685726 0.003630126 0 0.0183909 0.01369544 0.02330368 0.02046678 0.01838399 0.001756938 0 0.009782375 0.05392114 0.0006184372 0.03955157 0.0009869374 0.05178207 0.02364449
0.07574868 0.01992737 0.007662 0.02092321 0.09549691 0.04832055 0.02550455 0.08548748 0.1138651 0.112602 0.0843496 0.04966257 0.02954489 0.009351363 0.02045445 0.01310221 0.09385569 0.0411904 0.002020007 0 0 0 0 0.01304831 0.003554427 0 0.03776147 0.02118371 0.02856222 0.01040419 0.02742883 0.05028849 0.02808379 0.06621377 0.134812 0.07974127 0.09991312 0.06120521 0.05565456 0.07319094 0.05350951 0.02958495 0.003127048 0.04172067 2.418155e-005 0.02871928 0.047019 0.01557071 0.0598927 0.009678844 0.001901929 0.01146609 0.06715081 0.1314733 0.006882501 0.04832505 0.01607177 0.009414055 0.05479103 0.08042199 0.003526842 0.01777954 0.004091617 0 0.1025173 0.1213741 0 0.0006762604 0.1169207 0.0533069 0
0.04671149 0.02490873 0.02521478 0.01386271 0.05578509 0.0119525 0.09243558 0.05388734 0.06275428 0.09672082 0.02976074 0.1302422 0.08302825 0.01399378 0.008430961 0.01812524 0.02515854 0.002675663 0 0.002857651 0.006538722 0.005417603 0 0 0.01527586 0.001382815 0.06274358 0.05283315 0.04386274 0.1100232 0.02530026 0.1219111 0.117969 0.02490762 0.01461198 0.03763605 0.09851882 0.09857634 0.04674726 0.04194703 0.08845571 0.08870386 0.1165526 0.04184642 0.04720393 0.02580527 0.1360116 0.04834532 0.04350158 0.003826894 0.01373369 0.05015566 0.1032006 0.02190057 0.06325687 0.04828443 0.00870848 0.01057834 0.05759129 0.07024039 0.03195474 0.01045703 0 0.02776344 0.03942911 0.0001732786 0.0001108134 0.005950456 0.01365593 0.002399949 0.001325518
0.08186498 0.05203068 0.0359089 0.104792 0.0522608 0.02845759 0.04890645 0.01797325 0.08162808 0.04619407 0.02493962 0.02464044 0 0.08099541 0.0507824 0.04842594 0.008525692 0 0 0 1.465445e-005 0.02951794 0.05759274 0.02695392 0.04911928 0.0375851 0.0777522 0.1015489 0.1738409 0.07509196 0.03873168 0.08387108 0.03308788 0.02537597 0.04281141 0.1159238 0.02509014 0.04786902 0.0782377 0.07820491 0.1031512 0.07777508 0.002533996 0.02468313 0.0826726 0.03998048 0.03975236 0.05010447 0.1703812 0.1207795 0.09319647 0.05712336 0.001421985 0.002071344 3.872944e-007 0.001506161 0.03162633 0.008255218 0.004134221 0 0.014802 0 0.00531462 0.02961694 1.622824e-005 0 0 0.001078951 7.096169e-005 0 0.001195406
0.03215905 0.02018477 0.07071856 0.09372349 0.03162683 0.02356435 0.07559244 0.0294487 0.1140614 0.09369209 0.0103464 0.04058926 0.1133551 0.08898452 0.07907707 0.1273839 0.01702962 0 0.02716648 0.001772175 0.006197325 0.01765946 0.03286842 0.0684825 0.02951677 0.1613364 0.06099563 0.02312949 0.0741535 0.06848208 0.01598156 0.04271025 0.08333696 0.05634183 0.1298572 0.07329247 0 0.01465792 0.0292798 0.1399595 0.05879987 0.08215974 0.001020328 0.02454526 0.01100749 0.003317441 0.01922519 0.0303682 0.05728926 0.1080772 0.1383164 0.02291391 0.07017224 0.04002952 0.05867446 0.03592481 0.03154983 0.001515658 0.0200331 0.1015463 0.01921081 0 0 0.01971746 0.006220667 8.63948e-006 0.002820436 0.01818346 0.001859286 0 0
0.01485364 0.01736512 0.009913305 0.1302343 0.01626197 0.01164307 0.0336642 0.08129536 0.06899262 0.1741564 0.1627192 0.09527362 0.07710114 0.0684588 0.0303889 0.05181986 0 0 0 0.01092734 0.09292997 0.01032322 0.04866945 0.04917552 0 0.02165743 0.0276627 0.05440149 0.02008386 0.0172448 0.01477764 0.004718311 0.04692217 0.04814453 0.04965987 0.06207415 0.01246414 0.06588005 0.05981238 0.01994791 0.06859444 0.1317238 0.1371756 0.01799045 0.04880397 0.01343956 0.08477508 0.003896715 0 0.01920054 0.01520179 0.03533264 0.01310977 0.05033176 0.05604853 0.01022443 0 0.0006277168 0.02843822 0.0892136 0.003033719 0 0 0 0 0 0 0 0 0 0
