EnvRasters/Baseline_High/barley.asc
ncols         270
nrows         223
xllcorner     24099.479091542
yllcorner     21023.840179216
cellsize      1003.8986847201
NODATA_value  -9999
[rows 32 to 63 of 223, columns 0 to 70 of 270]
-9999 -9999 -9999 -9999 -9999 -9999 -9999 -9999 -9999 -9999 -9999 -9999 -9999 -9999 -9999 -9999 -9999 -9999 -9999 0 0 0 0 0 0 0 0.005161691 0 0 0 0.05936517 0.07978348 0.007982293 0.03273343 0.009114618 0.001369304 0 0.001801535 0.003218715 0.002784089 0.002771528 0.02034608 0.006113289 0 0 0 0 0 0.000544138 0 0.003050081 0.004437624 0.006317245 0.002083857 0.003527151 0 0 0 0.00393815 0.003691742 0 0 0.0009718391 0 0.003002654 0.0008854643 9.88491e-006 0.0004275191 0 0.001434927 0.001871198
-9999 -9999 -9999 -9999 -9999 -9999 -9999 -9999 -9999 -9999 -9999 -9999 -9999 -9999 -9999 -9999 -9999 -9999 0 0 0 0.009617798 0.01090977 0.004737642 0.005258762 5.107491e-005 0.006202722 0.001216275 0 0 0.03478157 0.02676078 0.04446522 0.02936112 0.005004167 0.01110947 0 0.004288168 0.006827415 0.01528529 0.007325056 0.001986246 0.00648583 0 0 0 0 0 0 0 0.00050487 0.001295511 0.0003228809 0.002336806 0 0 0.008062698 0 0.009466729 0.00374076 0 0 0 0 0.000543136 0 0.004747266 0 0 0.0009442945 0
-9999 -9999 -9999 -9999 -9999 -9999 -9999 -9999 -9999 -9999 -9999 -9999 -9999 -9999 -9999 -9999 0 0 0 0.004424117 0.03395061 0.03805954 0.02687048 0.0001987297 0.0335185 0.005584334 0.0001206705 0.02391258 0.03779346 0.009345145 0.0060576 0.02551345 0.02858463 0.03174947 0.01741799 0.0269033 1.835809e-005 0.0001729995 0.003483857 0 0.002301464 0 0 0 0.005068969 0 0 0 0 0 0 0 0 0 1.300434e-005 0.002596457 0.006552161 0.006148954 0.01371803 0 0 0 0.003361752 0 0 0.0008402132 0.001906375 0.01089666 0 0.01082325 0.009232291
-9999 -9999 -9999 -9999 -9999 -9999 -9999 -9999 -9999 -9999 -9999 -9999 -9999 -9999 -9999 0 0.00266101 0.0151856 0.02328459 0.01278382 0.0376236 0.007503914 0.009978863 0.01704068 0.002483512 0.0210059 0.08538813 0.02486395 0.0264636 0.0608597 0 0.004482132 0.0243126 0.04772229 0.01562511 0.01491849 0 0 0.0002004558 0 0 0 0 0 0 0 0 0 0 0 0 0.002523185 0 0 0.002533331 0 0.002309426 0.002610632 0.002985283 0.005456196 0.0003439518 0.005666187 0 0 0.003228852 0 0.005463135 0 0 0 0.001326081
-9999 -9999 -9999 -9999 -9999 -9999 -9999 -9999 -9999 -9999 -9999 -9999 -9999 0 0 0.004616555 0.05159916 0.009085129 0.0171094 0.04470769 0.003444215 0.01012182 0.01408621 0.02646913 3.498635e-005 0.01434973 0.02915093 0.008473789 0.006324915 0.01476967 0.002551454 0.008799834 5.98399e-005 0.0004603676 0.005601576 0.002226456 0.01283364 0 0.003921733 0 0 0.003829766 0 0 0 0 0 0 0.003304164 0 0 0 0.002763335 0 0 0 0 0.005329746 0.0002747506 0 0 0 0.0008148948 0.002568549 0.0003710726 0.003388999 0.002871428 0 0 0 0
-9999 -9999 -9999 -9999 -9999 -9999 -9999 -9999 -9999 -9999 -9999 0 0 0 0.01914676 0.02908413 0.03445506 0.01852938 0.01953866 0.01559149 0.008347169 0.01655594 0.01302429 0.03305735 0.01630855 0.002882133 0.0374491 0.02098958 0.02505138 0.0361873 0.006587397 0.003910142 0.007136245 0.001450469 0.003675473 0 0.0006275886 0 0.003795463 0.004673941 0 0.00408923 0.006172512 0 0.01120989 0.002988794 0 0 0.002573255 0.01305986 0.00386104 0 0 0.0001398445 0 0.0008213704 0.005704194 0.0005909206 0.005349608 0.005563107 0 0.001874885 0 0 0 0 0 0.006146922 0 0 0.000473439
-9999 -9999 -9999 -9999 -9999 -9999 -9999 -9999 -9999 0 0 0 0.002941242 0 0.00373224 0.01742759 0.02043554 0.006150667 0.03418501 0.01875698 0.004924949 0.001331607 0.02148552 0.02673018 0.007450123 0.005238674 0.005478333 0 0 0.0003681065 0.001991376 0.002709379 0.01514744 0.002030974 0.007130582 0.0005457554 0.008261427 0.002976702 0.01932652 0.01679915 0.002737772 0.006766604 0.00963649 0.001537797 0.002900134 0 0 0 0.002525263 0 0.003632111 0.002209987 0 0.00601249 0.002641554 0.01093597 0.01974515 0.001973008 0.002622373 0.006976108 0 0 0 0 0 0 0 0 7.902163e-005 0 0
-9999 -9999 -9999 -9999 -9999 -9999 -9999 -9999 0 0 0.006144122 0 0.0006143741 0.004974849 0.007210534 0.00742982 0.07576694 0.01839332 0.04114589 0.02561107 0.0338918 0.008067225 0.005515386 0.04534676 0.02898325 0.005861699 0.005036729 0.006687615 0 0.01225397 0.0002923518 0 0.006499565 0 0.002666774 0.01037218 0 0 0.001578064 0.0009589785 0.01182031 0.00280843 0.01642588 0 0.01480594 0.02409262 0 0 0 0 0.003436817 0.0008102462 0 0.002268266 0 0 0 0 0.001290513 0.00147742 0 0.0002207076 0 0.004547825 0 0.001924505 0.00631266 0.01835318 0.01746942 0 0
-9999 -9999 -9999 -9999 -9999 0 0 0 0 0 0.0283086 0.03352667 2.625484e-005 0.01295916 0.02646945 0.0006332013 0.01881288 0.04605834 0.04814629 0.02211352 0.01757765 0.01323365 0.008218406 0.0225199 0.01445055 0.03747564 0.0258403 0.02153382 0.008479564 0.002312876 0.009920225 0.03149945 0.01411251 0.005940745 0.01360813 0.006943645 0.001191562 0.003865231 0.008164092 0.01434049 0.01143812 0.009225423 0.04140341 0.007302747 0.00340011 0.02020591 0.001688599 0 0 1.700957e-005 0.01125983 0.002129699 0 0 0.0008380964 0.004257574 0.0002151684 0.001683802 0.004707345 0.002287478 0.009475559 0.002327379 0 0 0 0.01262522 0 0 0.009164903 0 0
-9999 -9999 -9999 -9999 0 0 0 0 0 0 0.0130145 0.06413876 0.002646715 0.001293063 0.009636423 0.001867475 0.0181624 0.05649364 0.03605387 0.02720035 0.038267 9.589467e-005 0.005157053 0.01297107 0.01079434 0.03471965 0.01906611 0.006978078 0.00412756 0.001572231 0.01707639 0.00165053 0.006367453 0.0009175381 0 0.002289332 0.001132454 0.02130826 0.01769747 0.01902463 0.001232742 0.001606245 0.004205761 0 0.007407268 0.002339388 0 0 0 0 0 0.007216478 0 0 0.001769971 0.004323383 0.0001968986 0.0001073802 0 0 0.006431903 0 0.0001066565 0.01618991 0.001765543 0.005347811 0.02529962 0.005813942 0.001712115 0 0.001621994
-9999 -9999 0 0 0 0 0 0 0 0.04435969 0.05729049 0.06217793 0.02904151 0.04847143 0.09088705 0.0353015 0.07595899 0.0666622 0.04254976 0.05389472 0.09506555 0.02398353 0.004962199 0.02711781 0.01463017 0.007232944 0.01149805 0 0.005052644 0 0.01039705 0.009677516 0.02023575 0.008040505 9.211213e-006 0.004335073 0 0.01804031 0.01335425 0.01653159 0.002974808 0.01018518 0 0 0 0 0 0 0 0 0.003589077 0 0 0 0.003119588 0 0 0 0 0.00114343 0.001217076 0.01233125 0.005331256 0.001706826 0.02036188 0.0132433 0.001669753 0.001418404 0 0.006055492 0.001038378
0 0 0 0 0 0 0.03570788 0.04030609 0.05464979 0.01874284 0.1269938 0.05223137 0.02021056 0.02413052 0.03484711 0.0123135 0.05754574 0.06176137 0.04026757 0.0224563 0.029806 0.02335132 0.002726608 0.05208386 0.02497978 0.000651388 0 0 0.0002833488 0 0 0 0.001630332 0 0 0 0.002343633 0.0004203263 0.02039847 0.01626908 0.003102445 0.002273548 0.002472893 0 0.003338192 0 0 0.001515363 0.001121819 0 0 0 0 0 0.006818264 0 0 0 0.01005464 0 0 0 0.005909935 0.01551838 0.005719771 0.004815547 0 0.001281332 0 0 0
0 0 0 0 0.01711317 0.02350201 0.008983831 0.08634634 0.004175225 0.03889914 0.03050085 0.001228038 0.009987352 0.02165508 0.08084868 0.01544475 0.05330565 0.04200464 0.07686479 0.03102012 0.07447726 0.04271462 0.008081936 0.006294557 0.007752304 0.004610513 0.001604103 0.00182677 0.007675881 0.02165183 0.01079153 0.0107754 0.009876193 0.001775216 0.001626633 0.01407971 0.004039129 0.006689595 0.004029925 0.01256442 0.02600865 0.0006098458 0 0.001285364 0 0 0.004414956 0.0002877717 0.001855428 0 0 0 0 0.0125435 0.007412197 0.00335462 0 0 0 0 0 0 0.002846066 0.01090572 0.005193037 0.002323388 0.006493855 0.01160784 0.002219775 0 0
0 0 0.007464088 0.01352681 0.008191861 0.03734764 0.07136589 0.01161567 0.0358851 0.07366726 0.08260232 0.03327782 0.04879924 0.03344896 0.006843697 0.006272545 0.01460741 0.04048552 0.0204549 0.01940384 0.004227621 0.03344931 0.02155888 0.01476087 0.002208027 0.001751026 0 0 0.0007228156 0 0.001814293 0.002074435 0.002468719 0.01408244 0 0.005533688 0.0003009727 0.006770692 0 0.005310034 0.007863245 0 0.008214861 0 0 0.0148045 0.004903901 0.002570401 0.002984676 0 0 0 0 0.02355257 0.008042628 0 0 0 0 0 0 0 0.004241453 0.03658251 0.01273025 0.005197229 0 0.004586123 0.002795763 0 0
0.01630528 0.01262174 0.0398007 0.01755536 0 0.01239711 0.02844736 0.038382 0.05570753 0.05054077 0.1091511 0.0679243 0.06368515 0.01314164 0.03172919 0.001288194 0.04445215 0.05845749 0.004098622 0.009804029 0.01065628 0.00171225 0.00946521 0.005315993 0.001984704 0.002618552 2.843672e-005 0 2.395611e-005 0.01148641 6.868912e-005 0.0121019 0.00465316 0 0 0 0.0003869743 0.0111283 0.001730216 0.002345948 0.01908852 0.0109577 0.01044871 0.002464444 0.002012532 0 1.265364e-005 0.007880411 0 0 0 0 0 0.008158057 0.02345093 1.355033e-005 0 0 0.00583337 0 0 0 0 0 0 0.0001713606 0.005540265 0.00613637 0.0002512408 0.006322184 0
0.02176754 0.005538219 0.04079128 0.004305182 0.01118815 0.01323497 0 0.0002914742 0.01331665 0.04696159 0.03424942 0.008409197 0.02148457 0.01748295 0.02261155 0.023549 0.06083382 0.009234224 0.02876039 0.06202878 0.007633043 0.0006252974 0.01239491 0.009343631 0 0.007104737 0.004586674 0.005306419 0.01935851 0.005356621 0.001870002 0.005996782 0 0.01361949 0.01108603 0 0.01533659 0.006076548 0.005445777 8.909361e-005 0.01814322 0.0008352023 0.0009271433 0.004958949 0.002914323 0.001617123 0 0.008770653 0 0 0 0.02753061 0.002851957 0 0.00223503 0 0 0.00784572 0.002139577 0 0 0 0 0 0 0 0.001778719 0.005122754 0.000751017 0 0
0.01430225 0.02478067 0.1095778 0.07846207 0.03916898 0.03519935 0.004878131 0.005700394 0.01874241 0.02260657 0.02324881 0.04973633 0 0.02714482 0.03952242 0.007034907 0.03907442 0.02085513 0.01336028 0.04382563 0.008082282 0 0 0 0 0.002304009 0 0 0.002738956 0.0120121 0.01301985 0 0 0 0.002563076 0.0003708022 0 2.69032e-005 0.01243645 0.0006999256 0 0 0.01517765 0.004917628 0 0.003748567 0.01187259 0.001381383 0 0.006662259 0 0.003552239 0.0002329861 0.005283877 0.002432589 0.0003998209 0 0.0008877689 0 0 0 0 0 0 0.001005277 0 0 0 0 0.001703468 0.01789845
0.02089363 0.08956827 0.04244186 0.1021551 0.01573234 0.06469388 0.03613657 0.05166639 0.06925167 0.05281224 0.007031243 0.06227228 0.03425639 0.05211681 0.0131525 0.00472696 0.009144705 0.02490321 0.01290699 0 0.01352572 0.01193934 0.001190298 0.0006343711 0.0001192279 0.01036618 0 0 0.0007630305 0.002729084 0.00235438 0.007553556 0.0002425178 0.004886064 0 0.0001811565 0.00371106 0 0.005056886 0.003909204 0 0 0.001665002 0.00943328 0 0 0.0008807175 0.009443753 0.007664985 0 0 0 0 0.03114444 0.0007636786 0.0008955859 0 0 0 0.001000615 0.008009565 0.006221159 0 0 0 0 0.0001055064 0.008124043 0 0.007419428 0.0003165246
0.02216549 0.04937178 0.0112212 0.04687893 0.07373808 0.04981846 0.03809432 0.04984223 0.03296848 0.01366091 0.02734356 0.0195247 0.007135957 0.04499643 0.0189641 0.00915067 0.01538017 0.02945259 0.03682904 0.004494188 0.01124924 0 0 0 0 0.003192504 0 0.000978768 0.004522256 0.00195725 0.01149893 6.782197e-005 0.001775976 0 0.005021751 0.005102966 0 0 0.001217263 0.001723267 0 0.003594693 0 0 0.006265577 2.00831e-007 0 0.002766692 0.0003185216 0.001342834 0.0003204365 0.002302798 0 0.02511512 0.006318958 4.09258e-005 0.01032791 0.005607627 0 0.01373367 0.006925858 0.01112148 0.002229017 0.0007705256 0.01031644 0.005488054 0.009758648 0.0004295846 0 0.001194913 0.004675032
0.0001800055 0 0.02086115 0.03806181 0.03326812 0.07481561 0.03030322 0.05566387 0.04965774 0.01442506 0.02729863 0.02839607 0.000800869 0.00441537 0.03336655 0.0225824 0.06167188 0.0211347 0.002156068 0.0108635 0 0.00256676 0 0 0.0007283081 0.01924938 0 0.01829055 0.002700072 0.00496855 0.008624132 0.002700033 0.01098133 0.003865289 0 0.00327568 0.007569046 0 0.0001115283 0.003651648 0.00093556 0 0.0006653067 0 0.003215469 0.0008197852 0 0.006473576 0.003031626 0.005390681 0.0007690406 0.002469644 0 0 0 0 0 0 0 0.001156034 0.0009145297 0.003423239 0.0006382182 0 0.006613206 0.005011141 0.008598176 0.002254036 0.01090939 0 0.004266949
0.02522424 0.005281602 0.04711235 0.04712943 0.01047202 0.04718455 0.02130018 0.03327775 0.04237279 0.05785927 0.02305499 0.0125465 0.0352081 0.0101929 0.004736986 0.01206377 0.04943591 0.01833938 0.01216651 0 0 0.0007233294 0.02046066 0 0 0.002211498 0 0.001376473 0 0.001331731 0.0007332634 0 0 0.01586579 0.005007509 0.003213653 0.009373062 0.008023638 0.003287441 0 0 0 0.003089832 0 0 0 0 0.003741611 0 0 0.001684953 0.001466578 0 0 0 0 0 0.004938059 0.0002741334 0.004216292 0.01101065 0.002239128 0.01304731 0.00981096 0 0 0.001944461 3.895255e-005 0.005828016 0.004458955 0
0.1531996 0.04609264 0.02388291 0.03142877 0.04460851 0.0440691 0.0372186 0.01888096 0.06003837 0.01582795 0.01283072 0.02003174 0.0488667 0.009516477 0 0.0005186622 0.001281569 0.005656471 0.004696313 0 0 0 0.008931673 0.005739939 0.00759243 0.007153972 0.001786767 0.003747283 0.001784544 0 0 0.00982486 0 0.001296023 0 0.007349995 0.005105501 0.005828211 0 0 0 4.476495e-005 0 0.01454256 0.002172758 0 0.009069297 0 0 0 0 0 0 0.001322928 0.008764129 0 0.006395109 0.003865697 0.003782397 0.006688136 0.001963364 0.002975515 0 0 0 0 0 0.001242612 0 0 0
0.03346859 0.03096657 0.01548475 0.05211819 0.04008288 0.02822216 0.02445221 0.04397425 0.008975121 0.01352989 0.01354715 0.0439582 0.02544785 0.0628729 0.0001002292 0.01384819 0.004990174 0.01105931 0.03860466 0 0.009436999 0.006994884 0.007487605 0 0.01320638 0.01496382 0.0007339958 0.01243618 0.01298829 0 0.0001232532 0.0008269663 0 0 0.003759914 0.002746711 0.003495518 0.01329637 0 0.007354085 0.006601153 0.00469978 0.005744691 0.004032893 0.009843817 0.0020678 0 0 0.002447009 0.005377741 0 0 0.01194732 0.005487426 0.01876535 0.005636403 0.01175764 0.01102132 0.001521164 0.002303009 0.004133789 0.007177526 0.002902451 0.0192553 0 0.001358262 0 0 0 0 0
0.02107741 0.06966083 0.03837409 0.0214583 0.02366389 0.01509197 2.287911e-006 0.04704428 0.02984204 0.009585322 0.003361558 0.04318916 0.1053558 0.06011715 0.03555456 0.001205143 0.00738848 0.001419573 0.001051753 0.00300009 0.002592488 0.0310301 0.0148743 0.007366244 0.007853081 0.02417701 0.008288498 0.01160287 0.01022235 0 0 0.003038542 0.002191626 0.006254339 0.004799893 0.0009510419 0.01711862 0.006199022 0.01200482 0.01121265 0.02190096 0.008532219 0.002315009 0.0205588 0.0001354335 0.0006757767 0.004136015 0.001673622 0 0 0 0.001184438 0.006128007 0.002067123 0 0.002167041 0.005402197 0 0.005521938 0.0006549484 0.01052471 0.0005069642 0.004548468 0.00279937 0.001604254 0.003165931 0.01103963 0.001575166 0 0 0
-9999 0.008285523 0.03224295 0.0494332 0.03031849 0.0155163 0.005168068 0.008994909 0.002673898 0 0.005397746 0.01857196 0.03173092 0.04157689 0.0451226 0.008610614 0.01536799 0.01148835 0 0 0.003062392 0.01718941 0.01783502 0.001469848 0.01897464 0.0359636 0 0.004450568 0.00395269 0.002776945 3.014358e-005 0.005564183 0.003532395 0.005098274 0.002139979 0.004733035 0.0004998726 0 0.005161057 0.001377284 0.004963027 0 0.001969188 0.0005572393 0.001412911 0 0 0 0 0.001213515 0.001877411 0 0 0 0 0.0004220147 0.009628043 0.007203775 1.302489e-005 0.007496002 0.001859053 0.0303452 0.00219592 0.00246209 0.003978624 0 0.01105732 0.0003088206 0 0.004346327 0.001133216
-9999 -9999 0.02799994 0.02765183 0.02051942 0.04896791 0.07880318 0.01017322 0.008813594 0.00737775 0 0.02121623 0.0177433 0.02033401 0.003104225 0.003677655 0.0007578925 0.001929669 0.002272034 0 0.001753381 0.02148055 0 0.0340283 0.006430855 0.03061777 0.006854333 0.008013021 0.01440368 0 0.005910541 0.01143797 0.001589812 0.0007673912 0 0.001294527 0.009231769 0 0.004843995 0.006038701 0.006815781 0.001077912 0.0001558814 0.003721634 0.003213495 0.003515881 0.0007475103 0 0 0.003998571 0.01212946 0.005613041 0.001578662 0 0 0.0006880794 0.02205548 0.01384396 0.01135913 0.002171833 0.01947799 0.02453609 0 0 0.0008575111 0.0005604246 0 0.003804644 0 0.008024666 0
-9999 -9999 0.02868354 0.05116373 0.02180808 0.01431735 0.005596814 0.01915189 6.410189e-005 0.01291496 0.03080858 0.007055396 0.008856203 0.02017616 0.004090881 0.01529694 0 0.00926466 0.01239863 0.00253262 0.00616378 0.007521386 0.01136166 0.002029559 0.01118808 0.001350711 0.00197041 0.002298128 0.007342483 0.007143978 0.003122859 0.01186929 0.007114403 0.02465522 0 0.005291069 0.01913439 0.03456047 0 0.002532957 0.004570337 0.0002606731 0.01060901 0 0.003992146 0.001244037 1.716614e-005 0.01080992 0.00105436 0.0002403964 0.001336876 0.004951596 0.006986243 0 0.01679029 0.01306724 0 0.0003040005 0.006872082 0 0.002578798 0.003025432 0.003296197 0 0 0.004462332 0 0.003086205 0.001222208 0.004833958 0
-9999 -9999 0.000493897 0.01205489 0.03247153 0.04729444 0.01785821 0.02417348 0.007354377 0.01076114 0.004053689 0.005081427 0.007168567 0.01093897 0.01361276 0.006564893 0 0.008984491 0.01499301 0.01001589 0.01555748 0.02359779 0.0137329 0.02772753 0.008092196 0.0007836442 0 0.0055476 0.008127721 0.001670683 0.00810996 0.001007337 0.007029355 0 0 0 0.002245157 0.002583188 0 0 0.0004046112 0.01729253 0.005551968 0.004552176 0.001812858 0.003094568 0.006370584 0.01094393 0.001195415 0 0 0 0 0.002259731 0.006026351 0 0.006847727 0.01408556 0.004721324 0.01329693 0 0.00330335 0.001497078 0 0 0 0 0 0 0.006055276 0
-9999 -9999 -9999 0 0.006536625 0.03659005 0.05092649 0.0004973283 0.009003325 0.01190657 0.002947685 0.003232749 0.008943032 0.008188467 0.005218296 0 0 0.005183821 0.007242674 0.002055109 0.004455529 0.000897514 0.02406306 0.01102724 0.0004455772 0.002549574 0 0.0108155 0.001998448 0.004108382 0.002051668 0.002642449 0 0 0 0.002930967 0 0 0 0.003549482 0.01836025 0 0.00171134 0.005202497 0 0.0001875071 0.005886138 0 0 0 0 0 0.006948685 0 0 0 0.0007974763 0.009178695 0 0.001094225 0 0 0 0 0.005079406 0 0 0.006560487 0.008895317 0.007019002 0.003258506
-9999 -9999 0.0008393166 0.003077687 0.002732799 0.04364783 0.03068263 0.01686141 0.009748492 0.002941735 0.03455923 0.03137896 0.006974212 0.007620543 0.01374294 0 0.003273386 0.0002147188 0 0 0.00243199 0.01419779 0.01539765 0.00802152 0.02130126 0.003681982 0.003000424 0 0.003769792 0.008541944 0.007838033 0 0 0.002614145 0 0 0 0 0 0 0 0.00385418 0.0004635509 0.04340527 0.005527498 0.003995116 0.004952103 0.003403335 0 0 0.001583632 0 0 0 0 0.004063438 0.002257807 0.006806258 0.005694867 0 0 0 0.007263846 0 0 0.009045538 0.007807312 0.005395646 0 0.01405549 0.01602769
-9999 -9999 0.0307708 0.0344496 0.03492299 0.01416491 0.006123527 0.02620014 0.02267488 0 0.02849327 0.01692444 0.04484576 0.0502793 0.02291667 0.00753855 0.004463231 0.004256284 0 0.005580178 0.001127894 0 0.01223436 0.005395136 0.004197345 0.008521277 0.0001588774 0.0002798863 0.008851092 0 0 0 0.001029809 0.0007248388 0 0 0 0 0 0 0 0.001838615 0 0.02190538 0.0001017131 0.001675701 0.005578855 0 0 0 0.002161206 0.002070352 0 0 0.002416626 0.007358721 0.005364541 0 0 0 0.002043719 0.0001490259 0 0 0.006390654 0.00339696 0.01804531 0.00782618 0 0.001463399 0
-9999 0.03007188 0.04506274 0.03706899 0.009446841 0.02414453 0.01193247 0.0387213 0.02285081 0.002612989 0.01009065 0.0108629 0.02173865 0.001566518 0.04093071 0.01525458 0.005114894 0.00726949 0.0006325902 0.004010325 0.003046108 0.007002044 0.006838386 0.003380587 0 0.01004563 0 0.004315706 0.009850631 0.002163278 0 0 0 0.0001385783 0.01318482 0 0.003833529 0 0 0 0 0 0 0.01012432 0 0.005497287 0 0 0.002952612 0 0.00358018 0.002715694 0.005345322 0.008006988 0 0 0.01125583 0 0 0 0.001660083 0.002784831 0 0 0.02093886 0 0.00665575 0.003102507 0.02527017 0.02769453 0.03706755
