EnvRasters/Baseline_High/barley.asc
ncols         270
nrows         223
xllcorner     24099.479091542
yllcorner     21023.840179216
cellsize      1003.8986847201
NODATA_value  -9999
[rows 64 to 95 of 223, columns 71 to 141 of 270]
0.0224685 0.01665241 0.001467024 0 0.004945172 0.01116235 0.02169426 0.022471 0.01700079 0.04571344 0.03756416 0.03796858 0.05385686 0.03917444 0.0157738 0.02826078 0.0094445 0.004729518 0.01349637 0.01403974 0.00114109 0.007079889 0.02884386 0.02986592 0.02553554 0.01818069 0 0.004614946 0.003125899 0.003009195 0.0005493345 0 0 2.68046e-007 0.001541438 0.002701058 0.001017594 0.006148412 0.004024621 0.007360584 0.001739219 0.008973804 0.0002574812 0.01582483 0.008779102 0.00321373 0.01808975 0.05755609 0.01186234 0.02747181 0.02614504 0 0.01947024 0.01802405 0.001995895 0.02767392 0.07018068 0 0 0 0.05232794 0.01683203 0.1196157 0.0571324 0.01535884 0.06238191 0.07997914 0.06799205 0.03931971 0.01603113 0.05272058
0.009140648 0.00907805 0.004996594 0.002766361 0.002315697 0.003295992 0.01633263 0.01360314 0.009552621 0.00793182 0.008330616 0.04538333 0.01701193 0.02229015 0.01563901 0.02753716 0.0001505184 0.004033207 0.005267079 0.01590949 0.01869111 0.007534213 0.008963524 0.008071841 0.006141326 0.01026386 0.0006827881 0.004000338 0.001110667 0.001617207 0.01239635 0.001998722 0.001974432 0 0 0.002900696 0.001296416 0.01702482 0.005628745 0.009156564 0 0.002355475 0.006845458 0.008264196 0.006928985 0.004821323 0.02903822 0.01324127 0.00718125 0.005099687 0.006308202 0.0001948738 0.01981506 0.0396801 0.01576194 0.06851538 0.02438495 0 0 0 0.006915926 0.05192963 0.04627104 0.02311718 0.003618305 0.04087941 0.03650831 0.1204594 0.03545855 0.03351814 0.02255933
0.0006707591 0.003008915 0.004914718 0.005888351 0.004077347 6.129622e-005 0.006184836 0.03528582 0.0113462 0.0002990727 0.03536943 0.02392648 0.0137404 0.01690496 0.01242383 0.02615562 0.0006057858 0.02271828 0.002168865 0.01085038 0.009487827 0.00370055 0 0.007082267 0.002279063 0.009186806 0.008959153 0.010833 0.006203046 0.01253582 0.00796914 0.0006272279 2.175887e-005 0 0.001170931 0.004607062 0.0001659072 0.003224538 0.01935126 0.01185794 0.003374995 0.001450812 0 0.007620778 0.0009219958 0.01227641 0.03984017 0.02607178 0.005103614 0.04237159 0.02119282 0.004169931 0.00384483 0.02199133 0.02720337 0.02252592 0.0113128 0 0 0.003023096 0.06509531 0.008868425 0.03205859 0.004924288 0.02977822 0.1301932 0.1309602 0.1065307 0.08741113 0.004909267 0.02482951
0.01233154 0.005786526 0.01658014 0.007180681 0.005416216 0.003132271 0 0.03046921 0.03593922 0.00965359 0.02259265 0.03242672 0.01894207 0.02574144 0.01018001 0.009267117 0.002521615 0.001871856 0.04898681 0.01843791 0.003161188 0.00140512 0.0144424 0.0101632 0.02723112 0.01859268 0.02965208 0.02072485 0.006434753 0.01347509 0.004242004 0.009693488 0 0 0 0 0.005963347 0.008497012 0 0.004059944 0 0.0004772177 0 0.00691777 0.005829633 0.01937782 0.01409158 0.05519721 0.007943104 0.004292973 0.003900862 0.01429066 0 0 0.01424052 0.02147448 0.001883428 0 0 0.00138059 0.01892183 0 0 0 0.01063283 0.1319279 0.1929232 0.1613949 0.02806598 0.05913099 0.04359871
0.0276887 0.004664698 0.01042678 0.008032908 0.01109625 0.008184964 0.01452202 0.005475704 0.002326974 0.02830447 0.009895792 0.03720467 0.01299142 0.005502387 0.002635693 0.00411906 0.01145923 0.0363102 0.007608155 0.0001291884 0.00946928 0.004255412 0.007612316 0.007906622 0.02169349 0.02022448 0.01432734 0.0004716548 0.002650995 0.008653456 0.0241731 0.006984169 0.001254861 0 0 0 0 0.007600287 0.0005719013 0.001305505 0 0.003798179 0.004575135 0.02738544 0.01430377 0.000753704 0.0005683122 0.0052045 0.00624275 0.003543468 0 0.002661745 0 0 0.0005650668 0.01005281 0.002218699 0 0 0.0005035456 0 0 0 0 0.01504316 0.09905543 0.1102347 0.04129149 0.07047512 0.1448373 0.03808369
0.007846507 0.03536887 0.0596908 0.00462875 0.005383876 0.004465858 0.01138127 0.009056018 0.005669175 0.01028722 0.03929806 0.00655674 0.0269877 0.01468225 0.0227856 0.00212433 0.001571759 0.01193462 0.008307611 0.02317885 0.001912265 0.002117184 0.02198049 0.006828093 0.007704288 0.007838744 0.001918688 0.000544765 0.003333213 0.008781 0.01497992 0.005204697 0 0 0 0 0 0.003289869 0.002070065 0 0 0.0003073883 0.004622002 0.01831596 0.006299897 0.008503526 0.007297508 0 0.003974885 0.003806546 0 0 0 0 0 0 0 0 0.01125256 0.01440492 0 0 0.01094471 0.02540143 0.0805978 0.06464671 7.44549e-010 0.02953001 0.04558363 0.009200269 0.1121334
0.01746474 0.03101866 0.0110838 0.006114676 0.02320427 0.009449872 0.01114175 0.005517877 0.01531085 0.002403439 0.01415907 0.008701479 0.003215144 0.03740891 0.007183108 0.001694871 0.001232651 0.007692545 0.02729327 0.04281341 0.02559898 0.006403778 0.005131152 0.002974807 0.002787239 0 0.003777729 0.007813155 0.01150911 0.01920013 0.01451085 0 0 0 0 0 0 0.007818336 0.01442519 0 0 0.01080121 0.01168809 0 0.005532162 0.04476225 0.01925101 0.00895515 0 0 0 0 0 0 0 0 0 0 0.001891931 0.02757446 5.879614e-005 0.005920106 0.04675221 0.04433505 0.04886888 0.1158106 0.008529711 0.01529658 0.01708414 0.03429272 0.1332352
0.0004816884 0 0.001069553 0 0.02802166 0.006929941 0.001776064 0.001196648 0.008584999 0.00764574 0.04328236 0.01778629 0.03006651 0.03147871 0.001495488 0 0.0070789 0.004504229 0.005676847 0.0387977 0.01871227 0.009377824 0.005561897 0.009214066 0.03895257 0.01929284 0 0.009180459 0.001832523 0 0.01794012 0.01650223 0 0 0 0 0 0.001794276 0.008215927 0.002460071 0.003240406 0.005924302 0.02069304 0.01017871 0.006354424 0.02227448 0 0 0 0 0 0 0 0 0 0 0 0 0 0.0382891 0.009417299 0.01105537 0.01726116 0.005577596 0.02816824 0.04737529 0.01848057 0.1194721 0.09570667 0.1590324 0.1204249
0.001404824 0 0 0 0.01065512 0.01324452 0.00805173 0.005526586 0.008172641 0.02413788 0.07183336 0.01457439 0.010889 0.03426054 0.01896824 0.006233887 0.02508956 0.005728776 0.03000337 0.0060558 0.01073163 0.03258861 0.06966959 0.01328207 0.004023162 0.003148823 0.0004932593 0.006952616 0.02882659 0.04474394 0.01890195 0.03954887 0 0.003472554 0 0 0 0.04971698 0 0.001122128 0.02080834 0.03588155 0.002730179 0.0001245919 0.03884165 0.002325934 0.0004510729 0.006724637 0.000502401 0 0 0 0 0 0 0 0 0 0 0.02999182 0.02551492 0.001021621 0.01401572 0.01143519 0.001764798 0.01777329 0.02440526 0.05802276 0.07022487 0.09619201 0.1672475
0 0 0.00237796 0.02409883 0.011723 0.002194635 0.01301465 0.04251387 0.03313529 0.007495218 0.007344158 0.0008067768 0.02070522 0.03959375 0.03028464 0.00944552 0.008444897 0.02423415 0.03415032 0.02308343 0.008725102 0.006507929 0.01126657 0.003313638 0.007599791 0.003498475 0.004635983 0.03748948 0.04320906 0.02540531 0.04340628 0.000870355 0 0.0005411709 0.0141586 0 0.02689485 0.02385591 0.01705497 0.008526083 0.01195309 0.06574198 0.01774646 0.01086298 0.01687608 0.007447305 0.003245306 0.004806175 0 0 0 0 0 0 0 0 0 0 0 0 0.02821504 0.01105428 0 0.008407956 0.02112239 0.05573928 0.006928201 0.07457439 0.1107039 0.083008 0.03833502
0 0.0004690217 0.002113413 0.003825536 0.0136848 0.002312885 0.04984679 0.03657661 0.07568711 0.005932912 0.02337524 0.003907883 0.008750137 0.02940044 0.02809305 0.01308412 0.01506966 0.02945966 0.02433753 0.00161646 0.006965571 0.05612968 0.04795528 0.009744887 0 0 0.005216007 0.0003167168 0 0.01713561 3.379187e-006 0.01739931 0.001734092 0 0 0.00548173 0.003667174 0.001169394 0.03653368 0.008697378 0 0.04929687 0.002278673 0.0008781329 0.004007884 0.001532473 0 0 0 0 0 0 0 0 0 0 0 0 0 0 0 0.01267664 0 0 0.007102394 0.0466419 0.007557931 0.05902813 0.09073795 0.02205893 0.08419041
0 0.02052427 0.02627748 0.01016406 0.02838876 0.02392497 0.02477063 0.02782394 0.003053417 0.04270374 0.01693545 0.002095546 0 0.002154352 0.02123908 0.01678137 0.03850016 0.03262895 0.02791367 0.0001389949 0.01089283 0.02182606 0.03838458 0.0118643 0.01337768 0.009790669 0.009420564 0.01651718 0.00722168 0 0 0 0.005324279 0 0 0.007242046 0.002557588 0.01530078 0.006853075 0.001075006 0.04808494 0.01383526 0.01102765 0.006045083 0.005615162 0.007966849 0.007504135 0.03335172 0 0 0 0 0 0 0 0 0 0 0 0 0 0 0 0 0.0005284973 0.009931039 0.01148143 0.03340909 0.0234218 0.06944948 0.07079024
0.007772376 0.006672197 0.005527984 0.01692251 0.03464083 0.02356364 0.03185406 0.0219532 0.00115055 0.01947711 0.01750732 0.01200322 0.01335491 0.033048 0.03467359 0.02021113 0.0154857 0.006501728 0.02050234 0.0055836 0.01220544 0.009418806 0.001383214 0.003129609 0.006605224 0.03293276 0.01287467 0.01512305 0.0003322992 0.001814484 0.01311593 0.00798904 0.001768502 0.005548924 0.01016111 0.01855643 0.02376774 0.03074853 0.01975073 0.001241241 0.01721275 0.009875342 0.007806649 0.002548712 0.01308029 0.03653754 0.04257337 0.01700869 0 0 0 0 0 0 0 0 0 0 0 0 0 0.01163266 0 0 0 0 0.0212593 0.1387317 0.1052617 0.1387516 0.02147203
0.007555243 0.03150736 0.02905237 0.05596676 0.03055722 0.03405556 0.011759 0.03375816 0.01732253 0.01758054 0.0201751 0.004538482 0.01132085 0.02324719 0.02166906 0.02023653 0.001875252 0.001581209 0 0.009743296 0.001560099 0.006263427 0.002562288 0 0.002374383 0.06737871 0.008017846 0.004394588 0.001695646 0.01620314 0.01975635 0.02214464 0.004728761 0.01724313 0.009107822 0.01830976 0.00282075 0.02551338 0.0119695 0 0.009545343 0.01843049 0.00558854 0.02224231 0.03428654 0.07905357 0.01685404 0.005141472 0 0 0 0 0 0 0 0 0 0 0 0 0 0 0 0.01568316 0.002790991 0.002509623 0.01354159 0.04142255 0.08264642 0.1049984 0.07103189
0.01106917 0.003857053 0.001984877 0.03897474 0.04080213 0.02150659 0.009539479 0.01309603 0.03028412 0.02791651 0.009198551 0.004764949 0.002377306 0.02202661 0.0342567 0.009790509 0.006958955 0.007876358 0.003266882 0.0004537304 0.009787499 0.03012937 0.008024585 0.01146183 0.01855468 0.00434486 9.879216e-008 0.0005255762 0.007365108 0.004833552 0.01318413 0.01056614 0.0005020353 0.002997318 0.008750508 0.01554861 0.01481381 0.04037444 0.03026796 0.004209783 0.02468539 0.02209661 0.03398137 0.003375155 0.008212254 0.04042173 0.02548007 0.05287566 0.001263433 0 0 0 0 0 0 0 0 0 0 0 0 0 0 0 0 0.0001034755 0.05552608 0.1055233 0.09084107 0.02729169 0.03207668
0.01052408 0.00238692 0.006160778 0.02944654 0.04675662 0.02563529 0.03059917 0.01780847 0.02256678 0.02225407 0.005904157 0.001201473 0 0.03823331 0.03391387 0.01061798 0.01477772 0.008908707 0.01025929 0.01496471 0.01494522 0 0 0 0 0.009034038 0.02762363 0.003356731 0.02025815 0.01306725 0.004883597 0.02165024 0.01516038 0.01958568 0.008964268 0.009737685 0.008320361 0.04982759 0.04008013 0.05176245 0.03306073 0.01240816 0.009708912 0.02067965 0.06266272 0.08598194 0.03938079 0.0262821 0 0.007595086 0 0 0 0 0 0 0 0 0 0 0 0 0 0 0 0.003875161 0.02815258 0.03119592 0.08263215 0.04464792 0.01044348
0.0267324 0.01039798 0.002781685 0.02355909 0.02154184 0.01950099 0.01523021 0.0598129 0.05931774 0.01311627 0.00305638 0.0002475177 0.003899349 0.008643497 0.003506821 0.00307957 0.00281707 0.02956229 0.01772254 0.002051562 0.00274423 0 0 0.001876139 0.01883543 0.02543713 0.05850854 0.02733154 0.02452786 0.01249937 0.01426735 0.01928529 0.009690505 0.007540148 0.001675649 0.01472488 0.01286242 0.00726232 0.08485564 0.1036551 0.05365808 0.05068585 0.009526218 0.02300837 0.04212196 0.01029851 0.01580266 0.003505383 0.01051852 0 0 0 0 0 0 0 0 0 0 0 0 0 0 0.002223504 0.001637758 0.02397041 0.05458956 0.04796564 0.03028166 0.001661796 0.00922348
0.06188636 0.00207588 0.01376492 0.0342229 0.009508076 0.04668509 0.01724437 0 0.04203035 0.006454909 0.01441685 0.01240566 0.003815707 0.005670475 0.01703494 0.003751464 0.009654295 0.02303367 0.004385082 0 0 0.007657619 0.0128115 0.02069129 0.02237783 0.05235438 0.0388402 0.03687901 0.02817387 0.002899616 0.01004919 0.008873151 0.004275491 0.03624096 0.01032779 0.02131087 0.004931082 0.02145405 0.05981549 0.03536661 0.01682494 0.04570562 0.0107316 0.01201982 0.01238122 0.001506876 0.02787154 0.03205479 0.01224324 0 2.644999e-006 0 0 0 0 0 0 0 0 0 0 0.01023075 0.01056681 0.001397154 0.01169527 0.01444631 0.02552973 0.004177104 0.01160877 0.02243467 0.05821851
0.009960212 0.02523367 0.01189886 0.002245641 0.01050362 0.01484272 0.02706268 0.01105027 0 0.0008961837 0.0004270361 0.07444133 0.01190257 0.01587319 0.01072988 0.005713375 0.007709515 0.004984056 0 0 0.007906755 0.01989804 0.01490434 0.008773225 0.02609361 0.0317402 0.03598738 0.02627492 0.01971351 0.003455318 0.02638001 9.723691e-006 0.005222367 0.006491078 0.01491116 0.04616981 0.01833103 0.02039649 0.01098457 0.01156306 0.04823588 0.01364582 0.02465919 0.01565618 0.02367215 0.01796922 0.009700472 0.007019755 0.008404943 0.005787983 0.01047448 0.008045038 0.01507966 0.07596268 0.003239545 0 0 0 0 0 0.001812243 0.008389058 0.007193558 0 0.001747934 0.004329596 9.2738e-006 0.06348285 0.1133924 0.07087836 0.0115385
0.002003172 0.02615852 0.005510073 0.003303523 0.01675924 0.01392974 0.01688293 0.001736677 0.01307833 0.01462758 0.03153138 0.02949693 0.01801249 0.036165 0.01211753 0.001268272 0.009028482 0.02978322 0.007093201 0 0.009560912 0.01329688 0.02977079 0.03534306 0.01281053 0.04338751 0.04552272 0.009842262 0.009809596 0.02835126 0.0004320978 0.004862122 0.01762871 0.01327991 0.02589737 0.01204305 0.01474364 0.02751826 0.009858184 0.006387482 0.02147904 0.0183489 0.001122484 0.01538984 0.03295141 0.07892373 0.006709022 0.002866553 0.04376366 0.003951972 0 0.0008291418 0.007005946 0.09956177 0.03091191 0 0 0 0 0 0 0 0.0007131329 0.009502103 0.02865514 0.02717071 0.05208929 0.03931014 0.06473185 0.03996424 0.01759807
0 0.002743026 0.005364538 0.0101815 0.01825034 0.04192114 0.01788966 0.01286952 0.01429875 0.01762685 0.01264664 0.006967383 0.03949226 0.04120553 0.01196829 0.03172071 0.04029766 0.01815344 0 0.004141193 0.008326219 0.006583481 0.002492836 0.0131117 0.01835622 0.00825915 0.005074243 0.009330304 0.002492997 0.01971558 0.0632342 0.01183634 0.0174915 0.02873529 0.01078904 0.01540545 0.06653224 0.01721564 0.006424988 0.007526275 0.02277811 0.02483391 0.007061221 0.02719903 0.05214063 0.08572769 0.001226954 0.01708503 0.008129914 0.02197738 0.001513073 0.01212303 0.02716903 0.0002585794 0 0 0 0 0 0 0 0.005860428 0.008834902 0.02556364 0.04917971 0.07975858 0.1606091 0.0545956 0.0006620204 0.02335687 0.02762782
0.004567561 0.009919519 0.01776594 0.02597248 0.006795306 0.03106608 0.02541182 0.03414162 0.0235215 0.05116136 0.007826371 0.02297383 0.01702527 0.02725482 0.02153089 0.0374433 0.03058164 0.02649863 0.01144869 0.03259901 0.03994523 0.006681459 0 0.001495147 0.0293093 0.00363755 0.009406947 0.02413756 0.01263443 0.006118009 0.07732902 0.0351765 0.04437671 0.01556181 0.02624647 0.01657033 0.0319751 0.004670484 0.01804387 0.01586174 0.01996539 0.005405284 0.007415384 0.01286341 0.01367381 0.03976513 0.0003813948 0.003200962 0 0.01126108 0.02287387 0.001442243 0.01397027 0 0 0 0 0 0 0 0 0 0 0.003118091 0.03979388 0.1331504 0.1002203 0.04701475 2.549842e-005 0.01536186 0.0421675
0.02916851 0.02987486 0.02856095 0.01362288 0.015529 0.03170492 0.05010676 0.06504155 0.05482423 0.01052548 0.02060766 0.02026845 0.02580422 0.05957764 0.02756191 0.05699456 0.02857936 0.03261143 0.0007968527 0.01236937 0.07305766 0.05014022 0.04219606 0.01957849 0.01674462 0.01231459 0.01060847 0.01673294 0.0245214 0.0172224 0.0150193 0.01743836 0.03566458 0.03131629 0.01564753 0.02458222 0.008254975 0.06582222 0.02155793 0.01687678 0.023389 0.00295855 0.0001536328 0.009495778 0.002258496 0 0.01371862 0.004926066 0.003815525 0 0.01173151 0 0 0.01510784 0.00524608 0.004337186 0 0.1274162 0.006708945 0 0 0 0 0 0.02101498 0.06512282 0.06019471 0.003398101 0.004535001 0.02855023 0.02441441
0.01512722 0.03096883 0.02653516 0.01388549 0.06697242 0.02027925 0.01106735 0.03254994 0.05619149 0.03202971 0.02939234 0.05335129 0.03087119 0.04045877 0.0436855 0.04010826 0.01498865 0.002546624 0.006861262 0.01911245 0.04431221 0.05558746 0.02076513 0.1070175 0.0492571 0.0675398 0.05028799 0.0586863 0.05706563 0.03271797 0.01273752 0.01303358 3.21225e-005 0.008090881 0.01451382 0.02676272 0.027061 0.00950847 0.02103646 0.01368048 0.0272868 0.03756987 0.01493591 0.0001748786 0.002428825 0.0002416406 0.01259548 0 0.006753326 0.01087811 0.02122208 0.002452111 0 0.0001559976 0.02977056 0.001416826 0 0.001205798 0 0 0.00933365 0.007993125 0.0008086938 0.0007945733 0 0 0 0.00417762 0.02700745 0.04849487 0.01800423
0.0373739 0.02232203 0.02721154 0.01896303 0.06937784 0.08039363 0.02825142 0.02294233 0.0384993 0.01197785 0.02214137 0.02758398 0.00803478 0.03201794 0.05772407 0.03533547 0.003115897 0.004688249 0.004523612 0.01030595 0.01507515 0.03021088 0.04996783 0.04725458 0.01561079 0.08398969 0.02681367 0.02754066 0.02141817 0.048492 0.02245808 0.01549937 0.001330058 0.01364625 0.01563377 0.01830755 0.005980616 0.005079277 0.004672512 0.0009296435 0.01597183 0.06471717 0.005167612 0.005359756 0 0.02128589 0.01620204 0.01866982 0 0.03766576 0.02272973 0.001234457 0 4.441204e-006 0.03383945 0 0 0 0 0.0008025396 0.07162468 0.009174997 0.01151259 0.001006555 0 0 0 0 0.001087579 0.03197827 0.01596328
0.03014608 0.01413292 0.01918207 0 0.02809536 0.04312808 0.03859232 0.02281341 0.01927108 0.05689084 0.02577109 0.04244765 0.04299863 0.02950009 0.03399515 0.04333966 0.001699384 0 0.01680943 0.04437187 0.0008166899 0.05574244 0.06590892 0.03692314 0.06745383 0.1015221 0.08899892 0.0338483 0.02911799 0.03591467 0.03229189 0.0411641 0.03592509 0.02015384 0.003929285 0.000116755 0.003314125 0.04203468 0.03167903 0.01332488 0.02475949 0.01336924 0.09471262 0.01011468 0.02482717 0.002819499 0.01660603 0.02412217 0 0 0.04247415 0.04911225 0.0637947 0.01060669 0.0003076445 0.000317421 0 0 0 0.03758252 0.04016193 0.02218868 0.003143216 0.02231924 0 0 0 0.01126844 0.0465513 0.0628928 9.659334e-005
0.02721538 0.02056552 0.07330351 0.02148281 0.05734126 0.01825675 0.05466618 0.04422506 0.03915923 0.03322854 0.06132384 0.01610997 0.0273598 0.03404897 0.04604946 0.02396512 0.01373399 0 0.04033562 0.03118184 0.0003137529 0.02658886 0.03984729 0.02661911 0.02632929 0.06458452 0.09802523 0.08283588 0.07401422 0.02311476 0.01759532 0.008316726 0.00237697 0.0002088303 0.00848394 0.06463832 0.004550327 0.006026158 0.006516487 0.02534093 0.02393346 0.04609035 0.01443556 0.01216515 0.01323215 0.01155953 0.02579449 0.009424564 0 0 0.05585321 0.009196818 0.01771382 0.003191352 0 0.09978958 0.02248356 0 0.04934591 0.006939317 0.06243779 0.00968445 0.007242542 0.004647324 0.002290055 0.008371208 0.02316963 0.01361537 0.0002523934 0.0003843211 0.0310262
0.03238693 0.04285817 0.02007273 0.03788677 0.06554663 0.03010309 0.05664857 0.05555365 0.02720054 0.02228257 0.03994842 0.05780597 0.02015102 0.04358661 0.0269408 0.010662 0.005218427 0.0072569 0.02217139 0.0561638 0.01389363 0.01035771 0.03981023 0.005910512 0.002967111 0.06306541 0.02427939 0.01705114 0.01759055 0.004769582 0.001641184 0 0.01273458 0.006970638 0.03226255 0.009802168 0.02884831 0.04648229 0.01777575 0.02443245 0.03698638 0.05738107 0.006939967 0 0.01419137 0.008277702 0.03966181 0.05075729 0.001000196 0.0006229251 0.02892229 0.002655034 0.006256964 0 0 0.002591533 0.0007314772 0.05411627 0.1290892 0.04884436 0.005302219 0.003708135 0.02219515 0.01364749 0.01274843 0.02664892 0.02418094 0.02038054 0.0192788 0 0.03155061
0.03417669 0.06791101 0.04364792 0.03955818 0.0713189 0.05046986 0.08376117 0.06520228 0.06358546 0.01709445 0.02668138 0.006691485 0.04030887 0.02080991 0.01995022 0.0005159023 0.02141263 0.01217022 0.02497196 0.05941268 0.01153419 0.04972492 0.06013595 0.02836626 0.08151949 0.06121558 0.07101045 0.03898448 0.007195865 0.02700035 0.02035472 0.001404378 0.03074541 0.01707979 0.03231182 0.01747651 0.02874737 0.06205838 0.03152349 0.03347832 0.0767317 0.0550446 0.03269101 0 0.008666275 0.01281139 0.004413454 0.01593481 0.008763274 0.001183095 0.002093195 0 0 0 0 0 0.02546087 0.0766395 0.114311 0.02089295 0.0199117 0.01577643 0.003275977 0.08033405 0.02384699 0 0.006071571 0.000632662 0 0 0
0.01601909 0.01535639 0.04057786 0.05325633 0.0553343 0.03461262 0.06926394 0.02514418 0.05107734 0.008929715 0.02122949 0.048738 0.06065232 0.07211822 0.01219124 0 0.01930973 0.0655337 0.03251952 0.02100564 0.007673911 0.04755661 0.03437734 0.04249435 0.007125917 0.03422312 0.02826485 0.006957413 0.01453588 0.006317079 0.03884766 0.02181897 0.02116605 0.02802766 0.07494203 0.03435828 0.01148431 0.008325346 0.07132931 0.004282888 0.01379932 0.0338342 0.05764399 0.06204119 0.01069758 0.02122532 0.02514704 0.01867143 0.006259035 0.002690781 0.003503854 0 0.01173254 0.003932384 0.01999793 0.005023985 0.04998437 0.07768627 0.05077484 0.1194041 0.04412856 0 0 0.0222303 0.07285973 0.01980185 0.07285898 0.003341616 0 0 0
0.01768935 0.01186136 0.02828252 0.06981793 0.033958 0.004509845 0.02093525 0.0331315 0.01600804 0.004289984 0.02336331 0.05488716 0.04779322 0.02400113 0.01852306 0.02060611 0.01592301 0.02139506 0.01993154 0.0003302402 0.01470059 0.01137345 0.06933076 0.02212094 0.0009480959 0.008480596 0.0123782 0.009713118 0.01786119 0.02056204 0.03978321 0.01888599 0.01089929 0.009247495 0.02494212 0.01106469 0.02193709 0.005978288 0.005937682 0 0.00453492 0.044836 0.06305125 0.05317257 3.025274e-005 0.02026471 0.004108922 0.02261097 0.02314601 0.07064542 0 0.03800672 0.002873159 0 0.02929853 0.002044256 0.0471045 0.07246332 0.05238653 0.04338068 0.01810008 0.01843975 0.003499563 0.03626066 0.07221548 0.04660046 0.0494918 0.003420768 0 0 0
0.03439019 0.04772368 0.08354484 0.08244508 0.001669325 0.01052148 0.001083664 0.01725553 0.005308604 0.03210923 0.03779165 0.01217231 0.02990269 0.0132477 0.003914969 0.02787877 0.0399199 0.03532445 0 0.0172825 0.02945625 0.01671578 0.02751349 0.02109168 0.01859192 0.07086373 0.04100594 0.04846426 0.05230895 0.05048935 0.05433841 0.006913542 0.01121932 0.008137279 0.02848789 0.007215833 0.03443199 0.02232527 0.01523652 0.02802977 0.07572884 0.00734441 0.02664566 0.02621194 0.005448269 0.0002531215 0.02797339 0.01461214 0.04271208 0.02674841 0.01898144 0.03516854 0.009021637 0.01715925 0.01664307 0.02057919 0.03167059 0.005640076 0 0 0 0.005540004 0.002572771 0.01721448 0.02688071 0.03241036 0.02103822 0 0 0.05374515 0.0003140262
