EnvRasters/Baseline_High/commerc.asc
ncols         270
nrows         223
xllcorner     24099.479091542
yllcorner     21023.840179216
cellsize      1003.8986847201
NODATA_value  -9999
[rows 35 to 69 of 223, columns 78 to 155 of 270]
0.01992996 0 0 0.009964978 0.01992996 0 0.006826074 0 0.007320532 0.02751073 0 0.009964978 0 0.008673783 0 0 0 0 0 0 0 0 0 0 0 0 0 0.002326151 0.009964978 0.007659308 0.009152535 0 0 0 0.01992996 0 0.06085699 0.08751338 0 0 0 0 0 0.1470214 0.1258258 0.05248484 0 0.1620242 0.03487804 0.09042429 0.1460837 0.05803996 0.04982489 0.06186208 0.01992996 0.03985991 0.05021659 0.1544287 0.004619276 0.06517985 0.07935569 0.003576175 0.008489761 0 0 0.0277363 0.03968454 0.00282285 0.009964978 0 0.009964978 0.02958828 0.0501032 0.08971316 0 0 0 0
0 0 0 0 0 0.01992996 0 0 0 0 0.009964978 0 0 0 0 0 0.0001949666 0.0003823382 0 0 0.004388908 0.005576071 0 0 0 0 0.009964978 0 0 0.0418628 0.003779694 0.006742769 0 0 0 0.0713236 0 0.009964978 0.009964978 0 0.004296506 0 0 0.01656186 0.1199673 0.1188349 0.1169966 0.1024875 0.1072905 0.02999341 0 0.1351885 0.1631155 0.2229339 0 0 0 0 0.009964978 0.02046831 0.02654736 0.01335899 0.001475218 0.01515007 0.02022632 0.06427339 0.02000241 0.009964978 0 0 0 0.01992996 0.006011853 0 0 0 0.009964978 0
0 0 0 0 0.009964978 0.009964978 0.009964978 0 0 0 0 0.01992996 0.009964978 0.009964978 0.009964978 0 0.05003855 0.08889385 0 0.009964978 0.009964978 0 0 0.009964978 0 0 0.01649214 0.003437822 0.009964978 0.01992996 0.02547993 0.1427528 0.09998014 0.2171711 0.04982489 0.02832618 0.03543498 0 0 0 0.005668472 0 0.01053866 0.02330323 0.06397074 0.3116849 0.06691569 0.02989493 0 0.09334497 0.1375344 0.1102057 0.2795434 0.1189385 0.03053614 0 0 0.009964978 0 0 0.0007781883 0.009025026 0.01992996 0.009964978 0 0.06574097 0.02219152 0 0 0 0 0.01017881 0.07393423 0.09167229 0.0291245 0 0.07154236 0.2166948
0 0 0 0 0 0 0 0 0 0 0 0.00217045 0.007794529 0 0 0 0 0 0 0 0 0 0 0.009964978 0.008605261 0 0 0.01794566 0 0 0.02785659 0.2640261 0.1063817 0.272092 0.08902071 0.009396217 0.03488864 0 0.01992996 0 0 0 0.0009357999 0.03135728 0.03547458 0.1209269 0.009964978 0.009964978 0.015764 0.06421045 0.0559705 0.001604786 0.1140229 0.09475007 0.02482967 0.06099056 0.04862421 0 0 0.01992996 0 0.0009399529 0 0 0.009964978 0.01397886 0.01992996 0 0 0.03985991 0.02989493 0 0.01992996 0.01827283 0 0.03681658 0.2875607 0.3190338
0 0 0.009964978 0.009964978 0 0 0 0 0 0.01992996 0 0 0 0 0 0 0 0 0 0 0.0197357 0 0.009964978 0.009964978 0.03856703 0 0 0.02191425 0.009964978 0.01736751 0 0.04601452 0.1885683 0.1938903 0.08703836 0.01992996 0.02989493 0.009964978 0 0 0 0.009964978 0.003773652 0.03608626 0.01135967 0.2811159 0.01622529 0.4223115 0.5519961 0.01871754 0.01198053 0.02829015 0.02989493 0.01992996 0.01556878 0.05216816 0.04394278 0.02647277 0.003422168 0.009560291 0.01992996 0 0.009964978 0 0 0.009964978 0.03985991 0.01992996 0.04982489 0.01992996 0 0 0 0.001316938 0.008648041 0 0.1966957 0.4690608
0 0 0 0 0 0 0 0 0 0 0 0 0 0 0 0 0 0 0.009964978 0 0.0001942538 0 0 0.009964978 0.01145482 0 0 0.04514537 0.01244077 0.0374684 0.04982489 0.03985991 0.1359468 0.2080329 0.1118946 0.09760487 0 0 0.009964978 0.009964978 0 0 0.01992996 0 0.03392976 0.1985702 0.01309394 0.1948778 0.3937674 0.1283571 0.007949428 0.009964978 0.1096148 0.01992996 0.01992996 0.02782997 0 0 0.05106092 0.2474465 0.3111067 0.0344709 0 0.01992996 0 0.03985991 0.009964978 0 0 0 0 0.009964978 0 0 0 0 0 0.02989493
0 0 0.009964978 0.1287677 0.02927428 0 0 0 0 0 0 0 0.01202358 0 0.003812103 0.006152875 0.004498829 0.02539611 0.009964978 0 0 0 0.009964978 0 0.001162765 0 0.03509222 0.03466263 0.01216871 0.00495396 0.009964978 0.01707001 0.3262484 0.1313212 0.5901726 0.572637 0.05913173 0 0 0 0 0.009964978 0 0 0.009964978 0 0.006836012 0.0203997 0.1681147 0.05084148 0.009964978 0.009964978 0.2092645 0.05978987 0.01232665 0.009243741 0 0 5.250537e-005 0.0382834 0.1404072 0.06219738 0.009964978 0.02861102 0.00128392 0.04982489 0.009964978 0.009964978 0 0 0 0 0 0 0.03985991 0 0 0
0 0 0 0.0556177 0 0 0 0 0.009964978 0 0 0.009964978 0.02783634 0 0.009964978 0.02989493 0.009964978 0 0.009964978 0.0003093672 0.01979692 0 0 0.01901619 0 0 0 0 0.009964978 0 0.00735965 0.01282493 0 0 0.007861843 0.1336052 0.06543193 0.009964978 0.02149731 0.008397629 0.01992996 0.004444954 0.009964978 0 0.009964978 0.1594397 0 0.2838045 0.2074019 0.01872144 0 0.08714206 0.03219095 0.03899006 0.009964978 0.06811442 0 0.07061902 0.009912473 0.009964978 0.09782825 0.197469 0.05162818 0 0 0 0 0.009964978 0 0.009964978 0 0 0 0 0.02989493 0 0.009964978 0
0 0.00485796 0.01458872 0.005569832 0 0 0.009964978 0.01992996 0 0.009964978 0.002489769 0 0 0.009964978 0.009964978 0 0.009964978 0 0.001101951 0.01962059 0.01009802 0.02989493 0.1786312 0.03041104 0 0 0 0.0580877 0.02437424 0.0208554 0.002605329 0.01992996 0.009964978 0.009964978 0.009964978 0.01392356 0.0142879 0.03985991 0 0 0 0.005520025 0 0 0 0.009964978 0.009964978 0.3640695 0.05499842 0.009964978 0.1109262 0.112709 0.02494454 0.4950225 0.05192842 0 0.009964978 0.0589257 0 0.08927288 0.04041158 0.02987387 0.07238819 0.03985991 0.00958394 0.0003810392 0.00020159 0.04017518 0.01695606 0.0009080259 0.006079425 0 0 0 0 0 0.003322929 0.01660703
0.0003843006 0.06451259 0.01530621 0.01992996 0 0 0.009964978 0.009964978 0.01992996 0 0.007475209 0 0.00204174 0.02372717 0.001495234 0.009964978 0.009964978 0.009964978 0.1085128 0.01018503 0.0428366 0.05681318 0.1313255 0.08733208 0 0 0.01992996 0.02805909 0.04265944 0.001375788 0.009964978 0.05978987 0.01992996 0 0 0 0 0 0 0 0 0 0 0 0.04750421 0.01413105 0.04101275 0.2067818 0.009224006 0.01992996 0.009964978 0.008102029 0.009964978 0.06587797 0 0.009964978 0 0 0 0.03852929 0.01107617 0.009964978 0.01096468 0 0.009948276 1.67022e-005 0.01047886 0.02955229 0.06207569 0.0003887127 0.02251877 0 0 0 0.009964978 0.009964978 0 0.02384348
0.02989493 0.03494985 0.01992996 0 0.01770262 0.05619629 0 0.009964978 0 0.02989493 0.009009203 0.01613805 0.1018264 0.06173925 0.03836468 0.009964978 0.009964978 0 0 0.009744924 0.09323402 0.1142834 0.02237312 0.02073996 0.007896333 0.002068646 0.009964978 0.001835847 0.002122112 0 0 0.08695852 0.009964978 0 0 0 0 0.00549508 0.06522493 0.07548658 0 0 0.01992996 0 0.075827 0 0.1885834 0.08375148 0.03985991 0 0.02989493 0.01992996 0.01646953 0.07177433 0 0 0 0.01796514 0.00196482 0.06711662 0.03208667 0.001077864 0 0 0.03703129 0.07014657 0.02742529 0.01992996 0 0 0 0.006689946 0.08968481 0 0 0.009964978 0.02989493 0.01992996
0.03918139 0.04476998 0.01992996 0 0.005820909 0.07971983 0.01992996 0 0.06296954 0.03985991 0.03464261 0 0.009964978 0 0 0.009964978 0 0 0 0.009964978 0.009964978 0.02732345 0.08748271 0.3506234 0.01199964 0 0.008586325 0.009964978 0 0.009964978 0.06990252 0.07024532 0.01920812 0 0 0 0 0.01443488 0.0490079 0.2314748 0.2397864 0.006748012 0 0 0.08027251 0.132394 0.5347592 0.1594231 0.009964978 0.009964978 0.009964978 0 0 0 0 0 0.1674218 0.001982882 0 0 0.009964978 0.009964978 0 0.0002181548 0.09101848 0 0.002077925 0.009964978 0 0 0.01221665 0.01098834 0 0 0 0 0.0460443 0
0 0.0129297 0.01696523 0 0.004288974 0.02989493 0.02305106 0.1001931 0.08650514 0 0 0 0 0.01992996 0 0 0 0 0 0 0 0.1595451 0.333778 0.004925674 0.02714741 0.03664396 0.001378654 0 0 0 0.009964978 0.02273994 0.01992996 0 0 0.001208502 0.004873891 0.009964978 0 0.1615289 0.2075651 0.1245196 0.009081217 0 0 0.1221118 0.1498267 0.1347254 0.08015687 0.006410741 0.1011252 0.2508306 0.01359165 0.06267777 0.05101476 0.2649889 0.1057307 0.009964978 0.009964978 0 0.009964978 0 0.01992996 3.334591e-005 0.001243453 0.02989493 0.03985991 0 0 0 0 0.02274619 0.01711372 0 0 0 0.02371055 0.01744507
0 0.02989493 0.009964978 0.009964978 0.02560596 0.03581475 0.1136599 0.02698252 0.006279308 0 0.01992996 0 0 0.07971983 0 0 0 0 0 0 0.009964978 0.04582844 0.01505341 0.009355807 0.1827449 0.5343615 0 0 0.03985991 0.007820386 0.09847717 0.1902023 0 0.00688352 0 0.02281477 0.02092773 0 0 0 0.008591089 0.03296129 0.003363746 0 0.01992996 0.009964978 0.3349016 0.1266959 0.01429384 0.02751133 0.08820937 0.09142911 0 0.009964978 0.01874009 0.06773945 0.01992996 0 0 0.009964978 0 0 0 0 0 0 0 0.007844169 0.009964978 0.002441798 0.02449956 0.07971983 0.1029529 0.006360797 0.01992996 0 0.01992996 0.04189843
0.1097368 0.142102 0.1360409 0.0323705 0.02323295 0.03985991 0.009964978 0.01289867 0.03985991 0.009964978 0 0 0.00544152 0.06431333 0 0 0 0 0 0 0 0 0.009964978 0.06974923 0.06951731 0.1062228 0.009624021 0.0003409571 0 0.02207455 0.1236072 0.04610244 0.01992996 0.003081459 0 0 0 0.009964978 0.009964978 0 0.0149462 0.02018458 0.01992996 0.1179315 0.2207543 0.2059062 0.1281128 0.1101699 0 0 0 0 0.01992996 0.01992996 0 0 0 0.1534975 0.03222007 0.02070317 0.02989493 0.009964978 0 0 0 0.009964978 0 0.009933335 0 0.03267505 0.1851195 0.03333575 0.06005693 0.009980166 0 0 0.009964978 0
0.1015962 0.1474317 0.161222 0.07246582 0.04376727 0.0456191 0.03656173 0.06394397 0.02574083 0.003257175 0.009964978 0 0 0.009964978 0 0 0 0 0 0 0.008162399 0.0418228 0.01992996 0.03050973 0.009964978 0 0 0 0.009964978 0 0 0 0.03985991 0 0 0.01530745 0.1142373 0.009964978 0 0 0 0.03501189 0 0.1013886 0.1786843 0.1041994 0.05401384 0.06458509 0 0 0 0 0.03900501 0.2300214 0.05968934 0.009964978 0.01992996 0.2587207 0.3620603 0.07006455 0.009964978 0.01943742 0 0.009964978 0 0.03835244 0.01992996 0.002152454 0.03985991 0.009964978 0.3193106 0.2531804 0.2052584 0 0 0.01589815 0 0.03072931
0.09321967 0.1188971 0.2742343 0.04183225 0.09303003 0.111459 0.03220946 0.003746012 0 0.006707804 0.005275276 0.03458464 0 0 0.009964978 0.009964978 0 0 0.03985991 0.01795317 0.01194177 0.009804669 0 0.02955517 0 0.009964978 0 0.0005358991 0.03017324 0.01911576 0 0 0 0 0 0.01277935 0.00715061 0.009964978 0 0.009964978 0 0.01992996 0.009964978 0 0 0.1234797 0.04049902 0.07231062 0.009964978 0.002728831 0.02173033 0.0105291 0.2620808 0.3933096 0.1550429 0.01992996 0 0.01992996 0.02994136 0.009964978 0 0.09017734 0 0 0.1096148 0.0534677 0.007829645 0 0.01285715 0.04693272 0.02119406 0.00296482 0.04677076 0.006448033 0.004822225 0.04438008 0.04451431 0.02906056
0.07081563 0.09951916 0.1494874 0.09206761 0.1639608 0.03423388 0.009964978 0.05604386 0 0 0 0.009964978 0 0 0.01203983 0.04146633 0 0 0 0 0.009964978 0.009964978 0 0.0003397678 0 0 0 0 0.02989493 0 0.01670712 0.006270209 0.006296575 0.03069362 0 0.02989493 0.02346504 0.006429899 0 0 0.009964978 0 0.009964978 0.009964978 0.09721252 0.06078016 0.1040486 0.1895687 0 0.01720113 0.01586355 0.06185379 0.06452744 0.01910109 0.03429535 0.0314391 0.01167034 0.06135871 0.05932513 0.0005956385 0.01927295 0.009964978 0.03922602 0 0 0.01992996 0.009964978 0 0.01992996 0.01992996 0.00284032 0 0.01640032 0.01348192 0 0.009964978 0.009964978 0
0.1902948 0.1173758 0.0962823 0.08808315 0.1050937 0.06830648 0.03128564 0.004986874 0.01494308 0.009964978 0 0.01992996 0.1694046 0 0.02782008 0.008358561 0 0 0 0 0.009964978 0 0 0 0 0 0 0.001030357 0.1000062 0.1461495 0.1659626 0.3469693 0.0006827689 0.0747721 0.1067845 0.01992996 0 0.009964978 0 0.01551919 0 0.009964978 0.009964978 0 0.1878236 0 0.03343968 0.006565141 0 0 0.01746699 0.006392884 0.009261734 0.04699039 0.184551 0.1514069 0.1004441 0.1085895 0.009873897 0 0.01002634 0 0.01059887 0 0.01992996 0 0 0 0 0 0 0.007087394 0.00470803 0.005256949 0 0.01334912 0.002506148 0
0.1509628 0.05166377 0.2298952 0.2778804 0.02989493 0.02561366 0.01992996 0.009964978 0.009964978 0.01327774 0 0 0.01665565 0.003274303 0 0 0 0 0.01992996 0 0.009964978 0.07996175 0.009964978 0 0.1193687 0.06713404 0.01992996 0 0.06975485 0.1395561 0 0.2610955 0.1496683 0.2622581 0.006796373 0.009964978 0.009964978 0 0 0.04542891 0 0 0.01992996 0 0.01147598 0 0.1223139 0 0 0 0 0 0 0.01992996 0.02093521 0.1785557 0.01111551 0 0 0.04007357 0.01992996 0.009964978 0.01992996 0 0.008955508 0 0.03985991 0.01819181 0.009964978 0 0.02989493 0.002877584 0 0.02169477 0.004770454 0.01230595 0.03786629 0.01369233
0.05617273 0.2664357 0.3010849 0.04101701 0.04435019 0.02540466 0.03985991 0.01992996 0.009964978 0.006652213 0.009964978 0.02989493 0.07228127 0.08968481 0.02989493 0 0.03985991 0 0.03985991 0.009964978 0 0.04958297 0.02001012 0.01992996 0.01130883 0.02141792 0.1594397 0.06123661 0.01848322 0.01989831 0 0 0 0 0.04982489 0.01389838 0.006031576 0 0.02989493 0.0287367 0 0 0.04184208 0.04753344 0.4585758 0.01696767 0.06275216 0 0 0.009964978 0 0 0.009964978 0.09914814 0.09674916 0.276891 0.2207268 0.009527622 0 0.009751319 0.07971983 0.02989493 0.01992996 0.01992996 0.009881286 0.02989493 0 0.001738145 0.004089276 0.01584068 0.009964978 0.009964978 0.009964978 0.02335967 0.006373504 0 0.01992996 0.01992996
0 0.03773913 0.1381892 0.01932619 0.09522962 0.02989493 0 0.03985991 0.04360385 0.009964978 0 0 0.07163371 0.06781831 0.01992996 0 0.009964978 0 0 0.009964978 0.009964978 0.07971983 0.02981477 0.0006197962 0.009345182 0.01992996 0 0.001759031 0.008205948 0.006580988 0.03784861 0.01499032 0.009964978 0 0 0.1047805 0.01138652 0 0 0 0 0 0.04790476 0.1133897 0.04751083 0 0.01992996 0 0.009964978 0 0 0 0.009964978 0.107776 0.3041447 0.07977259 0.02731146 0.009964978 0 0 0 0 0.009964978 0.06783777 0.01105814 0.01017949 0.04281134 0.1031843 0 0.01353084 0.004025155 0 0.006914389 0 0.003591475 0 0 0
0.01373241 0.006197548 0 0.08474377 0.03984112 0.08996311 0.03576663 0.1405008 0.03232702 0.0601983 0.1616469 0.01710632 0.007367302 0.05991879 0.01992996 0.009964978 0.02989493 0 0 0.01094474 0 0.0001412631 0.009823715 0 0.009964978 0 0 0 0 0.009964978 0.03985991 0.02222361 0.02989493 0 0.009964978 0.01337766 0 0.009964978 0 0.009964978 0.08968481 0 0.008684537 0.1198395 0.009964978 0.01992996 0 0 0 0 0.009044808 0.00092017 0 0 0.02831324 0 0.01122877 0.009964978 0.01111328 0.040369 0.009964978 0 0 0.001917076 0.02989493 0.009964978 0.01056593 0.02259356 0 0.001114008 0.001259955 0 0.003050589 0 0 0.009964978 0.009964978 0.009964978
0 0 0 0.009964978 0.03497654 0.08968481 0 0.02765606 0 0 0.1861966 0.05339324 0 0 0 0.009964978 0.01992996 0.009964978 0 0.009855262 0 0 0 0.009964978 0.102513 0.05692669 0 0 0 0 0.006463056 0.07325678 0 0.009964978 0 0 0.009964978 0 0 0.005827336 0.004137643 0.02989493 0.009964978 0.05142743 0 0 0.009964978 0 0 0 0 0 0 0.009964978 0.03156949 0 0.01866617 0.0008938295 0.02874664 0.07147504 0.008056995 0 0 0 0 0.009964978 0.01992996 0 0 0.009964978 0.04051393 0.009310966 0 0 0 0 0.01992996 0
0.009964978 0.009964978 0.009964978 0 0 0 0 0 0 0.0311236 0.2148351 0 0.009964978 0 0 0 0 0 0 0.04895484 0 0.009964978 0 0.009964978 0.009964978 0.0119221 0.008007855 0.04982489 0.1096148 0 0.003426709 0.02423579 0 0.009964978 0.02703792 0 0.009964978 0.01611005 0.009964978 0.009964978 0 0 0.009964978 0.009964978 0 0 0.009964978 0 0.01899969 0.05075516 0.009964978 0.009964978 0.00242363 0.04026911 0.03777617 0 0.001252546 0.009071149 0.01992996 0.01207588 0.02025149 0.0472601 0.01992996 0 0 0.01415621 0.05559864 0 0 0 0.04982489 0 0.009964978 0.01653878 0.003391178 0 0 0
0 0.01992996 0 0 0.009964978 0 0 0.009964978 0 0 0.006732361 0 0 0 0 0.002029889 0.009964978 0 0 0.000313332 0.0295816 0.02989493 0 0 0.1844842 0.05405076 0 0 0 0 0 0.002232438 0.01992996 0 0.05729958 0.06513718 0 0.003819906 0.006069514 0.003895464 0 0 0.007338869 0.01259109 0.01992996 0 0.01992996 0 0.009964978 0 0 0 0.007541349 0.009964978 0 0 0.03860737 0 0 0.009964978 0.005489283 0.1701059 0.09223973 0.0237988 0.09301347 0.02989493 0.009964978 0.01992996 0 0.005616735 0.0242782 0.009964978 0 0 0.009964978 0.01992996 0.005981066 0
0.01992996 0 0 0.009964978 0 0 0 0 0 0.01992996 0 0 0 0.02989493 0.04898093 0.008779053 0.001842101 0 0 0 0.01074009 0 0.009964978 0.05978987 0.3493988 0.06975485 0.009964978 0 0 0 0 0 0.007565156 0.007278891 0 0.009964978 0.01667134 0.04598944 0.03373039 0 0 0 0.009964978 0.01992996 0.004520339 0.009964978 0 0.009964978 0 0 0.01590879 0 0.009964978 0 0 0 0.02132741 0 0.0008509449 0 0 0.01013188 0.3133346 0.1743242 0.02269743 0.009964978 0.03985991 0.004499764 0.009494593 0.004314258 0 0 0 0 0 0.02989493 0.01394889 0.009964978
0 0 0.005651263 0.004313716 0 0 0.03985991 0.01458001 0.1024599 0.002539804 0 0 0.00298154 0 0.009964978 0 0.08781559 2.711839e-005 0.01128098 0 0.01915484 0 0 0.08482938 0.243747 0.01992996 0.009225076 0 0.009964978 0 0.01992996 0 0.002399823 0.002686088 0 0.009964978 0.003258617 0.02629239 0.1163025 0.07127858 0.009964978 0 0.009964978 0.06451278 0.005444639 0 0 0 0.01992996 0 0.1843676 0.2026391 0.06839054 0.1085897 0 0 0.008567528 0 0.009114034 0 0 0 0.040128 0.09090547 0 0 0.03985991 0.0008726545 0.0007486875 0 0 0.009964978 0 0.01992996 0.009964978 0 0 0
0 0.009964978 0 0 0 0 0.04982489 0 0 0 0 0.03985991 0.1066332 0 0.009964978 0 0 0.0109618 0.06744202 0.009964978 0.01091102 0.01174576 0.06834758 0.08210441 0.2364641 0.06939969 0.0505648 0 0.03985991 0 0 0 0 0 0 0.009964978 0 0.00360255 0.1109369 0.01039638 0 0 0.008145615 0.02545033 0.04140098 0.01992996 0.06571929 0.04005011 0.009964978 0.04150125 0.4088857 0.304905 0.3028892 0.01676201 0 0 0 0.04260545 0.01718442 0.01992996 0.05019616 0.009964978 0.009964978 0 0.01920822 0 0.009964978 0.06703516 0.01268467 0 0.009964978 0.009964978 0.1043838 0.1624311 0.07899956 0 0 0
0.009964978 0 0.009964978 0 0.01992996 0 0 0.01992996 0 0 0 0 0 0 0 0.002293674 0 0 0.3200074 0.09992809 0.01757757 0 0.01955644 0.08217816 0.1376301 0.08007499 0.02336249 0.006532445 0 0 0 0.009964978 0 0 0.007340103 0 0 0.009964978 0 0 0.009964978 0 0 0 0 0 0.04300365 0.04052406 0.01000247 0.0003036391 0.2817423 0.2615115 0.1261063 0.008506859 0.009964978 0 0 0 0.0009381808 0.009964978 0.02952367 0 0 0 0.0007217397 0 0 0 0 0.01810959 0 0 0 0.00295981 0 0 0 0
0.009964978 0 0.01992996 0 0 0 0 0 0.009964978 0 0 0.06636983 0.009964978 0 0 0.00804251 0.009593774 0 0.02989493 0.06975485 0 0.01063954 0.06975485 0.02291794 0.006976992 0.02950251 0 0.009156168 0 0 0.005118273 0.004846705 0 0.02596121 0.02648856 0 0 0.009964978 0 0 0.01992996 0 0 0 0.004601955 0.01992996 0.02634292 0 0.01041398 0.01948095 0.03789747 0.189155 0.3290861 0.07880268 0 0 0.001479066 0.009964978 0.01899178 0 0 0 0 0 0 0 0.01992996 0 0 0.06540307 0.1257519 0 0.009964978 0 0.02666364 0.01992996 0.01992996 0
0.009964978 0 0 0 0 0 0 0 0 0 0 0.02331498 0 0 0 0.02989493 0.009964978 0 0 0.009964978 0 0.009290418 0.00281378 0.03666969 0.279303 0.08927345 0 0.000808811 0.01992996 0.01992996 0.03985991 0.009964978 0 0 0.02931003 0.06749544 0.07807026 0.3228391 0.07740965 0.01612276 0.009964978 0.009964978 0 0 0.05518792 0.05978987 0.05776155 0.02961217 0.009964978 0.09964979 0.04369455 0.4855972 0.1115147 0.03361735 0.009964978 0.06557304 0.04256266 0 0 0 0 0 0 0 0 0 0 0.07172189 0.0621269 0.009964978 0 0.04532068 0.01206505 0.01992996 0.003231291 0 0.009964978 0.009964978
0.009964978 0.009964978 0 0 0 0 0 0 0.009964978 0 0 0 0 0.009964978 0 0 0 0 0 0 0 0.04006599 0.0004832759 0.01992996 0.09078268 0.1293435 0 0 0 0.009964978 0 0 0 0.007687579 0.04999469 0.09235932 0.02040828 0 0.006308303 0.003807199 0 0 0.03985991 0.06975485 0.009964978 0.1244091 0.05278921 0.03135538 0.05832943 0 0.1892698 0.2599773 0.02464186 0.2272344 0.06456441 0.03379348 0.009964978 0.1295447 0.009964978 0 0.02523847 0.005666337 0.005256085 0.004708894 0 0.009964978 0 0.0101155 0.08404358 0.01992996 0.009964978 0.04226406 0 0 0 0 0.02989493 0
0.009964978 0 0.009964978 0 0 0.008255808 0.01132625 0.009964978 0.04982489 0.01992996 0.009964978 0.009964978 0.0002389471 0.02545653 0.009964978 0 0.009964978 0.001958904 0 0 0 0.02267575 0.00652984 0 0 0.03841544 0.01140945 0 0 0.009964978 0.01853176 0.01992996 0 0.002277399 0.00703823 0.01289173 0.06688036 0.01236115 0.2388193 0.3699546 0.08838338 0.04755903 0 0.1487551 0.0007195704 0.005374264 0.02259007 0 0 0 0 0.0538094 0.07971983 0.03593848 0.09871341 0.2388464 0.006630987 0.01140116 0 0 0.02853638 0.04677291 0.0001870262 0.009964978 0.02989493 0.02989493 0.02989493 0.00118663 0 0.01992996 0.0721838 0.1984753 0.007393453 0 0 0 0.009964978 0.038519
0.009964978 0.009964978 0.005804847 0 0 0 0.05017279 0.009964978 0.009964978 0.02378736 0.02000367 0 0 0.02412942 0 0 0.001716495 0.02621954 0 0 0.03290681 0.006953105 0.01992996 0 0 0.004611579 0.0053534 0.2175889 0.03853968 0 0.02132816 0.01992996 0.07243992 0.2425971 0.0965049 0 0 0.009964978 0 0.1422562 0.1456951 0.0730174 0 0 0 0 0 0 0 0 0 0.009964978 0.154296 0.3287425 0.09896728 0.03617955 0 0.03725488 0.07217209 0.02968315 0.2804882 0.1271436 0.01432274 0.009964978 0.006333171 0.01359679 0 0.05202375 0.1948424 0.1035922 0.03366346 0.3669974 0.03535061 0.01992996 0.08874194 0.09031744 0.0202402 0.06113079
