EnvRasters/Baseline_High/grain.asc
ncols         270
nrows         223
xllcorner     24099.479091542
yllcorner     21023.840179216
cellsize      1003.8986847201
NODATA_value  -9999
[rows 60 to 89 of 223, columns 0 to 68 of 270]
-9999 -9999 -9999 0.2050463 0.4135736 0.509602 0.4323719 0.4455795 0.4092456 0.3693745 0.1580354 0.02910616 0.1247809 0.1042405 0.1251789 0.07335946 0.09385087 0.1813972 0.1669079 0.2688606 0.3247145 0.3376867 0.2436885 0.3125616 0.3861932 0.2405645 0.03656279 0.1653552 0.319025 0.3548748 0.2814735 0.113128 0.201278 0.1270308 0.1923451 0.2481136 0.1023225 0 0.0056017 0.1565166 0.2604038 0.1800078 0.2642625 0.2291489 0.1339702 0.09171989 0.1031927 0.1501633 0.2610181 0.1794264 0.1032156 0.2204093 0.2100319 0.3674448 0.205641 0.1410828 0.365793 0.3202737 0.1288831 0.1051633 0.2734873 0.2457373 0.2221254 0.2413988 0.2535152 0.2166543 0.1135367 0.3243361 0.2134076
-9999 -9999 0.01487334 0.1705905 0.3231949 0.2625103 0.2568693 0.2154969 0.2540662 0.09943185 0.2827139 0.1437253 0.1349048 0.1864723 0.1620165 0.03683946 0.3822696 0.2181106 0.2970827 0.1087104 0.3033817 0.3220285 0.3818259 0.2068104 0.3339373 0.2660418 0.1903936 0.2432901 0.180104 0.2346249 0.1547 0.1014791 0.1688321 0.2186181 0.2299951 0.2175453 0.05556076 0 0 0.01310506 0.052081 0.1593014 0.1990877 0.2084914 0.09693261 0.1405556 0.176087 0.243651 0.07732156 0.04032732 0.09968506 0.2334571 0.1912297 0.2071366 0.1921255 0.240099 0.2819206 0.3028495 0.2982919 0.3233511 0.3578455 0.2882524 0.5453414 0.1982537 0.0764991 0.3046382 0.2969835 0.2322551 0.1036727
-9999 -9999 0.1397384 0.339285 0.2698113 0.3299778 0.2597281 0.5421186 0.53909 0.1842624 0.3114153 0.2342805 0.4701912 0.4693229 0.49427 0.2359643 0.3782994 0.2740368 0.4244297 0.2697997 0.2169139 0.2867844 0.2678992 0.3459021 0.3810596 0.3680604 0.2361329 0.1969694 0.2657777 0.3347236 0.2201994 0.1195799 0.2580027 0.1553552 0.1432383 0.2670761 0.0945373 0.001955604 0 0 0.01201709 0.06740129 0.06074081 0.2166948 0.2282088 0.1519078 0.1202893 0.1599317 0.08040015 0.03407232 0.07949843 0.2018562 0.2199357 0.1681018 0.2563843 0.2827778 0.2209665 0.1102284 0.1534005 0.1922912 0.2215335 0.2485242 0.2168718 0.1779218 0.2530957 0.3557462 0.3698348 0.2648813 0.2869509
-9999 0.1401623 0.3991151 0.2880743 0.4108366 0.4517061 0.4049502 0.5095333 0.3941828 0.1863187 0.2637476 0.2705562 0.4733898 0.438077 0.5222917 0.4793758 0.3378765 0.344667 0.4555128 0.3032669 0.2385065 0.3668286 0.3709808 0.28884 0.3432839 0.327534 0.3093342 0.2555402 0.3881076 0.2198969 0.03904348 0.1314082 0.373042 0.1759083 0.2217496 0.3347253 0.1776176 0 0 0.004273274 0.005182303 0.05048607 0.1084031 0.09329924 0.1868417 0.2649637 0.1427646 0.1139595 0.1600128 0.1836808 0.1622272 0.1540836 0.1485981 0.2779678 0.1807001 0.2760155 0.1248081 0.1319364 0.2191528 0.1725158 0.2025696 0.1569581 0.09912034 0.2688635 0.3573744 0.3145941 0.2977591 0.1886522 0.3523508
0.04950656 0.3145001 0.2503467 0.2128295 0.5406933 0.4120492 0.4331902 0.3992125 0.4655395 0.4173685 0.3189485 0.3464795 0.4627867 0.42092 0.3791544 0.3913701 0.4542553 0.296776 0.2654859 0.3544682 0.2907988 0.3492981 0.3452466 0.336795 0.4048039 0.3706673 0.2404893 0.2081194 0.3428808 0.2667584 0.2372341 0.2300787 0.2673021 0.4081591 0.2698835 0.27525 0.3094757 0.06437318 0.09407114 0.03746266 0.07802044 0.05372062 0.02058672 0.004769428 0.001486332 0.07696363 0.1214889 0.06599759 0.2331849 0.1608067 0.1522075 0.2196677 0.1909726 0.1903594 0.2079442 0.3041576 0.2930699 0.0270341 0.1599327 0.2065685 0.1884447 0.06608592 0.05108837 0.2408332 0.4734508 0.3606934 0.2522352 0.3288067 0.2471827
-9999 0.01950924 0.3297569 0.4594727 0.4388907 0.4653831 0.4534853 0.3102185 0.3296959 0.4457467 0.3124866 0.2874697 0.3555155 0.2435113 0.3383353 0.2550017 0.4173878 0.201289 0.3329535 0.3051611 0.4445312 0.2776107 0.452786 0.104049 0.1779316 0.304924 0.3478537 0.2904359 0.3230433 0.5090584 0.1975102 0.2673065 0.2644405 0.2672504 0.2555533 0.2834952 0.2431435 0.1514556 0.1689027 0.1720403 0.1695293 0.2742126 0.1751928 0.02990803 0 0.006789359 0.04406162 0.002021865 0.1175812 0.06629616 0.06587265 0.1957077 0.05936189 0.06878889 0.2374026 0.1703989 0.2918051 0.2077174 0.202044 0.1382683 0.03999646 0.05003208 0.1779874 0.2289858 0.2067801 0.3331764 0.2784032 0.3919036 0.3680642
-9999 0.04397818 0.4644408 0.4279899 0.4321265 0.5269417 0.3682514 0.4163752 0.4140723 0.3154961 0.3225908 0.4638583 0.4701033 0.432435 0.228989 0.3325158 0.299849 0.4355782 0.3431837 0.3813193 0.2763109 0.3308921 0.3908771 0.3362897 0.1996349 0.3115115 0.3827257 0.3151712 0.3506337 0.3142627 0.2645694 0.2226893 0.1836447 0.1505612 0.2765185 0.2623454 0.340231 0.2803922 0.1937639 0.2950195 0.3650505 0.4147048 0.1655004 0.02228632 0.03358881 0.1847274 0.2532418 0.1005326 0.193572 0.146716 0.09561305 0.1702962 0.03346546 0.1420832 0.153023 0.04913333 0.09507223 0.03106529 0.06460923 0.1130472 0.1476327 0.1178012 0.2044383 0.2123833 0.2511179 0.391113 0.2461808 0.2948146 0.3455585
-9999 0.04779428 0.3707412 0.4647521 0.2935721 0.2548801 0.3046842 0.3795865 0.2245759 0.3715471 0.379804 0.4080803 0.4083158 0.4085078 0.3762226 0.3864913 0.2736051 0.3073042 0.3718594 0.1200557 0.1463385 0.2865637 0.3770585 0.3330431 0.2725121 0.3066139 0.3266262 0.2662482 0.3056374 0.3532121 0.1169052 0.1370969 0.3133112 0.1523972 0.2263128 0.3770548 0.3330516 0.1947641 0.2754276 0.2749507 0.2784604 0.1972818 0.2689191 0.16348 0.2796272 0.2693598 0.2731758 0.3296093 0.3874276 0.2530629 0.1745879 0.312417 0.09163718 0.0754251 0.08335657 0.04812184 0.1073216 0.06829499 0.03399064 0.1352029 0.1038186 0.2905958 0.08418091 0.2685398 0.3133655 0.365353 0.1100785 0.4341466 0.3515531
-9999 0.01861949 0.4112799 0.414419 0.4875895 0.3800307 0.4739043 0.3078117 0.1732193 0.4489547 0.4246286 0.3470466 0.4352973 0.3858044 0.449979 0.2695957 0.03551871 0.3436401 0.2591031 0.2580471 0.1292577 0.295997 0.360788 0.3171047 0.340759 0.3861135 0.3977363 0.2370082 0.4165649 0.2493774 0.2388314 0.2998183 0.2850395 0.05299994 0.1297053 0.2442394 0.3204282 0.2083093 0.314716 0.3659953 0.2347426 0.2046032 0.2088807 0.3321142 0.3873864 0.2852005 0.03883625 0.2701932 0.2709269 0.2183033 0.1725434 0.2540542 0.1110185 0.07348812 0.09823057 0.09050016 0.1062501 0.1686258 0.002146629 0.003859821 0.05792579 0.1217868 0.2083499 0.3120714 0.1907254 0.2137541 0.4434931 0.3473319 0.3025548
-9999 0.02533398 0.335161 0.4963633 0.4581531 0.4906611 0.3355542 0.3332239 0.3853567 0.3243012 0.3661711 0.3460231 0.3838376 0.3230013 0.3514068 0.2609931 0.3364266 0.4226266 0.4295865 0.3597161 0.1098638 0.1819394 0.349648 0.3357187 0.3660499 0.3279497 0.279844 0.3399289 0.2157961 0.2202738 0.4131802 0.3500276 0.3701912 0.2853462 0.3506289 0.2865242 0.2817189 0.2449245 0.2510618 0.2845445 0.1965664 0.256193 0.2727929 0.2505338 0.3000114 0.1793824 0.1037018 0.2516102 0.263522 0.1344727 0.1362709 0.1384525 0.1128298 0.0944107 0.01618631 0.09760818 0.273859 0.2897893 0.07127164 0.004926655 0.002372784 0.05563736 0.08939941 0.1523312 0.0905458 0.1732346 0.409914 0.246088 0.3380474
-9999 0.003459586 0.2215627 0.3282223 0.4191252 0.3687812 0.29452 0.4023799 0.4146829 0.2830944 0.2941759 0.2473717 0.2809545 0.3607176 0.1926332 0.3647115 0.369099 0.3336264 0.2452273 0.2102587 0.1527839 0.01425673 0.1852151 0.4182637 0.3881364 0.3067516 0.3066658 0.2381993 0.1194357 0.2420741 0.323426 0.4248782 0.2829793 0.3268363 0.3503512 0.3076657 0.3047368 0.3054668 0.2231413 0.2296098 0.1226173 0.1167499 0.1813468 0.3407053 0.2592082 0.3850164 0.1507606 0.2435642 0.1634472 0.1673356 0.1886873 0.04913525 0.0382579 0.1013072 0.2301066 0.1874734 0.2175777 0.2437183 0.1127406 0.2057838 0.026221 0.02465182 0.1500361 0.2249638 0.1693148 0.3075623 0.3222641 0.2722659 0.2899439
-9999 0.1734908 0.2714637 0.3019375 0.467164 0.3669935 0.4070098 0.4063403 0.3677098 0.1075975 0.0007798333 0.08430983 0.2603684 0.2749763 0.2065604 0.3629533 0.2289114 0.186571 0.3864459 0.3157266 0.1136857 0 0.1643286 0.3287483 0.3953626 0.4007513 0.2765619 0.2857301 0.2994235 0.1534917 0.2351466 0.3063988 0.2500394 0.4423412 0.4007937 0.2179746 0.3264351 0.1221241 0.1890317 0.3188296 0.1681199 0.1232331 0.13631 0.2747097 0.1323356 0.246756 0.4291669 0.1679139 0.06095173 0.1531094 0.02190657 0.007054132 0.1485074 0.1050187 0.2230702 0.1914584 0.1649665 0.09193668 0.1384007 0.1167558 0.03361023 0.0152965 0.09059548 0.2967278 0.3217226 0.213686 0.3771286 0.4113676 0.3983277
-9999 0.04226067 0.2046268 0.2908718 0.3477276 0.4682745 0.3430029 0.3429056 0.3094223 0.07924975 0.03093539 0.08604168 0.2891684 0.2632437 0.1629682 0.2663198 0.234774 0.1398946 0.2625126 0.1295712 0.002286406 0 0.02922771 0.1357277 0.3713474 0.26847 0.3224767 0.1279635 0.0780043 0.2605839 0.3126964 0.236838 0.4799843 0.3918659 0.3400994 0.2119938 0.08011772 0.1834653 0.1254769 0.2370661 0.2003461 0.2072253 0.1279112 0.2411461 0.3573587 0.1298376 0.06596328 0.02164242 0 0.006819287 0.03001786 0.007126403 0.04881624 0.21523 0.01092255 0.1555192 0.1133972 0.1743734 0.1984307 0.284241 0.3382984 0.2072513 0.1733547 0.3460031 0.3225861 0.3330917 0.3959818 0.4073125 0.3891601
-9999 -9999 0.09261509 0.3930094 0.3383203 0.3643356 0.3095194 0.4428538 0.3031707 0.3581584 0.3733082 0.2303545 0.3154304 0.2356887 0.2534663 0.2265653 0.3070044 0.3610151 0.4751301 0.2698106 0.09042684 0.01755312 0.109821 0.2251274 0.3703994 0.2128847 0.1678142 0.1732875 0.2333796 0.1724088 0.2849255 0.4197199 0.3725032 0.3217911 0.2779952 0.3284701 0.2112858 0.2660126 0.2560781 0.2249553 0.1500431 0.08770671 0.04606027 0.04923463 0.0742576 0.02925019 0.2160214 0.01793533 0.008228551 0.01606655 0 0.01095909 0.1101033 0.1096145 0.04026438 0.09189374 0.1912966 0.2282139 0.1530775 0.2889567 0.1511008 0.209322 0.1505919 0.2617666 0.2441173 0.3677641 0.3240992 0.3691767 0.3125853
-9999 -9999 0 0.3884208 0.4471263 0.409494 0.4344944 0.4391852 0.3694901 0.4149732 0.4573245 0.3340644 0.3253829 0.3132299 0.3059835 0.36825 0.4619535 0.333447 0.3835727 0.3593068 0.2094627 0.1778975 0.3690384 0.2204387 0.2624975 0.1687007 0.1900908 0.2385015 0.1763515 0.1196574 0.2137095 0.341168 0.4835992 0.3214861 0.3909245 0.3901575 0.2889404 0.1928322 0.2473931 0.4047334 0.1078765 0.1847597 0.08474456 0.04066847 0.05147862 0.03547167 0.06986541 0.03296367 0 0.01315496 0.01723017 0.004767636 0.06271727 0.1828668 0.302082 0.1986349 0.09447686 0.03525395 0.1025311 0.2514516 0.189482 0.2724682 0.1006514 0.2643156 0.3311617 0.3577624 0.4305545 0.3736511 0.2469853
-9999 -9999 -9999 0.3840442 0.375994 0.3025435 0.2308865 0.5417961 0.3117184 0.2998115 0.3766145 0.3589298 0.2356339 0.3683895 0.3878935 0.1948908 0.3406979 0.2201836 0.2667806 0.4401574 0.3381607 0.3675437 0.3732165 0.1872091 0.1358643 0.1935651 0.1564625 0.4219566 0.2948114 0.3222878 0.2708932 0.4168512 0.2327912 0.3561213 0.3168664 0.2477661 0.3679139 0.3376512 0.2971211 0.2938234 0.3013827 0.1405904 0.1041595 0.2851529 0.1776212 0.01622956 0.002551609 0 0 0 0.03537704 0.01951433 0.06845915 0.2563684 0.3363304 0.225197 0.2214683 0.2779867 0.2553592 0.217773 0.2822721 0.246137 0.2997265 0.3173388 0.3055729 0.331301 0.3825146 0.2713127 0.2256054
-9999 -9999 -9999 0.01526735 0.04738167 0.0149378 0.03218522 0.0986578 0.0774907 0.1778262 0.4240755 0.344253 0.2387783 0.3002808 0.423109 0.2637693 0.3463954 0.2757775 0.2450807 0.3368962 0.264351 0.3491329 0.2680168 0.02082209 0.08096093 0.2785136 0.3182631 0.3352005 0.352873 0.3428646 0.297848 0.3251233 0.3113175 0.2160055 0.1206877 0.1640067 0.3348379 0.1358018 0.2476291 0.3668198 0.2574165 0.009121219 0.1022397 0.086631 0.09233994 0.1419305 0.1423948 4.585801e-006 0.0001699201 0.01640574 0.05847685 0.1982167 0.02124055 0 0.268222 0.1134711 0.1957644 0.3650469 0.3660552 0.1576016 0.2367936 0.2355751 0.2536699 0.3817341 0.2975856 0.2806791 0.1671582 0.1531354 0.1364054
-9999 -9999 -9999 -9999 -9999 -9999 -9999 -9999 -9999 0.06512818 0.4193146 0.2727077 0.3846 0.4087476 0.4100465 0.3798016 0.4177395 0.437214 0.3289463 0.3769001 0.3783972 0.4204751 0.4187553 0.1868106 0.4221886 0.3735107 0.2643223 0.2975032 0.2552586 0.292175 0.3367387 0.2989953 0.2822044 0.2407587 0.1308677 0.2497125 0.2544513 0.005588332 0.1374799 0.246961 0.1693494 0.010046 0.004265253 0.0653827 0.05633761 0.007855391 0.00716585 0.002915572 0.009714143 0.05089393 0.1083894 0.1830982 0.01922953 0.02671806 0.1396268 0.3254079 0.3684629 0.3593731 0.2400009 0.2272425 0.3627662 0.132906 0.1419121 0.2871118 0.2012641 0.3447104 0.1381267 0.243568 0.3544308
-9999 -9999 -9999 -9999 -9999 -9999 -9999 -9999 -9999 0.03566623 0.3391123 0.1845112 0.2573115 0.2973565 0.3388478 0.3015682 0.5020787 0.4041869 0.2648419 0.4690874 0.3575432 0.3776391 0.3877297 0.4410504 0.4442509 0.4231495 0.2650359 0.4517444 0.33676 0.2270511 0.3879728 0.2921006 0.2606739 0.3117541 0.2772446 0.2132265 0.001086742 0 0.06845817 0.1624839 0.1537169 0.103176 0.01019434 0.1556815 0.1916564 0.0806925 0.05013621 0.1275876 0.05592386 0.04632102 0.2421388 0.3258319 0.139663 0.3125874 0.2510175 0.3961754 0.2990397 0.3383348 0.2866491 0.2849406 0.2603903 0.2403763 0.3329104 0.3539755 0.2627617 0.2606785 0.2329906 0.269398 0.5494872
-9999 -9999 -9999 -9999 -9999 -9999 -9999 -9999 -9999 -9999 0.1206357 0.156821 0.1248721 0.2802695 0.3218267 0.3129694 0.1949997 0.2117045 0.4201294 0.3508216 0.2408542 0.2142567 0.2664404 0.3005148 0.3278553 0.396855 0.167598 0.4320995 0.3167272 0.1854399 0.3102374 0.2165713 0.1618795 0.144404 0.2746699 0.112186 0.001123309 0 0.007788149 0.0570318 0.1926773 0.1733377 0.01615858 0.05534764 0.2278464 0.1417087 0.08875261 0.2417986 0.3253098 0.2393613 0.3428861 0.352718 0.3057103 0.3197715 0.4061297 0.3621272 0.3346621 0.3313606 0.3503477 0.4197003 0.42977 0.3976975 0.3577121 0.1178067 0.04824894 0.0748586 0.2800638 0.227009 0.5236588
-9999 -9999 -9999 -9999 -9999 -9999 -9999 -9999 -9999 -9999 0 0.02285525 0.2337841 0.3229113 0.3364048 0.1814266 0.1332183 0.2814734 0.4043319 0.3648536 0.356336 0.3808455 0.3385363 0.3595282 0.3501906 0.3071239 0.3966258 0.3058816 0.2295349 0.07678629 0.110689 0.009521757 0 0.03492725 0.212615 0.171366 0.05693281 -9999 -9999 0.04568052 0.2359847 0.2841538 0.1906062 0.1810323 0.1368375 0.1133045 0.1990621 0.2978305 0.1997972 0.2352664 0.1976225 0.277335 0.362947 0.2504593 0.296949 0.216701 0.2764979 0.2404377 0.3172038 0.305968 0.2640584 0.2709602 0.2505054 0.07232401 0.163646 0.1344139 0.3599803 0.2820002 0.4152349
-9999 -9999 -9999 -9999 -9999 -9999 -9999 -9999 -9999 -9999 -9999 -9999 0.2271495 0.1355781 0.215486 0.2695431 0.3554793 0.2623812 0.302407 0.3772415 0.3536357 0.3084424 0.3108519 0.3939172 0.3128497 0.2924783 0.3180654 0.3443852 0.2117131 0.007149216 0.01865225 0.03736884 -9999 -9999 0 0 -9999 -9999 -9999 -9999 0.1286968 0.2114022 0.1137815 0.2018106 0.3230017 0.1505211 0.2966009 0.3034713 0.2222546 0.1507407 0.2574847 0.4514626 0.2529478 0.3717314 0.4046768 0.3346187 0.2153672 0.3141447 0.3430236 0.2227541 0.006289553 0.1238287 0.1481265 0.0971096 0.3538925 0.2516158 0.3046652 0.319293 0.3415643
-9999 -9999 -9999 -9999 -9999 -9999 -9999 -9999 -9999 -9999 -9999 -9999 0.1440592 0.3250264 0.3227932 0.3672113 0.3839732 0.3579529 0.322987 0.3611919 0.4182796 0.3091033 0.174762 0.2822304 0.4284138 0.2603061 0.2833759 0.3541575 0.144032 0 -9999 -9999 -9999 -9999 -9999 -9999 -9999 -9999 -9999 -9999 0.0002663562 0.1579984 0.3007575 0.326481 0.1356405 0.2073246 0.462584 0.1091863 0.3936225 0.2582082 0.1721831 0.4286295 0.4780078 0.4201698 0.3456375 0.3242873 0.1377442 0.2099933 0.4067037 0.4524288 0.1096216 0.1614043 0.30292 0.09828708 0.121086 0.08506337 0.2536769 0.2622147 0.1584527
-9999 -9999 -9999 -9999 -9999 -9999 -9999 -9999 -9999 -9999 -9999 -9999 -9999 0.1406157 0.3070841 0.4411618 0.3431699 0.2804695 0.4072102 0.3318935 0.318873 0.3382677 0.3841234 0.4138109 0.3372825 0.03593171 0.07195838 0.0350417 -9999 -9999 -9999 -9999 -9999 -9999 -9999 -9999 -9999 -9999 -9999 -9999 -9999 0.1076949 0.0356386 0.1201288 0.06373951 0.05491776 0.1615465 0.3343006 0.3861542 0.4801227 0.3809462 0.2644038 0.406383 0.3148654 0.3416809 0.3519379 0.3457313 0.2637079 0.4819045 0.3251074 0.1289727 0.1977305 0.3240955 0.01667025 0.02494808 0.1050626 0.2530847 0.1528071 0.1645449
-9999 -9999 -9999 -9999 -9999 -9999 -9999 -9999 -9999 -9999 -9999 -9999 -9999 0.02942565 0.2256511 0.3683138 0.301258 0.3400499 0.501366 0.4251059 0.2164022 0.2162097 0.2930016 0.4846395 0.1662222 0.00159253 -9999 -9999 -9999 -9999 -9999 -9999 -9999 -9999 -9999 -9999 -9999 -9999 -9999 -9999 -9999 0 0 0 0 0.01297832 0.009430024 0.1989672 0.5251897 0.4696504 0.352397 0.2542421 0.3426282 0.3949704 0.2008567 0.291171 0.2995581 0.1306205 0.3094653 0.3096826 0.4192956 0.3164986 0.3598202 0.3677894 0.2975617 0.3904421 0.3379687 0.3858904 0.3956559
-9999 -9999 -9999 -9999 -9999 -9999 -9999 -9999 -9999 -9999 -9999 -9999 -9999 0 0.1805641 0.3126219 0.4351569 0.4065992 0.498229 0.5810014 0.4041959 0.2076942 0.1811175 0.436168 0.340373 0.006910411 -9999 -9999 -9999 -9999 -9999 -9999 -9999 -9999 -9999 -9999 -9999 -9999 -9999 -9999 -9999 -9999 0 0.003153016 0.01773626 0.01987111 0.09941743 0.2328377 0.3353897 0.4213923 0.477664 0.3559207 0.3202865 0.3480652 0.2940886 0.3769744 0.3916721 0.3749294 0.3033945 0.3429972 0.2672016 0.3556639 0.3837173 0.3214826 0.1913627 0.1575458 0.2884389 0.4180436 0.2701434
-9999 -9999 -9999 -9999 -9999 -9999 -9999 -9999 -9999 -9999 -9999 -9999 -9999 -9999 0.08123696 0.3653718 0.3746351 0.3595704 0.3821703 0.3784381 0.2653333 0.3885497 0.4358873 0.2420289 0.0005202009 -9999 -9999 -9999 -9999 -9999 -9999 -9999 -9999 -9999 -9999 -9999 -9999 -9999 -9999 -9999 -9999 -9999 0 0.0608359 0.06736125 0.1763111 0.348127 0.366268 0.3767761 0.3298239 0.04318209 0.07595316 0.2086863 0.2333649 0.2581925 0.2590685 0.3214391 0.2242329 0.2849978 0.432599 0.3671045 0.2983551 0.4840734 0.3584964 0.3663144 0.3509835 0.3358098 0.2704544 0.2484834
-9999 -9999 -9999 -9999 -9999 -9999 -9999 -9999 -9999 -9999 -9999 -9999 -9999 -9999 -9999 0.001235815 0.02640247 -9999 0.1125488 0.4576415 0.3843363 0.2618143 0.04649427 0.3012153 0.005158421 -9999 -9999 -9999 -9999 -9999 -9999 -9999 -9999 -9999 -9999 -9999 -9999 -9999 -9999 -9999 -9999 -9999 0.01171791 0.05557656 0.1350975 0.09730042 0.2088869 0.2537295 0.3042197 0.2106086 0.1397009 0.3008573 0.2595766 0.2283186 0.1680716 0.439347 0.3582463 0.2972675 0.4318453 0.4392881 0.4489385 0.4207712 0.4245581 0.4167282 0.3603843 0.3020537 0.448896 0.45276 0.4858911
-9999 -9999 -9999 -9999 -9999 -9999 -9999 -9999 -9999 -9999 -9999 -9999 -9999 -9999 -9999 -9999 -9999 -9999 -9999 0.09536885 0.1737151 0.2958179 0.3492528 0.3258327 -9999 -9999 -9999 -9999 -9999 -9999 -9999 -9999 -9999 -9999 -9999 -9999 -9999 -9999 -9999 -9999 -9999 -9999 -9999 0 0.04091758 0.04067947 0.04042485 0.2193743 0.420685 0.2937479 0.419205 0.3571534 0.303558 0.3202405 0.3632689 0.25136 0.3623981 0.5157302 0.4562345 0.3997803 0.3314113 0.2448749 0.3364001 0.2580628 0.4236476 0.4859467 0.3193872 0.4515878 0.4227495
-9999 -9999 -9999 -9999 -9999 -9999 -9999 -9999 -9999 -9999 -9999 -9999 -9999 -9999 -9999 -9999 -9999 -9999 -9999 -9999 -9999 0.206182 0.1172408 -9999 -9999 -9999 -9999 -9999 -9999 -9999 -9999 -9999 -9999 -9999 -9999 -9999 -9999 -9999 -9999 -9999 -9999 -9999 -9999 -9999 -9999 -9999 0.02867928 0.170812 0.3379959 0.3856757 0.3661559 0.3898722 0.3959666 0.1201637 0.2020969 0.4787972 0.429594 0.433291 0.3492931 0.4288411 0.3266961 0.4073595 0.5085288 0.3909739 0.4688134 0.430732 0.3105646 0.4345106 0.3637804
