EnvRasters/Baseline_High/grain.asc
ncols         270
nrows         223
xllcorner     24099.479091542
yllcorner     21023.840179216
cellsize      1003.8986847201
NODATA_value  -9999
[rows 90 to 119 of 223, columns 69 to 137 of 270]
0.3590384 0.4775714 0.2942124 0.3254127 0.3699542 0.09504583 0.3549847 0.09496847 0.2867753 0.3718756 0.3698807 0.1988139 0.4751025 0.383939 0.2593252 0.3494451 0.3141929 0.3729621 0.1573904 0.03800115 0.2930446 0.2547871 0.04849787 0.3577807 0.4217696 0.420658 0.4337317 0.3294731 0.5146493 0.4560098 0.4257041 0.4493089 0.2427991 0.1415424 0.2524314 0.185292 0.170138 0.5239578 0.285971 0.2612948 0.3330265 0.3244885 0.4159012 0.4236743 0.1169638 0.173886 0.3566151 0.1727776 0.3124207 0.1404589 0.0265192 0.001032521 0.2574767 0.07295769 0.06523192 0.05396567 0.007967176 0.5144813 0.1180031 0.0002243664 0.2155827 0.02548059 0.1518986 0.03289621 0.04910143 0.07828355 0.02672373 0.06907782 0.1271131
0.2234813 0.1509124 0.3017662 0.370634 0.3027875 0.3130734 0.4200641 0.1807924 0.2818412 0.4487575 0.3364906 0.3560534 0.3670171 0.2745006 0.3603038 0.3978633 0.2170416 0.1828673 0.1557557 0.4052209 0.1529938 0.3191745 0.148011 0.3260534 0.4101612 0.3937579 0.3864075 0.4423495 0.4742125 0.4735254 0.4726265 0.0878359 0.1010268 0 0.2061986 0.299607 0.1803359 0.1089141 0.3294498 0.4136403 0.4551441 0.2954306 0.3741161 0.2948165 0.02102635 0 0.1801576 0.04516367 0.2004124 0.1823318 0.03088435 0.003151058 0.1201633 0.04120088 0.01808693 0.3013388 8.20038e-005 0.04951291 0.004846156 0.1552134 0.5021912 0.1745956 0.02656405 0.1240905 0.1898154 0.0724612 0.2912766 0.5077741 0.2082267
0.2217666 0.2778699 0.2888043 0.4781888 0.4224589 0.4451945 0.3324305 0.3555606 0.4129633 0.3874916 0.3121822 0.4325043 0.3733547 0.2167136 0.3768384 0.2548603 0.2291319 0.1332955 0.3728746 0.3310099 0.1673393 0.5125054 0.3889901 0.5839648 0.2924766 0.3454808 0.547112 0.5959959 0.539506 0.4012968 0.3478809 0.3955862 0.2411839 0.1017923 0.4626521 0.4307195 0.3567233 0.4067433 0.3405391 0.2758143 0.2309168 0.364691 0.4131176 0.337001 0.1554991 0.08810703 0.02223748 0.04613777 0.09172131 0.07884875 0.1977714 0.1156614 0.1102388 0.04389164 0.08768622 0.3327972 0.004056233 0.00317619 0.1114875 0.4248467 0.4245622 0.2722088 0.125971 0.07615952 0.01761913 0.1904341 0.4165299 0.4860991 0.1319212
0.4034962 0.2868182 0.4037595 0.08775446 0.3181622 0.5281051 0.368478 0.3450703 0.434227 0.4436131 0.4359988 0.3673011 0.2305417 0.3953231 0.421766 0.5869675 0.2162992 0.05420001 0.3003522 0.4288065 0.319209 0.4185731 0.2642878 0.2807212 0.2736164 0.3317422 0.2504424 0.3938225 0.3928889 0.3077289 0.3735169 0.3846171 0.3476715 0.3259743 0.5423473 0.4529016 0.3970907 0.368526 0.3238156 0.3546054 0.2882884 0.09311394 0.2267975 0.3773556 0.2281505 0.2311156 0.04279673 0.3108576 0.1158621 0.09426939 0.1619599 0.05715327 0.1318866 0.03595131 0.2577057 0.1656173 0.1122297 0.01571643 0.374626 0.5082761 0.5016111 0.4739326 0.294484 0 0.04431429 0.150554 0.497401 0.3315006 0.3406531
0.4082215 0.3504729 0.4167045 0.252194 0.4000193 0.4314263 0.2565272 0.07214228 0.295461 0.2556584 0.3130778 0.2082514 0.412374 0.3925755 0.4256699 0.2133193 0.4088064 0.1965177 0.3345748 0.3587136 0.1633079 0.09293824 0.2109454 0.432903 0.4613346 0.508508 0.3776112 0.2779765 0.5872085 0.4338767 0.5036907 0.4010797 0.5012726 0.3579588 0.3441667 0.4700132 0.512942 0.5152682 0.303609 0.132726 0.02102386 0.0002407607 0.1177832 0.2914387 0.4407715 0.2895117 0.05374783 0.09682015 0.218501 0.3411369 0.3431378 0.3436224 0.1996984 0.4822453 0.2723568 0.2745329 0.3187369 0.1658118 0.5176862 0.3626668 0.2196462 0.2569103 0.1151056 0.140849 0.03599362 0.3770943 0.3497038 0.4058988 0.4709743
0.4967009 0.3186817 0.4347129 0.2911536 0.3696692 0.3455772 0.02562542 0.1721779 0.2386502 0.2450818 0.3148033 0.3639456 0.303016 0.388002 0.4132984 0.2714441 0.2278839 0.3875821 0.3892054 0.2286514 0.02395164 0.2100355 0.5401911 0.4059804 0.3399163 0.3705771 0.5112395 0.5750771 0.3931195 0.4555171 0.4195069 0.4575382 0.6006731 0.4495348 0.496012 0.4691319 0.4885411 0.2459884 0.4310247 0.4017635 0.1492849 0.2466342 0.412475 0.264123 0.2181168 0.2215777 0.1384286 0.03602403 0.2316804 0.2640418 0.2654103 0.1899921 0.3434709 0.4448086 0.1844979 0.3402846 0.2346647 0.3319567 0.399085 0.2114251 0.1005371 0.1428923 0.2258891 0.205122 0.0605711 0.4596274 0.2303441 0.259174 0.3846071
0.1839389 0.4011844 0.4790694 0.4261785 0.1884301 0.215228 0.3128344 0.2625349 0.1833239 0.2835459 0.2839734 0.2554162 0.3017083 0.233267 0.2347045 0.07564638 0.3256868 0.2296411 0.4331031 0.2924329 0.2228921 0.4691554 0.3341109 0.282506 0.308489 0.2996351 0.3228609 0.1188481 0.1990567 0.003910676 0.3110962 0.498207 0.3726075 0.3344743 0.4950366 0.2857876 0.3203534 0.5081027 0.2622102 0.367945 0.4532605 0.4067505 0.3071709 0.3802024 0.06841495 0.1695965 0.1895147 0.08196569 0.09880892 0.2316437 0.4321105 0.4587213 0.2238955 0.3083915 0.4191201 0.2081001 0.2695811 0.3740716 0.4111725 0.4531637 0.3847201 0.5015652 0.4612683 0.4364503 0.2253969 0.08720049 0.2100954 0.1174652 0.1853051
0.2887346 0.3597943 0.4723661 0.4418402 0.3229311 0.4342817 0.3821148 0.4491168 0.2142764 0.313898 0.38212 0.3675713 0.4601985 0.300929 0 0.06324701 0.297228 0.3792137 0.4203772 0.3192129 0.2990767 0.3905667 0.2635777 0.5456942 0.4174443 0.4326559 0.1257037 6.635267e-005 0.01309673 0.2664866 0.3746625 0.4253918 0.5211459 0.4703437 0.4115661 0.423553 0.4902515 0.4504333 0.4777507 0.3095994 0.3764459 0.4612444 0.1668737 0.2040036 0.0346957 0.3452198 0.25337 0.1834112 0.325097 0.2987815 0.332128 0.5540828 0.4158531 0.4552416 0.4798092 0.143757 0.2500409 0.3566975 0.2078541 0.4636908 0.4571878 0.5833598 0.3575869 0.1038431 0.1420039 0.02456897 0.07575925 0.07945774 0.02433069
0.4372821 0.3562534 0.223637 0.4337057 0.1471271 0.3388239 0.3448622 0.5063092 0.3799005 0.2407279 0.3125515 0.2385763 0.3258997 0.1765038 0.002903075 0.09871576 0.3809657 0.3063562 0.3002682 0.397639 0.5161587 0.3287288 0.4484966 0.4636487 0.319049 0.4982114 0.4735509 0.1983242 0.4051246 0.460477 0.3073527 0.4468485 0.3304221 0.5591239 0.3862953 0.578597 0.1502733 0.4410301 0.4932446 0.4941895 0.3589663 0.3578975 0.520228 0.03197287 0.05242657 0.3444307 0.1284461 0.2152815 0.2923485 0.4446551 0.2121699 0.1664205 0.4620298 0.3148203 0.5200199 0.5220867 0.5355133 0.4099012 0.4080947 0.4331856 0.5708916 0.3331192 0.2241284 0.2219667 0.08468544 0.2327943 0.3528146 0.3180257 0.2378371
0.3485601 0.2952884 0.4450078 0.2992834 0.1745737 0.2403408 0.2997402 0.4435913 0.3047265 0.2683749 0.1322894 0.4024341 0.3551114 0.348125 0.3204324 0.4719809 0.2211381 0.1995845 0.2624495 0.08379764 0.3452394 0.3613122 0.108283 0.2657413 0.1004313 0.2936132 0.2308617 0.3220355 0.5062347 0.298418 0.4690419 0.4172321 0.1702354 0.2637857 0.4773729 0.573224 0.326855 0.3184291 0.1304583 0.04601272 0.09882531 0.2655988 0.05869356 0.0151532 0.2314503 0.2738547 0.2742368 0.4488009 0.3157809 0.3499418 0.3452559 0.2379322 0.4297249 0.04639914 0.06019212 0.09674127 0.3736115 0.4908736 0.5023572 0.2586409 0.5114518 0.09735754 0.1125293 0.1720435 0.3815224 0.1514728 0.2507206 0.4417424 0.07662039
0.5080594 0.3111008 0.294221 0.0254306 0.09560014 0.3279026 0.4509695 0.1578296 0.384411 0.3079732 0.2778727 0.4913897 0.1815363 0.3189375 0.3290911 0.3960292 0.3894565 0.4979538 0.3335432 0.2237917 0.2563657 0.3692074 0.3808675 0.4926656 0.04743402 0.08757398 0.439329 0.3669066 0.340681 0.4738627 0.3820848 0.5256962 0.2527927 0.399199 0.3671453 0.4389813 0.4121521 0.4663997 0.3782627 0.1713393 0.2733609 0.1261813 0.03067452 0.08909888 0.3313754 0.3441121 0.282826 0.2838977 0.3308914 0.2023716 0.2320717 0.2480132 0.07539752 0 0.005890334 0.2477264 0.3237211 0.517049 0.5512176 0.2395352 0.2456872 0.1142283 0.2444188 0.542634 0.3409563 0.1152634 0.07348677 0.03454676 0.005045697
0.3227871 0.4002804 0.4593445 0.06118815 0.3142289 0.2603863 0.3472876 0.03769618 0.2716891 0.4465129 0.2985549 0.3798995 0.2712835 0.5598383 0.2909149 0.2968975 0.194267 0.2350574 0.3742113 0.1896194 0.2321172 0.1620376 0.2481195 0.5129181 0.4079886 0.3167788 0.4297025 0.4717716 0.4060545 0.4141613 0.3286348 0.5683419 0.3030284 0.5238459 0.3128904 0.2711577 0.2718448 0.324429 0.2142705 0.2493105 0.423995 0.3433769 0.266635 0.3526326 0.394448 0.4445237 0.4724745 0.2933876 0.2502985 0.1445841 0.3741439 0.2299158 0.0005662032 0 0.2762328 0.05657772 0.1835821 0.519486 0.6298088 0.4618614 0.3496635 0.1952269 0.4891144 0.3510003 0.4379056 0.2102114 0.1227001 0 0.09158932
0.3013188 0.4056635 0.4104789 0.2959798 0.4784716 0.2302961 0.4027835 0.1720317 0.5357823 0.4378762 0.4032945 0.4372002 0.3872492 0.4322612 0.1347199 0.4339977 0.2565234 0.2491057 0.5191094 0.2688671 0.4330797 0.451467 0.2269274 0.3224512 0.1884219 0.3509357 0.5052022 0.4010442 0.4634633 0.2354723 0.256574 0.3143799 0.5728117 0.5237769 0.1173457 0.003336785 0.2437393 0.4942399 0.4655981 0.3683581 0.4550226 0.6008272 0.5253649 0.2386256 0.5328409 0.3979468 0.6304364 0.5277138 0.1760494 0.4022706 0.1769476 0.4433923 0.3408961 0.3711347 0.4967197 0.06383187 0.3698587 0.5863858 0.5911617 0.1141142 0.4305722 0.4464914 0.2930973 0.383021 0.3947932 0.1813757 0.3821095 0.08865816 0.2088466
0.38158 0.4301006 0.1436623 0.3881572 0.3910334 0.03553529 0.2693236 0.1091303 0.5349377 0.2928064 0.5135455 0.5549886 0.1775858 0.2212634 0.3999479 0.527065 0.4409406 0.2673526 0.4074005 0.06424893 0.297758 0.4853093 0.47449 0.4504955 0.2462272 0.4472567 0.5955909 0.333047 0.5518082 0.5561658 0.2203356 0.2760682 0.3310919 0.215985 0.1044039 0.007936892 0.1281301 0.3653245 0.4463125 0.4769844 0.3759483 0.1673087 0.1857463 0.2884499 0.3920042 0.4478083 0.4759184 0.4230609 0.2154893 0.3723098 0.278849 0.4354425 0.50626 0.5824245 0.4609568 0.3798979 0.559617 0.463928 0.5238006 0.3461751 0.6305848 0.4915033 0.1162807 0.342027 0.3053257 0.215409 0.2056433 0.2107038 0.07868821
0.5389264 0.3627355 0.3113784 0.4667371 0.4519191 0.4068357 0.3344069 0.1183345 0.4041859 0.430303 0.4346687 0.3983972 0.04657121 0.1313263 0.3056479 0.4247889 0.4856009 0.415697 0.3496284 0.1689203 0.4928074 0.4892206 0.447358 0.3458926 0.2579063 0.3227038 0.2695798 0.4765586 0.3959533 0.3276667 0.2863125 0.3766027 0.3850819 0.1647466 0.1711596 0.1708356 0.1830092 0.2979529 0.4352199 0.280799 0.1183278 0.01798239 0.1967506 0.4181908 0.4808215 0.26838 0.5706133 0.4986848 0.03765365 0.07487082 0.2499786 0.2423799 0.1731817 0.472897 0.3516126 0.28249 0.460176 0.2392689 0.5709756 0.6129304 0.6335724 0.4812454 0.3989376 0.4339584 0.3826197 0.065432 0.2600885 0.09746875 0.2898258
0.2384012 0.1919876 0.3732073 0.3857973 0.4602974 0.4595109 0.4545937 0.3836114 0.3871426 0.309758 0.3057512 0.1242587 0.3136271 0.3078068 0.4073571 0.2322822 0.1818594 0.3666851 0.400156 0.2790854 0.4751613 0.383953 0.230502 0.160713 0.3637044 0.4993172 0.4614293 0.57307 0.3938996 0.4450683 0.3516223 0.3809854 0.3752252 0.2364464 0.4410891 0.5023788 0.4142529 0.1168983 0.4606138 0.3144673 0.1406688 0.1777166 0.3864682 0.2481755 0.2651055 0.1198916 0.4510756 0.3802101 0.4469992 0.4426248 0.2751164 0.3801649 0.2943464 0.5489297 0.5432146 0.3784535 0.4154257 0.6131919 0.5693936 0.5146537 0.5292357 0.3221461 0.4172083 0.3624376 0.3638723 0.06699295 0.3634135 0.4163791 0.3551477
0.2869358 0.1117305 0.1684157 0.4018932 0.112007 0.3172304 0.4576318 0.5263036 0.2828639 0.3243005 0.08566052 0.1262422 0.2010906 0.1541789 0.5637677 0.4640884 0.2420215 0.3815288 0.3743841 0.3824101 0.3498926 0.3659763 0.3135757 0.2999335 0.5077981 0.5363179 0.5296012 0.4278125 0.5229266 0.4789955 0.3251288 0.3871566 0.3510769 0.2426949 0.4448846 0.4281592 0.2613891 0.4449404 0.4585046 0.4037032 0.4803805 0.3578989 0.4509637 0.1715905 0.1213213 0.001860527 0.119488 0.4407138 0.3302986 0.3833129 0.449288 0.4722438 0.2849209 0.5536535 0.6248154 0.5657623 0.3644791 0.5106644 0.2184339 0.4164285 0.4560592 0.4598761 0.3336979 0.5177073 0.4525101 0.2746875 0.4845642 0.2576371 0.2121527
0.1659059 0.2866181 0.2955151 0.4341421 0.1806688 0.08424235 0.44211 0.4323878 0.1875851 0.03254259 0.01329113 0.1804183 0.3892188 0.3112412 0.6106043 0.2454091 0.3846165 0.4691904 0.3092722 0.3444233 0.3750417 0.2483513 0.1502388 0.3758384 0.3017666 0.3888631 0.2908634 0.2127567 0.3808244 0.318127 0.3740668 0.2536931 0.1427598 0.3661367 0.3898745 0.4455176 0.4732828 0.3591949 0.3703568 0.2547432 0.3607764 0.3810735 0.5642742 0.3669493 0.1595456 0.02732694 0.1820017 0.2058088 0.2176501 0.4213555 0.4117681 0.3651582 0.432279 0.3015628 0.6216159 0.4758361 0.262909 0.5337243 0.430472 0.2994244 0.3861547 0.1908407 0.2629592 0.4137636 0.4356598 0.5537647 0.5528806 0.5583078 0.4956621
0.126442 0.2760143 0.4854849 0.3224586 0.03028446 0.0001554061 0.3418652 0.3891037 0.04784114 0.03628192 0.003142736 0.02184836 0.244057 0.2945115 0.4658145 0.261636 0.525449 0.490182 0.3919253 0.2526089 0.1798918 0.1926377 0.2590595 0.2349588 0.2631334 0.4575125 0.2934167 0.4058563 0.287077 0.2026173 0.234673 0.4644633 0.2575489 0.4390573 0.3373465 0.3383909 0.4038761 0.4161802 0.2969331 0.4107223 0.3080169 0.2131274 0.4950228 0.3002155 0.2772447 0.276522 0.1634518 0.2218772 0.05343215 0.2834606 0.4404688 0.3597541 0.4936192 0.6074143 0.5522734 0.3332454 0.3351998 0.4783779 0.3719612 0.6616439 0.5911241 0.3902647 0.2802104 0.387798 0.2547314 0.534649 0.5309713 0.3316582 0.4433416
0.101628 0.04572513 0.04380428 0.006390755 0.01913928 0.2790847 0.2270769 0.1317864 0.1838581 0.3629176 0.2116778 0 0.2676648 0.3168302 0.2520325 0.317878 0.4091973 0.4546373 0.4600497 0.2407448 0.3287719 0.3994478 0.3019128 0.3678923 0.2742199 0.1211672 0.1455607 0.2869742 0.1390382 0.009749837 0.1415271 0.3359033 0.4682556 0.3578532 0.2466857 0.5958581 0.3870172 0.1604601 0.05516195 0.3417053 0.4048167 0.4133678 0.07471106 0.05060909 0.2938094 0.1369499 0.2786714 0.1980648 0.1057298 0.1978505 0.3284117 0.3656541 0.5510512 0.4493487 0.5310782 0.3084625 0.4856513 0.5399237 0.2651865 0.4058963 0.4080074 0.5506141 0.4789845 0.4087801 0.4078421 0.4348786 0.5111518 0.4613725 0.2657621
0.1162662 0 0.1110638 0.05156058 0.07877147 0.3158457 0.13248 0.3673443 0.1585145 0.254849 0.006548845 0 0.1509777 0.08838254 0.1809941 0.1704639 0.3413947 0.212892 0.2208764 0.1895549 0.1699477 0.179226 0.1007653 0.1748116 0.1157398 0.02267458 0.001997348 0.009071037 0.011898 0.005451122 0 0.1052031 0.3662561 0.2993793 0.4354478 0.3173886 0.4407444 0.2088422 0.2215137 0.3259737 0.3009199 0.1613152 0.2732398 0.1607964 0.1887463 0.1513903 0.2156362 0.08262219 0.06002194 0.09269994 0.2652411 0.480989 0.4220481 0.3875139 0.2612925 0.1082693 0.1565391 0.2431224 0.1869224 0.3074946 0.3679037 0.4947353 0.4202806 0.5038032 0.4849218 0.4758455 0.5905911 0.5180775 0.2275025
0.1771195 0.1594104 0 0.01538313 0.08200375 0.08725216 6.160943e-005 0.06423163 0.1695568 0.1055627 0.004789031 0 0.05402843 0.1309397 0.172423 0.1771067 0.04268616 0 0 0 0 0 0 0 0 0.006656687 0.00335861 0 0 0.003089264 0 0 0.1492562 0.53046 0.3428373 0.443703 0.6482397 0.3116632 0.1805734 0.2657234 0.212039 0.002775626 0.08931614 0.01081514 0.1482121 0.1393429 0.02337981 0.04430503 0.08920236 0.378583 0.3516019 0.2211681 0.3573564 0.3138021 0.4406312 0.574675 0.2264721 0.1842565 0.279939 0.472754 0.424247 0.4998822 0.2570676 0.118704 0.1172888 0.5184679 0.5140843 0.5450125 0.4198352
0 0 0 0 0.03503112 0.123704 0.007748981 0.07599267 0.05512053 0 0 0 0 0.115324 0.06721769 0.1074755 0.02377269 0 0 0 0 0 0.01942376 0.02057193 0.07596199 0 0.02760362 0.002920246 0.06478261 0.06598864 0.1260059 0.04067995 0.3200074 0.4132246 0.1457543 0.5985352 0.5647056 0.2742213 0.1102121 0.01387656 0.07321375 0.06476969 0.1723785 0.01151483 0.0303072 0.03317288 0.110476 0.2245635 0.1801888 0.4104696 0.1061854 0.1834859 0.2418878 0.05271006 0.3499617 0.513364 0.3062075 0.1973506 0.2815804 0.2778952 0.2220487 0.5924716 0.3906766 0.4502818 0.4930143 0.4255404 0.4613971 0.4544992 0.5187457
-9999 -9999 -9999 0.02560659 0.06833503 0.01486243 0.024617 0.3855557 0.158236 0.01481286 0.04401867 0.1784406 0.2519077 0.06339376 0.3171805 0.1442904 0.01982329 0.1412733 0.01009584 0.08718698 0.1792614 0.1851593 0.08602833 0.09162186 0.004678455 0.0007792665 0.006871667 0 0.03306918 0.07134558 0.1549447 0.2335896 0.05962652 0.3696209 0.2694857 0.3837123 0.4805795 0.4263144 0.0496414 0.2416483 0.003484042 0.02444835 0.01625955 0 0.0444467 0.1033273 0.05330897 0.1968501 0.3091127 0.3004301 0.267635 0.2698063 0.3477786 0.1838865 0.4397866 0.5461517 0.4534191 0.2397625 0.1607386 0.2241249 0.1722136 0.3936777 0.3444235 0.3794419 0.4758297 0.1544282 0.5644148 0.4223316 0.2343603
-9999 -9999 -9999 -9999 0.153631 0.3110076 0.2196719 0.03796615 0.00204316 0.04891276 0.1113809 0.1011986 0.3125845 0.0201063 0.05327207 0.04611403 0 0.0002783193 0.03948933 8.808148e-007 0.05724717 0.03904703 0.1176808 0.01816688 0.003159965 0.005051867 0.01353451 0.1625985 0.4400882 0.1273806 0.04485728 0.005326971 0.04645465 0.07932838 0.04518207 0.1849737 0.1658098 0.07989019 0.06602971 0.05202714 0.1295704 0.1345993 0.05112168 0 0.02281477 0.0006865631 0 0.03236812 0.3926015 0.1317143 0.08168603 0.4305649 0.403531 0.2226636 0.4853936 0.135861 0.1810688 0.304544 0.05593001 0.177358 0.05622262 0.05550319 0.07381441 0.07316787 0.129503 0.2405907 0.4056815 0.3719737 0.2002599
-9999 -9999 -9999 -9999 0.02569371 0.0850094 0.2748655 0.03060931 0.001455937 0.03581521 0.04556392 0.08671048 0.1894848 0.1318862 0.01700255 0.01185438 0.1193586 0.1776969 0.02452233 0.01238728 0.01075708 0.1930545 0.3379682 0.1616283 0.08137137 0 0 0.002982882 0.037545 0.06408474 0.04254555 0.1640424 0.06430459 0 0.1535897 0.1720637 0.1789619 0.0218791 0.08186664 0.3286861 0.3068927 0.08662513 0.05230927 0.004671954 0 0.006890499 0 0 0.01701404 0.03757192 0.1303673 0.2494165 0.1673508 0.04278002 0.1757073 0.1428863 0.06967538 0.08925841 0.03278098 0.1441934 0.009213437 0.01568917 0.1151935 0.015292 0.06517638 0.1442308 0.2112992 0.0724724 0.3928404
-9999 -9999 -9999 -9999 -9999 -9999 0 0 0.07784887 0.2736668 0.1477286 0.1016605 0.2529275 0.1328288 0.1255075 0.05969065 0.05548761 0.01060731 0 0.1344292 0.05527155 0.09524902 0.1108193 0.1993766 0.08296291 0.0009561605 0 0 0.03201217 0.006822949 0.002866572 9.076008e-005 0.1721477 0.08691114 0.01054068 0.2030305 0.1270269 0.03271173 0.1022311 0.3366054 0.2788934 0.03694991 0.2218535 0.07004771 0 0.1796609 0.03255866 0 0 0.2450439 0.3234784 0.2462181 0.3241473 0.2269724 0.232026 0.1534157 0.02130334 0.01745208 0.06425836 0.007930852 0.003783076 0.008685412 0.01562993 0.03606114 0.03317735 0.1208977 0.2349184 0.08161301 0.254209
-9999 -9999 -9999 -9999 -9999 0 0.1661733 0.06125514 0.2721157 0.2535179 0.4115469 0.4049417 0.273819 0.03210317 0.111422 0.1123051 0.1090895 0 0.006503298 0.03764993 0.03502169 0.04420657 0.01181265 0.02254391 0 0.007668064 0 0.002103021 0.143447 0.05627352 0.4245854 0.006578059 0.440544 0.5147523 0.236102 0.1508237 0.4886614 0.2538826 0.2930734 0.3111894 0.1253762 0.4601507 0.4075696 0.4414136 0.3759001 0.3522991 0.2991721 0.09432442 0 0.2013496 0.4410584 0.3902985 0.4916883 0.4023907 0.1787625 0.007753081 0.1048214 0.04441525 0.02782694 0 0.005264816 0.03902746 0.048879 0.02631593 0.001698219 0.01648225 0 0.07445024 0.1248273
-9999 -9999 -9999 -9999 -9999 -9999 0.1070191 0.140772 0.1959092 0.140359 0.08235489 0.09393996 0.2417958 0.1504545 0.07055447 0.06299873 0.1662252 0.0414395 0.003773341 0.1564468 0 0.1097185 0.001776844 0.03870793 0.009548028 0.01211532 0.0695997 0.07064411 0.157561 0.255865 0.03343996 0.2415138 0.4082307 0.339009 0.558181 0.535737 0.389869 0.3301201 0.2817186 0.4236826 0.1708396 0.1896511 0.5327684 0.3414886 0.5268742 0.1051234 0.3683039 0.3186934 0.09114022 0.1698286 0.291074 0.2142357 0.2037165 0.2600535 0.1080743 0.08841606 0.0461367 0.02884399 0 0 0 0 0 0.006566977 0 0 0.01720793 0.07938695 0.05719376
-9999 -9999 -9999 -9999 -9999 -9999 0.1133413 0.2009065 0.2871214 0.3340642 0.3803204 0.06827779 0.2138204 0.3317712 0.3913791 0.09077241 0.3253473 0.2029622 0.1041749 0.1198559 0.04412408 0.2140441 0.158681 0.2785898 0.1536578 0.2332225 0.1655637 0.1297352 0.1734688 0.1268748 0.3724881 0.5235564 0.4435222 0.2986889 0.3891915 0.4373457 0.39309 0.1761608 0.3532926 0.3710531 0.4639806 0.3005772 0.20161 0.1006642 0.2570921 0.1913366 0.09882096 0.2095548 0.2153604 0.1905544 0.3986416 0.3310615 0.1900227 0.1245635 0.09599293 0.1902966 0.1465661 0.02855676 0 0 0 0 0 0 0 0 0.0601749 0.1124533 0.01173513
