EnvRasters/Baseline_High/grain.asc
ncols         270
nrows         223
xllcorner     24099.479091542
yllcorner     21023.840179216
cellsize      1003.8986847201
NODATA_value  -9999
[rows 30 to 59 of 223, columns 138 to 206 of 270]
0 0 0 0.03157962 0.00379492 0.06561793 0 0 0.08187408 0.03335129 0.1085194 0.06141342 0.1009158 0.1784169 0.4039139 0.321465 0.3734531 0.04849493 0.09019708 0.05058602 0.3182907 0.4171792 0.2305232 0.2970019 0.221971 0.2975914 0.02188172 0 0.01373451 0.01414184 0.1433152 0.2964625 0.2980504 0.225519 0.4591374 0.2592226 0.2725959 0.07101499 0.02126282 0.02920109 0.1262363 0.07113709 0.08437686 0.08013912 0.03173919 0.002033575 0.03663521 0.009407399 0 0 0 0.0256802 0.05364595 0.0639224 0.1550316 0.1122831 0.004506744 0.007161648 0.04705924 0.000724245 0.03120773 0.1067875 0.1546853 0.08348362 0.2033852 0.2276456 0.1423593 0.3885014 0.2655229
0.001867799 0 0.0001901592 0.003620509 0.01527445 0.001838943 0.007704306 0.05014613 0.1748941 0.02386213 0.1526683 0.2448058 0.1914639 0.2496412 0.2479499 0.1915176 0.3050017 0.3269595 0.08985206 0.07637358 0.2109848 0.4643714 0.3099873 0.1911829 0.1617238 0.1175716 0.06971222 0 0.1011261 0.1733605 0.2825599 0.3297936 0.3774654 0.2182886 0.02747646 0.1044033 0.07586529 0.01255247 0.201141 0.1425235 0.1597454 0.06564483 0 0 0 0 0.01483732 0.02575732 0 0 0 0 0.02104671 0 0.004374726 0.05645636 0.131125 0.03010111 0.00234385 0 0.01900597 0.009729963 0.005478929 0.1874426 0.1112035 0.02048764 0.1203513 0.1354976 0.1381415
0.06378423 0.008265744 0.04363329 0.0287178 0.01994401 0.07714888 0.01382018 0.142928 0.05304403 0.08242214 0.09057499 0.06114696 0.01488091 0.1165068 0.08565436 0.2228425 0.2576361 0.08791034 0.2481518 0.1209863 0.2222209 0.2295645 0.3104071 0.04784664 0.02281732 0 0.05842995 0.2054252 0.4414741 0.2096422 0.1889211 0.1511182 0.318048 0.2120396 0.1867378 0.0920959 0.005535884 0 0.0005064775 0.0004369217 0.01664143 0.07030991 0.01184302 0 0 0 0.01946617 0.1065651 0.04616383 0 0 0 0 0.05488173 0.2953389 0.133556 0.329959 0.03033597 0.001559712 0.159452 0.2314521 0.09419772 0.03460117 0.2029876 0.2292293 0.2190449 0.1775843 0.07927191 0.1277368
0.2405645 0.2097265 0 0.005027465 0.05076674 0.1182975 0.1005571 0.01952313 0.03243795 0.09616979 0.1012734 0.124896 0.169763 0.2136966 0.02307666 0.06133974 0.06509757 0.1133695 0.2345434 0.2474092 0.376805 0.4169698 0.1076974 0.002548511 0 0.1285241 0.2370211 0.2097965 0.2996674 0.3329724 0.163913 0.1608452 0.2182846 0.1437014 0.1047939 0.04239967 0.03360009 0.09917112 0.09432916 0.05408305 0.06294829 0.0568002 0.007121545 0 0.08113815 0.01344495 0.213258 0.1737268 0 0 0 0 0.005514349 0.0514731 0.08572223 0.01818756 0 0.08253302 0.1204191 0.1969313 0.1196822 0.02797092 0.1057426 0.4336532 0.2957175 0.1860383 0.2825275 0.03300778 0.1141535
0.06989872 0.09062257 0.01895891 0.08223704 0.0246556 0.01226331 0.06009423 0.1142625 0.1902945 0.1575276 0.1668758 0.03522584 0.120815 0.01575478 0.0002855493 0 0.03442933 0.3330366 0.4091273 0.4351895 0.1502361 0.00244704 0 0 0 0.1420481 0.3534622 0.1468811 0.3502205 0.1984534 0.05855688 0.2314559 0.33022 0.2192868 0.1014044 0.2274975 0.09430671 0.1311332 0.03269137 0.004302585 6.872938e-006 0.00610633 0.0001168082 0 0.02051538 0.01609781 0.02733506 0 0 0 0 0.09744939 0.1010928 0.01337671 0.0003228909 0.02087943 0.007993918 0.1663422 0.3340486 0.2350103 0.3300862 0.2120243 0.09106924 0.262594 0.1295687 0.0714535 0.1087588 0.01597678 0.08533016
0.02684338 0.09377939 0.04231317 0.009461386 0.1529292 0.01979893 0.1101427 0.26286 0.1140638 0.1237644 0.03079416 0.02287389 0.0003687537 0.113439 0.1751556 0.002166672 0.1005213 0.205891 0.04049549 0 0.009928769 0.009851861 0 0.1083177 0.2135145 0.2130291 0.1976216 0.06529654 0.341475 0.2732378 0.3115888 0.3694989 0.3213846 0.1287526 0.03035728 0.1715 0.2285633 0.1310388 0.01872306 0.005673297 0 0.0005815797 0 0.006820745 4.993741e-005 0 0 0 0 0.04916395 0.3437472 0 0 0.00292955 0.0429471 0.003801615 0.168263 0.06549245 0.04659849 0.08450813 0.2199882 0.1381258 0.229671 0.3866909 0.2112843 0.2623918 0.1713115 0.01816615 0.24146
0.07002534 0.05160605 0.07598975 0.07571026 0.1313836 0.09161106 0.06947564 0.0606603 0.1537018 0.09456452 0.05688522 0.08159944 0.1080382 0.005951707 0.02090904 0.03369545 0.03980419 0.0289469 0.02003942 0.003068973 0.03115748 0.02869592 0.01800545 0.01020089 0.02465089 0.1007748 0.08703505 0.1468188 0.2669555 0.2398601 0.1146964 0.2108828 0.2888821 0.07703206 0.3211879 0.3331668 0.2729403 0.1630359 0.02581279 0 0.08213062 0.1174556 0.07427249 0.03921136 0.04304989 0.08004625 0.04104262 0 0 0.01442499 0.1174514 0.08053211 0.1702212 0.3117122 0.08606321 0 0.09713241 0.01694863 0.02978587 0.1219817 0.2420994 0.2988592 0.1869124 0.1763547 0.3291201 0.293088 0.3318213 0.08772343 0.3360156
0.2791153 0.235695 0.04284076 0.02050666 0.1493174 0.07942289 0.01123688 0.08740262 0.272554 0.3918144 0.2140065 0.003404176 0 0 0 0 0.006740553 0.0003641527 0.004269228 0.005135889 0.009866858 0.02579013 0.2356051 0.07294203 0.006636636 0.1521133 0.2094682 0.2267634 0.1938859 0.2372219 0.03555565 0.2406604 0.2766353 0.3588265 0.176327 0.1234915 0.1601345 0.0665982 0.05626695 0.01612561 0.007869238 0.0335668 0.005162077 0.009600628 0.0633499 0.05790536 0 0.02218871 0.0260333 0.1834835 0.06634762 0.1812541 0.06234752 0.001100801 0 0 0 0.004072077 0.1024524 0.1458404 0.247614 0.14343 0.1459671 0.1148953 0.008100415 0.2974246 0.3062911 0.213924 0.4145508
0.1638762 0.1763332 0.1682736 0.09089771 0.08483143 0.002735152 0.04083084 0.09214338 0.07625781 0.0815089 0.02657846 0.04905948 0.05900256 0.0743496 0.03155899 0.05988313 0.08567365 0.1021447 0.03249979 0 0.01914765 0.3330873 0.1690593 0.07624077 0.07604612 0.1780236 0.1877199 0.2784227 0.4037137 0.1198478 0.04870201 0.1343066 0.1596617 0.1361445 0.05865101 0.1382813 0.08051416 0.08745585 0.1307692 0.1614232 0.1557729 0.2007891 0.05605404 0.104544 0.1445013 0.07262656 0.01248487 0.08301713 0.1222532 0.1069966 0.04873763 0.05276201 0 0.001317223 0.01196964 0 0.03230619 0.06737915 0.1417901 0.1391568 0.3455633 0.1506985 0.2293623 0.05735147 0.2746448 0.3220005 0.2532313 0.1782991 0.2805579
0.1707378 0.1638072 0.1054811 0.03717306 0 0.000621627 0.007859496 0.04158188 0.006131235 0.1182005 0.2250215 0.5117445 0.2393864 0.2218837 0.1962561 0.2868616 0.1563905 0.02999251 0.02562404 0.2552542 0.1598206 0.1243423 0.1530709 0.1356298 0.05736074 0.2404619 0.4875532 0.571753 0.3006336 0.3939745 0.06193652 0.03443517 0.226071 0.1943981 0.08344073 0.392566 0.1195357 0.1137388 0.1122369 0.197579 0.2483841 0.1928134 0.04196322 0.1739825 0.02797147 0.1064578 0.1631955 0.3152473 0.3941124 0.2404167 0.167075 0.03498646 0.003000053 0.004501377 0 0.002232254 0.0342287 0.02792548 0.04759295 0.1381055 0.1674256 0.07326633 0.2062061 0.1526129 0.5176019 0.4218046 0.2011183 0.08645517 0.1651135
0.06408018 0.0351615 0.01725455 0 0.03532356 0.09550965 0.06219289 0.218054 0.1029988 0.1057956 0.341423 0.2477721 0.2030316 0.2633179 0.1532566 0.3755726 0.347248 0.137927 0.2512332 0.2313266 0.2587833 0.1503434 0.007544547 0.007143428 0.04203484 0.0837459 0.2413372 0.3296603 0.2428703 0.3237363 0.312089 0.2011899 0.07815229 0.04563823 0.08650892 0.2112221 0.3537216 0.252361 0.09341171 0.05317646 0.04796257 0.07513306 0.1859993 0.06298403 0.005859837 0.2726212 0.3672382 0.4914822 0.3625161 0.3148821 0.1494661 0 0 0 0 0.04115147 0.04398024 0.2713265 0.1687443 0.1619417 0.2288575 0.1873462 0.3576992 0.3471063 0.385302 0.3236907 0.2494073 0.1405803 0.2220178
3.205144e-005 0 0 0.04104348 0.1551057 0.05858276 0.1382465 0.2676432 0.2145866 0.1114958 0.2705744 0.07144342 0.007851628 0.1013857 0.05493464 0.2717237 0.4295149 0.4370672 0.3721709 0.2308308 0.03560872 0.01023848 0.0119728 0.03267299 0.04631 0.05640798 0.04824457 0.1626026 0.3273118 0.2938606 0.231582 0.03553082 0.01511558 0.03828203 0.03558902 0.09654681 0.2431253 0.3111443 0.2465035 0.1944897 0.1791835 0.09603097 0.1259141 0.2462536 0.2496743 0.3100885 0.2741182 0.1089067 0.08402696 0.1038473 0.04569632 0 0 0 0 0.02194328 0.04744377 0.2389828 0.1678651 0.05986507 0.1818113 0.1150651 0.09633292 0.1384 0.2839383 0.4557361 0.1983706 0.2405762 0.1150297
0.01071484 0 0.009203708 0.06379236 0.0568062 0.1860541 0.2012929 0.1995581 0.2765026 0.3070318 0.1204305 0.06160009 0.2514767 0.1738135 0.1014942 0.1887063 0.3662713 0.5000994 0.3430946 0.1962671 0.008197858 0.04040333 0.1855131 0.1373624 0.1775624 0.3976985 0.2549779 0.01043406 0.06023154 0.3382407 0.1303627 0.04681598 0.04828136 0.2914056 0.1344887 0.2322543 0.03431113 0.04667107 0.2193702 0.3055227 0.3763103 0.3087583 0.1823668 0.2197487 0.3679743 0.3056263 0.1237929 0.2050812 0.1313064 0 0 0 0 0 0 0 0.02516714 0.1304813 0.187356 0.073216 0.2000551 0.1889029 0.1528765 0.09305722 0.2016141 0.5714703 0.1883254 0.1596667 0.1050839
0 0 0.03067831 0.1294746 0.1772968 0.19263 0.08316015 0.2430113 0.1075008 0.05190788 0.3471084 0.1887469 0.2040564 0.1222947 0.08893377 0.2749842 0.2027831 0.4151394 0.2053269 0.1062529 0.1838315 0.1478226 0.1775809 0.3392691 0.07587776 0.2068892 0.3253237 0.1575395 0.410676 0.1878334 0.02509341 0.006336613 0.1181078 0.102991 0.2017734 0.2172902 0.3355364 0.2263146 0.1419999 0.2653917 0.1583563 0.09211696 0.3000024 0.2004507 0.2345099 0.2696866 0.02370817 0.07943222 0.06088388 0 0 0 0 0 0 0 0.004337288 0.1092478 0.2312375 0.3890073 0.4081969 0.3672984 0.343368 0.2253815 0.3769878 0.3936677 0.3209112 0.1575096 0.3027238
0.007136673 0.07317303 0.1140131 0.1142831 0.1511505 0.2331704 0.1303504 0.03809872 0.08248517 0.1022591 0.1530561 0.1805504 0.2002681 0.2352344 0.2130158 0.2359409 0.1688364 0.2645032 0.3066982 0.3573395 0.3097948 0.1616107 0.1625392 0.1782473 0.2152179 0.1519468 0.2934416 0.4490783 0.3859404 0.4412129 0.118431 0.006532005 0 0.0002660817 0.1188827 0.3245938 0.4692281 0.2921343 0.1642073 0.3560486 0.1625573 0.05256478 0.08345984 0.1733909 0.2015204 0.2220406 0.004760224 0.1717175 0.1227985 0 0 0 0 0 0 0 0.003424321 0.06568661 0.03144889 0.211837 0.6356387 0.327019 0.5095077 0.3059738 0.4258617 0.3620369 0.3100552 0.08686911 0.202886
0.08894043 0.3440104 0.1099896 0.1409363 0.344593 0.08638737 0.2634542 0.4356503 0.3151337 0.269948 0.1062701 0.05392248 0.03231688 0.1125061 0.3222451 0.3070998 0.08833655 0.1438179 0.4030902 0.5469693 0.3715741 0.3606569 0.1635396 0.2387416 0.04807755 0.04606394 0.1590313 0.2428233 0.4062712 0.1411241 0.02476276 0.005941506 0.0008138834 0.02997705 0.1415061 0.02522941 0.136202 0.2889124 0.400111 0.5697607 0.395125 0.09268013 0.01399413 0.004420633 0.01409 0.01210005 0.02275819 0.1891376 0.1465218 0.04717763 0.01913812 0.01270628 0.01753589 0 0 0 0 0.05011315 0.08656809 0.4452757 0.5529492 0.3181385 0.1705219 0.1593331 0.342371 0.5317946 0.260023 0.1325985 0.1049905
0.05319156 0.1259406 0.06886634 0.2138731 0.008240165 0.1682285 0.2455378 0.2853406 0.1815633 0.1539741 0.1347837 0.02086823 0.1124353 0.124503 0.3075468 0.3350186 0.2995569 0.3532586 0.1876135 0.2919929 0.2471397 0.4223419 0.1447818 0.1885895 0.06138625 0.05136175 0.1774134 0.07236449 0.02072418 0.07094218 0.189802 0.1566284 0.0629888 0.0386093 0.07415033 0.4081497 0.2672096 0.1721838 0.2286959 0.1410423 0.1052295 0.002406294 0.02587521 0.1997582 0.1959916 0.08666649 0.06866831 0.03598063 0.1285058 0.1304577 0.04262446 0 0 0 0.008969296 0 0 0.0100893 0.1059319 0.3431799 0.4047826 0.2021063 0.2757443 0.1659394 0.1583682 0.4167752 0.3746873 0.0415823 0.151323
0.01578503 0.06596018 0.09353848 0.2485695 0.1845656 0.05838783 0.2331132 0.1115959 0.1198464 0.08343251 0.1982986 0.0840174 0.04548003 0.1061126 0.08544073 0.239397 0.1403594 0.4062341 0.1936366 0.08549896 0.03291574 0.2465153 0.09316839 0.06634461 0.06865986 0 0.03331636 0.06416492 0.1006356 0.1725294 0.3164108 0.161134 0.1726826 0.07546901 0.15732 0.1169346 0.1237152 0.2235302 0.1531426 0.09515599 0.05530446 0.02749906 0.01096665 0.1175896 0.1733069 0.05710217 0.03055271 0.006711815 0.05626601 0.01008417 0.04959469 0.02246231 0 0.03110501 0.0201655 0 0 0.002916061 0.09183428 0.1769612 0.3741255 0.3190881 0.3778567 0.2725297 0.2259679 0.497601 0.2630275 0.1719494 0.2177809
0.03593529 0.02963926 0.1549504 0.09048566 0.2915867 0.1654394 0.2912851 0.2546787 0.09122136 0.09317403 0.1595033 0.06713242 0.005997162 0.1324808 0.102617 0.293962 0.1787187 0.08342583 0.09533324 0.1657184 0.0346404 0.08041586 0.04586402 0.03368353 0.126544 0 0.07732133 0.1050494 0.1966406 0.1136922 0.1985322 0.1434592 0.2351103 0.0655345 0.1673659 0.1829592 0.2364916 0.02573099 0.08374105 0.07402968 0.03232422 0.09738781 0.03888401 0 0.1518792 0.1079095 0 0 0.005329991 0.02329488 0.009601991 0.003109673 0.01840366 0 0 0 0 0 0.1898887 0.2007698 0.3085709 0.3820039 0.4026351 0.3963855 0.4969678 0.3991949 0.2796444 0.3566031 0.1566353
0.05990521 0.01026142 0.1097302 0.2992685 0.1853486 0.06114485 0.166654 0.1443277 0.1197325 0.07758237 0.007959607 0 0.002282434 0.06915866 0.1126907 0.05433986 0.01863758 0.06012911 0.02876082 0.02988796 0.1408654 0.1477918 0.1579574 0.08002004 0.2088316 0.01308631 0.08819319 0.2876751 0.4096418 0.2602132 0.004314111 0.1271494 0.2111281 0.1886851 0.1690169 0.3626107 0.3033823 0.002524847 0.00668649 0.2440709 0.06222326 0.01978952 0 0 0.003031269 0.003480487 0 0.02099627 0.09890401 0.2851257 0.137807 0.1733825 0.0491837 0.00467243 0.01529175 0 0 0.02027106 0.01621959 0.09956902 0.1985399 0.3822775 0.5162863 0.4252342 0.5792402 0.2333577 0.06272078 0.03259282 0.2654178
0.03545434 0.04066821 0.1120618 0.09335099 0.2944746 0.01054417 0.1355715 0.1155386 0.00645605 0.07435825 0.01657793 0.02789718 0.1249799 0.08278614 0.271777 0.1253668 0.1027932 0.1302261 0.1014764 0.02100598 0.04577763 0.005368609 0.03620682 0.08177962 0.0309332 0.0272796 0.02154847 0.1280504 0.2326673 0.2758457 0.1417055 0.2699465 0.1631571 0.1366006 0.2817658 0.09981063 0.07834443 0.02638913 0.07658489 0.2018252 0.1269027 0.1056352 0 0.001018503 0.07445515 0.03146579 0.008488189 0.02777425 0.1459362 0.02145919 0.02156027 0.02002436 0.07038869 0.007863156 0.061469 0 0 0.01243169 0.0007060348 0.07297864 0.08804839 0.04392206 0.08765987 0.3480374 0.1304371 0 0 0.01710605 0.09758154
0.01894846 0.06307113 0.04659405 0.2055435 0.1453212 0.1188735 0.1581447 0.1471101 0.05212196 0.1237492 0.1690189 0.02487776 0.06498953 0.009423941 0.02308408 0.0609001 0.1419779 0.06892109 0.1197444 0.0856174 0.1501873 0.1084998 0.04177858 0.08870781 0.2252603 0.03330132 0.1993469 0.06735354 0.1658056 0.1144433 0.03205691 0.06695721 0.00866567 0.007610621 0.4092629 0.1324194 0.2543426 0.07068049 0.2638833 0.09941018 0.1129393 0.09035013 0.04195319 0.0006868683 0.06482584 0.05722344 0.005725084 0 0.03525175 0.006202059 0.09280626 0.175174 0.07122265 0 0 0 0.001224606 0.06792505 0.01197228 0.04619025 0 5.883695e-005 0 0 0 0 0 0 0.1131513
0.1153237 0.1053013 0.06112237 0.1333234 0.1243117 0.08591221 0.09011469 0.1508286 0.0705822 0.1432404 0.1142956 0.1088913 0.06991723 0.02968633 0.03150087 0.067225 0.136419 0.1265221 0.1501282 0.1498922 0.1640568 0.2174863 0.2105808 0.07047638 0.1165342 0.1627672 0.07668637 0.09539843 0.14486 0.006759414 0.01763191 0 0.05331232 0.02647416 0.1494482 0.1069753 0.05067823 0.2792082 0.2082649 0.2123503 0.04120434 0.08612844 0.02310221 0.01110478 0.01049892 0.04463362 0.1081684 0.08029136 0.2040571 0.06210898 0.05104114 0.03015078 0.008587338 0.02230947 0 0.005103618 0.05514118 0 0.003642562 0.0109513 0.05954446 0.2703376 0.07534796 0.1214538 0.1156193 0.05299781 0.01583088 0.08256042 0.1927704
0.03955001 0.07154652 0.03294423 0.03772154 0.09848952 0.1947661 0.07967085 0.1840805 0.1707696 0.1015141 0.05040499 0.1627031 0.1263133 0.04982178 0.03182361 0.05306486 0.09529854 0.2926608 0.1422363 0.07046763 0.0547518 0.2039903 0.03588506 0.1295934 0.03142856 0.06888608 0.02611992 0.1490532 0.1606186 0 0.03341342 0.007711666 0.04303782 0.05565624 0.08983127 0.1036464 0.1255748 0.1801506 0.1673568 0.01065099 0.02821968 0.1460479 0.1511339 0.05073987 0.1993231 0.06189802 0.07550006 0.01552356 0.0885594 0.002196131 0.002904449 0.01317086 0.07076078 0.0004693521 0.01196125 0.008118431 0.04366114 0 0 0.004962341 0.001652651 0.04462335 0.007452962 0.007049443 0.01101761 0.1858288 0.3290595 0.2156457 0.191002
0 0.02178041 0.04615843 0.04880469 0.05431003 0.07405625 0.1035711 0.0902639 0.1499977 0.03263227 0.06686132 0.136046 0.1177755 0.1182361 0.02653645 0.04258655 0.02387537 0.03381283 0.1128785 0.1012363 0.04292889 0.09440633 0.01273491 0.0794499 0.1270092 0.03400261 0.05949645 0.08589005 0.03255449 0.08578074 0.009016116 0.01389146 0.06381614 0.04008012 0.07340296 0.1477965 0.1709178 0.02598581 0.03885829 0.05665557 0.2429487 0.300423 0.0630435 0.1530152 0.04076066 0.0933124 0.02439933 0.002343048 0.01862756 0.1333223 0.1912199 0.06068048 0.004930923 0.006871461 0.05163297 0 0 0.003813832 8.426914e-005 0 0 0 0 0 0 0.01689452 0.03351483 0.1055397 0.03946906
0.002267105 0.002851545 0.005136358 0.02830848 0.06056123 0.1738389 0.112829 0.1544818 0.06248973 0.05456726 0.08657517 0.04222056 0.03652137 0.1047287 0.03005308 0.0656499 0.05221342 0.001719416 0.05503315 0.08420873 0.07258884 0.09586485 0.02962611 0.07903608 0.03537229 0.04320765 0.0575255 0.02084324 0.02065395 0 0 0.02819483 0.0009219282 0.01227577 0.04464002 0.07005607 0.09008808 0.05697942 0.2443184 0.2471803 0.1719126 0.2404052 0.2565099 0.1597742 0.06237255 0.05915228 0.1440457 0.08563842 0.001406029 0.09503295 0.02765236 0 0 0.127715 0.02007408 4.447741e-005 0.05193425 0.04231818 0.06954663 0.001845449 0 0 0 0 0 0 0 0 0
0.04841588 0.05602919 0.01643137 0 0 0.04484297 0.01166286 0 0 0 0.0184608 0.01871814 0.02679883 0.1015263 0.06582475 0.06436736 0.05876575 0.02227404 0.06539772 0.03886551 0.05334672 0.004917797 0.01027523 0.0005124648 0.08142301 0.07624479 0.1385696 0.2654187 0.03182443 0.01217606 8.404411e-005 0.002967563 0.01548457 0.03945349 0.09123823 0.1699182 0.1217365 0.1332141 0.3075389 0.327992 0.317333 0.1276155 0.3038681 0.1190902 0.05185984 0.09306111 0.1385354 0.008637965 0 0.01730153 0.02657741 0.007503418 0.001660267 0.09440302 0.01593979 4.848707e-005 0.08476307 0.02392408 0.006349823 0 3.598886e-006 0.004220278 0 0.0002657175 0 0 0 0 0
0.06293251 0.07916048 0.1555391 0.08770461 0.08347168 0.1303559 0 0 0.005147692 0.0004495026 0 0.0009857315 0 0.0149191 0.05694265 0.1717975 0.03817215 0.04406229 0.01705642 0.01798344 0.05930277 0.01568867 0.1083668 0.2866691 0.2809103 0.1561697 0.03342945 0.07130796 0.07229736 0.1978144 0.165094 0.1075201 0.000423989 0.006829902 0.0253895 0.04865386 0.1977621 0.1737974 0.1402035 0.2061395 0.2333064 0.01466662 0.1044555 0.261854 0.133279 0.07947633 0.01580902 0.0004228561 0 0 0 0.003037296 0.01554137 0 0 0 0.07160347 0 0.01850565 0.001720702 0.01156123 0.0004449569 0 0 0 0 0.0102085 0 0
0.1571453 0.0451146 0.05724815 0.1165675 0.2944288 0.2608097 0.2034715 0.188559 0.2397696 0.02708674 0.02034646 0.01106293 0.04229549 0.02203453 0.1843377 0.204098 0.07829124 0.184027 0.06857814 0.004251768 0.004165739 0.02249223 0.06763609 0.05842817 0.1351627 0.09524293 0.09921023 0.1035516 0.08669238 0.1134371 0.3198336 0.3278678 0.2064558 0.1562562 0.07553362 0 0 0.0475615 0.01017624 0.02953998 0.03238088 0.1125652 0.0751173 0.06657868 0.008472036 0.04142633 0.0464219 0.09029101 0 0 0 0.02986431 0.1794524 0 0 0.0007662533 0.01290863 0.01432602 0.01530243 0.00435091 0.003633683 0.0008029184 0 0 0 0 0.003698862 0 0
0.0102855 0.007120793 0.05851467 0.03366274 0.07833614 2.759536e-005 0.1447338 0.1721674 0.2307629 0.2095762 0.06260443 0.06792199 0.09111455 0.04493345 0.1783233 0.2313539 0.2979339 0.2002897 0.04667241 0.03045453 0.01656326 0 0.1038458 0.06090225 0.05115931 0.08182342 0.2206787 0.1629753 0.1656701 0.09195958 0.1740406 0.3859777 0.2789825 0.2168738 0.01764045 0.01611648 0.07479868 0.02741249 0.135254 0.08467603 0.04469994 0.1014002 0.07792435 0.03383048 0.08694497 0.1105424 0.06595697 0.2354082 0.1499595 0.01140115 0.03666327 0.03424607 0.1069099 0.01101206 0.1969507 0.007120677 0.02027241 0.1102828 0.1425258 0.07283984 0.2262891 0.006541554 0 0 0 0 0 0 0.0004794805
