EnvRasters/Baseline_High/grain.asc
ncols         270
nrows         223
xllcorner     24099.479091542
yllcorner     21023.840179216
cellsize      1003.8986847201
NODATA_value  -9999
[rows 60 to 89 of 223, columns 69 to 137 of 270]
0.3497728 0.4556781 0.2852274 0.4882262 0.4005021 0.1600335 0.2610956 0.4788436 0.1088099 0.07360651 0.1737454 0.1785426 0.1389239 0.1535417 0.3565784 0.257278 0.2469919 0.17515 0.2620048 0.187722 0.1505098 0.1323142 0.242556 0.149241 0.07107954 0.070282 0.03806133 0.1481584 0.1616898 0.006318908 0.06791569 0.1625346 0.1703516 0.03327492 0.09015137 0.221663 0.2319176 0.1417807 0.1952866 0.20367 0.3208788 0.1414503 0.1181112 0.01002785 0.04454177 0.1940965 0.3365583 0.2504582 0.1644855 0.3795289 0.2353894 0.3350497 0.03083017 0.2126294 0.2126725 0.4143579 0.2148181 0.1152044 0.2777863 0.234144 0.4345751 0.3872092 0.121789 0.1709897 0.1988096 0 0.1153211 0.286465 0.04754009
0.2281093 0.4144428 0.06194734 0.2327686 0.282206 0.05963941 0.1745471 0.09726828 0.05233589 0.07478141 0.2986662 0.136943 0.2362875 0.2278789 0.3331765 0.1718317 0.3141747 0.36026 0.2064991 0.1276994 0.3793432 0.1542215 0.324587 0.06679606 0.156954 0.2001434 0.2154779 0.06564733 0.1171846 0.1270009 0.1503096 0.1831756 0.03641787 0.002550472 0.1456699 0.1359235 0.262088 0.1541377 0.204191 0.2593672 0.1106914 0.1897743 0.2540354 0.1346894 0.2556787 0.2375639 0.05004415 0.08390485 0.207176 0.1721924 0.2871749 0.0952208 0.1507692 0.1467731 0.1285175 0.4136771 0.1904885 0.5342218 0.4894062 0.42565 0.3448072 0.2541483 0.127963 0.2536218 0.09727681 0.06369053 0.08695807 0.3628464 0.4273412
0.1463049 0.2601489 0.4536761 0.3851314 0.4156668 0.3687162 0.2910359 0.1253329 0.1145161 0.2684879 0.09425122 0.05858177 0.2856898 0.2413306 0.1792478 0.1841714 0.2001179 0.07403264 0.3514988 0.2090945 0.4511117 0.1716755 0.3259616 0.1294744 0.1524024 0.1958996 0.2495214 0.06694023 0.1878882 0.1219869 0.05664013 0.1097169 0.08182582 0.0009330493 0.1046506 0.1473966 0.2264816 0.1098833 0.1413295 0.2494647 0.2474588 0.3227463 0.2444198 0.3507769 0.341175 0.3647313 0.1159001 0.1215769 0.1516059 0.3050709 0.3154926 0.2252101 0.1098355 0.4277366 0.3654076 0.3951053 0.2053934 0.2275918 0.2207603 0.1313612 0.17712 0.1615018 0.1089658 0.1398934 0.1792255 0.2982741 0.1387303 0.2497578 0.2668147
0.3054399 0.4360627 0.3820509 0.4925922 0.2727478 0.4735569 0.08158129 0.4017506 0.3960318 0.2524905 0.3169053 0.5431336 0.3869744 0.3190351 0.2790512 0.03724016 0.1830862 0.1503041 0.1457817 0.3795017 0.156056 0.2834189 0.2657047 0.07697033 0.2553758 0.3530095 0.1937193 0.07369797 0.1563795 0.0329532 0.1717744 0.1184812 0 0 0 0.0777398 0.2433167 0.01714554 0.1734322 0.1857766 0.1199172 0.1221092 0.1188827 0.3051056 0.302978 0.4217316 0.2003009 0.3607991 0.3158251 0.2563594 0.4308047 0.1335356 0.2981428 0.05641729 0.2662316 0.4905885 0.1675898 0.1457644 0.1502628 0.0488915 0 0.009185302 0.3586318 0.2110133 0.2638911 0.4112527 0.2270057 0.26508 0.3958489
0.3208248 0.3002433 0.4075271 0.3582754 0.2436374 0.111879 0.1034312 0.2034089 0.2532974 0.3394774 0.4376921 0.2857935 0.318155 0.3266406 0.3089056 0.2764926 0.3170333 0.2640876 0.1813804 0.2890715 0.3793872 0.3213993 0.1231488 0.04710531 0.3572662 0.3545339 0.1176599 0.111647 0.006138152 0.3231882 0.1724323 0.1408121 0.03119301 0 0.0009885638 0.09060037 0.07164348 0.1616741 0.1987597 0.1887526 0.1646148 0.0703788 0.3103596 0.3869214 0.384664 0.2167467 0.1948598 0.3159022 0.2373569 0.3189097 0.1256176 0.3129901 0.2457828 0.01833066 0.1181804 0.1089569 0.01789892 0.1683171 0.4020105 0 0 0.01329204 0.2694043 0.1031483 0.3726878 0.2405992 0.05942779 0.2694687 0.2393004
0.1037933 0.2115506 0.3490958 0.3148226 0.3233146 0.2298729 0.2158594 0.1504551 0.1799471 0.1892179 0.3390767 0.1383633 0.2364978 0.2464757 0.2856005 0.2467936 0.171278 0.1871523 0.2670476 0.2435826 0.09082457 0.1694227 0.3662716 0.1795921 0.2015706 0.1694808 0.1611862 0.1758296 0.02742276 0.1381901 0.1770324 0.04635508 0.2257053 0.01254967 0.009543054 0.002511979 0.03170839 0.2168694 0.1746146 0.1934371 0.3027747 0.09754885 0.2408032 0.1614728 0.4758124 0.308051 0.2584447 0.2044769 0.3972051 0.1522392 0.1931088 0.2185676 0.06307077 0.0003897475 0.169707 0.4825003 0.108935 0.4771119 0.1004399 0 0 0 0.09466805 0.1591923 0.2016115 0.2926395 0.08054721 0.1196396 0.1397524
0.4133159 0.3721369 0.1623394 0.1385923 0.3327456 0.1442205 0.2283272 0.2146058 0.09363642 0.221602 0.3687274 0.2954623 0.4184453 0.380997 0.392674 0.3784715 0.2075496 0.3482306 0.4467578 0.4357973 0.1244676 0.257479 0.2878056 0.2927156 0.1966805 0.1485906 0.2161594 0.1340647 0.1322118 0.1039701 0.1187901 0.1242918 0.07786268 0.01526085 0.02293183 0.001026293 0.07220373 0.02001081 0.02590379 0.07277157 0.1849822 0.2079128 0.2949258 0.1704265 0.1056168 0.1943577 0.289216 0.2780116 0.4588372 0.3611942 0.2167361 0.2960094 0.161402 0.09868792 0.04592269 0.1818685 0.09447761 0.1794247 0.1147543 0 0 0.005429137 0.2205168 0.02043481 0.1405469 0.05175393 0.1401395 0.458975 0.5186316
0.3791543 0.3338514 0.4563619 0.4059276 0.4042985 0.3410348 0.1056656 0.2008502 0.2049545 0.2699836 0.1348897 0.1774266 0.1875018 0.5289962 0.2875396 0.4198346 0.4115854 0.4623354 0.2757778 0.1451925 0.4173244 0.2269196 0.079216 0.1534449 0.2915312 0.2712647 0.2464227 0.2449896 0.168264 0.2098968 0.06793088 0.1227041 0.03992431 0.05418487 0.01138784 0 0.1252894 0.2268657 0.04144906 0.1560041 0.2307871 0.3517363 0.1799659 0.09191576 0.02252027 0.1150646 0.1819638 0.3535931 0.3380891 0.4392019 0.3017223 0.06125768 0.03606376 0.2319109 0.002938461 0.0005338675 0.07794301 0.2204383 0.09269463 0 0 0.04944023 0.0603729 0.02133911 0 0 0.04151676 0.4666321 0.7035562
0.346889 0.3026207 0.3299345 0.4253141 0.3378811 0.5108351 0.2294854 0.2196065 0.1847939 0.1918618 0.1805459 0.3153626 0.2217976 0.4686185 0.1660929 0.2115147 0.3501383 0.2894677 0.1427886 0.2648603 0.115309 0.04892665 0.1490928 0.2544179 0.2773592 0.2147579 0.3110039 0.2431756 0.1151089 0.07044021 0.123382 0.1062239 0.1747384 0.1868455 0.01800287 0 0.1511275 0.1844876 0.1360102 0.3331324 0.07483751 0.09897227 0.06016747 0.0925411 0.2780616 0.2124752 0.1158999 0.1084025 0.1389807 0.2958668 0.09387861 0.3207822 0.1382913 0.01374747 0 0 0.1071531 0.04966613 0.03474027 0 0.009841518 0.02663329 0.0005629032 0.0152137 0 0 0.03678655 0.438519 0.3888822
0.2452986 0.3639701 0.3851261 0.3233091 0.3446722 0.1796012 0.203839 0.2025892 0.2753719 0.3221079 0.1295355 0.1557988 0.4720229 0.1793725 0.4254346 0.1897335 0.2465695 0.310955 0.07226377 0.1882982 0.2109448 0.2874473 0.06335822 0.1802296 0.2882489 0.2503382 0.1635701 0.2204151 0.1579183 0.04805252 0.1863855 0.11362 0.1727434 0.284287 0.2745862 0.002859656 0 0.02107457 0.002939277 0.07913279 0.08488797 0.02318746 0.1383968 0.131384 0.2048565 0.1982894 0.1522885 0.3161075 0.2013455 0.02896692 0.1542418 0.2169687 1.045645e-005 0 0 0 0 0 0 0 0.03767764 0.1008219 0.0004934788 0.01786595 0.05083252 0.1042497 0.4436505 0.3496971 0.001417212
0.3965285 0.4017246 0.3643299 0.2634513 0.1017439 0.1695424 0.207524 0.1908945 0.3550004 0.2994035 0.3191703 0.2046447 0.1219418 0.3332765 0.1228126 0.2790054 0.2771901 0.02113301 0.01628241 0.2638325 0.2827929 0.2445477 0.3429144 0.1641127 0.1645973 0.2020221 0.352457 0.1496491 0.2520204 0.1084823 0.2275261 0.2235982 0.1989009 0.3292432 0.2011985 0.01518107 0 0.01113263 0.07193673 0.06414086 0.2227593 0.1086009 0.02846106 0.07993374 0.2297485 0.07288211 0.09158164 0.2356049 0.2030718 0.0430361 0.01196124 0.05978483 0 0 0 0 0 0 0 0 0.0423167 0.2562647 0.07154441 0.04724834 0.1312773 0.1976244 0.1743278 0.3661527 0.03230226
0.4223907 0.3924641 0.03101571 0.0272049 0.01315731 0.1900834 0.3170718 0.3681111 0.4508339 0.2744616 0.3028463 0.2109071 0.36211 0.130179 0.310778 0.2884713 0.1642745 0 0.01877313 0.1591321 0.2488 0.2521295 0.1805638 0.2554172 0.2253138 0.4104804 0.4844487 0.3056234 0.4423355 0.2509688 0.1481545 0.06208401 0.26139 0.2290176 0.1384009 0.0006231689 0.0002278716 0.09400876 0.001723966 0.04873103 0.2122259 0.04154384 0.03654565 0.07402913 0.2133517 0.1392719 0.1695071 0.08351005 0.07104926 0.01412117 0.00626643 0 0 0 0 0 0 0 0 0 0.04771269 0.2891788 0.08715039 0.09672545 0.1712523 0.03488425 0.2073275 0.196889 0.04850663
0.4335549 0.2809511 0.0215711 0.001736211 0.01120516 0.02164166 0.201887 0.3438185 0.3629022 0.1212741 0.4325324 0.3241934 0.4219905 0.3592932 0.1508943 0.2828752 0.2382423 0.04977444 0.1952056 0.2148844 0.3582365 0.214621 0.2203201 0.3179285 0.4643505 0.3143753 0.3627643 0.2032451 0.1036624 0.2706033 0.3126557 0.2587756 0.2073053 0.2672826 0.1252794 0.007920303 0.07389176 0.07731848 0.06832928 0.2190504 0.1951112 0.08776767 0.3218037 0.4809538 0.3680804 0.08461021 0.3344754 0.07022349 0.07925519 0.08008135 0.04238243 0.00672125 0 0 0 0 0 0 0 0 0.0390688 0.1165777 0.06798773 0.01974536 0.1931168 0.08283497 0.01391784 0.3195631 0.1456924
0.2596337 0.08435237 0 0 0.00237796 0.2408522 0.3025829 0.1876325 0.3087448 0.2621564 0.1921262 0.1570348 0.4051199 0.1937023 0.3274128 0.3371786 0.2026404 0.2152831 0.392014 0.3197584 0.2448665 0.2608995 0.3915159 0.1969879 0.2080041 0.244065 0.1646378 0.08764479 0.124501 0.5798072 0.4541864 0.2503637 0.311029 0.2082576 0.007476602 0.09297049 0.08481207 0.1379683 0.2646119 0.1673097 0.2376184 0.211086 0.1296961 0.4176499 0.2100872 0.2701003 0.1118798 0.1186103 0.07277533 0.04114065 0.04019117 0.005056702 0 0 0 0 0 0 0 0 0 0 0.0800596 0.2823962 0.02012125 0.1756993 0.1747357 0.4372422 0.02966483
0.2481637 0.005277142 0 0.01540832 0.154272 0.1326928 0.2866699 0.2507386 0.3997567 0.2210854 0.2909489 0.2342326 0.2303159 0.1718118 0.1530909 0.2325178 0.236552 0.2924728 0.2802798 0.449009 0.395605 0.3278069 0.1784549 0.29216 0.3325392 0.1803078 0.2089734 0.02162911 0.1455647 0.1686686 0.04002168 0.1838587 0.02774074 0.146109 0.2155883 0.2272775 0.02302106 0.3135887 0.1515662 0.01571746 0.3367588 0.1223409 0.5111906 0.4380492 0.217864 0.1355707 0.03264368 0.02111378 0 0.01787697 0.00297037 0 0 0 0 0 0 0 0 0 0 0 0 0.06597892 0.005449744 0.08549336 0.1520879 0.3464304 0.171179
0.2667896 0.03568333 0.0207858 0.1302959 0.3574299 0.3743312 0.3749128 0.3046368 0.3213197 0.2632608 0.1743444 0.3612882 0.2611614 0.1758042 0.1014905 0.1887273 0.1366384 0.2101549 0.2930394 0.3033172 0.2725748 0.2119532 0.3126956 0.3706754 0.3018748 0.2851836 0.2726146 0.3005999 0.2897415 0.4018306 0.1912908 0 0 0.0270063 0.3010872 0.06125877 0.1042208 0.3332438 0.03087302 0.175427 0.1200713 0.1146529 0.2685528 0.1301351 0.1062904 0.1076916 0.07762296 0.05706225 0.01920124 0.1870667 0.01371841 0 0 0 0 0 0 0 0 0 0 0 0 0 0.007053178 0.2071249 0.1590499 0.09619796 0.04556943
0.2188544 0.3375175 0.3780843 0.2885481 0.2351019 0.2173552 0.3614009 0.2814444 0.3751646 0.2918052 0.2305274 0.3571786 0.292606 0.413168 0.2801515 0.3326661 0.1864647 0.333845 0.2519011 0.2566092 0.3754634 0.269835 0.164385 0.2203336 0.2552334 0.3784064 0.1922538 0.3232953 0.2169707 0.2408495 0.01746383 0.2435533 0.1994122 0.1262075 0.104509 0.1247847 0.42298 0.3476181 0.1360956 0.1804298 0.3815535 0.4090059 0.3590195 0.2752458 0.1146241 0.1467711 0.3275575 0.3096145 0.1953986 0.11868 0.002216198 0 0 0 0 0 0 0 0 0 0 0 0 0.07020176 0 0.01768291 0 0 0.1128899
0.2448987 0.2507628 0.293412 0.3416428 0.2071493 0.4090534 0.3045103 0.3160486 0.3558216 0.310216 0.3278488 0.2520389 0.2470924 0.1302867 0.2667347 0.2611619 0.2108556 0.2789921 0.2574819 0.256627 0.3083514 0.3665687 0.2044675 0.1269734 0.1014286 0.1608629 0.2280078 0.4532219 0.1091263 0.0219727 0.09518172 0.3334143 0.2850095 0.3575454 0.09459315 0.1804865 0.3639787 0.4755699 0.1320743 0.3211944 0.2760564 0.3655921 0.2161244 0.2424065 0.2461547 0.3481274 0.3362498 0.273523 0.1899259 0.02576911 0.0037172 0 0 0 0 0 0 0 0 0 0 0 0 0 0 0.04332775 0.006972701 0.006349177 0.1324753
0.4836673 0.3125529 0.2912884 0.305761 0.1965754 0.4843187 0.4019831 0.2375825 0.2279054 0.1227063 0.3363035 0.3198004 0.1261898 0.1123177 0.0056361 0.2007523 0.3480737 0.2797964 0.2336467 0.2342316 0.1989766 0.3490111 0.3063166 0.4472684 0.3638083 0.2922068 0.3201469 0.0282056 0.0002598435 0.1597973 0.1829239 0.2742899 0.2107352 0.3928883 0.06588754 0.1458303 0.3227869 0.4094176 0.4444322 0.4506976 0.1781232 0.04111493 0.1782333 0.5005973 0.4466888 0.2040512 0.08346187 0.1252735 0.237391 0.321746 0.01842847 0 0 0 0 0 0 0 0 0 0 0 0 0 0 0 0 0.0004139019 0.2440213
0.231937 0.197938 0.3214847 0.374771 0.3006978 0.3031445 0.4142222 0.3243762 0.1766036 0.4134274 0.2197482 0.2851341 0.1911686 0.09741557 0.0794275 0.5320422 0.3298174 0.3890782 0.4226432 0.2590176 0.3096626 0.3858163 0.2413113 0.08320598 0.1023999 0.008524109 0.02578732 0.04588161 0.2834579 0.2196169 0.4519692 0.3067966 0.1432817 0.4661659 0.2673354 0.2775831 0.2307407 0.2923776 0.1579787 0.3854257 0.3981629 0.2110184 0.3603568 0.17573 0.1017833 0.3035077 0.3087482 0.4989109 0.2648474 0.1656824 0.04617584 0.04678962 0 0 0 0 0 0 0 0 0 0 0 0 0 0 0 0.03322994 0.1240499
0.2902521 0.2327626 0.3431692 0.3726719 0.4093215 0.4065587 0.348895 0.3636938 0.2041637 0.4360709 0.2836931 0.2036268 0.2384153 0.204113 0.4026417 0.3242364 0.2126989 0.2353646 0.1610456 0.2125437 0.385051 0.1894502 0.1343188 0.01910744 0.008427035 0.3171896 0.2561581 0.1285893 0.3768411 0.1278645 0.4239751 0.1874839 0.1796338 0.2192344 0.2776409 0.3233162 0.2404415 0.259546 0.296054 0.3256117 0.3224002 0.5100819 0.5390145 0.4032194 0.1560051 0.3675256 0.3687397 0.2644016 0.238772 0.02593871 0.09042998 0.03090953 0.002877791 0 0.003553664 0 0 0 0 0 0 0 0 0.1049033 0.01492876 0.01241714 0.009129032 0.1311666 0.3044321
0.3265373 0.3255293 0.2931562 0.2636637 0.1743792 0.2616012 0.2029197 0.3967706 0.3378579 0.306541 0.2882214 0.195407 0.2855512 0.1460723 0.1954394 0.179521 0.2809845 0.2463977 0.4355325 0.216553 0.3738858 0.05455171 0 0.1773961 0.3404574 0.2823455 0.1741174 0.3633529 0.2818601 0.3660547 0.3135985 0.2572213 0.3550116 0.4553318 0.3705668 0.2852868 0.3210219 0.2071781 0.2184835 0.2978762 0.4713742 0.5042069 0.2515152 0.5297818 0.2378765 0.2205964 0.2450034 0.02111359 0.232654 0.3570253 0.1601259 0.07274103 0.02051496 0.001454196 0 0 0 0 0 0 0 0 0 0.1122409 0.1619889 0.02567278 0.09886818 0.1605405 0.1951025
0.1856451 0.2930865 0.223538 0.2443441 0.1444083 0.03315295 0.1020982 0.246193 0.3674682 0.214194 0.002444041 0.05510216 0.06752667 0.3818078 0.2452081 0.2270059 0.2032471 0.3479566 0.24771 0.2386534 0.05587346 0 0.02574798 0.1998377 0.270543 0.1103481 0.2223225 0.217361 0.4338636 0.4410679 0.2704144 0.1658987 0.3087314 0.1017608 0.2226583 0.2565956 0.4181368 0.2524189 0.3627696 0.4103806 0.3198382 0.3369718 0.329181 0.1675955 0.2545166 0.3994984 0.3399345 0.2468732 0.4370563 0.1552644 0.1249965 0.1702188 0.03921831 0.0388656 0.0566971 0.2764371 0.007073554 0 0 0 0 0 0.0053202 0.01754088 0.09360413 0.007009177 0.005313459 0.01298879 0.009735452
0.06079672 0.05669512 0.04684906 0.3351864 0.05900126 0.07432256 0.2275089 0.3120444 0.2787363 0.1042186 0.1916957 0.1999913 0.1745062 0.2927352 0.171531 0.3155752 0.325671 0.1858437 0.1678683 0.5589976 0.1529048 0 0.1055528 0.3529851 0.2440973 0.2497926 0.181584 0.4066533 0.5294968 0.2909531 0.3495356 0.3298687 0.1895273 0.2902251 0.299464 0.2794794 0.334907 0.3948182 0.2606439 0.3990296 0.225942 0.2298746 0.2156137 0.3123598 0.204105 0.2160461 0.2299027 0.3527277 0.04805121 0.06139957 0.3388904 0.04100376 0.058065 0.1118068 0.03801176 0.5053462 0.1912874 0 0 0 0 0 0 0 0.0203965 0.02962666 0.1037453 0.07395844 0.2698364
0.1981286 0.0232451 0.01120405 0.02390386 0.1427047 0.09072972 0.1283793 0.2079546 0.1457201 0.2087631 0.4197398 0.1431989 0.1728354 0.3046854 0.397194 0.292898 0.4747877 0.3044137 0.359885 0.1926951 0.004272033 0.1933777 0.1257618 0.2779976 0.0506478 0.08473507 0.1399634 0.2145681 0.06960756 0.1222765 0.2152958 0.4916165 0.3963411 0.3447737 0.2733245 0.51505 0.3604023 0.287977 0.4234141 0.3467788 0.379082 0.279858 0.4781637 0.5227271 0.3849807 0.266096 0.3763015 0.5017281 0.01985131 0.05864875 0.1093548 0.116115 0.1135548 0.3236026 0.1251754 0.08448344 0.025481 0.0001432919 0 0 0 0 0 0.01063646 0.09163602 0.07277244 0.30881 0.2882402 0.5427597
0.1660108 0.06570241 0.05670091 0.0732854 0.2184948 0.2601491 0.09591555 0.2479463 0.1952075 0.2743565 0.2262058 0.2292313 0.1149783 0.3191185 0.3702677 0.3531503 0.457068 0.382746 0.329322 0.4246927 0.1265399 0.2107799 0.1382511 0.05343726 0.003740234 0.1266938 0.4488209 0.3733457 0.3756554 0.4775026 0.1496428 0.2096882 0.4985201 0.3654529 0.5125836 0.429535 0.4744995 0.2302967 0.4932083 0.322741 0.453194 0.1563719 0.449483 0.3584763 0.3324954 0.3825866 0.1973277 0.1267667 0.01385835 0.02909686 0.03311332 0.3253435 0.3579293 0.04451315 0.03395025 0 0.004408022 0.1376706 0 0 0 0 0 0 0.009735866 0.008764555 0.1553825 0.3845772 0.4357576
0.314728 0.225302 0.1774052 0.362222 0.1765817 0.1691706 0.1557124 0.2469123 0.2255599 0.3220985 0.3006232 0.223547 0.2468051 0.3042263 0.1999852 0.4407205 0.2654706 0.3405912 0.3408007 0.2045549 0.1275014 0.1181183 0.3396653 0.4042426 0.3202034 0.4173709 0.2739139 0.2883158 0.2897239 0.3209442 0.2408017 0.17846 0.1682429 0.3624275 0.515089 0.4416924 0.3699038 0.4166084 0.4290193 0.4575221 0.408856 0.3311509 0.4042829 0.3776264 0.3645743 0.2890572 0.1216776 0.007530455 0.1068608 0.08179791 0.09759668 0.03471696 0.07708876 0.02422016 0.03107324 0.1010208 0.2140085 0.06316426 0 0.308553 0.02582902 0 0 0 0 0 0.07268261 0.2386968 0.3063459
0.2016544 0.148825 0.3725574 0.4199367 0.1448472 0.1426499 0.363441 0.2266479 0.2612922 0.3612691 0.3279786 0.3594056 0.2965783 0.4421607 0.28629 0.347313 0.328767 0.3317692 0.2192168 0.07920728 0.07538039 0.2427907 0.44293 0.3967887 0.2752697 0.5599875 0.4371773 0.4884627 0.328654 0.4480013 0.4421922 0.2530158 0.0779058 0.3379032 0.2183854 0.1591839 0.2131658 0.2288073 0.4202514 0.285969 0.4526961 0.340295 0.3353173 0.4521844 0.4742247 0.2193274 0.08797584 0.0007143491 0.1340906 0.00105351 0.08484886 0.06236068 0.07888681 0.02085141 0.02881116 0.3551883 0.4613125 0.1705336 0 0.002686363 0 0 0.05555081 0.0238813 0.004043469 0.0007945733 0 0.0004653696 0.007756892
0.330774 0.3399968 0.4651703 0.1727307 0.1317917 0.1591931 0.3921226 0.3796463 0.2375665 0.438715 0.3132938 0.1732932 0.2039892 0.4034817 0.183965 0.2566019 0.3734169 0.2252387 0.02289842 0.03733557 0.07490463 0.175714 0.1138055 0.2824292 0.2968939 0.4032537 0.1518847 0.5386161 0.4424763 0.4468881 0.4237528 0.4675641 0.1761892 0.3523723 0.3126435 0.3661175 0.1374381 0.3426004 0.4943636 0.4686416 0.4654703 0.2288375 0.3721919 0.3882309 0.09094767 0.1790112 0.04787894 0.3113878 0.1224525 0.09966621 0.05471006 0.2235202 0.1785363 0.01250052 0.01366949 0.1347725 0.2312886 0.03144451 0 0 0 0.0256679 0.2317733 0.1143121 0.0544318 0.04350137 0.07433948 0 0.05748175
0.3827527 0.260055 0.334512 0.2158274 0.1885533 0.01985831 0.2253864 0.2044683 0.363638 0.4362561 0.4310609 0.4220265 0.2531618 0.4815886 0.3955159 0.4751068 0.4705081 0.3327297 0.01311313 0 0.1052542 0.2279408 0.0862997 0.46162 0.4610822 0.3688616 0.3684695 0.4997906 0.4847977 0.3484429 0.4411596 0.326325 0.2646969 0.5143079 0.4232755 0.2441071 0.01792178 0.04409454 0.2345504 0.4625112 0.4636987 0.2320595 0.2193105 0.195801 0.6112978 0.09800915 0.1888856 0.1825874 0.1344615 0.1134638 0 0.02526046 0.1188867 0.2313998 0.3133864 0.09407072 0.004041011 0.01620456 0 0.0135706 0.1091043 0.1332129 0.1734374 0.2402758 0.07158003 0.1199068 0.002501886 0 0
