EnvRasters/Baseline_High/grass.asc
ncols         270
nrows         223
xllcorner     24099.479091542
yllcorner     21023.840179216
cellsize      1003.8986847201
NODATA_value  -9999
[rows 28 to 55 of 223, columns 0 to 63 of 270]
-9999 -9999 -9999 -9999 -9999 -9999 -9999 -9999 -9999 -9999 -9999 -9999 -9999 -9999 -9999 -9999 -9999 -9999 -9999 -9999 -9999 -9999 -9999 -9999 -9999 0 0.004864194 0.01983528 0.01292255 0.3452577 0.2488461 0.1711662 0.6797454 0.7365434 0.3534064 0.2769792 0.3382964 0.3177075 0.4852477 0.6359648 0.2246968 0.2629878 0.3019086 0.1352596 0.05073538 0.1904437 0.1948226 0.6884478 0.6875184 0.4873357 0.4705904 0.5651999 0.4206537 0.3467438 0.3372894 0.1337997 0.2635815 0.4214209 0.3752297 0.3121252 -9999 -9999 -9999 -9999
-9999 -9999 -9999 -9999 -9999 -9999 -9999 -9999 -9999 -9999 -9999 -9999 -9999 -9999 -9999 -9999 -9999 -9999 -9999 -9999 -9999 -9999 -9999 0 0 0.001351832 0.0441593 0.1040328 0.2002613 0.2463611 0.2386816 0.3261527 0.554495 0.6122845 0.3932366 0.2668408 0.4592592 0.4016054 0.593824 0.4086248 0.133041 0.2958854 0.3572103 0.2198645 0.1302496 0.1224288 0.3559791 0.3528517 0.4453953 0.6070728 0.4897886 0.4543253 0.2253704 0.2260178 0.3070882 0.3598842 0.4136609 0.2826163 0.4520811 0.3538598 0.1305771 0.08315126 0.03298417 0.1603754
-9999 -9999 -9999 -9999 -9999 -9999 -9999 -9999 -9999 -9999 -9999 -9999 -9999 -9999 -9999 -9999 -9999 -9999 -9999 -9999 -9999 -9999 0 0 0 0 0.005989786 0.1178365 0.2415643 0.3104526 0.2775853 0.1847586 0.363927 0.5102035 0.5364143 0.1208465 0.3988646 0.2282286 0.4928007 0.3978601 0.3003584 0.3838145 0.6527266 0.3423937 0.1091087 0.04164157 0.2838893 0.1993637 0.3874703 0.4077675 0.5132966 0.2589745 0.4630535 0.3164064 0.2652895 0.2671575 0.4655591 0.2925652 0.3891919 0.2042528 0.322747 0.2441435 0.3323209 0.2714916
-9999 -9999 -9999 -9999 -9999 -9999 -9999 -9999 -9999 -9999 -9999 -9999 -9999 -9999 -9999 -9999 -9999 -9999 -9999 -9999 -9999 0 0.01162371 0 0 0 0.005013522 0.07441384 0.03110081 0.02750443 0.1854912 0.342205 0.4337304 0.4001814 0.2835841 0.3013 0.4238055 0.3855288 0.3270232 0.6155277 0.7083474 0.6926319 0.7683372 0.1740889 0.07557106 0.007825402 0 0.1356918 0.2395786 0.2018025 0.2927153 0.199231 0.3423325 0.3971875 0.3438502 0.1526017 0.5839018 0.4448153 0.2782387 0.4768344 0.4820465 0.1712547 0.2403392 0.2724663
-9999 -9999 -9999 -9999 -9999 -9999 -9999 -9999 -9999 -9999 -9999 -9999 -9999 -9999 -9999 -9999 -9999 -9999 -9999 0 0.0002947031 0.0571604 0.1176082 0.106608 0.004719441 0.002426193 0.05795215 0.07170558 0.0137036 0.0941416 0.166611 0.2559738 0.7099195 0.382117 0.2436945 0.2983399 0.4643575 0.3275462 0.3802802 0.6846523 0.6288195 0.3201942 0.2073737 0.1110239 0.0047205 0 0.01675215 0.01490174 0.03375249 0.009272413 0.235144 0.1944546 0.2633614 0.2781795 0.1032882 0.4806089 0.3533886 0.3108535 0.3001141 0.1897361 0.08880509 0.1584226 0.3628982 0.3706543
-9999 -9999 -9999 -9999 -9999 -9999 -9999 -9999 -9999 -9999 -9999 -9999 -9999 -9999 -9999 -9999 -9999 -9999 0.007254907 0.02644663 0.007257407 0.1059609 0.0867904 0.2289474 0.1631295 0.2575342 0.4021973 0.4363005 0.2081599 0.8225384 0.4162246 0.3690264 0.3129683 0.5117313 0.5293768 0.5012302 0.2961433 0.660692 0.5012047 0.2419356 0.2251027 0.1379487 0.1681893 0.01894642 0 0 0 0.02801907 0.01643512 0.1192041 0.1196505 0.144147 0.14091 0.2704903 0.3649554 0.1835376 0.1452238 0.2343277 0.3036906 0.1874548 0.07563093 0.03157287 0.2872282 0.3187389
-9999 -9999 -9999 -9999 -9999 -9999 -9999 -9999 -9999 -9999 -9999 -9999 -9999 -9999 -9999 -9999 0 0.002291413 0.1639893 0.1741863 0.06487317 0.3275719 0.2728771 0.1460749 0.2691817 0.3779101 0.4638918 0.41074 0.3097001 0.4095728 0.2707478 0.2878399 0.2472329 0.584245 0.4418294 0.35948 0.3244847 0.2787002 0.2949449 0.1924341 0.1588687 0.1117249 0.008698475 0 0.01627298 0 0 0.005255227 0.3093287 0.1044258 0.06702356 0.1999849 0.2253969 0.3916537 0.2456249 0.4375294 0.461666 0.3492387 0.394349 0.3538897 0.4082889 0.1633309 0.119878 0.3007221
-9999 -9999 -9999 -9999 -9999 -9999 -9999 -9999 -9999 -9999 -9999 -9999 -9999 -9999 -9999 0.01073192 0.05973091 0.04071437 0.3180313 0.3934883 0.2199794 0.4630287 0.3339053 0.306775 0.3071793 0.2798857 0.432437 0.4905823 0.3960943 0.1620398 0.045844 0.1863334 0.3245228 0.4266212 0.4132858 0.2512347 0.04283595 0.1612933 0.1692383 0.07346128 0.01916094 0.09990779 0.004067238 0.007274432 0 0.001955058 0.03295528 0.2772517 0.2647799 0.3832318 0.2421779 0.2374491 0.3081872 0.4853772 0.2088491 0.3653391 0.4293434 0.3378744 0.2815493 0.5546384 0.4141316 0.3272455 0.3335431 0.3298599
-9999 -9999 -9999 -9999 -9999 -9999 -9999 -9999 -9999 -9999 -9999 -9999 -9999 0 0.0005015725 0.02069827 0.2751447 0.2656575 0.3739241 0.3645628 0.375448 0.1603883 0.5282667 0.3655323 0.1637009 0.276837 0.2440115 0.3263471 0.3100425 0.1560193 0.3160636 0.2231469 0.2464755 0.123831 0.3185658 0.1535686 0.1531746 0.1622166 0.256193 0.1188616 0.1470749 0.2241938 0.2058425 0.0893697 0.2211378 0.01901983 0.03741834 0.4204935 0.4843038 0.5163534 0.5772688 0.4246207 0.4428423 0.3986147 0.3549229 0.3480267 0.3861314 0.2688102 0.08077621 0.3250666 0.3553201 0.1795178 0.4758863 0.3723332
-9999 -9999 -9999 -9999 -9999 -9999 -9999 -9999 -9999 -9999 -9999 0 0 0.0008646811 0.1767672 0.1180669 0.2999673 0.3412379 0.3579259 0.3473787 0.2304284 0.2609474 0.3798479 0.2763259 0.4843387 0.3799423 0.2489061 0.3174191 0.3436722 0.2022964 0.328198 0.272775 0.2115087 0.3667373 0.2940641 0.250746 0.2244126 0.1547599 0.2473141 0.3275219 0.1155348 0.1572797 0.1233894 0.06849069 0.2046843 0.5245783 0.1516577 0.2391622 0.5513239 0.3063063 0.4197502 0.3908747 0.3160107 0.09404805 0.5134467 0.4321618 0.4648733 0.376351 0.3268526 0.2991524 0.4112861 0.388871 0.3804586 0.3374854
-9999 -9999 -9999 -9999 -9999 -9999 -9999 -9999 -9999 0 0.0141041 0.336389 0.1299664 0.03867081 0.2909426 0.2180012 0.3641974 0.3186109 0.3338761 0.4375253 0.2805477 0.4141793 0.4750238 0.3259459 0.2741458 0.2711378 0.1872478 0.03106342 0.1438931 0.2899837 0.4146062 0.2638099 0.3002234 0.2305487 0.2667765 0.3904781 0.305614 0.4212141 0.4275446 0.1432979 0.1599768 0.1228226 0.1692923 0.04719006 0.2994408 0.3495981 0.07183169 0.2426056 0.2691927 0.3829936 0.2673793 0.3053891 0.2940376 0.3143961 0.4101164 0.3897939 0.4786853 0.415451 0.4845701 0.3075758 0.4162672 0.1526244 0.2935588 0.3163208
-9999 -9999 -9999 -9999 -9999 -9999 -9999 -9999 0 0 0.04805863 0.116746 0.1738172 0.2878287 0.4255261 0.3186186 0.1404753 0.4207835 0.2143494 0.2922895 0.4854112 0.3066917 0.1598774 0.08013058 0.09764204 0.2392803 0.08758028 0.1229092 0.3796355 0.5760797 0.6047739 0.3733681 0.5325102 0.3851133 0.3338141 0.288146 0.1329058 0.03006245 0.1216953 0.1962814 0.3807699 0.3592184 0.2746631 0.1151386 0.1839958 0.269464 0.01929794 0.1604604 0.170862 0.4059795 0.4222565 0.3812612 0.310436 0.4054407 0.5335611 0.4356874 0.3185776 0.2869688 0.3056072 0.4409421 0.3425188 0.2223232 0.4408112 0.4033978
-9999 -9999 -9999 -9999 -9999 0 0 0 0.3718276 0.05670682 0.2984071 0.02342213 0.01906876 0.1364847 0.1360326 0.3435304 0.1711675 0.3508769 0.3802621 0.320341 0.2908936 0.2483203 0.4988797 0.3599169 0.2190819 0.09265739 0.2377617 0.3351357 0.3637429 0.5191187 0.3006882 0.2568679 0.3354143 0.4406627 0.1983776 0.1884283 0.3918434 0.1320822 0.3615303 0.2330657 0.3280185 0.2491892 0.2671366 0.4193752 0.2468604 0.5468332 0.04749564 0.220334 0.35106 0.4527355 0.2877729 0.3469871 0.1768108 0.1481594 0.2831824 0.3070518 0.369763 0.3371877 0.250127 0.1292854 0.4626486 0.2944554 0.2997454 0.4218305
-9999 -9999 -9999 -9999 0 0 0 0 0.07148702 0.2455479 0.5152698 0.2869498 0.106754 0.1644136 0.1088488 0.2773581 0.2021823 0.221113 0.1474667 0.4387493 0.2972101 0.2069743 0.3452496 0.27299 0.1811657 0.05029426 0.1831722 0.2507395 0.3491506 0.297725 0.206729 0.08426182 0.209414 0.2949352 0.2500122 0.269649 0.3280457 0.3776987 0.344115 0.173574 0.2144564 0.03393719 0.2740663 0.322528 0.2850561 0.2555838 0.2681069 0.4329977 0.4076069 0.2867116 0.4221216 0.394283 0.09170431 0.07232358 0.2547683 0.1799175 0.3453161 0.4849326 0.2576798 0.3139027 0.2672498 0.2276681 0.3439505 0.4906341
-9999 -9999 0 0 0.004966998 0 0.04897047 0.04618755 0.1701053 0.3465514 0.1895607 0.2003579 0.4392657 0.1486161 0.0645728 0.1429187 0.1201273 0.1307525 0.453231 0.1874955 0.2307447 0.5042991 0.3450029 0.2244015 0.3570653 0.1486155 0.3470417 0.2293035 0.3893267 0.2110433 0.236754 0.1790933 0.1624953 0.3436231 0.316764 0.3247281 0.2420745 0.2861033 0.4608306 0.2543871 0.0388034 0.2425829 0.1562508 0.2757709 0.1735833 0.09783383 0.209977 0.2534682 0.4080762 0.2928489 0.190616 0.2740885 0.06548025 0.1278049 0.1096411 0.1275504 0.2397003 0.3819563 0.3774267 0.2892767 0.4016031 0.1735581 0.286387 0.2258318
0 0.02213897 0.1974057 0.02154879 0.1626651 0 0.07774553 0.1695901 0.1148244 0.1068588 0.02034513 0.2944365 0.2136407 0.2481479 0.2963265 0.2172803 0.01486173 0.1754031 0.4677095 0.4440068 0.1777118 0.3563901 0.2871214 0.1857482 0.1436997 0.2087517 0.08441745 0.2072563 0.2882592 0.2972476 0.1613996 0.273495 0.3209196 0.1924445 0.3909093 0.2766067 0.2125863 0.233379 0.3957765 0.2129173 0.2230942 0.3465959 0.3005753 0.2659072 0.2399273 0.2545627 0.4237169 0.4069795 0.5252932 0.1584468 0.1697267 0.2021102 0.08018081 0.2451788 0.3875201 0.3506701 0.177108 0.2202283 0.3243272 0.1662313 0.4101603 0.3439296 0.4584831 0.4451245
0 0.07335509 0.3325145 0.03829926 0.1919692 0.1568877 0.240752 0.1634313 0.03783395 0.2079418 0.105786 0.1176656 0.1242204 0.3329706 0.2278737 0.1858177 0.05095414 0.1975874 0.2427147 0.4762699 0.3956918 0.3345056 0.1506837 0.3112465 0.3103399 0.3116818 0.1846513 0.226802 0.1849095 0.2458205 0.2655034 0.3458887 0.2461787 0.4195814 0.2576003 0.2826821 0.2533082 0.3796571 0.2989043 0.2943868 0.2166729 0.2868777 0.3365909 0.4509317 0.3941322 0.06665584 0.3349921 0.5185771 0.2502127 0.1035963 0.0460933 0.006029539 0.2084744 0.3803012 0.2835088 0.2593363 0.17652 0.1512131 0.2516912 0.2115569 0.03227811 0.111923 0.2233334 0.3585877
0.1815188 0.0827166 0.2682079 0.2064856 0.2206188 0.1635635 0.1782192 0.3530281 0.05951822 0.1897379 0.1975212 0.1735847 0.1425331 0.3437373 0.3166823 0.2312231 0.2064158 0.2925059 0.3119755 0.3358299 0.5873035 0.4144133 0.1698064 0.4082969 0.2077008 0.3367598 0.217365 0.1090409 0.1294312 0.2544142 0.179703 0.2984567 0.3304693 0.3963632 0.2878813 0.1917485 0.2442694 0.2959791 0.2596412 0.4136669 0.3298431 0.1762705 0.3330257 0.4429371 0.2261883 0.3756878 0.3736898 0.2901018 0.3664588 0.1675586 0.04438233 0.256307 0.138968 0.2472575 0.3453597 0.2451474 0.01052971 0.3347654 0.2140962 0.2094939 0.156589 0.119179 0.4099564 0.3220747
0.3155231 0.07443803 0.08942842 0.1211038 0.2049771 0.1775184 0.1254652 0.08441303 0.1048432 0.1838824 0.1854284 0.2160429 0.1233064 0.22675 0.232001 0.4260577 0.295244 0.2616197 0.4979093 0.4957269 0.5089977 0.3909803 0.4304478 0.4062823 0.1265748 0.1180302 0.1373336 0.2519217 0.1565604 0.4070881 0.4759025 0.3398607 0.2697469 0.1770662 0.1975075 0.1796084 0.2611612 0.333908 0.4099996 0.2480638 0.1809929 0.2545827 0.3963185 0.3243812 0.3657336 0.3303343 0.3815229 0.3866329 0.3166236 0.2753341 0.2701463 0.4274677 0.2296686 0.1698522 0.3134246 0.121312 0.09853351 0.07326516 0.3019027 0.3802112 0.2188778 0.1138838 0.277062 0.2569955
0.2557262 0.1432459 0.08902522 0.2422945 0.2689535 0.2343427 0.003408425 0.0699995 0.1156008 0.06074953 0.1820514 0.3470685 0.1363683 0.2529561 0.1973723 0.2323379 0.193126 0.458035 0.3994288 0.4850415 0.2464891 0.2448028 0.236048 0.1670065 0.1223914 0.1361825 0.1510212 0.2683814 0.2928326 0.418613 0.4268848 0.3238172 0.06687469 0.1076862 0.179949 0.317044 0.1571299 0.04142951 0.2154178 0.1347682 0.3413036 0.3461982 0.3283541 0.285475 0.3498972 0.2792192 0.3337658 0.3697198 0.3648245 0.394018 0.109839 0.1105126 0.3902833 0.4445044 0.4586513 0.2451285 0.07953065 0.08896951 0.2594125 0.1605042 0.1437085 0.08294288 0.3054217 0.3813626
0.4008521 0.2969782 0.1767012 0.2525272 0.253287 0.3844734 0.06341543 0.1406986 0.2160596 0.2938357 0.1435895 0.09173195 0.04157072 0.1151944 0.08517042 0.2974901 0.1784359 0.3034636 0.1319496 0.3648764 0.2140737 0.3402497 0.3038324 0.1660795 0.1452614 0.1505833 0.2497767 0.1554847 0.1341299 0.1835046 0.1531958 0.2824608 0.07776057 0.04596447 0.2801898 0.1497304 0.1093533 0.05489543 0.3577282 0.293732 0.4167338 0.2812667 0.3287941 0.3331787 0.3316111 0.2204172 0.3082047 0.2131158 0.3923448 0.1971304 0.2082544 0.3173003 0.1879319 0.3385656 0.2751128 0.2435312 0.3780945 0.4026911 0.1367605 0.2884958 0.2777633 0.1497301 0.05826145 0.04400199
0.1515171 0.08210624 0.07502647 0.06809959 0.1441412 0.151557 0.2314549 0.2677979 0.3113327 0.3058166 0.1824857 0.1563847 0.1764905 0.1198064 0.1089231 0.3434992 0.4271907 0.418484 0.4524892 0.2769345 0.4887068 0.2797921 0.2524523 0.3735555 0.2175982 0.3167464 0.1473568 0.2283388 0.2633056 0.184712 0.1984813 0.1475298 0.3291862 0.2764749 0.215953 0.2763469 0.1913672 0.1277657 0.2938542 0.4104561 0.4031569 0.3265602 0.4124897 0.334055 0.2515859 0.1822357 0.2362873 0.2335358 0.1955281 0.1607646 0.2635246 0.3874149 0.2720109 0.2596731 0.3008606 0.3480175 0.419499 0.4617472 0.416245 0.3664154 0.3078876 0.3227516 0.2054087 0.1919398
0.1162493 0.1448915 0.05242285 0.05807323 0.2879492 0.2402899 0.1507978 0.3459637 0.1959506 0.1218732 0.3269168 0.3455113 0.7167389 0.4106213 0.1197698 0.2894759 0.415553 0.1910831 0.171097 0.3187957 0.7651532 0.8348395 0.5670038 0.2341959 0.2184587 0.1888578 0.1381794 0.07936835 0.1541364 0.2068205 0.2178806 0.1111873 0.2039519 0.3139696 0.1653042 0.2374361 0.3684433 0.2243624 0.2612351 0.4212129 0.4281304 0.3581819 0.3088645 0.2735523 0.3369912 0.289717 0.2643721 0.3081999 0.2831259 0.250349 0.3292734 0.4337411 0.4292604 0.4238826 0.2383946 0.3127185 0.1965638 0.3881056 0.3890414 0.418704 0.3528011 0.3301054 0.3360772 0.4028126
0.1726523 0.04197718 0.01413546 0.08200981 0.1871422 0.2636859 0.220122 0.2047943 0.2941172 0.463001 0.2739186 0.4451222 0.52054 0.6555122 0.4691482 0.1651461 0.3351592 0.3401348 0.2770076 0.3278089 0.3461259 0.6910433 0.8867677 0.7618449 0.4588923 0.1630549 0.1692725 0.07360718 0.1910953 0.2068987 0.1851391 0.1890653 0.08066058 0.3027788 0.2740883 0.247434 0.2178592 0.3028868 0.3906471 0.2965539 0.3620982 0.2969289 0.5119447 0.276839 0.2768281 0.1125961 0.2944914 0.3225698 0.3880431 0.4668326 0.2990737 0.2836525 0.3947681 0.5266037 0.4344734 0.341056 0.2969866 0.2579274 0.2645642 0.3347378 0.4450804 0.2919218 0.2003646 0.2856045
0.202848 0.03857412 0.1448226 0.2545463 0.277163 0.2025578 0.1029683 0.1736998 0.5377024 0.1146 0.45127 0.2427319 0.4898853 0.8262401 0.8852214 0.6823349 0.5371074 0.5235809 0.3651547 0.1252032 0.08972155 0.3166366 0.3398909 0.6522269 0.6664264 0.8085153 0.3379623 0.1920967 0.1673229 0.1106004 0.1448177 0.1365555 0.09581865 0.2191202 0.1133387 0.2666489 0.3148304 0.232944 0.2712056 0.1320815 0.2317343 0.2502578 0.356746 0.3287883 0.09221454 0.3362088 0.2664136 0.1120775 0.2141305 0.4031803 0.3663758 0.410508 0.3812361 0.2277274 0.3662418 0.4417334 0.3784843 0.1949821 0.3401186 0.2607439 0.3271902 0.4286561 0.3231964 0.2228027
0.03833726 0.2110249 0.2342808 0.1540874 0.1545072 0.1106732 0.2608976 0.2589926 0.2347168 0.1596005 0.2878574 0.1842915 0.456448 0.4028427 0.7377939 0.8861257 0.7416999 0.3016986 0.334771 0.2538841 0.09927364 0.1790731 0.1873516 0.2883961 0.07200778 0.4021835 0.6308305 0.5122017 0.5491128 0.4259427 0.3161938 0.2398429 0.1137521 0.1697961 0.1915996 0.1870471 0.2153931 0.2111265 0.09020972 0.03876304 0.1937429 0.3382447 0.2487499 0.1791688 0.1981486 0.1636454 0.138539 0.2738877 0.3299182 0.2224808 0.3021931 0.2691076 0.3956134 0.490344 0.3086484 0.4183783 0.2339138 0.4507089 0.3570295 0.1950744 0.3625922 0.4319839 0.3592106 0.4408536
0.2324665 0.2699723 0.1636345 0.216816 0.1822445 0.1576023 0.282056 0.1047184 0.2099694 0.1929098 0.06523387 0.2852408 0.2261129 0.2316472 0.3007197 0.3201731 0.5182331 0.3727044 0.4732674 0.8222694 0.2397437 0.1832017 0.1057129 0.2412746 0.2772916 0.2321917 0.1913176 0.2457805 0.2104957 0.09450366 0.187849 0.1973886 0.09437966 0.2421168 0.1326312 0.1569918 0.226782 0.2946822 0.1445808 0.2141969 0.2068146 0.227842 0.274011 0.2519133 0.2689569 0.2147962 0.2355536 0.1269969 0.1828846 0.1119876 0.1412573 0.2086625 0.2207153 0.2007065 0.5768352 0.5499303 0.28409 0.3176985 0.255987 0.2383473 0.4262534 0.4535207 0.3474598 0.2707002
0.09615706 0.1316342 0.1375263 0.1086069 0.1001489 0.1497974 0.2753613 0.1354469 0.1217196 0.1509461 0.1509489 0.5362272 0.2245335 0.2820612 0.3435253 0.3818953 0.44236 0.5681246 0.809127 0.6928958 0.2820602 0.161739 0.1491486 0.2351074 0.1846245 0.167381 0.3695059 0.2676025 0.1798747 0.1149038 0.1736217 0.2349893 0.2164034 0.1573937 0.2164076 0.1725304 0.100157 0.1580769 0.2247364 0.1767657 0.1800168 0.38559 0.2786642 0.1532812 0.1350345 0.2648136 0.1510383 0.3573928 0.3051486 0.3643239 0.2828753 0.372411 0.2999263 0.3350809 0.3163832 0.3965173 0.284227 0.25055 0.4886769 0.5210034 0.3447489 0.4071946 0.1642247 0.1136778
