EnvRasters/Baseline_High/grass.asc
ncols         270
nrows         223
xllcorner     24099.479091542
yllcorner     21023.840179216
cellsize      1003.8986847201
NODATA_value  -9999
[rows 56 to 83 of 223, columns 0 to 63 of 270]
-9999 0.01810904 0.1882806 0.1023407 0.07939017 0.2662581 0.2928799 0.1464688 0.1027081 0.05104668 0.08871099 0.5593724 0.2496059 0.3553777 0.260724 0.3698462 0.6061918 0.5665969 0.731352 0.6601101 0.2890003 0.3392529 0.1474719 0.09533495 0.1351802 0.2906939 0.1564169 0.2140419 0.1396468 0.2323952 0.2077294 0.2323136 0.1513122 0.2102556 0.2959113 0.2198634 0.112928 0.1049627 0.08778869 0.2913155 0.1537683 0.2988836 0.2711253 0.2067812 0.2566161 0.1920706 0.2092306 0.133083 0.1369309 0.2316238 0.2603694 0.1018815 0.001000514 0.01350239 0.1032637 0.3701551 0.4853226 0.315497 0.3165954 0.2696158 0.3357647 0.2418243 0.4187994 0.2279406
-9999 -9999 0.0476279 0.03684607 0.2121226 0.1087556 0.1492244 0.2358579 0.1882139 0.1729345 0.1853176 0.2270328 0.344466 0.3506858 0.4567183 0.5242185 0.7497278 0.5968614 0.392412 0.3664705 0.377406 0.2038653 0.2192837 0.1220738 0.137479 0.2623516 0.05775789 0.08121321 0.1705946 0.1331882 0.08131906 0.1109856 0.351629 0.1655802 0.2182332 0.1766906 0.1469012 0.1680325 0.1481155 0.1269127 0.1803336 0.1557928 0.151495 0.1663611 0.2352071 0.1052095 0.1150033 0.1327338 0.09468914 0.2157106 0.2130703 0.1871243 0.05634081 0.247724 0.3973527 0.4009883 0.3169506 0.3949423 0.2355227 0.2265791 0.2812444 0.2180157 0.2763003 0.3023817
-9999 -9999 0.06245914 0.1588336 0.1467404 0.08501773 0.2266421 0.1805876 0.1106511 0.1053606 0.1737162 0.2668242 0.3385258 0.3164905 0.4489667 0.4039508 0.8625146 0.5393264 0.2504269 0.4901939 0.2363703 0.3713545 0.2919372 0.1071572 0.1395982 0.09496921 0.05030587 0.07341383 0.1126088 0.142796 0.05495 0.06245093 0.1657298 0.2399134 0.1902845 0.03394875 0.2757753 0.1869613 0.08686297 0.234514 0.2893633 0.1207441 0.1551531 0.04120584 0.1987954 0.2084217 0.1289083 0.1454777 0.1703174 0.2084244 0.1200764 0.2520374 0.1309082 0.1802413 0.4905838 0.2306913 0.3554484 0.4408768 0.299997 0.331098 0.2415329 0.4654571 0.1933074 0.271529
-9999 -9999 0 0.07431151 0.09136121 0.1760627 0.08072175 0.1839712 0.07728853 0.2109432 0.3935956 0.2923178 0.3453834 0.3515175 0.711167 0.8033015 0.7563977 0.5035779 0.3271998 0.4435019 0.3537125 0.3240751 0.3351425 0.2004984 0.2179519 0.2382778 0.03952361 0.07058508 0.0498546 0.1370344 0.1476425 0.1093886 0.07714978 0.1576968 0.2619973 0.1975051 0.3663838 0.04316225 0.04290377 0.03872458 0.1193704 0.1760407 0.182494 0.1320724 0.1381709 0.1554329 0.2099318 0.1147481 0.165222 0.3861738 0.1597729 0.3001101 0.3409626 0.4105445 0.3963688 0.374294 0.4290701 0.3387499 0.3055979 0.2615367 0.1648278 0.3561057 0.1931627 0.1904691
-9999 -9999 -9999 0.01448144 0.16464 0.07120194 0.1798801 0.09601232 0.2254239 0.2291403 0.6524554 0.7953594 0.7148376 0.772913 0.689851 0.819559 0.6758673 0.6469471 0.550181 0.09733704 0.2919926 0.2528045 0.2615606 0.1180595 0.2624308 0.1929499 0.02980743 0.007244237 0.04314214 0.1127298 0.1523741 0.1029888 0.1613599 0.2819664 0.2781847 0.2748373 0.09357145 0.00163249 0.006182925 0.1484922 0.1363006 0.1151459 0.1782148 0.3194624 0.2274305 0.09796 0.1744018 0.2113774 0.135915 0.2563654 0.1910328 0.2358367 0.2199644 0.2126752 0.3620079 0.3078746 0.293097 0.3921652 0.2086621 0.3196841 0.3677923 0.3429837 0.3788453 0.2049415
-9999 -9999 0.002827341 0.06234826 0.1659196 0.3907917 0.4933454 0.5633037 0.4293171 0.5189822 0.4526428 0.7355486 0.7098196 0.6330031 0.3089701 0.8373001 0.2142597 0.5330123 0.4740251 0.4528814 0.3861225 0.1795967 0.1582462 0.2023561 0.291096 0.2160522 0.07050449 0.2123255 0.09313943 0.2308102 0.06291845 0.0496987 0.1931703 0.2495877 0.1923569 0.1334441 0.08019432 0.000310285 0.0008422334 0.03527777 0.1150536 0.294204 0.1112684 0.1899835 0.1116793 0.1468296 0.3012415 0.1224221 0.160163 0.1691537 0.09958339 0.239092 0.129817 0.3072904 0.3602745 0.3092933 0.2485304 0.3258354 0.3599906 0.2301362 0.3252571 0.1775573 0.08861513 0.1156984
-9999 -9999 0.03521154 0.2521954 0.3920117 0.406972 0.2702873 0.1067738 0.1396225 0.6607213 0.4418862 0.3137069 0.1627932 0.2222046 0.153492 0.4701277 0.2075165 0.3738559 0.1810975 0.4187599 0.4894584 0.3397631 0.3108019 0.1329057 0.1451021 0.0221137 0.1899616 0.1389298 0.1098624 0.09782163 0.1558689 0.1170706 0.1966481 0.1944862 0.1297829 0.100767 0.1696746 0.000248007 0 0.02620587 0.03375898 0.1554486 0.103667 0.1227755 0.1926321 0.2243931 0.1576857 0.2039023 0.2156359 0.03274976 0.1371795 0.2057663 0.2200064 0.4516303 0.2296309 0.316231 0.3765165 0.3261491 0.3789258 0.3865011 0.1832666 0.2931912 0.2887187 0.333048
-9999 5.870282e-005 0.06098893 0.4164221 0.2389798 0.1631071 0.1918403 0.1858176 0.3309104 0.4474313 0.3438163 0.2095841 0.1856245 0.1719845 0.1487643 0.1897739 0.378686 0.1646413 0.2294036 0.1215597 0.1848732 0.3918422 0.3304426 0.2216509 0.112625 0.1582254 0.2659102 0.1734982 0.08600957 0.09199794 0.09267776 0.1155775 0.1916964 0.09293789 0.1155301 0.1244386 0.0512806 0.03022764 0.003246269 0.007768284 0.03572292 0.1052978 0.1741838 0.02534486 0.1794251 0.2850896 0.09829663 0.03954997 0.1072671 0.3990762 0.1393454 0.1187781 0.2383009 0.190378 0.3361644 0.2893283 0.3410281 0.1733228 0.2222531 0.06682778 0.2664475 0.3057183 0.1324843 0.3644187
0.009826679 0.05257943 0.3707977 0.2698943 0.1171977 0.2268871 0.150207 0.1542522 0.1159945 0.2416947 0.2427889 0.3279748 0.1877691 0.175493 0.2449113 0.3124179 0.1197674 0.2258301 0.2413511 0.2244696 0.09971356 0.2536926 0.2666618 0.2761053 0.2246788 0.1713631 0.1199525 0.1241362 0.1538073 0.2309976 0.1483145 0.2212991 0.1559531 0.137366 0.1568664 0.1535933 0.1552653 0.1265308 0.08223054 0.08127917 0.1167028 0.08677465 0.0382993 0.01883379 0.004275975 0.02371119 0.0900868 0.04983424 0.1629727 0.2538209 0.2550118 0.1545915 0.3127073 0.2177863 0.2038939 0.4355258 0.2107026 0.3612618 0.1249823 0.2104954 0.1786526 0.1604756 0.3259374 0.374987
-9999 0.05392152 0.2274602 0.1094983 0.2732075 0.2048588 0.1614515 0.2825123 0.1848578 0.2783815 0.2210051 0.4180354 0.4221189 0.236535 0.1475513 0.2294321 0.1265591 0.2220919 0.1159157 0.382331 0.2014078 0.2125065 0.1377943 0.1837671 0.1257466 0.2392531 0.07862333 0.1955609 0.2560276 0.2548694 0.1489659 0.2650864 0.1780254 0.1786606 0.1628261 0.06394691 0.2380162 0.1352904 0.2213622 0.1178688 0.1281565 0.1497009 0.0500928 0.02143088 0.003628309 0.1400934 0.09666941 0.07101618 0.08460363 0.2473282 0.2543474 0.1524006 0.1323589 0.1003941 0.1882855 0.150443 0.3209281 0.1593598 0.4128939 0.4485705 0.08583211 0.04537673 0.2977917 0.289547
-9999 0.02433537 0.08964136 0.1414511 0.1662381 0.147579 0.2741035 0.2072714 0.2318441 0.3054076 0.3194332 0.2419343 0.2415062 0.1903934 0.20361 0.2411229 0.2304993 0.05894416 0.09148929 0.2166438 0.2053143 0.1724973 0.2485992 0.1593616 0.4131431 0.2864708 0.1302949 0.2332294 0.140001 0.238509 0.2670204 0.2225552 0.2343856 0.1764602 0.1583462 0.1631073 0.2017748 0.115718 0.2577781 0.2658814 0.1268991 0.1487627 0.1479912 0.05369623 0.04780833 0.09419598 0.1493878 0.0441846 0.1896779 0.1047626 0.087174 0.1312119 0.1732998 0.1052985 0.09884629 0.1000203 0.2606602 0.1109309 0.2202236 0.313288 0.2211192 0.07920024 0.145881 0.2043161
-9999 0.0583906 0.1245388 0.185038 0.1187891 0.1535673 0.4263452 0.2325775 0.1412194 0.1021601 0.1346474 0.08057166 0.1244776 0.1721217 0.1696342 0.1567948 0.2493005 0.2265126 0.1866288 0.1946957 0.199147 0.2828841 0.1890367 0.2683699 0.2163613 0.1810662 0.1448725 0.1656397 0.3933272 0.2912486 0.2029701 0.1140307 0.171022 0.1934686 0.1913706 0.1329939 0.193817 0.2270902 0.1789621 0.1831698 0.1347328 0.3845847 0.1173079 0.17131 0.1244445 0.07357688 0.2868013 0.1070422 0.2010085 0.1837344 0.2235377 0.2141755 0.1399633 0.07638429 0.1818787 0.01584895 0.1520349 0.02832132 0.1573178 0.5535985 0.3583602 0.2549958 0.1430918 0.1694369
-9999 0.03281443 0.1254818 0.1828098 0.1616519 0.1941421 0.1744121 0.2094476 0.1462009 0.1848919 0.1432577 0.06864976 0.2029037 0.1777309 0.1210449 0.1902697 0.1951174 0.0721909 0.3034215 0.2273379 0.1235508 0.174546 0.1811269 0.3382058 0.1224921 0.1611706 0.3453361 0.1877796 0.2104441 0.2289234 0.1851806 0.231667 0.2750008 0.1782051 0.2623166 0.242949 0.1934372 0.1485332 0.3252621 0.2058886 0.3567064 0.3136338 0.333702 0.198774 0.1582371 0.1146914 0.1438859 0.2003122 0.2154228 0.1499075 0.2403067 0.1630647 0.119059 0.1448835 0.2295477 0.1753559 0.1726763 0.1777324 0.008469593 0.01613495 0.02333649 0.3070062 0.1746023 0.2989286
-9999 0.04658496 0.2612643 0.1053944 0.1549946 0.1566052 0.1987258 0.1869087 0.07420564 0.09307061 0.1317681 0.1295826 0.03549401 0.177536 0.06934962 0.1098838 0.2365788 0.1799341 0.09321068 0.08997704 0.06913023 0.09667955 0.07839561 0.06673962 0.07460339 0.3514841 0.2729049 0.07460028 0.2133908 0.1543931 0.2659045 0.2050364 0.1670356 0.19062 0.125761 0.2600759 0.2116656 0.2840676 0.2892238 0.1038452 0.2891442 0.09992577 0.276957 0.1855861 0.210548 0.1117555 0.1202647 0.3503353 0.1551991 0.1788694 0.1979746 0.1697941 0.2820901 0.1300881 0.03160366 0.2327906 0.176065 0.1113187 0.02545387 0.003248802 0.02172688 0.1268294 0.1130992 0.4634333
-9999 0.01493938 0.2194256 0.3752989 0.1986094 0.2356808 0.2437491 0.1054433 0.1553259 0.2253359 0.07586963 0.09479096 0.1076517 0.1354952 0.1258892 0.2045635 0.1962446 0.1799365 0.1523844 0.1742735 0.1294183 0.06997146 0.1574335 0.1445166 0.04875702 0.08097184 0.08310721 0.1525434 0.1351673 0.1738583 0.2711519 0.2965135 0.2061239 0.2899967 0.270836 0.08830971 0.3248239 0.2098144 0.244222 0.1021203 0.5764275 0.211923 0.106138 0.3417585 0.3271251 0.1493694 0.1570546 0.317015 0.2205386 0.285825 0.198987 0.1614221 0.1478719 0.07918271 0.2016191 0.3697226 0.3201859 0.1494389 0.1409893 0.08332931 0.08856154 0.08091957 0.2355053 0.4537399
-9999 0.1071118 0.09771337 0.1883019 0.1922441 0.2409257 0.1071902 0.1426762 0.04702837 0.03588157 0.01561935 0.1738254 0.2712758 0.2958397 0.3615057 0.2511673 0.1119597 0.2011308 0.1760562 0.07022525 0.09804051 0.03026294 0.2340142 0.04993775 0.05561159 0.2492915 0.2436106 0.4201855 0.2720077 0.2026218 0.2381365 0.3252037 0.2722902 0.2332984 0.2108099 0.2594065 0.180292 0.2609428 0.1152526 0.2427412 0.3701765 0.3641518 0.1694729 0.3652734 0.2848261 0.1373045 0.1550138 0.2718782 0.03556231 0.1573918 0.1035356 0.06346653 0.06420992 0.1956951 0.2210862 0.236476 0.1600746 0.1192124 0.3872923 0.1550041 0.0938229 0.05867438 0.07818957 0.2023902
-9999 0.03981644 0.1555481 0.1508066 0.1519389 0.1995649 0.1904994 0.108679 0.09357633 0.07562114 0.04147258 0.01650969 0.2088729 0.174652 0.1833869 0.105387 0.1758384 0.1397174 0.195539 0.1208667 0.01358735 0.02335165 0.04631048 0.2698862 0.2398323 0.2155916 0.3271765 0.2501903 0.1744356 0.3397032 0.2433222 0.2372389 0.1558493 0.2554587 0.284166 0.1791932 0.09027511 0.433312 0.2093571 0.3748407 0.2053528 0.09978642 0.1170741 0.3062429 0.3790198 0.1649236 0.08843023 0.04006499 0.006341058 0.06208291 0.09575706 0 0.1338903 0.08575374 0.02212425 0.2036589 0.1043987 0.3262719 0.1212734 0.2041965 0.214224 0.2120298 0.1051317 0.2078506
-9999 -9999 0.02912199 0.05993619 0.2257138 0.2230589 0.1400939 0.1073495 0.04640856 0.1592164 0.1462867 0.193108 0.1518544 0.2174147 0.1505815 0.1344956 0.1699776 0.197548 0.1502781 0.1341776 0.1297548 0.2174305 0.200674 0.09733223 0.3656343 0.1406295 0.28543 0.2479382 0.3893901 0.2377293 0.2690596 0.1887044 0.4159693 0.3540564 0.195194 0.1605581 0.2569479 0.2257328 0.2461573 0.3731984 0.06655927 0.1773226 0.1295722 0.1155386 0.1835465 0.08176135 0.1219892 0.05804419 0.001227044 0.1957797 0.0006155034 0.01548331 0.1565636 0.3293813 0.1043582 0.2207929 0.1960436 0.1944806 0.4938948 0.2019273 0.1462792 0.2141575 0.2700321 0.3165419
-9999 -9999 0 0.1070698 0.09358884 0.1357168 0.1006277 0.07428583 0.04720323 0.04669303 0.2007972 0.2897424 0.08209059 0.1336312 0.2550387 0.1053706 0.1955548 0.3140464 0.2175899 0.2392543 0.2243261 0.4256635 0.1960921 0.2214464 0.3143535 0.473803 0.3126537 0.3301383 0.2755199 0.4239367 0.2396713 0.3619106 0.1896481 0.2937563 0.3279849 0.2768951 0.2084133 0.2292425 0.1533459 0.05472812 0.09060337 0.1658127 0.1410816 0.08070388 0.07738413 0.08618909 0.04919423 0.01550449 0 0.02355347 0.03623672 0.02357046 0.2293091 0.2156015 0.1870531 0.3909409 0.05070525 0.09162831 0.1861195 0.1397578 0.2392929 0.2715608 0.1757502 0.2556629
-9999 -9999 -9999 0.04064879 0.1601302 0.1830331 0.1008968 0.05218027 0.2797409 0.2648045 0.2188046 0.2352961 0.190554 0.07880711 0.04418459 0.1222879 0.1702903 0.203759 0.1641649 0.1836601 0.2082614 0.1931605 0.1989509 0.2446481 0.2370601 0.2254038 0.1684902 0.2142572 0.4780193 0.4525246 0.3210525 0.1934243 0.3509661 0.3016121 0.2564523 0.2002049 0.1096932 0.1816356 0.1766995 0.2303284 0.156177 0.2154453 0.2365725 0.1463564 0.0586497 0.06177683 0.107435 0 0 0.01755204 0.05057338 0.06509249 0.231641 0.2978714 0.3238592 0.2614473 0.1655204 0.1645509 0.1232131 0.3642156 0.2154467 0.3500516 0.2422463 0.1260585
-9999 -9999 -9999 0.014135 0.01073021 0.0004637454 0 0.02956452 0.04619061 0.04952659 0.140034 0.2104935 0.1973445 0.1679405 0.1570676 0.2596085 0.2267125 0.2820508 0.1760075 0.3749427 0.233185 0.1493081 0.3388876 0.1297947 0.2302186 0.3417965 0.2848523 0.2486563 0.3349501 0.3496323 0.2456954 0.3701079 0.2348559 0.3076662 0.1147415 0.06422413 0.1357993 0.1801415 0.1262511 0.1210228 0.2551536 0.01482388 0.08908791 0.2427856 0.1415388 0.2399745 0.09637505 0.01727875 0.001474522 0.03479615 0.2436831 0.2250187 0.01739164 0.003797128 0.2084933 0.2046149 0.4015903 0.09763733 0.1843028 0.1719465 0.2650568 0.185383 0.216387 0.137103
-9999 -9999 -9999 -9999 -9999 -9999 -9999 -9999 -9999 0.06381983 0.1554051 0.3084969 0.3259444 0.1971381 0.1614888 0.1674759 0.2369015 0.1874719 0.1973835 0.1420734 0.3246596 0.2601798 0.2127181 0.1543912 0.2250225 0.2101245 0.4591687 0.4500149 0.3270217 0.3174878 0.4006625 0.3306954 0.1972253 0.1177043 0.0791838 0.09924031 0.1509131 0.08521421 0.1518605 0.1357961 0.1596266 0.0204248 0.02653317 0.07780721 0.1671078 0.1228514 0.07226572 0.0206382 0.0223319 0.02443535 0.05426956 0.04457874 0.04716088 0.0179346 0.1622024 0.1463782 0.0998885 0.06979087 0.1906183 0.2435514 0.277698 0.2762892 0.1317655 0.08672141
-9999 -9999 -9999 -9999 -9999 -9999 -9999 -9999 -9999 0.004286407 0.2822973 0.2280804 0.2809434 0.1852312 0.205001 0.2181173 0.07383163 0.2246054 0.3253446 0.1528022 0.1855678 0.3714469 0.204564 0.2780906 0.2519948 0.1931348 0.3070965 0.1923649 0.2024691 0.2732217 0.2953197 0.3447198 0.3641793 0.154152 0.2644596 0.232736 1.017609e-005 0.00311469 0.06008437 0.2540913 0.351927 0.2627515 0.171789 0.1879444 0.07309917 0.1205406 0.1088889 0.07497206 0.09819363 0.1109597 0.09750085 0.1188257 0.1169359 0.1752116 0.06111151 0.1149465 0.1852404 0.05635058 0.09324662 0.1194029 0.1375104 0.205805 0.06608026 0.1591051
-9999 -9999 -9999 -9999 -9999 -9999 -9999 -9999 -9999 -9999 0.1315255 0.2392135 0.2943424 0.2021859 0.1703821 0.3350609 0.2500333 0.2237903 0.09929243 0.2405923 0.2557531 0.2243073 0.2754393 0.2720761 0.4034085 0.1647903 0.2678008 0.1010844 0.3671996 0.1693109 0.2280887 0.2468289 0.07924602 0.16141 0.1445761 0.1937172 0.02246716 0 0.05330528 0.1292305 0.1784612 0.1938282 0.1457212 0.1467712 0.1855778 0.1158811 0.1035824 0.1363009 0.1859454 0.08611981 0.1688126 0.1369302 0.2779677 0.2952504 0.08196106 0.1020844 0.1174039 0.1134567 0.0714635 0.08065398 0.06701229 0.1868651 0.1854168 0.3512078
-9999 -9999 -9999 -9999 -9999 -9999 -9999 -9999 -9999 -9999 0 0.06119201 0.2173231 0.1385141 0.2985958 0.1630131 0.1603327 0.2322293 0.1278011 0.2116855 0.3080007 0.2284712 0.3276898 0.229952 0.1655484 0.1180264 0.2427796 0.2050135 0.1458794 0.06383561 0.08703256 0.02042262 0.006588947 0.03304997 0.1253993 0.215067 0.02286001 -9999 -9999 0.001329308 0.1158193 0.1399979 0.2304521 0.25062 0.151051 0.2087365 0.3057009 0.3147704 0.3953581 0.145133 0.2655799 0.3044999 0.1696192 0.2692507 0.218673 0.107083 0.2145275 0.1474174 0.07948949 0.1134562 0.1741003 0.2803828 0.2259414 0.1836023
-9999 -9999 -9999 -9999 -9999 -9999 -9999 -9999 -9999 -9999 -9999 -9999 0.1216455 0.3538887 0.375695 0.3930969 0.2316585 0.193912 0.2580312 0.1670362 0.2825356 0.2333916 0.1472111 0.1255444 0.07071456 0.1415317 0.2187151 0.1894971 0.01832526 0.1448319 0.1125952 0.02145808 -9999 -9999 0.04930172 0.05082277 -9999 -9999 -9999 -9999 0.0924399 0.1442158 0.07813186 0.2397621 0.1985871 0.1587166 0.1544046 0.1619016 0.2184563 0.02263206 0.2018784 0.1742615 0.1567835 0.2055693 0.2058827 0.1306871 0.1139912 0.07836873 0.08789349 0.06687581 0.1528934 0.5025254 0.2866435 0.0880347
-9999 -9999 -9999 -9999 -9999 -9999 -9999 -9999 -9999 -9999 -9999 -9999 0.07296107 0.2066503 0.08328018 0.2075063 0.2605036 0.1207964 0.1284109 0.1008903 0.06178959 0.2892008 0.05557147 0.106148 0.154484 0.1774322 0.00845629 0.2006685 0.06211813 1.23143e-008 -9999 -9999 -9999 -9999 -9999 -9999 -9999 -9999 -9999 -9999 0.01991454 0.1132019 0.1780404 0.1327764 0.04541634 0.2547079 0.1459704 0.1980471 0.1486384 0.1352554 0.165612 0.245033 0.05180173 0.1137213 0.1148972 0.1581256 0.08819025 0.1002569 0.2110019 0.1876122 0.1634317 0.3720827 0.1204464 0.05403204
-9999 -9999 -9999 -9999 -9999 -9999 -9999 -9999 -9999 -9999 -9999 -9999 -9999 0.004710606 0.2466935 0.071362 0.2133869 0.2608898 0.184317 0.0955232 0.09030091 0.06520655 0.1025788 0.2474873 0.1947496 0.07844705 0.04733547 0.02557062 -9999 -9999 -9999 -9999 -9999 -9999 -9999 -9999 -9999 -9999 -9999 -9999 -9999 0.01102625 0.0456743 0.06396271 0.001121898 0.008616006 0.09346115 0.1760527 0.1938359 0.09329193 0.3194341 0.2183964 0.0691117 0.132149 0.1069498 0.09389029 0.151874 0.1545484 0.05416651 0.12007 0.1098614 0.2597046 0.08404125 0.06905981
