EnvRasters/Baseline_High/grass.asc
ncols         270
nrows         223
xllcorner     24099.479091542
yllcorner     21023.840179216
cellsize      1003.8986847201
NODATA_value  -9999
[rows 140 to 167 of 223, columns 128 to 191 of 270]
0.419756 0.2026793 0.2285578 0.2736865 0.06033288 0.1727125 0.2277701 0.2272248 0.2384945 0.1575202 0.2976814 0.144415 0.4113944 0.2822952 0.2658531 0.2138439 0.1499387 0.1628453 0.3144017 0.2712234 0.2862906 0.1736349 0.2728328 0.412389 0.570478 0.5920137 0.155085 0.02183143 0.3978345 0.3522303 0.2799849 0.2695793 0.06866715 0.1437605 0.02165562 0.1199181 0.06680948 0.2614053 0.1225315 0.02085655 0.1900796 0.4494024 0.7563324 0.4717914 0.2657696 0.1976837 0.555396 0.1931853 0.4406124 0.4239224 0.3538586 0.2439344 0.03895368 0.2870843 0.6112539 0.231965 0.2538091 0.02450066 0.01245374 0.3858695 0.3039354 0.2373677 0.109743 0.1182651
0.4077037 0.1446023 0.1316479 0.194198 0.01229532 0.2144808 0.4676661 0.148789 0.1262066 0.04435765 0.4972831 0.2585359 0.05319544 0.0891002 0.1143224 0.03034651 0.04990567 0.07098877 0.5003697 0.4031917 0.4473003 0.102261 0.2697974 0.3770172 0.4481665 0.3362779 0.4833982 0.356296 0.3859419 0.1158532 0.3384925 0.09447449 0.05529056 0.001380027 0.03263946 0.1088028 0.1904414 0.1943561 0.1260095 0.2723155 0.2028269 0.2819238 0.3076304 0.1014661 0.2682031 0.3088197 0.02374041 0.2640731 0.1438161 0.4192051 0.3608665 0.03655909 0.003390392 0.1164613 0.3249256 0.07878061 0.1134162 0.1124052 0.5356026 0.4598574 0 0.01342497 0.1083861 0.1975323
0.1695057 0.03384548 0.451934 0.5388573 0.2159953 0.04605341 0.3187029 0.2430701 0.3334164 0.2965584 0.3720555 0.3010976 0.04284579 0.05196493 0.065185 0.005915121 0 0.08925458 0.2449854 0.4018235 0.07466919 0.01828902 0.1603563 0.1227608 8.907602e-005 0.03502726 0.1485934 0.09735518 0.3436347 0.06444409 0.2535253 0.02186838 0.04049203 0.0004887342 0.03243266 0.2236249 0.1739255 0.03150756 0.1422494 0.2556879 0.1716937 0.1526474 0.211802 0.09954661 0.2245955 0.07725138 0.188088 0 0.03494176 0.3867998 0.4738084 0.1826684 0.2404602 0.5265088 0.300586 0.1941353 0.4180867 0.5285331 0.3528635 0.009107714 0.09411014 0.5778241 0.4033892 0.3885171
0.3866335 0.5192893 0.2500825 0.2709813 0.3093949 0.03977535 0.2675986 0.1174036 0.5703121 0.4432311 0.2903037 0.2102885 0.07210004 0.03194044 0.001463995 0.08457546 0 0 0.312978 0.216659 0.09136256 0.05680582 4.942478e-005 0 0 0.02127804 0.1184618 0.2202069 0.3973281 0.04835967 0.1102884 0.03124581 0.03585496 0.2701158 0.1216011 0.1821769 0.2387024 0.1339751 0.1152671 0.05795318 0.2187653 0.4217824 0.0984102 0.361196 0.2854249 0.616739 0.3989694 0.003350784 0.01538578 0.187173 0.423864 0.3911658 0.3792412 0.1677919 0.277431 0.549556 0.4105133 0.6881977 0.6812591 0.01976019 0.3604398 0.3972193 0.4555862 0.4645113
0.0003989546 0.05139644 0.04423569 0.302679 0.3075601 0.204408 0.1522239 0.1174074 0.2948231 0.5593359 0.4157661 0.4809241 0.5839716 0.5149798 0.4404727 0.6103029 0.2498919 0.1600608 0.445552 0.4147717 0.1335842 0.09322108 0 0 0 0.05083464 0.001975212 0.194673 0.2059731 0.1156547 0.2662984 0.07917359 0.05510826 0.3947155 0.3670874 0.3836704 0.4023097 0.2217255 0.3405589 0.08262588 0.1390112 0.32315 0.00308721 0.03988038 0.1647954 0.2246617 0.210689 0.06719661 0.130735 0.2828761 0.4409648 0.2452665 0.2216027 0.02914484 0.3460168 0.4607254 0.004885721 0.2390823 0.5944113 0.7044145 0.2524719 0.1995296 0.05469338 0.08820285
0.1537717 0.2214544 0.1820831 0.2660769 0.5380766 0.5143716 0.5146631 0.2637198 0.3975339 0.1053239 0.3021181 0.4683565 0.6314791 0.757166 0.581154 0.3116828 0.658818 0.3126188 0.1770508 0.6481988 0.3572168 0.1771721 0.4811098 0.3439754 0.1816213 0.1074625 0.06110333 0.2152074 0.170516 0.05379871 0.5358279 0.2938946 0.05629627 0.1456137 0.3313736 0.2562389 0.1585056 0.1806741 0.278102 3.219456e-006 0.06877363 0.2360383 0.01643563 0.04202665 0.2848371 0.3217785 0.1675088 0.04161931 0.02253386 0.02598327 0.03068279 0 0 0.01670979 0.267271 0.1901613 0 0.05656038 0.7344606 0.2557323 0.3676382 0.03734773 0.1459538 0.2180343
0.3155589 0.4082452 0.2655713 0.4997586 0.7246708 0.4238465 0.4799617 0.463958 0.1445712 0.4502911 0.3586823 0.5560531 0.299625 0.4402717 0.2658277 0.4405421 0.3368467 0.2933477 0.4483874 0.2533117 0.4185024 0.09995223 0.3605364 0.6031064 0.5208405 0.2516434 0.006587933 0.0983492 0.1571533 0.02881141 0.2553966 0.5186343 0.221863 0.1924808 0.1876431 0.2787396 0.3514234 0.1088947 0.1023983 0.05473588 0.2712467 0.05137765 0.08340982 0.05538218 0.318144 0.2525512 0.2035036 0.08650641 0.1446675 0.0004653453 0.005478044 0.0442453 0.1273538 0.261106 0.05882792 0 0 0.193985 0.282357 0.2292276 0.03941318 0.07881224 0.1780103 0.3863207
0.3769133 0.2484856 0.5666449 0.6613533 0.471124 0.1942328 0.02464944 0.07336634 0.2141575 0.350361 0.3265233 0.4325035 0.2041347 0.2686958 0.2591061 0.2896553 0.09320486 0.2165745 0.2792446 0.4075902 0.4398904 0.509586 0.1871379 0.2033855 0.1670365 0.2032768 0.1611765 0.05882122 0.08120571 0.04645152 0.09383854 0.1750175 0.1268925 0.5155916 0.392985 0.1278458 0.09825353 0.1723053 0.0615752 0.2162639 0.1156859 0.02768081 0.1086862 0.3637761 0.5057434 0.5664147 0.3422026 0.2641646 0.06968087 0.01600617 0.07723742 0.2421635 0.5216072 0.3212101 0 0 0.004301541 0.1831293 0.1381738 0.1708522 0.03811448 0.1764488 0.3525643 0.4022899
0.1425167 0.2416006 0.3617322 0.554195 0.5002356 0.2332381 0.4078654 0.3926039 0.5644968 0.5903417 0.3766905 0.4207338 0.1785163 0.2986912 0.4435668 0.4186276 0.2210518 0.1076031 0.461757 0.3720993 0.3893075 0.5075164 0.3087974 0.3216391 0.147217 0.3470126 0.2104595 0.04579579 0.1310979 0.07506032 0.1039826 0.01342662 0.3174255 0.515752 0.3933703 0.2127578 0.2469228 0.3812131 0.2450527 0.406057 0.1820682 0 0.2197568 0.1196059 0.3365295 0.4490005 0.3797563 0.3943991 0.3989799 0.2455309 0.2112928 0.4017709 0.2027486 0.03557942 0 0.3843187 0.4686491 0.1367984 0.1127486 0.1702518 0.009347976 0.05345048 0.04099514 0.2472292
0.6265714 0.2191384 0.404828 0.1033398 0.09002386 0.03007955 0.2318228 0.3964251 0.3213411 0.8240315 0.3861013 0.3361265 0.3246117 0.3150705 0.4593698 0.1794339 0.4134474 0.26473 0.2026529 0.3813136 0.2597611 0.150729 0.01835139 0.01969932 0 0.02698638 0.006778385 0.2567687 0.3030466 0.02510533 0.3297479 0.1687048 0.04522206 0.2724621 0.3495937 0.1533363 0.03120613 0.5403885 0.3762108 0.1789556 0.1771829 0 0.01363184 0.3396065 0.4220155 0.4449076 0.4219507 0.4660978 0.160478 0.4313857 0.5982691 0.1958827 0.001851802 0.1383359 0.5171062 0.761045 0.7027783 0.2066657 0.2066837 0.1258937 0.1169731 0 0.03812675 0.0565855
0.005573471 0.04668057 0.01292636 0 0 0 0.4372496 0.3336777 0.06113051 0.6906601 0.04766314 0.09581777 0.3128813 0.6289273 0.4873034 0.1317068 0.0720906 0 0 0 0.003681743 0 0.004411337 0.04032973 0.2172607 0.09038053 0.1710403 0.571336 0.1133741 -9999 0.08855999 0.1095296 0.02535697 0.1681282 0.4842156 0.3468945 0.3559921 0.3428953 0.3064992 0.5231794 0.4809613 0.1903492 0 0.3186854 0.6715178 0.5614424 0.7716188 0.2732309 0.02831563 0.2309816 0.5012279 0.3016228 0.1999392 0.5246597 0.5464805 0.3746789 0.2612402 0.1558099 0.3676483 0.220755 0.5225633 0.2666462 0.3233507 0.294601
0 0.009242468 0.0214014 0 0 0 0.1327234 0.08729858 0.03119708 0.3304877 0.2902814 0.1637444 0.4253608 0.1984412 0 0 0 0.007389484 0.2595169 0.5615581 0.2407592 0.3889021 0.6872377 0.634972 0.5811483 0.2236599 0.0793742 0.05612659 -9999 -9999 -9999 -9999 -9999 0.09921382 0.5826563 0.3815314 0.3114457 0.4091596 0.2688442 0.6556201 0.2794516 0.0335098 0 0.61399 0.7867396 0.8570643 0.7290581 0.09516733 0.01358916 0.05073222 0.5868151 0.5020756 0.4999354 0.5944132 0.4110922 0.143451 0.1404013 0.3416257 0.3680951 0.5020236 0.5295988 0.181449 0.2701433 0.5793054
0 0 0 0 0 0 0.1845287 0.06620261 0.3348371 0.3001937 0.2509315 0.2320317 0.2254274 0.02006797 0 0 0.001110869 0.449382 0.4492788 0.33122 0.1994928 0.4890055 0.4293833 0.2658193 0.2764238 0.1200519 -9999 -9999 -9999 -9999 -9999 -9999 -9999 0.02473054 0.2636671 0.3359394 0.0322788 0.01053725 0.5101556 0.4906628 0.4071964 0.4190803 0.3693128 0.4798641 0.7452154 0.4281358 0.6660586 0.360859 0.1105015 0.2719012 0.3001622 0.3255342 0.2355118 0.4612758 0.6688977 0.1687123 0.4739604 0.09532692 0.1155388 0.100442 0.2009329 0.3646776 0.1623305 0.247183
0.01705415 0 0.02854081 0.0004346592 0.01817016 0 0.002408806 0.09763037 0.2776427 0.1839464 0.5007724 0.0211269 0.008288388 0.04146746 0.1389118 0.4821953 0.7065471 0.7005367 0.2845513 0.2179836 0.1871996 0.3287439 0.237594 0.05579488 0.0591584 -9999 -9999 -9999 -9999 -9999 -9999 -9999 0.0001354226 0.1786652 0.4507592 0.5242218 0.1852729 0.2616267 0.1602923 0.4420606 0.4060504 0.5597385 0.6437464 0.5685452 0.5391835 0.2821322 0.04824531 0.1897206 0.7044052 0.3270146 0.5616476 0.7129854 0.6860666 0.4174431 0.5511584 0.2187742 0.3502545 0.2490827 0.3339527 0.4767745 0.4006251 0.4199873 0.3421127 0.02381696
0.6511722 0.4695993 0.4514381 0.3323229 0.07424813 0.2540706 0.3241481 0.001034489 0.02136534 0.2135017 0.03881378 0.2313953 0.05268477 0.3320717 0.4871481 0.3706014 0.4948237 0.6057076 0.368208 0.09074346 0.02989398 0.1052936 0.01817089 0.1809021 0.09961212 -9999 -9999 -9999 -9999 -9999 -9999 -9999 0.02025609 0.6589324 0.5461221 0.4381776 0.2977065 0.441543 0.4425159 0.1549648 0.3443449 0.1816573 0.2478054 0.1051039 0.2824168 0.6550972 0.2526011 0.3882223 0.5555251 0.3516221 0.2130797 0.04757774 0.3643376 0.6285359 0.3346154 0.2551561 0.1797479 0.0412925 0.1492234 0.3887687 0.5561483 0.5576655 0.4177442 0.2294412
0.05531435 0.03393207 0.3733956 0.447694 0.4830751 0.6028135 0.4619544 0.1341665 0.3118424 0.5265849 0.531709 0.5185762 0.2833568 0.2235053 0.05054237 0.1199516 0.2100801 0.3474635 0.4347782 0.1190662 0.1311174 0.3214171 0.3902837 0.2532507 0 -9999 -9999 -9999 -9999 -9999 -9999 0 0 0.0628913 0.2497506 0.4004571 0.4392763 0.03761481 0.2030672 0.1271921 0.09742209 0.1730971 0.4774033 0.5710968 0.2766959 0.2010833 0.3332031 0.4681839 0.7307097 0.502211 0.4072252 0.3689503 0.2319353 0.3529987 0.1749016 0.222782 0.4882123 0.503749 0.1243359 0.2395743 0.2118372 0.5320911 0.3177454 0.1105075
0 0.12957 0.1326512 0.6082608 0.8173901 0.6509492 0.2104684 0.2315811 0.348361 0.6491077 0.04971698 0.2549668 0.2061701 0.2387547 0.261137 0.04575368 0.0617439 0.08553746 0.1409895 0.1923982 0.2533584 0.2548305 0.0125443 -9999 -9999 -9999 -9999 -9999 -9999 -9999 0 0 0 0.02068222 0.08978508 0.3550065 0.3999285 0.2563716 0.5372258 0.6319792 0.2527916 0.63831 0.3757425 0.5220574 0.5587248 0.3186646 0.6175884 0.461958 0.3332051 0.1343835 0.081198 0.2330224 0.04001076 0.1867975 0.2066606 0.2810079 0.1026436 0.06221529 0.2555731 0.3518822 0.5495564 0.2071603 0.2971914 0.06074857
0.0196528 0.1618466 0.3133118 0.6709201 0.6378878 0.6292891 0.4558878 0.566412 0.3150984 0.3070431 0.1543776 0.2533013 0.3322411 0.1244827 0.04702839 0.2018154 0.2660272 0.2006737 0.2575276 0.2053812 0.24853 -9999 -9999 -9999 -9999 -9999 -9999 -9999 -9999 -9999 0 0.02220317 0 0.3479544 0.335777 0.1130813 0.4400463 0.5047153 0.2721975 0.5876488 0.4287672 0.3086854 0.2820546 0.4686987 0.5682018 0.5723326 0.3971915 0.3949317 0.3411299 0.4501612 0.3461923 0.8186733 0.7127352 0.4824507 0.3372804 0.1726076 0.3228793 0.2515548 0.4801112 0.5177266 0.5165892 0.254414 0.3296451 0.07178112
0.5976539 0.6821877 0.6566342 0.829564 0.520381 0.2529082 0.1057069 0.2301006 0.6350448 0.3575763 0.2396558 0.1447677 0.1055153 0.2611285 0.1393192 0.4260253 0.2116631 0.1648811 0.01547145 0 0 -9999 -9999 -9999 -9999 -9999 -9999 -9999 -9999 -9999 0 0.1683019 0 0 0.02631373 0.02466243 0.1566883 0.09564034 0.2459383 0.4356171 0.6227108 0.2716269 0.4616193 0.424922 0.5427594 0.6790587 0.7861276 0.6652395 0.5051521 0.3990853 0.1584824 0.4845544 0.538175 0.3580073 0.1287304 0.3360519 0.2744562 0.2007115 0.2186261 0.3117504 0.4266024 0.1739361 0.2563595 0.1904894
0.645437 0.8643463 0.7228828 0.4725895 0.2337157 0.08353834 0.06960835 0.1188625 0.1256563 0.08187655 0.07473344 0.1205405 0.3503685 0.09628581 0.151236 0.2361681 0.1366955 0.01495271 0 0 -9999 -9999 -9999 -9999 -9999 -9999 -9999 -9999 -9999 0 0.04050092 0.2286792 0.20554 0.005795216 0 0 0 0 0 0.4299657 0.4252928 0.3056064 0.6792938 0.2064559 0.3407604 0.6705474 0.5648978 0.5462829 0.4860388 0.6512666 0.2080396 0.2780372 0.3003071 0.04458867 0.1004152 0.08767913 0.4055489 0.05341893 0.03621632 0.04724837 0 0.04995816 0.4577857 0.2355887
0.6017509 0.3430469 0.3308884 0.2986131 0.1646111 0.01565062 0.1134877 0.1220424 0.1210744 0.3261835 0.3173543 0.1868397 0 0.003204669 0.04874354 0 0 0 0 0 0 -9999 -9999 -9999 -9999 -9999 -9999 -9999 -9999 0 0.0497263 0.08766256 0.3096412 0.1074751 0.0003707882 0 0 4.288491e-005 0.4346931 0.5632846 0.3311 0.4694412 0.589767 0.3951193 0.003143917 0.1461469 0.41785 0.6218007 0.2409786 0.1610913 0.002286216 0.03049559 0.1929167 0.02876721 0 0 0.08978886 0.3567861 0.0001205502 0 0.1492488 0.2913173 0.1722544 0.02800534
0.2453053 0.461888 0.3699751 0.3325134 0.2534732 0.1668023 0.1739829 0.4804025 0.1756959 0.03649972 0 0 0 0 0 0 0 0 0 0 0 -9999 -9999 -9999 -9999 -9999 -9999 -9999 -9999 0 0 0 0.0002179716 0.003000608 0.001258624 0 0 0.1969783 0.3098811 0.159374 0.2254396 0.02312767 0.01645164 0.1249219 0 0 0.0007611969 0.1725565 0.1115235 0 0 0.0004386714 0.03432873 0.02711018 0 0 0.0009912595 0.02619423 0 0 0.0005140276 0 0 0.006666944
0.5636084 0.4455607 0.7025808 0.3514087 0.3929876 0.2764747 0.1899306 0.3253821 0.03857638 0 0 0 0 0 0 0 0 0 0.00645167 0 0.005123933 -9999 -9999 -9999 -9999 -9999 -9999 -9999 -9999 -9999 0 0 0 0 0 0 0.006454375 0.1704092 0.1396489 0.01945607 0.01022114 0 7.430185e-005 0.0004362153 0 0 0.1340201 0.3375838 0.08591504 0 0 0 0 0 0 0 0 0 0 0 0 0 0 0.01027477
0.5938413 0.6372805 0.6528075 0.4507811 0.5043803 0.03939016 0.06477246 0 0 0 0 0 0 0 0 0.02064452 0.05860746 0 0.2736824 0.4417729 0.007761732 -9999 -9999 -9999 -9999 -9999 -9999 -9999 -9999 0 0 0.1780909 0.05985193 0 0.009487698 0.004767265 0.05055708 0.3733957 0.0391048 0.1265914 0.02159463 0 0 0 0 0 0 0.07541319 0 0 0 0 0 0 0 0 0.03698188 0.03453446 0 0 0 0.001004351 0 0.262911
0.3194713 0.242045 0.09354128 0.09601944 0.1101902 0.04778437 0.04134208 0 0 0 0 0 0 0 0 0.07685015 0.1151754 0.07848913 0.1379693 0.09794696 -9999 -9999 -9999 -9999 -9999 -9999 -9999 -9999 -9999 0 0.0008261089 0.5461442 0.532181 0.3141077 0 0 0.009013572 0.03231069 0 0.2323975 0.1469265 0 0 0 0 0 0 0 0 0.004679726 0.1765637 0.1453384 0 0.001211091 0.04082664 0 0.002026242 0.001003627 0 0 0.1672492 0.218884 0.01031344 0.004617227
0.1562153 0.05055045 0.001238055 0 0 0 0 0 0 0 0 0 0 0.02720936 0 0.01188049 0.09872337 0 0 0 -9999 -9999 -9999 -9999 -9999 -9999 -9999 -9999 -9999 0 0.0002069631 0.3912091 0.4040885 0.3938054 0 0.007433031 0.00111155 0 0.2167936 0.3922966 0.4430346 0 2.655343e-006 0.06973075 0.2292075 0.001492589 0.007477097 0 1.374763e-005 0.1645297 0.1266835 0.01998208 0.07010471 0.3167079 0.1952036 0 0.001318364 0.003325804 0.003578892 0.004440947 0.02805519 0.2796445 0.01105477 0.06203632
0.171712 0 0 0.1192185 0.02718736 0 0 0 0 0 0 0 0 0 0 0 0 0 0 0 -9999 -9999 -9999 -9999 -9999 -9999 -9999 -9999 -9999 0 0.00620361 0.118961 0.1957068 0.00983814 0.05954232 0.1035297 0.3926314 0.1081543 0.2100751 0.367293 0.3040373 0 0.0535262 0.5929079 0.3953468 0.330633 0.4771185 0.0591325 0 0.07357935 0.04680786 0.008687697 0.2843058 0.3601367 0.2854438 0.01384932 0.3202912 0.2879817 0.02869638 0.2433236 0.0002199627 0 0.07061289 0.02991159
0 0 0.1369133 0.08322548 0.1551863 0 0 0 0.006657977 0.06843257 0 0 0 0 0 0 0 0 0 0 0 -9999 -9999 -9999 -9999 -9999 -9999 -9999 -9999 0 0.1419039 0.3139342 0.06047171 0.3806417 0.4956176 0.543806 0.4409404 0.373878 0.5131465 0.347164 0.3176674 0.0002549959 0.03284334 0.5255284 0.5622043 0.5024096 0.4997202 0.08531389 0.01925298 0.01673543 0 0 0.2177036 0.09467475 0 0.007378294 0.3417903 0.3451117 0.01460908 0.3245847 0.2485693 0.07640823 0.08515663 0
