EnvRasters/Baseline_High/grass.asc
ncols         270
nrows         223
xllcorner     24099.479091542
yllcorner     21023.840179216
cellsize      1003.8986847201
NODATA_value  -9999
[rows 112 to 139 of 223, columns 64 to 127 of 270]
0.05642154 0 -9999 -9999 -9999 0.04635136 0 0 0 0.03162217 0.2082095 0.2613944 0.1010531 0 0 0 0 0.01379578 0.1377089 0.1773577 0.1274075 0.03748261 0 0 0 0 0 0.005476866 0.0819851 0.08795777 0.000482958 0.1053414 0.03419534 0 0 0.01216675 0.1059611 0.02776755 0.2333053 0.3769847 0.08412524 0.08385165 0.3072748 0.05925065 0.05515404 0.02923983 0.1563333 0.1462756 0.03176063 0.02651187 0.1713327 0.1623719 0.09015407 0.1665581 0.1319499 0.1191237 0.1911721 0.1873161 0.1417043 0.1154867 0.07414993 0.09828098 0.1800754 0.1368369
-9999 -9999 -9999 -9999 -9999 -9999 -9999 -9999 0 0.0452817 0.1533011 0.265756 0.1090751 0.03952466 0.09010684 0.09950339 0.0385193 0.1871924 0.1641971 0.04290742 0.03196949 0.006449985 0.01607935 0 0.02766523 0.09874112 0.06087489 0.008889728 0.03910012 0.07787515 0.0008740261 0.1822893 0.164529 0.2041742 0.06200366 0.006817545 0.0733035 0.1943793 0.1573218 0.1776804 0.2508655 0.08996546 0.1257407 0.05766869 0.01772827 0.06722923 0.002267574 0.1589622 0 0.006370268 0.1962645 0.1462313 0.1258326 0.1832153 0.03133296 0.1000134 0.05265256 0.07333516 0.1796915 0.01032873 0.07835297 0.219201 0.05971974 0.2031948
-9999 -9999 -9999 -9999 -9999 -9999 -9999 -9999 -9999 0.1527999 0.1000927 0.1901834 0.2068083 0.2361136 0.2299122 0.2925334 0.267346 0.1530389 0.2130568 0.3553479 0.2809582 0.2338403 0.03661054 0.03276973 0.104266 0.0564323 0.1187424 0.07363763 0.06044801 6.946306e-005 0.02960769 0.09742881 0.04942415 0.02763163 0 0 0.0002492745 0.0002900761 0.08034024 0.05517969 0.1311443 0.1794813 0.08383703 0.001503189 0.05002438 0.07001829 0.1055624 0.001880344 0 0.01713154 0.08473046 0.04875689 0.04848948 0.01134844 0.08978302 0.12554 0.08797623 0.03986646 0.2456818 0.1100927 0.07065241 0.03474561 0.0453398 0.01772995
-9999 -9999 -9999 -9999 -9999 -9999 -9999 -9999 -9999 0.02894303 0.2512005 0.3877199 0.1185237 0.05680688 0.1535131 0.436438 0.199825 0.2800646 0.2585614 0.1236905 0.1408312 0.2157715 0.02415989 0.2980984 0.3204805 0.005810531 0.2161536 0.1935628 0.3317761 0.2927145 0.01999355 0.04320775 0.1132159 0.3357812 0.185754 0.0003317047 0.06509784 0.05527223 0.01510669 0.08953062 0.1274362 0.03211299 0.08565929 0.03790612 0.198432 0.05828516 0.05790839 0 0.04009785 0.05815748 0.05603297 0 0.02745751 0 0.01466332 0.1552793 0.09254177 0.05559153 0.2050855 0.08493502 0.02351764 0.136678 0.1684022 0.09905548
-9999 -9999 -9999 -9999 -9999 -9999 -9999 -9999 -9999 -9999 -9999 0.0229833 0.01083696 0.2415807 0.4367566 0.3920965 0.2909932 0.2245855 0.1270338 0.07613675 0.1847521 0.1134381 0.1081093 0.04979989 0.2177291 0.05027566 0.07052126 0.1805543 0.1551899 0.1376396 0.005389693 0 0.04139388 0.1111655 0.3003934 0.05759595 0.0007368989 0.2016115 0.2212402 0.01704021 0.1495138 0.08776945 0.1935895 0.08288019 0.03824965 0.1926135 0.07375146 0.07780013 0.04881195 0.1928617 0.1757756 0.1363633 0 0.01429402 0.101045 0.05048824 0.1101664 0.03205983 0.1107961 0.05557619 0.06716798 0.09347664 0.00890899 0.03483452
-9999 -9999 -9999 -9999 -9999 -9999 -9999 -9999 -9999 -9999 0 0.1952555 0.3577015 0.2870317 0.2284098 0.2513303 0.2488711 0.06808909 0.475127 0.614036 0.3358472 0.3489685 0 0.009474579 0.1021386 0 0.01907986 0.03255753 0.04237598 0.02202986 0.1880528 9.890457e-006 0.001865436 0.3391478 0.06702583 0.1466581 0.04484944 0.1277867 0.0495754 0.07800335 0.2612997 0.09911989 0.02627989 0.2924111 0.1510621 0.06291232 0.06525318 0.1037456 0.03582412 0.1586186 0.2288525 0.18545 0.1498481 0.1190762 0.218896 0.04773139 0.06763758 0.005891557 0.1086848 0.1366817 0.135297 0.1514961 0.07484442 0.02324879
-9999 -9999 -9999 -9999 -9999 -9999 -9999 -9999 -9999 -9999 -9999 0.0002857239 0.0764204 0.3032447 0.3202111 0.229303 0.555139 0.1729121 0.2146799 0.271076 0.0858971 0.0654161 0.02634855 0.06206715 0.01404853 0 0.07849638 0.01621944 0.003669417 0.05254968 0.2573679 0.0850996 0.05975768 0.1107653 0.2609771 0.1907025 0.09763289 0.2961749 0.3584414 0.0001428245 0.09170014 0.06705167 0.1882361 0.2185044 0.01292535 0.1389056 0.09434083 0.137021 0.06967881 0.1583897 0.222034 0.1728443 0.2225377 0.1433442 0.1048794 0.02786705 0.1080251 0.1357999 0.02485775 0.07853918 0.1139945 0.03030034 0.07851677 0.008849779
-9999 -9999 -9999 -9999 -9999 -9999 -9999 -9999 -9999 -9999 -9999 0.02667742 0.1063516 0.3362767 0.1956266 0.1017677 0.2334912 0.1792168 0.08530638 0.04966032 0.1191529 0.02740096 0.09963676 0.06915747 0.03245106 0 0.02546368 0.09894199 0.1176893 0.08619814 0.07763418 0.06512101 0.3492175 0.5719559 0.301093 0.09330088 0.04557945 0.1457467 0.1097256 0.063146 0.1328749 0.01042067 0.1860115 0.1337141 0.0170762 0.02503372 0.260803 0.09834599 0.01073323 0.00444038 0.07677421 0.3703285 0.3985544 0.1329584 0.05392409 0.1166837 0.1037348 0.0833012 0.1357129 0.1961785 0.09375253 0.08166492 0.00314207 0.05996247
-9999 -9999 -9999 -9999 -9999 -9999 -9999 -9999 -9999 -9999 -9999 0.0404584 0.3723448 0.007916867 0.1109791 0.2574996 0.2566899 0.13256 0.2140273 0.03630696 0.0864274 0.05944226 0.054997 0.02216686 0.03875296 0.01247821 0 0.1413382 0.06490762 0.01101274 0.1771491 0.0640795 0.1999867 0.1289187 0.2898801 0.0007627085 0 0.005324623 0 0 0.003100561 0.0006472685 0.1714146 0.1424044 0.04137103 0.01682281 0.125465 0.04087952 0.232834 0.1743735 0.2008919 0.176682 0.09657796 0.1217897 0.1036579 0.08046807 0.05287259 0.3136833 0.1720547 0.01872898 0.1152943 0.07262714 0.01231911 0
-9999 -9999 -9999 -9999 -9999 -9999 -9999 -9999 -9999 -9999 -9999 0.001110243 0.1831637 0.08290496 0.08641323 0.1223169 0.004473359 0.2773299 0.2967493 0.05851241 0.237114 0.1353373 0.3269459 0.04558884 0.0415261 0.02771236 0 0 0.116842 0.0488935 0.2652745 0.198232 0.1007034 0.2787011 0.1759586 0.3382452 0.04470722 0.0005670726 0.06512257 0.03009221 6.085322e-006 0.002008881 0.153571 0.05606367 0.04363379 0.1232666 0.1711536 0.05908744 0.1114511 0.05683574 0.1128594 0.1342115 0.2077872 0.1588789 0.1454625 0.1152257 0.05606873 0.04002362 0.05325153 0.131302 0.04933766 0.06940854 0.01156272 0.00102058
-9999 -9999 -9999 -9999 -9999 -9999 -9999 -9999 -9999 -9999 -9999 0.0008229172 0.2083132 0.09725748 0.09135593 0.05453281 0.006288535 0.2227087 0.2390671 0.001966884 0.154565 0.03774375 0.1314618 0.1060035 0.03368502 0.03277345 0.02051749 0.09417635 0.1068116 0.0373679 0.2818989 0.03446701 0.1386007 0.1712572 0.09311217 0.05025872 0.4802709 0.01921224 0.06127009 0.1741521 0.07213579 0.0590254 0.329762 0.05983119 0.0389481 0.2097796 0.3385786 0.1230914 0.2203515 0.1985064 0.2356485 0.1563533 0.1673429 0.1187743 0.0696871 0.02234297 0.1785023 0.09266632 0.1292214 0.01961457 0.1169671 0.09671792 0.006779825 0.00212908
-9999 -9999 -9999 -9999 -9999 -9999 -9999 -9999 -9999 -9999 -9999 0.004455151 0.1742213 0.2830822 0.1229907 0.06510107 0.06823142 0.1614805 0.1822615 0.03845553 0.1550796 0.1768175 0.05445687 0 0 0.0252819 0.2207436 0.2232969 0.07773925 0.1799617 0.09047675 0.0160039 0.02858553 0.0590738 0.1564388 0.07975095 0.1265471 0.0231463 0.01025345 0 0.06561962 0.2273679 0.180034 0.1717064 0.1076087 0.1592503 0.1793233 0.1153905 0.2284776 0.4699894 0.3347186 0.1894967 0.07738416 0.1743845 0.292754 0.1516581 0.09119432 0.1233948 0.04724059 0.0709319 0.02013637 0.118287 0.01383111 0.01683909
-9999 -9999 -9999 -9999 -9999 -9999 -9999 -9999 -9999 -9999 -9999 0.005157363 0.07251574 0.2938522 0.04779755 0.2076099 0.1037076 0.2420612 0.2110365 0.07232672 0.1755241 0.1991254 0.2469935 0.02075465 0 0.1144824 0.0565087 0.1938617 0.06469297 0.0005715915 0.2039712 0.01123903 0.07896941 0.02986197 0.0063846 0.08481663 0.5543322 0.2593212 0.1356387 0.2524019 0.2488882 0.1619803 0.3064762 0.2870886 0.06085297 0.2861466 0.02464821 0.03695167 0.1876015 0.1324849 0.2449158 0.17555 0.06022437 0.1127665 0.09106519 0.2501266 0.07004461 0.05033513 0.04828259 0.1232067 0.1547073 0.009721112 0.03272087 0.03203927
-9999 -9999 -9999 -9999 -9999 -9999 -9999 -9999 -9999 -9999 0 0.0003669039 0.05032229 0.2826503 0.1609888 0.3227636 0.2120144 0.1419658 0.09220695 0.09804029 0.2679228 0.3394928 0.1030565 0.04901002 0 0.1573646 0.08911713 0.04285996 0.001353417 0.07759775 0.1810464 0.05979692 0.07707146 0.001217913 0.0009616152 0.08512501 0.1726646 0.2881245 0.3160041 0.1426928 0.1212674 0.01919382 0.1902192 0.1541195 0 0.05208019 0.08260474 0.009237297 0.2035993 0.1826013 0.05576879 0.1606007 0.1917971 0.0001206618 0.09451652 0.02232486 0.004657756 0.1067644 0.1411425 0.1944538 0.2242137 0.0937444 0.1451292 0.2840893
-9999 -9999 -9999 -9999 -9999 -9999 -9999 -9999 -9999 -9999 6.324144e-005 0.001096019 0.08331104 0.2900496 0.2414021 0.1066726 0.1902723 0.1009727 0.199764 0.3486865 0.1702184 0.2309459 0.1771392 0.09520644 0.02249463 0.1671225 0.1668646 0.2195508 0.02307387 0.1269891 0.2812347 0.06426135 0.03018908 0.121256 0.1671851 0.06361046 0.1712332 0.179717 0.04905578 0.03674834 0.07416139 0.02131615 0.2718517 0.2908289 0.02814482 0.01677053 0.1083096 0.147021 0.009235698 0.1587269 0.04372619 0.1501813 0.1455485 0.2619456 0.1646685 0.004587138 0 0.06481404 0.2000031 0.01763471 0.0001199532 0.05974388 0.06244329 0.3855906
-9999 -9999 -9999 -9999 -9999 -9999 -9999 -9999 -9999 -9999 -9999 0.01195261 0.1365654 0.3582927 0.06352119 0.1357235 0.07429076 0.08666168 0.06326061 0.1120058 0.3454382 0.08039979 0.1526178 0.2034867 0.01496855 0.03189484 0.1986085 0.3213445 0.097044 0.03950975 0.09493374 0.05874692 0.04649021 0.08903302 0.05349454 0.0556078 0.02034812 0.2041611 0.1248097 0.3135281 0.1128209 0.06887876 0.1567298 0.3950098 0.09305072 0.09010878 0.2349212 0.3573388 0.05768924 0.2054455 0.3413359 0.07560845 0.127057 0.02305448 0.2141323 0.1227756 0.005877369 0.07486846 0.1894041 0.1466404 0.03971464 0.06772446 0.04069312 0.1500045
-9999 -9999 -9999 -9999 -9999 -9999 -9999 -9999 -9999 -9999 -9999 0.1107605 0.1357662 0.3506822 0.06656312 0.2110806 0.2380124 0.04200894 0.03253784 -9999 -9999 0.0005089801 0.07725875 -9999 0 0.0055523 0.113972 0.01353741 0.04764574 0.005988178 0.002629483 0.09057054 0.007524794 0.03359486 0.0003142764 0.05854595 -9999 0.03706961 0.1393172 0.04618722 0.02532546 0.1499608 0.1127293 0.2717952 0.1461236 0.03100717 0.270871 0.07274441 0.05069826 0.09409215 0.3866428 0.04378364 0.190994 0.1819859 0.20396 0.1755663 0.03762747 0.1215313 0.04825397 0.1915143 0.08770272 0.1364408 0 0.02803874
-9999 -9999 -9999 -9999 -9999 -9999 -9999 -9999 -9999 -9999 -9999 -9999 0.1186805 0.1659269 0.2393058 0.1055411 0.002127766 -9999 -9999 -9999 -9999 -9999 -9999 -9999 -9999 0.06799682 0.1308404 0.007654646 0.1639466 0.02492581 0.04610296 0 0 0 0 -9999 -9999 0 0.0001691554 0.009078357 0.1247599 0.1952719 0.01039074 0.1522074 0.07274548 0.01277116 0.2569145 0.3097964 0.0621855 0.1856697 0.3150246 0.3076839 0.1661232 0.1455174 0.07705985 0.04248685 0.1033646 0.09226803 0.06049231 0.1517484 0.2094765 0.1403327 0.03946418 0.1371332
-9999 -9999 -9999 -9999 -9999 -9999 -9999 -9999 -9999 -9999 -9999 -9999 0.09437253 0.1655858 0.1604491 0.1702225 0 -9999 -9999 -9999 -9999 -9999 -9999 -9999 -9999 -9999 -9999 0.04806037 0.06934916 0.0149857 -9999 -9999 -9999 -9999 -9999 -9999 -9999 -9999 0 0.2056225 0.1762246 0.1638491 0.03021469 0.003081746 0.0646418 0.1528136 0.4400079 0.2972319 0.1165198 0.2502879 0.2730037 0.4269686 0.1177872 0.1959941 0.2242677 0.07511128 0.1699376 0.09326594 0.2668584 0.2479902 0.2453223 0.442741 0.1655687 0.1139225
-9999 -9999 -9999 -9999 -9999 -9999 -9999 -9999 -9999 -9999 -9999 -9999 0 0.01373513 0.2295106 0.3736099 0 -9999 -9999 -9999 -9999 -9999 -9999 -9999 -9999 -9999 -9999 -9999 -9999 -9999 -9999 -9999 -9999 -9999 -9999 -9999 -9999 -9999 -9999 0 0.1644127 0.08399706 0.1669744 0.007280644 0.1814599 0.0844447 0.1302689 0.2009569 0.03746611 0.4029272 0.2786247 0.2516662 0.1138242 0.223945 0.4439174 0.1949281 0.3454506 0.2189587 0.03783486 0.01471554 0.2005523 0.2881348 0.1146037 0.2120224
-9999 -9999 -9999 -9999 -9999 -9999 -9999 -9999 -9999 -9999 -9999 -9999 -9999 0 0.2550347 0.05007915 -9999 -9999 -9999 -9999 -9999 -9999 -9999 -9999 -9999 -9999 -9999 -9999 -9999 -9999 -9999 -9999 -9999 -9999 -9999 -9999 -9999 -9999 -9999 -9999 0.08975054 0.03856659 0.06046673 0.09559686 0.1679167 0.3031875 0.07229935 0.1023736 0.1187426 0.1625972 0.1448469 0.002496204 0.001757496 0.01885352 0.1139269 0.1188205 0.231856 0.2872386 0.1911719 0.2246761 0.01743808 0.218727 0.08919503 0.1377129
-9999 -9999 -9999 -9999 -9999 -9999 -9999 -9999 -9999 -9999 -9999 -9999 -9999 -9999 0.04356947 0 -9999 -9999 -9999 -9999 -9999 -9999 -9999 -9999 -9999 -9999 -9999 -9999 -9999 -9999 -9999 -9999 -9999 -9999 -9999 -9999 -9999 -9999 -9999 -9999 -9999 -9999 0 0.03096715 0.09719798 0.1601776 0.04417631 0.2508867 0.1434186 0.03183127 0.08815569 0.001217352 0.1180883 0.0390309 0.07300749 0.02869354 0.0507554 0.07050279 0.2002299 0.01108225 0 0.01794881 0.2053118 0.09506892
-9999 -9999 -9999 -9999 -9999 -9999 -9999 -9999 -9999 -9999 -9999 -9999 -9999 -9999 -9999 -9999 -9999 -9999 -9999 -9999 -9999 -9999 -9999 -9999 -9999 -9999 -9999 -9999 -9999 -9999 -9999 -9999 -9999 -9999 -9999 -9999 -9999 -9999 -9999 -9999 -9999 -9999 -9999 0 0.02682867 0.1224727 0.1752852 0.2214955 0.1610283 0.002417385 0.01076244 0.02544398 0.02052894 0.005515131 0.09020049 0.1240915 0.02883929 0 0.1562368 0.04233892 0.001668182 0 0.1905805 0.1022019
-9999 -9999 -9999 -9999 -9999 -9999 -9999 -9999 -9999 -9999 -9999 -9999 -9999 -9999 -9999 -9999 -9999 -9999 -9999 -9999 -9999 -9999 -9999 -9999 -9999 -9999 -9999 -9999 -9999 -9999 -9999 -9999 -9999 -9999 -9999 -9999 -9999 -9999 -9999 -9999 -9999 -9999 -9999 0 0.01501441 0.2291106 0.05270132 0.02808037 0.3396285 0.172489 0.09319891 0.125852 0.1281281 0.07174338 0.05311979 0.1086793 0.1313428 0.07972781 0.03395322 0.02430896 0 0.09035889 0.1063277 0.1538565
-9999 -9999 -9999 -9999 -9999 -9999 -9999 -9999 -9999 -9999 -9999 -9999 -9999 -9999 -9999 -9999 -9999 -9999 -9999 -9999 -9999 -9999 -9999 -9999 -9999 -9999 -9999 -9999 -9999 -9999 -9999 -9999 -9999 -9999 -9999 -9999 -9999 -9999 -9999 -9999 -9999 -9999 -9999 0 0 0.002080157 0.008338844 0.02111107 0.1136925 0.2548972 0.360536 0.2585058 0.0959608 0.009998512 0.1300248 0.1903291 0.4182535 0.1902918 0.0006596376 0.06153975 0.0200209 0.0434598 0.01460987 0.1837602
-9999 -9999 -9999 -9999 -9999 -9999 -9999 -9999 -9999 -9999 -9999 -9999 -9999 -9999 -9999 -9999 -9999 -9999 -9999 -9999 -9999 -9999 -9999 -9999 -9999 -9999 -9999 -9999 -9999 -9999 -9999 -9999 -9999 -9999 -9999 -9999 -9999 -9999 -9999 -9999 -9999 -9999 -9999 -9999 0.07976404 0.2247069 0.2504421 -9999 -9999 0.008680704 0.1698362 0.3456918 0.4813883 0.1563475 0.383276 0.1951617 0.1532551 0.1751024 0 0.1058402 0.2136367 0.2744713 0.270888 0.3495944
-9999 -9999 -9999 -9999 -9999 -9999 -9999 -9999 -9999 -9999 -9999 -9999 -9999 -9999 -9999 -9999 -9999 -9999 -9999 -9999 -9999 -9999 -9999 -9999 -9999 -9999 -9999 -9999 -9999 -9999 -9999 -9999 -9999 -9999 -9999 -9999 -9999 -9999 -9999 -9999 -9999 -9999 -9999 -9999 0.06214366 0.2246113 0.205706 -9999 -9999 -9999 0.1833929 0.3460617 0.5287473 0.556618 0.219311 0.1297341 0.3132282 0.3539422 0.07851122 0.09015793 0.1588344 0.2142825 0.3078821 0.1766395
-9999 -9999 -9999 -9999 -9999 -9999 -9999 -9999 -9999 -9999 -9999 -9999 -9999 -9999 -9999 -9999 -9999 -9999 -9999 -9999 -9999 -9999 -9999 -9999 -9999 -9999 -9999 -9999 -9999 -9999 -9999 -9999 -9999 -9999 -9999 -9999 -9999 -9999 -9999 -9999 -9999 -9999 -9999 -9999 -9999 -9999 -9999 -9999 -9999 0 0.3493059 0.1496525 0.2784227 0.1726912 0.01300364 0.1986219 0.5525575 0.2270284 0.1927387 0.2853421 0.275637 0.3032228 0.469371 0.05519287
