EnvRasters/Baseline_High/maize.asc
ncols         270
nrows         223
xllcorner     24099.479091542
yllcorner     21023.840179216
cellsize      1003.8986847201
NODATA_value  -9999
[rows 62 to 92 of 223, columns 136 to 203 of 270]
0.1005199 0.1361532 0.2001978 0.230034 0.0288638 0.1350972 0.1997508 0.05561008 0.03111468 0.3563055 0.2183269 0.06640083 0.1956888 0.06581952 0.06111338 0.05622998 0.03073572 0.04439996 0.1535842 0.1126066 0.2043433 0.1554316 0.1249918 0.2203595 0.1887879 0.03571508 0.04804602 0.1110775 0.1246727 0.197339 0.2149367 0.1701461 0.1342908 0.06133187 0.05054463 0.1076007 0.1097946 0.112331 0.2273289 0.1220774 0.1653337 0.06650869 0.07248496 0.02662596 0.02845056 0.1679946 0.1077915 0.03294356 0.02952124 0.07048967 0.08939563 0.1568278 0.0002288357 0.3596364 0.2304627 0.004090119 0.08451913 0.007541564 0 0.01006829 0.003590799 0.0008694716 0 0.032835 0.01157069 0.004236708 0.004429705 0
0.1344541 0.1481155 0.1226697 0.09225041 0.1419519 0.1385755 0.1773615 0.1822673 0.09567284 0.03834327 0.1173387 0.1495647 0.08953764 0.05045248 0.1016981 0.05980088 0.01894254 0.09006029 0.07048351 0.1165493 0.1107689 0.09114603 0.2077904 0.2072336 0.09084561 0.05887688 0.04330173 0.005195576 0.1309315 0.08815078 0.03207094 0.02675802 0.1793894 0.1814686 0.08190148 0.1060337 0.1278037 0.2251726 0.2807157 0.3408279 0.2149054 0.04844671 0.154852 0.1399731 0.198928 0.01657205 0.1488053 0.1920039 0.2341946 0.2174006 0.2420495 0.07407 0.06153211 0.031518 0.03371909 0.01198806 0 0 0 0 0.0390937 0.02475102 0.006119984 0.00975802 0 0.007438724 0 0
0.0992607 0.06086533 0.02320078 0.1242006 0.03015878 0.1289313 0.1584888 0.07476848 0.283183 0.1319733 0.1002026 0.1015903 0.1200822 0.1409217 0.1352286 0.2017414 0.07653687 0.026376 0.1092133 0.07102104 0.05698455 0.07149927 0.1115566 0.1340459 0.02149174 0 0.04588153 0.03302605 0.08446407 0.1489393 0.09028377 0.03397931 0.2269903 0.1462292 0.1586432 0.04377943 0.1199097 0.04545087 0.1140379 0.2870947 0.1103425 0.1097412 0.0923873 0.1603873 0.2160054 0.07543498 0.1381264 0.1789843 0.07755138 0.1837472 0.07223408 0.2005209 0.3176912 0.1476014 0.1882449 0.01531724 0 0 0 0.002493832 0.0009707398 0.07098029 0.1460444 0 0 0.02739762 0 0.0007349888
0.03145059 0.05145618 0.07700004 0.04421965 0.05237072 0.04218164 0.08205132 0.1689285 0.1935834 0.2923582 0.1342207 0.1099958 0.02399505 0.1074371 0.1341456 0.04430471 0.05004875 0.1566489 0.1538717 0.1843016 0.1375407 0.1660147 0.140832 0.05886552 0.007371945 0.02800465 0.08253698 0.1501125 0.178067 0.1399454 0.1104883 0.03971943 0.09654623 0.1644195 0.1011725 0.1415328 0.3217391 0.1161411 0.1571945 0.1862859 0.1875357 0.1416117 0.0899302 0.2794392 0.2211157 0.106135 0.09787461 0.1843961 0.02171897 0.1555823 0.04349722 0.01483692 0.1404755 0.3058205 0.1028371 0.2082945 0 0 0.03794698 0.0864806 0.1655746 0.1705471 0.1336818 0.007385342 0.03541254 0.02380125 4.426618e-006 0.05754548
0.1007665 0.16234 0.1603948 0.07628546 0.01834075 0.03070815 0.09767774 0.0829028 0.05299573 0.1205323 0.1393131 0.1017323 0.09211423 0.05562403 0.08235663 0.05308718 0.05662406 0.06512713 0.1615286 0.2511643 0.1559602 0.1410249 0.1195996 0.06514243 0.1029103 0.1212277 0.1348558 0.1628743 0.1479891 0.1936402 0.1079953 0.2086666 0.1028268 0.03401434 0.06563082 0.1714532 0.1726347 0.1948381 0.2440003 0.2977714 0.2013442 0.1699343 0.06959434 0.06618245 0.2409979 0.1028528 0.09788461 0.1141246 0.1413891 0.06902324 0.1319653 0.03291827 0.158319 0.1967949 0.1724215 0.2244816 0.007283153 0.009294258 0.06689814 0.08913515 0.2048071 0.1278235 0.03288764 0.02491256 0.04144461 0.2878579 0.03999485 0.1145131
0.1015255 0.1971021 0.1131057 0.01998765 0.06443235 0.08621632 0.03765531 0.03153317 0.2966376 0.2421171 0.01260802 0.09749979 0.1010431 0.03298292 0.005964961 0.04099058 0.1376914 0.03722855 0.1093787 0.2272068 0.2209156 0.1695441 0.2087954 0.1059468 0.02951571 0.0243269 0.1973309 0.1852663 0.1422417 0.1156239 0.1164601 0.1113769 0.1007276 0.09839708 0.07359187 0.1609204 0.1247967 0.07769396 0.06389605 0.0932545 0.2694402 0.1829191 0.09334864 0.1562624 0.1118806 0.07060432 0.04337895 0.05369122 0.1660823 0.05859828 0.05265053 0.2135193 0.1688353 0.1272024 0.1297173 0.02854975 0.06473955 0.07970255 0.0076025 0.2738546 0.2939815 0.2005153 0.08671968 0.05172146 0.05734558 0.06032827 0.02826121 0.02121062
0.08105519 0.05738258 0.007996268 0.1294736 0.1113299 0.05256156 0.04703894 0.04198873 0.07652386 0.100298 0.1047595 0.09223408 0.04860972 0 0.01274077 0.06172001 0.0660156 0.09554758 0.1507234 0.1906711 0.1173642 0.06165934 0.118454 0.1464245 0.1356651 0.05609984 0.07205474 0.1410748 0.09577101 0.2235728 0.1589095 0.08023596 0.1397721 0.1579686 0.1088787 0.09134248 0.1057341 0.1242349 0.1585327 0.2867039 0.2157609 0.1810539 0.06196763 0.08388867 0.09461742 0.3044939 0.1504669 0.1982497 0.1042212 0.3085012 0.1067217 0.1496357 0.05905582 0.1122373 0.1551564 0.0113459 0.09375175 0.1719332 0.1173437 0.1551204 0.1786364 0.2356717 0.2483914 0.2119303 0.1511073 0.3526435 0.1316975 0.0124406
0.08830134 0.000732386 0.03629926 0.06803269 0.05504117 0.04454632 0.1049592 0.1099196 0.08656416 0.1083623 0.1025549 0.1621283 0.0004111716 0 0.001605789 0.05730457 0.1310932 0.06114284 0.1959904 0.1835771 0.2143861 0.2050287 0.07495128 0.1396631 0.1210319 0.1647305 0.1976602 0.1938491 0.09609361 0.17063 0.04415505 0.1622763 0.2087748 0.1205242 0.1239913 0.08949518 0.1071903 0.1659248 0.1699597 0.1860337 0.2799301 0.2345403 0.09726702 0.2727542 0.2190063 0.1138436 0.1657011 0.1761104 0.09462688 0.1652494 0.1009355 0.06132397 0.08319938 0.2117459 0.08649385 0.05666952 0.1337616 0.1018064 0.08932879 0.131327 0.1667649 0.05402579 0.2536864 0.2810699 0.2646479 0.3331183 0.1077295 0.08279011
0.04052392 0.006791602 9.662528e-005 0.02822024 0.01575256 0.07412114 0.05903538 0.0543237 0.04167956 0.1849737 0.03969944 0 0 0 0.002027225 0.02445207 0.03623438 0.09767825 0.2164722 0.1932123 0.1515731 0.2151626 0.09110071 0.09620306 0.01883635 0.09404346 0.04461666 0.08232482 0.05360597 0.1937506 0.1057886 0.1701589 0.2036488 0.06173464 0.1654073 0.1869189 0.09658819 0.1139336 0.1728934 0.2090032 0.1877191 0.159636 0.1232922 0.2541912 0.1660594 0.2364782 0.04459495 0.1545957 0.08486902 0.01676858 0.003625125 0.1319102 0.06352673 0.02087963 0.07153689 0.0007978819 0.06081614 0.1549803 0.1949418 0.09267578 0.1525018 0.03497113 0.1332323 0.1891926 0.08519952 0.2335664 0.1700844 0.1928086
0.03792263 0.003802669 0.05319176 0.05837452 0.1126146 0.09573566 0.09585751 0.07183324 0.02751474 0.1139066 0.0310333 0.01435686 0 1.439825e-007 0.005381674 0.004158417 0.04330604 0.03952021 0.09846728 0.1073249 0.1115432 0.2573428 0.1239959 0.1847112 0.145775 0.09566608 0.1309126 0.1999976 0.1399253 0.2928066 0.08147109 0.1018485 0.051668 0.1603855 0.232922 0.2348917 0.1813198 0.1701181 0.0959407 0.1661419 0.1179718 0.1702579 0.1380852 0.1149329 0.25526 0.1867843 0.185351 0.07738359 0.07809214 0.02084769 0.05439785 0.03727891 0.0997548 0.07739737 0.1307918 0.1020376 0.1469957 0.2275343 0.2878031 0.2845562 0.02891799 0.1310707 0.05055924 0.09108914 0.2984764 0.210098 0.158352 0.04613297
0.0675244 0.02804807 0.04490652 0.1407684 0.1590849 0.09063972 0.09929432 0.02834348 0.04243192 0.02974878 0.08174837 0.02780567 0 0.01328818 0.06487223 0.1398683 0.01551447 0.04677533 0.1213811 0.12505 0.2599002 0.1761947 0.1103975 0.1445241 0.1175139 0.150837 0.1377486 0.2107139 0.06568678 0.1096748 0.1151526 0.197437 0.1518836 0.1200612 0.09271522 0.156424 0.1731428 0.1756522 0.1559775 0.1133262 0.1668508 0.02992528 0.1409288 0.04062527 0.1250937 0.04492848 0.08275204 0.047084 0.1082981 0.05253745 0.1261702 0.1118246 0.08386268 0.1083016 0.1738044 0.2090648 0.129476 0.0796343 0.1165505 0.1248015 0.07222353 0.008321471 0.007901056 0.1192268 0.2468246 0.1353729 0.1648637 0.07528096
0.07400133 0.005071655 0.144192 0.1844498 0.1282435 0.0169022 0.04692295 0.1692781 0.191791 0.03741126 0 0 0.04325173 0.06850739 0.03593659 0.06488965 0.08585934 0.08974322 0.05778042 0.06296138 0.329672 0.2506449 0.1894061 0.145404 0.04257174 0.09606395 0.1776621 0.1595284 0.1195386 0.01861746 0.09039995 0.1830504 0.1787641 0.09392069 0.1643006 0.1807416 0.1693216 0.1438099 0.2079337 0.185186 0.1742611 0.04295248 0.2318002 0.3646193 0.06871147 0.0317103 0.08769041 0.3050681 0.1342282 0.02456684 0.06303092 0.1105164 0.07434604 0.2875908 0.1542677 0.1402273 0.07937866 0.0268705 0.1327342 0.1000566 0.1166877 0.1026447 0.1634027 0.07380752 0.1596046 0.1467785 0.1136587 0.01224116
0.03173294 0.05466487 0.1097224 0.1989265 0.08762445 0.08054291 0.1364949 0.2158747 0.09800753 0.001273219 0.01817831 0 0.0006708853 0.1365736 0.04767115 0.1369127 0.07924536 0.2300225 0.2399897 0.0727529 0.1680535 0.1689832 0.1208028 0.07601494 0.07567918 0.09216581 0.07993549 0.08154727 0.0487444 0.05786594 0.1185714 0.1349395 0.2028752 0.1822501 0.2303157 0.1351191 0.1079728 0.08012302 0.04775776 0.1893288 0.1215669 0.1047477 0.1113374 0.03985548 0.01773741 0.0216338 0.08841229 0.02638616 0.07818349 0.06083107 0.06321325 0.04905163 0.05755195 0.06624416 0.1114476 0.04469532 0.07182384 0.0002037235 0.05368127 0.2885255 0.1828797 0.1313869 0.1177506 0.08061552 0.1614557 0.07894228 0.08947661 0.1227798
0.02735505 0.01893573 0.03055492 0.0344042 0.1852107 0.09644628 0.2104351 0.1602207 0.01088995 0.0003353619 0.01161628 0 0.036844 0.07707103 0.1188441 0.1720295 0.08250229 0.09296242 0.157427 0.1206602 0.1768816 0.1302789 0.05840718 0.129184 0.1170009 0.0988228 0.13855 0.03511528 0.07489843 0.1668171 0.1137581 0.1831422 0.1470759 0.07577309 0.07665793 0.1035967 0.07069954 0.03814818 0.1377596 0.1155852 0.08178616 0.08198897 0.05880668 0.05678727 0.01599586 0.04185027 0.005047736 0.01348045 0.05927649 0.08789929 0.0549497 0.06312576 0.01933417 0.05342801 0.01616788 0.06502114 0.08089011 0.06342392 0.1561187 0.2182239 0.154197 0.1492967 0.1420536 0.1106373 0.11808 0.05707027 0.03572573 0.08103725
0 0.04290282 0.1893652 0.1734064 0.1759782 0.09277565 0.2219757 0.1521463 0.0106893 0 0.01500684 0.01829006 0.02936242 0.04043798 0.04079973 0.1280519 0.1266615 0.1643271 0.1655008 0.08737299 0.164726 0.09905986 0.1657473 0.2341027 0.2774107 0.1115952 0.1830646 0.1681644 0.06525334 0.1188352 0.1269472 0.1852467 0.08999842 0.07049169 0.04984566 0.1629542 0.1512233 0.1802691 0.09869748 0.1203477 0.2195364 0.2449755 0.09884338 0.02671264 0.02702826 0.03160186 0 0.02167767 0.01539618 0.1214165 0.04207953 0.06683069 0.1209869 0.1015797 0.108553 0.08662464 0.06126148 0.04988771 0.1345706 0.08914647 0.05654555 0.1049052 0.110766 0.06510539 0.1374172 0.1056711 0.1317636 0.07893172
0 0.07471737 0.05266702 0.1588957 0.1741964 0.1620086 0.06316984 0.03553442 0 0 0.04222083 0.01850515 0.01568809 0.04685261 0.01357087 0.02588967 0.1431185 0.1919411 0.1662134 0.1197795 0.06293768 0.1196668 0.07454558 0.1658227 0.208453 0.1256239 0.1733771 0.1573868 0.09721716 0.04314388 0.0462512 0.2108336 0.08735338 0.1745993 0.1430715 0.08169823 0.1250359 0.09449609 0.09091376 0.1217263 0.1825788 0.1117796 0.1826227 0.06114608 0.08452071 0.06664365 0.0008547761 0.002235553 0.001710314 0.07652359 0.02228081 0.1109493 0.1063652 0.02362346 0.06018785 0.05301817 0.07471702 0.04926468 0.08354969 0.02072594 0.1821845 0.1801666 0.03946855 0.08155689 0.1115197 0.2043757 0.05858877 0.07465906
0.000206951 0.06350733 0.1014822 0.07059921 0.1219341 0.05033696 0.05010241 0.0253702 0 0.008723947 0 0 0 0 0.001709143 0.01430178 0.06516981 0.1581896 0.09073957 0.09484961 0.136512 0.07778275 0.04368887 0.2320869 0.1760502 0.2618672 0.3005666 0.1764235 0 0 0 0.03652974 0.1419129 0.1319497 0.02811247 0.1193192 0.1998397 0.06203578 0.03575698 0.1360496 0.08974423 0.02066957 0.04717173 0.07765408 0.1050748 0.09362626 0.01131432 0.04526496 0.03296731 0.02031018 0.07358608 0.1007018 0.05303698 0.04036022 0.02508257 0.0833073 0.04785116 0.005501292 0.02220669 0.1531656 0.2414162 0.1289696 0.05044194 0.07708719 0.1191074 0.1255291 0.03505927 0.07277844
0.004719466 0.03151445 0.03786799 0.09177093 0.107471 0.03462353 0.06301348 0.09716028 0.04280305 0 0 0 0 0 0.02891851 0.04991689 0.1159456 0.2037019 0.2007037 0.1702586 0.1029859 0.07277276 0.05221912 0.07822351 0.1769032 0.1028627 0.09976144 0.08743565 0.05982327 0.043845 0.03261252 0.08564404 0.09881812 0.051041 0.08184175 0.0915191 0.05531405 0.06411651 0.0418718 0.06655766 0.09802874 0.1188388 0.1036165 0.1538605 0.07910696 0.1535068 0.04918754 0.1778979 0.1343196 0.0239208 0.04486775 0.06273384 0.1055768 0.06332625 0.10445 0.06928987 0.09491695 0.1212574 0.04089668 0.07201069 0.1684848 0.1262773 0.09006774 0.1097784 0.06539587 0.1025983 0.07758503 0.1224573
0.01162476 0.09612082 0.04726591 0.0335706 0.004410794 0.03362606 0.1557193 0.05895047 0.03236051 0.01597633 0.00397103 0.03922255 0.0130834 0.0001398786 0.03852325 0.06398006 0.06449769 0.06956919 0.0641506 0.09579008 0.0684125 0.1131086 0.05047477 0.1216132 0.1475163 0.1684958 0.062085 0.0918367 0.175728 0.04652679 0.1146948 0.07121782 0.1571902 0.0711633 0.07644368 0.1316354 0.04838723 0.06232556 0.1217551 0.1053212 0.1453874 0.1099953 0.07619888 0.0565598 0.04682051 0.07377343 0.03653339 0.05454749 0.09200455 0.08762633 0.08600802 0.2245297 0.133197 0.1002764 0.1428364 0.06346755 0.093852 0.09682781 0.1120294 0.1364003 0.06472435 0.07781394 0.07719392 0.05548954 0.1083341 0.04702703 0.03077232 0.01508793
0.03682765 0.03739983 0.02283129 0.05209363 0.03287299 0.1286661 0.03662796 0.04542707 0.057665 0.06716039 0.02412737 0.03649146 0.03066977 0.01997909 0.09950278 0.03051071 0.04381237 0.007942349 0.01677789 0.02976056 0.1118368 0.0903125 0.08527244 0.103287 0.07478406 0.113642 0.03827893 0.1183059 0.1044033 0.09510487 0.04246176 0.1214547 0.09014944 0.1048637 0.07532354 0.05355716 0.05534147 0.04052182 0.1138722 0.1052234 0.179435 0.1279464 0.06262388 0.09381554 0.1101439 0.07330103 0.03243174 0.1238338 0.08587506 0.1269139 0.05977071 0.08375267 0.1441385 0.1131442 0.06613345 0.1006007 0.1076662 0.06079601 0.112565 0.1299137 0.04999631 0.07977341 0.06914338 0.1117586 0.06703825 0.002957029 0 0.00210779
0.004329596 0.009716904 0.1404078 0.1197127 0.1609635 0.05755804 0.01488352 0.09877844 0.08502523 0.003203066 0.08033656 0.04886789 0.02281271 0.03149157 0.03219907 0.03669983 0.05168897 0.04823796 0.03169629 0.06485992 0.06174553 0.07298296 0.09002507 0.1046466 0.07781306 0.03254718 0.0362219 0.1050964 0.125866 0.07598547 0.08812618 0.08033781 0.04469707 0.0990482 0.1600568 0.09574473 0.04253381 0.03287955 0.08251631 0.08910097 0.03720548 0.06041829 0.1192966 0.09851076 0.09464221 0.1170847 0.07900682 0.0883143 0.1505532 0.1473061 0.1229899 0.04177101 0.01360051 0.02515568 0.1323674 0.117015 0.07051985 0.2360976 0.04912594 0.04709565 0.09591697 0.1198164 0.0792964 0.1601585 0.05187655 0.05622921 0.0228654 0.02172656
0.0169183 0.1089515 0.07383655 0.05699776 0.04530808 0.07159331 0.02719996 0.08237355 0.06558301 0.02541799 0.06379797 0.03373391 0.02977581 0.05807955 0.03826557 0.04518882 0.03503428 0.006115898 0.01227079 0.05550727 0.02120697 0.05943467 0.1305176 0.1774369 0.1328186 0.04750781 0.03397722 0.04864736 0.1115711 0.1215762 0.0858213 0.08074481 0.0397693 0.09299216 0.1267391 0.06390169 0.06721751 0.04364489 0.02324261 0.03492085 0.04021503 0.09270074 0.09123004 0.03799883 0.08278126 0.0776602 0.08448461 0.07909491 0.05385147 0.07710806 0.1149022 0.05174694 0.01584637 0.123034 0.03837455 0.08444069 0.06826305 0.1288268 0.1757189 0.04669198 0.04801908 0.1154687 0.1708095 0.06850874 0.07171915 0.1729916 0.1702432 0.02608085
0.05304981 0.12046 0.1196728 0.003891146 0 0.02174628 0.03562715 0.1059707 0.079616 0.07564337 0.04284873 0.009159843 0.05214856 0.004512304 0.03872807 0.01874486 0.04731656 0 0.04252942 0.04575803 0.07114178 0.04436203 0.06413439 0.09574329 0.07547896 0.04237931 0.01918446 0.03375982 0.07645933 0.1328356 0.08020797 0.05336268 0.1147655 0.1639836 0.07585494 0.06103588 0.02039472 0.008452165 0.002437833 0.0007391697 0.06816881 0.05433161 0.02859431 0.04835268 0.05233637 0.0976551 0.08742421 0.1445401 0.09696194 0.06786112 0.09066666 0.1427081 0.06840786 0.166167 0.1060688 0.09716112 0.2299849 0.1677753 0.2220681 0.1323682 0.0889769 0.1658198 0.1154664 0.1188286 0.1175204 0.03820513 0.08796675 0.1117037
0.02807463 0.08601411 0.04649865 0.02618436 0.003105365 0.02149271 0.04899367 0.1639249 0.04098937 0.01395778 0.0516005 0.0374059 0.01919983 0.05620468 0.04318869 0.01563336 0.0176616 0.0007330592 0.0218167 0.0681068 0.0274525 0.05930674 0.05629499 0.06481244 0.06828259 0.03734316 0.03879475 0.1367121 0.1331536 0.09632948 0.08052447 0.05057643 0.06079008 0.1653152 0.08489626 0.01529088 0.007952167 0.03175896 0.04167429 0.03731608 0.0416107 0.02825349 0.09916353 0.05773133 0.0518299 0.1044872 0.05003157 0.08063291 0.08665591 0.07426185 0.05506626 0.09161562 0.0712812 0.1575565 0.1498184 0.07372721 0.2160718 0.2187591 0.1524106 0.0254404 0.0687197 0.09943808 0.1073965 0.08589542 0.1026291 0.144685 0.1034415 0.09870262
0.02495973 0.07805525 0.0186121 0.02166272 0.03038161 0.02330019 0.02120204 0.02715868 0.05896919 0.01569898 0.03107898 0.01672325 0.02847521 0.01023985 0.008697993 0.04929808 0.01727156 0.02492175 0.04710199 0.04073177 0.06676531 0.07481666 0.09485471 0.09551682 0.1835505 0.07035457 0.06378015 0.1370202 0.1012471 0.07543081 0.1193855 0.07293195 0.06483882 0.0444914 0.03195473 0.04257727 0.012183 0.02542547 0.02168047 0.03736828 0.03223309 0.01889858 0.07470793 0.05708034 0.09844535 0.2009231 0.05668908 0.09276301 0.04180268 0.08095884 0.03994742 0.02495958 0.1177481 0.08891236 0.1249685 0.06230034 0.2097795 0.1379105 0.06783547 0.03358655 0.009388681 0.06859169 0.1397315 0.05969018 0.1050604 0.1558413 0.0957846 0.0890798
0.0003680982 0 0.01037904 0.008758678 0.08411338 0.04167194 0.006558647 0.1547798 0.003346032 0.00721824 0.01799216 0 0.00149745 0.05907547 0.03065064 0.02766777 0.01968353 0.03001962 0.05804204 0.05155072 0.1454547 0.04931778 0.1020554 0.07751124 0.01197927 0.04206884 0.08710496 0.1047379 0.02956573 0.04541455 0.06574851 0.0200461 0.008990854 0.0287502 0.01264465 0.009029255 0.002807355 0.04535306 0.0215134 0.03331484 0.04333148 0.05130042 0.05395244 0.03596018 0.05762498 0.1050191 0.1417061 0.1232655 0.05492986 0.06694262 0.0501309 0.006470806 0.04402329 0.08186757 0.06272778 0.1453566 0.1679864 0.1155459 0.04167598 0.01029844 0.009164645 0.02229508 0.05927003 0.04106727 0.06680821 0.07307729 0.01243254 0.0723668
0 0.00792761 0 0.006120257 0.04130312 0.01051045 0.008186144 0 0.02775248 0.06356132 0.006192988 0.007409448 0.003275482 0.01430369 0.05034327 0.04237946 0.02716191 0.07197556 0.06372463 0.08715558 0.1379871 0.02086405 0.07832777 0.09629678 0.02179211 0.02261554 0.04487532 0.05596007 0.06015514 0.1207917 0.09179126 0.02653543 0.002132335 0.03634786 0.05733569 0.07922153 0.01491794 0.007557113 0.01595423 0.07135723 0.07498357 0.05681401 0.0316654 0.02520204 0.05088828 0.04547738 0.04356099 0.05913495 0.04737746 0.03226811 0.02111032 0.0561383 0.01173585 0.01627306 0.02829983 0.06572252 0.04681278 0.06043492 0.05328659 0.03961644 0.0149202 0.008306011 0.06031661 0.01606086 0.03233616 0.03632842 0.02505235 0.09144051
0 0 0.01816343 0.0264666 0.03305381 0.02031455 0.001195326 0.002051571 0.03362903 0.0393929 0.05941756 0.04929109 0.04939414 0.02916267 0.07539468 0.04171026 0.0390789 0.03647507 0.06865397 0.06063882 0.02961004 0.03123959 0.07791302 0.05079938 0.08262996 0.01160389 0.03450587 0.004679821 0.0389505 0.05579912 0.05009108 0.0295584 0.007208005 0.02290686 0.05475732 0.01832195 0.01149277 0.02570537 0.03276721 0.03866508 0.08629465 0.06098106 0.06845561 0.04783339 0.01653798 0.0110311 0.03197273 0.0317283 0.06453701 0.04710663 0.00334268 0.03292345 0.01120161 0.01909463 0.06115663 0.07864945 0.06689595 0.06726615 0.0988275 0 0.02230215 0.02118758 0.01200168 0.006924013 0.03842462 0.02008541 0.046932 0.0120593
0.01809257 0.005266779 0.01540202 0.0005326513 0.0001912353 0.005807224 0.009806345 0.07057819 0.04660786 0.04155281 0.03465464 0.08541174 0.005291134 0.0213248 0.1021669 0.0228871 0.05083898 0.06776837 0.09296949 0.08672255 0.02077448 0.05125868 0.1180809 0.1316735 0.03921786 0.0139164 0.05060271 0.0246163 0.02857945 0.02600674 0.01339256 0.03929336 0.01939815 0.01402014 0.02153649 0.00339442 0.01474078 0.009873419 0.02485356 0.01661319 0.00690755 0.03764991 0.03011408 0.09672064 0.04473571 0.02197398 0.07493617 0.04002829 0.0351093 0.01100793 0.0005590312 0.004578741 0.01756581 0.04727654 0.07613119 0.05910048 0.05153472 0.0195616 0.02393061 0.03476119 0.06140463 0.05768862 0.000612916 0.008266948 0.02782578 0.1139587 0.07274573 0.05772618
0.1211536 0.03230472 0.001044645 0.00678458 0 0.02697207 0.01507778 0.008987647 0.01171842 0.06447326 0.06121309 0.09152555 0 0.03061525 0.03560381 0.03878326 0.05264535 0.08808544 0.08212636 0.07540463 0.02417253 0.08624246 0.07857757 0.04078149 0.03103258 0.0211826 0.01037785 0.04834606 0.06884377 0.08674172 0.1081787 0.01710342 0.02287692 0.01489335 0.02073354 0.01704228 0.06596076 0.02376445 0.01072959 0.0248715 0 0.02425394 0.02489613 0.06046818 0.09183167 0.05976565 0.0307255 0.0953681 0.007800008 0.07366769 0.002752092 0 0.02194508 0.09603351 0.06680901 0.04527269 0.03158207 0.02096438 0.07479387 0.06262267 0.01906543 0.02965862 0.02745701 0.003345142 0.04680452 0.04638201 0.02204697 0.04237923
0.07521844 0.02471185 0.008901077 0.01392328 0 0 0.002263077 0.005151501 0.07908567 0.0233999 0.1238997 0.0698424 0.007433526 0.009491577 0.01233351 0.09676451 0.03751036 0.02312823 0.1543554 0.01922729 0.0360343 0.04020452 0.01235477 0.01991426 0.05645144 0.05789769 0.0207839 0.02613345 0.1246532 0.0804457 0.01925702 0.01315658 0.01561646 0.03342971 0.05771132 0.01660125 0.0494632 0.03949014 0.01102084 0.001289734 0.0722684 0.0002942788 0.02675008 0.04399848 0.06061464 0.007619684 0.007484422 0.1324141 0.0801606 0.06850643 0.04957129 0.02474875 0.04354152 0.02446371 0.008791857 0.08719601 0.02072788 0.02358775 0.02463404 0.06170113 0.03272899 0.04334486 0.1020914 0.0847846 0.005634406 0 0.02172382 0.04094445
