EnvRasters/Baseline_High/maize.asc
ncols         270
nrows         223
xllcorner     24099.479091542
yllcorner     21023.840179216
cellsize      1003.8986847201
NODATA_value  -9999
[rows 62 to 92 of 223, columns 0 to 67 of 270]
-9999 -9999 0.0556527 0.1578169 0.1404364 0.161335 0.1247933 0.3212459 0.3516199 0.1540026 0.1838582 0.1640173 0.2680289 0.3138821 0.3510848 0.1516966 0.2651538 0.1961331 0.3261402 0.1920915 0.1915818 0.2496045 0.2263893 0.2616169 0.3108995 0.3287264 0.2081158 0.1665641 0.2202869 0.2855527 0.214933 0.1195799 0.2465938 0.1546302 0.1205057 0.2504823 0.07756715 0.001955604 0 0 0.01201709 0.06018908 0.06074081 0.1749015 0.199488 0.127029 0.1022245 0.1569552 0.06700169 0.02864254 0.06641894 0.1719605 0.2173964 0.1644991 0.2350271 0.2304174 0.1730609 0.09873978 0.1397173 0.1704189 0.174941 0.2123906 0.2091686 0.1524941 0.2322667 0.3488453 0.3356754 0.2476944
-9999 0.03342075 0.159295 0.1014211 0.2017879 0.232005 0.1927644 0.3176581 0.2353818 0.1259032 0.188542 0.2210282 0.3460509 0.3272583 0.3299078 0.3617474 0.2466228 0.2534842 0.3886935 0.2380184 0.2074158 0.2909245 0.3415245 0.233991 0.3176949 0.3103565 0.3022667 0.2132346 0.3665984 0.209907 0.03899824 0.1051994 0.3226258 0.1617814 0.172738 0.329133 0.1460028 0 0 0.004273274 0.004802113 0.04905104 0.09763681 0.0686405 0.1689153 0.2351985 0.1293585 0.1139595 0.1488571 0.1650082 0.1381872 0.1401667 0.1331946 0.2424639 0.1361873 0.2427625 0.09607181 0.1246187 0.1789552 0.1725158 0.1842408 0.1412475 0.09440155 0.2589131 0.3115785 0.2875893 0.2506952 0.1781133
0.02156262 0.1318614 0.1424648 0.1404196 0.307718 0.2493262 0.2756485 0.2481277 0.2889823 0.2751704 0.2097906 0.2269822 0.2761125 0.3047226 0.3254443 0.2679637 0.2846256 0.2275543 0.2107977 0.279105 0.212164 0.2717137 0.2486239 0.2395036 0.3549957 0.3417236 0.2219505 0.180014 0.3165987 0.2597326 0.2156864 0.197844 0.2489929 0.3471815 0.1900514 0.2210939 0.2635377 0.05509098 0.08471263 0.03518827 0.07284558 0.04866547 0.02058672 0.004769428 0 0.06992585 0.1080959 0.06583788 0.2030361 0.1296573 0.1077281 0.2058721 0.1757416 0.1698501 0.1860791 0.220778 0.2162734 0.02467261 0.1101071 0.1935024 0.1680483 0.04400813 0.04939315 0.2204293 0.451407 0.3243014 0.2052602 0.2084096
-9999 0.009930461 0.2109005 0.2994766 0.293071 0.2724487 0.2578201 0.1669345 0.2340918 0.3564503 0.1895433 0.1507999 0.2345394 0.1555055 0.2134665 0.1640905 0.2729269 0.1414098 0.2694082 0.2355953 0.3288004 0.2114746 0.3562463 0.09019408 0.1639328 0.2648733 0.2925976 0.2347818 0.2979355 0.4471286 0.1785544 0.2642806 0.2417935 0.2362844 0.2021445 0.2469188 0.2321549 0.1498469 0.1321148 0.1606383 0.144928 0.1859797 0.1669987 0.02990803 0 0.006789359 0.04009637 0.002021865 0.08739892 0.0595812 0.06518661 0.1874185 0.05526106 0.06307492 0.1975176 0.1465216 0.2302116 0.1828988 0.1823922 0.1239114 0.03992707 0.04913999 0.1721639 0.2233269 0.2021443 0.2722498 0.1697203 0.3245349
-9999 0.02226261 0.2132369 0.2141499 0.350731 0.3591129 0.2330261 0.2811234 0.2435198 0.2305373 0.2240093 0.3263378 0.3074624 0.3173504 0.1759519 0.2465837 0.2402979 0.3231346 0.2752263 0.2814718 0.2127698 0.2627404 0.3272099 0.3015422 0.1515735 0.256403 0.3310206 0.2432054 0.3073137 0.2574007 0.2360385 0.2111461 0.1731202 0.1435804 0.2230761 0.242976 0.3282244 0.237178 0.1492638 0.2699849 0.2915472 0.3502589 0.1418532 0.0105587 0.02075235 0.1723308 0.2286695 0.1001724 0.1481439 0.131638 0.0776639 0.1496565 0.03346546 0.1353998 0.1433067 0.0469919 0.09383091 0.02932024 0.05784425 0.09561244 0.1365989 0.1010588 0.1877242 0.2122281 0.2269838 0.3335564 0.2035952 0.2265898
-9999 0.02438404 0.1871826 0.213274 0.1971912 0.1609221 0.2407366 0.2454171 0.1618688 0.1868701 0.2079999 0.2290804 0.1888597 0.2632612 0.2399341 0.2814511 0.2248269 0.2600693 0.255095 0.08821385 0.1175861 0.1476983 0.272142 0.2656456 0.2209823 0.2301054 0.2598124 0.2295828 0.2768579 0.2631073 0.0969196 0.1227643 0.2812787 0.1292681 0.1613864 0.2949326 0.2748904 0.1790384 0.2463991 0.2273345 0.2231714 0.1407602 0.2263584 0.1165607 0.2315035 0.2394165 0.2507024 0.2322642 0.2861684 0.1949772 0.1672361 0.2825682 0.08893735 0.06898195 0.07816344 0.04079377 0.1017098 0.05312673 0.02550643 0.1092165 0.09678213 0.2747489 0.07277195 0.209382 0.2811501 0.306242 0.09829722 0.3116153
-9999 0.01282412 0.2144974 0.2464405 0.3236539 0.2147737 0.3200981 0.2245865 0.09223005 0.256661 0.2134241 0.1123318 0.2490353 0.2465625 0.3303491 0.1678117 0.02426725 0.2320419 0.1382769 0.1541613 0.1039441 0.2057797 0.2737458 0.1688277 0.2301881 0.2968988 0.3039516 0.177545 0.3069629 0.1727666 0.1953712 0.2397453 0.2085831 0.04758282 0.1227028 0.1956264 0.2827999 0.2006035 0.2375857 0.3065495 0.2005696 0.1675824 0.1794558 0.290024 0.2686976 0.2738702 0.03739937 0.2538899 0.2183714 0.1738607 0.1551518 0.1830392 0.1021859 0.05394698 0.07045484 0.07583576 0.08630253 0.1177696 0.002146629 0.003152012 0.03442986 0.08623677 0.1909924 0.2316257 0.1202026 0.1111585 0.2790537 0.1723371
-9999 0.01735409 0.2170477 0.309738 0.2721991 0.2911982 0.175088 0.1692031 0.2020129 0.1647528 0.2338983 0.1530695 0.237937 0.1826388 0.2375849 0.1280706 0.203866 0.2794025 0.2412496 0.2456274 0.06904442 0.1169677 0.1981161 0.1830975 0.2719263 0.2400446 0.1831068 0.2471504 0.111009 0.1543201 0.3728248 0.2881649 0.3101759 0.2400717 0.2919526 0.2648367 0.2186432 0.2043969 0.2078203 0.2120063 0.1662212 0.2346115 0.2588331 0.1624045 0.2794764 0.1548044 0.07725888 0.2308356 0.2434903 0.1195328 0.1126847 0.1196034 0.1025718 0.06040434 0.01618631 0.08239102 0.2016071 0.1828995 0.04071924 0.00259484 0 0.04040134 0.06358103 0.1052915 0.06955988 0.0938597 0.2004931 0.08486305
-9999 0.003459586 0.1315137 0.1890719 0.2355234 0.148237 0.1652559 0.2366659 0.1987632 0.1441417 0.1362558 0.1238745 0.1991899 0.2550114 0.1337587 0.2103557 0.239546 0.27661 0.1797917 0.1767322 0.1194972 0.003934754 0.1123637 0.2956911 0.1182155 0.1647504 0.2025855 0.213579 0.07924213 0.1706303 0.2681707 0.3612795 0.2575019 0.2731779 0.2858007 0.2442978 0.2704653 0.2111555 0.2004236 0.2016525 0.1131195 0.1130669 0.1772155 0.3002574 0.2269883 0.2474006 0.1218132 0.2114548 0.1506984 0.1588905 0.1531209 0.04884091 0.03465018 0.09444816 0.2021238 0.1375344 0.1611347 0.1947714 0.08182047 0.1531849 0.016701 0.01381169 0.09890864 0.1583641 0.1286654 0.1786763 0.1610925 0.1048968
-9999 0.06267645 0.09618175 0.1623873 0.23468 0.2774072 0.2844019 0.2492016 0.2344116 0.05882563 0.0006009577 0.07670514 0.2084508 0.202755 0.1665078 0.2071656 0.1490457 0.1441376 0.2935969 0.2048154 0.08899236 0 0.1149123 0.1615151 0.09968884 0.2606291 0.2227787 0.2075513 0.2259595 0.1217017 0.1728562 0.2598435 0.2410953 0.3768805 0.2651185 0.1856072 0.2920489 0.1094346 0.1827586 0.2790554 0.1595786 0.1177877 0.1315747 0.2377137 0.1130949 0.226362 0.3753814 0.1530756 0.05411092 0.1281536 0.02190506 0.007054132 0.1363153 0.07454658 0.1697181 0.1204858 0.1306147 0.0595595 0.1254669 0.09399321 0.02123116 0.0152965 0.08845624 0.2493823 0.2478327 0.1049004 0.1802675 0.1512789
-9999 0.02580406 0.06824739 0.1093043 0.1668153 0.2839598 0.1615276 0.2083642 0.1668878 0.05045903 0.01622877 0.07914773 0.1706924 0.1655151 0.1195825 0.2157739 0.1837909 0.09540914 0.1608735 0.06856614 0.0009203181 0 0.01519418 0.1084029 0.3100704 0.196714 0.2889602 0.1258116 0.0681612 0.2148091 0.2315748 0.1914409 0.3510354 0.3334381 0.2532179 0.1908518 0.07409465 0.1531064 0.1254769 0.2310154 0.1707643 0.1715585 0.1236835 0.2243963 0.3321463 0.1213713 0.06290213 0.02046446 0 0.006819287 0.03001786 0.007126403 0.03604338 0.1531242 0.01056954 0.09243362 0.07594738 0.1464943 0.137401 0.2451263 0.2328002 0.1767477 0.1069993 0.2633401 0.2198056 0.1955776 0.1585752 0.2096934
-9999 -9999 0.05358771 0.06574989 0.1486514 0.189802 0.1689161 0.2404924 0.1169084 0.1664059 0.254672 0.1736653 0.227183 0.1767346 0.1851086 0.1712741 0.2222418 0.2322769 0.2964768 0.1995254 0.06592489 0.01572888 0.07412878 0.1912689 0.3322496 0.1610491 0.1365552 0.1682312 0.1928991 0.1540822 0.2001422 0.3199978 0.2464867 0.2597231 0.2162495 0.2564223 0.1419567 0.2325423 0.2368447 0.19815 0.1402659 0.08430874 0.03962982 0.049139 0.0570979 0.02654471 0.2026934 0.01768728 0.008228551 0.01606655 0 0.007208602 0.08216811 0.08845678 0.01698666 0.07513491 0.1458918 0.1879668 0.1001233 0.2384401 0.1007174 0.172713 0.1173943 0.1713866 0.1705002 0.2504712 0.1485867 0.2008428
-9999 -9999 0 0.1525623 0.2389895 0.2147596 0.1734231 0.1013255 0.1016751 0.1173264 0.2029067 0.2303146 0.1817763 0.1433462 0.1527078 0.2329289 0.3091205 0.2109028 0.2796278 0.2110618 0.1402074 0.1213902 0.2569996 0.1811417 0.1658733 0.1426084 0.1849213 0.1774428 0.1064753 0.09046422 0.1805494 0.275729 0.3856021 0.2595354 0.3126361 0.3337694 0.2152238 0.1495311 0.1931013 0.240823 0.07361112 0.13112 0.0605225 0.03093592 0.03565807 0.02258721 0.06080976 0.03290771 0 0.01239756 0.01723017 0.004767636 0.05731473 0.1698803 0.2545433 0.1717281 0.09059267 0.0249659 0.06393217 0.1486126 0.1121614 0.2424398 0.08985328 0.1009879 0.1465835 0.1792396 0.1762924 0.1779922
-9999 -9999 -9999 0.0713657 0.2039677 0.1752728 0.08380523 0.1685645 0.162253 0.1596487 0.2438323 0.2363606 0.1353172 0.1770342 0.1626634 0.1174573 0.2023948 0.1512989 0.1556008 0.309064 0.224682 0.2796979 0.2419966 0.1266011 0.108307 0.157368 0.1104823 0.2657315 0.2376777 0.2690429 0.2416648 0.3550414 0.1619585 0.2859289 0.1401851 0.1980629 0.3038859 0.2104701 0.2218294 0.2291415 0.2211623 0.1285818 0.08137554 0.1915782 0.1600392 0.01146076 0.001577776 0 0 0 0.009682372 0.01471565 0.05944819 0.2130571 0.2661429 0.180341 0.1949108 0.1810329 0.1853773 0.144671 0.2102785 0.1690422 0.1775241 0.1429186 0.1480967 0.1662754 0.1444358 0.1304384
-9999 -9999 -9999 0.008434219 0.008045487 0.004475827 0.005380679 0.02625591 0.03052006 0.1286424 0.2455449 0.1534266 0.09342173 0.1467017 0.2812117 0.1731853 0.252411 0.1890658 0.1737611 0.2096696 0.1474225 0.2105891 0.1717662 0.008393914 0.06426952 0.220971 0.2366565 0.2455191 0.294005 0.2502876 0.2645169 0.2956826 0.2804371 0.1830108 0.08537398 0.08221519 0.2140283 0.07837363 0.1797718 0.2860622 0.1994107 0.008249317 0.1003257 0.06641843 0.09092664 0.13158 0.1165392 4.585801e-006 7.757655e-005 0.01087467 0.01628454 0.1477566 0.02118747 0 0.2160524 0.07219614 0.1610464 0.2595664 0.2416227 0.1107993 0.1407208 0.1068418 0.1797474 0.2200398 0.1410766 0.1453702 0.08536082 0.0898369
-9999 -9999 -9999 -9999 -9999 -9999 -9999 -9999 -9999 0.03607983 0.2535172 0.1461915 0.2514406 0.1842762 0.2079607 0.243501 0.2008921 0.2593178 0.1930403 0.2535329 0.1783356 0.2593474 0.3443168 0.1488211 0.3213559 0.3334723 0.1944265 0.231242 0.2082415 0.2385683 0.2956599 0.2359134 0.218525 0.1775841 0.0973243 0.1465423 0.1543288 0.00375631 0.09481287 0.1609566 0.1513128 0.00699084 0.004265253 0.05817232 0.05223536 0.007855391 0.00716585 0.002915572 0.007073508 0.0310777 0.05412675 0.08281255 0.009847255 0.0201882 0.1088692 0.2567985 0.1103752 0.0763382 0.167178 0.128909 0.2156499 0.07668213 0.07174181 0.1808945 0.08303703 0.1436091 0.07003839 0.134249
-9999 -9999 -9999 -9999 -9999 -9999 -9999 -9999 -9999 0.01419309 0.1417098 0.09542931 0.1886315 0.1695931 0.1641553 0.1801257 0.2450004 0.2569585 0.1474006 0.2742285 0.2185915 0.2539324 0.2387092 0.3040384 0.3617695 0.3806954 0.2289111 0.3681123 0.1840371 0.1371753 0.3031567 0.2643488 0.2453044 0.2375703 0.1857844 0.1438368 0.0007244944 0 0.03794587 0.1014448 0.1343987 0.08557077 0.008593623 0.1356542 0.1664724 0.03287854 0.04245662 0.07191266 0.03292599 0.03612312 0.153256 0.156048 0.07472877 0.1291269 0.1025699 0.1979524 0.1102942 0.1419364 0.1512817 0.1023931 0.1081516 0.1392888 0.1399792 0.09393676 0.1609084 0.1826775 0.1133805 0.1164222
-9999 -9999 -9999 -9999 -9999 -9999 -9999 -9999 -9999 -9999 0.09651748 0.09526349 0.04885382 0.123092 0.1603569 0.1837474 0.09049104 0.1165408 0.2436453 0.2125259 0.1804804 0.1432218 0.2093346 0.2271373 0.2703999 0.2585724 0.102369 0.2155872 0.2432937 0.1395625 0.2230537 0.1533971 0.143631 0.1108764 0.2155717 0.08976624 0.0007488888 0 0.007788149 0.05426144 0.1189189 0.1266112 0.01427916 0.04415313 0.185459 0.07929916 0.07486962 0.1663366 0.191589 0.1327974 0.1871956 0.161032 0.1946339 0.153443 0.2245596 0.1897245 0.1466024 0.1756802 0.1570461 0.2162812 0.280194 0.21219 0.1665028 0.0406649 0.02161002 0.04579793 0.1362695 0.1163748
-9999 -9999 -9999 -9999 -9999 -9999 -9999 -9999 -9999 -9999 0 0.01520351 0.112102 0.1432468 0.15561 0.1145902 0.06374208 0.1555181 0.2042013 0.1709414 0.2309455 0.2591465 0.2709749 0.2491318 0.1771463 0.162257 0.2505035 0.2359246 0.1798137 0.06059839 0.07567088 0.006090166 0 0.03492725 0.1821561 0.1122748 0.04092641 -9999 -9999 0.02145539 0.1167276 0.1422662 0.1074745 0.1234263 0.0983857 0.09803251 0.1304433 0.2143571 0.1080963 0.08242153 0.1043961 0.1346594 0.1326861 0.1142255 0.1387103 0.1182819 0.1249325 0.1197013 0.1666257 0.1872894 0.1099444 0.1339713 0.1455125 0.03193326 0.1145774 0.09760948 0.2426492 0.2010377
-9999 -9999 -9999 -9999 -9999 -9999 -9999 -9999 -9999 -9999 -9999 -9999 0.08812222 0.08033818 0.08636223 0.1969785 0.2091839 0.1641743 0.207631 0.1737266 0.1639685 0.2217189 0.1671935 0.2433103 0.1410958 0.143113 0.2115997 0.2123209 0.1772929 0 6.336174e-005 0.0161148 -9999 -9999 0 0 -9999 -9999 -9999 -9999 0.08320347 0.1089766 0.08913627 0.1078676 0.2078127 0.0793737 0.1750687 0.1547085 0.1096304 0.05650717 0.1418376 0.3109459 0.09766256 0.1577804 0.2230955 0.2048811 0.1087956 0.114894 0.09995282 0.113149 0.003672661 0.09365797 0.1032522 0.05886128 0.2098864 0.1428697 0.1929338 0.1762716
-9999 -9999 -9999 -9999 -9999 -9999 -9999 -9999 -9999 -9999 -9999 -9999 0.1031219 0.1790282 0.2264768 0.2238063 0.2363476 0.2058232 0.2094163 0.184709 0.1973435 0.191816 0.09869946 0.1645525 0.1723058 0.1483841 0.2027582 0.2902648 0.1058175 0 -9999 -9999 -9999 -9999 -9999 -9999 -9999 -9999 -9999 -9999 0.0002663562 0.1153374 0.179012 0.1733957 0.05685368 0.08912553 0.3051648 0.05425906 0.2076377 0.09695923 0.09243453 0.2680942 0.08134276 0.09910582 0.1443211 0.1362207 0.09236734 0.09883276 0.170703 0.2411288 0.07911563 0.07916413 0.1348912 0.05159424 0.067772 0.03567936 0.1770683 0.1610731
-9999 -9999 -9999 -9999 -9999 -9999 -9999 -9999 -9999 -9999 -9999 -9999 -9999 0.06632369 0.16181 0.2058372 0.2041017 0.1559729 0.2159753 0.1460372 0.1725701 0.1555384 0.1972018 0.2813387 0.1986877 0.0202452 0.05358837 0.0350417 -9999 -9999 -9999 -9999 -9999 -9999 -9999 -9999 -9999 -9999 -9999 -9999 -9999 0.08776049 0.0251292 0.04345372 0.03162526 0.02285124 0.06964439 0.1913273 0.1965948 0.3035124 0.2447446 0.116704 0.1060044 0.09166345 0.1663131 0.1261601 0.1748298 0.1298127 0.2098447 0.1712747 0.07962852 0.0784336 0.1305747 0.0104909 0.01727891 0.03414129 0.1023754 0.06629405
-9999 -9999 -9999 -9999 -9999 -9999 -9999 -9999 -9999 -9999 -9999 -9999 -9999 0.02205138 0.1329606 0.2085581 0.1775497 0.1879587 0.2639517 0.1790036 0.108483 0.1014416 0.1156818 0.2227905 0.0946647 0.0009553789 -9999 -9999 -9999 -9999 -9999 -9999 -9999 -9999 -9999 -9999 -9999 -9999 -9999 -9999 -9999 0 0 0 0 0.01163715 0.008568518 0.0616206 0.2729876 0.2518093 0.1744585 0.1089956 0.1145795 0.1459719 0.07417233 0.1180654 0.07111222 0.02177791 0.1130052 0.1254271 0.1493332 0.1209415 0.1364095 0.1555644 0.0612977 0.09715347 0.1268579 0.1569777
-9999 -9999 -9999 -9999 -9999 -9999 -9999 -9999 -9999 -9999 -9999 -9999 -9999 0 0.1003731 0.1807555 0.3271556 0.2168335 0.2767931 0.2564782 0.2084323 0.1214841 0.08168279 0.1645644 0.1883939 0.00466113 -9999 -9999 -9999 -9999 -9999 -9999 -9999 -9999 -9999 -9999 -9999 -9999 -9999 -9999 -9999 -9999 0 0.001576508 0.0133622 0.004706599 0.05045937 0.09621483 0.1749896 0.2177652 0.3045823 0.2488084 0.2013345 0.05133388 0.06354024 0.1118494 0.1292633 0.2005165 0.1450766 0.1218938 0.1050948 0.07116707 0.1314349 0.1482924 0.1065201 0.05251833 0.1250742 0.1624524
-9999 -9999 -9999 -9999 -9999 -9999 -9999 -9999 -9999 -9999 -9999 -9999 -9999 -9999 0.04918446 0.1595346 0.207987 0.2034293 0.1614116 0.1210581 0.1437318 0.2002896 0.2279356 0.1337117 0.0001734014 -9999 -9999 -9999 -9999 -9999 -9999 -9999 -9999 -9999 -9999 -9999 -9999 -9999 -9999 -9999 -9999 -9999 0 0.03528 0.03003659 0.07682958 0.1023817 0.1405403 0.1904038 0.1869271 0.03229095 0.05385736 0.08633322 0.0600489 0.09106107 0.0606781 0.1511619 0.05987136 0.09317198 0.1004751 0.09245319 0.1168242 0.139723 0.117194 0.1480527 0.08193161 0.09011737 0.1148826
-9999 -9999 -9999 -9999 -9999 -9999 -9999 -9999 -9999 -9999 -9999 -9999 -9999 -9999 -9999 0.0003240535 0.01146696 -9999 0.05131048 0.2421494 0.1553448 0.1331089 0.01042266 0.1103086 0.003457392 -9999 -9999 -9999 -9999 -9999 -9999 -9999 -9999 -9999 -9999 -9999 -9999 -9999 -9999 -9999 -9999 -9999 0.01156251 0.04015166 0.09782916 0.01075883 0.08211153 0.06813227 0.1181782 0.09852532 0.06130978 0.1149985 0.08797628 0.07344068 0.1058882 0.1567776 0.1531756 0.1330896 0.08247713 0.1559794 0.106009 0.1450431 0.1700652 0.1996412 0.1389595 0.04340347 0.1403654 0.1746337
-9999 -9999 -9999 -9999 -9999 -9999 -9999 -9999 -9999 -9999 -9999 -9999 -9999 -9999 -9999 -9999 -9999 -9999 -9999 0.04654662 0.06320275 0.111945 0.1208827 0.1604349 -9999 -9999 -9999 -9999 -9999 -9999 -9999 -9999 -9999 -9999 -9999 -9999 -9999 -9999 -9999 -9999 -9999 -9999 -9999 0 0.02007846 0.008774803 0.0257287 0.1022911 0.2093227 0.1778142 0.1366884 0.1080821 0.1204823 0.06210368 0.09742835 0.1054951 0.1317179 0.1719135 0.1273771 0.1029088 0.05285034 0.06509669 0.142873 0.05596278 0.0885009 0.1460196 0.09737112 0.156244
-9999 -9999 -9999 -9999 -9999 -9999 -9999 -9999 -9999 -9999 -9999 -9999 -9999 -9999 -9999 -9999 -9999 -9999 -9999 -9999 -9999 0.07005458 0.04613423 -9999 -9999 -9999 -9999 -9999 -9999 -9999 -9999 -9999 -9999 -9999 -9999 -9999 -9999 -9999 -9999 -9999 -9999 -9999 -9999 -9999 -9999 -9999 0.02011707 0.1055952 0.07838625 0.2047927 0.1191093 0.1138006 0.07587603 0.04513391 0.0640626 0.124027 0.1119199 0.07467287 0.08773589 0.05025906 0.09047729 0.09539713 0.2127519 0.05928858 0.09233999 0.1603738 0.1141821 0.1481836
-9999 -9999 -9999 -9999 -9999 -9999 -9999 -9999 -9999 -9999 -9999 -9999 -9999 -9999 -9999 -9999 -9999 -9999 -9999 -9999 -9999 -9999 -9999 -9999 -9999 -9999 -9999 -9999 -9999 -9999 -9999 -9999 -9999 -9999 -9999 -9999 -9999 -9999 -9999 -9999 -9999 -9999 -9999 -9999 -9999 -9999 0.01605431 0.1652549 0.09989897 0.1606736 0.155162 0.09872361 0.1483686 0.1280505 0.1166378 0.06359677 0.03359558 0.04107564 0.09569885 0.105162 0.1058385 0.05560711 0.1257206 0.09202249 0.09146174 0.1417329 0.176599 0.1551953
-9999 -9999 -9999 -9999 -9999 -9999 -9999 -9999 -9999 -9999 -9999 -9999 -9999 -9999 -9999 -9999 -9999 -9999 -9999 -9999 -9999 -9999 -9999 -9999 -9999 -9999 -9999 -9999 -9999 -9999 -9999 -9999 -9999 -9999 -9999 -9999 -9999 -9999 -9999 -9999 -9999 -9999 -9999 -9999 -9999 -9999 0.002491669 0.0547989 0.08790161 0.111132 0.1331943 0.04410157 0.07472739 0.168344 0.1327726 0.06702287 0.1382399 0.06507061 0.1834446 0.1523669 0.1397028 0.0872511 0.165251 0.1195388 0.09833734 0.1524691 0.112044 0.161491
-9999 -9999 -9999 -9999 -9999 -9999 -9999 -9999 -9999 -9999 -9999 -9999 -9999 -9999 -9999 -9999 -9999 -9999 -9999 -9999 -9999 -9999 -9999 -9999 -9999 -9999 -9999 -9999 -9999 -9999 -9999 -9999 -9999 -9999 -9999 -9999 -9999 -9999 -9999 -9999 -9999 -9999 -9999 -9999 -9999 -9999 0.005666253 0.04738269 0.06817533 0.07951988 0.07421729 0.1124202 0.05450644 0.08821274 0.176443 0.2023471 0.1434901 0.1344171 0.08396886 0.1382106 0.1600239 0.1155501 0.1549753 0.1987618 0.1430091 0.1803658 0.1698483 0.1050655
