EnvRasters/Baseline_High/maize.asc
ncols         270
nrows         223
xllcorner     24099.479091542
yllcorner     21023.840179216
cellsize      1003.8986847201
NODATA_value  -9999
[rows 31 to 61 of 223, columns 68 to 135 of 270]
0.3585421 0.3011755 0.3529722 0.4012851 0.4560968 0.3626602 0.3811713 0.3821048 0.4236802 0.1906015 0.3333992 0.3417856 0.3906734 0.3785226 0.08672023 0.2435135 0.1610724 0.005433651 -9999 -9999 -9999 -9999 -9999 -9999 -9999 -9999 -9999 -9999 -9999 0 0.05765582 0.2091594 0.1306593 0.1009663 0.04338664 0.08306542 0.05980904 0.1215686 0.159855 0.2822232 0.2305021 0.2467993 0.1720776 0.3254098 0.3705848 0.1993082 0.318022 0.2931111 0.2841105 0.197312 0.07540191 0.0739449 0.1528609 0.3059508 0.05093348 0.01548028 0 0 0 0 0 0 0 0 0 0.02773593 0.01672231 0.06262088
0.4029375 0.2715307 0.2998568 0.3833663 0.2399852 0.1693022 0.33181 0.4421853 0.4053877 0.3035331 0.4276145 0.2410479 0.489764 0.3619638 0.08562262 0.2129017 0.3577332 0.04882861 -9999 -9999 -9999 -9999 0.02819983 0.1175677 0.03765548 -9999 0.01919529 0.005069769 0.003867699 0.23404 0.2412954 0.3348111 0.288357 0.1664563 0.2399781 0.4885397 0.2135832 0.4107185 0.2634168 0.3049515 0.03845314 0.2574002 0.2751653 0.1821592 0.1327215 0.02524586 0.2012046 0.2748169 0.2841793 0.00819312 0.01374487 0.006804522 0.1737726 0.2879879 0.0104429 0.01841646 0 0 0 0 0 0 0 0 0 0 0.02516793 0
0.4082865 0.345776 0.3330481 0.4184743 0.3929169 0.3105595 0.4034252 0.3748973 0.3853628 0.4251865 0.3056923 0.4255165 0.3545361 0.3360153 0.1982331 0.1414925 0.4253853 0.198061 0.02135601 0.09079549 0.1775408 0.1294884 0.2346718 0.2798526 0.01775162 0.009016267 0.1257875 0.2103949 0.2919404 0.2725641 0.33689 0.4168912 0.4096054 0.115931 0.05920404 0.1780661 0.2591208 0.3448831 0.2781259 0.1516725 0.04849914 0.1046156 0.3713698 0.4198212 0.2771966 0.1903304 0.3197531 0.2938306 0.01962098 0.0003136402 0.1736354 0.1286092 0.2461625 0.2055629 0.07863327 0.02455557 0 0 0 0 0 0 0 0 0.002081834 0.03109268 0.003248834 0.005198848
0.1866268 0.3741529 0.4047148 0.4627293 0.3532561 0.2148523 0.3433556 0.3327196 0.3496901 0.3985162 0.3237728 0.4081441 0.33073 0.3303095 0.3716007 0.2272981 0.1965227 0.03116099 0.02531311 0.09462435 0.1541409 0.2480546 0.3436113 0.2198737 0.09177756 0.2132039 0.1278536 0.1670676 0.2381407 0.2015873 0.1343335 0.1891303 0.1882204 0.2849013 0.062561 0.04998016 0.3194411 0.2618377 0.4424803 0.3024411 0.2205394 0.2660326 0.384982 0.3926049 0.3670253 0.2561239 0.3749326 0.1028249 0.1529628 0.2748306 0.2343832 0.2394741 0.2733132 0.1710044 0.236497 0.0660376 0.005247531 0 0 0 0 0 0 0 0 0.003974937 0.1086279 0.06490891
0.07088971 0.02279727 0.07047728 0.2689502 0.2842607 0.391947 0.2768974 0.2965543 0.3482301 0.2225531 0.1719635 0.4003542 0.335709 0.3923938 0.2676381 0.4584924 0.113488 0.01970064 0.06938688 0.06988873 0.07798768 0.1223184 0.1925592 0.2414093 0.2564235 0.2212479 0.2057748 0.274423 0.2319399 0.4385984 0.4264051 0.3379549 0.2036842 0.2723887 0.1173882 0.181694 0.2252299 0.3603678 0.176665 0.3975107 0.3721671 0.3361553 0.3761387 0.2401507 0.1867954 0.2714629 0.1676189 0.2605501 0.2800751 0.402452 0.3229549 0.2987469 0.2882321 0.2184169 0.01911086 0 0 0 0 0 0 0 0 0 0 0 0.05610399 0.04351906
0.04375305 0.03389749 0.00275095 0.2641904 0.2866928 0.05252954 0.08079924 0.2077464 0.5067598 0.2123833 0.3031963 0.4363766 0.4647836 0.2030834 0.1540888 0.3782948 0.0725832 0 1.25468e-005 0.003620903 0.03579516 0.1491082 0.211397 0.159266 0.1557609 0.04926427 0.2332108 0.2047361 0.3389122 0.1405331 0.2097153 0.09401581 0.1612447 0.07528467 0.3979605 0.3686434 0.2132717 0.2513463 0.310141 0.3332658 0.3412879 0.2194374 0.2926254 0.2107631 0.1981113 0.1490348 0.1176207 0.2194423 0.1366261 0.2429182 0.4356962 0.3963275 0.2454094 0.1870544 0.01743252 0 0 0 0 0 0 0 0 0 0.1211488 0.02764208 0.05320965 0.1805527
0.2448171 0.2370015 0.1808662 0.3304367 0.3757802 0.2545246 0.1632079 0.2562296 0.2357796 0.1922452 0.4543977 0.407531 0.1452436 0.05592773 0.1376847 0.1410142 0.1888553 0.01624225 0 0.004004754 0.2813166 0.09922607 0.1063529 0.1731637 0.1034196 0.203462 0.1007538 0.02976118 0.0753689 0.3158732 0.1964881 0.05603731 0.1490455 0.1772691 0.4136451 0.3710191 0.1882108 0.3230055 0.1816751 0.2220334 0.09400452 0.007853503 0.03557034 0.08264208 0.09265692 0.006130634 0.0157106 0.2924522 0.2541175 0.3715265 0.307457 0.373572 0.2747487 0.1946765 0 0 0 0 0 0 0 0 0 0 0.06543328 0.337046 0.320801 0.1452137
0.264227 0.004844604 0.1636772 0.3501411 0.3143706 0.3065526 0.3435802 0.4605519 0.3100414 0.5380263 0.4177944 0.3320643 0.3617729 0.3780803 0.2800495 0.1337386 0.05823151 0.0002728852 0 0.1182684 0.3795859 0.06374574 0.2477242 0.2389028 0.3356691 0.4489618 0.3588969 0.2642787 0.3396704 0.3201789 0.2287911 0.1060226 0.3921914 0.5450583 0.421555 0.1797599 0.1733034 0.08923326 0.3835025 0.2016279 0.05896785 0 0.001720088 0.02321194 0.1512441 0.1515082 0.2227526 0.4167182 0.3109459 0.4063484 0.3413644 0.3329446 0.314348 0.005539174 0 0 0 0 0 0 0 1.860549e-005 0.03802073 0 0 0.005862144 0.08749942 0.06632511
0.4883918 0.2533966 0.2010162 0.09929611 0.07556776 0.1867218 0.4910444 0.2874306 0.340712 0.2972138 0.128778 0.02941151 0.1243193 0.2972213 0.0292702 0 0 0.06175166 0.01431077 0.1415409 0.195737 0.2710899 0.2977656 0.2461802 0.1424181 0.5425071 0.204752 0.3361682 0.3099376 0.3585694 0.283053 0.2433629 0.2294293 0.2630701 0.02618643 0.235404 0.1493783 0.2007455 0.2356508 0.06527894 0.03786553 0.006849468 0 0.0348138 0.155317 0.1721251 0.2924261 0.2400099 0.3178313 0.4244746 0.4855207 0.4519125 0.3067372 0.08596059 0.009805706 0 0 0.01084594 0.02874667 0.01078725 0 0.005502318 0.08098857 0.02560474 0.02933253 0.08901162 0.03767177 0.09517746
0.5644638 0.3713706 0.4288841 0.3454281 0.1508531 0.1156996 0.4317279 0.1821535 0.3098352 0.3412972 0.2770452 0.1969433 0.4148605 0.1915316 0.05028769 0.0070831 0.003918943 0.07113357 0.1843511 0.1881209 0.2239797 0.2441361 0.1260281 0 0.0004063913 0.08620795 0.1251056 0.2852064 0.05361264 0.1011135 0.1814827 0.4163297 0.3233277 0.4031651 0.1264686 0.223965 0.1957623 0.1198291 0.1404844 0.1934689 0.1040664 0.1588278 0.09584831 0.01858756 0.1013742 0.2732695 0.1746281 0.2189715 0.1969715 0.4048136 0.5104652 0.3319825 0.09425314 0 0 0 0.01194325 0.1487625 0.01303144 0.07809465 0.2602809 0.08314825 0.08972277 0.002701797 0.01833203 0.1424715 0.01695203 0.07849972
0.2625314 0.5003912 0.6465289 0.424569 0.3205301 0.34698 0.3808655 0.1518972 0.2849608 0.1109307 0.4046431 0.2872565 0.2870416 0.0546833 0.1208576 0.2209072 0 0.004039527 0.2306416 0.2554039 0.3716037 0.3608681 0.2234165 0.2409967 0.2273027 0.204873 0.1944603 0.190187 0.2397496 0.4316889 0.1937948 0.5230275 0.5339266 0.3636093 0.2108807 0.2848991 0.1210836 0.0907533 0.1336033 0.3348834 0.2268885 0.1940373 0.06655207 0.06760783 0.02237934 0.02942375 0.1656257 0.1922449 0.2159094 0.3986863 0.3766855 0.2980368 0.06043883 0 0 0 0.001238707 0.04043389 0.0002756797 0.1611483 0.218016 0.2287891 0.01911356 0.0375958 0.06779226 0.09931396 0.1746092 0.1050461
0.2608404 0.1516023 0.4389949 0.3995266 0.2877619 0.328851 0.3637704 0.2691312 0.1713634 0.09802343 0.3388697 0.3775323 0.3734033 0.1210678 0.1153245 0.05655616 0 0.01126706 0.4662281 0.3790183 0.2790767 0.2068226 0.1777174 0.3042612 0.2221442 0.1546316 0.3615528 0.3268299 0.1565958 0.4095109 0.1270318 0.3151132 0.2655901 0.4944191 0.215618 0.14137 0.04212776 0.07453291 0.2013837 0.1352658 0.1257761 0.1598891 0.2380121 0.3285866 0.3139947 0.07125382 0.02089379 0.02792344 0.2515703 0.2935376 0.06514116 0.1592585 0.04607742 0 0.004040075 0.03259635 0.1485967 0.05853216 0.04458024 0.1414207 0.1989559 0.1932707 0.07623497 0 0 0.000688361 0.08457526 0.005373279
0.1111348 0.0556384 0.2723663 0.266724 0.4021649 0.2374584 0.3649906 0.2729224 0.2470437 0.2426312 0.3129228 0.2391765 0.07088498 0.1682248 0.01798949 0.0002615559 0.01385138 0.1154225 0.2128774 0.2788747 0.2632447 0.1928069 0.207719 0.2994135 0.2340056 0.2232251 0.1799413 0.2216673 0.2777592 0.2618415 0.05798749 0.01284548 0.169665 0.2143226 0.1378648 0.1833461 0.04933125 0 0 0.0572989 0.427344 0.3067801 0.2150421 0.2448684 0.2064695 0.06303916 0 0.01232812 0.07563223 0.02928161 0 0.006016687 0.0314362 0.03633485 0.09790806 0.1188353 0.1776296 0.1230096 0.1133528 0.1540933 0.2163538 0.1513112 0.07336702 0 0.05355132 0.05146801 0.04329078 0.0369464
0.3097678 0.1751763 0.3395241 0.2573444 0.2500925 0.01850189 0.1615817 0.5823184 0.3257239 0.3909746 0.2241539 0.0009412043 0.0200848 0.004019858 0 0.08548521 0.1696974 0.1296308 0.1650608 0.2978949 0.2036278 0.367384 0.2189733 0.2793296 0.2137433 0.2062158 0.2844373 0.3829948 0.2883002 0.09178306 0.0099952 0 0.008892213 0.2781661 0.2058098 0.2148375 0.07878045 0.109619 0.004317339 0.1211227 0.03244705 0.02619694 0.1042238 0.1515641 0.1006699 0.02011871 0.001087049 0.01465057 0.06912883 0.008673475 0.008018174 0.1125418 0.08091664 0.007580288 0.04372801 0.03099246 0.01685897 0.007203036 0.1340354 0.2168252 0.3067057 0.1960071 0.1923714 0.05129205 0.2019059 0.1318168 0.1133595 0.08431268
0.4145024 0.2432885 0.4305548 0.2901091 0.1115915 0.2265552 0.1059604 0.2380561 0.1467582 0.1964716 0.1400698 0.002328798 0 0 0.005149216 0.01848677 0.1638871 0.2420402 0.2677462 0.08617216 0.06853379 0.1975881 0.2470525 0.2680222 0.1413544 0.3391882 0.4088109 0.410844 0.2136813 0.1613766 0 0.0009510115 0.008400259 0.05629777 0.2761305 0.09058376 0.1992104 0.03167411 0.1034402 0.1236673 0.09536059 0.02829153 0.07334021 0.06606162 0.05440727 0.03982162 0.02579598 0.07530484 0.03730402 0.1317353 0.08727541 0.2811084 0.1409965 0.02018313 0.000291235 0 0 0 0.09330316 0.0642593 0.1337529 0.2821725 0.1240769 0.08666988 0.1484958 0.1864883 0.1403934 0.1007287
0.4089755 0.1204166 0.2583829 0.3038618 0.1020303 0.07716011 0.02363241 0.05914189 0.1412568 0.04436926 0.00167625 0.001942984 0 0 0.02276254 0.06295294 0.07662389 0.1645454 0.1302052 0.006988726 0.07299645 0.1382918 0.2469497 0.4949421 0.3691643 0.1998961 0.4177771 0.342783 0.2763885 0.1595568 0.1897452 0.03314541 0.002900971 0.02172719 0.1624989 0.3430638 0.2200504 0.1683435 0.1734095 0.1556838 0.01879437 0 0.02309554 0.04346796 0.04762619 0.09870302 0.07276531 0.02069225 0.001212848 0.003121218 0.1045984 0.309718 0.1369939 0.137597 0.01374747 0 0 0 0 0.04246792 0.09039653 0.2434616 0.2686085 0.1182264 0.1641036 0.08866136 0.01612864 0
0.483975 0.2757274 0.3323319 0.2364919 0.2720093 0.2590897 0.03510179 0.1278646 0.07007391 0.04886184 0.0008254387 0.006473067 0 0 0.01073841 0.08718173 0.02965285 0.1891273 0.1745791 0.2082396 0.2388408 0.220039 0.320726 0.1873131 0.2886835 0.314745 0.3113793 0.5272731 0.1599106 0.3663003 0.3558193 0.03453162 0.05717539 0.183236 0.117039 0.1337189 0.3700037 0.3351795 0.2059146 0.1907348 0.3202609 0.005832976 0.1300912 0.1509421 0.0228543 0.07410783 0.1151094 0.04374994 0.0837101 0.09504887 0.06561431 0.04108431 0.09243897 0.2255234 0.03558771 0 0 0 0 0 0 0.03746992 0.1251054 0.1124222 0.05890998 0.004362296 0 0
0.3236508 0.1611412 0.1128384 0.2682651 0.1980074 0.2105882 0.3888603 0.0603423 0.008572762 0 0.004983603 0.000388328 0 0 0.003682983 0.005565019 0.04922739 0.05020747 0.1768621 0.3262614 0.07839277 0.2066349 0.2393014 0.1507253 0.3945642 0.4230586 0.36113 0.4788392 0.4488575 0.5014881 0.4467203 0.2319159 0.4757554 0.1173015 0.03401999 0.02757949 0.327289 0.3270382 0.1557014 0.13728 0.1863572 0.1379359 0.1775914 0.1788389 0.07669238 0.04096265 0.09534644 0.2514629 0.2356246 0.2863825 0.1647572 0.03634132 0.08667581 0.03799441 0.06451659 0.04079094 5.095434e-005 0 0 0.0009083349 0.2124131 0 0.027211 0.05820495 0.0001649649 0.001054793 0.0148431 0.08619004
0.2385738 0.172774 0.1582734 0.2633102 0.2179666 0.1438829 0.1550616 0.2039652 0 0 0 0 0 0 0 0 0.02983382 0.1220639 0.1518991 0.1304023 0.1426542 0.3127506 0.2734472 0.2221394 0.2239473 0.3772088 0.310221 0.493338 0.4387988 0.3804346 0.3061733 0.1730074 0.1806373 0.0117667 0 0.07412856 0.2156914 0.1974635 0.3344923 0.2476193 0.1040456 0.2102343 0.05294834 0.2714063 0.02869593 0.07160883 0.2093376 0.318759 0.1188669 0.1147092 0.1684534 0.08730357 0.05361707 0.007650795 0.1809278 0.2107197 0 0 0 0.138993 0.06570585 0.0613157 0 0.0006126722 0.00767638 0.03191309 0.09659807 0.05903914
0.3538012 0.1149479 0.03262191 0.1427229 0.209917 0.1679401 0.2535056 0.1017795 0.0008546421 0 0 0 0 0 0 0.0008684036 0.02257138 0.02051286 0.08214877 0.05869394 0.1955101 0.2393298 0.3056522 0.3041639 0.2883045 0.3268757 0.3533171 0.2725016 0.1925349 0.3369355 0.2168456 0.2539008 0.1307815 0.2773984 0.1296139 0.2335542 0.2481116 0.392499 0.06097565 0.1099594 0.1843624 0.1389906 0.09679951 0.2847117 0.1205167 0 0.1336727 0.3554353 0.1944547 0.1470189 0.1975729 0.06182355 0.1126474 0.1278845 0.1561597 0.07260501 1.919747e-005 0.01109753 0.02649083 0.001654441 0.31023 0.0764787 0.003455464 0.0007388619 0.005268127 0 0.01917581 2.109233e-005
0.2661956 0.1405309 0.3194124 0.1723205 0.2460108 0.2608124 0.05954836 0.002040946 0 0 0 0 0 0 0 0.01487106 0.1062014 0.03298794 0.009455786 0.07249048 0.1496933 0.1499367 0.2906774 0.2785795 0.1567848 0.2893972 0.2062409 0.318441 0.07174332 0.1905133 0.04364207 0.1891938 0.2366318 0.215374 0.2619618 0.2014051 0.04272674 0.05914522 0.03680731 0.1047313 0.05635376 0.03222242 0.04124045 0.1410102 0.102324 0.1304528 0.1399841 0.1655685 0.3273217 0.2680485 0.2133169 0.1914772 0.1818177 0.2257531 0.2544558 0.1678325 0.02277349 0.008648522 0.07958423 0.2205244 0.1516352 0.0002053936 0.02233422 0 0.01451701 0.01238206 0 0.02174453
0.1617686 0.3771148 0.3984264 0.1385889 0.136787 0.1147956 0.203965 0.07586313 0.06949117 0.06957963 0 0 0 0 0 0 0.03120318 0.03063983 0.04077604 0.2411092 0.2449812 0.08394342 0.112129 0.1551389 0.1969555 0.1883122 0.1020367 0.1403095 0.2478653 0.1362333 0.03996383 0.2247854 0.1222761 0.323579 0.3593083 0.02705621 0.1397291 0.0001918192 0.001796914 0.03231634 0.00366227 0.06313925 0.03115172 0.07873739 0.1731922 0.2708903 0.2574712 0.3080335 0.2974462 0.08627923 0.02776696 0.186073 0.2482376 0.2354703 0.07108229 0.1504828 0.1131419 0.05459587 0.08493877 0.1083511 0.1852801 0.01398448 0.007982813 0.006951451 0 0 0 0.007000483
0.05465418 0.4426742 0.3977871 0.2549052 0.09176305 0.001612148 0.1151748 0.3688956 0.02801838 0.01424574 0 0 0 0.01160775 0 0 0.05459218 0.1062836 0.06013268 0.04420324 0.1314768 0.09891447 0.1363198 0.240662 0.1397885 0.03535389 0.01998108 0.02341655 0.2026628 0.05016068 0.07709756 0.08908149 0.226927 0.4198088 0.03587274 0.08321822 0.1194115 0.003087218 0 0.006260566 0.09779739 0.08072688 0.1340692 0.1074134 0.04560529 0.1611902 0.288782 0.2933994 0.1175155 0.01060026 0.09913973 0.2090845 0.06675939 0.286923 0.05541797 0.3377561 0.06510276 0.2617847 0.2989007 0.138499 0.1018383 0.008551407 0.006299744 0.09805922 0 0 0 0
0.2998382 0.311242 0.2347842 0.2771971 0.004947116 0 0.01595283 0.07428855 0.0002540259 0.06769175 0.004627803 0 0 7.886505e-006 0 0 0.001025282 0.1477644 0.1418662 0.1841894 0.0971488 0.1947158 0.1266781 0.1293635 0.2228323 0.1410656 0.1070723 0.02034524 0.1105113 0.02599924 0.158625 0.0001242074 0.07958182 0.2726749 0.01066672 0.1745999 0.1934005 0.1908028 0 0 0.1420174 0.1022451 0.1343863 0.1370439 0.264461 0.2075453 0.2389361 0.12832 0.2623863 0.1848392 0.15384 0.2338382 0.1224918 0.1268755 0.1891488 0.1380819 0.06555592 0.2081859 0.268095 0.2267137 0.3158067 0.3350387 0.2369434 0.05454025 0 0 0 0
0.3174975 0.2791058 0.0228983 0.08191217 0 0.0006289716 0.001861937 0.1200599 0.06840886 0.2057457 0.09588212 0 0 0 0 0.007090027 0 0.06336389 0.1997152 0.1731028 0.1937648 0.08611599 0.03545726 0.02471917 0.05236356 0.02990746 0.004617368 0.08256526 0.05221298 0.04111636 0.05842838 0.04933771 0.1460284 0.0912642 0.2951977 0.1853275 0.0391812 0.02306963 0.1344496 0.06229316 0.199292 0.3140454 0.1832424 0.3008927 0.04364393 0.06103249 0.1250638 0.1653912 0.08745388 0.2623764 0.1806377 0.1555644 0.1466372 0.0903053 0.05484147 0.07435123 0.03408849 0.1442521 0.2317211 0.2389609 0.210625 0.1853767 0.08279209 0.004103296 0.0001202222 0.002838621 0 0
0.2506959 0.1220959 0.1235556 0.02119559 0.05013946 0.144583 0.1158764 0.1933653 0.1408217 0.2141824 0.2184107 0 0 0.01104133 0.02221785 0.008173007 0.02625058 0 0.006396368 0.04669817 0.1424516 0.1003709 0.0008083951 0 0.002437347 0.04083012 0.02586157 0.02721751 0.1299126 0.08807564 0.04706065 0.06567828 0.09843056 0.1781858 0.3131533 0.1419945 0.1708271 0.07541992 0.1593148 0.2050843 0.08356085 0.07371735 0.1342294 0.2733088 0.138493 0.1037258 0.03664877 0.1632107 0.3083433 0.2510212 0.1518889 0.1658036 0.06875467 0.02162531 0.1264256 0.2012136 0.08528792 0.06038007 0.1205886 0.1505265 0.1110495 0.1893189 0.1827201 0.02061377 0.0002582428 0.01387965 0.1682849 0.02678786
0.03746197 0.09039509 0.1237319 0.3246044 0.2213757 0.2698742 0.0131529 0.001428668 0.2302473 0.1717078 0.2421389 0.1177351 0.0801405 0.001480022 0.09230387 0.03504485 0.1226253 0.05698506 0.1131183 0.1092999 0.1406808 0.02390199 0.04114681 0.05391306 0.0212164 0.03286076 0.01961213 0.06037971 0.05120182 0.2938266 0.4074503 0.2394226 0.211037 0.1263539 0.1654197 0.1715507 0.09388601 0.0765912 0.1780008 0.2580172 0.06945611 0.01925744 0.1573466 0.1813516 0.1584231 0.1164015 0.08929348 0.1285287 0.1770372 0.2113984 0.08025993 0.3116648 0.167988 0.05787845 0.2784027 0.2050409 0.1319433 0.1770659 0.08759437 0.1698246 0.2374823 0.2399494 0.2786824 0.09693161 0.01933985 0.0191162 0.07257295 0.002920242
0.04627137 0.01746901 0.09304565 0.3540684 0.2330782 0.3631736 0.1703864 0.1387942 0.1755272 0.2725439 0.2588779 0.1887967 0.1078078 0.01173479 0.1450702 0.08363632 0.1578457 0.1064873 0.2443989 0.2347349 0.06328671 0.1495854 0.1684156 0.08920183 0.05675625 0.01451533 0.003920482 0.05406684 0.06292617 0.2119424 0.2200841 0.3337259 0.2091463 0.1979301 0.1194711 0.01105424 0.07454834 0.113032 0.1642856 0.265476 0.1709065 0.02773274 0.1194545 0.1770332 0.2011257 0.230468 0.2136403 0.07274027 0.1911305 0.1885949 0.117815 0.2428983 0.2599978 0.09766057 0.1723814 0.2032491 0.1321106 0.1282265 0.01328039 0.1558252 0.2255145 0.2775508 0.2107895 0.0993968 0.1296835 0.100044 1.218045e-005 0
0.2321711 0.2158621 0.3976722 0.3086867 0.2063115 0.2405104 0.3179675 0.08368233 0.2123851 0.2126722 0.1185471 0.002637321 0.06666837 0.07038512 0.1676294 0.1448714 0.1628951 0.009610936 0.1574953 0.2304609 0.07245616 0.06229411 0.06550448 0.07572517 0.1705559 0.0615135 0.02806416 0.1608428 0.120698 0.1380623 0.1981397 0.1523785 0.2103342 0.2754193 0.1522656 0.01874068 0.1517313 0.1573945 0.0905565 0.09520474 0.2003765 0.1425867 0.2053852 0.26953 0.08077555 0.2508214 0.134236 0.1375077 0.2936413 0.1817994 0.1309672 0.2842038 0.1863783 0.1198915 0.2142808 0.1467675 0.05105945 0.02844181 0.005403012 0.1334534 0.2939615 0.06750496 0.1551668 0.09498026 0.00957026 0.08071737 0.00958606 0
0.1924835 0.3366537 0.4455689 0.2698087 0.4691015 0.3654673 0.1524251 0.251091 0.4047545 0.09406027 0.05595918 0.1301966 0.1304021 0.1194338 0.1257108 0.2042096 0.1465435 0.124543 0.1276481 0.2277258 0.1148771 0.08948638 0.08138378 0.1854356 0.1093722 0.06003269 0.05130918 0.02605159 0.1182444 0.1387852 0.002662561 0.04889142 0.136994 0.1580257 0.03258901 0.09015137 0.2148462 0.2114007 0.1209876 0.1732788 0.1888122 0.2754097 0.1003135 0.07922475 0.009384551 0.04398895 0.1565223 0.253675 0.1683737 0.1307677 0.2068696 0.162991 0.2319787 0.02320402 0.1552368 0.126338 0.1989662 0.09968996 0.06950132 0.157884 0.1062791 0.2341665 0.1659421 0.05716945 0.08349039 0.09708158 0 0.06614124
0.1011802 0.2096623 0.3859345 0.06194734 0.2277879 0.2752825 0.05338048 0.1727398 0.08265167 0.03233021 0.04438086 0.186772 0.1001214 0.1685485 0.1751352 0.2591298 0.1244365 0.2237146 0.2141056 0.1568933 0.1009231 0.2700659 0.1321738 0.2000807 0.04622118 0.06605746 0.1718075 0.1854822 0.05735349 0.1063435 0.09679176 0.1299136 0.1579651 0.03627649 0.002241027 0.131192 0.1305846 0.2345745 0.1413806 0.1933864 0.2186223 0.07589892 0.1341093 0.1854632 0.1198073 0.2243976 0.1572867 0.03250706 0.07298256 0.1455197 0.09908827 0.1687017 0.06625822 0.09510283 0.08587429 0.07905374 0.2356492 0.1200835 0.2718353 0.2123899 0.2010584 0.1768933 0.1459749 0.09300046 0.2178251 0.0854831 0.06325686 0.04030515
