EnvRasters/Baseline_High/maize.asc
ncols         270
nrows         223
xllcorner     24099.479091542
yllcorner     21023.840179216
cellsize      1003.8986847201
NODATA_value  -9999
[rows 31 to 61 of 223, columns 0 to 67 of 270]
-9999 -9999 -9999 -9999 -9999 -9999 -9999 -9999 -9999 -9999 -9999 -9999 -9999 -9999 -9999 -9999 -9999 -9999 -9999 -9999 -9999 0 0 0 0 0 0 0.005788954 0.02134352 0.0976297 0.08014393 0.1711563 0.1872124 0.1534866 0.2257615 0.09126408 0.108513 0.1569666 0.2518988 0.1836448 0.07475442 0.0860349 0.06294498 0.07687306 0.01610148 0.004808507 0 0.1764346 0.3486578 0.2944029 0.3535059 0.4949716 0.3472027 0.2638142 0.2734274 0.4381735 0.320516 0.3660083 0.3475755 0.187491 0.2047998 0.2260028 0.4211288 0.5301139 0.386007 0.3303497 0.4066249 0.3431751
-9999 -9999 -9999 -9999 -9999 -9999 -9999 -9999 -9999 -9999 -9999 -9999 -9999 -9999 -9999 -9999 -9999 -9999 -9999 0 0 0.02960575 0.002981203 0 0 0 0.01450583 0.01566567 0.0149015 0.01255653 0.0574873 0.1095091 0.06430624 0.2121974 0.1405297 0.1456087 0.1598983 0.2408251 0.1517524 0.04890203 0.124864 0.1607549 0.1764599 0.0731956 0 0 0 0.001425225 0.04523052 0.003888611 0.2176154 0.2905111 0.2086468 0.1963102 0.208902 0.2775902 0.3057958 0.4056218 0.2777969 0.3651506 0.1315251 0.06005521 0.3117101 0.3756709 0.4189357 0.3795101 0.2551382 0.4396523
-9999 -9999 -9999 -9999 -9999 -9999 -9999 -9999 -9999 -9999 -9999 -9999 -9999 -9999 -9999 -9999 -9999 -9999 0 0 0 0.0002400791 0.01777312 0.009169105 0.01143599 0.01137797 0.07015716 0.02036835 0 0.02043963 0.01652256 0.03791239 0.109517 0.07227755 0.1181326 0.09763741 0.133018 0.06317306 0.1817869 0.2736536 0.1435175 0.09421573 0.04706841 0 0 0 0 0 0.009563639 0.04707575 0.1396324 0.0807249 0.02676016 0.0693815 0.2281239 0.172622 0.2247605 0.39889 0.3399717 0.2486267 0.03643126 0.002729371 0.08961588 0.182487 0.09317653 0.1359445 0.1639814 0.3338541
-9999 -9999 -9999 -9999 -9999 -9999 -9999 -9999 -9999 -9999 -9999 -9999 -9999 -9999 -9999 -9999 0 0 0.03365329 0.04366175 0.09769051 0.04175008 0.1073507 0.1573974 0.1376463 0.07695989 0.1443681 0.1691167 0.1112249 0.1095851 0.0952374 0.1995675 0.2381431 0.1466528 0.09706426 0.1002411 0.211 0.3955234 0.3066308 0.2146682 0.1095524 0.02224118 0.006414081 0 0 0 0 0 0 0.1618109 0.09243664 0.1697191 0.2187158 0.1606072 0.3555897 0.2757776 0.291747 0.3713642 0.4140249 0.2113535 0.08951899 0.1907533 0.0727456 0.1025605 0.119137 0.1913214 0.108678 0.251275
-9999 -9999 -9999 -9999 -9999 -9999 -9999 -9999 -9999 -9999 -9999 -9999 -9999 -9999 -9999 0 0.006978098 0.01623722 0.06242326 0.04479795 0.08960105 0.06549631 0.1457988 0.127711 0.08732416 0.1283852 0.07920673 0.05413133 0.112261 0.07821732 0.05330755 0.09359653 0.1848846 0.1819566 0.226528 0.2485578 0.04286328 0.08789729 0.2724393 0.06728192 0 0.07832024 0.03313139 0 0 0 0 0 0.1555272 0.09672746 0.2727463 0.3141422 0.307108 0.1993838 0.49874 0.4024623 0.3295003 0.3642814 0.4379268 0.2364165 0.2880232 0.1780863 0.32183 0.2964029 0.1335447 0.2733286 0.3185611 0.09423632
-9999 -9999 -9999 -9999 -9999 -9999 -9999 -9999 -9999 -9999 -9999 -9999 -9999 0 0 0.02307851 0.1193082 0.1196385 0.09392343 0.09977186 0.1104401 0.05931931 0.05537606 0.1497961 0.16079 0.09438261 0.131205 0.1285444 0.1788014 0.1442993 0.1474371 0.1984641 0.1184843 0.07377543 0.2076082 0.1712206 0.05139657 0.1024986 0.1258319 0.09860949 0.04090222 0.07882401 0.07094342 0 0 0 0.003290266 0.05202392 0.2787357 0.2972077 0.2607333 0.1353162 0.2546593 0.2388005 0.434618 0.4515313 0.2876301 0.4316887 0.4200705 0.3408657 0.3284626 0.0290018 0.1427018 0.2821238 0.3781874 0.1749647 0.2908437 0.1395222
-9999 -9999 -9999 -9999 -9999 -9999 -9999 -9999 -9999 -9999 -9999 0 0 0 0.1240677 0.1063149 0.1163872 0.1067222 0.1395757 0.1249971 0.04877746 0.219948 0.1982227 0.1606748 0.1117727 0.1520169 0.1252942 0.2031408 0.1553941 0.2046128 0.1703308 0.1697132 0.2190147 0.2493224 0.2040865 0.1045062 0.1710202 0.2157622 0.09772609 0.1925 0.1483245 0.04615423 0.06210964 0 0.1306824 0.02958495 0.3017994 0.1671886 0.1404694 0.3001792 0.36437 0.3793049 0.218132 0.04725514 0.2295187 0.359426 0.2888377 0.3015711 0.3012616 0.3186093 0.1992367 0.2015594 0.125659 0.3131922 0.2177217 0.2728633 0.5353805 0.3578456
-9999 -9999 -9999 -9999 -9999 -9999 -9999 -9999 -9999 0 0 0 0.07835104 0 0.07962297 0.129836 0.1028093 0.09865368 0.1532063 0.06351715 0.1325774 0.1624187 0.09908563 0.04050877 0.07929745 0.1550657 0.07025024 0.005398327 0.03334695 0.09871491 0.225902 0.1204746 0.1718378 0.1762796 0.3300161 0.1711678 0.169926 0.2448534 0.179717 0.1704753 0.09241637 0.06282503 0.09993026 0.01800805 0.07093091 0.1403902 0.04016414 0.1293364 0.1152011 0.2869743 0.4606636 0.4455703 0.3225675 0.3375105 0.3519355 0.2031466 0.3122961 0.2214822 0.2718975 0.307084 0.1582333 0.1059552 0.2587377 0.285703 0.4304278 0.3231811 0.3423131 0.3475993
-9999 -9999 -9999 -9999 -9999 -9999 -9999 -9999 0 0 0.002426996 0.007133582 0.06446578 0.07196911 0.1760857 0.1403066 0.1053313 0.1455199 0.1208258 0.1463266 0.1225386 0.1273737 0.1031273 0.1170599 0.1955486 0.2660437 0.1151955 0.2731048 0.2827864 0.1653053 0.1673607 0.2446425 0.1819541 0.2033623 0.1891654 0.2318558 0.1695183 0 0.01544362 0.1377449 0.2140639 0.1388332 0.1119062 0.04803342 0.1280283 0.1997417 0 0.04872029 0.1338094 0.308707 0.318727 0.3518985 0.3206944 0.3675751 0.2124865 0.3595077 0.244884 0.3441421 0.326847 0.1789175 0.005446353 0.0004534426 0.01646362 0.0573322 0.2572314 0.4282325 0.3861112 0.402894
-9999 -9999 -9999 -9999 -9999 0 0 0 0 0 0.01598327 0.02900073 0.02081506 0.03004143 0.04899291 0.1555931 0.2039136 0.08892128 0.1026656 0.1836264 0.1082348 0.1612325 0.1467358 0.1886012 0.0939311 0.1392466 0.2042006 0.2322734 0.2509154 0.2035398 0.2279016 0.200112 0.2549099 0.2193603 0.3449251 0.2934395 0.2474646 0.1392873 0.1846116 0.07008486 0.1205354 0.168194 0.1574672 0.2799308 0.2690198 0.1314724 0.01121026 0.04134903 0.3045522 0.3244856 0.2707209 0.1850404 0.3351762 0.2605717 0.238957 0.3664048 0.3557115 0.3021573 0.1248164 0.1573653 0.2170005 0.01959687 0 0.01965871 0.2032918 0.4704785 0.3082718 0.4449676
-9999 -9999 -9999 -9999 0 0 0 0 0 0.004366884 0.07314795 0.08738685 0.03152047 0.05210633 0.1030669 0.06909134 0.07785968 0.06280668 0.1723078 0.1229487 0.1007763 0.1280416 0.1730348 0.163921 0.1739737 0.09420405 0.2218373 0.2285639 0.1236305 0.2689239 0.1407967 0.02701395 0.09712768 0.2651496 0.3912976 0.3448999 0.2926714 0.2187214 0.1777006 0.2234904 0.2475026 0.01850508 0.1555125 0.156741 0.187418 0.199398 0.09119385 0.1529071 0.2589718 0.3282498 0.2646702 0.2390455 0.1380026 0.03073193 0.2215297 0.3253076 0.3746902 0.2697236 0.2057995 0.1327914 0.3720786 0.05803533 0.1682858 0.2178129 0.3542472 0.1545908 0.2771403 0.3257354
-9999 -9999 0 0 0 0 0 0 0.04832219 0.1204304 0.07221103 0.06697912 0.03102574 0.08019048 0.0458591 0.07395726 0.02435661 0.03308418 0.0649382 0.1249307 0.1751277 0.1263264 0.2135136 0.2677061 0.2029083 0.2265228 0.1494005 0.2171945 0.2340025 0.2385062 0.1930849 0.1805737 0.144042 0.1839035 0.2547819 0.1635745 0.1063137 0.2207119 0.1726318 0.2242475 0.04899323 0.05893355 0.0521116 0.03487198 0.05300363 0.1092088 0.1028557 0.07856347 0.2204372 0.1046596 0.1864836 0.2566567 0.04900673 0.142988 0.1811616 0.09821787 0.3119413 0.3063957 0.3494914 0.2065005 0.3302673 0.4198166 0.2569602 0.2241195 0.1614059 0.1180303 0.1983579 0.4179679
0 0 0 0 0 0 0.1399815 0.09040134 0.02482528 0.06857511 0.0282054 0.06415419 0.06781956 0.06366456 0.1326269 0.05694083 0.02822076 0.1201815 0.05298838 0.09614648 0.1634444 0.1903742 0.3246779 0.338309 0.3509007 0.2928514 0.2701094 0.338109 0.3471595 0.2601657 0.1880081 0.3325994 0.1867271 0.2516149 0.255263 0.2148107 0.1203842 0.2562017 0.2712533 0.1429368 0.1462833 0.1132561 0.2602732 0.2060839 0.2892155 0.1385451 0.158464 0.09158283 0.1644074 0.2778338 0.05830097 0.1168834 2.730298e-007 0.114363 0.2375633 0.1329991 0.4355042 0.3366497 0.3819431 0.4539059 0.3175642 0.2612495 0.239398 0.2748304 0.3150718 0.2612689 0.3975672 0.2870736
0 0 0 0.0002951396 0.01795596 0.00946648 0.1431302 0.1469904 0.1714555 0.1051957 0.1711235 0.07972661 0.03424552 0.0219904 0.1020855 0.132023 0.03353153 0.05379217 0.1105758 0.112218 0.1730261 0.2219678 0.1921216 0.3578472 0.2274462 0.2683573 0.2429773 0.2765395 0.3300601 0.2450814 0.3389772 0.1847425 0.1075985 0.2912 0.2703415 0.2763099 0.2763875 0.3146915 0.2841982 0.209803 0.1326972 0.08005831 0.2361807 0.1983478 0.07050171 0.09318107 0.1065729 0.1901731 0.04472161 0.02052629 0.02250073 0 0.08447347 0.168171 0.3028525 0.189988 0.2380035 0.3214119 0.3429506 0.3085694 0.07372861 0.1384485 0.3121569 0.429213 0.397307 0.3555646 0.2445062 0.2546491
0 0 0.03178973 0.1176236 0.064009 0.004182174 0.1120679 0.1084804 0.1194201 0.1047081 0.1413261 0.2059577 0.1042008 0.06751727 0.1723656 0.151521 0.09535365 0.07584412 0.1365063 0.1514835 0.1611897 0.2714781 0.1971592 0.2574517 0.2771893 0.2394989 0.313002 0.1043027 0.1021435 0.2564085 0.07763422 0.06667048 0.2298155 0.1904451 0.1334705 0.09972519 0.2090903 0.2480801 0.3537036 0.2006466 0.1900495 0.2442496 0.2081312 0.128104 0.009811244 0.1045152 0.2867931 0.3051738 0.2172657 0.1240402 0.04984657 0.06741612 0.05694882 0.3456174 0.2125868 0.1486837 0.02055579 0.1872396 0.3717806 0.2007945 0.07956293 0.09468382 0.2864751 0.3753813 0.2257447 0.3443795 0.5195687 0.3924394
0.04461888 0.03774215 0.1702014 0.1009636 0.1567748 0.1312464 0.05812848 0.08448489 0.05452149 0.1190424 0.05396026 0.1128952 0.1299466 0.2043587 0.06015922 0.0784924 0.1265301 0.09529791 0.1090673 0.1066079 0.2024473 0.09630549 0.1857351 0.2927022 0.4415338 0.2197639 0.2404608 0.1793875 0.1256081 0.2399872 0.2181911 0.2577108 0.1572488 0.2607525 0.1614095 0.3575629 0.1859853 0.203241 0.2300059 0.1432019 0.2035454 0.1805838 0.2515645 0.2325348 0.1609997 0.1852519 0.2853236 0.2067642 0.3657552 0.302274 0.07725389 0.07165756 0.08172153 0.1662529 0.2986441 0.1028388 0.03852684 0.142573 0.3869447 0.3287515 0.1049274 0.0600817 0.1900743 0.371303 0.2177196 0.412959 0.3667308 0.276788
0.1318382 0.03311586 0.1183051 0.04745813 0.1461622 0.1510758 0 0.005131911 0.03694366 0.05005936 0.1093681 0.07632954 0.1687228 0.1561506 0.07486627 0.04298518 0.1244936 0.05621648 0.08827775 0.1513198 0.1978116 0.3014489 0.346687 0.2019757 0.3518284 0.3055651 0.2348415 0.1810361 0.3615893 0.2798128 0.2852699 0.2062631 0.1767807 0.1965721 0.2080969 0.1722776 0.1976879 0.06926861 0.2633892 0.1591684 0.1656117 0.2141103 0.1948282 0.2600063 0.2508855 0.2909875 0.2113574 0.3236355 0.3988928 0.3064935 0.1885421 0.2675395 0.05905794 0.01462543 0.07785618 0.1404988 0.1444363 0.265347 0.2839168 0.4265458 0.1991168 0.1194579 0.1272891 0.2047119 0.2323899 0.4275004 0.1877918 0.2852651
0.07975813 0.1682479 0.08984844 0.141257 0.1421011 0.1437202 0.08200467 0.01379024 0.1079335 0.1769065 0.07541054 0.03040117 0.1409693 0.08953553 0.2176681 0.1476099 0.1235633 0.1467527 0.1555712 0.1778845 0.2838322 0.3100771 0.3244669 0.2828676 0.4038943 0.2960778 0.2584312 0.2809194 0.2894478 0.2460859 0.3113191 0.221765 0.08239008 0.05168019 0.2289719 0.02938631 0.030983 0.01351084 0.1859076 0.04421922 0.1171338 0.3127518 0.2781571 0.2444055 0.2206803 0.1290388 0.1528251 0.2711916 0.2576537 0.3387688 0.2936428 0.3272271 0.1963963 0.2261133 0.2423993 0.1011989 0.1059703 0.1947625 0.447703 0.4100371 0.2765174 0.1586773 0.01108304 0.06337158 0.2553207 0.3607337 0.3369072 0.1982273
0.0744013 0.027069 0.03174261 0.1700304 0.238022 0.1884216 0.1378565 0.1538016 0.1510039 0.167703 0.05437414 0.09682867 0.2131385 0.1655669 0.1233433 0.1524747 0.1348381 0.1998389 0.1840815 0.2983655 0.1618875 0.2054934 0.1919317 0.242348 0.3191445 0.1514696 0.2617325 0.2120353 0.3141229 0.3243186 0.3192711 0.1914974 0.2137082 0.223494 0.3165673 0.1219462 0.09544287 0.05203396 0.2012337 0.1779245 0.2178629 0.341891 0.1895488 0.2602564 0.2403099 0.1582824 0.1329965 0.3073951 0.1606736 0.09163322 0.3851364 0.2998468 0.3825129 0.3575257 0.3474118 0.2953037 0.2000283 0.2530693 0.2277261 0.3243558 0.4294666 0.2974803 0.2254883 0.1777212 0.08501369 0.4008156 0.5217968 0.2655497
0.09625877 0.1558845 0.02251634 0.1453219 0.1339998 0.1018002 0.1593975 0.1796477 0.2098531 0.2333922 0.08240537 0.1628334 0.07536249 0.122911 0.2323625 0.0926771 0.1456005 0.2363702 0.2099464 0.2829259 0.05105821 0.02338145 0.1412361 0.2634998 0.2085813 0.2613092 0.3505885 0.299635 0.264913 0.3153841 0.1528891 0.2916104 0.3028445 0.1730358 0.2773099 0.1995846 0.2239893 0.1128506 0.1877756 0.2611956 0.2321774 0.2640926 0.2741145 0.2645798 0.2396099 0.1104949 0.1862706 0.2529777 0.1021391 0.110958 0.2994079 0.1757981 0.3250549 0.314625 0.34231 0.4025075 0.3234131 0.322271 0.2695465 0.1425246 0.3719271 0.2847476 0.2285039 0.3472598 0.3473113 0.2456835 0.2896032 0.3411164
0.1812051 0.1163489 0.05768517 0.2516453 0.1229844 0.1210349 0.2467766 0.1555831 0.1607246 0.1213753 0.1143686 0.06886609 0.1343128 0.07752664 0.1191756 0.1932516 0.1312863 0.1573856 0.1501321 0.1403973 0.0733934 0.08264296 0.01992743 0.01917927 0.1633013 0.1848373 0.18541 0.1786393 0.2282864 0.244388 0.1562552 0.2456242 0.1820977 0.2384339 0.2091996 0.2944299 0.215949 0.2207225 0.2841649 0.2917077 0.1984321 0.2189624 0.1832561 0.2246386 0.173543 0.0483301 0.2149833 0.396688 0.3667247 0.2843537 0.409848 0.3580116 0.3552785 0.3249893 0.2912883 0.2864641 0.2497663 0.2580506 0.1366974 0.3810649 0.1773962 0.1047656 0.1838009 0.3700438 0.3260216 0.2625967 0.2160634 0.2294174
0.0957047 0.1155894 0.1124167 0.1818088 0.1982287 0.1361591 0.3381453 0.2381847 0.07263915 0.06008316 0.0538056 0.1190175 0.05625993 0.03512816 0.002367717 0.1077916 0.1083608 0.08860868 0.1048511 0.02694873 0.002277927 0.1948193 0.1226326 0.05524588 0.1365207 0.07561107 0.1226224 0.1690552 0.2219795 0.1701203 0.1142432 0.1435333 0.01443378 0.139846 0.1580244 0.326497 0.1999881 0.07600816 0.1466938 0.1193524 0.2610832 0.2474135 0.240482 0.2229964 0.08100753 0.1428384 0.3764173 0.4652422 0.3445432 0.1865394 0.3034299 0.2147999 0.1838123 0.3452218 0.2978483 0.2563694 0.2467794 0.1406726 0.286443 0.3133149 0.2797716 0.2110043 0.2822985 0.3657154 0.4331355 0.2477149 0.2299846 0.1571306
0.05444961 0.1294354 0.2079429 0.2523274 0.2126556 0.1736979 0.2115009 0.2905849 0.1623037 0.1331019 0.06923346 0.1618919 0.1048112 0.2086108 0.09268871 0.01612254 0.09788265 0.2842641 0.2274011 0.07600427 0.09572975 0.2411475 0.1541585 0.1890067 0.2736696 0.1996076 0.05016952 0.08606267 0.1023125 0.1115887 0.04471399 0.2212674 0.08900006 0.1623053 0.1653377 0.2337309 0.1820017 0.09799715 0.06345328 0.08573779 0.1330056 0.1838074 0.257449 0.1334547 0.2326957 0.2445083 0.4782355 0.2618291 0.1597314 0.2470627 0.2384194 0.3494602 0.2220598 0.1507413 0.298344 0.2418999 0.3277135 0.2687092 0.2767591 0.3501956 0.3364257 0.2969865 0.3372311 0.2533571 0.2276932 0.2243608 0.3829196 0.2507268
0.1530348 0.1692685 0.1603537 0.1053495 0.1987169 0.2039698 0.1475965 0.1974094 0.2272743 0.0959328 0.1223131 0.1785537 0.1158796 0.2292097 0.2219191 0.2030889 0.1207935 0.2297469 0.08177701 0.06645815 0.2171355 0.1454435 0.1484512 0.1576629 0.2301856 0.314473 0.207369 0.1175252 0.1881625 0.1670794 0.1906773 0.182899 0.1859114 0.2158095 0.1884642 0.1715535 0.1546853 0.1917208 0.1911124 0.1943783 0.2564155 0.1696139 0.2520776 0.2890434 0.271536 0.2139911 0.1847803 0.213806 0.153182 0.1572605 0.2374664 0.277147 0.3335057 0.3802707 0.1149479 0.1529359 0.2886995 0.2662182 0.3504411 0.2870594 0.2498677 0.2328483 0.2974141 0.3152791 0.2726795 0.2825328 0.2581349 0.1737317
0.1131879 0.1910949 0.108657 0.1518152 0.1942354 0.2358748 0.2258099 0.1994869 0.2702928 0.2092963 0.2996535 0.1201842 0.2248929 0.1575715 0.1384361 0.1826696 0.2364456 0.1670751 0.0304969 0.1359718 0.05314924 0.1766944 0.1692745 0.2420006 0.2773044 0.2406322 0.2379626 0.1543734 0.259806 0.2236279 0.1777951 0.2152291 0.2553468 0.1853011 0.1656481 0.1524272 0.1351098 0.21133 0.1638345 0.2592103 0.2022006 0.1721764 0.2089977 0.3229114 0.1792653 0.2013328 0.1974024 0.1478606 0.1569714 0.2827109 0.3459909 0.1549554 0.1355232 0.2184856 0.2616037 0.2714309 0.3057871 0.2142027 0.2755628 0.2647786 0.3388741 0.2383764 0.3955708 0.2987045 0.2758124 0.3202998 0.287498 0.2425472
-9999 0.0254412 0.1432901 0.2080691 0.1838231 0.2033654 0.2079344 0.2274984 0.1827965 0.2090869 0.3301459 0.1287762 0.2103606 0.2119168 0.1626884 0.1844341 0.141714 0.03386862 0.004992897 0.02801809 0.1268684 0.1215528 0.1849078 0.0689426 0.2608858 0.140282 0.1769408 0.1442734 0.2099296 0.1540707 0.1592508 0.2115842 0.237239 0.1682923 0.2440569 0.2095417 0.08511887 0.07972473 0.1297008 0.1386939 0.256211 0.2834733 0.3531213 0.228846 0.1486165 0.2498693 0.238138 0.1227462 0.1192275 0.1935743 0.1906932 0.05558237 0 0.0153087 0.08089371 0.2148035 0.2394035 0.3405474 0.2342232 0.1443878 0.2583435 0.204904 0.3285694 0.2747834 0.3211004 0.2432591 0.3210019 0.2294962
-9999 -9999 0.1020717 0.197755 0.1640501 0.2584612 0.1653577 0.3014797 0.2291357 0.3935162 0.2781441 0.1587912 0.0802802 0.1284551 0.1687404 0.1440154 0.05012741 0.02936874 0.2309831 0.01901244 0.03979728 0.2793629 0.2378871 0.2196954 0.1976621 0.1665708 0.077881 0.1054699 0.1714228 0.09656294 0.2160541 0.3124717 0.2673525 0.240179 0.2258954 0.2442803 0.1556404 0.1845688 0.2290259 0.2741243 0.2159628 0.2307943 0.3116905 0.1223774 0.1516329 0.296601 0.1819041 0.08266436 0.1139879 0.2417814 0.1905717 0.1360133 0.05094442 0.07216243 0.2579883 0.2697544 0.195509 0.2679909 0.1936407 0.2386838 0.1867138 0.1582043 0.2790875 0.2061695 0.2198202 0.1208136 0.05606385 0.09850089
-9999 -9999 0.0519155 0.1150869 0.1329119 0.1692387 0.1914396 0.2616038 0.4077909 0.3183915 0.2681621 0.2296871 0.1671097 0.1902034 0.1484586 0.2187869 0.007786105 0.1791856 0.3037763 0.137916 0.1440002 0.1819275 0.2176163 0.3175496 0.2312691 0.125849 0.07081123 0.1404515 0.1387586 0.1930639 0.07334813 0.1961106 0.2256824 0.1997368 0.07642271 0.06912898 0.18463 0.09594351 0.07133209 0.170075 0.2458782 0.1554684 0.07724595 0.06357827 0.1134703 0.2033508 0.1772641 0.2310052 0.1795549 0.2424487 0.2727208 0.1933514 0.2154602 0.149287 0.2713108 0.2351474 0.2044203 0.2044124 0.2116921 0.3347245 0.2047304 0.07347883 0.3182308 0.3510467 0.2574247 0.09019592 0 0.08436094
-9999 -9999 0 0.1325271 0.1455601 0.2479395 0.2137267 0.1767282 0.244243 0.3043025 0.1425402 0.2387585 0.2145101 0.2228227 0.1027336 0.02842672 0.07170465 0.1946442 0.2877262 0.2230416 0.151473 0.2019756 0.1756336 0.1126927 0.169533 0.1430027 0.01144024 0.1723567 0.126995 0.1599989 0.1180903 0.2213535 0.2431987 0.2583601 0.2401028 0.1578616 0.3096706 0.1984526 0.02373272 0.01080792 0.1569961 0.2445325 0.06479609 0.04741891 0.1708662 0.3055248 0.239037 0.1274268 0.2346633 0.1766228 0.1862136 0.2223181 0.1762231 0.2031995 0.2154155 0.1807134 0.1554826 0.1966424 0.2400336 0.2290415 0.2587011 0.2937544 0.2267206 0.322868 0.1845684 0.1088268 0 0.01117073
-9999 -9999 -9999 0.06339598 0.1924615 0.2810745 0.1957547 0.2523796 0.3125694 0.1596848 0.07898347 0.01079277 0.06010757 0.04173074 0.07723245 0.06179149 0.08062661 0.1335271 0.1243069 0.2478379 0.2546968 0.2741313 0.1976427 0.2867293 0.3619167 0.2159044 0.03485279 0.1309307 0.2445427 0.294219 0.2480611 0.09719729 0.1922012 0.1225979 0.1851283 0.2266172 0.09463531 0 0.0056017 0.1395891 0.2027727 0.1698968 0.2589468 0.2173789 0.1286193 0.07061979 0.09478431 0.1371781 0.2506253 0.1561931 0.1032156 0.2188868 0.2003734 0.3583679 0.1955519 0.1174873 0.3190963 0.2720634 0.1092158 0.09210105 0.2475595 0.1778376 0.1976322 0.218591 0.2394938 0.1957252 0.09384997 0.2920611
-9999 -9999 0.008967921 0.1215436 0.1880398 0.1369265 0.1177637 0.09822568 0.1406239 0.05095389 0.173271 0.06683264 0.06583612 0.1103221 0.1217245 0.02994141 0.2792489 0.1647451 0.2652159 0.1065325 0.2602308 0.259167 0.2713441 0.1717838 0.2589596 0.2385487 0.1713783 0.2121911 0.1569043 0.2080045 0.143253 0.09686577 0.1680072 0.187954 0.2257206 0.2099067 0.05556076 0 0 0.0114955 0.04602294 0.1408745 0.1986241 0.1271549 0.08942875 0.1068369 0.1711349 0.2256555 0.05619866 0.03667135 0.07603892 0.2203718 0.1813496 0.1983468 0.1827128 0.20418 0.276303 0.2697966 0.2633951 0.2199088 0.3271722 0.2709627 0.4887061 0.1829209 0.07241022 0.2624811 0.2562285 0.1855974
