EnvRasters/Baseline_High/mxdfrst.asc
ncols         270
nrows         223
xllcorner     24099.479091542
yllcorner     21023.840179216
cellsize      1003.8986847201
NODATA_value  -9999
[rows 29 to 57 of 223, columns 64 to 127 of 270]
0.01992996 0.009964978 0.01992996 0.01992996 0.009964978 0.02313099 0 0.009964978 0 0.009964978 0 0 0 0 0 0 0 0.009964978 0.06383781 0.002354052 0 0 -9999 -9999 -9999 -9999 -9999 -9999 -9999 -9999 -9999 -9999 -9999 -9999 -9999 -9999 0 0 0 0 0 0.07971983 0.009964978 0 0.009964978 0 0.01992996 0.009964978 0 0.007080074 0.3926645 0.5804356 0.5071216 0.2612552 0.02405761 0.1055091 0.1635453 0 0 0 0 0 0 0
0 0 0.009964978 0 0 0 0 0 0 0 0 0 0 0.009964978 0.009964978 0 0 0.009964978 0.0159245 0.01397043 0 0 -9999 -9999 -9999 -9999 -9999 -9999 -9999 -9999 -9999 -9999 -9999 -9999 0 0.00313179 0.06549047 0 0.03884138 0.03395388 0.009964978 0.01749617 0.01992996 0 0 0.01992996 0 0 0.005761551 0 0.06775926 0.03658733 0.02075413 0.02889311 0.005837324 0 0.05978987 0 0 0.00386623 0.07909316 0.022141 0.04621446 0
0 0 0 0.009964978 0 0 0 0 0 0.005548613 0.004416366 0 0 0.009964978 0 0 0 0 0 0 0.003155765 0 -9999 -9999 -9999 -9999 -9999 -9999 -9999 -9999 -9999 -9999 -9999 0 0 0.02912107 0.0409925 0.02989493 0.03493221 0.0417472 0.05255939 0.02266807 0.004746987 0 0 0 0.009964978 0 0.004203428 0 0 0 0.009964978 0 0 0 0 0 0 0.1997576 0.3717882 0.239568 0.09729816 0.009964978
0.006084893 0.0179556 0 0.009964978 0 0 0 0 0 0.01566974 0.0142252 0 0 0 0 0.0144944 0 0 0 0 0.01677419 0 -9999 -9999 -9999 -9999 0 0 0 -9999 0 0 0 0 0.009964978 0.01073885 0.03985991 0.008638983 0.03681756 0.004791506 0.01731762 0.09080641 0.008843374 0 0 0.009964978 0 0.004425219 0.00150726 0.03780778 0.01201711 0 0.01992996 0 0.02989493 0.01992996 0 0.01013269 0.01310132 0.222187 0.5099028 0.6983015 0.04285662 0
0.01102743 0.01559984 0.02623443 0.00421711 0.01571285 0 0 0 0 0 0 0 0 0 0.007460607 0.00793993 0.01992996 0 0 0.009964978 0 0.01992996 0 0 0.002207658 0.000921294 0.02897364 0.01133987 0.009964978 0 0 0.009964978 4.76597e-005 0.009856494 0.02989493 0 0.009964978 0.001325996 0.003042353 0.009964978 0 0.02760043 0 0.009964978 0 0 0 0.02293905 0.001023407 0 0 0.009964978 0 0.01992996 0.01992996 0 0 0.02027485 0.03621097 0.044448 0.3040145 0.2631668 0 0
0.01992996 0 0.04982489 0.01992996 0.009964978 0 0.01992996 0 0 0 0 0 0.009964978 0 0 0 0 0 0.02989493 0 0 0 0.03547009 0.02045079 0.02716644 0.05978987 0.01159449 0.01855507 0.01992996 0.03482274 0.01500215 0 0.03981226 0.02003844 0.009616657 0.009964978 0.01887899 0.009640886 0.02880372 0.03985991 0.02263376 0.01551896 0.009964978 0 0.009964978 0 0 0 0 0 0 0.01992996 0 0 0 0 0.009964978 0.02989493 0.00115524 0.01034738 0.05576403 0.1412355 0.1295447 0.009964978
0 0.01409392 0.03573098 0.004581447 0.02531349 0 0 0.009964978 0 0.009964978 0.01992996 0 0 0 0 0 0 0 0.01992996 0 0 0.02989493 0.08461242 0.04932212 0 0.009964978 0.0200986 0.01813181 0.02989493 0 0.02989493 0 0.009964978 0.009964978 0.0103133 0.009428868 0.05087586 0.01992996 0.03131025 0 0.01893621 0.01496042 0.009964978 0 0.009964978 0 0 0.008084914 0.031775 0.01992996 0.02989493 0 0 0 0 0 0.009964978 0.003547428 0.02989493 0.2072294 0.5160545 0.2338154 0.01992996 0
0 0 0 0.03271376 0.02484505 0.009964978 0.007083323 0 0 0.01416769 0.03176061 0 0 0 0.009964978 0 0.009964978 0 0 0.009964978 0 0 0 0 0 0.03985991 0.009964978 0.00464661 0.04597646 0.02733199 0.01075048 0.01992996 0 0.009964978 0.009964978 0.0005361103 0 0.01992996 0 0.008278189 0 0.009964978 0.009964978 0.009964978 0 0 0.02989493 0.01992996 0.03985991 0.02989493 0.009964978 0 0 0 0.004400602 0 0 0.0377099 0.01853254 0.1805314 0.1604004 0.06547514 0 0.009964978
0 0 0 0.002231054 0.01115082 0.01874411 0.01896564 0.01024328 0.02349763 0.01266414 0.001197436 0 0.009964978 0.02518597 0.009964978 0 0.009964978 0.009492622 0.02013019 0.0102371 0.01706607 0.07920113 0 0 0.02150982 0.008385121 0.04501015 0.03939686 0.07961122 0.08476108 0.009179481 0.004385925 0.02667756 0 0.009964978 0.05749637 0.04982489 0.01992996 0 0.02161675 0 0 0.009964978 0.01735273 0.01992996 0 0.01826605 0.00166391 0.01992996 0.01525505 0.030249 0 0 0 0.005564377 0 0.009964978 0.01485988 0.09021001 0.04471146 0.01253562 0.01735932 0 0.009964978
0.01992996 0 0 0 0.02747047 0 0 0 0.009964978 0 0 0 0 0.02463892 0 0.00475594 0 0.009964978 0 0.04015236 0.1127049 0 0 0 0 0.009964978 0.04467466 0.02833434 0.002635836 0.006184928 0.01992996 0.1031266 0.04517957 0.04458863 0.2490943 0.2847774 0 0.01172281 0.01817212 0 0.0334527 0.0562321 0.009964978 0.002577228 0 0.01822196 0.001707996 0.01992996 0 0.04337127 0.06036095 0.01020339 0.01992996 0 0 0 0 0.03985991 0.03637578 0.08324392 0.05206288 0.04309922 0.0240814 0
0.01992996 0.009964978 0 0 0.002424463 0 0 0.009964978 0 0.01992996 0.01992996 0.009964978 0 0 0.009964978 0.03510397 0.01992996 0 0 0.007340642 0 0.1177821 0.1359866 0.009964978 0 0 0.009964978 0.003039344 0.006925635 0 0.02989493 0.04982489 0.04982489 0.03981433 0.01992996 0.1114623 0.01992996 0.009964978 0.01640396 0.003525994 0.05978987 0.02989493 0.009964978 0 0.05694116 0.009964978 0.04098182 0.002286857 0.009964978 0.02989493 0 0 0 0 0 0 0.01398438 0.05200303 0.05015524 0.2284606 0.05200433 0 0.02250419 0.02401213
0 0.008414094 0 0 0 0 0 0.007125982 0.002838997 0 0 0 0 0 0 0.009964978 0.01992996 0 0 0.1126088 0.02318592 0.2946425 0.1391724 0.009964978 0 0 0 0 0 0.01992996 0 0.03985991 0.05009345 0.02989493 0.009964978 0.009964978 0.009192575 0.02989493 0.01666421 0.01323073 0.009964978 0 0.02758711 0.009964978 0.04006249 0.009964978 0.05554997 0.01079612 0.02620784 0.01992996 0.01992996 0.009964978 0 0 0 0.009964978 0.005945574 0.02989493 0.01821913 0.2046225 0.04285876 0.009964978 0 0.009964978
0.009964978 0.03144582 0 0.009964978 0 0 0 0 0 0 0 0 0 0.009964978 0 0.009794812 0.01013515 0.03841021 0 0.01273669 0.09751143 0.02680164 0.009964978 0 0 0 0 0.009964978 0.001512095 0.008310933 0.03154898 0.004855204 0.02477117 0.01529871 0.03440145 0 0.01073738 0.009964978 0.03677633 0.02749808 0.01544542 0.01992996 0.002307824 0 0.07840454 0.0112226 0.009964978 0 0.01365208 0 0 0 0.009964978 0 0.009964978 0.009964978 0.009964978 0.05257556 0.105908 0.1769626 0.04682605 0.01992996 0 0.03985991
0 0 0.009964978 0.009964978 0 0 0 0 0 0.009964978 0 0 0.01992996 0 0.009964978 0.009964978 0.01024635 0.05549248 0.02989493 0.009964978 0.3113891 0 0 0 0 0 0.01992996 0 0.008452884 0 0.01992996 0 0.01541077 0.004519183 0.02005468 0 0 0.01992996 0.01992996 0 0 0.008166396 0.02783611 0.01753282 0.01266878 0.03985991 0 0 0.01628366 0.005876278 0 0 0.02104326 0.04362263 0.09935061 0.02427081 0.02661306 0.06307908 0.02726642 0.04013822 0.06621335 0 0 0
0.01992996 0 0.009964978 0 0.0069677 0.002997279 0 0 0.006757717 0 0 0 0.009964978 0 0.02010607 0.009788871 0.01114904 0.09407784 0.04008617 0.2257043 0.1015682 0.01792789 0 0.002810952 0.01711901 0 0 0.01992996 0 0 0.01498429 0.004945668 0 0 0.03240319 0.1129798 0.003554155 0.03985991 0.06514478 0.02246704 0.1543713 0.03359592 0.04191874 0.06218701 0 0.009964978 0.009964978 0.08631916 0.003646292 0.004821143 0.009232536 0.04982489 0.02041003 0.1098737 0.02457909 0.005624122 0.04839465 0.03526995 0.02662378 0.00131726 0.04507915 0.009964978 0.009964978 0
0 0 0 0 0 0 0.009964978 0 0.01317224 0.01992996 0.009964978 0 0 0 0 0.01995592 0.03985991 0.04086367 0.001731728 0.1020509 0.04646837 0.0277107 0 0 0 0 0 0.009964978 0.01992996 0 0 0 0 0.02609647 0.04365839 0.01735578 0.01307672 0.009964978 0.03196792 0.009964978 0.0498657 0 0.02875733 0.06649964 0.02188837 0.01992996 0.01684495 0.0232956 0.009964978 0.03099171 0.1014069 0.0418957 0.03389043 0.007877147 0.002670461 0.007294518 0.1183214 0.20822 0 0.05591031 0.03065677 0.05978987 0.0177081 0.02478986
0 0.02989493 0 0 0 0.02763932 0 0.009964978 0.01992996 0.01305054 0.009964978 0.009964978 0 0 0.01315834 0.04954769 0.07763992 0 0 0.0139529 0.009964978 0.07956866 0.06690195 0.003383481 0.01654648 0.02225234 0 0 0.01992996 0.01064274 0.001780983 0.01992996 0.02989493 0.009964978 0.009964978 0.009964978 0.02845631 0.03854517 0.01799143 0.08049351 0.0429851 0.008835337 0.0210596 0.00228334 0.04729325 0.1370259 0.01305021 0.01143569 0.04835418 0.009964978 0.07821497 0.03985991 0.06446234 0 0 0 0.02104133 0.1218788 0.04785413 0.07199211 0.05978987 0.05483383 0.02224794 0.009964978
0.009964978 0 0 0 0.009964978 0.04211552 0.009964978 0.03985991 0.01898276 0.03992668 0.01695022 0.01032955 0.01992996 0.01992996 0.06590948 0.05953488 0.05850269 0.01992996 0.009964978 0.02101364 0.01285798 0.05282896 0.02989493 0.01992996 0.01992996 0.02860987 0.0312004 0 0 0.0146528 0.01278339 0 0.05978987 0.009964978 0.009964978 0.01992996 0.09864532 0.03365276 0.009964978 0.01112982 0 0.009964978 0 0.01992996 0.01237898 0.00275231 0.01992996 0.02989493 0.01922693 0.009964978 0.01992996 0.009964978 0 0.009964978 0 0.01992996 0.04982489 0.1456797 0.05446697 0.01820244 0.04524244 0.112684 0.01992996 0.04215112
0.09574473 0.003017478 0.03985991 0.009964978 0.01818183 0.001748124 0.009964978 0 0 0.01664727 0.02005463 0.02634471 0.0495208 0.01992996 0.005612276 0.01884301 0 0 0.02416688 0.01744091 0.0144544 0 0 0 0.002701505 0.01333618 0.004250992 0.009964978 0.01549467 0.004435286 0 0 0.02060159 0 0 0.04733773 0.01245215 0.01992996 0 0.009964978 0 0 0.009964978 0.009964978 0.009964978 0 0.01992996 0.02746722 0.05622243 0.02989493 0.03985991 0.02562199 0.009964978 0.009964978 0.01479822 0.0146681 0.08968481 0.04574073 0.009964978 0.01992996 0.05154718 0.1207935 0.1074525 0.3351381
0.01700171 0 0.01992996 0.01992996 0 0.01673994 0.008531978 0 0.03985991 0.01992996 0.03346299 0.0740694 0.03939968 0.009964978 0.01992996 0.01773137 0.1916183 0.0567848 0.01716647 0.03034058 0.009964978 0.009964978 0.01992996 0.03405914 0.05292416 0.009964978 0 0.009964978 0.009964978 0.01590309 0.01399184 0 0.009293351 0 0.009964978 0 0 0 0.02989493 0.009964978 0 0.02927517 0.01058475 0 0.01063314 0.02922678 0 0.02373062 0.0128625 0.05326257 0.01265613 0.0242029 0 0.003433121 0.0913079 0.005261861 0.009964978 0.009964978 0 0.0751247 0.1199215 0.1266119 0.1577461 0.1229069
0 0.01992996 0.01992996 0 0 0.1028513 0.00696042 0.01992996 0 0 0 0.04982489 0.07606398 0.1131181 0.01992996 0.04079352 0.01891125 0.02527327 0.03149851 0.02828574 0.009964978 0.01992996 0.05391899 0.008951511 0.02272432 0.009964978 0.009964978 0.03985991 0.009964978 0 0 0 0 0 0 0 0 0.00876309 0.02113185 0.009964978 0.008673561 1.112092e-007 0.01992985 0.01176265 0.0657289 0.009964978 0.01712914 0.01992996 0.009964978 0.06542365 0.0541765 0 0.02326694 0.05185641 0.03993544 0.02459581 0.03985991 0.04439272 0.01539715 0.1181181 0.1085061 0.1962803 0.04376874 0.0564314
0 0 0.008388923 0.001576055 0 0.05425096 0.03760223 0.009964978 0 0 0.01992996 0.01992996 0.0755644 0.1179288 0.0186198 0.05576826 0 0.03460946 0.1359489 0.08257437 0.03033533 0.05775665 0.05915318 0.05145498 0.02238987 0 0.009964978 0.009964978 0.009964978 0 0 0 0 0.009964978 0 0.01992996 0.019804 0 0 0 0.01987229 0 0.01992996 0.00801381 0.03197061 0 0.002800814 0.04344406 0.03963897 0.02638585 0.01378073 0 0.009964978 0.06980128 0 0.03929397 0.02494472 0.04528866 0.01494122 0.02348686 0.03921517 0.01672145 0.08968481 0.06936505
0 0 0 0 0 0 0.002257688 0 0.009964978 0.03985991 0 0.04255002 0.08856601 0.02978833 0.06961586 0 0 0.01521544 0.02136432 0.04305638 0.00597913 0.06034849 0.1052208 0.1427873 0 0.01992996 0.009964978 0.009964978 0 0.01676189 0.03306301 0.009964978 0.009964978 0 0.008344567 0.04148033 0.03002089 0 0 0.04781813 0.03124402 0.08825203 0.01992996 0.02203374 0.05978987 0.04982489 0.009964978 0.01428507 0.07559669 0.08273677 0.01632922 0.006716164 0.02746272 0.02691221 0.02989493 0.0900951 0.01446345 0.009964978 0 0.02369975 0.08621606 0.04313525 0 0.02718651
0 0.02989493 0.01992996 0 0 0 0 0.009964978 0 0.009964978 0.009964978 0.009964978 0.00603051 0.04982489 0.05546504 0 0.009964978 0 0.0252641 0.01804479 0.0317801 0.03985991 0.06123096 0.02171652 0.009964978 0.01992996 0.009964978 0 0 0.009964978 0.0129436 0 0.02058101 0.0008962363 0 0 0.04982489 0 0.009964978 0.05183166 0.04982489 0.06122265 0.06797814 0.04903659 0.02864629 0.02989493 0 0.03993237 0.06985333 0.01345366 0.02378297 0.02989493 0.009964978 0.02989493 0.03985991 0 0.00546651 0.01440578 0.01401542 0.006195184 0.0726675 0.0799092 0.009964978 0.009964978
0 0 0 0 0.02989493 0.02002158 0.009873355 0.009964978 0.04070837 0.05283087 0.02102703 0.009127317 0.08996627 0.02989493 0.19932 0 0 0.01484481 0 0.02989493 0.08959495 0.03794879 0.02516911 0.05005115 0.03439451 0.009964978 0.009964978 0.01672576 0.01233854 0.01291689 0.01695134 0.02114039 0.02554045 0.04266711 0.05978987 0.05978987 0.009395629 0.000569349 0.03919662 0.009964978 0.01992996 0.04848497 0.02996739 0.02196691 0.01992996 0.009964978 0 0.009907311 0.08303196 0.009964978 0 0.009964978 0.009964978 0.01992996 0.02489054 0.01496938 0.02452128 0.02731435 0.0638442 0.01992996 0.009964978 0 0.007343144 0.02529541
0.009964978 0.008969416 0.0009955628 0 0.01978943 0.0001405302 0 0.007580714 0.03718939 0.1427155 0.03046316 0.0546459 0.04026834 0.05738579 0.03419936 0.003291035 0.05649884 0.1225253 0.04199949 0 0.09242068 0.07411093 0.004874008 0.03985991 0 0 0.02667268 0.01318723 0.01780868 0.01992996 0.02149911 0.01871952 0 0.06868891 0.06085582 0.04982489 0 0 0.000663297 0.0006559198 0.1387287 0.0611764 0.03757996 0.01992996 0.009964978 0.0174914 0 0.0229094 0 0.009964978 0.02989493 0.009964978 0.03985991 0.03985991 0.009964978 0.009964978 0.03102899 0.01420458 0.05978987 0.004013175 0.02697674 0.01021726 0.00266592 0.0371163
0 0 0.009964978 0.009890358 7.462065e-005 0.008017503 0 0.0322792 0.06977525 0.05988835 0.01992996 0.04604951 0.08631223 0.01295965 0.03686525 0.09964979 0.1035574 0.1050113 0.04566497 0.009455004 0.009284264 0.05978987 0.009964978 0.01348032 0 0 0.002656544 0.01992996 0.03985991 0.02989493 0.02000241 0.01835946 0.03035541 0.02103999 0.009964978 0 0.01998409 0.03985991 0.009472609 0.01992996 0.03103229 0.02158237 0.02971257 0.0303129 0.007753439 0.01240353 0.007442732 0 0.03985991 0.009964978 0.009964978 0.009964978 0.02480236 0.03498751 0.01527374 0.04007004 0.009964978 0.009964978 0 0.03988032 0 0.009964978 0 0.01293157
0.009964978 0 0 0 0.0009018213 0.04090557 0.02791582 0.03132389 0.06429543 0.05931176 0.01992996 0.05071528 0.01622256 0.009964978 0.01992996 0 0.0629223 0.2714496 0.042127 0.007770348 0.05783503 0.04170504 0.04380126 0.1389423 0.009964978 0.03584738 0.06974923 0.009964978 0.02989493 0.02989493 0.01828835 0 0.02989493 0.009964978 0 0.01992996 0.01987582 0.01053273 0.009889599 0 0.03985991 0.001654934 0.04816434 0.1014434 0.01992996 0.009964978 0.01995036 0.009964978 0 0.0142367 0.04003412 0.02544901 0 0.0108219 0.03951361 0.03383041 0.01992996 0.01667131 0.02318861 0.0059314 0 0.01992996 0.0164074 0.01006345
0.0188656 0.0309593 0.02009751 0.0197624 0.009964978 0.01992996 0.03768739 0.03161015 0.02817972 0.009964978 0.009964978 0.009964978 0.009964978 0 0.01992996 0.004175853 0.07028502 0.004758482 0.0527688 0.04745873 0.02315611 0.04447707 0.190985 0.09045148 0.02322586 0.03390747 0.01727903 0.02234104 0.05978987 0.001864582 0.008714729 0.04006014 0.03094495 0 0 0.009964978 0 0.04954635 0.009964978 0.01863647 0 0.05978987 0.01995036 0.01825527 0.002984299 0.02455932 0.03239678 0.0172143 0 0.009964978 0.04259792 0.009964978 0 0.009964978 0.006001542 0.02389339 0 0.01992996 0.009964978 0 0.009964978 0.009964978 0.222826 0.01984446
