EnvRasters/Baseline_High/mxdfrst.asc
ncols         270
nrows         223
xllcorner     24099.479091542
yllcorner     21023.840179216
cellsize      1003.8986847201
NODATA_value  -9999
[rows 116 to 144 of 223, columns 128 to 191 of 270]
0.02541792 0.1143536 0 0.009964978 0.009964978 0.009964978 0.1734021 0.103865 0.1124519 0.009964978 0.02278232 0 0.08003867 0.07743063 0.2024722 0.5116091 0.08985996 0 0.2407492 0.2115168 0.03985991 0.00114857 0.009112011 0.009541426 0.09255739 0.09314754 0.1663098 0.208364 0.01820208 0.03200263 0.08772202 0.0628833 0.03143701 0.07353155 0 0.2990877 0.1506077 0.1795195 0.00409672 0.0195772 0.004949242 0.08746196 0.03277435 0.06319703 0.1795973 0.1195461 0.3123916 0.07221017 0.04281413 0.009964978 0.01992996 0.03550169 0.05978987 0 0 0.008852853 0.02989493 0 0.07954457 0.05515982 0.2038334 0.1480265 0.2704777 0.1185725
0.3442914 0.02513745 0.009964978 0.1183935 0.02318505 0.00160707 0.03586249 0.1481625 0.2011154 0.1373342 0.2354445 0.2023205 0.1094181 0.2792102 0.1541084 0.01009562 0.1820443 0.03328239 0.08926415 0.3874033 0.139608 0.1495629 0.02989493 0.0445169 0.0965914 0.04139443 0.1884643 0.1237467 0.001727878 0.02202217 0.2713548 0.1348742 0.01910409 0.1005685 0.1130679 0.08472994 0.1250078 0.1004847 0.07090895 0.08968481 0.1410165 0.2012518 0.2016238 0.3874325 0.5168515 0.1602437 0.1450846 0.04727103 0.2973271 0.5778641 0.1727026 0.2044806 0.08746795 0 0.01992996 0 0 0.08455825 0.06558278 0.1088968 0.149828 0.239683 0.3649586 0.141059
0.005149649 0.1249192 0.009964978 0.07359586 0.07670105 0.1915037 0.09706487 0.1143457 0.003465697 0.2526833 0.3288846 0.01903479 0.03128857 0.08968481 0.08999024 0.1101097 0.03725906 0.3157723 0.06118822 0.1755674 0.2140061 0.1095266 0.08968481 0 0.1465304 0.2029573 0.1577718 0.1246959 0.009964978 0 0.03985991 0.1195797 0.08853154 0.4806023 0.124271 0.1332047 0.1445726 0.09710047 0.03756405 0.08968481 0.2176795 0.07436517 0.2389611 0.04712626 0.2550207 0.058139 0.1539702 0.2087122 0.07612877 0.08191601 0.02727146 0.2063004 0.01097966 0.03035541 0.02841978 0.08081509 0.02094715 0 0.06548369 0.3360095 0.4238712 0.5554929 0.4119005 0.1702106
0.1594397 0.1111948 0.02352199 0.009964978 0.03985991 0.05978987 0.03985991 0.01525458 0.2164766 0.0539165 0.3133528 0.1182258 0.1045883 0.2477665 0.02845263 0.06831025 0 0.02139316 0.05657406 0.4624983 0.15561 0.009964978 0 0.08218631 0.199682 0.07292612 0.06141084 0.1445754 0.009964978 0.1937051 0.07308409 0.0248831 0.06627762 0.2023176 0.3669233 0.1111713 0.02241891 0.01932952 0.0129465 0.02675037 0.3270344 0.1353197 0.1648554 0.08628549 0.06914631 0.09419274 0.1357461 0.007367337 7.597908e-005 0.1110109 0 0.01992996 0.02520586 0.09987604 0.0211806 0.1302312 0.3618576 0.0246376 0.1128796 0.1889967 0.04382923 0.384343 0.5545444 0.1857372
0.2750115 0.119759 0.07496007 0.009964978 0.09964979 0.1260922 0.1569542 0.0355749 0.1718515 0.1216497 0.3419682 0.4697827 0 0.1143166 0.07253078 0.06536814 0.1674236 0.001004857 0.008960122 0.22772 0.0004902501 0 0.1120892 0.06992906 0.1287946 0.1165487 0 0.00865703 0.0440302 0.03391325 0.04212514 0.01992996 0.01992996 0.009964978 0.06659919 0 0.009964978 0.04982489 0.04311106 0.1433123 0.1288814 0.03814709 0 0.3018733 0.3371232 0.5724809 0.02668271 0.01689543 0.04034158 0.1076609 0 0.03212402 0.02597203 0.02989493 0.1382583 0.04964224 0.0188389 0.1221346 0.1249321 0.2025784 0.07633089 0.1904833 0.03781313 0.04067003
0.07360473 0.2457571 0.06955022 0.03036556 0.3426238 0 0.151486 0.06786273 0.04701783 0.09465382 0.06719923 0.1955153 0.001095701 0.04220723 0.06963325 0.05584988 0.06759751 0.009964978 0 0.03951837 0.0585462 0.04982489 0.06979454 0.01992996 0.08085235 0 0.03420466 0.6061904 0.1182281 0.02051825 0.05495532 0.02989493 0.08968481 0.04982489 0.3767769 0.009964978 0 0.01436187 0.0215244 0.04215594 0.01643864 0.1231928 0.2458578 0.5577677 0.9566875 0.3956187 0.03043853 0.08336989 0.009964978 0 0.009964978 0.007735895 0.06017378 0.06948232 0.02831645 0.1208403 0.1623869 0.1438438 0.1932688 0.1179339 0.194079 0.1407284 0.09924482 0.07871044
0.1213597 0.01376934 0.009964978 0.1275776 0.08736673 0.009964978 0.03972569 0.1393573 0.02273702 0.01891096 0.01970741 0.03113086 0.209622 0.2121407 0.009813092 0.07776717 0.1128802 0.0313343 0.009964978 0.03985991 0.2001977 0.210197 0.05699003 0 0.009964978 0.199539 0.5615209 0.9808435 0.4440113 0.01094322 0.02297853 0.04349086 0.036389 0.2331675 0.8931443 0.06288925 0.4895041 0.1773319 0.02606023 0.2504258 0.1049542 0.1230188 0.09926228 0.1136188 0.2513755 0.1359469 0.07359576 0.2131931 0.1281644 0.01992996 0.03985991 0.04982489 0.1819081 0.2768291 0.01741384 0.01180315 0.0597425 0.1859791 0.2542157 0.1638339 0.5668316 0.02925917 0.119727 0.05123338
0.07803597 0.07719407 0.1021755 0.08210368 0.03238 0.2155557 0.3206936 0.04316365 0.07641047 0.01643469 0.09945109 0.238648 0.3476216 0.1039772 0.04982489 0.02620946 0.07610227 0.03701737 0.009964978 0 0.01067005 0.01992996 0.01989784 0.06327129 0.08012825 0.1138478 0.6705918 0.5690421 0.03416416 0.009964978 0.01196079 0.003839877 0.05834377 0.09075408 0.1709612 0.4483196 0.5885168 0.01992996 0.01399067 0.7524327 0.2940446 0 0.009199069 0.1579527 0.1278868 0.1396065 0.1733288 0.1529825 0.01949032 0.1938085 0.01839693 0.08107278 0.06098184 0.07672748 0.08048309 0.05978987 0.03410215 0.3648011 0.05349251 0.03960614 0.2138442 0.160761 0.1796357 0
0 0.01425712 0.09616023 0.1724654 0.1536397 0.5403004 0.1690789 0.03875837 0.1007457 0.03985991 0.0331809 0.03004312 0.1418604 0.08926472 0.009964978 0 0.01992996 0.1036113 0.1877869 0.03985991 0.00925991 0 0.08664092 0.04434035 0.03849582 0 0.009964978 0 0.01846941 0.009964978 0.06154276 0.1127244 0.06942885 0.01337129 0.04982489 0.09966689 0.09443365 0.07225186 0.1002064 0.3523732 0.2726581 0.09964979 0.04010664 0.02975783 0.01010176 0.01992996 0.1301535 0.09392971 0.2202258 0.04419237 0.1577089 0.1264607 0.0524791 0.09909809 0.1576902 0.1095782 0.09769015 0.2153378 0.04723634 0 0.1194277 0.179417 0.244883 0.004241486
0 0.1342012 0.2237355 0.08944913 0.168377 0.227096 0.09932417 0.06157084 0.1609605 0.02989493 0.0170317 0.0256504 0.002801778 0.01992996 0.009964978 0.04982489 0.09336928 0.05781416 0.0274811 0.05978987 0.0001886952 0.01033999 0.009916132 0.1635196 0.06505868 0 0.009964978 0.01523623 0.06335012 0.1015227 0.02802203 0.05062227 0.1606644 0.1007186 0.4406641 0.1215137 0.002207062 0.0497412 0.05788743 0 0 0.009964978 0.06973497 0.02082342 0 0.1321035 0.145741 0.03139184 0.09490601 0 0.009964978 0.00250602 0.07005918 0.06101153 0.2066465 0.3732847 0.6865639 0.4373412 0.08682126 0.01513751 0 0.04096748 0.02422531 0.003733183
0.04593511 0.08172467 0.03347083 0.01489011 0 0.01301012 0.08034942 0.05080768 0.2076837 0.08369482 0.1293839 0.08554757 0.04618507 0.09863114 0.03985991 0 0.008256212 0 0.1136681 0.1139988 0.06030776 0.006292854 0.08162829 0.2898974 0.1373045 0 0.09412287 0.1222527 0.05835889 0.009964978 0.01992996 0.009964978 0.009964978 0.2104285 0.8159798 0.06135835 0.1199782 0.01377332 0.06169231 0.06152838 0.04504035 0.1204672 0.04984478 0 0.009964978 0.1206261 0.1122504 0.05713031 0.08568908 0.1766299 0.1925925 0.009964978 0.02180674 0.08914903 0.09480616 0.07745523 0.3830064 0.54479 0.1203859 0.0004517498 0 0.02985223 0.0006588832 0.04002991
0.1589578 0.1564012 0.05713905 0 0.009964978 0.0539891 0.126593 0.04524941 0.08881666 0.2588837 0 0.08968481 0.02960793 0.09886397 0.009964978 0 0.3993658 0.001619454 0.05855516 0.2673854 0.2836249 0 0.0003702988 0.04982489 0.01492181 0.1700321 0.1951499 0.09110413 0.07715532 0.009399976 0.06264228 0.1453049 0.1209435 0.06958983 0.08023982 0.1031083 0.04451866 0.009964978 0.009035233 0.1404803 0.03401127 0.02967573 0 0.0682745 0.06437383 0 0 0.1097857 0.22699 0.07619588 0.03985991 0 0.0285454 0.1464789 0.1857979 0.5085209 0.0370154 0.2048558 0.103315 0.04937314 0.02601839 0.1236849 0.02629372 0.0132316
0.0958855 0 0.01839979 0.07128502 0.02886933 0.03163505 0.04982489 0 0.009964978 0.08658355 0.02209523 0.03822523 0.1073902 0.3330517 0.05091092 0 0.1226393 0.008345524 0 0.08119129 0.2020446 0.2557504 0.04102859 0.05978987 0.009964978 0 0.009288695 0.09906732 0.09957076 0.0708584 0.0386987 0.2307406 0.1243541 0.1982577 0.2550996 0.03227109 0.0470432 0.04203344 0.05633624 0.05540896 0.05016489 0.1096148 0.04108564 0.3010384 0.03405344 0.003784304 0.1487256 0.2789168 0.1710544 0.03407328 0.07281534 0.07686688 0.08226531 0.01490912 0.07818032 0.2285721 0.2645325 0.09410219 0.004407214 0 0.1065699 0.203296 0.02014848 0.06566872
0.03761193 0.03867419 0 0 0 0.02473913 0 0.02827313 0.01992996 0.04982489 0.0224415 0.1801578 0 0.1206082 0.07529058 0.02551334 0.04320825 0.02332903 0.06767773 0 0.01992996 0.06975485 0.04982489 0.02988851 0.0860799 0.07275065 0.09631693 0.09654551 0.1066667 0.003374458 0.0814631 0.04384091 0.1152053 0.2050835 0.1270735 0.07862384 0.09448598 0.01436006 0.4248617 0.3752421 0.009964978 0 0.009964978 0.09964979 0.1624979 0.1420203 0.02989493 0.03985991 0.1322568 0.08010223 0.1131097 0.1937052 0.09131068 0.05202942 0.06910016 0.04795954 0.2066319 0.2270791 0.09964979 0.01782377 0.08540493 0.1268281 0.03985991 0.4105514
0.2347176 0.01639607 0 0.01536709 0.04982489 0.04501572 0 0.03151675 0.1096148 0.03093747 0.01750822 0.03516123 0 0.02989493 0.07717475 0.01992996 0.03498264 0.03663505 0.04850294 0 0 0.004668426 0.01526153 6.427611e-006 0.02564427 0.02478974 0.0324402 0.03646579 0.107256 0.008444684 0.01835761 0.04772775 0.09023148 0.1522948 0.03974739 0.009964978 0.1025635 0.1597384 0.1536119 0.05046257 0.1735424 0.2838347 0.1232482 0.05478208 0.08548891 0.05978987 0.1418994 0.03852078 0.04251766 0.01992996 0.03342386 0.1156849 0.05308677 0.08748028 0.03985991 0.1255708 0.1583126 0.3324287 0.03848045 0.06798175 0.03037625 0.139426 0.2658013 0.06371561
0 0 0 0.00456287 0 0 0 0.009964978 0 0.009964978 0.09359606 0.5136099 0.05366524 0.01992996 0.02254187 0.009964978 0.008102144 0.009964978 0.01992996 0.009964978 0.07071012 0.01222267 0 0.0001136016 0 0.01580423 0.06323196 0.07736945 0.06320689 0.1358006 0.130382 0.2060172 0.3453328 0.07394339 0.06016192 0.02989493 0.08616957 0.05332302 0.08131621 0.1977613 0.1856183 0.1853495 0.2508051 0.05530142 0.2165725 0.05978987 0.07502868 0.1898599 0.1080592 0.01992996 0.04751631 0.08744396 0.1983322 0.06927223 0.01251077 0.02534485 0.2119606 0.2660624 0.05757764 0.03413395 0.0365788 0.3194122 0.2575646 0.06938912
0.1135871 0.009145426 0.01078453 0 0 0 0 0 0 0.01992996 0.01948936 0.1495107 0.09964979 0.008287311 0.01989831 0.1309457 0.05691342 0.01967961 0 0.01129609 0.02839189 0.07800992 0.04028019 0.04971129 0.07588276 0.05417687 0.009669154 0.0006827614 0.08191799 0.07436315 0.08792832 0.03011427 0.05040568 0.01652708 0 0.06679199 0.02976184 0.01009808 0.01629047 0 0.01038724 0.02831085 0.1746746 0.1465076 0.1543525 0.00776756 0.123662 0.1893193 0.260381 0.07732307 0.03647121 0.02571541 0.07971983 0.1181101 0.1342224 0.185931 0.1277826 0.06470092 0.1325945 0.3322767 0.1438162 0.3927284 0.3784815 0.118128
0.08387419 0.02429954 0.03985991 0.01992996 0.03985991 0 0 0 0.02989493 0.001953373 0.04787152 0 0.06577738 0.06854014 0.07713956 0.0252809 0.04982489 0.04619978 0.004536169 0.0490063 0.03262841 0.1192731 0.03037581 0.1137444 0.1291532 0.120008 0.4107949 0.04571819 0.004323837 0.02610348 0.05538874 0.05159064 0.1228018 0.03106317 0.06603154 0.05088639 0.05679537 0.06940164 0.01360446 0 0.009964978 0.009964978 0.03694478 0.03129395 0.07170279 0.1088593 0.0777817 0.05943071 0.152092 0.02989493 0.01992996 0.03985991 0.01993169 0.1566836 0.2945709 0.511816 0.1933721 0.2429637 0.527842 0.3086569 0.3646464 0.1939829 0.1967575 0.01236856
0.0538692 0.08514627 0.01013393 0.009964978 0.009964978 0 0 0.04330129 0.001779167 0.02811577 0.08348596 0.05978987 0.05669474 0.172364 0 0.07828251 0.1909696 0.03224351 0.04242733 0.02989493 0.0532556 0.2041746 0.06204945 0.04618634 0.106737 0.3327864 0.3750499 0.1020041 0.1218532 0.106155 0.08317962 0.076239 0.1529555 0 0.08449452 0.118857 0.03317273 0.2213486 0.1167777 0.01992996 0.01992996 0.02989493 0.01472912 0.01513044 0.1123568 0.05239161 0.003482697 0.1378453 0.1021363 0 0.009964978 0.1088335 0.04911165 0.1361199 0.03460003 0.07716013 0.1960561 0.1116228 0.3727277 0.2458123 0.149822 0.01859194 0.1016067 0.09279036
0.04906178 0 0.04982489 0.009964978 0 0.02126689 0.01862136 0.1261033 0.01992996 0.109285 0.1932892 0 0.06304658 0.05357377 0 0.3865601 0.02029498 0.009547848 0.122738 0.0620371 0 0.1678154 0.02926253 0.04970324 0.3378903 0.2888667 0.1237452 0.1003598 0.1692096 0.09414639 0.1409403 0 0 0.04982489 0.1845744 0.1732782 0 0.03985991 0.0370086 0 0.01992996 0.01992996 0 0.09264272 0.06725413 0.113553 0.01373394 0.0978756 0.08775162 0.2123097 0.2100734 0.1407699 0.2137298 0.01780086 0.111243 0.3309356 0.3376036 0.09818896 0.03841964 0.08699864 0.2402994 0.2016906 0.06187867 0.1585314
0.08057336 0.03480932 0 0 0 0.00993664 0.01086289 0.01416208 0.06593001 0.1098086 0.02250403 0.04103277 0.1090025 0.1872975 0.1025075 0.1053052 0.09259101 0.06622159 0.1262827 0.07640447 0.105392 0.05999244 0 0.04385825 0.1842989 0.09077345 0.08968481 0 0.1507518 0.1753188 0.07573684 0.009964978 0.05544731 0.03361125 0.1408416 0.1255968 0.1312425 0.1714148 0.1142637 0.0315174 0.02989493 0.1135627 0.06956358 0.206172 0.1649136 0.1523046 0 0.0384579 0.1064959 0.3434972 0.3188793 0.01838365 0.1412586 0.01992996 0.1294118 0.561706 0.5047565 0.6157949 0.07689713 0.07671455 0.02132615 0.1145651 0.2262284 0.07801532
0.04004123 0.2093686 0.03557446 0.01992996 0.02419192 0.1155726 0.1042727 0.1018455 0.0801122 0.009964978 0.01037262 0.09600443 0.08701647 0.06857933 0.01745467 0.03629415 0.1624967 0.2117833 0.02822197 0 0.03119795 0.03883755 0.04982489 0.05024309 0.0698183 0.04966095 0.01959345 0.03618634 0.0745704 0.1598932 0.2141625 0.009964978 0.06374776 0.1664791 0.2328732 0.2142667 0.1685671 0.04274281 0.03875329 0.2067402 0.3285451 0.38049 0.2683169 0.1049211 0.07146221 0.05458687 0.01992996 0.2435711 0.02985617 0.08795764 0.03729247 0.1613604 0.06014625 0.04787757 0.3713169 0.8666968 0.4281164 0.3392381 0.08104494 0.05078735 0.08667272 0.3453711 0.804292 0.35504
0.2019133 0.1217551 0.07386298 0.07859554 0.009964978 0.004152612 0.07542633 0.0670903 0.09806499 0.009964978 0.04359537 0.01639146 0.04982489 0.02310108 0.03985991 0.03122005 0.06304653 0.05182493 0.08968481 0.02989493 0.02512502 0.03530602 0.03985991 0.09457631 0.1720553 0.150066 0.1193465 0.1111034 0.1372843 0.07636523 0.03691239 0.1594397 0.01028011 0.02757213 0.02514675 0.10949 0.1919019 0.02078989 0.0216827 0.0302207 0.04815822 0.1371098 0.1561428 0.004734573 0.004886473 0.04767787 0.3685388 0.0987652 0.06009888 0 0.01906168 0.03414497 0 0.1003859 0.208705 0.2522984 0.3133199 0.1593562 0.370616 0.1983371 0.07133021 0.2173651 0.06964365 0.04937843
0.02675519 0.03599397 0.08256696 0.02295483 0.05056046 0.1054278 0.05546585 0.01524944 0.06975485 0 0.08581103 0.02404781 0.03019926 0.0521389 0.02989493 0.05108019 0.1575486 0.07867524 0.04982489 0.01647101 0.06324881 0.02795075 0.06135848 0.02756962 0.1103781 0.1877959 0.123171 0.03038758 0.03217046 0.04982489 0.009964978 0.05978987 0.03036622 0.1006981 0.1429627 0.005348714 0.2989896 0.05978987 0.04207908 0.08227281 0.1719993 0.07109172 0.08935788 0.1858461 0.1486594 0.04575374 0.1498625 0.1519442 0.05952306 0.03985991 0.01992996 0 0.1185194 0.1018832 0.01419129 0.08887792 0.1689833 0.07503087 0.2798055 0.3541254 0.2597739 0.02082116 0.09041987 0.0003118509
0.03728812 0.1655615 0 0.04395289 0.060649 0.2484127 0.02446931 0.1218214 0.1478492 0.06975485 0.05380018 0.03219864 0.01460097 0.04019026 0.08105106 0.1798903 0.02426789 0.03355426 0.03007747 0 0.01855595 0.03381522 0.1924832 0.221781 0.06367199 0.04701077 0.05302603 0.0005299132 0.009964978 0.02886494 0.0287088 0.009964978 0.1003293 0.01216041 0.04931243 0.2107837 0.08829493 0.006931134 0.006566797 0.009964978 0.01390405 0.04530188 0.04207143 0.03985991 0.05151827 0.3863753 0.05996642 0.3094641 0.1013501 0.04540851 0.1253473 0.05702535 0.1608251 0.2473338 0.09510525 0.3354405 0.1538533 0.1894074 0.488824 0.1090129 0.4506284 0.263175 0.06020113 0.2602647
0.05451719 0.1006974 0.04817216 0.002157291 0.1218333 0.06376883 0.09548488 0.005191601 0.05822297 0.009964978 0.009964978 0 0.03985991 0.02989493 0.0239395 0.1814885 0.272736 0.06272209 0.02756236 0.02494773 0.01843561 0.05005349 0.07382523 0.04391088 0.06066925 0.2572469 0.1030804 0.04982489 0 0.05008164 0.03084473 0.03985991 0.03661761 0.01262728 0.02259148 0.123919 0.0498453 0.03292878 0.07315303 0.01629194 0.02989493 0.07154007 0.1810821 0.318058 0.3489078 0.09861123 0.1958118 0.1046657 0.2621739 0.04851427 0.06628492 0.2625133 0.08492476 0.1139326 0.06752326 0.02450122 0.2897524 0.2566577 0.07953674 0.3297921 0.5767243 0.08967356 0.03999047 0.05947132
0.02989493 0 0.009964978 0.009964978 0.009964978 0.07745777 0.126441 0.04995448 0 0 0.02989493 0.01476508 0.07592487 0.07564555 0.08794351 0.4850439 0.1467361 0.03985991 0.03985991 0.008242038 0.01142206 0.008684447 0.03962387 0.01272455 0.5632086 0.5499514 0.06378754 0.05952024 0.07998946 0.07110346 0.01959093 0 0.1028921 0 0.0276566 0.03730929 0.04744763 0.02498234 0.02989493 0.05876822 0.03400505 0.08949459 0.1784277 0.03876935 0.07225001 0.391712 0.3003061 0.1766051 0.132172 0.1511164 0.03751442 0.2718459 0.1390316 0.1220508 0.1423246 0.08940937 0.08160491 0.09134222 0.2320465 0.1593501 0.01022594 0.05868835 0.001021869 0.07227271
0.05978987 0 0 0 0.009964978 0.009964978 0.05978987 0 0.04982489 0 0.03821086 0.07971983 0.01993304 0.03296099 0.218412 0.1470108 0 0.002232182 0.04320905 0.2920124 0.02843786 0.3265518 0.5138269 0.1365178 0.1783262 0.2689216 0.0005693844 0 0 0.03800043 0.09964979 0.205057 0.00829355 0 0.1018881 0.07517424 0.05707748 0.1425267 0.115854 0.05634412 0.05482125 0.1078479 0.01992996 0 0.1557041 0.02475366 0.1076737 0.1564407 0.5331509 0.5573477 0.2733235 0.1262626 0.06703054 0.2863795 0.2272781 0.03403857 0.03868499 0.08745559 0.1052242 0.09716747 0.07004699 0.1223783 0.1697466 0.2108965
0 0.01992996 0.04982489 0.09862287 0.03264469 0.1100556 0.1191389 0.01617091 0.1707913 0.09651413 0.03174422 0.02490471 0 0 0.02989493 0.07642286 0.05579084 0.03762773 0.06317554 0.3756556 0.08461556 0.480469 0.07471762 0 0.09884357 0.05887067 0 0.01033057 0.08949854 0.1035066 0.03836716 0.1157502 0.1337194 0.03303022 0.05008657 0.06455699 0.04989735 0.04414903 0.08449661 0.03176607 0.009964978 0.2618465 0.366166 0.5211903 0.4906276 0.5985882 0.33158 0.5055186 0.2241422 0.08931757 0.1822512 0.1173854 0.1024304 0.3246076 0.2377528 0.09675744 0.0833248 0.03985991 0.00958088 0.07500891 0.1100891 0.2481681 0.02989493 0.0304696
