EnvRasters/Baseline_High/mxdfrst.asc
ncols         270
nrows         223
xllcorner     24099.479091542
yllcorner     21023.840179216
cellsize      1003.8986847201
NODATA_value  -9999
[rows 87 to 115 of 223, columns 192 to 255 of 270]
0.01743158 0 0.0437091 0 0 0 0 0 0.009964978 0 0 0 0.02989493 0 0 0.03652553 0.08655861 0 0 0 0 0.001871422 0.07971983 0 0.04849901 0.0910107 0.06928311 0 0 0 0.009520258 0 0 0.02405786 0.008505319 0.04508083 0.01992996 0.01774162 0 0 0 0 0.009964978 0.02388231 0 0 0.06023527 0.1107785 0.05296795 0.04119789 0.02855696 0.3004204 0.6250736 0.2988412 0.2750959 0.6634437 0.04766607 -9999 -9999 -9999 -9999 -9999 -9999 -9999
0.002498381 0.004965894 0.02809843 0 0 0 0 0 0 0 0 0 0 0 0 0 0.009964978 0 0 0 0 0.008093556 0 0 0.06975485 0.05067576 0.02989493 0 0 0.02967881 0.0104097 0.04594523 0.06366953 0.01992996 0.1708643 0 0.009964978 0.002188334 0 0 0.009964978 0 0.009964978 0.08932695 0.0003578616 0.000354888 0.1638235 0.05086651 0.07483181 0.1703105 0.07095172 0.4268132 0.3174506 0.2477803 0.1384062 0.01626653 0.4386201 0.06145383 -9999 -9999 -9999 -9999 -9999 -9999
0 0.009161362 0.013715 0 0 0 0 0 0 0 0 0 0.009964978 0 0 0 0 0 0 0 0 0 0 0.0376908 0.07192396 0.08967919 0.009964978 0 0 0.03011106 0 0.03621447 0.1254794 0.02674231 0.09815286 0 0.009964978 0 0 0 0 0.06975485 0.03945797 0.05259819 7.159688e-005 0.02049304 0.009401898 0.007039291 0.3897181 0.4836006 0.07580505 0.08992583 0.2460569 0.1040459 0 0.003554299 0.7454509 0.3699319 -9999 -9999 -9999 -9999 -9999 -9999
0 0 0 0 0 0 0 0 0 0.009964978 0 0.01992996 0 0 0 0 0 0.009964978 0.03985991 0 0 0.01066289 0.06237392 0.06976562 0.03040523 0.09939411 0.04982489 0.009964978 0 0.04970162 0.0194944 0.02989493 0.0176954 0.003132925 0.03139186 0.01992996 0.009964978 0 0 0 0 0.009964978 0 0.09749959 0.01963722 0 0.009964978 0.006987394 0.1512403 0.08245783 0.07217788 0.06693234 0.5141364 0.02085194 0 0 0 0.5027373 0 -9999 -9999 -9999 -9999 -9999
0 0.009964978 0 0 0 0.009964978 0 0 0 0 0 0.004763637 0.02106584 0.03017324 0.03844573 0 0 0 0 0 0.05978987 0.002994737 0.05901562 0.1030775 0.1095049 0.07088312 0.01992996 0 0 0.0001232682 0.0004355571 0 0.006592898 0.0223664 0 0.01807435 0.02178556 0.007884284 0 0 0 0 0 0.009964978 0 0.009964978 0 0 0.009964978 0.03985991 0.009964978 0.01473677 0.2286677 0 0.003900574 0.01917729 0.0045873 0.02005211 0.02872593 0.005459836 -9999 -9999 -9999 -9999
0.02749857 0 0 0 0 0.01992996 0 0 0 0 0 0.005201341 0.06975485 0 0.009964978 0.03820417 0.01523368 0.009964978 0 0.009964978 0.009964978 0.009964978 0.004439388 0.00552559 0.04047535 0.04472135 0.004586586 0.02989493 0.009964978 0 0 0 0.0006815647 0.00025407 0 0 0 0.002080694 0.01992996 0 0 0 0 0.006421316 0 0 0 0 0.04219477 0.0175951 0 0 0 0.07353327 0.02611652 0.006817075 0 0.0250558 0.303814 0.6560289 -9999 -9999 -9999 -9999
0.002396361 0 0 0.009964978 0 0 0 0.01998526 0.05532873 0 0 0.03985991 0.1494747 0 0 0.016317 0.03324203 0.05978987 0.03080027 0.05282741 0.1295447 0 0.009964978 0 0.02444064 0.02419153 0.01590794 0.013987 0.01992996 0.009928946 0.009772802 0.01894705 0 0 0 0 0 0 0 0 0 0 0 0.003543662 0 0 0 0.01992996 0.03985991 0 0 0 0 0.009964978 0.1951618 0.05285507 0.08070666 0.2067145 0 0.6037728 0.140393 -9999 -9999 -9999
0 0 0 0 0 0 0 0 0.1239856 0.01992996 0 0.009964978 0 0.009964978 0.02989493 0.07063977 0.0878673 0.216815 0.1963443 0.1149677 0.1784295 0.142295 0 0.01992996 0 0.01570771 0.04502942 0 0 0.01996599 0.05725541 0.01367453 0.009964978 0.06792793 0.01615674 0.04956955 0 0 0 0 0 0 0 0.03332644 0.05563262 0.04982489 0 0 0.002829312 0.007135666 0 0 0 0.1439031 0.9090008 0.8566256 0.6992506 0.8505766 0.1128576 0.216155 0.5070428 0 -9999 -9999
0.009964978 0 0 0 0 0 0.009964978 0 0.009964978 0 0.01516034 0.1096148 0 0.008831711 0.02959151 0.1340168 0.01992996 0.05978987 0.003898708 0.06767042 0 0 0.07015202 0.09925261 0.06975485 0 0.02894767 0.009964978 0.009964978 0 0 0.04982489 0 0.001826918 0.06715249 0.0455721 0.0009187417 0.01793088 0 0 0 0 0.08482625 0.4739383 0 0 0 0 0 0 0 0.01992996 0.04304583 0.8179982 0.9698066 0.9598203 0.9134299 0.3080093 0.8082538 0.9038519 0.4206353 0.006525083 -9999 -9999
0 0 0 0 0 0 0 0 0 0 0.1079982 0.08610602 0.1787541 0.06619611 0.05781319 0.09745783 0.01358148 0 0 0 0.02242742 0.03985991 0 0.02177682 0 0.03725468 0 0 0 0 0 0 0 0 0 0 0 0.01196406 0 0 0.0009151805 0.009049798 0 0 0.009964978 0.01992996 0 0.009964978 0 0 0.009964978 0 0.1462055 0.4113147 0.9680032 0.4096541 0.2158037 0.4945043 0.5944808 0.1256832 0 0 0.009964978 0
0 0 0.01992996 0 0 0.009964978 0 0 0.005614735 0.001732297 0.008232681 0 0.264397 0.06879482 0.1404697 0.009964978 0.09326404 0.01992996 0 0.05467853 0.09229869 0.03985991 0.1449351 0.123772 0.1035959 0.102255 0.05978987 0.1889648 0.1516988 0 0.01992996 0.02989493 0 0 0 0.01992996 0 0.009964978 0 0 0 0.02009841 0.04668323 0.009964978 0.009964978 0.002749103 0.01718085 0 0.01529121 0 0 0.009964978 0.1314384 0.5254344 0.9324189 0.8572258 0.2141234 0.3779667 0.06016672 0.3102364 0.0587422 0.1197998 0.1689275 0.122922
0.08751497 0.05978987 0.03694614 0.0103706 0.09964979 0.02800038 0.01850962 0.03135689 0.01448943 0.07808366 0.03985991 0.152654 0.07223865 0.156529 0.1567214 0.007819165 0.2540395 0.01489439 0.001786651 0 0.007930454 0.006928905 0.03063845 0.09542635 0.01992996 0.04982489 0 0.03158772 0.1060676 0 0.02989493 0.01844855 0.001131008 0 0 0 0 0 0 0.01992996 0 0.1676328 0.07449986 0.05644671 0.02505373 0.01480619 0 0 0.01460373 0.01419163 0.145833 0.06690386 0.2846927 0.7679741 0.4940107 0.5931144 0.990565 0.4436087 0.7725213 1 0.9529519 0.9694122 0.9931837 0.9812673
0 0.07208645 0.04982489 0 0.04675899 0.1459868 0.02989493 0.1435006 0.02590404 0.02989493 0.086273 0.1787342 0.05843391 0.01021726 0.05774887 0.0505141 0.01171175 0.09443177 0.2962813 0.2745279 0.3464936 0.2341905 0.03741694 0.04531707 0.01269485 0.009964978 0.02766858 0.01219134 0 0.009964978 0 0 0.02989493 0.009964978 0.0288827 0 0 0.002102708 0.06580713 0.06645647 0.1339095 0.09486171 0.1728078 0.09598408 0.009964978 0.01992996 0.3108874 0.8659958 0.5828089 0.9131874 0.4869427 0.1944021 0.4774821 0.6052604 0.8758929 0.5503428 0.226647 0.6789911 0.4808792 0 0.2489962 0.7609387 0.2420052 0
0.02027803 0.1096148 0.02731787 0 0.02299586 0.05665934 0.02989493 0.05407603 0.04809473 0.2620775 0.09323683 0.03467843 0.05104112 0.0470596 0.06825779 0.1187267 0.06671721 0.1174871 0.07730183 0.4469133 0.1036871 0.02516925 0.1069006 0.1338467 0.1909649 0.08833721 0.1232226 0.1028337 0.01992996 0 0 0 0.01992996 0.04982489 0.00101224 0.01068575 0.03325601 0.1353067 0.02035782 0.03647093 0.01992996 0 0.02991534 0.1915987 0.3594288 0.5148194 0.431877 0.5322774 0.636941 0.197075 0 0.1706624 0.8140544 0.5975372 0.5834618 0.7613413 0.7770404 0.1556467 0.2149938 0.292064 0.1319199 0.02824682 0 0
0.04583061 0 0.07313103 0.1200662 0.199294 0.1392291 0.2461969 0.09323617 0.08569682 0.08985244 0.01338088 0.2386649 0.3022171 0.02989493 0.03985991 0.1612129 0.09785794 0.05219842 0.01735376 0.03368129 0.02275804 0.08442625 0.4205008 0.4629649 0.5916082 0.6014133 0.2618569 0.1338869 0.02989493 0.05978987 0.02989493 0.01989539 0.03985991 0 0.009964978 0.01264779 0.08951317 0.02892211 0 0 0 0.05978987 0.01718327 0.3631894 0.6739664 0.3461279 0.1513399 0.3221222 0.3899615 0.2529422 0.3963616 0.6176493 0.9377685 0.4895251 0.1736512 0.926958 0.7083318 0.1153436 0 0.005105177 0.6485071 0.2308872 0.006868772 0.04165529
0.06614982 0.05315844 0.009964978 0.06427129 0.4001129 0.3632739 0.07724516 0.04463869 0.006977398 0.0501144 0.1250827 0.2287427 0.2744764 0.08845078 0.2138036 0 0.1511485 0.004462878 0.01333395 0 0.1070149 0.2212367 0.08488744 0.2083292 0.4030968 0.2840468 0.1953008 0.05253756 0.009964978 0.09951936 0.120336 0.06031093 0.1294427 0.009430336 0.01992996 0.001293304 0.01863665 0.04176187 0.07781787 0 0.007660699 0.327267 0.7067105 0.3555221 0.5444602 0.7439297 0.4145466 0.6114949 0.3881013 0.5608655 0.4166234 0.05681498 0.697937 0.4573328 0.7680073 0.1684851 0.2327204 0.1254345 0.1553961 0.5533375 0.5570906 0.004313214 0.3079157 0.03219438
0.01081573 0.1408773 0.01992996 0.01733603 0.2599864 0.1922507 0.5329589 0.618932 0.2987807 0.2533094 0.184084 0.1739499 0.9164374 0.5657886 0.9231068 0.02957448 0.05395405 0.2189202 0.3022343 0.05978987 0.250674 0.1831675 0 0 0.2789194 0.1071776 0.265689 0.05418885 0.1697472 0.08111576 0.08934911 0.1598206 0.1490926 0.1609657 0.1664667 0.3493942 0.4277362 0.04235246 0.04563062 0.009964978 0.09198909 0.009486537 0.3188806 0.2211072 0 0 0.03023215 0.1333513 0.172916 0.2688262 0.9373003 0.5346017 0.7524502 0.3249444 0.35535 0.1337371 0.03553254 0.7600872 0.6958855 0.3226228 0.2060383 0.4190961 -9999 -9999
0.1415822 0.1514106 0.03933467 0.1080033 0.1228095 0.3136265 0.4477057 0.4150551 0.2449318 0.1121159 0.2189851 0.9030212 0.5338877 0.2244453 0.2516671 0.1022297 0.3934721 0.4683405 0.09267353 0.1758222 0.3092319 0.1459961 0 0.009964978 0.08666362 0.1358406 0.2257898 0.4660823 0.4340963 0.3825652 0.2635628 0.7507485 0.7046016 0.6090633 0.3149915 0.4765778 0.7601814 0.4752067 0.0918749 0 0.08229417 0.01496202 0.07029608 0.1925903 0.01382472 0.03923496 0 0.05648898 0.2982692 0.01588319 0.8941769 0.9569376 0.724878 0.04052252 0.0781223 0.5261651 0.8989711 1 0.7741761 0 0.119645 0.008245762 -9999 -9999
0.06975485 0.1027899 0.1813464 0.2898479 0.4186376 0.09213466 0.06118338 0.04335175 0.01643812 0 0.0642111 0.09646731 0.7789936 0.05511738 0.05038762 0.2942906 0.3380135 0.1746532 0.01668038 0.4350803 0.7302913 0.4149326 0.3920923 0.1789272 0.2964621 0.2675783 0.3712463 0.4164045 0.5918124 0.7566847 0.3396883 0.5352736 0.1717923 0.179481 0.262372 0.1314626 0.1632977 0.350186 0.0560202 0.0733946 0.2040336 0.04830302 0.2555982 0.09459282 0.29019 0.1102397 0.2274169 0.1435075 0.03175629 0.02803358 0.2895667 0.4002527 0.2236846 0.4105285 0.9428659 0.6717228 0.2734549 0.9666845 0.7306291 0.1302047 0 0 -9999 -9999
0.009964978 0.1099017 0.5843458 0.8504832 0.8368374 0.08335475 0.05801768 0.009964978 0.05577323 0.06380651 0.02459501 0.04515984 0.04740073 0.03824371 0.0839445 0.0632879 0.04437006 0.02522202 0.03985991 0.03648381 0.183596 0.09253377 0.07946011 0.02893364 0.02989493 0.04982489 0.2255446 0.2221001 0.2547031 0.029743 0.03152181 0.268776 0.1104235 0.008595739 0.001925844 0.04789905 0.06975485 0.01992996 0 0.02788046 0 0.411566 0.3481551 0.1764948 0.1600068 0.1871667 0.5758133 0.06082392 0.004004815 0 0 0.05356339 0.1653482 0.3777991 0.1768997 0 0.2175884 0.3535597 0.518666 0.04698863 0 0 0.01992996 -9999
0.2689009 0.3728177 0.4233314 0.8726355 0.8060919 0.4098047 0.03516309 0.02787652 0.03461935 0.01937975 0.01631739 0.09666787 0.02517058 0.1697149 0.1249077 0.04297619 0.179444 0.1986091 0.09422991 0.03579803 0.009964978 0.01992996 0.02989493 0.03985991 0.002169784 0.4311033 0.1994395 0.1279095 0.0547608 0.01992996 0.09995602 0.4949753 0.3831678 0.009964978 0 0.05157039 0.2473664 0.03871668 0.2613287 0.6116564 0.04705447 0.1173845 0.09418538 0.3808885 0.4232116 0.2772744 0.1037472 0.2350611 0.1434104 0.009964978 0 0 0.04523149 0 0 0 0.07614136 0 0.006390987 0 0.0877839 0 0 -9999
0.9391897 0.8197529 0.7557276 0.154037 0.04356631 0.001916774 0 0 0.01612649 0.1012975 0.1997285 0.4020383 0.3955351 0.2447714 0.4415164 0.7016801 0.3912685 0.3069466 0.1304201 0 0.005732017 0.1674166 0.1010296 0.02989493 0.02707616 0.01683793 0.009964978 0.01992996 0 0.04072287 0.1841951 0.3878747 0.461592 0.3288267 0 0.157959 0.1221935 0.3650229 0.7414783 1 0.3486226 0.01555358 0 0.009964978 0.17943 0.4120646 0.1962429 0.6147664 0.08676657 0.009964978 0 0 0.09747121 0.3053336 0.09765058 0 0.009089464 0.2977199 0.1587189 0.2083698 0.3357376 0.03985991 0.04194297 0.06767179
0.6146169 0.5609895 0.431647 0.0231934 0.07737689 0.1005367 0.03805246 0.06639853 0.009964978 0.03727379 0.1699115 0.1834465 0.04585438 0.6401415 0.6546389 0.6778941 0.2496051 0.275584 0.1432297 0.07791355 0.0343021 0.02217026 0 0.03985991 0.01412592 0.03376961 0.1995195 0.009745074 0.1007413 0.0102349 0.0730289 0.2393551 0.4276279 0.129831 0.2732841 0.194937 0.8618572 0.9035287 0.8934625 0.5902889 0.1026262 0 0.01515821 0.04171551 0.03985991 0.2831993 0.5034239 0.1906424 0.03322313 0 0.03985991 0.1192506 0.5809923 0.537518 0.4960641 0.1056385 0 0.5362216 0.4640768 0.1041805 0.4548621 0.01034738 0.08859628 0
0.02479907 0.3526801 0.175044 0.04264486 0.01206065 0.01992996 0.01434959 0.008936682 0.0947777 0.2357887 0.08579775 0.2152186 0.1704215 0.02042366 0.1977512 0.1734441 0.2543635 0.2577957 0.2044338 0.04877912 0.1941526 0.04588335 0.0490447 0.1212968 0.04999743 0.0360617 0.003931832 0.130276 0.0188384 0.02075565 0.2016824 0.3601998 0.2242595 0.1099251 0.0732844 0.2794349 0.6382186 0.8686401 0.8759826 0.5865424 0.1673417 0.01992996 0.03137385 0.2744708 0.2139333 0.1980211 0.5642955 0.6381918 0.2600937 0.03684368 0.2625895 0.0562898 0.03397319 0.2941097 0.2025331 0.4125898 0.01170796 0.2650613 0.5222176 0.0191885 0.7372252 0.2140979 0.136231 0.001801278
0 0.07572048 0.1199408 0.1910333 0.03867043 0.01761785 0.08759639 0.02989493 0.02989493 0.2192658 0.02609508 0.1605615 0.1492651 0.05830298 0.01992996 0.5628715 0.4349638 0.07522968 0.2455004 0.2260709 0.08035685 0.2418429 0.2191796 0.03116955 0.01552001 0 0.3314601 0.3016354 0.01992996 0.1624493 0.2220565 0.2355258 0.06233612 0.05330145 0.07461721 0.1698704 0.4180768 0.6732937 0.2972053 0.1818428 0.02199293 0.1257774 0.1006988 0.2978486 0.3916737 0.1241906 0.09704744 0.3036485 0.1490307 0.322977 0.1130614 0.0009112 0.4018429 0.765011 0.2013964 0.1021709 0.4583559 0.08363694 0.2299796 0.4094485 0.47959 0.07802734 0.4073837 0.03435412
0.1621055 0.03699473 0.07527928 0.2724104 0.02563927 0.03716419 0.1821954 0.04982489 0.3501872 0.3961357 0.1658752 0.1561131 0.1276537 0.1128951 0.009964978 0.04982489 0.3880891 0.1825179 0.07866824 0.06804466 0.06067969 0.07236444 0.1099021 0.09234393 0.1179743 0.09428015 0.1331792 0.03985991 0.06854445 0.6624937 0.3893189 0.06743282 0 0 0.02989493 0.1841124 0.1547218 0.1477862 0.009964978 0.03492988 0.246676 0.3551344 0.2403195 0.02737035 0.05358405 0.2641241 0.1928636 0.09088283 0.2932076 0.2470565 0.6838414 0.8277012 0.6614449 0.149004 0.5110676 0.113539 0.04409174 0.1209437 0.3828251 0.1505941 0.1824824 0.05540739 0 0
0.05696061 0.02961624 0.1986542 0.2014114 0.0983298 0 0.04694055 0.01096535 0.04942251 0.3076631 0.1325909 0.09936364 0.2233948 0.03759505 0.07475356 0.00798235 0.0617725 0.008486907 0.199656 0.2160424 0.1079628 0.07605124 0.07029712 0.2697348 0.2836478 0.1656182 0.1056512 0.1627788 0.1912041 0.1922376 0.1867346 0.4627449 0.3194454 0.07315581 0.2540288 0.2312531 0.3353479 0.2887383 0.1569712 0.3168395 0.9174533 0.2157135 0.4043955 0.04729703 0.03168914 0.200711 0.08171272 0.337786 0.3475404 0.06117903 0.1382929 0.5586177 0.2545657 0.1034979 0.1471428 0.3723523 0.04540319 0.08867725 0.06307613 0.2834377 0 0 0 0
0.1050975 0.08777242 0.08968481 0.0166662 0.07219678 0.01381904 0.07599027 0 0.1262384 0.138978 0.06866502 0.1940383 0.07549368 0.02515478 0.1042802 0.0281205 0.05867613 0.05157331 0.1239403 0.1941109 0 0.1401778 0.03132313 0.1702909 0.3395853 0.08925088 0.2340452 0.5352156 0.3262186 0.1280789 0.2472441 0.9805145 0.6839972 0.05301766 0.4192727 0.1774745 0.4763124 0.116543 0.7953792 0.869305 0.418716 0.6986021 0.9984128 0.3348708 0.1783921 0.3625525 0.1203563 0.1410509 0.1826739 0.2600682 0.3099771 0.2090717 0.2862836 0.07614131 0.1246659 0.2007081 0 0 0.01784156 0.02093298 0.03002275 0.01054268 0.01992996 0.05978987
0.1948922 0.009964978 0.02105357 0.01533132 0.05978987 0.08196719 0.09913883 0.1166023 0.01727218 0.08798609 0.105105 0.223896 0.2023482 0.2021743 0.2931988 0.2293207 0.09278331 0.09573805 0.1839966 0.199928 0.2897218 0.4124868 0.3266971 0.08291487 0.02574274 0.1598666 0.306516 0.4111942 0.1819189 0.289242 0.4070283 0.6188322 0.499654 0.1180727 0.2188139 0.05204824 0.02802056 0.2831556 0.7053429 0.3553119 0.4204975 0.9032724 0.7508503 0.1070704 0.2154169 0.1785245 0.08286325 0.05883833 0.2492315 0.2808005 0.399661 0.1646604 0.07395352 0.09006976 0.03085062 0.2618699 0.2036581 0.03985991 0.001606872 0.03683308 0.1484953 0.3407514 0.05727002 0
