EnvRasters/Baseline_High/mxdfrst.asc
ncols         270
nrows         223
xllcorner     24099.479091542
yllcorner     21023.840179216
cellsize      1003.8986847201
NODATA_value  -9999
[rows 116 to 144 of 223, columns 192 to 255 of 270]
0.1385929 0.1808463 0.09430198 0.01992996 0.0775473 0.00753221 0 0.08968481 0 0.1075728 0.07620649 0.08355328 0.1458381 0.4373067 0.3311296 0.3388509 0.04515866 0.1250955 0.09441403 0.07900841 0.1066889 0.2981677 0.2636384 0.1732988 0.05474032 0.2325485 0.4555471 0.3258574 0.5656268 0.5102468 0.2861128 0.1360589 0.2777871 0.06393404 0.1521564 0.1264431 0 0.0539681 0.6178579 0.4291369 0.6908428 0.5029728 0.5643923 0.3679682 0.2152041 0.1348149 0.4852992 0.3666323 0.3187325 0.438263 0.4168001 0.220401 0.2146988 0.05580469 0.1691691 0.1001439 0.2729824 0.06034648 0.05107468 0.1329564 0.08816154 0.06245334 0 0
0.08370259 0.05626431 0.02634539 0.1363156 0.1006231 0.04214606 0.07625122 0.1271231 0 0.04634554 0.05752705 0.00783203 0.03641246 0.4621985 0.4341944 0.1110922 0.1191167 0.2595363 0.1601317 0.1298894 0.03986832 0 0.2707272 0.05906627 0.01371567 0.2582155 0.5643039 0.5160475 0.7179652 0.922916 0.4087074 0.4371587 0.7750539 0.2312206 0.01572882 0.02907343 0.009241937 0.1255779 0.2937002 0.2814019 0.3018584 0.2891244 0.3285173 0.1037424 0.4898751 0.1095307 0.3189243 0.399238 0.3759085 0.2880226 0.4278707 0.1264659 0.2288858 0.09444685 0.1276661 0.02802279 0.05173041 0.01770091 0.04118999 0.01518172 0.0169542 0.04332916 0.0271329 0.06995508
0.0006057785 0.1567417 0.06653715 0.03101106 0.03874379 0.0565942 0.03010942 0.03755949 0.06653012 0.003479352 0.009964978 0 0.0913233 0.1398448 0.08995011 0.07544 0.1204454 0.1239621 0.06003421 0.0201886 0.1823982 0.2049243 0.5825518 0.3953746 0.1946654 0.1150272 0.4092456 0.1701812 0.8353408 0.8678378 0.8806482 0.2644135 0.3389363 0.06907286 0.1399406 0.0008215053 0.1590437 0.236568 0.4353049 0.2491638 0.3693084 0.1586098 0.09404559 0.3080303 0.5617871 0.600034 0.5654347 0.3732842 0.1056884 0.2050965 0.1881921 0.2251951 0.1866877 0.2073692 0.1221025 0.04623295 0 0.06201892 0 0 0.006090884 0.02682061 0.03985991 0
0.01992996 0.02584066 0.06540333 0.009964978 0.02989493 0.004949159 0.07697038 0.2221986 0.09076089 0.001617945 0.1195797 0 0.1292416 0.1738359 0.324916 0.08073151 0.2982078 0.1310381 0.03394908 0.010657 0.3190883 0.6402622 0.3996533 0.6241382 0.4653008 0.3444358 0.2111514 0.5250884 0.5900761 0.8666422 0.618704 0.4800481 0.1993515 0.4508111 0.3750693 0.06334489 0.3241035 0.01680355 0.230649 0.3146889 0.06317546 0.09972224 0.02989493 0.3599396 0.7072962 0.1872376 0.04067607 0.04004429 0.1022298 0.2323949 0.03152006 0.04968078 0.1432643 0.04211453 0.2597762 0.2369714 0.07467141 0.002421581 0.01750838 0.03985991 0.01691339 0.009964978 0.01992996 0
0 0.1653179 0.09401824 0.04865424 0 0.02917322 0.1527106 0.05704039 0.2020569 0.2015446 0.1996396 0.4860033 0.1737615 0.2281936 0.3763392 0.1701281 0.1753413 0.06884982 0.1168475 0.1402745 0.08525595 0.3886513 0.132696 0.6713382 0.4457552 0.1545262 0.02711671 0.5372207 0.3355855 0.2258466 0.06107423 0.07241692 0.3488523 0.2804244 0.6289677 0.2153517 0.4008605 0.2491607 0.08966646 0.1076485 0.106995 0.1427327 0.1133784 0.4278491 0.1527846 0.2449945 0 0.1451063 0.2020358 0.1894438 0.3171901 0.0758685 0.06415425 0.02989493 0.05150205 0.05823722 0 0.01256873 0.00736123 0.00447281 0.2975314 0.2039491 0.07071815 0.1733212
0.06024238 0.1586176 0.06559403 0.1032851 0.1669998 0.1080432 0.1152893 0.1051611 0.009964978 0.1124877 0.2130291 0.4071736 0.03317602 0.08252155 0.4015635 0.184728 0.06072928 0.06383923 0.01901585 0.2208411 0.05185643 0.02529957 0.2723754 0.5165441 0.2683887 0.09501393 0.07971983 0.4248836 0.311961 0.3410458 0.2008347 0.08488487 0.240039 0.1930249 0.2139624 0.1042836 0.3184555 0.3522822 0.2490278 0.1862851 0.2398505 0.074398 0.1296946 0.1240196 0.1199916 0.04260367 0.13493 0.1640002 0.3436978 0.1555452 0.2669558 0.1047194 0.09298859 0.06408182 0.3592011 0 0 0 0 0.05206315 0.145053 0.1322123 0.4600065 0.5470152
0.01992996 0.02989493 0.03518433 0.08262595 0.1309834 0.1423774 0.05484511 0.04704611 0.2575523 0.2198841 0.2332045 0.09538599 0.1242538 0.1480532 0.1043493 0.3007347 0.3815112 0.1752749 0.539925 0.2155255 0.07284115 0.1218001 0.2804793 0.2517981 0.3868927 0.2672862 0.08164651 0.3341607 0.6853889 0.2243588 0.5749222 0.2650579 0.1273622 0.113573 0.5236148 0.3210832 0.09806498 0.2644371 0.3211684 0.2223482 0.601613 0.4067026 0.2445321 0.2253249 0.03157808 0.1701586 0.4170532 0.2480292 0.2586609 0.05520266 0.13219 0.1096217 0.2212352 0.1329506 0.3060088 0.04321716 0 0 0 0 0 0.009964978 0.04261978 0.05122292
0 0 0.0589782 0.03033102 0.07716653 0.01057581 0.08317695 0.3537423 0.02293474 0.04654895 0.06070253 0.03464255 0.1132905 0.1001581 0.01992996 0.07487391 0.1378617 0.1924267 0.01723657 0.05189607 0.7450395 0.1690592 0.2319249 0.2668117 0.08832908 0.1717582 0.2160549 0.2701019 0.3416852 0.2436573 0.1976522 0.1655417 0.1484877 0.0358885 0.09286128 0.1497018 0.1387228 0.03100686 0.3069969 0.263847 0.09861783 0.4531029 0.1026308 0.1204685 0.3383058 0.1448295 0.0938917 0.1139068 0.05889365 0.01104496 0.03477016 0.01144542 0.1680337 0.1475858 0.01506214 0.02871633 0.1896741 0 0 0.01992996 0.06924067 0.08942688 0.04336996 0.07948126
0.009964978 0.02887455 0.04551459 0.1358902 0.6072623 0.08023234 0.1067312 0.01992996 0.1083905 0.4010661 0.1883112 0.02989493 0.009964978 0 0.05064454 0.07951352 0.08968481 0.0105394 0.05310914 0.03229051 0.2505305 0.09125682 0.3460835 0.08224373 0.02647621 0.5209185 0.01847018 0.331793 0.1682799 0.2332306 0.09494636 0.1798242 0.01166196 0.141436 0.02989493 0 0.03248646 0.2572337 0.1503224 0.2163939 0.09288564 0.2092712 0.426955 0.2588377 0.1332417 0.2194388 0.4215737 0.1858546 0.1196412 0.1890253 0.2884928 0.06130768 0.03985991 0.03985991 0.1650853 0.09398765 0.03075058 0.009964978 0.009964978 0.08671626 0.196598 0.4640572 0.2310763 0.3476745
0.1025833 0.2564263 0.1146011 0.0659218 0.009964978 0.009964978 0.1249684 0.1374142 0.1543759 0.2194779 0.0943872 0.02989493 0.1933977 0.02162884 0.02434821 0.05533035 0.101096 0.02774936 0.3097553 0.1294831 0.5507961 0.2502608 0.7105274 0.1382554 0.03913438 0.1848955 0.3300629 0.1550343 0.126407 0.139426 0.1978003 0.2207956 0.08668702 0.1289478 0.1305878 0.1186365 0.08899429 0.3883564 0.301065 0.1797876 0.3713796 0.2244603 0.2695149 0.2583092 0.395286 0.07621349 0.4050861 0.1425882 0.1867711 0.2322095 0.2672293 0.05414695 0.02989493 0.03253054 0.08704921 0.07225729 0.1218726 0.1096148 0 0 0.003167042 0.007031277 0.01341864 0
0.009964978 0.0323475 0.08322442 0.1579136 0.04982489 0.04597942 0.05614809 0.2461944 0.1542872 0.01361093 0.06340671 0.09964979 0.1451043 0.2066868 0.1956316 0.1721123 0.1702572 0.09033375 0.1674108 0.1147667 0.123662 0.3344667 0.146785 0.02646825 0.04697555 0.1861079 0.2099777 0.1399004 0.1930425 0.2413952 0.1726379 0.1324069 0.3515656 0.146006 0.1233681 0.2266843 0.09513722 0.05978987 0.16806 0.2497839 0.3937806 0.6094635 0.07830682 0.06194716 0.1501055 0.09915382 0.02989493 0.02989493 0.08528738 0.06254184 0.343214 0.1001503 0.1201266 0.1116285 0.01992996 0.3994793 0.8651056 0.09484349 0 0.009964978 0 0 0 0
0.009964978 0.006657497 0.0121255 0.1808957 0.07971983 0.2278844 0.1375016 0.1150194 0.05151108 0.09725752 0.2931434 0.1695438 0.220634 0.02824944 0.221639 0.08043685 0.04318646 0.04982489 0.05978987 0.1013651 0.1632047 0.1982437 0.2863724 0.4939291 0.221152 0.1083892 0.184718 0.05425194 0.261874 0.423767 0.3010711 0.150036 0.2044808 0.6611047 0.3579185 0.1023584 0.1469832 0.2193765 0.2208933 0.09396948 0.3537449 0.5805314 0.2858344 0.1122119 0.1709977 0.1469778 0.09508336 0.02663889 0.2915598 0.2124934 0.213841 0.04568854 0.059113 0.1742416 0.0951774 0.2608341 0.7425136 0.02511864 0 0 0 0 0.01992996 0.05058519
0.2073242 0.1220805 0.2167981 0.1083728 0.08527485 0.2345864 0.03815879 0.08193099 0.1926393 0.2670797 0.09280518 0.06049355 0.03915624 0.1184441 0.341095 0.1095216 0.02233139 0.01778272 0.2283557 0.106935 0.2357806 0.1033619 0.8746977 0.9047933 0.3926893 0.2718822 0.3863214 0.2636762 0.04987132 0.1994719 0.0344838 0.2081473 0.1196185 0.3054441 0.1380529 0.3597631 0.2341642 0.1591505 0.1899837 0.08793291 0.1115136 0.1927712 0.07020003 0.05851213 0.04157491 0.03239177 0.05685929 0.08204622 0.1028358 0.1242314 0.1927624 0.2592958 0.007288879 0.09310113 0.08673628 0.1007694 0.2105675 0.06113234 0 0 0 0 0 0.1250432
0.249338 0.3852083 0.191824 0.2012488 0 0 0.2778347 0.1350674 0.05852815 0.07595348 0.4362156 0.1443283 0.315692 0.04697048 0.1152877 0 0.07081573 0.4177669 0.2757996 0.2271977 0.3471089 0.6318204 0.7111837 0.5696357 0.1440577 0.1697176 0.09324903 0.2194073 0.147966 0.4123151 0.196581 0.2526605 0.152058 0.1578985 0.2348135 0.3821825 0.6537824 0.115789 0.1658318 0.1321482 0.2290323 0.1202582 0.09954447 0 0.03761208 0.014126 0.05061271 0.03985991 0.2026805 0.2708762 0.2531285 0.08036526 0.0255912 0.158413 0.5669855 0.4501708 0.02860225 0.009964978 0.02397771 0.04982489 0 0 0 0.1384053
0.2623879 0.2496052 0.06582613 0.03765696 0.0871384 0.1107472 0.08468269 0.02984974 0.0777079 0.1793696 0.1836801 0.1249275 0.2090917 0.2605489 0.1238641 0 0.1324911 0.8262383 0.1793057 0.04989173 0.2070958 0.711684 0.2475214 0.3114029 0.3206083 0.2514045 0.2755586 0.1154683 0.2120825 0.5871437 0.1171593 0.1727661 0.06098966 0.08258416 0.02785902 0.4137002 0.3155381 0.1429077 0.2271925 0.1219071 0.09003652 0.04978009 0.009964978 0.03304397 0.2669404 0.09884574 0.07393023 0.05780119 0.04962469 0.2233825 0.1938231 0.191258 0.09350064 0 0.268494 0.5093727 0.9002573 0.2290711 0.1455531 0.008882967 0 0.1082501 0.05789459 0.01428071
0.04703097 0.07593378 0.04276581 0.1866434 0.1381278 0.1207934 0.02990975 0.06754392 0.03704792 0 0 0.1496713 0.3422416 0.3124837 0.03787096 0.2604668 0.5953243 0.1793377 0.1277175 0.1012432 0.2266286 0.1044006 0.3965057 0.9081116 0.05670583 0.1313306 0.1577685 0.1193337 0.2339167 0.1091173 0.02494165 0.2400578 0.1257099 0.03347623 0.1453702 0.3118705 0.2559192 0.04279967 0.08826543 0.2123688 0.3587056 0.1401365 0.04089153 0.2040668 0.2431193 0.08897296 0.07644162 0.3041822 0.5055555 0.2053736 0.1341552 0.1681502 0.01992996 0.01305956 0.2976424 0.08089225 0.1094643 0.1570729 0.2729736 0.1077649 0.04273176 0.2409167 0.294466 0
0.1598481 0.1810247 0.08946778 0.2168393 0.1859867 0.06787951 0.05015524 0.05372516 0.1153151 0.00788466 0.2051444 0.3876329 0.1112034 0.0995523 0.009964978 0.1934586 0.4701961 0.6000125 0.1392969 0.2998056 0.1922775 0.09472289 0.2419681 0.2453565 0.2451054 0.132607 0.2506534 0.05074045 0.1387305 0.1634282 0.3022033 0.2394742 0.09530659 0.09980368 0.05737424 0.07033748 0.1599678 0.1311889 0.138457 0.06992954 0.3701633 0.04982489 0.2547937 0.04978201 0.08370816 0.1311347 0.07933724 0.03574031 0.3538421 0.6127712 0.1056501 0.03167777 0.008644226 0.3529965 0.2741184 0.01521975 0 0.03710987 0.2143662 0.002370739 0 0.2532755 0.2449614 0
0.09656825 0.2078151 0.3003432 0.231582 0.05030657 0.01181104 0.133304 0.01992996 0.1809494 0.5734534 0.2595995 0.1484809 0.07779302 0.05596036 0.07572069 0.05382403 0.09680039 0.2142208 0.230886 0.154842 0.05109306 0.1227293 0.1496224 0.5163811 0.3899673 0.07723221 0.09283274 0.08816856 0.1251405 0.1678308 0.2320947 0.1067217 0.009964978 0.01992996 0.0277916 0.01230927 1.307017e-005 0.009964978 0.2212725 0.2300134 0.1927011 0.1378713 0.1781464 0.09370365 0.04982489 0.06904902 0.1228096 0.5264689 0.2980885 0 0.1105296 0.01992996 0.04437721 0.1896924 0.2603147 0.04430794 0 0.03182564 0.1046715 0.02411137 0 0.1611082 0.2448825 0
0.2632719 0.231738 0.1214271 0.08329706 0.009964978 0 0.4057625 0.1598224 0 0.05537597 0.2132846 0.1419459 0.04617193 0.01379449 0 0.05140591 0.3192514 0.1680262 0.05508011 0.08968481 0.1086929 0.437188 0.4583351 0.2949469 0.1127837 0.009964978 0.1083419 0.2284741 0.2383316 0.07191866 0.02580771 0.07076369 0.03722162 0.08184976 0 0.03017115 0.000513069 0 0.009964978 0.0007609158 0.08419541 0.1084105 0.102911 0.07268836 0.1279326 0.09498997 0.05978987 0.1036388 0.002998986 0 0.3688493 0.111268 0 0 0 0.05488551 0.03988605 0.01992996 0 0.0356785 0.01393258 0.3001748 0.5394711 0.2342241
0.3744565 0.1940466 0.02989493 0 0 0.4384057 0.8170615 0.5592375 0.08708215 0.06162851 0.04115377 0.01992996 0.1056421 0.2589459 0.3745769 0.1928052 0.2320227 0.1783637 0.005188387 0.05145273 0.3744487 0.2418182 0.3137449 0.1898652 0.1070815 0.05575705 0.1542538 0.2150605 0.04232621 0.1273553 0.369653 0.437796 0.4360163 0.1128863 0.1002377 0.1584156 0.05044704 0.1089926 0 0 0.1670534 0.2332024 0.01203756 0.1848768 0.1462159 0.02514034 0 0 0 0 0.1109542 0.009964978 0 0 0.04548032 0.06527369 0.1335737 0.009964978 0 0.3756802 0.07961011 0.08397538 0.2107805 0.213142
0.3403978 0.3101389 0.06027918 0.1388161 0.4267322 0.981532 0.985488 0.7165193 0.4935275 0.01800529 0.01992996 0.02662109 0.2617553 0.3180562 0.5838895 0.1432653 0.1718125 0.3469153 0.1949801 0.5060823 0.6070069 0.8102013 0.4579095 0.1884822 0.05639818 0.15847 0.2189183 0.176421 0.2005981 0.2719416 0.2822887 0.7108096 0.3373098 0.1735962 0.08822131 0.09319358 0.04138427 0.119151 0 0.01130675 0.1350513 0.1539208 0.4507243 0.193273 0.196749 0.07903603 0 0 0 0.06666093 0.03672213 0.08955106 0.03002868 0.07197402 0.08746564 0.01569265 0.0897464 0.1838915 0.03089459 0.1355049 0.0138137 0.01591947 0.1260772 0.1525983
0.05210637 0.1203604 0.159313 0.7150494 0.2094162 0.7947445 0.5401388 0.2504486 0.1007731 0.1388977 0.2259762 0.2759404 0.1648668 0.08601297 0.3494785 0.1262123 0.1194334 0.1498974 0.1102746 0.2262457 0.6745435 0.5599525 0.482925 0.07325162 0.1165388 0.1201387 0.245447 0.2823464 0.1334395 0.1641137 0.134964 0.1572281 0.1769582 0.1492137 0.08123079 0.1970974 0.1283644 0.08091003 0.05838539 0.1030712 0.3407738 0.2554013 0.3091708 0.0868782 0.08530889 0.1175685 0.02355816 0.03168285 0.2267036 0.06135359 0 0.06501777 0.01470205 0.009964978 0.008879662 0.02194455 0.1200546 0.1715623 0.09458704 0.07246573 0.0378878 0.02189645 0.01992996 0.2350028
0.05998042 0.2749798 0.2536251 0.5952188 0.2050025 0.1457442 0.2859984 0.2023602 0.1416095 0.2127584 0.1971983 0.08838279 0.06235443 0.3119629 0.200032 0.07976915 0.1061556 0.08234411 0.5053243 0.08540407 0.3053334 0.08287849 0.1006647 0.08308318 0.06168838 0.1909222 0.05791014 0.0823934 0.03224121 0.390409 0.4807493 0.09446996 0.09073 0.03370642 0.08861521 0.2609118 0.07202377 0.102352 0.1309386 0.1172858 0.3418947 0.04434277 0.1708044 0.1678001 0.2750063 0.2393597 0.2868862 0.141478 0.03598242 0.01532315 0.02511378 0.2105502 0.06216526 0.009964978 0.1052549 0.09400745 0.1107141 0.09332111 0.1447334 0.04568841 0.03815871 0.07780051 0.07048726 0.1040996
0.2008434 0.7807835 0.269531 0.2464716 0.4174175 0.1396412 0.1318702 0.1763634 0.2378773 0.06324728 0.4884187 0.04588585 0.1699564 0.09192613 0.275087 0.07521655 0.1438383 0.0321109 0.1051148 0.1732524 0.7841765 0.2466894 0.2453959 0.1028049 0.1250311 0.1939709 0.3546183 0.1122467 0.005519041 0.2951392 0.4766275 0.3283086 0.2415595 0.1921373 0.1110284 0.1280584 0.1873602 0.05009992 0.1485308 0.2648124 0.1673695 0.2568125 0.1794024 0.068468 0.04129168 0.008077331 0.05648018 0.1198183 0.1002962 0.07203843 0.05343023 0.07782333 0.06737947 0 0.05090162 0.1084487 0.05699082 0.1224773 0.009964978 0.04413773 0.1487751 0.03985508 0.05977022 0.03740837
0.1010385 0.2984566 0.04141868 0.03131291 0.1956052 0.2398382 0.2725786 0.06910971 0.6262559 0.6679424 0.2300509 0.2073582 0.2184733 0.158768 0.1556523 0.495821 0.07081055 0.1026877 0.3091681 0.08686655 0.3246055 0.4079889 0.08697005 0.0765008 0.4369549 0.07477719 0.45853 0.355851 0.173287 0.4604032 0.3320489 0.4170013 0.1171566 0.08464006 0.2121013 0.1931269 0.2540015 0.1679208 0.02989493 0.104132 0.02904154 0.1454171 0.158446 0.1330733 0.08707258 0.0819225 0.03985991 0.1551489 0.08681694 0.07396755 0.08388677 0.01637115 0.009964978 0.06975485 0.01992996 0.04617905 0.01806923 0.1245643 0 0.1695291 0.07603008 0.2466938 -9999 -9999
0.02068255 0.1198331 0 0.1205064 0.1088812 0.07690486 0.09746683 0.2635605 0.4278337 0.6525433 0.1701441 0.1468146 0.3227552 0.0904147 0.04009487 0.2145799 0.3278439 0.3423302 0.7466121 0.4129252 0.2478508 0.06348883 0.03985991 0.07987035 0.1280242 0.1524872 0.1858302 0.5253331 0.09441936 0.1114752 0.1664197 0.01321411 0.2039245 0.1079367 0.09077293 0.07855324 0.1269822 0.08463372 0.1589898 0.1267172 0.07465649 0.1807858 0.2083625 0 0.155501 0.1810923 0.07212137 0.0585066 0.08603879 0.007817262 0.001375791 0.05960052 0.07350301 0.009964978 0 0.007512199 0.0270866 0.008120853 0.1405201 0.1684617 0.07138766 0.1560222 -9999 -9999
0.2088684 0.1863535 0.03139894 0.01844635 0.08300016 0.6583779 0.2773868 0.3888682 0.293375 0.9554467 0.3534139 0.1016246 0.003223874 0.1742014 0.2239113 0.1524051 0.2715839 0.2064244 0.3954284 0.15952 0.274652 0.2411407 0.1743025 0.09811178 0.2837467 0.4653181 0.2172559 0.2764046 0.1759271 0.4583305 0.1055745 0.08634637 0.06104885 0.1991436 0.07387356 0.1661924 0.09977959 0.1872207 0.1333537 0.08556033 0 0.1606804 0.09925571 0 0.1655899 0.09049005 0.04200027 0.08592448 0.06099509 0.09326604 0.07880291 0.1222357 0.08675522 0.0877888 0.00867564 0.0586786 0.09004118 0.06167808 0.1107658 0.07520287 0.1032138 0.06992906 0.01038361 -9999
0.1766019 0.05093412 0.003710669 0.04687143 0.2104065 0.6505154 0.2713012 0.4369653 0.05629649 0.3880483 0.2935811 0.1996739 0.4247759 0.1599508 0.2582751 0.08769383 0.1112031 0.1158792 0.4855915 0.4000115 0.1880372 0.1449396 0.1019846 0.02989493 0.06816905 0.5296351 0.3168281 0.3847548 0.3093119 0.2627543 0.1243313 0.04773959 0 0.185237 0.06695869 0.05465622 0.1013952 0.1708226 0.09001618 0.1164373 0.04899741 0.1816376 0.310459 0.1203065 0.2543108 0.2300974 0.2204391 0.236648 0.2708997 0.1586736 0.1827775 0.1175584 0.03677073 0.1221788 0.1325145 0.07083213 0.1200702 0.02465773 0.004711702 0.07351486 0.1548478 0.08023459 0.1171625 -9999
0.01861522 0.2074811 0.1551203 0.05261677 0.1459967 0.1994414 0.22169 0.4135074 0.1278482 0.107007 0.2162313 0.2708451 0.3170855 0.2442863 0.4098275 0.06342385 0.1890197 0.1934531 0.3105245 0.2121515 0.1651519 0.2106074 0.1080952 0.3375929 0.3003991 0.397874 0.5212703 0.8532196 0.6635756 0.6945099 0.7438361 0.1179001 0 0.02252641 0.09924418 0.1999284 0.2568772 0.1093911 0.1525136 0.1563374 0.09773412 0.2833717 0.459024 0.1918858 0.2108828 0.1655864 0.2320655 0.1930502 0.1571842 0.1702739 0.02015772 0.1791418 0.04619155 0.1557487 0.1233757 0.1083211 0.1658379 0.1291734 0.0600942 0.1112816 0.06497914 0.0102195 0.06979566 -9999
