EnvRasters/Baseline_High/potatoes.asc
ncols         270
nrows         223
xllcorner     24099.479091542
yllcorner     21023.840179216
cellsize      1003.8986847201
NODATA_value  -9999
[rows 102 to 135 of 223, columns 78 to 155 of 270]
0.1225486 0.1548909 0.1008262 0.1397749 0.08890111 0.05707645 0.1276842 0.06951744 0.06087292 0.06785741 0.04045557 0.07106985 0.1480239 0.06054862 0.04220237 0.06145819 0.08662663 0.11764 0.1038739 0.0730003 0.04912462 0.04150713 0.05748907 0.1121289 0.06781855 0.01954082 0.0006673567 0.03708997 0.01108783 0.1004959 0.05056078 0.06626334 0.09595899 0.09363224 0.03246163 0.0216993 0.06426673 0.07154021 0.04135609 0.007830258 0.04799655 0.06375805 0.04211255 0.08776078 0.04161648 0.06373119 0.001282615 0.05103774 0.1043816 0.1060741 0.01939447 0.0721036 0.079927 0.06716986 0.08445002 0.1335712 0.04609174 0.03886516 0.01198928 0.02548251 0.06969845 0.05142868 0.1278766 0.07108506 0.05610451 0.06544419 0.03307293 0.1139445 0.1171269 0.1023672 0.1062526 0.02068614 0.02584986 0.1031031 0.09128653 0.003064419 0.08831065 0.132387
0.08104905 0.1532183 0.1532925 0.05646421 0.0415457 0.06530348 0.1393611 0.1478883 0.08147312 0.1236966 0.02219263 0.07186034 0.1225246 0.0926765 0.1447881 0.06850861 0.1087537 0.1305361 0.04991369 0.08028752 0.1175054 0.02504363 0.0284799 0.0294136 0.02783198 0.01776098 0.002401403 0.005487904 0.01734418 0.06581908 0.1315707 0.08728952 0.04516205 0.01731178 0.046657 0.06918554 0.05124021 0.0270488 0.02056645 0.02968631 0.08422603 0.06741977 0.05478182 0.1489198 0.1106907 0.08514088 0.09112476 0.09130536 0.1103877 0.06040777 0.03337396 0.06364957 0.1208571 0.03763265 0.1123024 0.07485971 0.08153196 0.06511402 0.025131 0 0 0.01611022 0.09803982 0.06124979 0.05264958 0.03837381 0.066476 0.1231818 0.1562424 0.05138905 0.06325663 0.03948216 0.07722375 0.05626548 0.03022606 0.05952599 0.08338415 0.09501711
0.1333689 0.1222587 0.1231 0.01969274 0.03696405 0.04946066 0.07930129 0.1442873 0.1107041 0.1092624 0.06721321 0.138881 0.1910298 0.1148445 0.1169595 0.08980575 0.079665 0.06669958 0.08521961 0.1109286 0.05220166 0.07576885 0.04654661 0.06591643 0.01654167 0.02592043 0.03470321 0.04292473 0.0511853 0.0547655 0.07307409 0.03421967 0.0001579293 0.03958717 0.07703461 0.07545784 0.01367533 0.06559586 0.07344198 0.004220173 0.007303282 0.06745348 0.02210347 0.03560686 0.04027985 0.0546037 0.06808182 0.08715301 0.02112394 0.1016332 0.1224448 0.1117849 0.1042973 0.09463773 0.09092509 0.09150602 0.01461907 0.05742572 0.008253536 0.04179999 0 0.0704235 0.05515232 0.05037082 0.04707016 0.04140462 0.1096329 0.1403593 0.1754461 0.04686169 0 0.01922407 0.04661548 0.117575 0.1240247 0.1441222 0.07511824 0.1009229
0.08721411 0.06418881 0.03860064 0.1070443 0.06618231 0.1063617 0.07972816 0.06149617 0.09152742 0.1208953 0.06806408 0.1016904 0.08539312 0.08815448 0.01579139 0.06155271 0.1449177 0.1251706 0.1419777 0.07463254 0.1107617 0.09863883 0.04779578 0.03126857 0.04506328 0.03346591 0.05698345 0.07459047 0.02656865 0.09008183 0.1104677 0.02973046 0.03816882 0.04597985 0.04482845 0.04590053 0.02969054 0.01793995 0.03936979 0.05185362 0.03768217 0.05998045 0.07512408 0.06438823 0.05491093 0.04000009 0.04377891 0.09121884 0.1114981 0.08967014 0.09629141 0.05452874 0.1143808 0.1336814 0.04605344 0.05748006 0.009055214 0.08414374 0.08199307 0.09197148 0.01519811 0.1178813 0.0824941 0.06530748 0.09092527 0.07393596 0.1599278 0.1713529 0.05766973 0 0 0.04140532 0.03438233 0.06985582 0.08324552 0.07434749 0.07721905 0.06788333
0.07791962 0.02553136 0.02007745 0.078542 0.0372966 0.1372824 0.147598 0.05829239 0.1411253 0.1455093 0.09195098 0.05140563 0.07820128 0.04560826 0.1547475 0.1749107 0.1610666 0.1458009 0.09024627 0.1035729 0.125674 0.1219638 0.05695319 0.05199644 0.04623175 0.1002443 0.09674573 0.04684309 0.03873121 0.06483026 0.05938612 0.07649908 0.07994559 0.05712046 0.0249926 0.01455537 0 0.001698172 0.03729833 0.04135256 0.09283219 0.07725409 0.01564613 0.1071896 0.09813807 0.09418403 0.03612363 0.03264415 0.1350952 0.01784755 0.0881849 0.09451967 0.08115927 0.06554685 0.09931451 0.1016199 0.04217408 0.1069648 0.04507792 0.04504811 0.02956826 0.08003934 0.03819229 0.06061054 0.04952586 0.1869569 0.2266392 0.15112 0.1037754 0.0486751 0.1151716 0.06407759 0.01324993 0.1605304 0.121863 0.1302208 0.03241598 0.04138346
0.02285311 0.002670518 0.01925823 0.08517995 0.06735162 0.1789668 0.06458265 0.06952368 0.1131102 0.1014412 0.1027482 0.1269561 0.09556982 0.02331579 0.0958479 0.1464212 0.1311564 0.1040591 0.04851591 0.1048853 0.07611538 0.06718479 0.02873383 0.03048214 0.07990226 0.07471657 0.1534833 0.08971842 0.1196411 0.06598826 0.03433288 0.07239415 0.109593 0.1019105 0.05661355 0.04460144 0.001943039 0.04146601 0.03468083 0.02574375 0.04634997 0.08828556 0.06197096 0.1001852 0.1184682 0.1104194 0.06264957 0.05418516 0.1207376 0.06181783 0.04383759 0.02783982 0.01289308 0.02122873 0.1356084 0.05800643 0.1642715 0.1524898 0.12201 0.1265297 0.08687437 0.09491796 0.04193273 0.02301139 0.06536146 0.1263131 0.08202614 0.05463119 0.0402593 0.02277424 0.03194355 0.05196499 0.1008671 0.06449254 0.1135393 0.18179 0.005595988 0.09021527
0.01262498 0 0 0.08732298 0.0813187 0.1441448 0.07234056 0.144631 0.1498395 0.1760589 0.08547463 0.0409063 0.07430228 0.0969585 0.07826559 0.1164362 0.1600258 0.07889511 0.1017501 0.04204279 0.06416698 0.05427695 0.1157206 0.03694287 0.1004946 0.07926583 0.1477223 0.1222686 0.05397112 0.05175936 0.09777953 0.03627687 0.03698925 0.1003795 0.009567562 0.09263553 0.01464765 0.008090994 0.01906174 0.006820848 0.03528431 0.05784838 0.02102607 0.08046576 0.1227025 0.1248802 0.02857101 0.06318842 0.1049492 0.06512327 0.1013308 0.1201407 0.08772724 0.0531752 0.07260959 0.06006219 0.1672672 0.184449 0.09030943 0.2040007 0.1427828 0.1606435 0.05383755 0.01195117 0.05963817 0.02894943 0.09302449 0.05595693 0.09317014 0.09273712 0.001237434 0.03309572 0.0973553 0.01509975 0.05144674 0.1320058 0.04116087 0.09921736
0.1053653 0.0520361 0 0.08385726 0.08109292 0.1060636 0.0574964 0.1273115 0.1698965 0.1772944 0.08805303 0.08797222 0.07470408 0.129566 0.1222712 0.08456626 0.04118468 0.03703623 0.05751906 0.02002527 0 0.03745611 0.07388856 0.07242903 0.07784783 0.04135286 0.07574955 0.1181915 0.006904931 0.007465719 0.06419612 0.04944355 0.06517339 0.02062903 0 0.08714458 0.01967536 0.03180509 0.04147388 0.006741315 0.007175937 0.03754766 0.02168778 0.162819 0.04957832 0.07692081 0.08482157 0.1167027 0.1193208 0.04025595 0.08661281 0.1610926 0.04522662 0.07667474 0.1146115 0.06651907 0.1339088 0.1357005 0.05746561 0.08288883 0.09458642 0.07273277 0.03834976 0.008870595 0.008816208 0.04417533 0.1329677 0.06077084 0.1243181 0.01166769 0.02064342 0.05362539 0.01923109 0.05285628 0.1357128 0.06255195 0.03187076 0.1546263
0.03601683 0.001200638 0 0.02198264 0.01478002 0.0454422 0.0495422 0.1546837 0.04376283 0.0577524 0.07423202 0.06702436 0.06832808 0.02932267 0.04387063 0.04065664 0.001970714 0.0007080869 0.001801759 0 0 0 0.02996428 0.09726576 0.04162976 0.03925447 0.1007241 0.05041678 0.00853762 0.02456352 0.003806901 0.03503443 0.01129552 0.01480745 0.009862024 0.02331448 0.01383967 0.006153544 0.02404442 0.001394195 0.002466345 0.02085827 0.1049717 0.1449712 0.072979 0.02610592 0.02471548 0.01610304 0 0.002170352 0.09137104 0.0417956 0.07705946 0.113744 0.09480929 0.0783664 0.1240903 0.09809577 0.1418082 0.03828583 0.06419732 0.01477489 0.05305595 0.07117414 0.03087626 0.08467183 0.09106167 0.0240281 0.04551716 0.02461903 0.02331707 0.07309602 0.1065151 0.03733719 0.07510522 0.143084 0.07277228 0.08820016
0.009818285 0.0009033693 0 0.009276665 0.02268201 0.02624801 0.05413424 0.02724036 0 0 0 0 0 0 0 0 0.001305698 0.00060526 0 0 0 0 0 0.03948726 0.06569427 0.05608699 0.005121631 0.05221509 0.03147617 0.0336818 0.04111752 0.04846288 0.004026821 0.004141388 0 0.01379967 0.002453855 0.003702445 0 0.0113672 0.04312157 0.04351087 0.04923817 0.1034809 0.1124114 0.1625403 0.07139131 0.0356395 0.05432287 0.02512924 0.1353146 0.07830669 0.1094185 0.03913536 0.008200165 0.03095815 0.1888567 0.1352718 0.1675227 0.1626804 0.08716737 0.1812126 0.09102421 0.05855957 0.01451288 0.03937837 0.0359524 0.01967382 0.01836375 0.07299171 0.118852 0.09367293 0.0648175 0.140838 0.08396254 0.06757674 0.04808293 0.006708843
0 0 0 0 0 0.01724405 0.01055606 0 0 0 0 0 0 0.003126222 0.003255663 0.008015327 0 0 0 0 0 0.00173833 0.00402009 0.0525785 0.08535556 0.03013471 0.03573916 0.02862518 0.001389385 0.01720183 0 0.01378774 0.01277216 0.01031388 0 0 0.0101034 0.009469634 0.03643894 0.02020101 0.05075725 0.002134064 0.005894462 0.02819754 0.004672229 0.07782427 0.1442339 0.08194695 0.02381154 0.01508803 0.05906401 0.04387782 0.09157824 0.05040508 0.08312774 0.1234477 0.1208458 0.1450934 0.1467783 0.139919 0.08134386 0.1351181 0.1477421 0.05111159 0.02827601 0.05463363 0.1210275 0.1323016 0.01560167 0.1065649 0.08495416 0.09539779 0.09235968 0.09070339 0.05920777 0.1223666 0.09826165 0.006902772
0.0008586116 0.00374675 0.02477689 0.0200252 0 0.002671149 0 0 0 0 0 0.02852946 0.008310439 0.02452821 0.01693399 0.0007814431 0 0 0 0 0 0.01522748 0.002796825 0.002419083 0.08193243 0.06428742 0.02949607 0.04601837 0.05851497 0.002661414 0.04354916 0.0008770347 0 0 0 0 0.003659776 0.005847584 0.03017865 0.03866421 0.09440499 0.06067683 0.01355052 0.03363395 0.01302187 0.1134704 0.0633669 0.004820289 0.0206598 0.009273582 0.01249938 0.01392132 0.01933363 0.04733979 0.1051476 0.1180573 0.04023767 0.2073503 0.1500155 0.06294653 0.006985294 0.1306186 0.132335 0.01766447 0.02311155 0.09183675 0.01124639 0.04835821 0.009827463 0.006102961 0.01858782 0.01693274 0.06786817 0.06294773 0.01205061 0.01195704 0.007161173 0.03595931
0 0.01665374 0.02507489 0.03054667 0 0 0 0 0 0 0 0.007063332 0 0.001339576 0.00489214 0.001529662 0 0 0.01586951 0.01662684 0 0 0 0 0.004152192 0.005995435 0.009464102 0.008018024 0.009225261 0 0.005633477 0.02040363 0.004313036 0.007297361 0 0 0 0 0.004116193 0.07009345 0.02683474 0.01687316 0.01935345 0.0813208 0.03579229 0.1535698 0.02600455 0.02934992 0.06818231 0 0 0 0 0.01023598 0.01112669 0.02996939 0.0532628 0.09410119 0.1554644 0.07510535 0.05187993 0.03369206 0.0077819 0.0589739 0.04494579 0.05672462 0.0266418 0.003796124 0.03133 0.01545435 0 0 0.03577482 0.002311351 0.0349443 0.04164894 0.08108818 0.04450532
0 0 0.0161202 0.04172687 0.0008069536 0.002014192 0 0 0.00128707 0 0 0 0.008525362 0.02710263 0.02059136 0.006057873 0 0 0 0 0 0.00507324 0.01021983 0.006672111 0 0.003196016 0.01337227 0.003332584 0 0.01856898 0.05155431 0.05345713 0.003866084 0.006482844 0.000932952 0 0 0 0 0.004299443 0.000810209 0.002688365 0.04607238 0.03145514 0.0002084566 0.03568791 0.02542244 0.001632962 0.005258889 0 0.001029841 0 0.002775956 0.02152978 0 0.01885311 0.05987351 0.05679875 0.02332328 0.1395382 0.09737144 0.03140507 0 0.0392263 0.01659986 0.007159556 0.0157661 0.0006464744 0.001297994 0.001280411 0.01879141 0 0.1596654 0.02165537 0.01220202 0.01899049 0.005457679 0.004928407
0.04926977 0.01388926 0.009928901 0.02487284 0.001188232 5.697054e-005 0 6.19462e-005 0.002034907 0 0 0 0.00403235 0.006082512 0.009237195 0 0 0 0 0 0 0 0 0.02838999 0.002715862 0 0.02203515 0.03926665 0.005188468 0.008629081 0.03087824 0.04700737 0.001141956 0.02325156 0.009932023 0 0.0009241193 0.008959508 0 0 0.03929978 0.1179005 0.06120806 0.08022218 0.02667021 0.04587853 0.04275174 0.005328351 0 0 0.004005119 0 0 0.0002950611 0.002463878 0.0005948109 0.001542523 0.02552964 0.01314119 0.03433343 0.01687218 0.004875682 0.009876813 0 0 0 0.01247855 0.03772451 0.001068423 0.008441056 0.002370442 0 0.06337994 0.009586709 0.0611244 0.02760366 0 0
0.07179312 0.05751838 0.03487635 0.02886186 0.001787663 2.829836e-005 0.004355249 0.01813102 0 0 0 0 0 0 0 0 0 0 0 0.01909834 0.004335829 0.03335467 0.001091728 0.0795107 0.08819464 0.03354543 0.04725497 0.1107542 0.04290223 0.004326466 0.03562132 0.04355299 0.07883437 0.09724657 0.113005 0.1034612 0.07691339 0.05873992 0 0 0.01590503 0.1003569 0.1173261 0.1481884 0.1024734 0.04409169 0.001383546 0 0.004465661 0 0 0 0 0 0.001075939 0 7.060356e-005 0 0.01523645 0.001715763 0.01943874 0.0001770079 0.03015692 0.0274455 0.008682847 0 0 0 0.0009911574 0.01469057 0 0 0.0271193 0 0 0.001945547 0.01008206 0
0.0201719 0 0.006040176 0.05460922 0.03329173 0.03729903 0.000775596 0.007390685 0.004654305 0 0.006299501 0 0.000450802 0.001584658 0.007912482 0.01409274 0 0.01537321 0.008206149 0.001665598 0.03867393 0.004398787 0.009450237 0.04576083 0.04880906 0.1727703 0.1158067 0.08505652 0.06509466 0.07802795 0.1403122 0.04096174 0.04719378 0.1017224 0.0995232 0.1193384 0.02609017 0.02092166 0.04975013 0 0.01852382 0.03988134 0.07900625 0.05533715 0.08073394 0.04220443 0.01349358 0 0 0 0 0 0 0 0 0 0 0 0.005457175 0.01222181 0.006337706 0.06845558 0.0237309 0.03193563 0.001317269 0 0 0.002271576 0.006181624 0.001647076 0 0.01986403 0.01788307 0 0 0 0 0
0.05431932 0.05881293 0.002455452 0.07300663 0.09792987 0.1037679 0.02921148 0.0578003 0.03320162 0.005805856 1.086923e-005 0 0.009858869 0.007838394 0.08064326 0.06952336 0.05411061 0.01323125 0.01913747 0.02737023 0.0112776 0.04188963 0.09889633 0.118693 0.06624221 0.1183919 0.09646211 0.03247936 0.03233822 0.05059107 0.07663315 0.09610184 0.06869968 0.05392325 0.02158608 0.05945215 0.01503332 0.01077619 0.03481535 0.03145963 0.05097528 0.09262659 0.1012652 0.0496567 0.0161355 0.003859292 0.03246289 0 0 0 0 0 0 0 0 0 0 0 0 0 0 0.02080565 0.04665119 0.001475744 0 0.0005402579 0.002096595 0.01153816 0.006124788 0.004713386 0 0.0002040964 0.006840579 0.003626031 0 0 0 0
0.07957587 0.07121356 0.07287687 0.1144011 0.01637783 0.09260296 0.01370048 0.02189973 0.007498402 0.003523287 0 0 0 0.01615602 0.04596934 0.1036274 0.04909671 0 0.08218189 0.04147449 7.16977e-005 0.04598185 0.08091703 0.089314 0.1100346 0.1186196 0.1346024 0.1095919 0.05503127 0.08260355 0.07740512 0.1514606 0.06932629 0.06020043 0.005488826 0.01681053 0.02467159 0.01428799 0.07171118 0.02944703 0.01374374 0.06537736 0.1130011 0.03920633 0.003022811 0.04791729 0.008569621 0.007544763 0 0 0 0 0 0 0 0 0.004089507 0 0 0 0 0 0.0002578764 0 0 0 1.357972e-005 0.001686695 0.0004296968 0.003418089 0 0.03155842 0.02618213 0.005339174 0 0 0 0
0.1247906 0.227093 0.172683 0.05245347 0.007564095 0 0 0.009041856 0.0008831866 0.0002593026 0 0 0 0 0.02001201 0.0346058 0.04110781 0.01174052 0.03251103 0.02893096 0.0415071 0.00101672 0.03495359 0.08998083 0.1297646 0.1221815 0.0969274 0.1102889 0.03514146 0.09444248 0.0743511 0.06045765 0 0.001520967 0.006549414 0.03019339 0.00803697 0.01180855 0.03922492 0.02420034 0.000307205 0.04430175 0.1031841 9.309416e-007 0 0.01056148 0.009012938 0.0002350519 0 0 0 0 0 0 0 0 0 0 0 0.01296765 0.0126223 0 0.01726655 0 0 0 0 0.01429866 0.03444734 0.03360341 0.08493725 0.06538487 0 0 0.01161233 0 0 0
0.15793 0.1722595 0.1222213 0.002148726 0 0 0.0001587262 1.037797e-005 0.0001187523 0 0 0.01425426 0 0.006388627 0.03321714 0.02757134 0.05686914 0.1541711 0.06117692 0.07519271 0.08330129 0.06983168 0.01479018 0.08069529 0.1049676 0.07395662 0.1075903 0.1123263 0.02206274 0.1072568 0.07823071 0.04711518 0.05328556 0.02433661 0.04312406 0.04260951 0.02330743 0.001711531 0.03317879 0.0438721 0.0115582 0.009735584 0.03832409 0.03558887 0.01723507 0.008281371 0.01419464 1.209163e-006 0 0 0 0 0 0 0 0 0 0 0 0.02350781 0.08404938 0 0 0 0 0 0 0 0.004775406 0.006129348 0.02127559 0.002758446 0.04296525 0 0.008195675 0 0 0
0.08439811 0.1289897 0.1228771 0.04778302 0.03297175 0.04426641 0.0107383 0.03691856 0.01137486 0.004189682 0 0.003956238 0.009774402 0.01605188 0.03171578 0.07380032 0.1140537 0.128823 0.1381648 0.1769373 0.04774182 0.08521779 0.07001919 0.05767438 0.04769252 0.06208839 0.1131383 0.05324524 0.06721042 0.100606 0.05681973 0.07958985 0.07583349 0.04847386 0.08898631 0.02804221 0.04252419 0.01385669 0.09697143 0.1043048 0.01216609 0.01012346 0.03074449 0.1289665 0.04082162 0.02943266 0.01727931 0.002032934 0 0 0 0 0 0 0 0 0 0 0 0.002678406 0.02921603 0 0 0.01606778 0 0 0 0 0 0 0 0.02367704 0 0 0.01675519 0.03873923 0.01628688 0
0.1621794 0.02180547 0.09761716 0.01817733 0.090721 0.09749035 0.05695773 0.04149888 0.08125134 0.08718651 0.001847319 0.1023791 0.1153693 0.07180232 0.09194826 0.1016324 0.09923974 0.1303971 0.1169968 0.1169914 0.1594565 0.08957477 0.01610606 0.02457131 0.07419831 0.07519403 0.04616435 0.0697119 0.03843088 0.03985743 0.04612745 0.06212477 0.1209488 0.02984272 0.08130459 0.07683116 0.008842437 0.08325415 0.1149327 0.07303155 0.09305173 0.05460192 0.01696252 0.1739045 0.1171971 0.006808531 0.000774747 0.00211472 0 0 0 0 0 0 0 0 0 0 0 0 0.001160829 0 0.002676465 0 0.001312448 0 0 0 0.0201456 0.004010103 0.004347454 0.01488648 0.005332844 0.01707983 0.02708198 0.02576387 0.005584518 0
0.117323 0.03368042 0.01446359 0.1170761 0.110818 0.113429 0.0736899 0.04833491 0.05684933 0.0177945 0 0.09988145 0.05794639 0.09473038 0.06671075 0.0693021 0.03963423 0.09414698 0.09533852 0.1626088 0.1322582 0.133698 0.03786046 0.02514437 0.02721832 0.07428844 0.05770205 0.09687166 0.08856709 0.0809477 0.05091334 0.1134438 0.1019976 0.003832391 0.02207432 0.05351462 0.003027367 0.06229318 0.03847697 0 0.05759306 0.03326104 0 0.03996576 0.01618247 0 0 0 0 0 0 0 0 0 0 0 0.00733723 0 0 0 0 0 0.000171293 0.006587045 0.03200101 0.02905732 0.03015982 0.03656572 0.03675728 0.001479344 0.002012502 0.008063197 0.07876667 0.0329251 0.01391231 0.0002545341 0 0
0.09073973 0.09296172 0.03102686 0.1013161 0.07504972 0.03127558 0.1083304 0.0740716 0.08081467 0.1049349 0.04662164 0.06378797 0.0456102 0.04915696 0.06392018 0.06122158 0.008098922 0.0543023 0.1150055 0.1140289 0.1044296 0.1185573 0.03704049 0.06108911 0.0950601 0.1524433 0.1367202 0.1171941 0.04800436 0.05012031 0.1025049 0.0142802 0.02010217 0.02371808 0.07490095 0.1113483 0.03430268 0.01402268 0.005079744 0.04859683 0.004421986 0.001535469 0 0 0.0003061011 0 0 0 0 0 0 0 0.0003992912 0 0.0159242 0 0.02173579 0.03253001 0 0.03129464 0.03029247 0.03342988 0 0.002716542 0 0.009957584 0.08685523 0.03360327 0.04801273 0.003098712 0.04148741 0.02811476 0.05361901 0.05111058 0.02476906 2.849686e-005 0.007480252 0
0.08383448 0.09179921 0.09355775 0.08375712 0.09460448 0.01645858 0.02685567 0.1180585 0.09516813 0.05411115 0.1177561 0.05144493 0.06417986 0.006076254 0.07731484 0.1053962 0.09098446 0.05790335 0.0912028 0.07791694 0.1039462 0.1549335 0.08280187 0.01593904 0.05703798 0.02989942 0.1248874 0.1530956 0.09801526 0.05704082 0.06936724 0.05626382 0.0824915 0.02789985 0.07959364 0.06284696 0.04865693 0.03651851 0.07394831 0.08923467 0.009924103 0.006102249 0 0 6.737204e-005 0 0 0.006816267 0.02798898 0.001013955 0 0 0 0 0 0 0.01509411 0 0.01351529 0.006241581 0.04314533 0.03170807 0 0 0 0 0.0100714 0.04035281 0.00179343 0.0004403421 0.02236614 0.08719406 0.1109526 0.1120518 0.07174841 0.0214213 0 0
0.013308 0.007833395 0.0236325 0.00194869 0.002919609 -9999 -9999 0.009489419 0.04594112 -9999 0.009155464 0.04493628 0.1119329 0.1196374 0.1164496 0.1448867 0.124153 0.09482837 0.0369499 0.08543047 0.05621984 0.01087525 -9999 0.03698539 0.08285858 0.186964 0.08495751 0.1026918 0.1277119 0.04423104 0.009727732 0.1230365 0.04777165 0.08332317 0.1180493 0.1127862 0.0215343 0.1288584 0.09413441 0.01776045 0 0 0 0.01527331 0.09843891 0.04222493 0.03230297 0.03794569 0.005868521 0 0 0 0 0.0116279 0.002485323 0.0318109 0 0.0118508 0.002078948 0.01756478 0.05789209 0.1026694 0.01677286 0 0 0 0.0302758 0.02634861 0.01684988 0.0290376 0.021725 0.02263625 0.01699375 0.01178921 0.02564606 0.02659486 0 0
0.06948128 0.001933919 2.353652e-006 -9999 -9999 -9999 -9999 -9999 -9999 -9999 -9999 0.01189403 0.02834854 0.1374626 0.04482722 0.1585094 0.05284575 0.002715993 0.006763086 0.0008506469 0.003066249 -9999 -9999 0.00332328 0.07456454 0.1027469 0.1014945 0.03430032 0.1140932 0.06483035 0.03099217 0.1034308 0.101287 0.06937344 0.1410211 0.0707001 0.02271575 0.04287931 0.02932012 0.0623827 0.00956434 0 0.001703482 0.0876106 0.07384011 0.05307063 0.009970147 0.08832939 0.06179276 0 0 0.02242535 0.04083151 0.05947183 0.02067732 0 0 0.017268 0.004893858 0.009645622 0 0.0225134 0.006551757 0 0 0 0.03695608 0.01116694 0.01166912 0.03571067 0.02882272 0.01791829 0.03549504 0.01739618 0.01913435 0 0 0
0.1050229 0.07605576 0.004124556 -9999 -9999 -9999 -9999 -9999 -9999 -9999 -9999 -9999 -9999 0.07438316 0.06524106 0.01283605 -9999 -9999 -9999 -9999 -9999 -9999 -9999 -9999 0 0.01398193 0.04256725 0.1060726 0.06045737 0.05914168 0.07263164 0.1277218 0.03454233 0.03256146 0.08842812 0.09889232 0.0245575 0.0107833 0 0.01843754 0.01652331 0 0.03168442 0.06290024 0.0477628 0.04747073 0.002873011 0.0221252 0.04125889 0 0.01157464 0.0442251 0.08747505 0.06049305 0.1011971 0.001418983 0.03059967 0.0002604661 0 0.02856043 0.001599069 0.03037915 0.002025126 0.03662388 0.003189444 0.008808363 0.01527077 3.149264e-005 0.04064076 0.117796 0.02368454 0.06368081 0.05948711 0.04654502 0.03915701 0.04876667 0.0003530694 0
0.05449977 0.02260716 0.00337779 -9999 -9999 -9999 -9999 -9999 -9999 -9999 -9999 -9999 -9999 -9999 -9999 -9999 -9999 -9999 -9999 -9999 -9999 -9999 -9999 -9999 -9999 0 0.01720949 0.1324317 0.06173934 0.1107278 0.08471432 0.1168524 0.01246785 0.04148118 0.07259014 0.03430317 0.01140892 0.00206814 0.02443325 0.01721465 0.04178379 0.04135262 0.0097051 0.002765659 0.0363239 0.08599399 0.06901614 0.01600811 0 0.0169593 0.01495436 0.05490719 0.03577657 0.01728095 0.0523488 0.04457684 0.07073888 0.04856975 0.06591327 0.01234965 0.01153117 0.001473742 7.620978e-006 0 0 0.0368687 0.06037395 0.01006259 0.01805961 0.1053354 0.04321185 0.1414882 0.09701329 0.1097491 0.08268964 0.04234517 0.04817011 0.00476334
0.04307804 0.04864 -9999 -9999 -9999 -9999 -9999 -9999 -9999 -9999 -9999 -9999 -9999 -9999 -9999 -9999 -9999 -9999 -9999 -9999 -9999 -9999 -9999 -9999 -9999 -9999 0.02906313 0.07374087 0.07490174 0.04028814 0.05099288 0.04934868 0.0109869 0.05568667 0.03012265 0.06178843 0.02947807 0.05561984 0.1020161 0.1105913 0.06881008 0.08166128 0.02996023 0.009042089 0.05236865 0.06730458 0.1396393 0.1440684 0.01686116 0 0.02776973 0.04877512 0.002736025 0.05180049 0.01705867 0.02557774 0.02136462 0.09354413 0.07533479 0.01193185 0.02161871 0.02153922 0.00432082 0 0 0.005047444 0.01723856 0.02826618 0.06507013 0.02669661 0.02036343 0.03615519 0.06918245 0.0465982 0.003388193 0 0.007106989 0
0.006208887 0 -9999 -9999 -9999 -9999 -9999 -9999 -9999 -9999 -9999 -9999 -9999 -9999 -9999 -9999 -9999 -9999 -9999 -9999 -9999 -9999 -9999 -9999 -9999 -9999 -9999 -9999 2.354758e-006 0 0.004902442 0.01729205 0.03729736 0.03104317 0.09060653 0.129564 0.1178758 0.1403195 0.03999073 0.05779395 0.1339749 0.07845288 0.1068501 0.09361906 0.06336581 0.1920496 0.2631791 0.1707999 0.03886731 0 0 0.002413723 0 0.09652253 0.05423099 0.04316352 0.1108384 0.0921029 0.03148308 0.08804363 0.01466154 0.04563436 0.02494988 0 0 0.03642452 0.02539043 0.01289419 0.008238181 0.01930636 0.002219847 0 0 0 0 0 0 0
-9999 -9999 -9999 -9999 -9999 -9999 -9999 -9999 -9999 -9999 -9999 -9999 -9999 -9999 -9999 -9999 -9999 -9999 -9999 -9999 -9999 -9999 -9999 -9999 -9999 -9999 -9999 -9999 -9999 0.02383117 0.01843003 0.03196888 0.05626566 0.06900585 0.01107336 0.09854789 0.201377 0.1589371 0.1172414 0.1151748 0.1156035 0.1600655 0.09163321 0.1884513 0.04294866 0.07942227 0.1045833 0.1263108 0.02772621 0 0 0.01204815 0.02604867 0.04527323 0.09634188 0.008278939 0.1183416 0.00206565 0.0005049785 0.00318508 0 0.0255912 0.003228029 0.01529474 9.345292e-005 0.002277194 0.01940786 0.02675989 0 0 0.02276033 0 0 0.01714859 0 0 0 0
-9999 -9999 -9999 -9999 -9999 -9999 -9999 -9999 -9999 -9999 -9999 -9999 -9999 -9999 -9999 -9999 -9999 -9999 -9999 -9999 -9999 -9999 -9999 -9999 -9999 -9999 -9999 -9999 -9999 3.543327e-005 0.1171792 0.02126504 0.007906093 0.04489773 0 0.02294273 0.1231604 0.02323703 0.04564381 0.1243857 0.07394043 0.04979307 0.110077 0.06644317 0.0440424 0.05909966 0.1419648 0.02406138 0.01779862 0.02931206 0 0 0.009915692 0 0.0002807431 0.008417007 0.0001892875 0 0 0 0.002033776 0 0 0.00856181 0.01606475 0.02903485 0.07275386 0.004032521 0 0.01035339 0.004788185 0.0008660262 0 0.005776865 0.01855881 0.008981921 0 0
