EnvRasters/Baseline_High/potatoes.asc
ncols         270
nrows         223
xllcorner     24099.479091542
yllcorner     21023.840179216
cellsize      1003.8986847201
NODATA_value  -9999
[rows 34 to 67 of 223, columns 78 to 155 of 270]
0.06691113 0.06242039 0.0977003 0.08274512 0.1176614 0.06731012 0.04527767 0.01293245 0.0009602997 0.03621877 0.05385259 0.0769951 0.07751776 0.03870521 0.01356817 0.04250513 0.05489615 0.01769418 0.06315089 0.03303476 0.02096414 0.01928379 0.01674982 0.02341907 0 0.002200169 0.02357862 0.01452445 0.06292415 0.06798078 0.0199344 0.03413142 0.04181736 0.02737863 0.04448651 0.02918823 0.03666316 0.007450783 0.03918286 0.06797502 0.03508354 0.02026958 0.01286987 0.009835921 0.009802291 0 0 0 0 0 0 0 0 0 0 0.0003055073 0.004651681 0.006454751 0 0.01210039 0 0.005537643 0.0008949613 0.01387237 0 0 0 0 0.006554392 0.03093363 0.05786398 0.003746415 0.02156201 0.002479375 0 0 0 0.0008118748
0.03437239 0.08800174 0.09166801 0.0988429 0.07439503 0.1195921 0.01799358 0 0.03659592 0.02788254 0.02366961 0.01268402 0.06370854 0.03261331 0.03910599 0.03796445 0.02665188 0.1040241 0.1011537 0.1150119 0.07016323 0.05711897 0.01021175 0.02310032 0.00178076 0.001618453 0.007436614 0.02287929 0.02235807 0.04508292 0.05419941 0.06748383 0.07821544 0.01917034 0.01927534 0.01945543 0.002464744 0.006067267 0.01164983 0.07427114 0.03999 0.03093048 0.02080619 0.00597352 0 0 0 0 0 0 0 0 0 0 0 0.01619526 0 0.001949274 0 0.001177233 0 0.001154962 0 0 0.02636216 0 0.001114994 0.03683516 0.01501872 0.007908563 0.01109659 0.0001614987 0 0 0 0 0 0
0.08863035 0.1059156 0.0182685 0.01291733 0.0232229 0.0596656 0.007353878 0 6.2734e-006 0 0.005197506 0.01676233 0.04996024 0.05669968 0.04585784 0.007994626 0.08667752 0.07018878 0.05927591 0.03552204 0.02933609 0.01209061 0.01010463 0.00166702 0.008169289 0.01670307 0.01419441 0.03962715 0.03525976 0.01955543 0.0284858 0.00636669 0.04098555 0.01262423 0.01809829 0.004639786 0.001444419 0.004282856 0.002613917 0.06784888 0.09441602 0.03244737 0.01629579 0.003211358 0 0 0 0 0 0 0 0 0 0 0 0.002052355 0 0.008589689 0.01611272 0.01503959 0.003426396 0.00355669 0.0009960304 0 0.01418524 0.008676855 0.01241118 0.001069701 0.02947902 0.009327 0.006281374 0.009366596 0.005075261 0 0 0 0 0
0.0123422 0.04940727 0.03751195 0.01035936 0.02060131 0.003547538 0.04059278 0.003734238 0 0.001862092 0.05408262 0.01284119 0.008932183 0.01734816 0.00400799 0.03726454 0.02134057 0.00251974 0.005146455 0.05093176 0.03272466 0.003316214 0.02075572 0.01422132 0.02154307 0.01916067 0.01400389 0.03899386 0.008267998 0.008076521 0.01339586 0 0 2.387728e-005 0.005478921 0 0.001462407 0.008503268 0.01344077 0.02076885 0.02812946 0.006330306 0.004340673 0.003140607 0 0 0 0 0 0 0 0 0 0 0 0.01999291 0.05367827 0.01284163 0.01456649 0.01203805 0.06786285 0.06480622 0.00296412 0 0.0001044541 0.01415964 0 0.007481882 0.01585298 0.002584432 0.007987696 0 0 0 0 0 0 0
0.02331267 0.04417093 0.09866773 0.1170782 0.08056411 0.03538667 0.01653542 0 0 0.03686494 0.01561733 0.01383729 0.04013097 0.02899072 0.04679116 0.04210726 0.02938604 0.01656861 0.0684827 0.128683 0.06877979 0.006182239 0.03610923 0.05098375 0.01997986 0.007761123 0.00252609 0.003609753 0.02426471 0.005932435 0.01037939 0 0 0.0008632283 0.01304522 0.001408856 0.01094071 0.02041505 0.01932831 0.004339496 0.01441595 0.02749699 0.0004037954 0 0 0 0 0 0 0 0 0 0 0 0 0.001157971 0.008757671 0.0003014853 0.01102468 0.02297252 0.03079364 0.04943326 0.001921323 0.002527595 0.00117734 9.626727e-005 0.000147175 0.005185744 0.008020286 0 0 0 0 0 0 0 0 0
0.02354148 0.01242078 0.02202834 0.02076107 0.001708089 0 0 0.001363766 0.001740624 0.01221291 0.01777377 0.06604534 0.1045551 0.02818042 0.04217668 0.05749067 0.06532749 0.09925654 0.1212704 0.03905087 0.04221049 0.03423899 0.01795117 0.004885031 0.004382857 0.01491327 3.619322e-006 0.004132983 0.009857838 0.02005444 0.000218509 0.001369819 0 0 0.006757681 0.005634327 0.005583487 0.004841778 0.01323894 0.01668367 0.02121321 0.03985668 0.0142494 0.005760264 0 0 0 0 0 0 0 0 0.01942577 0 0 0.0005785261 0.01166127 0.01559602 0.004521469 0.04489845 0.01149279 0.01302458 0.002444664 0 0 0 0 0 0 0 0.03576001 0.01438776 0.01090487 0.01475492 0.007312912 0.04141643 0 0
0.03957307 0.02846805 0.03162252 0.01294946 0.0008331075 0 0 0.0103458 0.01875549 0.005365124 0.03909376 0.02905913 0 0 9.17248e-005 0.0033678 0.002576354 0.03948227 0.008437292 0.007765601 0.03245473 0.02289923 0.03523022 0.02405902 0.01073229 0.004959258 0 0.001780666 0.009041863 0.009969906 0.006869788 0.006397708 0.01087916 0 0.0020869 0.003251496 0.009057794 0.007822877 0.01539916 0.0126252 0.01549115 0.006896838 0 0 0 0 0 0.01376165 0 0 0 0.003850968 0 0 0 0.005420592 0.00395371 0.01717372 0.02241083 0 0.006350808 0 0 0 0 0 0.0138015 0.02352265 0.005895282 0.001927425 0.01898191 0.01358692 0 0 0.00428556 0.02046729 0.002604684 0.01526595
0.0695415 0.05162487 0.05055875 0.004767385 0.03622909 0.01600284 0 0 0.005473526 0.006831461 0.05299123 0.02107617 0.02763159 0.06568827 0.03262572 0.04625424 0.06693103 0.02496156 0.0461375 0.04740538 0.003586428 0.09459537 0.03509694 0.04185355 0.01123088 0.004216393 0 0.002638135 0.0128605 0.01588942 0.01659014 0.0002100506 0.003242911 0 0.0004751473 0.003440317 0.02289525 0.01065728 0.02713911 0.01440561 0.007416498 0.007553821 0.003374308 0 0 0 0 0.005530603 0 0 0.001513049 0.003401395 0 0.001001425 0.004265679 0.01095889 0.01223435 0.003935195 0.01971498 0.00144465 0 0 0 0.01545097 0.003855085 0 0.006348389 0.008386693 0.02285844 0.002719283 0.008485213 0 0 0 0 0.01094793 0.03202012 0.06927419
0.05268847 0.0826754 0.04070112 0.02892696 0.01938343 0.000454043 0 0 0.02251004 0.05154594 0.03505264 0.02767518 0.07707024 0.04053533 0.0307449 0.01731804 0.02137935 0.03590658 0.03332891 0.05585686 0.0008596351 0.01763763 0.03052597 0.05879465 0.02011144 0.008240293 0.01276239 0.0123248 0.01976046 0.01929475 0.003392628 0.003150362 0.01168772 0.02021301 0.0206129 0.01107256 0.00583293 0.001358215 0.02610617 0.01955603 0.008261148 0.01159754 0.0008661036 0 0 0 0.0003438385 0 0 0.01171225 7.936565e-005 0.0007105356 0 0 0 0 0 0 0.001615263 0.01134491 0 0 0 1.362712e-006 0.0002065604 0 0.02791416 0.02007913 0 0.008256948 0.001546365 0 0 0 0.001350595 0.05036509 0.03585341 0.02759272
0.03405165 0.01706927 0 0.009139076 0 0 0 0.003800183 0.002481598 0.02825117 0.03496026 0.02154237 0.03872414 0.0383382 0.0253626 0.006246234 0.02462705 0.05450169 0.04779533 0.03960091 0.001856095 0 0.009549432 0.01220411 0.01348069 0.01713064 0.0006823601 0 0 0.002538745 0.01499404 0.004706159 0.01783402 0.01388937 0.00785563 0.005666737 0 0 0.004319835 0 0 0.0001993885 0 0.004230343 0.01164341 0 0 0 0.0002554458 0.002478669 0.003501105 0.005613503 0.01251462 0 0 0.001861014 0.002465935 0 0 0 0 0 0 0.01117916 0.01705367 0.0016237 0 0.0001324532 0.0003602148 0.0006820816 0.001523221 0.0375252 0.006879782 0.008203691 0.02118529 0.01541414 0.01859418 0.05051318
0.0009708077 0 0 0 0 0.007238749 0.004148904 0.01390561 0.006287264 0.01023385 0.01912094 0.06887899 0.04076384 0.05438687 0.0232235 0.04956698 0.02733443 0.01421982 0.01720261 0.0004915085 0 0 0 0.009606814 0.01179827 0.03443837 0.01405806 0.01672001 0 0.02030047 0.003333241 6.529174e-005 0.002793194 0.002466309 0 0 0 0.001765036 0.003783998 0 0 0 0 0.001566974 0.01532756 0 0.008337826 0 7.829215e-005 0.0002875606 0.02943044 0.009770407 0.01226077 0.001064517 0.03739863 0.0009311668 0.01211579 0.01316872 0.007425035 0.001449484 0 0.006855279 0.03144621 0.0104567 0.003157935 0.004381122 0 0 0.004010671 0 0.01852358 0 0 0.01337698 0.03576025 0.03429797 0.03157853 0.0132332
0.01464377 0 0 0 0 0 0.009418837 0.02476014 0.0009787995 0.009648032 0.009116281 0.03995591 0.03117701 0.05134642 0.001797012 0.01975935 0.0685745 0.03107514 0.006626192 0.01264002 0 0 0 0.0001278306 0.01326944 0.0007571786 0.008908273 0 0.001181819 5.921302e-006 0 0 0.006143349 0.004178381 0 0.02087582 0.01268702 0.002195236 0.002197301 0.005127921 0 0 0 6.469019e-006 0 0 0 0 0 0.001824945 0.003286275 0.00748505 0.006540193 0.003193699 0.002561757 0 0.01988182 0.002708368 0.00053581 0.002447483 0 0.02157183 0.01107242 0.00277768 0.001349617 6.321157e-005 0.007274091 0.03270722 0.003968419 1.880921e-005 0.001456004 0.005314293 0 0.0005154651 0.03943057 0.01107734 0.009516598 0.00391604
0.0002505511 0 0 0 0 0.001028663 0.002758073 0.007257777 0.005171165 0 0.02325109 0.01378791 0.04871373 0.04384774 0.01370712 0.01490313 0.07337553 0.03683076 0.02149754 0.01979999 0.04387256 0 0 0 0.001536177 0 0.01613316 0.0169923 0.03078046 0.02708273 0.0004418945 0 0.001902598 0.003667222 0 0 0 0 0 0 0.0003951351 0.01193602 0.00261968 0.008593515 0 0 0 0 0 0 0.02361841 0.02133094 0 0 0 0 0 0 0 0 0 0.02713508 0.001054479 0.0656179 0 0.009792326 0.01003284 0.02655605 0.007055834 0 0 0 0 0 0.009197531 0.008856107 0.02506014 0.01692979
0 0 0 0 0 0.003686153 0.004451153 0.02884411 0.03123687 0.04048046 0.05137834 0.008117389 0.1069475 0.01410279 0 0.01418143 0.05323526 0.07927781 0.03128488 0.05081465 0.06286778 0.001805058 0.0001055257 0 0.005447282 0 0.008016837 0.04695658 0.03452483 0.06545569 0.02679017 0.001220949 0.02321216 0.006006596 0 0 0.0111626 0.003363392 0.0102834 0.001366536 0.003641544 0.005090486 0 0 0.0004949601 0 0 0 0 0 0 0.002133433 0 0 0 0 0 0.002969833 0.000210148 0 0 0.009822749 0.02388707 0.0227748 0.02164523 0.009480084 0.007470958 0 0 0.001308347 0.002183751 0.0008827542 0 0.006028287 0.0009483662 0.03617445 0.003297457 0.003900467
0.0006434125 0 0 0 0 0 0 0.007660752 0.01482275 0.06044829 0.01218343 0.02003594 0.04477949 0.01392385 0.004889117 0.01903968 0.04843629 0.08262279 0.05179359 0.09356028 0.06089615 0.0248839 0.02727707 0.002110713 0.001119027 0.0009194236 0.003910627 0.04894179 0.04135668 0.01734981 0.01259376 0.01874904 0.02333966 0.008424442 0.004501359 0 0.003879725 0.01958183 0.0261018 0.02421647 0.0007699893 0 0 0 0.006886352 1.884954e-005 0 0 0 0 0 0 0 0 0 0 0 0.0003512769 0.0002216896 0 0.0206069 0.001568737 7.027965e-005 0.008610565 0.03766766 0.01240581 0.002753888 0.003308543 0.00470707 0.03020693 0 0 0.0004263829 0.01426596 0.006643259 0.0249598 0.002593022 0.001589318
0 0 0 0 0 0 0.00696308 0.01273969 0.006702447 0.002644498 0.01815847 0.02060725 0.03093185 0.01352365 0.01961961 0.01865543 0.01932259 0.09264255 0.06909629 0.05513431 0.01932673 0.01773498 0.02304463 0 0 0.002527835 0.007462254 0.0001199788 0.05837148 0.03559079 0.003512944 0.03051561 0.01438481 0.05630624 0 0.0006091457 0.00286149 0.01150999 0.01992063 0.001036673 0.02451047 0.000318344 0.004824718 0.000821717 0.01821296 0.01067602 0 0 0 0.001803387 0 0 0 0 0 0.005816993 0.004670468 0 0.002190493 0 0 0 0.002807295 0.02265553 0.01324745 0.0248248 0 0 0.003641298 0.01645153 0 0 0 0.007582807 0.002706198 0 0.001487011 0
0 0 0 0 0 0 0.002598354 0.005778245 0.005236027 0.004743893 0.01190153 0.01269915 0.07804603 0.05547674 0.01969804 0.02515408 0.02622644 0.03611008 0.03752438 0.06762689 0.02321491 0.02019976 0.0155567 0.01154619 0.001283981 0.006920617 0.004604853 0.01511851 0.009383055 0.009829048 0.003458095 0.01574149 0.02014171 0.03475254 0.01229634 0 0.00896284 0.006427099 0.003697796 0.01810479 0.008617137 0.001350446 0.01773403 0.004026215 0.01107947 0.01469597 1.113527e-006 0.00194455 0.001102197 0 0.003917229 0 0 0 0 0 0 0 0 0 0.002901779 0 0.001915218 0.002830064 0.003958949 0 0.007774455 0 0 0.01420003 0.007715527 0.001873157 0.01350221 0.008418187 0.02036222 0 0.001953679 0.001930747
0 0 0 0 0 0 0.01622212 0.006240491 0 0.002772539 0.02848442 0.02690136 0.02861776 0.03330269 0.0213191 0.04048825 0.04415459 0.01786762 0.005507865 0.009772466 0.007456494 0.02015577 0.03049375 0.01137474 0.02946636 0.009636506 0 0.002724166 0 0.001917889 0.00446308 0 0.009982194 0.01109379 0.0103291 0.008644136 0.00190615 0.001596138 0.02444406 0.01019248 0.01178346 0.01891214 0.02795029 0.01990679 0.01235155 0.02608068 0.001139184 0 0.01076291 0.02936839 0.01402091 0.0002496522 0.004082408 0 0 0 0 0.002392235 0 0 0.004720087 0.00492417 0.003571433 0.002163372 0 0.00156337 0.008928492 0.0008844391 0 0.0002576062 0.008055026 0.004273982 0.0128103 0.001033035 0 0.005780044 0.006667734 0.00052916
0 0 0 0 0 0 0 0 0.00314482 0.01833487 0.02666519 0.01847274 0.01029334 0.02276861 0.04896306 0.01710088 0.005255033 0.02971894 0.0301706 0.01477356 0.003367294 0.01117771 0.02033406 0.05900215 0.009604116 0 0.005999154 0 0 0 0 0.001417229 0.002495107 0.004933224 0.00979944 0.02615548 0.006488495 0.01778924 0.02434223 0 0.003385226 0.06664643 0.01620283 0.02535221 0.0008554739 0.01011428 0.008656826 0.005531841 0.01706639 0.01381522 0.02745375 0.001460261 0.001028655 0 0 0 0 0.002593925 0.006306915 0 0 0.004618036 0.003848987 0.007506147 0.002492859 0.0007424762 0.001428413 0.0165023 0.0004899532 0.001101821 0.02961482 0.003063425 0.0164828 0.009279612 0.0007807327 0.007871248 0.004641044 0
0 0 0 0 0 0 0.009372152 0.01221419 0.004722596 0.01570996 0.02238099 0.002720685 0.002917323 0.0441069 0.0232743 0.005400502 0 0.003354667 0.01271988 0.00337928 0.0002038667 0.001382836 0.0124023 0.02711252 0.002601163 0 0.0008328959 0 0 0.00109274 0.001537816 0.009563753 0.01947884 0.01027731 0.004374482 0.008243877 0.006722094 0.03394255 0.002931741 0 0.01537893 0.007746083 0.001993414 0.03102606 0.007687628 0.05098874 0 0.05097183 0.06743852 0.02485954 0.02241273 0.001124046 0.0003165031 0.02918165 0 0 0 0 0 0 0 0 0 0.000349036 9.737226e-005 0.0001338834 0 0 0.006480824 0.004506711 0.01131682 0.01087487 0.01302664 0.008146688 0.02101473 0.008604406 0.006502646 0.01055861
0 0 0 0 0 0 0 0.004110557 0.02955453 0.05101164 0.01114451 0.01332576 0.003328477 0.02693104 0.02557079 0.002800703 0 0.00153539 0.003935799 0.002556924 0.004118857 0 0.002936858 0.01856038 0 0.008664919 0.01704991 0.02063406 0 0 0 0.002519927 0.01262829 0.02794411 0.02286449 0.02751959 0.001777121 0.03049329 0.01975264 0.03237031 0.02991509 0.03530558 0.01029162 0.05669731 0.02147748 0.01241385 0.002254018 0.05135421 0.05439606 0.05623174 0.05797923 0.06116254 0.04571061 0.0229394 0 0 0 0 0 0 0 0 0 0.0006910781 0 0.001072586 0 0 0.008533739 0.0005485764 0.002267478 0.01955163 0.0196285 0.02333406 0.01564439 0.00828417 0 0
0.004029811 0 0 0 0 0 0.0002154234 0 0.06151153 0.02126331 0.009684686 0.005496848 0.002294258 0.004222269 0.0005224241 0.0005351742 0 0.01270628 0 0 0.0005979968 0.001601999 0.007561118 0.003949287 0.01584525 0.01005991 0.004171522 0.004581722 0.01110752 0.00655387 0.01481367 0.01693394 0.02247594 0.0438408 0.003394255 0 0 0.02079824 0.0076248 0.03353014 0.07511344 0.04423336 0.04327514 0.03584808 0.03134193 0.01320937 0.01094739 0.04233487 0.0550041 0.05043945 0.0228673 0.0255822 0.02110364 0 0 0 0 0 0.001412612 0 0 0 0 0 0 0 0 0.005205987 0.004474699 0.006676427 0.01421034 0.001439234 0.003649078 0.003912562 0.00412737 0.001332868 0.0009939264 0
0.03373814 0 0 0 0 0 0 0 0.005508295 0.005859332 0.01712523 0.0184812 0 0 0.002354892 0.001173816 0.004238931 0.003401613 0.002950951 0.004171364 0.001209778 0.001907763 0.0006248133 0.005569477 0.04755526 0.005273159 0.02491395 0.00215461 0.003994667 0.01847829 0.007694236 0.00956944 0.001326095 0.00854236 0.001250921 0.0002390517 0 0.01925384 0.1113593 0.05100829 0.02779281 0.01493997 0.008740048 0.00479125 0.1004394 0.115358 0.02916702 0.0145355 0.01113591 0.03125836 0.01445859 0.0467067 0.0732931 0.003171158 0 0.002409798 0.03970357 0.007322838 0.0005513603 0.003437735 0 0.001282535 0.0001402531 0 0 0 0 0 0 0 0 0.002490362 0 0.002723346 0 8.504354e-006 0.001972876 0.000401863
0.05782394 0.02396156 0.01164337 0 0 0.004314922 0.02219704 0.01237217 0.0162829 0.005234597 2.79228e-005 0.0003254389 0.003775201 0.007974116 0.0006627132 0.002530612 0 0 0.005999322 0.01067808 0.01167084 0.01705153 0.03379481 0.00704492 0.01945622 0.005555456 0.004627108 0 0.002157905 0.03174007 0.009269665 0.001306752 0.01311367 0.02259817 0.01379221 0.05448471 0.0298514 0.05029194 0.03549166 0.04291749 0.005108973 0.04528681 0.03071618 0.005220696 0.04426473 0.05118192 0.05190508 0.02358769 0.01934419 0.0563953 0.08173759 0.07031599 0.08004722 0.0603283 0.01558486 0.008575933 0 0 0 0 0 0 0.001063381 0.004347942 0.01418958 0.003691544 0 0 0 0 0 0 0 0.0006009674 0 0.002972528 0.001881163 0
0.04094236 0.009743424 0.01143688 0 0.0305712 0.05791331 0.02967469 0.02481503 0.03257143 0.02193294 0.01178407 0.03285129 0.01638667 0.01121944 0.02037119 0 0 0 0.002777734 0.001812574 0.02671154 0.01438815 0.0075103 0.003184236 0.00366883 0 0 0.006106122 0.009328765 0.01624337 0.01432934 0.004414003 0.04423669 0.0345327 0.02921448 0.07862107 0.07481734 0.02966786 0.1250312 0.1098993 0.02585634 0.04868378 0.033034 0.001903447 0.02311371 0.04886991 0.08590303 0.0653277 0.003319871 0.04269248 0.05003782 0.06873121 0.09046061 0.05608209 0.02110231 0.0218246 0 0 0 0 0 0 0 0.01222924 0.03311868 0.00359389 0.009377189 0.01829067 0.04958697 0.001567939 0.002737369 0.001712523 0.001111136 0.0008993141 0.008180011 0.007191715 0.0004349738 0
0.02174043 0 0.003419239 0.001851782 0.03564758 0.04849316 0.06210111 0.003103418 0.023865 0.01318018 0.00566763 0.01223633 0.02653138 0.02075147 0.0197664 0.006949448 0 0.01223703 0.005107333 0.003387236 0.01612894 0.006580076 0.02404261 0.01153091 0.01230116 0.009607592 0.003048459 0.00898496 0.006965051 0.01191659 0.01124082 0.01047659 0.05375011 0.08815014 0.009893768 0.1024128 0.04097896 0.05733654 0.1099781 0.02501292 0.02667204 0.05227199 0.06850032 0.009410871 0.005447642 0.0639533 0.01891537 0.003421278 0.001413933 0.009502315 0.05149043 0.02070781 0.04911747 0.0689366 0.006973036 0.008623227 0.0004989454 0 0 0 0 0 0 0.002558362 5.963003e-005 0 0.00254657 0.001146127 0.004120371 0.007710171 0 9.773814e-005 0.00999664 0.003059579 0 0.001712958 0 0.0005224538
0.003759089 0.03428861 0.01833267 0.02479946 0.04685399 0.09073816 0.06282265 0.04244268 0.01825242 0.06924845 0.03845967 0.03094905 0.01589557 0.02602423 0.04086732 0.003855336 0.005289846 0.002464686 0.003125862 0.005002374 0.0001532906 0.006401643 0.01324904 0.01747938 0.002075586 0 0.02539275 0.03428373 0.003824059 0.01554387 0.01029065 0.03513461 0.0262459 0.01884355 0.002841874 0.006740798 0.03750444 0.06413471 0.03883184 0.01736305 0.09934876 0.02513063 0.08951087 0.01014814 0.03161483 0.05037815 0.1147415 0.03057159 0.02688751 0.04198409 0.05336272 0.1099187 0.06683583 0.02918759 0.004958524 0.01446178 0 0.01865623 0.06616548 0 0.008093925 0.0004170531 0.009531136 0.0003858398 0.004282723 0.002149464 0.0004305167 0.0004237056 0 0 0 0 0 0 0 0 0.0003998847 0
0.01402529 0.04751338 0.007769202 0.02092717 0.03529419 0.06098403 0.04684791 0.03388703 0.04643594 0.01353765 0.01771566 0.1077206 0.01833787 0.02367069 0.003897894 0.02821201 0.01536186 0.02122974 0.001165471 0 0.008520736 0.005627953 0.0230415 0.008658579 0.0005100943 0.01607433 0.00928845 0.02646606 0.007143952 0.001971489 0.03477388 0.02536993 0.03761778 0.01859214 0.01911994 0.05998583 0.04332454 0.009223317 0.01809919 0.03863304 0.06680217 0.08374962 0.02779226 0.04883857 0.03305462 0.0263114 0.07882598 0.04593882 0.1096459 0.113123 0.1072163 0.06045394 0.04727266 0.005059129 0.009819557 0.012698 0.01455129 0.01990751 0.07345574 0.08742218 0.02663499 0.01598484 0.009924846 0.001521459 0.001065782 0 0 0.004196316 5.289364e-005 0 0.003837007 0 0 0 0 0 0 0.006681082
0.02779011 0.02553725 0.004424073 0.03475658 0.04116368 0.05928506 0.02666626 0.04404983 0.01044456 0.03974607 0.02046008 0.05589797 0.01277728 0.01569947 0.004308869 0.01455431 0.04163137 0.03075874 0.007988867 0.04896213 0.01591563 0.003733429 0.00269247 0.007724765 0.0001866095 0.018157 0.02270749 0.02303257 0.005325854 0.006499912 0.04279181 0.03311101 0.04294663 0.03268953 0.02630179 0.04168789 0.1230882 0.03236173 0.04443984 0.0434175 0.08075722 0.08063062 0.06758387 0.02164889 0.04683287 0.06380025 0.1139397 0.04806545 0.0741634 0.05322629 0.02149943 0.04206088 0.03132837 0.01489843 0.04400871 0.04698198 0.03732175 0.02017866 0.03965075 0.03037042 0.01064624 0.03670996 0.00664242 0.01603389 0.01748055 0.006268447 0.001033897 0.01125518 0.01655965 0.005106472 0.01833682 0 0.004097764 0.0005715203 0.0004551942 0.001840927 0.001073813 0
0.03139227 0.0545777 0.09277366 0.08802985 0.06298216 0.04308058 0.0135513 0.03751103 0.009011261 0.007025474 0.03790899 0.05618227 0.07099714 0.01714955 6.795658e-007 0.009908098 0.01076571 0.02367432 0.003382197 0.007603347 0.003342103 0.01834342 0.01029996 0 0 0 0.004939199 0.01267508 0.001620354 7.247076e-005 0.005729138 0 0.001552038 0.01138927 0.06104684 0.06100376 0.08416419 0.02866251 0.1407443 0.08207296 0.03657794 0.08562905 0.03148085 0.068538 0.004821691 0.03710633 0.1250649 0.02368098 0.02214112 0.02414256 0 0 0 0.08564462 0.03898825 0.06975796 0.07258578 0.03986897 0.02507778 0.06052388 0.009798661 0.008202014 0.00946654 0.01079389 0.009922297 0.02088788 0.002806813 0.001783217 0.001330234 0.01529319 0.006046414 0 0.0118449 0.001009927 0 0.002605308 0.001153024 0.01002526
0.1049567 0.1021108 0.04016078 0.03800571 0.07128195 0.0692065 0.07186458 0.1170899 0.05971651 0.05605482 0.02459828 0.05523939 0.07388071 0.01059568 0.003845293 0.01047115 0.004192118 0.009046332 0.006508334 0.001181671 0.03808143 0.02440312 0.02566726 0 0 0 0 0.001026394 0.02043258 0.01303924 0.03968861 0.0003554017 0 0.02825083 0.04117518 0.057881 0.05179769 0.02590675 0.09435369 0.0624309 0.05335696 0.02802072 0.09023773 0.0451904 0 0.01874391 0.02179275 0.003949246 0.02202822 0.07521497 0 0 0 0.06951922 0.03207871 0.05687336 0.0245278 0.008711711 0.008440617 0.02799878 0.02005822 0.003266727 0.004752253 0.04827518 0.002882805 0.007493536 0.01548552 0.01110439 0.009241152 0.06732578 0.0403665 0.03978548 0.04157808 0.006397461 0 0 0.005939537 0
0.03522979 0.04792063 0.03024228 0.05627716 0.03876445 0.04196832 0.03159913 0.04064439 0.01811759 0.03543537 0.03469921 0.001134206 0.02850157 0.02003748 0.02484619 0.0188181 0.01478179 0.004323464 0.001519391 0.003583619 0.02311436 0.02436371 0.004128057 0.001836573 0 0 0 0.002285984 0.02099824 0 0.04098995 0.03079214 0.004165471 0.02769477 0.00908129 0.06435005 0.07593255 0.06984607 0.05490302 0.1131313 0.0306925 0.03194095 0.07269365 0.01624971 9.743688e-005 0.05416404 0.1475019 0.02139175 0.1264035 0.02169246 0 0 0 0.01806596 0.03370315 0.0322903 0.04884274 0.00537989 0.01169641 0.01183999 0.01396868 0.003992893 0.01991453 4.974431e-006 0.007465573 0.01479097 0.001132036 0.01680262 0.06241657 0.02505979 0.001787172 0.02162169 0.0252516 0.006118558 0 0 0.008588403 0.006467039
0.06916858 0.1151365 0.04697087 0.1293162 0.07396279 0.1560896 0.07765988 0.03487198 0.06691474 0.1010662 0.1217928 0.03629087 0.02184735 0.01397274 0.008220454 0.01853793 0.00309079 0.01186769 0.005772167 0.005697129 0.007229557 0.002309987 0.005691355 0.003854895 0 0 0 0.00706055 0 0 0.013682 0.03540576 0.04762407 0.02903829 0.01095102 0.0008725946 0.06174819 0.06989821 0.04106575 0.05456053 0.05083832 0.05124649 0.05126489 0.0278914 0.05595811 0.01098693 0.03853489 0.01668091 0.01947948 0.02260591 0 0 0.0001172364 0.004663442 0 0.01106102 0.002871878 0.02015526 0.07398219 0.1234253 0.1390143 0.09113082 4.809311e-005 0.01048349 0.01284739 0.01575707 0.00159042 0.0009458091 0.04308617 0.05669537 0.03578798 0.06366688 0.003761266 0 0.003048274 0 0.0005781026 0.003827885
0.05733898 0.0211664 0.0746365 0.05765316 0.1144085 0.05555408 0.09040513 0.100188 0.09304787 0.07131761 0.03196525 0.04349027 0.01884169 0.009797162 0.01110886 0.01716593 0.004536434 0.01393504 0.01042738 0.01237563 0.01841696 0.003098496 0.01507752 0.001027441 0.0003049972 0 0.0003272813 0.01353543 0.05097654 0.004180192 0.01680828 0.06533841 0.05905464 0.02115042 0.007665006 0.001296022 0.03476192 0.03472941 0.04070713 0.05569263 0.1261665 0.09221857 0.00578585 0.004151359 0.1147766 0.0002156133 0 0.0087031 0.01487529 0.01570766 0 0 0.002714312 0.004972146 0 0 0 0 0.07717361 0.09481513 0.09417679 0.01892612 0.04006016 0.007087365 0.0008491076 0.005266146 0.01446515 0.01243818 0.0006691482 0.01595012 0.06799401 0 0 0 0.009819863 0 0 0.002311719
