EnvRasters/Baseline_High/potatoes.asc
ncols         270
nrows         223
xllcorner     24099.479091542
yllcorner     21023.840179216
cellsize      1003.8986847201
NODATA_value  -9999
[rows 68 to 101 of 223, columns 0 to 77 of 270]
-9999 0.005361165 0.1750914 0.1226558 0.0949192 0.07976461 0.07444206 0.02614366 0.05278759 0.1286783 0.1335649 0.1602681 0.09856933 0.1203604 0.1266466 0.127956 0.03117571 0.1056867 0.1238554 0.1666908 0.05223703 0.1444574 0.1546183 0.1479487 0.1436322 0.08648975 0.0477569 0.1420516 0.09962633 0.06472771 0.06512672 0.1140658 0.06845358 0.01604147 0.02529714 0.1222256 0.1167927 0.05646166 0.1172685 0.06996995 0.07771279 0.06263386 0.06320272 0.1115025 0.1122684 0.05975721 0.006825406 0.08726797 0.062981 0.07616226 0.0893501 0.09835744 0.04434226 0.0164911 0.02549273 0.04914755 0.04696875 0.0348796 8.037568e-006 0.0008806936 0.02167087 0.04107354 0.04078764 0.06427785 0.03144468 0.07116219 0.1138814 0.1034559 0.08401845 0.09474991 0.1156954 0.1315946 0.1042903 0.07452359 0.07321005 0.04155931 0.008764582 0.06028777
-9999 0.005377066 0.1258516 0.1636582 0.1252505 0.1682563 0.06439235 0.08663993 0.1014131 0.1283106 0.1995503 0.1805892 0.1856201 0.105372 0.1130113 0.2158647 0.1776383 0.1407505 0.1638227 0.1707661 0.03848359 0.1137014 0.1638099 0.1996575 0.1392888 0.09772875 0.09761798 0.1006444 0.07472165 0.07738245 0.04513559 0.1148758 0.0607623 0.09236728 0.171357 0.1242429 0.1022281 0.08079103 0.08140004 0.08574596 0.08223502 0.0820151 0.05665412 0.1020171 0.05873152 0.09246056 0.02684121 0.05152678 0.05866546 0.06006978 0.06539258 0.06144354 0.06866395 0.0361361 0.005793666 0.01833851 0.1151692 0.09127664 0.02942765 0.002964832 0.001581856 0.01640538 0.02048554 0.04907971 0.0396016 0.05940158 0.1334156 0.09701371 0.1013561 0.07599131 0.1473164 0.09798933 0.1077258 0.1094647 0.02626975 0.05764627 0.1311368 0.07948729
-9999 0.003092985 0.07345055 0.08291821 0.1075874 0.14785 0.09277012 0.1961666 0.1450197 0.08335117 0.1130604 0.1902639 0.1858678 0.07433309 0.05735028 0.1652365 0.1720442 0.167351 0.08068427 0.1492359 0.07701059 0.009457061 0.09304858 0.09088674 0.1538178 0.1894289 0.1012602 0.01987883 0.01920465 0.1215886 0.09571315 0.07230645 0.1395178 0.08971491 0.1179025 0.1510348 0.04559372 0.1346827 0.1026626 0.09681994 0.04662306 0.06432409 0.05472748 0.1301314 0.04674654 0.06229699 0.06388313 0.09884775 0.04039853 0.06154681 0.06619224 0.03679808 0.0144949 0.01220305 0.03493812 0.04562908 0.09538762 0.1175622 0.02439324 0.05775788 0.006993592 0.007658866 0.02185803 0.04455544 0.03762 0.05409451 0.09664822 0.1156303 0.1335126 0.1006307 0.1255899 0.1273606 0.02617349 0 0.04538457 0.06134636 0.1207028 0.1003399
-9999 0.1198512 0.1515569 0.1828601 0.1979693 0.0934415 0.1438616 0.1343653 0.1296062 0.04611364 0.0001438171 0.08168919 0.1034055 0.06020601 0.01400721 0.08888981 0.05000353 0.09793467 0.1369143 0.1579724 0.02761322 0 0.0143001 0.1362207 0.2080523 0.1289754 0.03151162 0.02935094 0.05750637 0.08649341 0.08299729 0.08292574 0.1205107 0.08405467 0.1028289 0.07380092 0.1072534 0.02938812 0.07684699 0.1088185 0.06260043 0.02999314 0.01814988 0.02130381 0.03546854 0.1016233 0.1106117 0.02423135 0.02111406 0.06135663 0.01526385 0.01187441 0.03897272 0.02398472 0.05281135 0.04086805 0.08344154 0.01262837 0.03301823 0.01671695 0.01276005 0.004793439 0.01223019 0.04418657 0.06693903 0.06450303 0.1223728 0.1517236 0.1263022 0.1044451 0.09712496 0.004328122 0.005375926 0.0006056475 0.0818231 0.07550858 0.07894055 0.1359016
-9999 0.0105936 0.1033406 0.2116593 0.1807938 0.1337409 0.1658078 0.1512774 0.1544868 0.02881192 0.00330274 0.04010326 0.1127183 0.1380507 0.1111678 0.1876424 0.1059356 0.02375982 0.1295368 0.03804377 0 0 0.004006993 0.07046742 0.07359813 0.04133438 0.01542177 0.008881966 0.02325165 0.06819521 0.04076423 0.0360687 0.1032494 0.06240527 0.1015873 0.05858232 0.02704397 0.04331663 0.03120797 0.0832366 0.07782362 0.06431009 0.01374228 0.03284563 0.04137583 0.09223129 0.02010092 0.003600209 0 0 0.008124045 0 0.009545205 0.06061448 0.008166047 0.0483555 0.04241462 0.01303205 0.06277622 0.08204413 0.1159271 0.06016558 0.0593404 0.09045989 0.0619887 0.09002545 0.1532843 0.135556 0.121088 0.0988064 0.08233892 0.004116213 0 0 0.0008666354 0.05282547 0.04896009 0.08670552
-9999 -9999 0.0430259 0.1951136 0.2088799 0.1336379 0.1472569 0.1976732 0.1799793 0.1722482 0.1283275 0.1546041 0.1489589 0.1621657 0.1926301 0.1816138 0.1383815 0.1476498 0.130884 0.1164019 0.007339819 0 0.01253885 0.08745503 0.05811169 0.0774957 0.02121245 0.04565916 0.04698971 0.07576691 0.05338168 0.05452206 0.04524297 0.07029175 0.1036091 0.09141963 0.04847403 0.05924791 0.09597571 0.08127657 0.04755588 0.04640044 0.01435786 0.01827048 0.01176632 0.01420278 0.04422931 0.004654414 0 0.001641974 0 0.004401027 0.01548095 0.01590241 0.01724866 0.0199862 0.03736148 0.03324198 0.05331513 0.1191143 0.074352 0.08095533 0.0383927 0.07687464 0.03828851 0.06969051 0.07583068 0.1042004 0.1191673 0.08805998 0.02455834 0 0 0.00237796 0.0497725 0.09085084 0.100569 0.1347842
-9999 -9999 0 0.1548471 0.178245 0.1450109 0.1855061 0.1920033 0.1934787 0.2282606 0.1161842 0.1154186 0.1845784 0.2222635 0.1534567 0.1591821 0.1659365 0.1284245 0.1441326 0.1095677 0.04725636 0.05643919 0.1235109 0.08936071 0.05483614 0.02350634 0.03992013 0.04541099 0.04110798 0.03581509 0.06432751 0.05363601 0.09385324 0.0807863 0.09561457 0.1020918 0.1256197 0.1164242 0.1413125 0.1880836 0.05610177 0.08885797 0.08248736 0.0201107 0.04009006 0.006678293 0.01380156 0.001707316 0 0.003086802 0.001980124 0 0.009628899 0.02125305 0.06107251 0.05500553 0.02202035 0.007597614 0.03442548 0.1027785 0.1506393 0.09268053 0.01769974 0.05769476 0.04991879 0.03985813 0.09540005 0.09332076 0.0704187 0.07531114 0 0 0.007384234 0.04763069 0.06886107 0.09647847 0.05190648 0.1200127
-9999 -9999 -9999 0.1466273 0.1512602 0.1201044 0.1018063 0.2252186 0.1397294 0.1336522 0.1027298 0.1554196 0.1196366 0.1726506 0.212933 0.197868 0.1659633 0.05314033 0.05857638 0.07390043 0.1330243 0.1289109 0.05534741 0.04330305 0.01163111 0.003854583 0.04118089 0.08842514 0.04805449 0.01823332 0.07589774 0.1113369 0.08704673 0.09138218 0.05501601 0.09635957 0.1135084 0.07541286 0.1419731 0.1098713 0.1120771 0.05570569 0.03115134 0.09385457 0.02168917 0.004228025 0.0004854364 0 0 0 0.005943308 0 0.005506932 0.006152824 0.06891063 0.07757622 0.09002054 0.1133741 0.053062 0.07036156 0.137533 0.1128846 0.08033788 0.07456467 0.04286924 0.09678765 0.1107819 0.1041309 0.06725353 0.06002794 0.002178768 0.007876298 0.03557703 0.1313995 0.1199439 0.09551117 0.04387417 0.08390316
-9999 -9999 -9999 0.006278904 0.029155 0.006498809 0.01398557 0.03994505 0.04857755 0.0384643 0.1326693 0.1440509 0.1295178 0.1438342 0.1279364 0.1336507 0.1162511 0.1000983 0.07071374 0.04448459 0.1092913 0.1297019 0.08375934 0.008330563 0.01715485 0.03934507 0.1121852 0.04508732 0.04167982 0.05403128 0.06199314 0.0458653 0.08640656 0.06137524 0.01217247 0.1464557 0.1167405 0.0639329 0.111769 0.1460196 0.1005571 0.001585328 0.0431045 0.01389969 0.01914315 0.03583348 0.02166479 0 0.0001699204 0.005335459 0.0259562 0.06777126 0.01837815 0 0.05413434 0.04252756 0.06344915 0.08993753 0.118942 0.04885747 0.08782345 0.1040518 0.09160884 0.1167599 0.1031785 0.1088343 0.07132708 0.05958417 0.01055288 0.01058077 0.08355928 0.08375219 0.107217 0.03970606 0.04652822 0.07299257 0.02263583 0.05583444
-9999 -9999 -9999 -9999 -9999 -9999 -9999 -9999 -9999 0.02419227 0.1817689 0.08174006 0.1031421 0.1549182 0.1429766 0.1043137 0.1397911 0.1407861 0.1284886 0.1447089 0.1026533 0.1090208 0.1704262 0.03572232 0.04723811 0.1071147 0.07249336 0.05875362 0.0728852 0.08282443 0.05252345 0.07901263 0.1182393 0.08772795 0.05435136 0.08144562 0.1066715 0.002761721 0.04727319 0.118831 0.04542011 0.003854709 0.002132627 0.01789723 0.003447124 0.002405721 0.001903086 0 0.005221268 0.01769033 0.05355469 0.1243982 0.009119685 0.003757724 0.0242038 0.087566 0.1357728 0.1725519 0.07788874 0.09690852 0.09967306 0.03376307 0.03264625 0.0977302 0.1247484 0.1539537 0.06156191 0.01037411 0.05418678 0.01890659 0.02585511 0.0658749 0.1000507 0.05976851 0.07706821 0.07695583 0.09228042 0.06980627
-9999 -9999 -9999 -9999 -9999 -9999 -9999 -9999 -9999 0.004418951 0.1265762 0.03903692 0.07591517 0.1187955 0.09285049 0.1529127 0.1970475 0.1660994 0.1596137 0.1637714 0.08363851 0.08251296 0.1267164 0.1274683 0.04703645 0.1445162 0.06153813 0.09685577 0.1327633 0.1101185 0.06627152 0.05449215 0.05430573 0.1117785 0.1254393 0.08728965 0.0003622472 0 0.01376854 0.02137716 0.0420975 0.05611115 0.008483988 0.06362561 0.01112835 0.03412634 0.006810123 0.03445836 0.01544045 0.007296326 0.1460186 0.1413574 0.05022166 0.06263049 0.06737252 0.1348251 0.08328794 0.1766309 0.1277856 0.135402 0.1329105 0.08988648 0.1317162 0.1029118 0.07053415 0.0451517 0.07518342 0.1500575 0.0979302 0.1354949 0.09638765 0.06346974 0.07583597 0.05605626 0.1563507 0.1566413 0.04750802 0.02722447
-9999 -9999 -9999 -9999 -9999 -9999 -9999 -9999 -9999 -9999 0.02534723 0.02631194 0.02311129 0.1540282 0.1865541 0.1031051 0.06079511 0.092561 0.1916848 0.1211909 0.03229113 0.1251953 0.1840828 0.1328181 0.08602274 0.1455273 0.06704061 0.1687448 0.09273937 0.08919679 0.1043417 0.08433491 0.04618846 0.06154527 0.1390271 0.05577438 0 0 0 0.02968802 0.03625038 0.04987147 0.008660181 0.00185843 0.04853583 0.03248412 0.03558522 0.07965778 0.1192688 0.09123681 0.197847 0.1253799 0.08055768 0.1017027 0.1216275 0.08448263 0.1253563 0.1496282 0.1567031 0.1574212 0.1160548 0.1598799 0.1399881 0.07032683 0.01864424 0.02370908 0.1553174 0.07672282 0.09724922 0.06920347 0.02179189 0.05713002 0.0764325 0.06379062 0.05682471 0.08845399 0.06549688 0.01794119
-9999 -9999 -9999 -9999 -9999 -9999 -9999 -9999 -9999 -9999 0 0.003216652 0.09142864 0.179683 0.08046408 0.04777457 0.04811984 0.1385127 0.1689183 0.1692903 0.1215357 0.1513735 0.151985 0.1762522 0.2015307 0.2236595 0.117783 0.07927571 0.0663927 0.02879479 0.01679146 0.0004040997 0 0.02572265 0.06323568 0.06740383 0.01471626 -9999 -9999 0.01121133 0.07858858 0.1005102 0.08851459 0.05456933 0.08678829 0.01516401 0.06766918 0.09823861 0.08568933 0.1273475 0.07721958 0.1224539 0.1111327 0.1202904 0.07513044 0.04483077 0.1010424 0.1111795 0.1149873 0.1304299 0.08929327 0.08876575 0.06373556 0.02493625 0.08033476 0.0392468 0.1146476 0.05867162 0.09489183 0.0654352 0.05211825 0.08466382 0.08643571 0.04111047 0.06836294 0.06608141 0.0657285 0.03752948
-9999 -9999 -9999 -9999 -9999 -9999 -9999 -9999 -9999 -9999 -9999 -9999 0.1252334 0.09004987 0.07324669 0.06769806 0.1608651 0.1371333 0.1585892 0.2016513 0.1625942 0.1248677 0.1479786 0.22919 0.1485724 0.1489413 0.142671 0.169169 0.07694264 0 1.099419e-005 0.004991544 -9999 -9999 0 0 -9999 -9999 -9999 -9999 0.03591643 0.07684311 0.02943858 0.0846979 0.0591687 0.05693861 0.0755964 0.07245091 0.06954399 0.07273193 0.07490946 0.1128605 0.08567221 0.07048322 0.1092518 0.07555795 0.05602649 0.15957 0.101098 0.06824173 0.003754849 0.02136983 0.03268046 0.02790497 0.153332 0.07536821 0.07158709 0.0416179 0.07698996 0.1082853 0.05228303 0.129795 0.03322313 0.02876408 0.06184823 0.05777695 0.05666801 0.05290522
-9999 -9999 -9999 -9999 -9999 -9999 -9999 -9999 -9999 -9999 -9999 -9999 0.082017 0.1703406 0.2375446 0.1682757 0.1582358 0.2184401 0.1415065 0.2315394 0.2540036 0.1117115 0.2096269 0.2272736 0.1484362 0.1336556 0.170079 0.1632821 0.06466598 0 -9999 -9999 -9999 -9999 -9999 -9999 -9999 -9999 -9999 -9999 0.0001853094 0.05183088 0.1048464 0.1119748 0.04475361 0.09811687 0.1093559 0.06357622 0.1255617 0.1846512 0.06192736 0.1040343 0.1731936 0.1388626 0.113885 0.2018996 0.03836205 0.05368321 0.08609645 0.06099879 0.008389118 0.04969496 0.1388078 0.07512081 0.09327171 0.02369685 0.02798192 0.02627494 0.09717952 0.03776376 0.04311853 0.05935637 0.05591749 0.01197148 0.008592714 0.02001056 0.05517648 0.1250343
-9999 -9999 -9999 -9999 -9999 -9999 -9999 -9999 -9999 -9999 -9999 -9999 -9999 0.07132359 0.1288508 0.2073976 0.1037892 0.1502783 0.172324 0.2875252 0.2529404 0.1917645 0.2013682 0.1321429 0.1046351 0.01190293 0.05319852 0.01604421 -9999 -9999 -9999 -9999 -9999 -9999 -9999 -9999 -9999 -9999 -9999 -9999 -9999 0.02253692 0.008201061 0.03555102 0.01055099 0.0138331 0.06405261 0.1253296 0.1509155 0.1368973 0.07791635 0.1516607 0.1529495 0.1785849 0.1123621 0.1666953 0.1959541 0.1252728 0.1444618 0.03401385 0.004835223 0.07046998 0.06831271 0.002393158 0.001502643 0.02938462 0.04598786 0.0500748 0.02982804 0.001631649 8.812459e-005 0.01112858 0.09523229 0.005448279 0.001529379 0.0298762 0.05081462 0.0657663
-9999 -9999 -9999 -9999 -9999 -9999 -9999 -9999 -9999 -9999 -9999 -9999 -9999 0.005667774 0.03818488 0.1155901 0.08463147 0.1441899 0.09955964 0.08490668 0.08822711 0.05274903 0.06845441 0.1750343 0.04451436 0 -9999 -9999 -9999 -9999 -9999 -9999 -9999 -9999 -9999 -9999 -9999 -9999 -9999 -9999 -9999 0 0 0 0 0.0008941179 0 0.07927107 0.07092417 0.05800923 0.03908401 0.184182 0.1992643 0.1223987 0.1176216 0.08704564 0.1443355 0.06225584 0.1225724 0.03960616 0.1246143 0.1257256 0.06636842 0.1343446 0.1290241 0.1208161 0.09549986 0.1559293 0.09848553 0.05480128 0.0008181031 0.003331127 0.003529864 0.00562842 0.01255619 0.01183365 0.03031973 0.03014629
-9999 -9999 -9999 -9999 -9999 -9999 -9999 -9999 -9999 -9999 -9999 -9999 -9999 0 0.007652407 0.0871309 0.1311253 0.1457098 0.02593324 0.0251989 0.009036454 0.005315237 0.02738989 0.1273372 0.08896311 0 -9999 -9999 -9999 -9999 -9999 -9999 -9999 -9999 -9999 -9999 -9999 -9999 -9999 -9999 -9999 -9999 0 0 0.002204012 0.003247726 0.01361053 0.05240958 0.06019527 0.07018219 0.03632031 0.09114031 0.09946404 0.1836825 0.19644 0.1096765 0.1570576 0.04671692 0.1259353 0.1172218 0.1051344 0.1114262 0.08085057 0.07321889 0.05233955 0.04957892 0.06286097 0.1335806 0.06615261 0.03694373 0.00219703 0 0.001590051 0.02328027 0.03772112 0.005342568 0.0265331 0.01659634
-9999 -9999 -9999 -9999 -9999 -9999 -9999 -9999 -9999 -9999 -9999 -9999 -9999 -9999 1.27188e-006 0.07318497 0.03300565 0.06234478 0.02369504 0.0892327 0.0326056 0.03352396 0.05563855 0.03926527 0 -9999 -9999 -9999 -9999 -9999 -9999 -9999 -9999 -9999 -9999 -9999 -9999 -9999 -9999 -9999 -9999 -9999 0 0.01556755 0.02131407 0.06189556 0.09458958 0.1116086 0.06928912 0.04518154 0.01028413 0.008064305 0.09796749 0.1507553 0.2046974 0.1229572 0.06708556 0.06859852 0.1148959 0.1366673 0.09417181 0.04795015 0.1185358 0.1273039 0.08728018 0.1498895 0.1120825 0.05354806 0.06393529 0.0699924 0.03995413 0.02856969 0.01195002 0.0001228388 0.04646261 0.07421597 0.02563449 0.0205688
-9999 -9999 -9999 -9999 -9999 -9999 -9999 -9999 -9999 -9999 -9999 -9999 -9999 -9999 -9999 0.00061793 0.0003044539 -9999 0.01090494 0.07585314 0.06137684 0.03086862 0.005150481 0.08026042 0 -9999 -9999 -9999 -9999 -9999 -9999 -9999 -9999 -9999 -9999 -9999 -9999 -9999 -9999 -9999 -9999 -9999 6.748703e-005 0.01342474 0.02933178 0.0728729 0.09113356 0.04076256 0.02730089 0.01513488 0.04566049 0.07355106 0.1513831 0.08577459 0.05068071 0.02112737 0.1108319 0.1227399 0.1563825 0.1318365 0.1257775 0.07174547 0.1082229 0.1273834 0.07882322 0.1540418 0.1389308 0.09995575 0.0985495 0.05011614 0.01562687 0.07440414 0.0383239 0.008912707 0.01373553 0.0542629 0.05086659 0.0852659
-9999 -9999 -9999 -9999 -9999 -9999 -9999 -9999 -9999 -9999 -9999 -9999 -9999 -9999 -9999 -9999 -9999 -9999 -9999 0.05158358 0.03480446 0.05729623 0.1392543 0.04851075 -9999 -9999 -9999 -9999 -9999 -9999 -9999 -9999 -9999 -9999 -9999 -9999 -9999 -9999 -9999 -9999 -9999 -9999 -9999 0 0.02623274 0.02385382 0.00609402 0.02605877 0.09087794 0.08426614 0.1451332 0.09353572 0.07781712 0.1268023 0.07054915 0.08529837 0.1121118 0.1403027 0.2001956 0.1376548 0.1588291 0.07551672 0.0707633 0.08156181 0.1113915 0.06037115 0.1158703 0.1667232 0.1035017 0.06492238 0.07034267 0.05595576 0.01707514 0.02383105 0.02690624 0.04195448 0.06282255 0.03814284
-9999 -9999 -9999 -9999 -9999 -9999 -9999 -9999 -9999 -9999 -9999 -9999 -9999 -9999 -9999 -9999 -9999 -9999 -9999 -9999 -9999 0.02260143 0.02408382 -9999 -9999 -9999 -9999 -9999 -9999 -9999 -9999 -9999 -9999 -9999 -9999 -9999 -9999 -9999 -9999 -9999 -9999 -9999 -9999 -9999 -9999 -9999 0.001953551 0.03025347 0.1720078 0.1019693 0.08705127 0.1221133 0.1440707 0.03262031 0.03618371 0.1432828 0.140974 0.1511005 0.1477614 0.1319338 0.1267338 0.1415171 0.08672547 0.1469309 0.1181498 0.0996237 0.05799786 0.08704227 0.115922 0.09529919 0.03447959 0.06018134 0.06672405 0.05060188 0.001723394 0.06555894 0.0260427 0.07997767
-9999 -9999 -9999 -9999 -9999 -9999 -9999 -9999 -9999 -9999 -9999 -9999 -9999 -9999 -9999 -9999 -9999 -9999 -9999 -9999 -9999 -9999 -9999 -9999 -9999 -9999 -9999 -9999 -9999 -9999 -9999 -9999 -9999 -9999 -9999 -9999 -9999 -9999 -9999 -9999 -9999 -9999 -9999 -9999 -9999 -9999 0.005632604 0.05873983 0.07966325 0.1038059 0.09125715 0.08349589 0.1108208 0.01786059 0.03803329 0.1514293 0.2089218 0.1527838 0.1361049 0.1258008 0.1021539 0.1010269 0.0816774 0.1253616 0.1305541 0.111607 0.07469136 0.1509345 0.1569473 0.07630154 0.1114252 0.06168615 0.09512912 0.08367763 0.01895593 0.06958632 0.01933522 0.05942255
-9999 -9999 -9999 -9999 -9999 -9999 -9999 -9999 -9999 -9999 -9999 -9999 -9999 -9999 -9999 -9999 -9999 -9999 -9999 -9999 -9999 -9999 -9999 -9999 -9999 -9999 -9999 -9999 -9999 -9999 -9999 -9999 -9999 -9999 -9999 -9999 -9999 -9999 -9999 -9999 -9999 -9999 -9999 -9999 -9999 -9999 0.001023511 0.08018124 0.1191134 0.1429179 0.08928807 0.0552169 0.06769904 0.01620294 0.03037357 0.05220499 0.1045555 0.2055911 0.09820369 0.1226443 0.1320255 0.173877 0.1085349 0.1169498 0.09554043 0.1298973 0.08109855 0.1930126 0.09530523 0.05690212 0.06889603 0.06755256 0.04294065 0.06519238 0.04986468 0.06478985 0.02878671 0.06596141
-9999 -9999 -9999 -9999 -9999 -9999 -9999 -9999 -9999 -9999 -9999 -9999 -9999 -9999 -9999 -9999 -9999 -9999 -9999 -9999 -9999 -9999 -9999 -9999 -9999 -9999 -9999 -9999 -9999 -9999 -9999 -9999 -9999 -9999 -9999 -9999 -9999 -9999 -9999 -9999 -9999 -9999 -9999 -9999 -9999 -9999 0.03198281 0.1265702 0.1407681 0.1616599 0.07630213 0.1053519 0.09270538 0.07268882 0.07143494 0.06399633 0.08902878 0.1354233 0.1178549 0.1605247 0.1526129 0.1313937 0.1257736 0.1158288 0.05266723 0.1361638 0.1601661 0.1400198 0.09502526 0.07733256 0.08101854 0.0367041 0.1004289 0.09747487 0.07852317 0.02850018 0.03578842 0.09402529
-9999 -9999 -9999 -9999 -9999 -9999 -9999 -9999 -9999 -9999 -9999 -9999 -9999 -9999 -9999 -9999 -9999 -9999 -9999 -9999 -9999 -9999 -9999 -9999 -9999 -9999 -9999 -9999 -9999 -9999 -9999 -9999 -9999 -9999 -9999 -9999 -9999 -9999 -9999 -9999 -9999 -9999 -9999 -9999 -9999 0.003712972 0.1553823 0.1059823 0.1408873 0.1275809 0.1205881 0.1269354 0.1507779 0.1111598 0.06400421 0.0984612 0.0833533 0.09026337 0.0749513 0.111272 0.08929853 0.1515193 0.1215809 0.09542017 0.1652128 0.1384441 0.1234532 0.1044126 0.1500127 0.1231731 0.082446 0.09657101 0.01920368 0.1169979 0.1274536 0.09029547 0.05552858 0.122437
-9999 -9999 -9999 -9999 -9999 -9999 -9999 -9999 -9999 -9999 -9999 -9999 -9999 -9999 -9999 -9999 -9999 -9999 -9999 -9999 -9999 -9999 -9999 -9999 -9999 -9999 -9999 -9999 -9999 -9999 -9999 -9999 -9999 -9999 -9999 -9999 -9999 -9999 -9999 -9999 -9999 -9999 -9999 -9999 -9999 0.002572657 0.1342352 0.173117 0.1440513 0.1380927 0.1164471 0.1385983 0.08987964 0.06346937 0.009391004 0.02150435 0.0181674 0.03907772 0.02752547 0.1140131 0.07418263 0.09421378 0.133799 0.1129151 0.1214502 0.1145904 0.1217487 0.1190659 0.1336629 0.1436086 0.1359364 0.1313758 0.07676217 0.1300714 0.04647802 0.03193204 0.01916202 0.1094269
-9999 -9999 -9999 -9999 -9999 -9999 -9999 -9999 -9999 -9999 -9999 -9999 -9999 -9999 -9999 -9999 -9999 -9999 -9999 -9999 -9999 -9999 -9999 -9999 -9999 -9999 -9999 -9999 -9999 -9999 -9999 -9999 -9999 -9999 -9999 -9999 -9999 -9999 -9999 -9999 -9999 -9999 -9999 -9999 -9999 -9999 0.08903619 0.1377816 0.09510604 0.1310729 0.08607478 0.1169885 0.1615714 0.04136652 0.0519339 0.09315076 0.04593341 0.06935082 0.08432972 0.1184206 0.1045606 0.123311 0.1418 0.09709436 0.1108164 0.1135368 0.09823127 0.1360741 0.05249419 0.09759079 0.04849805 0.149865 0.07396898 0.08836265 0.09088845 0.004590458 0.04249207 0.09024933
-9999 -9999 -9999 -9999 -9999 -9999 -9999 -9999 -9999 -9999 -9999 -9999 -9999 -9999 -9999 -9999 -9999 -9999 -9999 -9999 -9999 -9999 -9999 -9999 -9999 -9999 -9999 -9999 -9999 -9999 -9999 -9999 -9999 -9999 -9999 -9999 -9999 -9999 -9999 -9999 -9999 -9999 -9999 -9999 -9999 -9999 0.09838726 0.118296 0.1001806 0.04753226 0.09277543 0.1035807 0.1269474 0.04287594 0.01022995 0.04600968 0.1097789 0.2167269 0.07697164 0.08410595 0.06353865 0.09018198 0.1007534 0.1249001 0.1242279 0.1296294 0.1319161 0.1223275 0.05383328 0.0538634 0.05039542 0.08300269 0.1005511 0.03025819 0.04801475 0.07196032 0.08118259 0.09585463
-9999 -9999 -9999 -9999 -9999 -9999 -9999 -9999 -9999 -9999 -9999 -9999 -9999 -9999 -9999 -9999 -9999 -9999 -9999 -9999 -9999 -9999 -9999 -9999 -9999 -9999 -9999 -9999 -9999 -9999 -9999 -9999 -9999 -9999 -9999 -9999 -9999 -9999 -9999 -9999 -9999 -9999 -9999 -9999 -9999 -9999 0.0230533 0.1283483 0.08420115 0.03728563 0.08671591 0.07566732 0.0861946 0.06004085 0.02905164 0.01342442 0.01817936 0.06936367 0.03950493 0.1269303 0.05968836 0.01862111 0.06975777 0.03239506 0.04232508 0.0758992 0.09607195 0.0549931 0.05919499 0.08229882 0.09645852 0.09122848 0.112942 0.05540245 0.1425033 0.1403596 0.1332772 0.1236422
-9999 -9999 -9999 -9999 -9999 -9999 -9999 -9999 -9999 -9999 -9999 -9999 -9999 -9999 -9999 -9999 -9999 -9999 -9999 -9999 -9999 -9999 -9999 -9999 -9999 -9999 -9999 -9999 -9999 -9999 -9999 -9999 -9999 -9999 -9999 -9999 -9999 -9999 -9999 -9999 -9999 -9999 -9999 -9999 -9999 -9999 0.01075321 0.1567685 0.2025006 0.1040879 0.1299853 0.05158701 0.03996269 0.05622953 0.008789605 0.002348596 0.01083156 0.0732507 0.0428373 0.07537326 0.04738294 0.06062798 0.06156091 0.07133227 0.04550311 0.06164822 0.02757242 0.07300188 0.1654483 0.1502645 0.1418911 0.08253994 0.1555018 0.03740048 0.08942106 0.1026636 0.1688187 0.1560642
-9999 -9999 -9999 -9999 -9999 -9999 -9999 -9999 -9999 -9999 -9999 -9999 -9999 -9999 -9999 -9999 -9999 -9999 -9999 -9999 -9999 -9999 -9999 -9999 -9999 -9999 -9999 -9999 -9999 -9999 -9999 -9999 -9999 -9999 -9999 -9999 -9999 -9999 -9999 -9999 -9999 -9999 -9999 -9999 -9999 -9999 -9999 0.001686367 0.1123574 0.2003201 0.1482915 0.0588377 0.09299712 0.0231284 0.03645537 0.001116614 0 0.0001387472 0.04011557 0.07601684 0.0930219 0.03533713 0.00230738 0.01766661 0.02278265 0.04736767 0.06576286 0.08941054 0.1082034 0.05289438 0.08587062 0.1339198 0.1050881 0.05769071 0.0669428 0.1298917 0.1399293 0.08407223
-9999 -9999 -9999 -9999 -9999 -9999 -9999 -9999 -9999 -9999 -9999 -9999 -9999 -9999 -9999 -9999 -9999 -9999 -9999 -9999 -9999 -9999 -9999 -9999 -9999 -9999 -9999 -9999 -9999 -9999 -9999 -9999 -9999 -9999 -9999 -9999 -9999 -9999 -9999 -9999 -9999 -9999 -9999 -9999 -9999 -9999 -9999 -9999 0.0898928 0.1321696 0.1188011 0.1165695 0.132221 0.06158232 0.05708062 0.04520034 0.003305204 0.002228333 0.02517677 0.01718115 0.003649031 0.009244058 0.001167926 0.01587557 0.02723047 0.1327324 0.07565932 0.0682521 0.07947259 0.100359 0.0660022 0.07153613 0.005216241 0.02175565 0.1300929 0.1487359 0.0592437 0.1345334
-9999 -9999 -9999 -9999 -9999 -9999 -9999 -9999 -9999 -9999 -9999 -9999 -9999 -9999 -9999 -9999 -9999 -9999 -9999 -9999 -9999 -9999 -9999 -9999 -9999 -9999 -9999 -9999 -9999 -9999 -9999 -9999 -9999 -9999 -9999 -9999 -9999 -9999 -9999 -9999 -9999 -9999 -9999 -9999 -9999 -9999 -9999 -9999 0.1173339 0.1752836 0.1662475 0.1131182 0.1721974 0.1126442 0.07747236 0.0609286 0.08223858 0.108851 0.02543048 0 0 0.005985856 0.03816053 0.02407161 0 0.03020018 0.06076186 0.06951336 0.09950475 0.106967 0.1098414 0.1337633 0.01884265 0.1173443 0.1034497 0.129489 0.01472945 0.0809796
