EnvRasters/Baseline_High/potatoes.asc
ncols         270
nrows         223
xllcorner     24099.479091542
yllcorner     21023.840179216
cellsize      1003.8986847201
NODATA_value  -9999
[rows 68 to 101 of 223, columns 156 to 233 of 270]
0.01182307 0.002459431 0.0001555471 0.02076567 0.005262863 0.02179945 0.02367628 0.0002772979 0.007653443 0.01329692 0.007042935 0.001787916 0.0008197763 0.02511393 0.002420429 0.009781169 0.01669386 0.02362044 0.003508817 0.05404797 0.006173179 0.006258053 0 0.0002300411 0.009725 0.03409863 0.01307611 0 0.002863984 0.01042633 0 0.003959384 0.00282827 0.00478177 0.004341825 0.003527885 0.003037337 0.003232558 0.007931541 0.007668278 0.008515509 0.01412301 0.006102558 0.02492452 0.0006705421 0.0152356 0.001597309 0 0 0 0 0 0 0 0 0 0 0 0.003991417 0 0 0.06188178 0 -9999 -9999 -9999 -9999 -9999 -9999 -9999 -9999 -9999 -9999 -9999 -9999 -9999 -9999 -9999
0 8.200725e-005 0 0.001019374 9.761865e-007 0.03292052 0.008313591 0.003187399 0.006581042 0 0.0004268711 0.01055242 0.05005749 0.02032809 0.003379579 0.01201331 0.003959767 0.01012972 0.004170945 0.02833431 0.02355993 0.004757614 0 0.05816606 0.01942641 0.002296776 0.01228053 0.004122782 0.002603111 0 0 0 0.001581457 0.007733648 9.176794e-005 0 0.006896772 0.02654174 0.006073954 0 0 0 0.001524117 0.006479677 0.005617054 0.05153369 0.01511331 0 1.132205e-005 0.003501695 0 0.005715576 0.009934651 0 0 0 0 0.01139431 0.002118509 0.01274881 0.0004672105 0.0002215638 -9999 -9999 -9999 -9999 -9999 -9999 -9999 -9999 -9999 -9999 -9999 -9999 -9999 -9999 -9999 -9999
0.004011338 0.001635542 0.0008892427 0.005728783 0.0162043 0.009150391 0.006543993 0.002886838 0.0004730708 0 0 0.02688194 0.01017019 0.01344903 0.008151803 0.01176796 5.495619e-005 0.002428582 0.001306879 0.004846058 0.002358653 0.001204256 0 0.01211482 0.02679553 0.02174955 0.002641908 0.004384956 0.0131198 0.01568186 0 0.0002308087 0.006363156 0.005823422 0.002366747 0 0.009195803 0.01030059 0.008417 0.006839186 0 0 0.004632112 0.01191469 0.001901176 0.02315195 0.0271626 0.002929056 0.04277345 0.005334573 0.0004445305 0.0005733543 0.003063181 0.003594458 0.006211211 0.02062198 0.02408127 0.02343827 0.02505101 0.01454641 0 -9999 -9999 -9999 -9999 -9999 -9999 -9999 -9999 -9999 -9999 -9999 -9999 -9999 -9999 -9999 -9999 -9999
0.001505682 0.009892792 0.02161049 0.01040499 0.01084195 0.02497444 0.007739473 0.01669594 0.0129047 0.009870454 0.005552065 0.01774105 0.008523751 0.05847159 0.03077812 0.003509686 0.02642043 0.01484864 0 0.01697116 0.005511138 0.05766726 0.0129106 0.007865538 0.06230347 0.02095045 0.04137522 0.01578186 0.009265858 0.008114172 0 0 0.005007167 0.009666808 0.03955415 0.009378623 0.001453062 0.0003615132 0.01782412 0.007922019 0 0 0.009193107 0.01127815 0.003577322 0.01018501 0 0.002571805 0.0008252694 0.0002879698 0.00698177 0.006398686 0.002526985 0.0006529012 0.009528709 0.02948044 0.05701179 0.01633259 0.004133148 0.001947348 -9999 -9999 -9999 -9999 -9999 -9999 -9999 -9999 -9999 -9999 -9999 -9999 -9999 -9999 -9999 -9999 -9999 -9999
0.001446633 0.007055594 0.01076248 0.01102844 0.003324879 0.02626517 0.0308524 0.01013497 0 0.001805353 0.01739215 0.02692032 0.06194026 0.04142844 0.005279766 0.0006312237 0.0001167688 0.003232055 0 0.002067498 0.02167709 0.01554414 0.009899272 0 0.01504209 0.00803546 0.001468949 0.02018576 0.007770774 0.01460139 0.03639498 0.01327828 5.266966e-006 0.003741252 0.005229714 0.03769645 8.469861e-005 0.003886073 0 0.0005678206 0 0.08047796 0.1117404 0.007744049 0.004273538 0.007073497 0 0 0.001013328 0 0.01998396 0.02871433 0.04776198 0.01319731 0.005726775 0.01946519 0.04110948 0.03084268 0.01379306 -9999 -9999 -9999 -9999 -9999 -9999 -9999 -9999 -9999 -9999 -9999 -9999 -9999 -9999 -9999 -9999 -9999 -9999 -9999
0.05565102 0.005101885 0 0.02007494 0.02574397 0.0003748611 0.01110904 0.006015981 0.001811586 0.006975699 0.008212712 0.03170764 0.04555317 0.001173736 0.003364917 0.01264662 0.009930135 0.007445414 0 0.01564032 0.00865141 0.01124176 0.01097452 0.02298019 0.008669199 0.04359913 0.002026661 0.004718198 0.07641026 0.003110097 0.0005927687 0.006729618 0.01725745 0.008517289 0.03295186 0.04016504 0.001923425 0 0.001526453 0 0.001633726 0.006084431 0.02043052 0.01196521 0.06126295 0.002474898 0.0001918334 0.001985255 0 0.0130426 0.02187461 0.022748 0.02886241 0.01553022 0.01753749 0.06143573 0.02364672 0.04302922 0.011163 -9999 -9999 -9999 -9999 -9999 -9999 -9999 -9999 -9999 -9999 -9999 -9999 -9999 -9999 -9999 -9999 -9999 -9999 -9999
0.01512633 0.003797789 0 0.004622806 0.02111669 0 0.007571727 0.002906766 0.03124599 0.006710458 0.01961207 0.01566775 0.03732036 0.007664418 0.007599514 0.03066016 0.01799127 0.003542067 0.002805455 0.05176795 0.03467038 0.02711392 0.01051718 0.003541164 0.0004339248 0.09563043 0.02813903 0.04349779 0.01914234 0.002113879 0.004244448 0 0 0.002484277 0.004685154 0.01241526 0 0 0 0.001451406 0.005439378 0.02068404 0.05650404 0.002923738 0.003927666 0.05761106 0.01159069 0.01905152 0.0009472661 0.003777232 0.004249916 0.007697645 0.01816378 0.02408579 0.03977303 0.08061556 0.0439246 0.01444548 0.03347925 0.008869467 -9999 -9999 -9999 -9999 -9999 -9999 -9999 -9999 -9999 -9999 -9999 -9999 -9999 -9999 -9999 -9999 -9999 -9999
0.02197482 0.0127817 0 0.02883079 0.003765611 0.009075648 0.01061914 0.0006116327 0.001597944 0.03497783 0.02716348 0.03687775 0.0002078567 0.008194996 0.03809877 0.001113359 0.003802567 2.862465e-005 0.06135022 0.04676716 0.01195087 0.0217409 0.0008314637 0.0006836341 0.0714039 0.1403024 0.05213571 0.01754219 0.00820931 0 0 0 0.005973494 0.0003717081 0.002978461 0.001417793 0.00411403 0 0 0.003350316 0.004007952 0.02015892 0.01657339 0.01915776 0.009460908 0.05207985 0.05764293 0.01554551 0.006497636 0.01243102 0.02359698 0.03181674 0.02930174 0.04173208 0.02706317 0.02170177 0.08098339 0.04234423 0.04413383 0.02220469 -9999 -9999 -9999 -9999 -9999 -9999 -9999 -9999 -9999 -9999 -9999 -9999 -9999 -9999 -9999 -9999 -9999 -9999
0.01392573 0.01755364 0.04147174 0.05078549 0.02234298 0.007205732 0.09007681 0.05995537 0.01617037 0.02198391 0.01492973 0.04525683 0.05157579 0.02416072 0.0006542798 0.01288191 0.03329443 0.02215322 0.03070055 0.04177415 0 0.005791843 0.003275806 0.008876087 0.1416781 0.0156711 0 0 0 0 0 0 0.001090414 0 0 0.008824342 0.008590999 0.004742235 0 0 0.006445349 0.03481044 0.0004834289 0.0006899927 0.02818983 0.01905089 0.02584255 0.03999231 0.04781336 0.05454689 0.01710525 0.03162711 0.05935544 0.0942256 0.04910683 0.05973453 0.07008871 0.02280471 0.05833158 0.03291477 0.000599007 0.0001609533 -9999 -9999 -9999 -9999 -9999 -9999 -9999 -9999 -9999 -9999 -9999 -9999 -9999 -9999 -9999 -9999
0.01229666 0.080483 0.03374312 0.01927846 0.066576 0.01225758 0.009242331 0.03633972 0.008454065 0 0.01554064 0.05198039 0.03300899 1.381847e-006 0.02770152 0.03866849 0.0461404 0.03494788 0.08647337 0.04089082 0.002726899 0.007256697 0.003989761 0 0.02402884 0.0003565676 0 0 0 0.005895556 0 0.003269714 0.006491701 0 0 0 0.03153848 0.02659084 0 0.007868051 0.01626296 0.0183531 0.001379314 0.009596159 0.004373698 0.02542197 0.01503247 0.07749687 0.05937767 0.05768102 0.02758944 0.01020366 0.08498995 0.06639431 0.04035594 0.02656735 0.005853917 0.01757367 0.04624463 0.08458827 0.009827445 0.01847688 0 -9999 -9999 -9999 -9999 -9999 -9999 -9999 -9999 -9999 -9999 -9999 -9999 -9999 -9999 -9999
0.07287965 0.02502168 0.0007016273 0.00954088 0.02446675 0.01991658 0.01442188 0.04136149 0 0 0 0.001477508 0.0459623 0.0542907 0.04478955 0.06771968 0.05176574 0.1068454 0.03475125 0.02586923 0.01994365 0 0.005269129 0.01573185 0.001744503 0.005150856 0 0.003468246 0.005601871 0.0003943841 0.009962702 0.009920018 0.01312955 0 0.006152673 0 0 0.0009745764 0 0.03289057 0.01057759 0.001122231 8.512564e-005 0 0.01055269 0.01355521 0 0.0431737 0.06798024 0.04517925 0.04811232 0.04898795 0.05376997 0.05358959 0.03953485 0.05866807 0.02262083 0.0277581 0.01966679 0.07839274 0.05691496 0.001611643 0 -9999 -9999 -9999 -9999 -9999 -9999 -9999 -9999 -9999 -9999 -9999 -9999 -9999 -9999 -9999
0.09358016 0.09355896 0.08504675 0.05157322 0.01006428 0.06228012 0.04778322 0.1423976 0.02467 0.004758124 0.0267101 0.08046127 0.06283055 0.1179091 0.05856106 0.07787259 0.04535583 0.02774109 0.08347719 0.1354567 0.02736491 0.03133788 0.01949078 0.0333054 0.05743153 0.05451072 0 0.01841321 0.007270254 0.008976853 0.003449318 0.07612991 0.07485194 0.01164716 0.03832725 0.003190201 0 0.0164317 0.0008781248 0.006742524 0.009276099 0.000160418 0.00160102 0.02410109 0.009673317 0.005220871 0.003065214 0.02793375 0.04137139 0.05089239 0.06423864 0.05070625 0.04793087 0.04675471 0.08469839 0.05593334 0.02705386 0.01414166 0.03095888 0.05462534 0.003092853 0.01413633 0 -9999 -9999 -9999 -9999 -9999 -9999 -9999 -9999 -9999 -9999 -9999 -9999 -9999 -9999 -9999
0.1391468 0.04857298 0.02827155 0.09464484 0.08954187 0.05115183 0.1251734 0.05844558 0.00622377 0.01216184 0.09670538 0.08687584 0.06348808 0.1222819 0.04936619 0.03235415 0.02033071 0.03753471 0.05703966 0.04594001 0.05998126 0.04772161 0.02305413 0.02344204 0.076835 0.03832098 0 0.006687975 0.0101765 0.01569529 0.03218339 0.02443639 0.01208691 0.01398114 0.03552268 0.01936448 0.007807812 0.00724311 0.002921692 0.03103373 0.01237435 0.01955344 0.01246187 0.02631625 0.06948395 0.006023134 0 0 0.004510071 0.03440564 0.004355311 0.0335172 0.05958986 0.01813908 0.07081943 0.0134981 0.03746445 0.04587534 0.01745465 0 0.000724456 0.04471016 0 0 -9999 -9999 -9999 0.02351964 0.03651346 -9999 -9999 -9999 -9999 -9999 -9999 -9999 -9999 -9999
0.09987263 0.01315872 0.04647081 0.08948726 0.08313048 0.05921838 0.08800917 0.03893459 0.059177 0.1157611 0.06481613 0.1055742 0.1051641 0.08873282 0.02412627 0.1655809 0.03484951 0.06301108 0.07964789 0.01431444 0.048702 0.07991704 0.01353779 0.04685881 0.05782119 0.03386451 0.0006887112 0.02337356 0.007380025 0.01130829 0.01661137 0.01409729 0.003630487 0.0279463 0.04082324 0.03340729 0 0.009729257 0.01358303 0.04237101 0.08080588 0.0121436 0.0009089151 0.01787285 0.03699841 0 0 0 0.01926244 0.006806097 0.01629022 0.05809281 0.04837363 0.02745234 0.07553989 0.04024956 0.03317167 0.05537567 0.003492548 0 0.004440681 0.012917 0.02241606 -9999 -9999 -9999 0.03426987 0.02765085 0.05962912 5.984459e-005 -9999 -9999 -9999 -9999 -9999 0 0 -9999
0.1165249 0.03001516 0.1016507 0.1009652 0.0583084 0.05304227 0.007322953 0.06099038 0.09946599 0.1248925 0.05074958 0.09326413 0.0721833 0.04540934 0.0701698 0.02021616 0.02345107 0.09961502 0.1099402 0.01957517 0.04843736 0.02800361 0.01889516 0.01420928 0.003422456 0.04626208 0.03363779 0.03799207 0.01826022 0.02601963 0.0416391 0.0003760683 0.0007896637 0.0131929 0.01341006 0.05471106 0.002237531 0.008130058 0.01964955 0.05039855 0.08166821 0.01754791 0.01819449 0.06979955 0.01023931 0.001924155 0.01517207 0.0005001828 0.008656087 0.02810297 0.02706263 0.05390405 0.03079002 0.01707735 0.03300378 0.04680777 0.006397237 0.0002258125 0.003910999 0.005044199 0 0 0.003154105 -9999 0 0.00324854 0.03506912 0.008240446 0.06487923 0.006146637 0 -9999 0 0 0 0 0 -9999
0.1268846 0.103415 0.1318567 0.07388525 0.10575 0.08119743 0.067412 0.1426451 0.1252307 0.05817228 0.08465923 0.09139845 0.08765942 0 0.05103539 0.07445164 0.01986501 0.07995742 0.1228157 0.02855738 0.02044656 0.03051891 0.05198086 0.03538146 0.08431765 0.03919559 0.01435353 0.04273696 0.006052813 0.04324051 0.04463112 0.02680787 0.001978174 0.05081137 0.02426785 0.03117523 0.02747962 0.02118519 0.03823854 0.007928175 0.01142925 0.0250898 0.04149185 0.09385046 0.009906084 0.0367621 0.01866526 0.07914087 0.03183148 0.03103809 0.03705511 0.0376121 0.04470066 0.02574753 0.03070191 0.01431945 0 0.0165859 0.0111031 0.003909784 0 0 0.008793415 0.001014221 0.007999293 0.0008742524 0.02228032 0.001850671 0.01168561 0 0 0 0 0 0 0 0 0
0.1104432 0.1703717 0.1482845 0.1004387 0.0728256 0.08293739 0.1603773 0.1661795 0.1565838 0.0994335 0.110836 0.09251024 0.03901032 0.05783129 0.1261673 0.07407995 0.0946515 0.0717499 0.03616026 0 0.03244222 0.05581501 0.03772234 0.03309149 0.04212118 0.03191118 0.02887469 0.05083241 0.02791487 0.02498602 0.05886691 0.01121238 0.005831087 0.01945897 0.02120977 0.01815001 0.03956547 0.03775021 0.01588753 0.02270649 0.07057436 0.02094199 0.07754603 0.05070746 0.03462017 0.02770075 0.03908201 0.06895722 0.01334456 0.06500606 0.07868513 0.003237995 0 0 0 0 0.002470962 0.03414425 0.02833688 8.601193e-005 0.001254952 0 0 0.01381844 0.02864824 0.01299426 0.05175962 0.07328948 0.04364649 0 0.004042218 0.01699245 0.002148846 0 0 0 0 0
0.07768826 0.02534262 0.1119402 0.02558636 0.09021712 0.09012063 0.07975125 0.08167955 0.04018939 0.0669487 0.08121946 0.07356373 0.0132307 0.06534434 0.1144813 0.08372422 0.06863548 0.1425456 0.0740515 0.002222881 0.06089677 0.07348831 0.05281333 0.02580334 0.07086553 0.08723249 0.01969713 0.04225104 0.005708636 0.02203995 0.04032569 0.008699005 0.007038616 0.03691332 0.01139404 0.02645892 0.04038396 0.08262971 0.06788182 0.06706894 0.1675701 0.05511599 0.01559631 0.007361348 0.0248777 0.02324919 0.05077747 0.02029159 0.07552484 0.06396055 0.1480538 0.01857837 0.02560354 0.04965119 0.01706832 0.07111675 0.01976454 0.03744575 0.03365585 0.02538078 0.0002430355 0 0 0 0.0116428 0.01834775 0.09537029 0.00783668 0.02415649 0 0.00496205 0 0.01283425 0 0 0 0.06298494 0.003738245
0.04995738 0.1220496 0.07286868 0.07480741 0.1229073 0.04322298 0.02739857 0.04764419 0.1378646 0.02523693 6.124884e-005 0.0008619296 0.01483078 0.001375132 0.09551279 0.04027069 0.1176082 0.1211066 0.07087709 0.04498696 0.0474178 0.09388628 0.03867022 0.06631916 0.08661613 0.06217498 0.04458848 0.09092785 0.02533649 0.01638247 0.04725836 0.005096723 0.06388537 0.03966754 0.03775256 0.007952853 0.07923028 0.09976979 0.02900208 0.0416557 0.04760835 0.007252752 0.02648607 0.01519345 0.06230208 0.07090557 0.1014018 0.09193113 0.07241078 0.05755455 0.1281944 0.02922897 0.03314561 0 0.03220177 0.05238762 0.0371758 0.02164103 0.01175493 0.004582598 0.007003797 0 0 0.01899799 0.02661883 0.01363622 0.01515484 0.02803134 0.005937666 0 0 0 0 0 0 0 0.0392844 0.01790775
0.08851594 0.03682342 0.1179058 0.03113585 0.01861832 0.0146301 0.05322231 0.06605141 0.02287224 0.04290587 0.108214 0.01011116 0.09135725 0.07171381 0.04050319 0.1040206 0.114267 0.0927015 0.0340076 0.01995401 0.05004365 0.0473913 0.03738767 0.04475899 0.04229907 0.08717713 0.08575253 0.00988998 0.006369468 0.03308224 0.007024807 0.04169989 0.1100492 0.0527142 0.06675135 0.03546404 0.03082066 0.03132644 0.009971363 0.01166829 0.03232621 0.05179585 0.02191545 0.06762354 0.0707414 0.1089147 0.05607371 0.06548251 0.04574827 0.05857807 0.01727941 0.0358009 0.05612407 0.0001109739 0.02197732 0.09790182 0.02522798 0.003542309 0.02068854 0.0259828 0.003512114 0 0.0005421404 0.05070769 0.0005665005 0.0005060039 0.06821793 0.01887087 0 0 0 0 0 0 0 0 0 0
0.09579601 0.06803966 0.06039208 0.005651699 0.04382907 0.01889146 0.118404 0.2047745 0.08993546 0.1046315 0.1088367 0.0873394 0.1711809 0.02918279 0.04500763 0.05460586 0.03274911 0.04216927 0.08008897 0.06693606 0.02701368 0.08102678 0.02520427 0.03812099 0.05801816 0.1341004 0.03958291 0.0215988 0.1039145 0.06948265 0.03094759 0.09350576 0.0234486 0.05965629 0.03325012 0.04943685 0.02391083 0.01100342 0.03712822 0.04380437 0.01890002 0.00934553 0.01215114 0.08072517 0.1481175 0.1147845 0.03988153 0.08025267 0.1219697 0.03448661 0.03569945 0.02174895 0.07913666 0.05414792 0.005270139 0.01975277 0.002091374 0.004102568 0.0339725 0.03557771 0.02556669 0 0.00384534 0.08127448 0.02883005 0 0.0001726192 0 0 0 0 0 0 0 0 0 0 0
0.1651109 0.06743304 0 0.02058793 0.09586588 0.04761257 0.1002463 0.2899503 0.09043071 0.06057455 0.06239128 0.1578367 0.1274046 0.02717389 0.0655979 0.06950384 0.01776871 0.06716841 0.03040632 0.06834032 0.05455031 0.1093031 0.08730821 0.1185228 0.04271012 0.06411085 0.009604027 0.03715261 0.04169484 0.03580274 0.01120457 0.03921777 0.01938775 0.03453114 0.01558227 0.05331012 0.005430868 0.01891026 0.04617022 0.1270208 0.08024739 0.02797918 0.01290124 0.1057524 0.1079189 0.01700035 0.02813485 0.03890415 0.03684552 0.03997731 0.01977303 0.007158918 0.06544222 0.02759759 0.01609442 0.06022806 0.0483658 0.008907394 0.0106616 0 0 0 0.003816497 0.007327921 0.009120877 0.008128569 0.005086571 0 0 0 0 0 0 0 0 0.0001780215 0 0
0.02313839 0.001145294 0.003068788 0.01134982 0.1644638 0.1297779 0.07512736 0.106105 0.04664183 0.02262712 0.1191687 0.09405177 0.02637484 0.04808922 0.135226 0.09688949 0.04007366 0.1061861 0.08064683 0.05077024 0.04645375 0.03927079 0.05584074 0.02341829 0.04196586 0.0224979 0.06599918 0.1006141 0.04119401 0.02443819 0.07677862 0.01387009 0.007915555 0.06010265 0.09205885 0.02649169 0.09957389 0.04383116 0.04964934 0.03876059 0.01635966 0.04671896 0.008256268 0.09701351 0.13555 0.1010074 0.08431634 0.0543757 0.04771332 0.1222484 0.05257864 0.04169416 0.04883778 0.00522505 0.001487032 0.009464692 0.009362137 0 0.01375931 0 0 0 0 0 0 0 0 0 0 0 0 0 0 0 0 0.01742348 0.0003344903 0
0.02991519 0.05902094 0.02449171 0.03537114 0.09332255 0.05003841 0.04810753 0.03963614 0.02467087 0.08588261 0.1514908 0.08840996 0.01330668 0.02074126 0.116492 0.03684447 0.06771736 0.1085882 0.04787331 0.04056562 0.1281012 0.1071731 0.07513244 0.1011709 0.09774225 0.06124832 0.1590071 0.05888968 0.03449927 0.05568764 0.0251819 0.02731725 0.03572683 0.05037084 0.07796127 0.06987208 0.08970784 0.04205077 0.07366804 0.03102265 0.0659825 0.1166315 0.05514281 0.09163428 0.07631128 0.09491399 0.07897659 0.08965936 0.06671008 0.04510807 0.009881616 0.0320118 0.01610862 0.03319321 0.005299349 0.01410856 0.01879094 0.03713038 0 0 0 0 0.01064938 0.01395164 0.008288781 0.004091231 0 0 0 0 0 0 0 0 0 0 0 0
0.02624708 0.130693 0.01360467 0.05075296 0.1424009 0.1016798 0.1233929 0.1121572 0.03923136 0.07162801 0.0190805 0.02676122 0.03759126 0.09016433 0.03850342 0.1165214 0.1413224 0.09861736 0.08883756 0.04917133 0.1074427 0.1197449 0.09634532 0.1186039 0.1292692 0.1124986 0.1690863 0.05310601 0.009811461 0.04270205 0.0760911 0.1159278 0.1222445 0.09048461 0.08432942 0.1100932 0.06246999 0.06104407 0.05969653 0.05447842 0.00301716 0.07086653 0.04356937 0.09940777 0.06113379 0.03301316 0.02150488 0.06537725 0.02613449 0.03228115 0.007140832 0.004847956 0.001356255 0.002455485 0 0.004801104 0.01693843 0.01420958 0 0 0 0 0.02191771 0.008324973 0 0 0 0 0 0 0 0 0 0 0 0 0 0
0.08072005 0.04814436 0.05941029 0.1344393 0.06827845 0.08930375 0.1047986 0.09291972 0.0348997 0.07749355 0.07581204 0.0396246 0.01398895 0.09584131 0.1177602 0.1044926 0.07281855 0.05534341 0.03419821 0.00171873 0.03370917 0.05785275 0.09586786 0.04210934 0.05881335 0.1119767 0.0496378 0.004259999 0.009728119 0.03619634 0.07558538 0.04216043 0.1383667 0.09255658 0.09659211 0.1361969 0.09075586 0.1532659 0.1016971 0.07812899 0.03457581 0.03265083 0.09867956 0.1452029 0.06784023 0.0754637 0.001047475 0.008574081 0 0 0.0002191063 0.000684082 0.003961589 0.008621024 0 0 0 0 0 0 0 0.0001872555 0.01222438 0 0 0 0 0 0 0 0 0 0 0 0 0 0 0
0.06616487 0.03031372 0.07483141 0.1748073 0.100552 0.1282095 0.1244706 0.09831635 0.03083925 0.01956973 0.06317433 0.0174569 0.06856888 0.04425075 0.1039242 0.05800894 0.05963852 0.01473788 0.01888335 0.03660888 0.03614698 0.06572063 0.03652414 0.06308401 0.06584433 0.1159259 0.02683286 0.006877962 0.1011927 0.08179183 0.04905986 0.05713138 0.09890025 0.07730287 0.1137631 0.07223199 0.05147778 0.0949953 0.04119074 0.04131443 0.0514573 0.02383319 0.02184569 0.0244077 0.03134978 0.09210698 0.01661938 0.04726562 0.002372771 0 0.001096094 0.002815159 0.03573223 0.000154047 0 0 0 0 0 0 0 0.01374043 0 0 0 0 0 0 0 0 0 0 0 0 0 0 0 0
0.1069923 0.08130202 0.08009338 0.0978502 0.02303704 0.1364381 0.0660325 0.06573746 0.05743311 0.02752701 0.1001632 0.093711 0.05140983 0.08680736 0.07732853 0.06274207 0.1444279 0.1090234 0.04464323 0.03523523 0.06584397 0.07633834 0.06854039 0.0443313 0.146804 0.1194526 0.1509184 0.03352452 0.07137531 0.1208028 0.1182954 0.06453207 0.08945625 0.1291122 0.1031754 0.06454971 0.04292311 0.0779613 0.06773037 0.03270123 0.05430223 0.001440278 0.04410324 0.004325061 0.03006616 0.0170882 0.02082492 0.006288542 0 0 0.007310314 0 0 0 0 0 0 0 0 0 0 0 0 0.001669129 0.0008294182 0 0 0 0 0 0 0 0 0 0 0 0 0
0.1417525 0.1821557 0.05618057 0.01931405 0.03724839 0.01333838 0.1017395 0.1112836 0.0575114 0.0946608 0.07833493 0.1353094 0.05497297 0.07896008 0.03074389 0.07275535 0.0902446 0.1234396 0.09468743 0.1463653 0.1114965 0.1333829 0.124451 0.1561042 0.2028972 0.1083764 0.1250296 0.126735 0.04758468 0.02661249 0.06786534 0.1502026 0.04592068 0.1161506 0.1628438 0.1016901 0.02806097 0.08207104 0.08701313 0.08029546 0.1471201 0.05000674 0.05409665 0.06112971 0.01423806 0 0 0.0008563672 0.01680425 0 0 0 0 0 0 0 0 0 0 0 0 0 0 0 0 0 0 0 0 0 0 0 0 0 0 0 0 0
0.05771959 0.09719367 0.09282846 0.01061255 0.02319331 0.1139319 0.09405603 0.07792407 0.10537 0.1164511 0.1155363 0.08750964 0.159906 0.1526869 0.1233796 0.1912194 0.05995865 0.1166173 0.1093975 0.03221222 0.08893805 0.02001094 0.03636098 0.04821554 0.08227918 0.1422732 0.1208921 0.1160209 0.03504527 0.04342371 0.0002754964 0.02270141 0.05263727 0.1559474 0.149202 0.1041225 0.02856152 0.05174754 0.05582747 0.06263588 0.06487758 0.09167022 0.1634527 0.09804869 0 0.006590511 0.0003699111 0 0.01083244 0 0 0 0 0 0 0 0 0 0 0 0 0 0 0.001248387 0 0 0 0 0 0 0 0 0 0 0 0 0 0
0.02043267 0.02389511 0.08413757 0.08572149 0.05278956 0.06978763 0.1747251 0.1718031 0.08556843 0.06874361 0.09418274 0.05211082 0.1001756 0.1019216 0.1260191 0.05775498 0 0.02528627 0.02177225 0.01490599 0.008987302 0.03078476 0.007302637 0.01565927 0.01512314 0.05261229 0.1065629 0.1198791 0.07953811 0.1132179 0.08011476 0.09084742 0.05736689 0.1337391 0.09680367 0.0390052 0.05303759 0.0002632382 0.0222814 0.1043796 0.06905837 0.01520065 0.02040734 0.01883883 0 0.0001278034 0.0002162888 0 0 0 0 0 0 0 0 0 0 0 0 0 0 0 0 0 0 0 0 0 0 0 0 0 0 0 0 0 0 0
0.1182746 0.09103539 0.1424143 0.1537232 0.1368353 0.09924801 0.01490943 0.0245125 0.07854174 0.1094872 0.1221555 0.1363213 0.0692547 0.1098394 0.08176912 0.03927379 0.1483263 0.1442424 0.0760039 0.09898564 0.06039729 0.05121441 0.05702221 0.0356388 0.07692275 0.01282667 0 0 0.0268975 0.01306225 0.03575995 0.04125258 0.01264273 0.0450884 0.1162508 0.01142175 0.006566165 0.0320156 0.03397118 0.01910274 0.005079418 0.04005858 0.01044859 0 0.01022925 0 0 0 0 0 0 0 0 0 0 0 0 0 0 0 0 0 0 0 0 0 0 0 0 0 0 0 0 0 0 0 0 0
0.1065579 0.06789975 0.03786818 0.04218218 0.09656088 0.07497738 0.1157192 0.04245891 0.08928137 0.1006278 0.0914652 0.1315706 0.03755136 0.06024115 0.0777539 0.02867621 0.08510119 0.04393526 0.08044461 0.1019864 0.131446 0.0577075 0.09594879 0.05501969 0.1173346 0.04912432 0.00108365 0 0.05074303 0.01653714 0.02240713 0.0783434 0.06041358 0.04531899 0.1364149 0.07076717 0.05776921 0.06687354 0.06686728 0.0001172555 0.02419997 0 0 0 0 0 0 0 0 0 0 0 0 0 0 0 0 0 0 0 0 0 0 0 0 0 0 0 0 0 0 0 0 0 0 0 0 0
0.05279001 0.07084314 0.15757 0.09809391 0.0774802 0.1411299 0.08799899 0.02696011 0.1149626 0.07535832 0.03712756 0.1343499 0.0588031 0.1342264 0.05439242 0.1067083 0.05791331 0.04769879 0.1060789 0.1319839 0.0702503 0.06375667 0.03973541 0.02426356 0.04275786 0.03947774 0 0 0.06570975 0.03860467 0 0.07890493 0.01572111 0.02192067 0.05627145 0.06166568 0.06258084 0.05299712 0.01697275 0 0 0 0 0 0 0 0 0 0 0 0 0 0 0 0 0 0 0 0 0 0 0 0 0 0 0 0 0 0 0 0 0 0 0 0 0 0 0
