EnvRasters/Baseline_High/resdntl.asc
ncols         270
nrows         223
xllcorner     24099.479091542
yllcorner     21023.840179216
cellsize      1003.8986847201
NODATA_value  -9999
[rows 87 to 115 of 223, columns 201 to 267 of 270]
0 0.1223242 0.02584456 0 0.08404813 0.2720555 0.01325054 0 0.2095252 0.2755525 0 0.0005241776 0.03508912 0.06500854 0.009964978 0.05879765 0.01991664 0.1147006 0.04083669 0.1604059 0.01049925 0.02983727 0.06082213 0.1039899 0.003809551 0.001506087 0.01992996 0.009964978 0.009964978 0.08052964 0.02132302 0.03985991 0.03066779 0.149605 0.02989493 0.009964978 0.05436278 0.05966153 0.06570416 0.2991842 0.4778208 0.1844746 0.1947038 0.04812083 0.04235737 0.1400727 0.003040264 0.1555653 -9999 -9999 -9999 -9999 -9999 -9999 -9999 -9999 -9999 -9999 -9999 -9999 -9999 -9999 -9999 -9999 -9999 -9999 -9999
0 0.3616593 0.05710759 0 0 0.1070716 0.4017321 0.08794405 0.06692053 0.1459269 0.0501733 0.2817678 0.4010316 0.4111942 0.3461657 0.1476367 0.2433233 0.2558195 0.2391138 0.2592731 0.09430775 0.1515164 0.1640004 0.02388769 0.03985991 0.02690223 0.06100501 0.009964978 0.195036 0.1309549 0.03040739 0.008850281 0.02104465 0.009964978 0 0.05566716 0.3044593 0.09903207 0.0626805 0.2723448 0.1022149 0.2717189 0.08022413 0.02973711 0.2846504 0.07325231 0.1487373 0.2171458 0.01260307 -9999 -9999 -9999 -9999 -9999 -9999 -9999 -9999 -9999 -9999 -9999 -9999 -9999 -9999 -9999 -9999 -9999 -9999
0.2222632 0.05584556 0.2737485 0.1930709 0.000789606 0.1350957 0.1565886 0.08741295 0.1376104 0.08459276 0 0.01321891 0.4376086 0.267714 0.531458 0.223407 0.2522602 0.08714322 0.1048765 0.104611 0.03024911 0.04557531 0.01454726 0.04982489 0.08626102 0.01992996 0.1159626 0.08967795 0.258256 0.4077058 0.0145625 0.009964978 0.009964978 0.009964978 0.009964978 0.04987132 0.1244707 0.1743689 0.04982489 0.02641057 0.008514942 0.06532969 0 0.03808413 0.06161208 0.07321453 0.1007764 0.006202487 0 -9999 -9999 -9999 -9999 -9999 -9999 -9999 -9999 -9999 -9999 -9999 -9999 -9999 -9999 -9999 -9999 -9999 -9999
0.0910567 0.005114701 0.06700626 0.05447092 0 0.07126102 0.05970618 0.009857656 0.3075494 0.05952562 0.09845249 0.04776759 0.02793066 0.05586229 0.4645342 0.02034299 0.1361228 0.249936 0.2200549 0.06710742 0.02713169 0.06636514 0.06350543 0.08490004 0.01646964 0.09351508 0.007963113 0.06619884 0.06784759 0.04547832 0.0212109 0.05919566 0.02052417 0.01991837 0.009976565 0.01411636 0.03066621 0.04357833 0.02149205 0.02329102 0.05453986 0.08344738 0.007463879 0.001806588 0.07086258 0.1893383 0.1265682 0.05594931 0 0 -9999 -9999 -9999 -9999 -9999 -9999 -9999 -9999 -9999 -9999 -9999 -9999 -9999 -9999 -9999 -9999 -9999
0.1157333 0.1486544 0 0.05427624 0 0.2531636 0.1070647 0.2038464 0.2140969 0.05470887 0.3998653 0.1724858 0.001953037 0.2922633 0.1322438 0.0428063 0.4687458 0.147273 0.2290432 0.1427386 0.08821472 0.286092 0.03641593 0.1075776 0 0.08098815 0.01992996 0.005860884 0.07066104 0.07646708 0.01992996 0.04982489 0 0.009964978 0.0230075 0.06927994 0.01992996 0.02147399 0.129771 0.1348128 0.04311338 0.09235268 0.06862183 0.1295447 0.06345826 0.003926598 0.09372514 0.1726747 0.1021916 0.0652011 0 -9999 -9999 -9999 -9999 -9999 -9999 -9999 -9999 -9999 -9999 -9999 -9999 -9999 -9999 -9999 -9999
0.1913753 0.1242567 0.06427921 0.3971279 0.3893254 0.4968037 0.07354322 0.4644385 0.2410021 0.1794085 0.3546515 0.4032922 0.3815904 0.5247091 0.03083139 0.201537 0.175043 0.3510698 0.05131551 0.2459526 0.1498006 0.05108842 0.06763563 0.01587659 0.04770816 0.09579835 0.06217957 0.05492476 0.0789766 0.1106281 0.07981721 0.06798225 0.02989493 0.03158179 0.1486939 0.0590287 0.02567465 0.09527335 0.01524124 0.009964978 0 0.03272372 0.1351461 0.0668942 0.108807 0.01992996 0.1747065 0.2373189 0.1602945 0.01732182 0 -9999 -9999 -9999 -9999 -9999 -9999 -9999 -9999 -9999 -9999 -9999 -9999 -9999 -9999 -9999 -9999
0.09431809 0.5308943 0.1901943 0.07082837 0.4632779 0.5348878 0.06451449 0.2014594 0.3225975 0.4545051 0.6356443 0.510681 0.7580867 0.3952649 0.07802963 0.3132855 0.244362 0.1778224 0.2655225 0.1689757 0.1331047 0.06682002 0.04279475 0 0.03201166 0.07846066 0.04696896 0.0854719 0.2306021 0.003004163 0.1070656 0.02272452 0 0.07667542 0.0269288 0.1285776 0.2769815 0.4981727 0.2527004 0.04146262 0.05978987 0 0.02413361 0.01382943 0.01372711 0.01992996 0.09128831 0.1620518 0.02714301 0.04735924 0 0 -9999 -9999 -9999 -9999 -9999 -9999 -9999 -9999 -9999 -9999 -9999 -9999 -9999 -9999 -9999
0.02237662 0.2289712 0.05348346 0.1176743 0.317053 0.4367524 0.4498428 0.2625061 0.4320425 0.3804077 0.4075147 0.3151122 0.565189 0.1361404 0.1229019 0.1615841 0.2757125 0.1868997 0.1273908 0.1172423 0.106074 0.01717729 0.05206747 0.05858753 0.02902051 0.06104904 0.05632431 0.05011028 0.03196084 0.196696 0.1128711 0.1066767 0.01074208 0.07442965 0.04891767 0.09776024 0.3987997 0.1078451 0.2516887 0.08823341 0.01992996 0.07809139 0.04492828 0.08461083 0.04219832 0 0.006750243 0.01689739 0 0 0 0.0610221 0.02238343 -9999 -9999 -9999 -9999 -9999 -9999 -9999 -9999 -9999 -9999 -9999 -9999 -9999 -9999
0.2800882 0.05122548 0.07064781 0.1304304 0.2257677 0.147475 0.1792837 0.59145 0.4522348 0.3120475 0.3632366 0.2221057 0.01102483 0.1267105 0.04242126 0.2382625 0.3129033 0.1923892 0.1804074 0.08261476 0.1641536 0.1149795 0.07814591 0.1093938 0.08713705 0.07038442 0.3098301 0.09070995 0 0.1119418 0.09787093 0.07014834 0.03573686 0.006742769 0 0.07792737 0.04667487 0.05872741 0.05210663 0.01370465 0.07991777 0.1474404 0.2999771 0.1237376 0.005710167 0 0 0 0 0 0 0.01204253 0.02413168 -9999 -9999 -9999 -9999 -9999 -9999 -9999 -9999 -9999 -9999 -9999 -9999 -9999 -9999
0 0.01364787 0.3665983 0.2182828 0.5984015 0.5879669 0.4157258 0.3360021 0.4065108 0.2288256 0.4816911 0.489134 0.3159729 0.483595 0.365725 0.4679516 0.4979673 0.08839464 0.1285885 0.03160411 0.2602525 0.2115864 0.09738193 0.1261848 0.4058604 0.3079017 0.1240963 0.1074305 0.02997454 0.06545766 0.05226638 0.01458375 0.1477342 0.05981028 0.01646791 0 0.01739434 0.1632353 0.04049353 0.0189672 0.1978072 0.5028349 0.3347226 0.03557407 0.003848477 0 0 0 0 0 0 0 0 0 0 0 -9999 -9999 -9999 -9999 -9999 -9999 -9999 -9999 -9999 -9999 -9999
0.1285029 0.2297237 0.4851923 0.2444308 0.6308614 0.4854946 0.6314211 0.567427 0.5578188 0.2375572 0.4080771 0.4345494 0.4049365 0.4434426 0.3661185 0.1974865 0.2959079 0.3456838 0.2856578 0.2340533 0.4110959 0.4597557 0.1661587 0.1071428 0.0633128 0.04022516 0.158012 0.1785563 0.0900961 0.1889279 0.06975485 0.01133262 0.01140878 0.03667289 0.01149185 0.06110485 0.01330423 0.3305117 0.06417342 0.09426185 0.3676281 0.4724005 0.5177344 0.1987086 0.02991534 0 0.005636225 0.004328754 0 0 0 0 0 0 0 0 0 0 0 -9999 -9999 -9999 -9999 -9999 -9999 -9999 -9999
0.208544 0.4418399 0.3342247 0.361237 0.3799665 0.4321625 0.5004526 0.465295 0.415332 0.2452968 0.5102109 0.6424356 0.5284576 0.3771212 0.2641294 0.6951345 0.2730899 0.4936432 0.3287333 0.2234376 0.3879133 0.2114877 0.07810748 0.08385826 0.05997499 0.1009349 0.1806694 0.149477 0.0385228 0.3052276 0.0190509 0.1202505 0.01607361 0.06817096 0.03315024 0.3687468 0.02228915 0.02693429 0.1455117 0.1576023 0.07913381 0.1131422 0.4136657 0.1385119 0.006096098 0.01992996 0 0 0 0 0 0 0 0 0 0 0 0 0 -9999 -9999 -9999 -9999 -9999 -9999 -9999 -9999
0.2934707 0.1888587 0.2556316 0.1608102 0.1890659 0.3132937 0.1204735 0.07467825 0.07185437 0.04213384 0.08950022 0.1471388 0.3140928 0.4256962 0.2000733 0.4476748 0.4596706 0.1724343 0.331938 0.3084359 0.1697977 0.047815 0.2391583 0.3383742 0.09053771 0.1799739 0.1011303 0.1535434 0.1072802 0.2917027 0.2623369 0.07599583 0.04497471 0.02371646 0.05513292 0.08084606 0.1370955 0.05352892 0.02051158 0 0 0 0 0 0 0 0 0 0 0 0 0 0 0 0 0 0 -9999 -9999 -9999 -9999 -9999 -9999 -9999 -9999 -9999 -9999
0.2528258 0.3189657 0.1515935 0.4845143 0.5398824 0.6231675 0.5669392 0.2328357 0.04755074 0.3489126 0.1948474 0.4864245 0.7350484 0.4652994 0.2663483 0.2586139 0.1929043 0.07259011 0.008973365 0.1280199 0.02094641 0.09865381 0.1217775 0.08155404 0.05872507 0.02067393 0.02239685 0.3014901 0.2185067 0.3846253 0.3353495 0.4959014 0.4400383 0.1196383 0.07357468 0.04953578 0.003874888 0 0 0 0 0 0 0 0 0 0 0 0 0 0 0 0 0 0 0 0 -9999 -9999 -9999 -9999 -9999 -9999 -9999 -9999 -9999 -9999
0.1654936 0.3260248 0.1618447 0.2054633 0.6509901 0.4151134 0.1472648 0.2429482 0.1188571 0.0797008 0.09728705 0.6741559 0.6161654 0.1976569 0.09845474 0.04696282 0.04441221 0.09003448 0.06975485 0.03864263 0.1494747 0.1476067 0.08024937 0.02987419 0.2485519 0.05912322 0.1691498 0.3277445 0.3070287 0.5297737 0.7119516 0.6406804 0.5051156 0.1322868 0.02339763 0.01646228 0 0.009964978 0 0 0 0 0 0 0 0 0 0 0 0 0 0 0 0 0 0 -9999 -9999 -9999 -9999 -9999 -9999 -9999 -9999 -9999 -9999 -9999
0.3456475 0.2611498 0.04753458 0.3874046 0.6802582 0.1213307 0.3797658 0.3578478 0.05802108 0.04543336 0.07697008 0.05200142 0.1872849 0.20502 0.2091577 0.1057994 0.1628125 0.1140169 0.009964978 0.07002388 0.09222922 0.1508478 0.1297535 0.03047052 0.179817 0.2186001 0.2389002 0.1814083 0.2728179 0.2632356 0.3842457 0.357723 0.240371 0.05460179 0 0 0 0.01992996 0 0 0 0 0 0 0 0 0 0 0 0 0 0 0 0 0 -9999 -9999 -9999 -9999 -9999 -9999 -9999 -9999 -9999 -9999 -9999 -9999
0.02502456 0.1381807 0 0 0 0.01546106 0.6299679 0.3731786 0.03507942 0.2860544 0.3195017 0.09051809 0.4520882 0.4549198 0.2309919 0.001801903 0.1065461 0.1770218 0.01125447 0.1951839 0.1597026 0.2097138 0.1495875 0.0600582 0.03290088 0.2917428 0.1069038 0.02988932 0.009964978 0.1678352 0.461642 0.07975932 0.225613 0.007691517 0.009964978 0.1769343 0.07545337 0.06306798 0.05674668 0 0 0 0 0 0 0 0 0 0 0 0 0 0 -9999 -9999 -9999 -9999 -9999 -9999 -9999 -9999 -9999 -9999 -9999 -9999 -9999 -9999
0.009589764 0.07417535 0.01834291 0 0 0 0.2680061 0.2146775 0 0.2668113 0.1194546 0.2797417 0.3176188 0.4792617 0.506191 0.1884036 0.3493349 0.04111542 0.05125744 0.09033544 0.06958653 0.158933 0.01987167 0.0005860691 0.009964978 0.1861961 0.1041495 0.001268937 0.02219625 0.1004388 0.2346078 0.1649362 0.3486188 0.03626774 0.05913553 0.07286888 0.1553734 0.2611469 0.114251 0 0 0 0 0 0 0 0 0 0 0 0 0 0 -9999 -9999 -9999 -9999 -9999 -9999 -9999 -9999 -9999 -9999 -9999 -9999 -9999 -9999
0.1956653 0.4480152 0.5586896 0.08552872 0.02481749 0.009964978 0.03502311 0.05391965 0.1624928 0.1393101 0.2397036 0.01270813 0.1895478 0.1633197 0.1363547 0.2468758 0.2652641 0.04137638 0.1278582 0.0108125 0 0.08934587 0 0 0.07116818 0.1202984 0.1195549 0.1165418 0.07036256 0.04352904 0.08834236 0.1056366 0.1107064 0.001671144 0.09278105 0 0.1687108 0.08595837 0.01821337 0.01193043 0.007999531 0 0 0 0 0 0 0 0 0 0 0 0 -9999 -9999 -9999 -9999 -9999 -9999 -9999 -9999 -9999 -9999 -9999 -9999 -9999 -9999
0.1195354 0.4200078 0.5489789 0.4313192 0.1969525 0.242751 0.3583277 0.01650804 0.05381402 0.296617 0.3204107 0.05060309 0.06975485 0.06483985 0.1035297 0.230173 0.0617588 0.03003068 0.008720821 0.03017359 0.1222432 0.1889004 0.009964978 0 0.009964978 0.05114849 0.3757308 0.09748956 0 0.03192454 0.0848171 0.1834578 0.01145364 0 0.03985991 0 0.0305888 0.0236564 0 0 0 0.009964978 0 0 0 0 0 0 0 0 0 0 0 0 -9999 -9999 -9999 -9999 -9999 -9999 -9999 -9999 -9999 -9999 -9999 -9999 -9999
0.2142282 0.3536355 0.2113097 0.1974091 0.1400713 0.04982489 0.2271872 0.08735292 0.2205482 0.3733311 0.2697738 0.03397689 0.06678048 0.250715 0.06148182 0.1293093 0 0.03944093 0.1173791 0.2051157 0.1791712 0.1173162 0 0 0.1208305 0.009001732 0.2648467 0.04609511 0.07295801 0.0167268 0.009964978 0.04088379 0.05516559 0.01407072 0.02495908 0.004935857 0.02126655 0.04490676 0 0 0 0 0 0 0 0 0 0 0 0 0 0 0 0 -9999 -9999 -9999 -9999 -9999 -9999 -9999 -9999 -9999 -9999 -9999 -9999 -9999
0.08288939 0.1397798 0.03253419 0 0.02989493 0.009964978 0.01992996 0.2571107 0.1242421 0.1658724 0.1751319 0.1446183 0.02299493 0.0003692086 0.06685489 0.1473553 0.07172851 0.1300519 0.1230434 0.1054612 0.07925076 0.02781133 0 0.009964978 0.01054396 0.09964979 0.1172109 0.2266116 0.006962047 0 0 0.03731153 0.06169088 0.3074028 0.05800069 0.02860674 0.02435944 0.1116775 0 0 0 0 0 0 0 0 0 0 0 0 0 0 0 0.06975485 0.03985991 -9999 -9999 -9999 -9999 -9999 -9999 -9999 -9999 -9999 -9999 -9999 -9999
0.2482863 0.03415339 0.1087107 0.1134651 0.006410806 0.02832315 0 0.01172404 0.02758409 0.09199565 0.05625537 0.09274313 0.05821699 0.2583123 0.1663859 0.3420281 0.01858937 0 0.1221012 0.009964978 0.01367592 0.03614897 0 0.0320449 0.1174298 0 0.07971983 0.009964978 0 0 0 0.01992996 0.09966518 0.1539624 0.2564734 0.1598574 0.03130346 0 0 0 0 0 0 0 0 0 0 0 0 0 0 0 0 0 0 0 -9999 0 0 0 -9999 -9999 -9999 -9999 -9999 -9999 -9999
0.02798788 0.004693407 0.01431021 0.1268236 0.1285239 0.1394842 0.003119726 0 0.04592349 0.1315264 0.1551559 0.09639663 0.0003490722 0.06116278 0.1713675 0.3244157 0.1302063 0.02928306 0.04730347 0.02233605 0.1096148 0 0 0.03007003 0.05256544 0.03711936 0.06975485 0 0 0 0.01653614 0.1102521 0.2596877 0.03985991 0.06265397 0.05284514 0.1594422 0 0 0 0 0 0 0 0 0 0 0 0 0 0 0 0 0 0 0 0 0 0 0 0 0 0 -9999 -9999 -9999 -9999
0.09897763 0.006044331 0.05565965 0.003824513 0.04734814 0.194535 0.01287651 0 0.0537263 0.02223198 0.01992996 0.06823802 0.02167396 0.02989493 0.1147274 0.04637706 0.2226006 0.02523465 0 0.09861876 0.008589914 0 0.02479231 0.1344723 0.02251926 0.016678 0.009964978 0 0.003742664 0.09273048 0.201305 0.3137219 0.2865117 0.1334807 0 0 0.09633496 0.003312265 0 0 0 0 0 0 0 0 0 0.007543133 0.003628434 0 0 0 0.04982489 0 0 0 0 0 0 0 0 0 0 0 0 -9999 -9999
0.01580908 0.06595732 0.008094952 0 0.1178528 0.1093519 0.09033987 0 0.1065025 0.03300722 0.02383931 0.092668 0.03061617 0.009964978 0.1321904 0.07821678 0.1919514 0.09467779 0.04730562 0.1578683 0.00830365 0.03063132 0.03249527 0.07711949 0.1164697 0.1264825 0.01641664 0.03404292 0.03626543 0.5005474 0.5589557 0.2298189 0.06975485 0 0 0 0.01992996 0.02636337 0.09117943 0.06067662 0 0 0 0 0 0 0 0.08230712 0.09987042 0.01943416 0.01992996 0 0 0 0 0 0 0 0 0 0 0 0 0 -9999 -9999 -9999
0 0.03394474 0.02738135 0 0.009964978 0.213902 0.1559147 0.02989493 0.009964978 0.1157644 0.1162025 0.07996518 0.0393299 0.0435335 0.0378319 0.08864487 0.1208012 0.08857102 0.07978781 0.1152988 0.02989493 0.1295651 0 0.009964978 0.08968535 0.1697873 0.06389377 0.03575601 0.04768027 0.3025043 0.1019922 0 0 0 0.009964978 0 0.009964978 0.05071286 0.03149565 0.01859148 0 0 0 0 0 0.06416176 0 0.09480398 0.1256965 0.1134062 0.02886059 0 0 0 0 0 0 0 0 0 0 0 0 0 -9999 -9999 -9999
0.04250955 0 0.06230346 0.01737266 0.08985902 0.05727835 0.01992996 0 0 0.2683283 0.07183259 0.1470996 0.06288321 0.01714329 0.01577086 0.1130498 0.3591781 0.1489645 0.03480213 0.01992996 0.07597275 0.1643226 0 0 0.05978987 0.06975485 0.03930988 0 0.1354069 0.02509766 0 0 0 0 0 0 0.02989493 0.04155042 0.07397923 0 0 0 0 0.03408327 0.07526195 0.02028788 0.04057187 0.1624906 0.06546003 0.03428823 0 0 0 0.01260699 0.007937932 0.01090509 0 0 0 0 0 0 0 0 0 0 -9999
0.1069651 0.01022228 0.02163443 0 0 0.03985991 0 0.004519037 0.02901542 0.02080948 0.003790363 0 0.006871645 0 0.1670983 0.2545197 0.140619 0.09684557 0.09572791 0.1296863 0.1237894 0.04358097 0 0 0.02989493 0.03797024 0.1804975 0 0 0 0 0 0 0 0 0.007285254 0.05638769 0.08372204 0.01001287 0 0 0 0 0.2096082 0.1646819 0.05518156 0 0.0369807 0.130738 0.03192056 0.0365681 0.01284226 0 0.03484275 0.09474739 0.2727873 0.02950937 0 0 0 0 0 0 0 0 0 0
