EnvRasters/Baseline_High/resdntl.asc
ncols         270
nrows         223
xllcorner     24099.479091542
yllcorner     21023.840179216
cellsize      1003.8986847201
NODATA_value  -9999
[rows 87 to 115 of 223, columns 134 to 200 of 270]
0.4996675 0.4873606 0.4683565 0.3597002 0.359666 0.364437 0.04997307 0.0815715 0.4923782 0.1165848 0.05149513 0.04927634 0.104314 0.4237344 0.2190107 0.2104011 0.03227602 0.07428793 0.09608296 0.1574453 0.067477 0.02989493 0 0.2438666 0.05803428 0.1462687 0.345025 0.1580804 0.009964978 0.1868911 0.1226866 0.01995036 0 0.3427649 0 0.009451514 0.1563899 0.01992996 0 0.0005737222 0.3001057 0.1058014 0.2418972 0.07006869 0.07872236 0.2971266 0.0005984836 0 0.003338686 0.02640004 0.1989035 0 0.008897921 0.1483611 0.005234779 0 0 0.006155699 0.00380928 0.118417 0.342595 0.1716752 0.0406023 0.1165355 0.02694913 0.05432151 0.009964978
0.6437675 0.3569003 0.5684884 0.1411518 0.08082955 0.383935 0.1228045 0.1945405 0.3983445 0.4960046 0.2488862 0.07179498 0.2690894 0.2861558 0.3431471 0.3238337 0.2405785 0 0 0 0.1428045 0.01344071 0 0.1329981 0.01992996 0.02664487 0.296738 0.1279579 0 0 0.08447655 0.02539284 0.03713715 0.09841696 0 0.07683321 0.01352818 0.08612762 0.1706891 0.002346945 0 0.124262 0.1783009 0 0.1020982 0.1757672 0.08118463 0 0.03049252 0.02945356 0.07771334 0.03289048 0.07688653 0 0.072175 0.1989696 0.07182492 0.02052707 0.2210526 0.1524743 0.01631499 0.002609136 0.03507282 0.2719625 0.02830524 0 0
0.3255812 0.7589858 0.7685681 0.8119117 0.6808411 0.2666229 0.4976173 0.1949737 0.4642037 0.7656748 0.303042 0.1250359 0.158993 0.1353687 0.2464311 0.01119156 0 0.1242346 0 0 0.2124507 0.03986822 0 0.07938343 0.1297189 0.007377756 0.004063204 0.1370821 0.007855317 0 0.01517324 0.1196705 0.186564 0.03591145 0 0.2729707 0 0.1451563 0.2265064 0.006932253 0 0 0 0 0 0.003050284 0.1364594 0.08762074 0.06412388 0.1578418 0.2636093 0.06457307 0.1285103 0.1780801 0.2157604 0.1522289 0.06190351 0.01215669 0.02514615 0.009964978 0 0 0.06975485 0.1858044 0.1295327 0.1032294 0.2421085
0.4102359 0.3783762 0.6318156 0.4032706 0.4364834 0.4909218 0.2201095 0.08847827 0.4923925 0.3422501 0.4542994 0.3692867 0.3866412 0.06891847 0.1490836 0 0.04316695 0.391849 0.005288694 0 0.04784913 0.01164552 0.06338549 0.2330306 0.1626142 0.05168784 0 0 0.1271717 0.03860455 0.1340244 0.1548461 0.1149982 0.005838461 0.1129108 0.2820768 0 0.01084089 0.2124728 0.04474191 0.01351674 0.2261387 0.133626 0.03755814 0.2168288 0.03687974 0 0.1141449 0.03858358 0.006039049 0.2627998 0.284731 0.1459367 0.3989906 0.5967386 0.1052694 0.002953259 0.1983018 0 0.1990472 0.1668295 0 0 0.1357556 0.3183519 0.009964978 0.15162
0.2875586 0.04539407 0.02804318 0.3069636 0.2206281 0.4216863 0.5107651 0.2416237 0.2860681 0.2872492 0.633177 0.08101819 0.2215611 0.2610225 0.309353 0.1078752 0.03361163 0.05862223 0.009964978 0 0.09303026 0.1530182 0.1884045 0.01827183 0.1496261 0.1171065 0 0.1351954 0.2025099 0.07471024 0.2434685 0.01114128 0.05301249 0 0.1259223 0.1357491 0.06207715 0.1633791 0.1294177 0.03102082 0 0.1293079 0.1371507 0 0.148419 0.01992996 0 0.1017491 0 0 0 0.006549622 0.2060781 0.5201666 0.05997544 0.04261616 0.1470311 0.1736832 0.0797363 0.2618081 0 0.1868963 0.1482114 0 0.008153372 0 0
0.2089841 0.01492191 0.02209005 0.2022601 0.3142624 0.4679558 0.12842 0.00910047 0.06321626 0.09488572 0.03760717 0.08963285 0 0.1974597 0.4511037 0.2133065 0.2807315 0.004214339 0.09878733 0.2480092 0 0.388099 0.08234411 0.01701373 0.4157777 0.05886233 0.009964978 0.004314282 0.009964978 0 0 0.01883661 0.414699 0.1200905 0.09145024 0 0.05978987 0.07663989 0 0 0.07161152 0.1412021 0 0.1357295 0.08656093 0.01992996 0.0008306235 0.1914928 0.03560242 0.04982735 0.148054 0.1680645 0.07190526 0.02330267 0 0.01113623 0.01055989 0.007404854 0.2744364 0.2118895 0 0.08883327 0.2779281 0.03855162 0.01992996 0 0.172513
0.4444502 0.0005617561 0.09692793 0.1526152 0.5459896 0.4084044 0.4292495 0.06207427 0.3646025 0.1147082 0.1095489 0.08643606 0.02146704 0.1477443 0.1221819 0.05939148 0.3208435 0.02541622 0.01759995 0.004307741 0 0.1090953 0.04842972 0.01992996 0.1400786 0.04982489 0.1323555 0.01711918 0.06738205 0.1029068 0.03498789 0 0.0410851 0 0.267289 0.01992996 0 0.1079685 0.2252176 0.1424867 0.2317656 0.5332698 0.0855933 0.04017187 0.01533048 0.007922253 0.2204416 0.1189804 0.09130962 0.09009402 0.1271683 0.05095118 0.05329237 0.05756229 0.02602007 0.09617719 0.06815547 0.007797214 0.02238881 0.002151702 0 0.09255098 0.0004150082 0.05856114 0.1491108 0 0.03700846
0.2409619 0.08926773 0.1611749 0.07836469 0.4914667 0.4994392 0.3829787 0.2426709 0.3555185 0.0146128 0.05945708 0.01992996 0.2383951 0.09016652 0 0 0 0.009964978 0.009964978 0 0.0603416 0.1544932 0.07972617 0.1959137 0.003310583 0 0.08415716 0.06140276 0 0.1266951 0.2264588 0.2631648 0 0 0 0 0 0 0.05702595 0.2038021 0.1700246 0.1969854 0.1647277 0.04630423 0.1999785 0.01186166 0.1032359 0.1548281 0.2898859 0.07156248 0.07749876 0.0005542725 0.05571513 0.1146995 0.1731374 0.03878083 0.03604599 0.2089997 0.06786675 0 0.01707995 0.09964979 0.1178696 0.1198611 0.1587931 0.07405206 0.08150029
0.00946537 0.1429393 0.1463793 0.1898234 0.6870737 0.3015505 0.06530194 0.4269302 0.0965487 0.009351547 0 0 0.04485854 0.006040751 0 0.06312132 0.05191522 0 0 0.01445243 0.2220827 0.05458308 0.09787017 0.1332454 0.008159823 0.09525335 0.2752007 0.03555522 0.07555727 0.09971569 0.04009411 0.07564446 0 0.01766279 0.1459477 0.1051071 0.07548288 0 0 0.009964978 0.05733097 0 0.2235354 0.0265646 0.23052 0.1967067 0.004785935 0.005179044 0.01925408 0.1908339 0.01871126 0.02613343 0.09795503 0.216895 0.1466112 0.04484517 0 0.02819723 0.1686519 0 0.161951 0.1729769 0.03094106 0.07959913 0.1196111 0.1594215 0.1609512
0.009964978 0.1332062 0.5127187 0.3365723 0.3135917 0.3465205 0.02010416 0.2346173 0.1597618 0.00349104 0.08231139 0.4147997 0.06557297 0.2633841 0.01977602 0.1506309 0.04231368 0 0.009964978 0.2073888 0 0.03985991 0 0 0 0.01313889 0.1357621 0.1960243 0.004440858 0.1047768 0.07539938 0.009709957 0 0.01575909 0 0.128733 0.07931115 0 0 0.009964978 0 0 0 0 0.008656758 0.009964978 0.009964978 0 0.05084262 0.009749769 0.09821163 0.07994323 0 0.01992996 0.2031176 0.09251426 0 0 0.1518506 0.007624209 0.02485287 0.0007623262 0 0.003662377 0.01373145 0.07919287 0.06182116
0.01417244 0.2725485 0.5473397 0.2916563 0.131534 0.1465187 0 0.2309854 0.5346619 0.474365 0.01487824 0.1604841 0.2692731 0.05605178 0.009234322 0.1462542 0.2210632 0 0.08239294 0.2432352 0.262267 0.05529898 0.009964978 0.009964978 0 0.1572447 0.1761079 0.001560234 0.009964978 0.05534566 0.1135074 0 0 0.06857756 0.009964978 0 0.01992996 0 0.02310067 0.002780352 0.01962817 0.1856556 0.04404134 0.1010878 0.03546648 0.06272864 0.06975301 0.004632538 0.09863205 0 0.01715168 0.1702087 0.06740874 0.1450448 0.04105562 0 0.009964978 0 0.2774742 0.0588417 0 0 0.229622 0.08760821 0.05834899 0.03403137 0.03842804
0 0.1654827 0.133133 0.05143189 0.02520754 0.1081679 0 0 0.2449987 0.1177041 0.2752149 0.2203003 0.02509677 0 0.2396931 0.03836865 0.1717247 0 0.02165966 0.06999347 0.3030888 0.04018858 0.2840963 0.3050136 0.01882745 0.04096242 0.2039166 0.05029272 0 0 0 0 0.07642551 0.1111405 0.0666121 0.05441916 0.1341544 0.1099587 0.145038 0.1272551 0.1485834 0.312696 0.1251335 0.1944368 0.1195797 0.08078258 0.3122857 0.2258734 0.01817899 0 0 0 0.03985991 0.1134365 0.1040297 0 0.03818453 0.02989493 0.03114051 0.1352286 0 0.02702244 0.1482169 0.3405595 0.1629028 0.1208043 0.128191
0.119256 0.1156918 0.1533671 0.3402011 0.07272045 0 0 0 0.02103015 0.006737618 0.4109959 0.5090424 0.0233588 0.01047497 0.1041125 0.02823993 0.1060813 0 0 0.02989493 0 0 0.002511533 0.02698742 0 0 0 0.1305896 0.3164178 0.1293697 0.08510789 0.01306517 0 0 0 0.008103367 0.08334526 0.2063068 0 0 0 0 0.03580506 0.03369826 0.0709923 0 0 0.07262485 0.1829499 0.06095398 0.04276544 0.1547477 0.07548711 0.1395097 0.1546711 0.1154397 0.009208477 0.09807149 0.3862047 0.1103883 0.05215361 0.1601471 0.1811984 0.150364 0.08868143 0.1723198 0.07615841
0.1928732 0.116814 0.07922795 0.0229895 0.009964978 0.04170918 0 0.02858209 0.2119526 0.02311471 0.21357 0.0478125 0.006069347 0.0137841 0 0.009315938 0 0 0.02989493 0.01992996 0.02794469 0 0 0.1557815 0.2594811 0.06003358 0 0.088334 0.03247804 0.2816179 0.1011994 0.0678288 0 0.01246021 0.2392816 0.08892903 0.0351663 0.1236057 0 0.01413002 0.005799934 0 0 0 0 0 0 0 0.07864296 0.0532728 0.005513336 0.1569475 0.0413555 0 0.009964978 0.01992996 0 0.03144167 0.2394555 0.0003555657 0.07723857 0.2629051 0.2193572 0.1977193 0.4283895 0.2731792 0.1203036
0.1200933 0 0 0 0.01992996 0.03801064 0 0.01337304 0.02647564 0 0.277486 0.01024328 0.342801 0.149443 0.009964978 0.03456933 0.2007428 0 0.05978987 0.02647766 0.1438617 0 0 0.05944441 0.01340013 0 0.108833 0.09813492 0.06091961 0.3813875 0.04159862 0.01992996 0.1893346 0.009964978 0.009964978 0.0106776 0.0985458 0 0 0.09282742 0.009964978 0 0.00223177 0 0.1722141 0.01213328 0.0337276 0.009964978 0.08725906 0.06505307 0 0.1007753 0.03980406 0 0 0.1032408 0.1072526 0.11621 0.08968481 0.109046 0.2358248 0.2636782 0.04634945 0.1539559 0.3331682 0.1735994 0.09964979
0 0 0.1695558 0.2794842 0.1136692 0.2299499 0.01124509 0.1667597 0.2758749 0 0.2487186 0.008263874 0.01992996 0.01968044 0.02989493 0.06230486 0.4046231 0.05223501 0.04040255 0.3637795 0.1999799 0 0.03702004 0.1424174 0.1397485 0 0.02357739 0 0.01879663 0.1009147 0.02205563 0.07676782 0.1424617 0.06280558 0.03131742 0.1426269 0.1721724 0.05208864 0.09509452 0.1804885 0.2920727 0.2788338 0.107383 0.03985991 0.1134097 0.1662794 0.2852861 0 0.1390677 0.01753447 0.02448972 0.005405218 0 0.008497687 0.02914044 0.2085536 0.09576141 0.1603494 0.08161522 0.01220935 0.2600572 0.4139196 0.0368031 0.1123196 0.2026463 0.2331485 0.1626553
0.09314761 0.003554524 0.2848474 0.4891893 0.2692461 0.05504551 0 0.05542517 0.1599185 0.09549177 0.08134824 0.1213847 0 0.1935064 0.05530064 0.1155 0.09534539 0.009964978 0.001388955 0.130959 0.08856591 0 0.2016578 0.03007067 0.1640036 0.009532064 0.1406814 0.01875827 0.3149548 0 0.005369443 0.009964978 0.06395736 0.02786391 0.0620407 0.1184222 0.1013498 0.01163017 0.01339573 0.05160764 0.02207242 0 0.002246554 0 0.1444276 0.0322681 0.1110867 0.09291122 0.002601834 0 0.06000655 0 0.009817318 0.05625641 0.3672423 0.1253221 0.01992996 0.3356124 0.2116555 0 0.03967562 0.0974495 0.09022591 0.03220559 0.007654327 0 0.01992996
0.307984 0 0.1833846 0.1996499 0.184759 0.02989493 0.02516226 0.04924328 0.01252529 0.01101105 0 0.009537868 0.03412455 0.5583227 0.3218893 0.04207991 0.01992996 0.008825025 0 0.03485938 0.009964978 0 0 0.04727964 0.01579894 0.01073805 0.012583 0.02989493 0.009956474 0.3207636 0.1374609 0 0.09761201 0.09637224 0.01525667 0.01992996 0 0 0.05677905 0.009964978 0.02279547 0 0.1196062 0.0940173 0.02328945 0.06362993 0.03144019 0.2015716 0.09154952 0 0.1465393 0.2187311 0.3509024 0.08060319 0.3893556 0.4235839 0.01035354 0.2423757 0.1526003 0.02138764 0.008507296 0.1273643 0.1035018 0.02765439 0.03976217 0.006298448 0
0.4317838 0 0 0.1425608 0.1966107 0 0 0.05723474 0.004220157 0.1284987 0.009964978 0 0.05452294 0.5742967 0.5785799 0.07741065 0.2204352 0.1918331 0.01121994 0 0.02809876 0.2490136 0.2001039 0.01989831 0 0.04770873 0.1848061 0.01190943 0.08353293 0.4464308 0.06248591 0 0 0.03369137 0.3632125 0.06589529 0.04443921 0.04899031 0.2820302 0.1209717 0.176867 0.03985991 0.06757446 0.01814351 0.02450385 0.01607835 0 0 0.1196847 0.3132161 0.03122028 0.02010183 0.2766294 0.2201083 0.1818441 0.23498 0.1159644 0.4153157 0.5744091 0.3269911 0.01201325 0.194858 0.09303858 0.08194824 0.1829729 0.04352644 0.02989493
0.07272039 0.01424818 0.2275919 0.391989 0.2745434 0 0 0.03160077 0.001451213 0 0 0.02989493 0 0.01774798 0.1420498 0.1157856 0.3176176 0.02131771 0 0 0.1461758 0.3076877 0.1080358 0.01254188 0 0.04279175 0.08677338 0.03484366 0.1414435 0.1320115 0.05646417 0.05990871 0.08327527 0.08005018 0.1909461 0.005673763 0 0.239258 0 0.104731 0.1113126 0.0685638 0.2553075 0.03191919 0.05738677 0.06477815 0.2073385 0.039445 0.1762963 0.1233663 0.01029491 0.3663205 0.3515466 0.2506098 0.1894911 0.2884981 0.2481712 0.6312958 0.3223101 0.2566515 0.0339434 0 0 0.01601761 0.05023175 0.01992996 0.009964978
0 0 0.03024807 0.03531931 0.03230342 0 0 0.2330251 0.05617349 0.007924002 0.07869417 0.1756648 0.1143453 0.06982116 0.04017272 0.04813835 0.05759043 0.05924677 0.08568903 0.01975637 0.2922618 0.03880128 0.009964978 0 0.04982489 0.009964978 0.2159591 0.0271509 0.04138996 0.2326147 0.1735518 0.06965157 0 0 0.05521801 0 0 0.03601673 0.009964978 0.01086241 0.03265538 0.1683689 0.06220698 0 0.01391867 0.122618 0.1075217 0.008672152 0.02708344 0.04865317 0.258896 0.4299414 0.3803367 0.317504 0.07775247 0.09514919 0.2246851 0.03144891 0.08515772 0.1678871 0.009829238 0 0.01992996 0 0.1095984 0.09295 0.01619452
0 0.004777656 0.05008934 0 0.02000241 0 0.04855859 0.2621675 0.2284465 0.2290671 0 0.007690802 0.01223916 0.01986364 3.777973e-005 0.04154645 0 0.1217124 0.2544389 0.009964978 0.1927405 0.07225399 0.009221912 0.01992996 0.05849548 0.1009442 0.118409 0.01763923 0.03127157 0.1238105 0.006579107 0.06377076 0.05637055 0 0.01992996 0.01087355 0.1013988 0.004474844 0.08231923 0.1972636 0 0.009964978 0 0.02982088 0.2330677 0.3070594 0.1808538 0.0310486 0.1740766 0.3204666 0.1105575 0.2591085 0.4790802 0.5408551 0.2967421 0.2165808 0.06550527 0 0 0.01992996 0.002278091 0.009964978 0.01660606 0.01328888 0.008981724 0.2035702 0.1532101
0.02868323 0.001795563 0.1021629 0.1819805 0.0774131 0.0986227 0.0988083 0.1594497 0.1617461 0.07472482 0.007724789 0.091925 0.01871783 0.1412744 0.1584428 0.1868167 0.1230945 1.717683e-005 0.009078266 0.09061801 0.189292 0.03721647 0.02925379 0.1479589 0.2367437 0.1708153 0.08589195 0.1527384 0.09299486 0.2163605 0.009964978 0.161934 0.09316555 0.009964978 0.1992996 0.0441892 0.1934321 0.06593483 0.1555731 0.1981564 0.07595015 0.1595841 0.0225969 0.1941498 0.2481077 0.01992996 0.02144014 0.08312911 0.2212462 0.156135 0.009854804 0.2196211 0.2713749 0.5730252 0.3561425 0.100797 0.01278491 0.002098184 0.03776173 0 0 0.1323294 0.01992996 0.07382329 0.1007856 0.08091819 0.2697666
0.040808 0.008433038 0.003822699 0.2054748 0.07347021 0.338157 0.2324491 0.0248413 0.2369667 0.08329131 0 0.009964978 0.1649754 0.1433863 0.01992996 0 0.01932881 0.2178163 0.1010671 0.01939722 0.1013123 0.1508322 0.2279761 0.03019926 0.08105091 0.02769672 0.168921 0.06732597 0.04171908 0.06690188 0.0162318 0.03332327 0.2041472 0.05043004 0.07014396 0.1831105 0.01422367 0.08986136 0 0.05637533 0.04499304 0.1902591 0.08256933 0.02989493 0.02472068 0.01297845 0.2217797 0.07717625 0.1205917 0.01992996 0.01992996 0.2499648 0.2583596 0.1630238 0.1714753 0.05464196 0.07877813 0.004794922 0.1681594 0.08111469 0.114604 0.3363432 0.3057991 0.1393124 0.1612434 0.2355646 0.1287358
0.00498923 0 0 0.06913376 0.05219513 0.02835962 0.04701842 0.02426051 0.2378695 0.08465441 0.278892 0.1565097 0 0 0 0 0.070356 0.001488556 0 0 0.05978987 0.3867814 0.1954845 0 0 0.007068094 0.3665339 0.4833592 0.2720226 0.1721051 0.02447907 0.2315895 0.05458989 0.1269657 0.1073554 0.1409145 0.3736167 0.09272196 0.006905534 0.003059444 0 0.2576169 0.5039221 0.1413053 0.09769016 0.0510844 0.1069549 0.1820888 0.08780293 0.08968481 0 0.07207406 0.3106657 0.04650777 0.001627614 0.04885272 0.04080161 0.09112193 0.1696776 0.09181905 0.001930615 0.03808098 0.1855507 0.03278844 0.1686634 0.08520451 0.082155
0.01648326 0.005844643 0.004120336 0 0.03250954 0.05512877 0.002379198 0.008073433 0.01658928 0.04383926 0.05856406 0 0.1195797 0 0.1098213 0.03985991 0 0.009964978 0.01810663 0 0.0269786 0.03757727 0.02150121 0.009964978 0.08568908 0.3380561 0.1169117 0.5909367 0.496485 0.1031402 0.2049776 0.2085775 0.005339815 0.1435246 0.155772 0 0.1938342 0.1121359 0.2508402 0.03287631 0.02316689 0.1710962 0.3791183 0.4027436 0.3087856 0.02013232 0.01179661 0.04700918 0.08265794 0.0796141 0.01938157 0.2434712 0.2366349 0.06004215 0.01832041 0 0 0.01397337 0.1822203 0.1368719 0 0.01226555 0.01992996 0 0 0.009964978 0.006383607
0.2215767 0.003441749 0.00657121 0.2797502 0.4198773 0.07512878 0.01992996 0.01992996 0.03519754 0 0 0.03086089 0.1011758 0.01969576 0.3000426 0.4285036 0.04123873 0.2662281 0.37564 0.21903 0.266031 0.02483996 0.01992996 0.05978987 0.07729213 0.4180807 0.2038527 0.5567138 0.09983333 0.04899714 0.0390396 0 0.0416519 0.05927834 0.005000952 0 0 0.05574057 0.1180383 0.06975485 0.03464062 0.1067602 0.3652817 0.3586942 0.03047453 0.002857133 0.09781815 0.0001999769 0.08749694 0.05018127 0.01927747 0.1245977 0.2880365 0.2115117 0.09554389 0.007277379 0.3446983 0.1310573 0 0 0 0 0.1391044 0.09504105 0 0.2420939 0.05777146
0.05906867 0.1042957 0.09495594 0.1798173 0.07439093 0.1146261 0.3521964 0.1891777 0.2475093 0.07336202 0.04231523 0.3071136 0.2915239 0.01992996 0.3189923 0.4499279 0.1075832 0.1843994 0.2156907 0.0580412 0.04125864 0.1648561 0.1407707 0.3877217 0.5459724 0.4248376 0.6375139 0.4920457 0.3038025 0.2779348 0.08968947 0.1287283 0.1331446 0.03985991 0.1341235 0.2855265 0.08189674 0.02996739 0.178911 0.1419185 0.03818985 0.05386024 0.08401679 0.0211419 0 0.03774763 0.0597636 0.009991257 0.01992996 0.009964978 0.1114551 0.1724651 0.09501199 0.03253461 0.09592894 0.0003573364 0.06235326 0 0 0.03075148 0.08428448 0.06110409 0.03490892 0.03985991 0 0.07242025 0
0.04783452 0.1724023 0.06904139 0.06075399 0.1000755 0.293106 0.6302586 0.4829333 0.4228412 0.4172998 0.1500699 0.3211526 0.4502277 0.1700766 0.2594142 0.05968715 0.01921797 0.06139193 0.0283393 0.04982489 0.04982489 0.1860909 0.2714319 0.7364702 0.3313688 0.4291096 0.2445727 0.2753784 0.1380282 0.2266999 0.1724188 0 0.1337623 0.002061713 0.01820874 0.1674516 0.2458693 0.1210018 0.05040571 0.009964978 0 0.06064468 0.03431937 0.03867843 0.08061005 0 0.02989493 0 0.1308863 0.001064842 0.04066187 0.01093902 0.09428424 0.1331998 0.0001834583 0.002957181 0.02889996 0.03642654 0.01992996 0.09291437 0 0 0 0 0.07237719 0.08257556 0.02989493
