EnvRasters/Baseline_High/resdntl.asc
ncols         270
nrows         223
xllcorner     24099.479091542
yllcorner     21023.840179216
cellsize      1003.8986847201
NODATA_value  -9999
[rows 29 to 57 of 223, columns 134 to 200 of 270]
0.6968197 0.6453557 0.5246683 0.3358681 0.2018207 0.7233147 0.4201442 0.3183252 0.6147643 0.4766535 0.3550086 0.09325995 0.01992996 0 0.1028 0.05846031 0.04452849 0 0 0.03985991 0.01992996 0.03848407 0.2625977 0.4086296 0.04495119 0.006666716 0.02293633 0.2336321 0.5516728 0.1448226 0.0246182 0.09690094 0.1454178 0.61673 0.376297 0.1946227 0.09844704 0 0.01517447 0.08476838 0.1407739 0.05104217 0.2142758 0.5021896 0.2389879 0.2020021 0.04781995 0 0.02989493 0 0 0 0 0 0 0 0.04809472 0.4711093 0.396973 0.2042602 0.0345393 0.04781265 0.2166898 0 0.04192767 0.3616227 0.3590293
0.1177023 0.03164367 0.307317 0.3099862 0.7044484 0.7413816 0.8571301 0.2997448 0.1844433 0.2139825 0.6565087 0.3305779 0.03219839 0.1113089 0.06974684 0.08988504 0.07136271 0.009964978 0 0 0 0.1059199 0.2749578 0.5080624 0.1199195 0.02555509 0.08667843 0.2278869 0.3263397 0.05976738 0.02795555 0.01992996 0.4838173 0.6500528 0.3471923 0.1263153 0.02989493 0 0 0.02989493 0.1166028 0.2095429 0.4316223 0.6763219 0.4211926 0.5803671 0.3211599 0.06975485 0.02989493 0.009964978 0.01898253 0.129771 0.1564734 0.0001132735 0.09125081 0.1489166 0.5578358 0.6881602 0.5346767 0.4652846 0.8094428 0.4433645 0.1258011 0.1198667 0.05668212 0.4484238 0.1664728
0.1224306 0.4982401 0.312779 0.1908173 0.6766101 0.636607 0.6091933 0.1717222 0.06790379 0.01595699 0.05623597 0.02407802 0.06994946 0.1818938 0.1760317 0.08779664 0.009964978 0.01992996 0.03047444 0.04485891 0.009607621 0.03641054 0.3428592 0.5278869 0.4436426 0.07285952 0 0.1336926 0.1434813 0.3725883 0.3080247 0.01600365 0.04606747 0.31488 0.04274699 0 0 0.0004187544 0 0.01579108 0.05937974 0.08245426 0 0.1042793 0.1015336 0.03240808 0 0.009964978 0 0 0.009381888 0.1102027 0.1631271 0.1747629 0.2582631 0.5136931 0.7165243 0.7612332 0.7946748 0.5161777 0.2116174 0.3223781 0.1611028 0.2756349 0.2898226 0.6408679 0.825266
0.09833623 0.3702267 0.1433047 0.3419949 0.2053457 0.3274052 0.2054642 0.1037522 0.07869057 0.09927601 0.08574348 0.1921539 0.5674012 0.1565439 0.4889151 0.05578407 0.009129881 0.000835098 0.1555566 0.05071744 0.169369 0.05974347 0.03474692 0.2047682 0.1610286 0.009964978 0.0973509 0.175264 0.05216569 0.6155341 0.2381058 0.131236 0.03591461 0.0371747 0 0.0009336157 0.05580175 0.0441547 0.01992488 0.07971983 0.0272693 0.3443033 0.2454734 0.2187342 0 0.008348235 0 0 0 0.4360016 0.2130893 0.08967994 0.04022333 0.1747072 0.0217429 0.2467702 0.5323131 0.4963241 0.1723516 0.05858521 0.07526658 0.07562938 0.06671824 0.1783519 0.4110655 0.467235 0.6264008
0.2344046 0.1345714 0.06417248 0.1525987 0.0820215 0.1609648 0.4265325 0.6771455 0.2727121 0.01369663 0.07824104 0.5338461 0.2035321 0.1318713 0.2177595 0.12676 0.05985492 0.06949583 0.4335991 0.32435 0.009964978 0.07327294 0.121392 0.03985991 0.01385972 0.0555454 0.04438503 0 0.110175 0.2589318 0.2014228 0 0.0316557 0.009964978 0.07203051 0.2844214 0.07849263 0.01583303 0.05417827 0 0 0.03024423 0.1471628 0.4192834 0.5200757 0.3711315 0.1148359 0.05365272 0.3037084 0.4430032 0.01202162 0.08042432 0.01968824 0.009964978 0.02808199 0 0.04406403 0.4368238 0 0 0 0.07303488 0.3301864 0.1989164 0.5157269 0.612492 0.1974769
0.356702 0.4002692 0.6801801 0.177481 0.07298595 0.117394 0.1134512 0.04544099 0.003105605 0.02353009 0.3021139 0.2694076 0.09513589 0.01663867 0.1090388 0.7412812 0.2340174 0.02032919 0.4609183 0.7440454 0.4988598 0.0006276994 0.01304541 0.1683494 0.1160414 0.0439663 0.1295447 0 0.1781279 0.2199856 0.01992996 0.05978987 0.08199622 0.1350824 0.4030855 0.0488969 0.04982489 0.06495714 0.04566102 0.0894042 0.0932529 0.2155847 0.5815902 0.3587547 0.5291771 0.5058647 0.09100881 0.2182026 0.3002244 0.1813467 0.05100721 0.1924791 0 0 0 0 0.1481695 0.2228095 0 0 0.01307576 0.1556513 0.03101928 0.3552312 0.3042697 0.3393715 0.3815662
0.6789299 0.2556435 0.5478069 0.5311505 0.2959218 0.2842997 0.05177767 0.06462654 0.01606963 0.06984094 0.2380299 0.0954535 0.03437187 0.4406491 0.2221032 0.4592904 0.6326049 0.3758664 0.03943712 0.1439821 0.06348628 0.04060898 0.1272261 0.3552144 0.1690363 0.1673028 0.009964978 0.109081 0.08932211 0.1513146 0.07011122 0.01556762 0.05463974 0.09483494 0.0837917 0.1007747 0.07696911 0.3684698 0.5264362 0.2669663 0.3416869 0.260383 0.3030479 0.6823323 0.4828551 0.4425337 0.1969676 0.2615654 0.2687193 0.3922204 0.6751552 0.5594987 0.1986912 0.05745227 0.01721428 0 0 0 0 0 0.01992996 0.01992996 0.137478 0.5668244 0.1384113 0.06349049 0.1140701
0.1905884 0.1235732 0.10119 0.2140118 0.4208876 0.4933658 0.285231 0.4914752 0.2062521 0.1901805 0.3839143 0.2581471 0.01992996 0.1159744 0.07971983 0.1482077 0.176787 0.4670216 0.009964978 0.009964978 0.03994994 0.04076027 0.06307766 0.2116287 0.3543422 0.09747915 0.08968481 0.07056764 0.2223747 0.3032546 0.08584522 0.02568078 0.1548541 0.1127047 0.4289788 0.1225958 0.1263367 0.5030063 0.06643729 0.1703169 0.3930607 0.4299324 0.7241207 0.549362 0.2205816 0.0538951 0.04471252 0.1280986 0.2921243 0.2420301 0.2633854 0.3055954 0.1749209 0.242349 0.2538594 0.1535228 0.06975485 0 0 0 0 0 0.02411782 0.3494813 0.1938001 0.02011973 0.1237582
0.1102931 0.2230042 0.4929078 0.2020019 0.1444951 0.1426927 0.2312521 0.4493884 0.2486186 0.08523499 0.02215987 0.02728944 0.03415447 0.006839003 0.006552739 0.1580543 0.1310809 0.433883 0.1607407 0.04062471 0.2660016 0.02941809 0.2939885 0.6127281 0.5461556 0.2602475 0.06316768 0.15481 0.5424949 0.1647123 0.09778354 0.1514643 0.1958718 0.4547953 0.719215 0.363355 0.1882109 0.1575302 0.0328906 0.2621339 0.2300977 0.3945431 0.2067027 0.3926525 0.3070651 0.4342061 0.4986231 0.7278159 0.552585 0.4311026 0.1669063 0 0 0.04534228 0.1780856 0.2714107 0 0 0 0 0 0 0.004000138 0.0326031 0.04982489 0.003271464 0.2981646
0.4986926 0.3995407 0.1146602 0.04100553 0.06644964 0.06942829 0.1173149 0.2981786 0.2556114 0.03030336 0.2524313 0.56902 0.4776957 0.6306297 0.6700107 0.6244617 0.3828915 0.4216382 0.2461106 0.02694532 0.0532317 0.1166598 0.3223398 0.3889113 0.2659694 0.1258777 0.07039894 0.4403974 0.6472371 0.2732222 0.2246429 0.4020607 0.1389266 0.3916073 0.6519978 0.6343695 0.5737113 0.2405513 0.1070713 0.3273135 0.323291 0.2385302 0.09697148 0.1890076 0.1138331 0.2173606 0.4666395 0.5195876 0.4634977 0.1993358 0.06463798 0 0.1099933 0.2407916 0.4404518 0.2540873 0.05009462 0 0.01867367 0.006291771 0.07242727 0.06708243 0.1408993 0.3448361 0.07150767 0.02002843 0.07394511
0.240429 0.457845 0.2233158 0.01039007 0.1103475 0.1362252 0.3971441 0.2480776 0.09542897 0.155887 0.0895103 0.5630162 0.7629266 0.3178826 0.1229562 0.02817936 0.09321919 0.1293244 0.2033981 0.05751113 0.05154615 0.04285596 0.2188988 0.2380019 0.100691 0.03275727 0.0388961 0.3195205 0.5170351 0.1675353 0.03610929 0.1443635 0.02989493 0.1665985 0.6375224 0.5683805 0.3197322 0.06529392 0.08009362 0.04752539 0.01282724 0 0.06785727 0.2584747 0.05007717 0.121575 0.3264671 0.3454371 0.09509068 0.1253387 0.0704243 0.109841 0.1012407 0.1174838 0.1165395 0.009964978 0.04408676 0 0.004929497 0.009964978 0.004359934 0.1641361 0.4774494 0.4843118 0.2035064 0.01534449 0.01992996
0.02272821 0.06362775 0.1201348 0.09893138 0.1306181 0.4697951 0.2512983 0.2038345 0.5046024 0.3854289 0.2223798 0.1244197 0.3124697 0.2243768 0.09890052 0.08899458 0.0958043 0.02597138 0.1200818 0.05981722 0.08880509 0.1451972 0.1331634 0.111664 0.2044253 0.293164 0.3129627 0.05290939 0.2268692 0.07906652 0.142968 0.132077 0.05352968 0.1337149 0.137939 0.1692373 0 0.0474976 0.04181341 0.009964978 0 0.1567811 0.03998069 0.4768256 0.2111137 0.003253666 0.05297051 0.003806626 0 0.08769151 0.1790987 0.026906 0.02989493 0.1549367 0.01116105 0 0 0 0 0.009964978 0.2176802 0.1062537 0.2739372 0.08752873 0.02187416 0.04127441 0.02989493
0.07760774 0.09992247 0.04280803 0.4795732 0.4670768 0.6432227 0.01484996 0.1707319 0.316299 0.5690629 0.3220339 0.1324683 0.1412518 0.5233897 0.05607335 0.01992996 0.02140538 0.3099614 0.7685773 0.4065093 0.1295032 0.008279487 0.04666607 0.1622508 0.7824037 0.4387206 0.2664493 0.07831662 0.4378617 0.3444089 0.03339795 0.3401949 0.1291984 0.1367583 0.2222462 0.03936112 0.1083606 0.0231063 0.03049171 0.09998631 0.2987807 0.2750109 0.0938319 0.06167517 0.1076186 0.3005048 0.4941949 0.2353469 0.007078709 0.007542956 0 0.03520751 0.08428854 0.3320802 0 0 0 0 0 0.01472324 0.09643316 0.1453132 0.15678 0.212979 0.3486639 0.1153406 0.2759857
0.2914132 0.09675381 0.1820927 0.1272375 0.4159769 0.5457406 0.4691087 0.1624656 0.02033838 0.04234844 0.03192436 0.04515626 0.07737189 0.1345022 0.1221522 0.02873628 0.08354491 0.1129288 0.4687263 0.2923183 0.0648041 0.05668859 0.01170718 0.2558577 0.1407041 0.1769969 0.3839331 0.2469127 0.4577242 0.2942087 0.04982489 0.1121405 0.01085147 0.02200078 0.05428744 0.1515031 0.4013393 0.08908007 0.05152199 0.07859413 0.6016685 0.6729699 0.4095302 0.1403826 0.1326292 0.1188027 0.2774726 0.2033388 0.2111714 0.0208112 0 0.1979405 0.136391 0.5217379 0 0 0 0 0 0.05992291 0.4053167 0.5398172 0.1985806 0.2203403 0.3795549 0.08229917 0.1981341
0.5601695 0.3351232 0.08265082 0.2019631 0.3303976 0.22947 0.2847047 0.1039662 0.08998913 0.1397606 0.1450881 0.2232765 0.1166316 0 0.06037986 0.009964978 0 0.03377768 0.07820742 0.02488248 0.08876784 0.08338568 0.290351 0.5315827 0.2662689 0.2051471 0.274207 0.04424524 0.1690201 0.08158281 0.01630515 0.103174 0.04992545 0.201051 0.1377583 0.1229456 0.2261279 0.1383716 0.2258374 0.3467045 0.2282826 0.2000444 0.1024707 0.01992996 0.01992996 0.02989493 0.168501 0.11722 0.1598273 0.1156577 0.007359154 0.4006575 0.5385947 0.6330426 0.02725714 0 0 0 0 0.03552298 0.6809774 0.5557097 0.1425545 0.009964978 0.1089395 0.06650451 0.07645044
0.1917812 0.1564583 0.1001911 0.04371122 0.08703288 0.09794786 0.1644678 0.07968818 0.06975485 0.2549733 0.599467 0.6510708 0.3258454 0.04842475 0.189101 0.09459714 0.1522502 0.04852302 0.1509791 0.1252756 0.1605624 0.1966221 0.1825267 0.1050336 0.05467742 0.4017219 0.398127 0.006438729 0.0332334 0.4671025 0.2760909 0.04494937 0.01992996 0.08527824 0.07509275 0.1627488 0.1168305 0.05088239 0.1300176 0.1981919 0.07030934 0.07049377 0.4876806 0.08937143 0.01093906 0.04747289 0.1429457 0.3005491 0.1709684 0.1942523 0.102578 0.3507712 0.4373549 0.2858834 0.002244439 0 0 0 0 0 0.02430703 0.149408 0.01221334 0 0.0536168 0.04613146 0.03326055
0.4346345 0.3110415 0.1368456 0.2675137 0.2231991 0.1200605 0.2266363 0.2320072 0.1329297 0.1555254 0.2283726 0.09771544 0.1045467 0.1225214 0.1642898 0.3097021 0.666859 0.1879383 0.1732723 0.08495396 0.4520807 0.4689023 0.03985991 0.004529948 0.005138789 0.1721207 0.2222598 0.1661782 0.246218 0.3119347 0.261441 0.1761001 0.2293135 0.2789673 0.1134177 0.6464128 0.1765163 0.02701152 0.108896 0.05901445 0.1105338 0.02989504 0.02255707 0.04878175 0.05880272 0.3065314 0.5787051 0.5300086 0.4966079 0.1688068 0.2574484 0.3242619 0.0518304 0.1436832 0.2212403 0.1029118 0 0 0 0 0 0.2497829 0 0.006834358 0.003130621 0.05156586 0.2398723
0.4424308 0.4864078 0.479662 0.2145245 0.2687681 0.1438392 0.09964191 0.04042048 0.4745398 0.1915947 0.2263524 0.08102687 0.2433257 0.103468 0.1075168 0.2485633 0.2903223 0.05319285 0.08874582 0.06870925 0.1389801 0.1323411 0.1151978 0.1462318 0.233619 0.1055013 0.3073955 0.08270681 0.1544074 0.6189341 0.1169173 0.517256 0.1154362 0.03189493 0.1363373 0.2582695 0.06900992 0.001044149 0.02022751 0.2426 0.2209947 0.1299097 0.05026353 0.1091373 0.1204675 0.3301471 0.1042215 0.1167184 0.2071475 0.2167561 0.2220837 0.2925805 0.1336737 0.3645008 0.1355123 0 0 0 0.005432929 0 0 0.0417661 0.02333092 0.009964978 0.04129547 0.1076574 0.276615
0.2238429 0.3631702 0.193574 0.3506874 0.2880133 0.1395018 0.04101567 0.1180425 0.3686349 0.1223854 0.1888716 0.2583036 0.450626 0.3424965 0.05325373 0.2089806 0.5891271 0.1628522 0.01762545 0.1576509 0.1688211 0.00516931 0.03985991 0.193539 0.5723565 0.1427741 0.4976369 0.3271104 0.1232378 0.3815446 0.03431319 0.09319364 0.0637905 0.02789494 0.06975485 0.01997638 0.184755 0.2205474 0.251477 0.4065076 0.3778695 0.1800435 0.2037604 0.3424439 0.1040853 0.2326605 0.1055225 0.0717724 0.02482422 0.1846778 0.3562623 0.4093958 0.2896949 0.2843582 0.3881445 0.08870895 0 0.1494747 0.03442698 0 0 0 0 0.007510984 0.01233528 0.01992996 0.07651807
0.1835469 0.3203037 0.1695178 0.1807297 0.09141114 0.06076162 0.1304108 0.1309473 0.09922837 0.05587743 0.03373495 0.1372522 0.4521713 0.1565208 0.2735882 0.6534295 0.6266961 0.3568996 0.04886461 0.07565449 0.4724542 0.525869 0.291938 0.09966182 0.3553785 0.1261071 0.1418228 0.06717653 0.1005369 0.3224251 0.2319446 0.01236665 0.08483727 0.02464244 0.2487762 0.2533231 0.17142 0.3610605 0.1871981 0.04961617 0.09217415 0.5605486 0.1367315 0.01748152 0.2303522 0.1378818 0.1052283 0.01743638 0.01992996 0.06381483 0.3181549 0.3663278 0.0635175 0.4564615 0.2912965 0.1394912 0.1163341 0 0 0 0 0 0.03232795 0.124828 0.1613185 0.09612615 0.1415496
0.3240065 0.2941866 0.5474069 0.3023851 0.0792556 0.2102169 0.2447484 0.09017225 0.170051 0.2219705 0.2360447 0.2453156 0.1322624 0.295191 0.4481778 0.4684576 0.3844205 0.3063009 0.1978575 0.005938791 0.3481845 0.319879 0.4740714 0.3977265 0.1766885 0.01830553 0.09442099 0.1494778 0.1846795 0.2710284 0 0.03260674 0.05836119 0.2383605 0.6619081 0.3614475 0.1590429 0.1700691 0.319172 0.1507913 0.2043329 0.5223619 0.3711998 0.1330416 0.4339502 0.244038 0.008643053 0 0.003388493 0.2330835 0.560295 0.2525668 0.3246905 0.08518227 0.3034001 0.4108918 0.4748897 0.08245941 0 0 0 0.04266782 0.3367197 0.0913431 0.3085675 0.1042304 0.0152834
0.2121259 0.1023735 0.2086804 0.1702382 0.1700282 0.3003908 0.5518537 0.1570753 0.1268871 0.6886734 0.2465302 0.6086774 0.7043946 0.3252361 0.1572601 0.2201042 0.2257934 0.3360335 0.2094827 0.237989 0.08948889 0.1006505 0.1425675 0.3951983 0.4772052 0.08352344 0.1276343 0.4351197 0.2017063 0.09824383 0.03998207 0.05895926 0.002113855 0.08209603 0.1574237 0.1285068 0.08132944 0.05976703 0.05295374 0.09958448 0.2245722 0.6042339 0.008456949 0.06022698 0.04117654 0.1784008 0.02125188 0 0.1377714 0.4048536 0.2746397 0.1378642 0.1432962 0.4698453 0.5605214 0.6054803 0.3473734 0.1678872 0.0488326 0.03962538 0.0188484 0.4634156 0.7161872 0.4319432 0.05336354 0.00608433 0
0.2069379 0.3213814 0.2110466 0.3900739 0.1897462 0.2713431 0.1258353 0.1089246 0.1706236 0.3965007 0.2993629 0.2459505 0.2578588 0.2123187 0.2428351 0.3345944 0.376801 0.4778286 0.251305 0.4619731 0.3399284 0.1215559 0.1231713 0.1954081 0.06904005 0.07113452 0.46127 0.4544055 0.1243059 0.1921522 0.1778705 0.06281799 0.0681976 0.1833917 0.2509083 0.1478284 0.008827535 0 0.04885076 0.1087883 0.07328283 0.3759531 0.2166076 0.0123263 0.06903236 0.30402 0.3235157 0.4986332 0.2432344 0.320804 0.2200536 0.6972395 0.241907 0.01779676 0.2791847 0.2421083 0.4723375 0.5353504 0.2015214 0.2386037 0.1310983 0.1298487 0.2858025 0.1167919 0.009964978 0 0
0.4462323 0.5287543 0.2518558 0.2997564 0.2185273 0.1128981 0.3490644 0.2230663 0.2217315 0.1674579 0.2487472 0.2480702 0.2331117 0.2025821 0.2741357 0.2166427 0.3946042 0.2262087 0.1916865 0.3533035 0.1520702 0.22418 0.4928227 0.1481584 0.1188822 0.1822861 0.1975053 0.204784 0.05630062 0.1305098 0.3137378 0.2301306 0.1373257 0.1009178 0 0 0.04310517 0.001300308 0.03985991 0.07049237 0.03241317 0.2162209 0.3794414 0.1001001 0.001156934 0.1241032 0.4980553 0.6449881 0.4048127 0.171796 0.3250852 0.2675709 0.3014532 0.04865494 0.4973851 0.6476087 0.5972444 0.330983 0.2401056 0.4615865 0.1513927 0.5068136 0.4504116 0.01525307 0 0 0
0.7278429 0.3960765 0.5382736 0.1386718 0.2099643 0.1094181 0.3349728 0.222766 0.2131549 0.09739202 0.2357456 0.1982845 0.1829124 0.280531 0.2878239 0.2107186 0.1523466 0.2753743 0.584826 0.3880474 0.2135369 0.2697407 0.2845296 0.5223199 0.27581 0.1525176 0.03019926 0.09842037 0.2975018 0.120973 0.3056061 0.1923389 0.02583709 0.03662209 0.1325544 0.06536979 0.4454776 0.04549225 0.2831199 0.3728423 0.2138874 0.1065174 0.1525768 0.0001937262 0.02247433 0.1114358 0.2226033 0.3811118 0.2587563 0.04741142 0.1468084 0.1224636 0.3216033 0.2667232 0.5592029 0.504712 0.070806 0.2789788 0.3947736 0.09472252 0.3694755 0.4238773 0.7075928 0.3506443 0.2297199 0 0
0.2488248 0 0.3430386 0.6834753 0.5429809 0.1748395 0.3940741 0.2621899 0.2041654 0.1377668 0.2413491 0.3197757 0.2498301 0.4122615 0.3396996 0.2486132 0.3099768 0.2232879 0.3294585 0.2544686 0.4278051 0.4753197 0.2324483 0.3378311 0.3457812 0.05235535 0.004141054 0.09160604 0.1108662 0.3006614 0.3074032 0.1500777 0.4022678 0.3426636 0.5915186 0.3199238 0.1119226 0.3197661 0.03873203 0.08700225 0.1633247 0.02310541 0.03999245 0.1522328 0.1269664 0.04386066 0.05279335 0.07566481 0.05446254 0.08228149 0.04848201 0.1446561 0.3877215 0.1659769 0.1950629 0.1156672 0.3264328 0.7751064 0.5455041 0.2985305 0.1229252 0.1457611 0.5262793 0.4845683 0.05271358 0 0
0.2398296 0.1353221 0.1892278 0.1578413 0.1955895 0.3965137 0.3214618 0.2901325 0.2435298 0.2191515 0.3259982 0.3480316 0.3349989 0.3620208 0.2819255 0.3692558 0.3504534 0.3859541 0.3479482 0.3215138 0.4361539 0.4435929 0.1291555 0.2354288 0.2768146 0.1112234 0.3847946 0.1584518 0.1487211 0.1577582 0.3046269 0.4253604 0.5646409 0.009847172 0.08879278 0.218182 0.1488374 0.1883289 0.0304478 0.04165079 0.03254038 0.1598969 0.1030236 0.1403153 0.2222078 0.1130508 0.0656138 0.05978987 0 0.1602828 0.2406636 0.3063074 0.1169744 0.07992871 0.3693475 0.6631206 0.570493 0.07681838 0.02393444 0.02975919 0.005304276 0 0.08806475 0.1364782 0.009964978 0 0
0.3062164 0.5140013 0.1160913 0.06103007 0.04839664 0.1116344 0.3804832 0.4732326 0.6274357 0.5104925 0.6191317 0.5460978 0.4529379 0.4611803 0.3060447 0.3710938 0.4646974 0.3137267 0.2601995 0.1520191 0.4321668 0.208275 0.2241256 0.5525959 0.481722 0.5493062 0.4929053 0.1374039 0.2089985 0.06371359 0 0.009934244 0.1440135 0.04572625 0.2186405 0.03385554 0.2274015 0.290213 0.2017339 0.09561393 0.02900334 0.3953626 0.04664091 0.1100099 0.1291807 0.3797881 0.115657 0.05819361 0.2008293 0.2851056 0.1471236 0.1470591 0.0436778 0.2438847 0.1887707 0.070247 0.02053749 0 0.02996079 0.5421973 0.4719696 0.3433922 0.319081 0.0304745 0.004283716 0.02989493 0
0.3484815 0.3014322 0.2994984 0.5191859 0.2510611 0.01039102 0.1430531 0.1089693 0.2101734 0.2125713 0.6981602 0.5212954 0.5652911 0.7144271 0.5094882 0.5733491 0.591978 0.5943564 0.4995123 0.1924254 0.3485469 0.3730302 0.1288421 0.2361002 0.4496551 0.4998283 0.3167607 0.1822215 0.007658626 0.02968724 0.1963184 0.2197861 0.2889862 0.236569 0.2807136 0.0573962 0.1399618 0.3293863 0.2337946 0.08440596 0.2905461 0.3703946 0.1099938 0.1337198 0.1307079 0.2564467 0.1079921 0.04739939 0.099711 0.1531175 0.3325143 0.1948246 0.1448826 0.3125733 0.03333158 0.1419469 0.03218114 0 0.306889 0.6265703 0.4861611 0.5397618 0.4646497 0.4941552 0.216604 0.009964978 0
