EnvRasters/Baseline_High/resdntl.asc
ncols         270
nrows         223
xllcorner     24099.479091542
yllcorner     21023.840179216
cellsize      1003.8986847201
NODATA_value  -9999
[rows 29 to 57 of 223, columns 67 to 133 of 270]
0.274789 0.1454244 0.1193784 0.01722911 0.2529212 0.3856565 0.05626818 0.005535196 0.01992996 0.0311324 0.08379574 0.006549764 0.1130764 0.02276712 0.0597202 0.01497962 0.0215255 0.04982489 0.03985991 -9999 -9999 -9999 -9999 -9999 -9999 -9999 -9999 -9999 -9999 -9999 -9999 -9999 -9999 0.03624479 0.01992996 0 0 0.158183 0.1740547 0.0619705 0 0.01992996 0.01286157 0.1571824 0.04549224 0.09680609 0.01312819 0 0 0 0 0.05233858 0.1217325 0.03985991 0 0 0 0 0 0 0 0 0.2322114 0.5821078 0.6591545 0.482436 0.369092
0.09630503 0.05361766 0.06991891 0.02668266 0.08968481 0 0.07170781 0.05555704 0.07554778 0.1445177 0.3199822 0.07680357 0.05267921 0.06438942 0.1389094 0.03784417 0.1051268 0.02596646 0.01992996 -9999 -9999 -9999 -9999 -9999 -9999 -9999 -9999 -9999 -9999 -9999 -9999 0 0.07779296 0.0135801 0.02369642 0.3390662 0.1591206 0.055982 0.07307659 0.1983719 0.1175158 0.04982489 0.01703337 0 0 0.009964978 0 0.005267093 0 0 0 0.01992434 0.009964978 0 0 0 0 0.009964978 0.01114838 0.008781577 0 0 0.1476858 0.4168615 0.1549231 0.2153098 0.1389516
0.03752684 0.02795789 0.09462031 0.08700316 0.07106518 0.02495498 0.1091077 0.1643132 0.04982489 0.03839304 0.3399553 0.1025706 0.06017227 0.02257241 0.06390906 0.4461341 0.128338 0.1775071 0.04207553 -9999 -9999 -9999 -9999 -9999 -9999 -9999 -9999 -9999 -9999 -9999 0 0.06759623 0.1927176 0.08344844 0.05588079 0.2451893 0.2918603 0.07263371 0.1242335 0.2003608 0.1664178 0.04264879 0.06665687 0.08692697 0.01499563 0.03125965 0.04099041 0.01466286 0.05477408 0.07312247 0.1405117 0.5060602 0.5212864 0.09095522 0.03004637 0.03601981 0 0 0.004018637 0.2732031 0.08932467 0.1358373 0.4547636 0.4144333 0.675027 0.4768355 0.2366765
0.04153865 0.01722693 0.0603601 0.06786305 0.1332763 0.2531043 0.3347685 0.06817497 0.08131024 0.04080763 0.07304443 0.03772996 0.09454457 0.01239924 0.0960246 0.3563634 0.1708682 0.05657644 0 -9999 -9999 -9999 -9999 0.0009914041 0.04003412 0.009919635 -9999 0.02047769 0 0 0.01600017 0.2580423 0.2187825 0.1912912 0.2021973 0.2134102 0.116113 0.261948 0.05229033 0.1736524 0.1330348 0.6220767 0.2226564 0.1030944 0.1779988 0.2838095 0.502088 0.2238805 0.1943171 0.2421757 0.8286412 0.4607297 0.5643708 0.2830429 0.2461777 0.5331972 0.3952089 0.03884276 0.0295547 0.3478375 0.2719952 0.4972776 0.7098381 0.6360072 0.2450546 0.5992755 0.4115318
0.03979107 0.002703031 0.04584764 0.03261486 0.001877079 0.03008566 0.03764513 0.08244418 0.1019533 0.06236377 0.06096602 0.06975485 0.05975823 0.1237652 0.03081957 0.07521148 0.2608866 0.01035867 0.1524891 0.269698 0.05207628 0 0.1252398 0.0513299 0.02989493 0.008844712 0 0.009417241 0.009964978 7.368374e-005 0.09948925 0.0004411776 0.05200128 0.06675922 0.3746929 0.6525121 0.1952577 0.2228531 0.2518332 0.09024141 0.09323295 0.4502754 0.307003 0.07551158 0.1086156 0.09422144 0.2012347 0.1540741 0.3154126 0.5252867 0.5696911 0.2196822 0.4765253 0.2003271 0.1984701 0.4301876 0.3609844 0.09635001 0 0.08026942 0.4162157 0.2931654 0.5620996 0.5935782 0.3463213 0.1835599 0.08658477
0.2733945 0.06340303 0.02901461 0.07350234 0.08386915 0.1077226 0.1361104 0.1932207 0.1329485 0.04528332 0.06985274 0.1455302 0.077636 0.07384682 0.02171596 0.07508004 0.2046657 0.348244 0.6074731 0.4674704 0.5794374 0.1290759 0.08591447 0.02984977 0.1136036 0.144026 0.06975485 0.09511717 0.2670099 0.03672669 0.01012551 0 0.07978443 0.08292579 0.2659732 0.5526018 0.3426891 0.3230945 0.3425242 0.09250808 0.09259386 0.1159175 0.08091887 0.1885357 0.1122285 0.1506435 0.1936381 0.07711609 0.2852134 0.4062403 0.1919426 0.1726414 0.1267216 0.1547899 0.09553624 0.1476119 0.4345903 0.2634229 0.1524508 0.1344824 0.6690241 0.641713 0.6685904 0.3735008 0.589651 0.6156558 0.5969196
0.4194711 0.4713148 0.6322792 0.6455015 0.1265217 0.05738752 0.1652678 0.3031485 0.1402488 0.1456283 0.3360574 0.3103411 0.09149887 0.04852773 0.06105539 0.1869991 0.02138505 0.036249 0.3881568 0.3177681 0.3642515 0.1078184 0.1829607 0.07423899 0.1195797 0.07001545 0.041676 0.01992996 0.009636674 0 0.01950834 0.004180715 0.1230627 0.09303671 0.2333548 0.106283 0.2688386 0.09157126 0.0747809 0.5036539 0.196312 0.1275903 0.2476475 0.1020219 0.2713793 0.4141997 0.1453374 0.1678352 0.1099451 0.184595 0.05949023 0.03019721 0.08517326 0.08738721 0.02223034 0.2507789 0.01689626 0.2721315 0.2011 0.1791052 0.3222247 0.3924307 0.3688877 0.5746941 0.4382419 0.4834949 0.5775331
0.0243548 0.2065419 0.5779462 0.4744816 0.3633654 0.1598581 0.4047352 0.3953221 0.09298214 0.02014153 0.2411517 0.02557034 0.04982489 0.08677669 0.4317706 0.4751463 0.01766352 0.003413929 0 0.01431399 0 0 0.1515354 0.02937478 0.1666411 0.064473 0.02313512 0.05627338 0.07836299 0.08252957 0.2620505 0.3290552 0.2713325 0.1226687 0.0005292271 0 0.004593956 0.2480021 0.1335471 0.1528439 0.1491198 0.1055157 0.4217402 0.1720785 0.4015524 0.3127189 0.2385974 0.2192125 0.1321851 0.4034279 0.1708118 0.06990303 0.08109356 0.1288669 0.1356654 0.04643361 0.3009064 0.3442996 0.5429834 0.6567016 0.3064681 0.06643084 0.4764647 0.3286925 0.1128314 0.004849108 0.2182118
0.123121 0.009964978 0.1464131 0.2232516 0.09392978 0.03985991 0.03386398 0 0.01992996 0.06598619 0.06290471 0.2572035 0.0635902 0.1852317 0.4444037 0.2994627 0.4662852 0.2855307 0.03947134 0 0 0.0414658 0.4588964 0.4233164 0.2654754 0.02724595 0.1016489 0.4705064 0.5651219 0.5184025 0.07324446 0.2322351 0.1229765 0 0.02549209 0.03429779 0.02602267 0.2596361 0.2080611 0.219905 0.2918734 0.3807457 0.6441461 0.5344605 0.3968187 0.3575214 0.2233356 0.1254649 0.08956544 0.3692746 0.07903337 0 0.05877754 0.2665093 0.4461902 0.02989493 0.3075253 0.7672648 0.7326818 0.7346895 0.6194202 0.3748223 0.5714844 0.3672146 0.511167 0.2299972 0.06675415
0.0632255 0.03101127 0 0.006457318 0.01347264 0.0383733 0.2227876 0.05147005 0.08554275 0.09511738 0.01556902 0.06865578 0.1371388 0.01898467 0.05038626 0 0.02523777 0 0 0 0.05406071 0.05078148 0.3549691 0.1575349 0.02828229 0 0.02094437 0.0152235 0 0 0 0 0 0.01992996 0.07389578 0.06225512 0.3334031 0.1109483 0.2748547 0.1329012 0.2104626 0.4791097 0.5465478 0.721405 0.3554109 0.2310131 0.1435238 0.316811 0.0302161 0.08029462 0.04048046 0.1018338 0.1866771 0.1779179 0.5556059 0 0.1069721 0.3724109 0.1479975 0.645149 0.5704153 0.3767571 0.6712875 0.4939372 0.5543272 0.715915 0.4891041
0.139199 0.02752479 0.009964978 0.1319949 0.4042349 0.4140162 0.3621138 0.09578755 0.07087882 0.0728658 0.1536515 0.1319913 0.02864376 0.2352994 0.3264526 0 0 0 0 0.106005 0.2213935 0.1330953 0.00616382 0 0 0 0 0 0.01992996 0 0.01485631 0.08444493 0.02548199 0.2645614 0.1610686 0.4801783 0.2218145 0.1188286 0.196371 0.09202782 0.1960555 0.1455528 0.6091654 0.5325885 0.3651323 0.2376245 0.2067389 0.252903 0.1053498 0.07461617 0.09896725 0.01992996 0.05267283 0.2531574 0.05601512 0 0.103888 0.3159027 0.1132328 0.16168 0.2859313 0.16657 0.6980666 0.3989834 0.5364819 0.5892863 0.455823
0.08855255 0.003952208 0.06731915 0.04412727 0.1580879 0.3864663 0.3074726 0.03017276 0.1641532 0.1027747 0.07694802 0.1495415 0.02944538 0.01018357 0.1480983 0 0.04304838 0.04786073 0 0.08994691 0.1236596 0 0.002246389 0.02989493 0.003429705 0.0106511 0.007132649 0.008555248 0.02210688 0.4000474 0.3797898 0.06994741 0.08086722 0.09883508 0.07207921 0.3220723 0.3100987 0.1997676 0.3277803 0.4237147 0.2967069 0.2534785 0.4439034 0.2606373 0.3429444 0.2707452 0.1324263 0.1650895 0.1362096 0.05429324 0.05938788 0.01992996 0.127461 0.5091991 0.1047055 0.003441255 0.4140477 0.2681996 0.0832345 0.2371383 0.1356317 0.04127019 0.1951142 0.4170306 0.6638022 0.6538023 0.4070599
0.009964978 0.1498819 0.05249551 0.03144293 0.1167364 0.1458682 0.03017786 0.009964978 0.2554306 0.1125893 0.4409326 0.1075814 0.04062782 0.1107393 0.2641069 0.2125601 0.2862224 0 0.009964978 0.009964978 0.06581588 0.03704029 0.05114629 0.2245308 0.05640425 0.003274163 0.005407318 0.1125115 0.2531283 0.1738119 0.1489209 0.02989493 0.06941362 0.03913394 0.07464575 0.1631802 0.04158724 0.4069778 0.3797643 0.2041453 0.1379314 0.1749627 0.2170747 0.2235189 0.1373 0.1260583 0.1266451 0.2697959 0.3735491 0.1835925 0.03170017 0.1266644 0.2268156 0.5932174 0.004642783 0.110154 0.4614486 0.2248709 0.2226267 0.7121903 0.3482345 0.1192466 0.05582702 0.3061584 0.5454658 0.4166653 0.3816428
0.1200662 0.3367625 0.177667 0.04827689 0.06108009 0.2778424 0.07971983 0.05442797 0.1429326 0.4023408 0.4240415 0.06487599 0.1095652 0.08908265 0.1710771 0.07576168 0 0 0.0006894379 0.07160632 0.03633257 0.195872 0.2725882 0.2336471 0.1485775 0.1607364 0.1698571 0.09098368 0.04104263 0.274389 0.06376988 0.2289876 0.1893624 0.1496512 0.01697653 0.1276315 0.1647119 0.09056036 0.1740192 0.1628299 0.1308322 0.1591334 0.1496659 0.1445592 0.1040322 0.1243745 0.462676 0.4896944 0.7343125 0.285789 0.1313383 0.3893068 0.3292977 0.2946403 0 0.1466375 0.4058547 0.08098778 0.05295137 0.58087 0.3953666 0.08239154 0.1929328 0.5565686 0.5558759 0.401129 0.6028809
0.2011977 0.4263152 0.7130948 0.2618829 0.09473625 0.08078965 0.1508526 0.06975485 0.1909502 0.3374604 0.3580119 0.2406197 0.4009177 0.4855055 0.3285796 0 0 0.1035238 0.1913 0.1250136 0.1204532 0.1589866 0.2065732 0.3059416 0.1015486 0.1029159 0.180647 0.3165344 0.2085592 0.0610548 0.1451608 0.09382474 0.310695 0.3083035 0.1852066 0.2035065 0.07140868 0.05978987 0.3798612 0.5386295 0.3847309 0.1463473 0.1269341 0.2300527 0.1395487 0.09299912 0.4973154 0.3713366 0.2145751 0.1275196 0.0119928 0.1769033 0.07567969 0.04304075 0.1657998 0.4240572 0.5662439 0.1639281 0.2066452 0.2293667 0.3257333 0.1726 0.1446454 0.3273692 0.279736 0.6260608 0.5108999
0.1684956 0.1966919 0.1724585 0.09095774 0.1165063 0.1610499 0.431594 0.2754028 0.03599643 0.08393148 0.09211413 0.3856242 0.5953835 0.3516845 0.04883194 0 0.05418165 0.1241947 0.05266983 0.245678 0.1526672 0.0865039 0.02238808 0.1424811 0.1643147 0.2488721 0.1125109 0.08967331 0.06908677 0.1916784 0.4820971 0.4100222 0.4539145 0.4580596 0.1446651 0.2048935 0.09524912 0.1504904 0.4003161 0.4985794 0.1458767 0.4209771 0.3685961 0.2298932 0.3614811 0.2371273 0.159583 0.09667975 0.09055108 0.03657917 0 0.05144531 0.1143528 0.0356054 0.009964978 0.5500311 0.4896599 0.1041267 0.405836 0.2849691 0.2193003 0.08996535 0.03397197 0.1730492 0.3664265 0.09810087 0.1719986
0.07971983 0.04722539 0.1319304 0.009964978 0.05589551 0.4668042 0.2894531 0.5128855 0.2488863 0.2559969 0.3030755 0.2558053 0.3682289 0.03939111 0 0.06322216 0.7263861 0.3402246 0.03985991 0.05473302 0.440835 0.477106 0.1966016 0.1535093 0.08551258 0.2275266 0.257778 0.1331027 0.1530773 0.3769616 0.4653437 0.567242 0.5406957 0.2279952 0.1711686 0.1010092 0.01577153 0.04449927 0.07839698 0.03620922 0 0 0.1469698 0.05350453 0.009964978 0.01992996 0.05602262 0.002179554 0.129169 0.2346555 0.1588826 0.5365928 0.2646648 0.3904552 0.08817738 0.2778235 0.08883408 0.05677919 0.3444613 0.3622218 0.6323108 0.4443431 0.1394552 0.1472823 0.4310283 0.143478 0.1604737
0.06240689 0.01586118 0.1178435 0.09059744 0.09063404 0.4709571 0.1008697 0.2976691 0.2702281 0.1164348 0.4751975 0.5243989 0.5465391 0.2774487 0 0.1300601 0.4567789 0.4810668 0.1097422 0.298827 0.5771797 0.5071028 0.4721278 0.1206597 0.08253133 0.1242048 0.3666095 0.06676199 0.0559813 0.1029724 0.3199694 0.3507392 0.5875012 0.4036531 0.04214685 0.03727141 0.01169531 0.1834432 0.2211601 0.2164223 0.3222851 0.6494643 0.7897103 0.6017376 0.1899911 0.03520856 0.04466857 0.1656255 0.3432696 0.6968442 0.3392678 0.1409609 0.02312423 0.1047243 0.1066069 0.09432712 0.2175376 0.1931304 0.368719 0.3685521 0.1919276 0.06484769 0.05669623 0.1314896 0.1783073 0.1530527 0.2813807
0.09882611 0.009964978 0.156253 0.166537 0.04921567 0.1411844 0.03990634 0.2034504 0.129673 0.291758 0.573263 0.8388733 0.7514392 0.5072334 0 0.153065 0.3799577 0.5846457 0.3161025 0.2889068 0.5482517 0.1514347 0.3699188 0.02469968 0.09199672 0.1439297 0.1160834 0.09687937 0.03625954 0.209896 0.1812914 0.1619995 0.2334062 0.1839185 0.06025034 0.1281419 0.2891326 0.0324914 0.05880577 0.1964704 0.05679516 0.375981 0.5687004 0.3790319 0.01522198 0.003564676 0.111865 0.2532443 0.6390057 0.05613908 0.3048595 0.1864189 0.04387412 0.05479899 0.1363986 0.5058119 0.1120453 0.1568464 0.386501 0.1130572 0.0644853 0.01291083 0.05188147 0.3224974 0.3248307 0.23058 0.3321413
0.46593 0.108089 0.2187364 0.2084863 0.07650527 0.07692175 0.0832539 0.01642663 0.052178 0.4969733 0.6194211 0.693504 0.6855587 0.5011584 0.1800967 0.4461629 0.7943667 0.5660132 0.445978 0.1427369 0.02654758 0.2408869 0.09435397 0.1808435 0.265006 0.1822311 0.1213109 0.0334236 0.02313659 0.06497075 0.06350302 0.09435813 0.03985991 0.009590023 0.1317816 0.3508377 0.1678581 0.07148783 0.0493979 0.363024 0.2469984 0.2516704 0.1276566 0.07207631 0.09442341 0 0.3535831 0.2277614 0.08442263 0.02028633 0.006940281 0.2117319 0.6079308 0.3012384 0.1675094 0.5199763 0.2137641 0.07320319 0.08968481 0.007239691 0.3566107 0.06923455 0.3848149 0.05215332 0.2888183 0.2184097 0.2785412
0.1279493 0.1286593 0.1143515 0.3810938 0.01148644 0.08235915 0.3635153 0.4615047 0.1655624 0.2305079 0.2645397 0.6073373 0.5862252 0.5454207 0.369838 0.6608157 0.6123464 0.4600489 0.5059201 0.3091295 0.2588408 0.2135411 0.07101659 0.1937723 0.09903839 0.07757883 0.02552009 0.1387735 0.02026031 0.02293178 0.009964978 0.1490312 0.2341455 0.1587658 0.5368616 0.7375943 0.4026171 0.2326217 0.2578527 0.05341143 0.07293939 0.09107572 0.1879443 0.6164362 0.09661674 0.01991434 0.3150382 0.08897009 0.05721768 0.3339145 0.1986881 0.09090298 0.3043963 0.3245246 0.09422126 0.180375 0.08629994 0.4476677 0.2060967 0.05368792 0.1602283 0.1539406 0.002453559 0.01745844 0.3538715 0.2359664 0.317736
0.0841114 0.08736801 0.2544999 0.4255257 0.1826231 0.1143277 0.1057517 0.2023266 0.4177703 0.2448598 0.1534056 0.6259397 0.5724136 0.5916767 0.4762103 0.6447801 0.6684818 0.2934038 0.5004088 0.2270562 0.1174191 0.1619256 0.08240447 0.07971983 0.09907121 0.140537 0.2518843 0.1207093 0.0480069 0.1047721 0.100446 0.2309118 0.1063717 0.455121 0.4101168 0.6081441 0.2133959 0.07692998 0.08733559 0.3604034 0.4242683 0.1417538 0.08590327 0.169385 0.01828881 0.007606631 0.326156 0.3379525 0.07212891 0.3378348 0.05965882 0.1686181 0.2419938 0.08074203 0.09361471 0.1492824 0.228826 0.7346861 0.4769211 0.1967933 0 0.06895368 0.0251014 0 0.1542793 0.277245 0.5840214
0.08275455 0.1001252 0.1238846 0.05375952 0.09722796 0.1198208 0.2923512 0.4198012 0.5570066 0.1954838 0 0.1415406 0.4696403 0.3852749 0.6068524 0.6437486 0.4443483 0.03782871 0.1841893 0.04339449 0.03016785 0.06546855 0.1804852 0.08782662 0.1144919 0.1600499 0.1794127 0.2263997 0.2266942 0.5274629 0.2520116 0.2578106 0.04145014 0.2078785 0.1279782 0.2505682 0.07866202 0.1498231 0.1247525 0.5363176 0.381808 0.058199 0.0456344 0.03778675 0.4305268 0.0275591 0.1652329 0.6227167 0.1762713 0.009964978 0.1225272 0.06651855 0.1971077 0.2172835 0.1119073 0.2553925 0.2227784 0.598945 0.5058793 0.514173 0.1521334 0.3052636 0.2042112 0.1372851 0.1298462 0.2141291 0.3702904
0.2842638 0.257168 0.1104058 0.03985991 0.2438561 0.3505803 0.4249623 0.1071494 0.1255883 0.3954603 0.0505706 0.374122 0.5447658 0.4872243 0.5614117 0.5427309 0.4760845 0.1039002 0.3168007 0.5671809 0.1851424 0.009441552 0.367844 0.3019599 0.2384454 0.184168 0.4675809 0.4631822 0.08164368 0.3094206 0.0119338 0.3017894 0.07519554 0.1698387 0.08995388 0.02169857 0.03027914 0 0.0695328 0.3593929 0.1746045 0.06018792 0.1740671 0.3859056 0.1590683 0.007499023 0.1625462 0.2352875 0.04689402 0.03555887 0.2465076 0.1953234 0.1031556 0.221318 0.03787479 0.4396093 0.2081656 0.2952628 0.1063658 0.12845 0.1216365 0.1299029 0.08804782 0.4438162 0.1607758 0.5985163 0.5161242
0.282416 0.5074786 0.1070725 0.06985098 0.1419916 0.2709024 0.2698951 0.1130287 0.05802761 0.3238021 0.3921007 0.0427017 0.6544064 0.6631346 0.2849148 0.3539864 0.6786637 0.1666255 0.3655913 0.6295703 0.3542103 0.2610754 0.5934511 0.2291325 0.1965827 0.2533004 0.2781741 0.01700339 0 0.05875598 0 0.03985991 0.1562925 0.3030373 0.06926103 0.01996926 0.4167936 0.3328252 0.4369666 0.5433688 0.3377703 0.2598799 0.158274 0.466423 0.4482033 0.2443538 0.2767523 0.1000413 0.1179958 0.07984433 0.05978987 0.03985991 0.1527849 0.4734989 0.1548473 0.1811706 0.04952013 0.4471949 0.1520632 0.09017093 0.1574785 0.4134253 0.155031 0.06232029 0.1780902 0.4683681 0.6091484
0.1488486 0.09836859 0.1599324 0.2429717 0.04557615 0.3319109 0.6435854 0.5826656 0.329829 0.4358903 0.2135631 0.3699511 0.4113204 0.3808216 0.05610474 0.6919768 0.709664 0.4163502 0.2073625 0.1685792 0.1251307 0.1298064 0.2196813 0.2563551 0.2452776 0.02646196 0 0.001439033 0.05102652 0.4112969 0.01992996 0.146566 0.5272108 0.4624252 0.06056678 0.009964978 0.2538394 0.09178777 0.1663694 0.4453924 0.5515558 0.56416 0.2134799 0.3097574 0.1556477 0.2463469 0.1740995 0.1963558 0.4311085 0.3118695 0.09311824 0.04586737 0.1065605 0.4183907 0.1507352 0.08684468 0.1888316 0.05108834 0.08682724 0.1305581 0.02462712 0.07697059 0.1505819 0.08317214 0.2821639 0.7089475 0.500862
0.04160819 0.04041702 0.1314644 0.4940779 0.3979442 0.5985863 0.5260231 0.5064211 0.08891638 0.4136477 0.08388521 0.05821969 0.1872698 0.1162241 0.06138527 0.6139044 0.6437308 0.3287593 0.1523387 0.2581158 0.2052907 0.3561776 0.0998941 0.4268947 0.5078663 0.09562834 0.3320273 0.4488443 0.04956388 0.1075083 0.3246952 0.009462812 0.475417 0.4307397 0.1498241 0.03986228 0.2120108 0.3665191 0.05817862 0.2978965 0.6148878 0.1840693 0.1966948 0.1552207 0.1371505 0.3290493 0.6730163 0.3888409 0.3752631 0.5701682 0.1339723 0.07451145 0.1225364 0.3401892 0.4648775 0.09569502 0.3802259 0.5207727 0.3674096 0.1178235 0.04518014 0.1557735 0.2282638 0.4233991 0.05266639 0.5714677 0.3002429
0.1268367 0.1988649 0.2107425 0.009964978 0.09477645 0.4794659 0.4262371 0.5666823 0.387179 0.1556877 0.3023145 0.1537935 0.7471572 0.172458 0.1203308 0.3513982 0.1672568 0.3306293 0.4837425 0.242472 0.3174124 0.178438 0.02449615 0.3074282 0.7110695 0.5091679 0.07432688 0.3473594 0.2808542 0.1617789 0.4224978 0.2724695 0.08046793 0.1897722 0.2289687 0.04977352 0.4589903 0.1385916 0.2249395 0.2543004 0.1111087 0.4525457 0.4367825 0.2586238 0.1808119 0.3139422 0.2762523 0.3312349 0.1278393 0.1537647 0.1146236 0.108357 0.1173977 0.5704165 0.5696039 0.1986072 0.05410427 0.4318828 0.2987951 0.1474941 0.0593528 0.1713564 0.3028531 0.1350561 0.05587788 0.2694943 0.7494605
0.2976693 0.06042309 0.2662772 0.1153122 0.02923505 0.1630191 0.1944329 0.7618307 0.758081 0.1163459 0.2279303 0.08201942 0.3295422 0.02430604 0.4287115 0.3812635 0.247329 0.08528719 0.3909864 0.1185321 0.2156222 0.07336164 0.1462411 0.2690015 0.2880498 0.1828995 0.210607 0.322466 0.03073986 0.3653285 0.220072 0.1220623 0.1006386 0.1812729 0.2075842 0.0707248 0.1710152 0.1857188 0.08857778 0.3120713 0.1465153 0.5154639 0.5589456 0.3898461 0.3175794 0.4945068 0.1165097 0.1096091 0.0707235 0.1810887 0.2490427 0.2596414 0.1330436 0.2713257 0.2666108 0.2247394 0.1833983 0.1296039 0.212736 0.005282959 0.03040116 0.10223 0.1604171 0.07830337 0.02228598 0.1580194 0.3176079
