EnvRasters/Baseline_High/sealed.asc
ncols         270
nrows         223
xllcorner     24099.479091542
yllcorner     21023.840179216
cellsize      1003.8986847201
NODATA_value  -9999
[rows 116 to 144 of 223, columns 201 to 267 of 270]
0 0.009964978 0.02169832 0.01992996 0 0 0.01992996 0.009964978 0.02372 0.08193997 0.006619687 0.003394382 0 0.0008763318 0.01024328 0.008810344 0.009964978 0 0.07430331 0.01862537 0 0.05978987 0 0 0 0.009964978 0 0 0 0 0.009964978 0 0 0 0 0.009964978 0.06067331 0.1246944 0 0 0.1195741 0.009964978 0.03972686 0.05992293 0 0 0 0.009964978 0.04982489 0.009964978 0.01992996 0.01251882 0.01737612 0.05029227 0.006932607 0.005705938 0.02005211 0.01598461 0.01457103 0.005358926 0 0.009964978 0.01992996 0.009964978 0 0 0
0 0.0358045 0.08217189 0.08547678 0 0 0 0.07447084 0.03545059 0.01992996 0.009964978 0.01653557 0.01504426 0.05799526 0 0.003620572 0.01630938 0.009964978 0.1120687 0.006239422 0 0.05978987 0.009964978 0 0 0.02989493 0.009964978 0 0 0 0 0 0.009964978 0 0.009964978 0.009964978 0 0.184219 0.02809405 0 0.155484 0.005624591 0.009964978 0.01992996 0 0 0.009964978 0.009964978 0 0.009964978 0 0.05292515 0.009964978 0.02256178 0.0634909 0.03427614 0.001877124 0 0 0 0.0154139 0.02499591 0.009964978 0 0 0 0
0 0.07910888 0.05823298 0.02614081 0 0 0.1038349 0.02057974 0.009964978 0 0 0.009964978 0.02661027 0.009964978 0 0 0.09964979 0.009964978 0.3162159 0.009964978 0.02462815 0.006411855 0 0 0 0.009834871 0.01992996 0 0 0 0.008715835 0.01992996 0 0 0 0 0.05816917 0.1971793 0.08686428 0.02989493 0.1493463 0.2853518 0.04008407 0.009964978 0.04490636 0.03871042 0.009964978 0.01992996 0.01992996 0.01086073 0.002615268 0.06070435 0.07509983 0.06910088 0.1697021 0.1160269 0.05819105 0.01689322 0.02989493 0.006469595 0.004456045 0.01938006 0 0 0 0 0
0 0 0 0 0.009964978 0 0.1247303 0.07498343 0.0342874 0.01992996 0.009964978 0 0 0.04151697 0.008307924 0.01992996 0.005542361 0.07149973 0.2725843 0.01907009 0.01258122 0.08012825 0.03569017 0 0 0.01535201 0.01467303 0 0 0 0.001249143 0 0 0 0 0.009964978 0.04982489 0 0.009964978 0.1832521 0.3503773 0.3078373 0.1692775 0.0492553 0.01488352 0.2410397 0.02903596 0.08880577 0.05094014 0.001647986 0.01764504 0.09253942 0.06165793 0.03343306 0.03749395 0.009964978 0 0.06333913 0.02476044 0.04466842 0.0149857 0 0 0 0 0 -9999
0 0.01625158 0.02856873 0.02125616 0.009964978 0.0551486 0 0 0.0155375 0.0008301084 0.09369935 0.008960663 0.01173409 0.0113856 0 0.01992996 0.03976991 0.008854779 0.01631723 0.1452016 0.009964978 0 0.01078652 0.05033415 0.06975485 0.005673311 0.04403626 0 0.02258586 0.02636901 0 0 0 0 0.02665936 0.01320055 0.01713415 0.03366975 0.06975485 0.5586616 0.1276021 0.009964978 0.01992996 0 0.009964978 0.04401936 0.0794967 0.1009813 0.1367897 0.06382819 0.03369904 0.04650839 0.02989493 0.007422469 0.02989493 0.1090398 0.1500497 0.02700279 0.2478792 0.01992996 0.009140057 0.02989493 0.0004029159 0 0 0 0
0.03184785 0.003678381 0.009964978 0 0.01546523 0.07424314 0.02008294 0.009964978 0 0.04079412 0.01515542 0.04982489 0.01992996 0.0267052 0 0 0.02068564 0.001543606 0.02317961 0.08653363 0.001466524 0 0.01997638 0.0194207 0 0.02989493 0.0001153242 0.06932162 0.04043764 0.02745621 0.03861994 0 0 0 0 0.09655519 0.195225 0.02612012 0.07578202 0.0438962 0 0 0 0 0.1211744 0.008370344 0 0 0.08968481 0.02623901 0.03633411 0.005142716 0.007952086 0 0 0.03483472 0.1805074 0.02366654 0.04755098 0.008037372 0.04647992 0.03323991 0.08962714 0.009964978 0 0 -9999
0 0 0.01912424 0.0008057208 0.03435966 0.01992996 0.01992996 0 0.01992996 0.009964978 0 0.01364925 0.0561056 0 0.02582453 0.007092755 0.003349267 0.007466129 0.1190564 0 0.008498454 0 0.03982827 0 0 0.03986519 0.02989494 0.03032817 0 0.012696 0.08864921 0.09917393 0.009964978 0.009964978 0.14983 0.2318924 0.01720099 0 0.08973123 0 0.01992996 0 0.009964978 0 0 0.009964978 0.03439841 0.009964978 0.04399906 0 0 0.1023473 0.04828707 0.01837431 0.04982489 0.06975485 0.05014663 0.01813304 0 0.03985991 0.01992996 0 0.04687345 0.04259755 0 0 -9999
0.009964978 0 0.009445523 0.04997307 0.0003712738 0 0.01563136 0.04920511 0 0.004265883 0 0 0 0 0.01987229 0.009964978 0.02988333 0.1674714 0.01481121 0.004602049 0.01673114 0 0.04003646 0 0 0.006266592 0.003693113 0.009964978 0.124284 0.1059037 0.10813 0.1073782 0.009964978 0.03985991 0.07404708 0.002619504 0.01269395 0.009964978 0.02357266 0.1371195 0.03760448 0.01992996 0.001688632 0.01824133 0 0 0.01542648 0.009964978 0.04406589 0 0 0.009964978 0.009964978 0.04709105 0.01992996 0 0 0 0.009964978 0.03654893 0.08005018 0.01039943 0.01302734 0.0297635 0.009964978 -9999 -9999
0 0.03985991 0.009964978 0.009964978 0 0.02177646 0.144494 0.004962914 0 0.005699095 0.01992996 0 0.002653931 0.007311048 0.02693026 0 0.1861238 0.2823435 0.009964978 0.02989493 0.04842166 0 0.008952104 0 0 0 0 0 0.2520109 0.04107165 0.03547824 0.1440679 0.03985991 0 0 0 0 0 0 0.01364339 0.1438962 0.1119601 0 0.01544613 0.08504484 0 0 0 0.01158484 0.009964978 0.003763565 0 0.009964978 0 0.03985991 0.01468151 0 0 0 0.0008529117 0.02763893 0.002590274 0.06717898 0.0701893 0.001693576 0.03985991 -9999
0 0.009964978 0 0 0.01992996 0.09076565 0.1077357 0.02534045 0.00844232 0 0.009964978 0 0 0 0.01992996 0 0.1594805 0.01754343 0 0.03985991 0.03985991 0.03985991 0 0 0.01992996 0.01992996 0.01005577 0.009964978 0 0.01992996 0.1210307 0.08822823 0 0 0 0 0 0 0 0 0 0.1153788 0.07950378 0.04434374 0.01460495 0 0 0 0.004226378 0.00404421 0.006201414 0.009964978 0 0.05525148 0.004538392 0.04510836 0.002118428 0 0 0.006295538 0.01244724 0 0 0.0002446948 0.03979158 0 0
0.009435423 0.03042449 0 0.009964978 0.02574042 0.04982489 0.009964978 0 0.03453432 0 0.009964978 0.009964978 0.0135634 0.009964978 0.01992996 0.01826988 0.2549174 0.03566374 0 0 0 0.009964978 0 0.0008138456 0.02678231 0.0130776 0.01983917 0.05953673 0.01992996 0.03985991 0 0.06778404 0.03307616 0.009964978 0.007968225 0 0.009964978 0 0 0 0 0 0.07040534 0.1326227 0.1094592 0 0 0 0.05556349 0.005920769 0 0.08707754 0.03500799 0.05440737 0.002633289 0.01992996 0.01781153 0 0 0 0.009964978 0 0 0.009720284 0 0 0
0 0.07994593 0.02018224 0.02243504 0.2272456 0.07645947 0.01524934 0 0.1296692 0 0.0129211 0.007008858 0.01633154 0 0.009964978 0.03985991 0.01337618 0.145844 0.002239549 0 0.009964978 0 0 0.009151133 0 0 0.0001576236 0.0201831 0.009964978 0 0.02989493 0 0.06530917 0.009964978 0.01196173 0 0 0.009964978 0 0.001764567 0.008200412 0.009964978 0 0 0.02103244 0.2186763 0.009462825 0 0 0.02465972 0.0152002 0.01284169 0.03985991 0 0.007331689 0 0.0169031 0.02295682 0 0 0 0.009964978 0 0 0.02011136 0.06904889 0.0007059578
0.04984184 0.08635198 0.0604415 0.2308286 0.1004064 0.01992996 0.01464559 0.005174649 0.0475386 0.007487391 0.04305025 0.01085628 0.01992996 0 0 0 0 0.09795076 0.0592381 0.009964978 0.009964978 0 0 0 0 0.01048132 0.02973731 0.00836389 0.001601088 0 0 0 0.03420911 0.01009648 0.009964978 0 0 0.009964978 0 0 0 0 0 0.04869082 0.01684399 0.233531 0.3042072 0.01992996 0.009964978 0.01992996 0 0.009964978 0.02989493 0 0 0 0 0 0 0 0.009964978 0 0 0.04924061 0.02033283 0 0.009698356
0.03695576 0.06284566 0.009964978 0.1249449 0.02566828 0.02834839 0 0.01475531 0 0 0.01338953 0.01242376 0 0 0 0 0 0.03279946 0.1539052 0 0 0.0267021 0.01395847 0.0286766 0.02007814 0.02225624 0 0 0.009964978 0 0 0 0.0299456 0.01987929 0.009964978 0 0 0 0.01992996 0 0 0 0.01992996 0.05404493 0.009964978 0.009964978 0.1246368 0 0.01992996 0 0 0 0.02604113 0.02378376 0 0 0 0 0 0 0.009964978 0 0.009964978 0 0.01992996 0 0.0008295366
0.01299129 0 0.01762772 0.07223363 0 0.009964978 0.02231937 0.007575563 0 0.01455586 0.009964978 0.03985991 0 0 0.009964978 0 0 0.01992996 0.07019019 0.0991828 0.02671007 0.03164123 0.07909337 0.02137455 0 0.009532331 0 0 0 0 0 0 0 0.05978987 0.03595157 0 0 0.009964978 0 0.009964978 0 0.009964978 0 0 0 0 0.1745285 0 0 0 0.01992996 0.04982489 0.04615942 0.007161103 0 0 0 0 0 0 0.009964978 0 0 0 0 0 0
0 0 0.04341233 0.01992996 0 0 0 0 0.005027669 0.02530406 0 0 0.02989493 0 0 0 0 0 0.009964978 0.141565 0.009964978 0.01006345 0 0.009964978 0 0 0 0 0 0 0 0.009964978 0 0.05913495 0.01302388 0.007836027 0 0.01992996 0.009964978 0.01992996 0.04982489 0.009964978 0.02989493 0 0 0.06869274 0.06342052 0.01239721 0 0 0.009964978 0 0.006469351 0 0 0 0 0 0 0 0.009964978 0 -9999 -9999 0 0 -9999
0 0.02134424 0.00855069 0.01992996 0 0.005802771 0.01992996 0 0.009959359 0 0 0 0 0.01992996 0.009964978 0 0.01502862 0.01770234 0.02232357 0.1859593 0.07478385 0.008346464 0 0.01807445 0.002609605 0 0.03985991 0.009964978 0.009964978 0.01992996 0 0.009964978 0 0.07125922 0.001596185 0.02046272 0 0.05466193 0.01719683 0 0 0.009964978 0.009964978 0 0.01439624 0.1052039 0.03244574 0.0324138 0.01992996 0 0.01992996 0.009964978 0.01992996 0 0 0 0.002365352 0 0 0 0 0 -9999 -9999 -9999 -9999 -9999
0 0.009964978 0.009964978 0 0 0.004162208 0 0.01590808 0.03483786 0.009964978 0 0.009964978 0 0 0.005552703 0.04427219 0.05335841 0.02905608 0.02750132 0 0.1853745 0 0 0.02989493 0.009210878 0.01112363 0 0 0.009964978 0 0 0 0 0.1295447 0.009964978 0.04987148 0.2425826 0.175594 0.002733125 0 0 0 0 0.009964978 0.01473455 0.06498797 0.182559 0.1367541 0.02881019 0 0 0 0.009964978 0 0 0 0.007599627 0.009964978 0.03283013 0.04086347 0 -9999 -9999 -9999 -9999 -9999 -9999
0.04703072 0.006858517 0.01992996 0 0.009964978 0.02579956 0.01903074 0.09553641 0.07970475 0.02989493 0.009964978 0 0 0 0 0.04608128 0.04360353 0.07418913 0.02241643 0 0.08967919 0 0.001367438 0 0.0459103 0.2930959 0.01992996 0.009964978 0.01992996 0 0.02989493 0 0 0.192621 0.1561533 0.04186999 0.1813625 0.1110456 0 0 0 0.01992996 0.009964978 0.004699462 0.0152305 0.009964978 0.2038641 0.2942988 0.1309318 0.1989891 0.02078567 0.01992996 0.007412378 0.01024328 0.02220426 0.03118196 0.0713164 0.009964978 0.0253243 0.02056186 0 -9999 -9999 -9999 -9999 -9999 -9999
0.1124089 0.08282629 0.002447288 0.01748267 0.03985991 0.04395529 0.004303569 0 0.01471096 0.02989493 0 0 0 0 0 0.01992996 0.009964978 0 0.01744348 0.007724938 0.1318312 0 0.01856252 0.009964978 0 0.08625881 0.002599451 0 0 0.01992996 0 0 0.02989493 0.1154682 0.1535863 0.02989493 0.009964978 0 0.009964978 0.009964978 0 0 0.009964978 0.01492468 0.01497025 0 0.01484332 0.03644001 0.1589632 0.2547679 0.07549199 0.01992996 0.009964978 0 0 0.01708139 0 0.009964978 0 0 0 -9999 -9999 -9999 -9999 -9999 -9999
0.09865777 0.05249577 0 0 0.01992996 0 0.02573627 0 0 0 0 0 0 0 0.009964978 0.03985991 0 0 0.01251828 0.007881083 0.1018061 0 0 0 0 0 0.0294383 0.02982252 0 0.04982489 0.009964978 0.01992996 0.01992996 0.08838655 0 0.002733282 0.007231697 0 0 0 0.004306964 0.01232088 0 0.005986242 0.03985991 0.07563549 0.06006818 0.03370097 0.3018385 0.0664411 0.06798846 0.005058769 0 0 0.003071545 0.009964978 0 0 0 0 0 -9999 -9999 -9999 -9999 -9999 -9999
0.06321111 0.05245281 0.006893705 0.01992996 0 0.009964978 0.004158664 0.009964978 0.01473268 0.02512723 0 0 0 0 0.02367475 0.03689703 0.00296289 0 0.007411673 0 0.0919406 0 0 0 0 0 0 0.01992996 0.01992996 0.02112354 0.008771392 0 0.009964978 0.08970521 0.02989493 0 0 0 0 0 0.009964978 0.03319705 0 0.003978737 0.08134989 0.008334911 0 0.01500873 0.02507978 0.07339895 0.09931394 0.1352678 0.1250208 0 0.006893433 0 0 -9999 -9999 -9999 -9999 -9999 -9999 -9999 -9999 -9999 -9999
0.1747735 0.03449108 0.04943926 0.03335185 0 0.01992996 0.00589917 0.02470562 0.03041988 0 0 0.03985991 0 0.01328133 0.03279877 0 0 0.04982489 0.009964978 0 0.1617551 0.08485487 0.01946169 0.02039822 0.009964978 0.02989493 0.02103768 0.02878722 0 0.009964978 0.009964978 0.009175962 0.009964978 0.06782177 0.1243261 0.003331836 0.03027733 0.006250744 0 0 0.009964978 0 0 0 0 0.009964978 0 0.04997542 0 0 0.01992996 0.01992996 0.2750314 0 0 -9999 -9999 -9999 -9999 -9999 -9999 -9999 -9999 -9999 -9999 -9999 -9999
0.02989493 0 0 0.003766554 0.0523943 0.009964978 0.01403079 0 0.004664362 0 0 0.01447925 0 0.01992996 0.009964978 0 0 0.009964978 0.01992996 0 0.02889609 0.1780039 0.1018918 0 0 0 0 0 0.02995909 0 0 0.01075399 0 0.153015 0.1742938 0 0.009964978 0 0 0 0.005165758 0.02472918 0 0.01992996 0.009964978 0 0.04220543 0.007848057 0 0 0 0.05241686 0.08509928 0.07223162 0 -9999 -9999 -9999 -9999 -9999 -9999 -9999 -9999 -9999 -9999 -9999 -9999
0.009964978 0 0 0 0.0125515 0.08160699 0.005303507 0.009964978 0 0 0 0.01541568 0 0.01992996 0.01992996 0 0 0 0 0.07505289 0 0 0.02813938 0.1111305 0 0 0.01992996 0 0.00990082 0 0 0 0 0 0.04840006 0.008384 0 0 0.02989493 0.005147696 0.08453711 0.006796531 0.01992996 0 0 0.0436861 0.04057583 0 0 0 0 0.03449481 0.04731099 -9999 -9999 -9999 -9999 -9999 -9999 -9999 -9999 -9999 -9999 -9999 -9999 -9999 -9999
0 0.007157489 0 0 0 0.07357166 0.01592536 0 0 0 0 0.009964978 0 0.01992996 0 0 0.01324488 0.01992996 0.008877959 0.1346982 0.0006005242 0.009964978 0.009964978 0.04078513 0.03754893 0.009964978 0 0 0.009964978 0 0 0.009964978 0 0 0.09110964 0.04144089 0.009964978 0 0 0.01992996 0 0.04302836 0.009964978 0.009964978 0 0.02565388 0.03530657 0 0 0.009964978 0.009964978 0.004110431 0 -9999 -9999 -9999 -9999 -9999 -9999 -9999 -9999 -9999 -9999 -9999 -9999 -9999 -9999
0 0.002807489 0.02989493 0 0.009964978 0 0.06379447 0.009964978 0.01550336 0 0 0 0.01451444 0 0.01992996 0.01212408 0.01825969 0 0 0 0 0 0.009964978 0 0.1009983 0.01992996 0 0 0.009964978 0 0 0.03862728 0.02761659 0 0.0838924 0.02572237 0.009964978 0 0.02989493 0.03558914 0.004270777 0 0 0.009964978 0.009964978 0.02417101 0.05226377 0.007494457 0 0 0 0.005854547 0.01399172 0 -9999 -9999 -9999 -9999 -9999 -9999 -9999 -9999 -9999 -9999 -9999 -9999 -9999
0.009964978 0 0.009964978 0 0.009964978 0 0.07565752 0.04392223 0.01439158 0 0 0.03721514 0.02557173 0.02234848 0.05978987 0.006196239 0 0 0 0 0 0 0 0 0.07968818 0 0 0 0.000327942 0 0 0.03788096 0.2645794 0.01992996 0 0.03460605 0.04168389 0 0.009964978 0.01992996 0.009964978 0.009964978 0 0 0.01617212 0 0.0459603 0.02837954 0 0.004240498 0.00507692 0.01992996 0.005938239 0 -9999 -9999 -9999 -9999 -9999 -9999 -9999 -9999 -9999 -9999 -9999 -9999 -9999
0.005906335 0 0 0 0.01992996 0 0.02989493 0.02989493 0.02231572 0.0102693 0.0925739 0.009964978 0 0 0 0 0 0 0 0.009964978 0 0 0 0 0.06977525 0 0 0 0.009637036 0 0 0 0 0 0.05347063 0.01628422 0.1165607 0.004637252 0 0 0 0.01992996 0 0 0.003757837 0.04374674 0.07811788 0.0633682 0.02989493 0.05387507 0.05638725 0.01992996 0.03388441 0 -9999 -9999 -9999 -9999 -9999 -9999 -9999 -9999 -9999 -9999 -9999 -9999 -9999
