EnvRasters/Baseline_High/sealed.asc
ncols         270
nrows         223
xllcorner     24099.479091542
yllcorner     21023.840179216
cellsize      1003.8986847201
NODATA_value  -9999
[rows 29 to 57 of 223, columns 67 to 133 of 270]
0.0259534 0.02398057 0.03985991 0 0.02989493 0.04856547 0.01942212 0 0.005405075 0 0 0 0.009964978 0.01404283 0.009964978 0 0.04323511 0.01992996 0 -9999 -9999 -9999 -9999 -9999 -9999 -9999 -9999 -9999 -9999 -9999 -9999 -9999 -9999 0 0.009964978 0 0 0.009964978 0.03985991 0 0 0.01992996 0 0.03615656 0.009964978 0.009964978 0.36369 0.5452239 0.4195644 0.4783173 0.4696247 0.06725203 0.09272645 0.4417036 0.7448725 0.4612164 0.34103 0.6337571 0.673776 0.7128922 0.7439231 0.7893674 0.5322372 0.2240874 0.2039714 0.06745837 0.1325993
0.01418481 0.02261613 0.01992996 0.009964978 0.0363874 0.01992996 0 0 0.01452488 0.01992996 0.02483496 0.02989493 0.004358492 0.005887131 0.02989493 0 0.01655476 0 0.00287512 -9999 -9999 -9999 -9999 -9999 -9999 -9999 -9999 -9999 -9999 -9999 -9999 0 0.01304472 0.006885237 0.009964978 0 0.01992996 0.01992996 0.02989493 0.009964978 0.01553138 0.01436355 0 0.09219861 0.1085657 0.0799721 0.1531472 0.1259004 0.09448998 0.1855547 0.05876332 0.3000685 0.3560594 0.4773154 0.9998879 1 0.7334864 0.09540436 0.2778414 0.2224725 0.3614288 0.5400329 0.63377 0.4621203 0.6682769 0.6748397 0.5301091
0.03985991 0.01992996 0.01992996 0.02665102 0.01992434 0 0.03985991 0.0190533 0.03821998 0.02384177 0.06484985 0.03985991 0.01557146 0 0 0.09338707 0.01992996 0 0.02994136 -9999 -9999 -9999 -9999 -9999 -9999 -9999 -9999 -9999 -9999 -9999 0 0.009477373 0.01918211 0.009964978 0.00410478 0.005860198 0.05080456 0.1476779 0.1109895 0.3398184 0.143099 0.0761381 0.1103768 0.09115266 0.03119624 0.009964978 0.04543368 0.009964978 0.009964978 0.009964978 0.03884292 0.02928388 0.004038342 0.05613627 0.2456062 0.6097026 0.5030591 0.07271824 0.09269425 0.3979812 0.2210899 0.6323988 0.3814612 0.3525058 0.3039795 0.2541933 0.1301084
0.01992996 0.02716588 0.01405546 0.02986329 0.008626285 0.0655727 0.06878885 0.03246415 0.05337568 0.003677592 0.01493681 0 0.009964978 0.01992996 0.01807833 0.1412256 0.01345344 0 0.01995036 -9999 -9999 -9999 -9999 0 0 0 -9999 0.01040862 0 0 0.009964978 0.02041756 0.0206778 0.0617711 0.129771 0.11978 0.02914152 0.04190896 0.06464267 0.007441875 0.009964978 0.116354 0.03324519 0.006296816 0.009964978 0.01754747 0.05659859 0 0 0.009964978 0.09332511 0.2055249 0.1097313 0.0638927 0.05965967 0.09592856 0.1116231 0.2375757 0.1523985 0.4044842 0.2707137 0.4818457 0.2325837 0.3145367 0.3935368 0.145225 0.1891882
0.1058061 0.05694526 0.07123803 0.07808243 0.05473785 0.0853805 0.119858 0.07799328 0.07427957 0.07663283 0.1050253 0.08066189 0.01891339 0.01206093 0 0.006398449 0.02322501 0 0.06866927 0.09629911 0.02231978 0 0.0008952699 0.009069708 0.009964978 0.009964978 0 0.009521337 0.01260814 0.007321821 0.06264254 0.07992006 0.09009323 0.02793176 0.01456422 0.05015524 0.1527621 0.004356707 0.02115741 0.02981124 0.01633813 0.02674754 0.009964978 0.003668163 0 0 0.009964978 0.009964978 0.009964978 0.1177635 0.3523287 0.1018804 0.0361495 0.05601739 0.05103226 0.2407039 0.4172578 0.2154092 0.1086701 0.1420452 0.458574 0.5872549 0.3609631 0.3047925 0.4720176 0.1449986 0.1262944
0.1407099 0.007510948 0.005007932 0.01492203 0 0.009964978 0.009964978 0.005819384 0.01992996 0.009964978 0.009964978 0.009405316 0.0610327 0.06819744 0.08127724 0.08876208 0.2233337 0.03593863 0.142485 0.25639 0.1265363 0.03985991 0.01019489 0.01152071 0.01125617 0 0.009964978 0.03459796 0.1501073 0.06995508 0.06710241 0 0.01992996 0.009964978 0 0.08475351 0.1123001 0.03300456 0.05833685 0.03250173 0.01726549 0.009964978 0.04699786 0.03272197 0.03985991 0.02989493 0.01992996 0.04225261 0.09345886 0.08396182 0.05189051 0.04403192 0 0 0.3256793 0.1759534 0.1765856 0.07091147 0.06497459 0.1965126 0.2873206 0.2985815 0.2646619 0.458036 0.2102811 0.18799 0.1637851
0.1523086 0.1672437 0.1622402 0.09599419 0.03985991 0.03985991 0.01397837 0.06594403 0.01949458 0.01899293 0.002436399 0.05791008 0.01640938 0 0.02989493 0.03985991 0.009964978 0.6236915 0.5332022 0.1196782 0.2995717 0.1647853 0.06672423 0.01575091 0.03421447 0.09203956 0.06992906 0.04537415 0.0593835 0 0 0.009964978 0.0193418 0 0.009964978 0.009964978 0 0.02202189 0.02077214 0.01374908 0.01762429 0.009152535 0.02405951 0.03240968 0.01992996 0.04982489 0.005629354 0.1605068 0.1920657 0.005162775 0 0.03129647 0.009964978 0.02939316 0.4037624 0.2754061 0.07952279 0.03719169 0.4204356 0.3587249 0.4139513 0.4444143 0.3758601 0.3091611 0.2440428 0.136547 0.1301955
0.4819284 0.4576702 0.2097836 0.1985454 0.01685576 0 0.08857259 0.08103462 0.06747553 0.001215327 0 0 0.01392 0.0213753 0.009964978 0.03743171 0.09350885 0.5664993 0.7842275 0.5256593 0.8307581 0.2164804 0.04770098 0.08002415 0.09216283 0.009964978 0 0.01015995 0.0203123 0.02989493 0.02409261 0.04008617 0.03605916 0.01992996 0 0 0.01590154 0.03392335 0.01159211 0.01601748 0.05182778 0.02370965 0.04675321 0.01992996 0.0849034 0.04464132 0.1699826 0.02646076 0.01992996 0.02485104 0.009964978 0.004296506 0.07892843 0.09116761 0.04797555 0.3008184 0.1340615 0.2092441 0.3418523 0.2550569 0.2691517 0.1534782 0.3282951 0.3990673 0.5245768 0.1542085 0.02482948
0.03849454 0.04550543 0.01992996 0.2043081 0.001243577 0.009964978 0.00374045 0.009964978 0 0.02989493 0.008171219 0.01175874 0 0.02989493 0.0318165 0.1512607 0.07698429 0.2141663 0.4468367 0.9933728 0.9829897 0.09620136 0.05815448 0.05322345 0.009964978 0.009964978 0.01087498 0.09418825 0.1452519 0.009964978 0.01992996 0.02989493 0.009964978 0.02989493 0.03548309 0.004376826 0.03834967 0.02645711 0.02489213 0.04062091 0.02989493 0.07233723 0.2105859 0.2378399 0.2955835 0.09597158 0.1225785 0.09006158 0.03031551 0.005043895 0.0251036 0.07557151 0.05189155 0.01937656 0.05319817 0.08591472 0.5122147 0.1765305 0.06975485 0.1539598 0.2930239 0.3770447 0.3012208 0.5514209 0.2826805 0.2393161 0.03025131
0.009964978 0.007644612 0 0.0191274 0.0203644 0.07596629 0.03985991 0 0.009964978 0 0.009964978 0.009964978 0 0.009964978 0.05171848 0.1339408 0.3597483 0.3939402 0.6778996 1 0.5472506 0.009964978 0.06575492 0.05409985 0.01448123 0.01704676 0.04231165 0.05960141 0.00660392 0 0 0.01992996 0 0.009964978 0.009964978 0.01857024 0.01147522 0.009964978 0.02791064 0 0.007752426 0.2268885 0.416925 0.2035749 0.4438319 0.1429763 0.01024328 0.05481859 0 0.1249748 0.09457228 0.03985991 0 0.0009357999 0.07121719 0.08890206 0.6091775 0.09964979 0.08591217 0.1678859 0.174677 0.1796933 0.1390334 0.2049379 0.3112792 0.1647942 0.1828473
0.009964978 0.002320366 0 0 0.06975485 0.2306657 0.05794315 0.009964978 0.01992996 0.02989493 0.009964978 0.02989493 0 0.03957769 0.07020344 0.376859 0.3794216 0.6607627 0.6905134 0.6089784 0.05038219 0.009964978 0.01029418 0.04542284 0.008331927 0.004710861 0.01656026 0.01136169 0.02782806 0.02033426 0.009964978 0.06934032 0.01992996 0.01992996 0.009964978 0.07477083 0.01362109 0 0.02191425 0.01992996 0.1222073 0.252764 0.1501061 0.3153028 0.3220637 0.1468282 0.04982489 0.05109549 0.1396839 0.07442093 0.009964978 0 0.02989493 0.01373863 0.04605124 0.02254551 0.5654178 0.05930645 0.5566074 0.7007322 0.1380509 0.1186107 0.1462013 0.1210163 0.1681223 0.08929749 0.1031764
0.03428159 0.009964978 0.009964978 0.01992996 0.01443413 0.02542578 0.02500604 0.01222135 0.06975485 0.009964978 0.04071156 0 0.02946453 0.000430408 0.1921928 0.03050763 0.2208156 0.4909667 0.2654105 0.09516945 0.02989493 0.002376509 0.002168317 0.009964978 0.001595787 0.03336877 0.02507993 0.0003367931 0.0004262237 0.06428486 0.04514211 0.01037951 0.01992996 0.01992996 0.01992996 0.01145482 0.02989493 0.03546752 0.08515347 0.07082359 0.08953759 0.160365 0.08377202 0.2113747 0.4574851 0.183615 0.2413431 0.05876614 0 0.009964978 0.01992996 0.009964978 0 0.07829698 0.03937137 0.03834137 0.2707122 0.0330239 0.2367303 0.5192426 0.38167 0.03588086 0.1450292 0.2358434 0.05092398 0.155255 0.08191194
0.004048341 0.01992996 0.009964978 0 0.07458834 0.0449914 0 0 0.02090634 0.02060073 0.07434493 0.009964978 0 0.009964978 0.2955632 0.06713798 0.1748231 0.5030336 0.8343811 0.1888183 0.01243762 0.01508081 0.04979325 0.03924816 0.01497458 0.02888409 0.01233177 0.01849572 0.03056615 0.01992996 0.009748467 0 0 0.03621972 0.01360517 0.01112774 0.01992996 0.08670446 0.1021948 0.07607478 0.005420285 0.02241785 0.1341457 0.4759754 0.4536297 0.7644507 0.7741247 0.06909671 0 0 0.02953376 0 0.03638343 0.03360002 0.02865785 0.05711727 0.2191269 0.06383113 0.05651789 0.2806539 0.1245234 0.05076673 0.1113068 0.3809851 0.1187681 0.08261272 0.03946108
0.002976152 0 0.009964978 0.03715273 0.009964978 0.03985991 0.009964978 0 0.02663806 0.06706992 0.02445321 0.01992996 0.02989493 0.04485809 0.2114779 0.2787139 0.4992774 0.6339456 0.7646257 0.0524969 0.03985991 0.009964978 0.04992337 0.04383126 0.01386312 0.06450076 0.05978987 0.01992996 0 0.009964978 0.006007441 0.02406382 0.01992996 0.02989493 0.02598362 0.08771919 0.06990303 0.002597089 0.04794824 0.08813082 0.06004215 0.07747088 0.1354234 0.009964978 0 0.03175649 0.2176864 0.1654641 0.07443821 0.05293357 0.1236954 0.06257134 0.05986232 0.01992996 0 0.07334101 0.2757343 0 0.3563571 0.2717041 0.02868642 0 0.2239692 0.1321655 0.09331073 0.05457911 0.2409593
0.02761034 0.03234289 0.04982489 0.01267216 0.009964978 0.04496778 0.001623828 0 0 0.01369696 0.05038756 0.009964978 0.03475289 0.174755 0.1046409 0.652786 0.701082 0.5130183 0.2496654 0.01989831 0.01992996 0.002489769 0.00772983 0.01992996 0.01172607 0.02989493 0 0.02497529 0.0248496 0.04155188 0.03955055 0.020063 0.03964318 0.3439609 0.1126187 0.04207781 0.009964978 0.06623042 0.1018308 0.03433922 0.04965682 0.01366383 0.05978987 0.009964978 0.01653829 0.02054024 0.110776 0.08869833 0.1532355 0 0.01886402 0.1078857 0.1001046 0.06719645 0.02709394 0.05664322 0.09023869 0.07539353 0.4466152 0.05499842 0.01224431 0.1828563 0.3259092 0.04351845 0.6349871 0.08650409 0.03066487
0.003374852 0.01058441 0.009964978 0.07971983 0.02989493 0.03176463 0.06115346 0.03985991 0 0.01992996 0.005502942 0.07594832 0.1693711 0.3467324 0.5223159 0.7738122 0.6524228 0.5485677 0.5018089 0.05677962 0.01992996 0.02740517 0.01992996 0.01410051 0.05458675 0.01296944 0.03489618 0.08996311 0.06001613 0.1921018 0.07022098 0.1154759 0.1768777 0.2902316 0.162902 0.01039943 0.09669226 0.05526183 0.04507773 0.09348173 0.02130575 0.02939201 0.1171798 0.01992996 0.07399052 0.0860538 0.02922698 0.04434554 0.1061599 0 0.02498825 0.04520339 0.0153605 0.01992996 0.02597608 0.09119422 0.1047498 0.1712042 0.2921207 0.02915396 0.0627638 0.03243142 0.1077722 0.04315819 0.1043173 0.01573571 0.08293032
0 0 0.0677125 0.01200733 0.02989493 0.09030657 0.01992996 0.102371 0.07945139 0.0201984 0.01992434 0.1394781 0.2612826 0.698842 0.6085168 0.8096254 0.1267581 0.03619722 0.05726732 0.009964978 0.04982489 0.04159086 0.05599797 0.1495575 0.1178058 0.07771299 0.01992996 0.03538268 0.02516813 0 0.1057988 0.2732209 0.2684534 0.05084745 0.03070494 0.08379036 0.07341716 0.05148511 0.0883316 0.00535759 0 0.009964978 0.1899823 0.0493537 0.01143782 0.06287111 0.01269994 0 0.06247098 0.1488826 0.1305327 0.02745073 0.009964978 0.04982489 0.04982489 0.2056846 0.1273021 0.318751 0.2648909 0.0845978 0.04120788 0.1165869 0.09276852 0.1617567 0.1266511 0.009964978 0.04495859
0 0 0.1040342 0.06537042 0.03985991 0.09902802 0.06975485 0.2120864 0.08673946 0.1909077 0.107818 0.138569 0.1741699 0.5298353 0.7081061 0.4831882 0.1175794 0.1613036 0.0142863 0.1061091 0.1063129 0.08205909 0.01895622 0.04692865 0.009964978 0.001770259 0.06086835 0.03878143 0.009204038 0.009964978 0.03995839 0.1133597 0.1703488 0.2152371 0.5221841 0.1234756 0.01992996 0.0185513 0.07144075 0.07618123 0.01992996 0.1496224 0.1101052 0.08896297 0.006686567 0 0.01992996 0.009964978 0.02364719 0.1054076 0.3615002 0.4878965 0.006748012 0.009964978 0.05377267 0.1560446 0.2122122 0.7040389 0.4296886 0.07201647 0.02430368 0.1306734 0.02118331 0.1943201 0.09134558 0 0.03990634
0.02989493 0 0.05978987 0.01755901 0 0 0 0.06987935 0.07435968 0.2438276 0.1332844 0.03073644 0.09774451 0.3181192 0.6274366 0.694736 0.07203352 0.1798238 0.2505462 0.1230854 0.03064936 0.05596398 0.01992996 0.009964978 0.06791541 0.0181597 0.02708621 0.07005918 0.04019026 0.02350431 0.009626044 0 0.2144349 0.6106147 0.1615141 0.07874672 0.03664396 0.001378654 0.03864159 0.0149035 0.01992996 0.06064928 0.1519553 0.03932984 0.05111415 0.008670107 0.01117348 0.02076512 0.01522152 0.01337321 0.2622172 0.4193754 0.2009704 0.01904619 0.01992996 0.01383533 0.2485551 0.3800955 0.2950158 0.1758778 0.03234865 0.2898546 0.3126951 0.174736 0.08991106 0.08131812 0.4409062
0.05978987 0.03792576 0.08612468 0.05100283 0 0 0.03985991 0.003437935 0.06318966 0.07363543 0.1638733 0.0495897 0.1538113 0.1168874 0.5618836 0.2565114 0.1039751 0.189313 0.1167871 0.07335275 0.03302527 0.06561667 0.009964978 0.03985991 0.1214192 0 0.03932135 0.07969357 0.1167421 0.07999813 0.06006818 0.07999813 0.1756292 0.06749497 0.01868559 0.289385 0.6641165 0 0 0.04982489 0.007820386 0.2088975 0.3091659 0.001094642 0.06050496 0.0183228 0.06267469 0.04489642 0 0 0 0.07811427 0.1306516 0.1057203 0.01238235 0.07584948 0.1037373 0.5267617 0.1466259 0.04617756 0.1116147 0.2499601 0.1558511 0.1378198 0.05978987 0.02870507 0.1621686
0.03143763 0.01189914 0.1008948 0.05097681 0.01731355 0.01992996 0.04012788 0.01966199 0.06885114 0.02074435 0.1083065 0.2291439 0.2709333 0.2864902 0.4522253 0.1186556 0.1534744 0.06066589 0.08669791 0.1662528 0.02266255 0.009964978 0.004981049 0.07494525 0.2735779 0.1154828 0.1351336 0.113738 0.003115923 0.000894604 0 0 0.009964978 0.01015777 0.1085282 0.1202797 0.2666846 0.019589 0.02027091 0.03021468 0.06748746 0.2107961 0.05352684 0.02804624 0.02431815 0.08439201 0.0521448 0.007645068 0.009964978 0.02313682 0.006758112 0.02514284 0.06486649 0.03351981 0.428909 0.3058461 0.3454466 0.3083677 0.2098197 0.03632724 0.01349766 0.03985991 0.002063446 0.1583638 0.05421523 0 0.02989493
0.04188571 0.04982489 0.1104845 0.02310534 0.04247632 0.08997642 0.04953327 0.02321956 0.1210504 0.2263484 0.08376838 0.2114359 0.248819 0.3734698 0.3220949 0.07001988 0.06947202 0.06645667 0.1237542 0.1712362 0.06362214 0.1107107 0.109815 0.06974861 0.009964978 0.03985991 0.009964978 0.009964978 0 0.01997638 0 0.01812738 0.08168272 0.05711575 0.1025894 0.03966257 0.07101445 0.009131055 0 0.009964978 0.04395215 0.09086782 0.1040657 0.187006 0.03883148 0.06781896 0.07049362 0.1532123 0.05264161 0 0 0.009964978 0.08001479 0.009964978 0.161753 0.3779626 0.3082433 0.1630545 0.1646433 0.0563443 0.009964978 0.01992996 0.03294744 0.09929595 0.4319065 0.08958427 0.04105895
0.02978021 0 0.08741088 0.1000582 0.2288369 0.03425583 0.01992996 0.08405358 0.1495968 0.06671317 0.1514463 0.2317649 0.3224458 0.5379545 0.2426901 0.2066445 0.1577565 0.04380358 0.1039887 0.2291412 0.2098021 0.04421343 0.06447957 0.0246374 0.01992996 0.01178521 0.04837296 0.01302895 0.03109059 0.05968016 0.08385854 0.04568618 0.009804669 0.009964978 0.02955517 0.07019163 0.07979906 0.04140659 0.0788957 0.06952327 0.04011219 0.1951713 0.03585922 0.07963613 0.04688272 0.06914055 0.07284752 0.0411192 0.02094493 0.002167062 0.0239738 0.004414073 0.04541082 0.04982489 0.02567711 0.04358379 0.249425 0.09299672 0.1592238 0.08380008 0.05891643 0.05162526 0.01286757 0.2919757 0.6710505 0.3219288 0.1096872
0.05138555 0.1338435 0.01043792 0 0.2302184 0.1239556 0.199346 0.09775498 0.01992996 0.02589855 0.2064957 0.357185 0.3841255 0.3280728 0.3221151 0.2928113 0.1462504 0.1640139 0.09181153 0.0135232 0.1228461 0.003115814 0.009964978 0.01522251 0.03985991 0.07000947 0.08671931 0.02288983 0.02869928 0.01909864 0.009964978 0.02989493 0.02989493 0 0.0003397678 0.02901632 0.03103349 0.0103734 0.09936055 0.1270098 0.05638856 0.2269513 0.02883005 0.06356907 0.1258063 0.06980128 0.02989493 0.0395884 0.02635986 0.01569502 0.0578139 0.03985991 0.01992996 0.01992996 0.009964978 0.2003539 0.07938448 0.2107244 0.3127057 0.04982489 0.03713108 0.02582853 0.091639 0.1410479 0.3584146 0.1638397 0.06132842
0 0.1145954 0.0002127032 0.01760336 0.03046509 0.02207114 0.01350141 0.09942324 0.09351997 0.1524284 0.22187 0.4127107 0.2280514 0.286298 0.4758255 0.576399 0.1669977 0.08252726 0.07474172 0.07117473 0.1230268 0.04567607 0.04674897 0.2092645 0 0.04775004 0.01832354 0 0 0.02989493 0 0.009964978 0.01992996 0.009964978 0.01968305 0.05994039 0 0.04468369 0.1457537 0.2443631 0.2823116 0.3234499 0.5103926 0.0006827689 0.134225 0.1769681 0.07655919 0.06211364 0.02974996 0 0.02548417 0 0.009964978 0.04982489 0.01583854 0.2559319 0 0.1168083 0.006565141 0.009964978 0.03985991 0.03739695 0.03405907 0.03694899 0.2756566 0.3638097 0.3326154
0.04681066 0.02144475 0.01992996 0.02225655 0.02989493 0.05719741 0.03386825 0.04982489 0.04914985 0.2728562 0.4287621 0.3255595 0.3103006 0.3527808 0.5778379 0.1853982 0.2267136 0.08997437 0.06949572 0.1466468 0.03780341 0.02683679 0.007167074 0.02662063 0.06022689 0 0 0 0 0.02847262 0.0113873 0.02989493 0.1486459 0.06047342 0.01059907 0.1706122 0.1161256 0.0399622 0.02240614 0.3093936 0.2413074 0.04190735 0.4607979 0.2342505 0.298242 0.01987091 0.01992996 0.01922061 0.01230213 0.01992996 0.05031938 0.01503949 0 0.03985991 0.01267249 0.1085167 0.003987151 0.4320257 0.01285715 0.01992996 0.009964978 0 0.009964978 0.0787328 0.07076228 0.1480784 0.4397327
0.02140001 2.939489e-005 0.01992996 0.09049714 0.04996249 0.09601809 0.05633079 0.1479756 0.09834723 0.08339406 0.01585022 0.1299912 0.4666835 0.6211782 0.3376651 0.158872 0.1730539 0.3940348 0.149882 0.02285392 0.02658217 0.009964978 0.1732683 0.2930805 0.1724942 0.04044542 0.009964978 0.05978987 0 0.1270755 0.02341619 0 0.06913371 0.03035432 0.08994026 0.06154215 0.05064897 0.2003899 0.1000062 0.04837815 0.09149317 0.06212623 0.02562927 0.002724819 0.05312362 0.08638608 0.09625012 0.03974842 0.03985991 0.08968481 0.03870168 0.009964978 0.02989493 0.08886087 0.1568138 0.5363839 0.07523416 0.159958 0.1340803 0.08005018 0.04185717 0.02989493 0 0.09881779 0.4930179 0.2981523 0.5499903
0.1084164 0.06829621 0.02989493 0.009964978 0.03167279 0.1521267 0.07103603 0.002420003 0.09651764 0.04757244 0.0622754 0.04435767 0.17756 0.2732304 0.09778484 0.2960767 0.2488093 0.08624621 0.1446745 0.09941901 0.03621914 0.003640777 0.128647 0.1864484 0.2186676 0.08141682 0.008124137 0.1131436 0.02989493 0.05877284 0.07971983 0.05978987 0.1892787 0.1894956 0.03032938 0.009345182 0.02989493 0 0.01172401 0.01817093 0.008844576 0.08856172 0.04385971 0.02731502 0.01992996 0 0.1403267 0.02917637 0 0.01992996 0 0 0 0.08914419 0.1763673 0.09262703 0.03453796 0.0938168 0.1906098 0.01211042 0.01834112 0.05141373 0.01243149 0.01206716 0.3130352 0.5635696 0.1142607
0.2798859 0.001458638 0.02817044 0.02785815 0.05897384 0.05079145 0.06975485 0.1021479 0.1104751 0.03985991 0.09381831 0.04483174 0.1165324 0.0351658 0.1596082 0.1051414 0.1864897 0.09611311 0.2684222 0.08094963 0.1459368 0.2726371 0.1271848 0.1044871 0.139633 0.03985991 0.01992996 0.05669544 0.04126631 0.01123101 0.03125695 0.01096972 0.0001412631 0.01978869 0.02989493 0.02944337 0 0.009964978 0 0.009964978 0.009964978 0.08180529 0.07790118 0.0716143 0 0.009964978 0.02334264 0.02989493 0.01992996 0.00594812 0.01317019 0.1277517 0.004093557 0.008684537 0.2348391 0.009964978 0.01992996 0.009964978 0.03807881 0.01174608 0.01305045 0.01900979 0.01838361 0.007862802 0.0359329 0.3120462 0.1539376
