EnvRasters/Baseline_High/sealed.asc
ncols         270
nrows         223
xllcorner     24099.479091542
yllcorner     21023.840179216
cellsize      1003.8986847201
NODATA_value  -9999
[rows 87 to 115 of 223, columns 201 to 267 of 270]
0 0 0 0.01992996 0.01621409 0.03955914 0.01092083 0.009009128 0 0.1320928 0 0 0.05806897 0.02833018 0.009964978 0.06643683 0.04433547 0.1335009 0.01593649 0.009964978 0.01982355 0.01943319 0 0.01992996 0 0 0 0 0 0.009964978 0 0.02989493 0.06207306 0.03460561 0.01175502 0.3740707 0.2909308 0.1297849 0.08031903 0.06297572 0.2369597 0.05302707 0.05393215 0.0136038 0.01254629 0.08972479 0.04696377 0.1992996 -9999 -9999 -9999 -9999 -9999 -9999 -9999 -9999 -9999 -9999 -9999 -9999 -9999 -9999 -9999 -9999 -9999 -9999 -9999
0 0.0247625 0.01992996 0 0 0.0536629 0.009964978 0.02989493 0 0.1846831 0.009964978 0.02553553 0.02618119 0.009964978 0.09108218 0.2136899 0.1944142 0.126647 0.01503027 0.07509027 0.05009015 0.07607669 0.03849713 0.009964978 0.03875897 0 0.008265482 0.01992996 0.009964978 0.07556831 0.01893887 0.009964978 0 0 0 0.009964978 0.07602464 0.04821011 0 0.1037986 0.07238837 0.05978987 0.2612647 0.02402322 0.03985991 0.1125762 0.1235408 0 0.002540186 -9999 -9999 -9999 -9999 -9999 -9999 -9999 -9999 -9999 -9999 -9999 -9999 -9999 -9999 -9999 -9999 -9999 -9999
0.01992996 0.01509741 0.01030208 0.01388228 0.009964978 0.04224173 0 0.0504253 0.002534951 0.181664 0.144965 0.00588057 0.1896401 0.009964978 0.06211251 0.222758 0.2046434 0.02255687 0.01023038 8.427482e-006 0.02989493 0 0.009964978 0.01648474 0.03444109 0.03702221 0.03159443 0.009964978 0.009964978 0.1985413 0.07565574 0.009964978 0 0 0 0 0.03432696 0.0605933 0.009964978 0 0 0.01992996 0.1495731 0.009964978 0.1595156 0.1903868 0.02989493 0 0.02735475 -9999 -9999 -9999 -9999 -9999 -9999 -9999 -9999 -9999 -9999 -9999 -9999 -9999 -9999 -9999 -9999 -9999 -9999
0.009964978 0 0.01992996 0.01567556 0 0.009964978 0.05978987 0.0312053 0.2154825 0.5274021 0.4060194 0.6035765 0.8138582 0.4320962 0.09852843 0.6258982 0.1448304 0.02405747 0.03009 0.04501031 0 0 0 0.009964978 0 0.02276766 0 0 0.04873813 0.07605789 0 0.009964978 0.01992996 0 0 0.0159291 0.08547576 0.01912653 0.01504428 0 0.009964978 0.02425456 0.02574688 0.186186 0.1098699 0.02335304 0.01992996 0.02279722 0 0.009964978 -9999 -9999 -9999 -9999 -9999 -9999 -9999 -9999 -9999 -9999 -9999 -9999 -9999 -9999 -9999 -9999 -9999
0.03985991 0.04475367 0.01470259 0.009964978 0 0.02241107 0.1565398 0.1508102 0.0237916 0.5560538 0.1173373 0.3326997 0.3246531 0.3829184 0.5235746 0.4587863 0.1226776 0.01551569 0 0.2285946 0.01992996 0.009679946 0.009964978 0.01992996 0 0.007726972 0.02050366 0.009964978 0.03747726 0.02482447 0.01992996 0.01673156 0.000180839 0 0.04982489 0.06459598 0.03329872 0.001491985 0.05321858 0.03985991 0 0.008297615 0.195072 0.05606731 0.09921164 0.1011725 0.01605541 0.02999341 0.03985991 0.002263085 0 -9999 -9999 -9999 -9999 -9999 -9999 -9999 -9999 -9999 -9999 -9999 -9999 -9999 -9999 -9999 -9999
0.1299271 0.4814695 0.2001134 0.01438468 0.08482117 0.1258806 0.4478744 0.1781917 0.2695072 0.4658434 0.1961064 0.06477996 0.1808398 0.2681118 0.5541265 0.5131004 0.3659888 0.04615944 0.009340852 0.07876341 0.01119888 0.0002850328 0 0 0 0.009964978 0.001664309 0.008216977 0.04753234 0.01248613 0 0.002942497 7.506379e-005 0.04982489 0.09964979 0 0.1452284 0.08528235 0.005250233 0.009964978 0 0.1170018 0.1401094 0.0166561 0.05877407 0.03018285 0.04982489 0.109053 0.07558064 0.03759683 0 -9999 -9999 -9999 -9999 -9999 -9999 -9999 -9999 -9999 -9999 -9999 -9999 -9999 -9999 -9999 -9999
0.01962102 0.08116411 0.3008526 0.5388705 0.1972074 0.3113674 0.6833914 0.606398 0.2451655 0.1749223 0.06600178 0.139954 0.1005104 0.5071968 0.5818214 0.2094762 0.01488514 0.3292212 0.07903021 0.03893887 0.03063258 0.0270642 0.002830736 0 0 0.009964978 0.009964978 0.01171298 0.05914382 0.01047529 0.009964978 0.009964978 0 0.02989493 0 0.009964978 0.02417627 0.1441455 0.1538396 0.0706088 0.04750949 0.04242994 0.02704993 0.009964978 0 0.009964978 0.04982489 0.08186749 0.1219396 0.06214581 0.0358116 0.004048313 -9999 -9999 -9999 -9999 -9999 -9999 -9999 -9999 -9999 -9999 -9999 -9999 -9999 -9999 -9999
0.2049334 0.2069506 0.2507342 0.6160154 0.4749225 0.3509428 0.3000908 0.04742758 0.1663829 0.03720751 0.1286414 0.3992017 0.1992889 0.5321234 0.5045537 0.06439005 0.06668805 0.1165379 0.3864153 0.1149302 0.009870891 0 0.02989493 0.009964978 0.05468855 0.0794341 0.00894214 0.02095279 0.002005892 0.08710106 0.06015391 0.04982489 0 0.01655722 0 0.03140284 0.0881769 0.4195406 0.2053376 0.1271737 0.1190318 0.009964978 0.003820365 0.05017653 0 0 0.009964978 0.06975485 0.01715763 0.007609038 0 0.009964978 0.01992996 -9999 -9999 -9999 -9999 -9999 -9999 -9999 -9999 -9999 -9999 -9999 -9999 -9999 -9999
0.09224485 0.2997911 0.4617344 0.6831655 0.4044214 0.5074693 0.5550932 0.1969281 0.3402318 0.3513958 0.3352433 0.4646537 0.5739071 0.5367053 0.08345652 0.01841016 0.02503771 0.02373582 0.07164276 0.2631347 0.05039684 0.01260558 0 0 0.1257907 0.579426 0.2892855 0.1956184 0.0801781 0.03223515 0.02030106 0.09215832 0.1506862 0.1131743 0.09562987 0.1617464 0.1835816 0.1795674 0.2250508 0.4751257 0.1585454 0.008379633 0.07655764 0.03582574 0 0 0.01332462 0 0 0 0 0.006637377 0.01329258 -9999 -9999 -9999 -9999 -9999 -9999 -9999 -9999 -9999 -9999 -9999 -9999 -9999 -9999
0.6098069 0.6268934 0.2591447 0.1074869 0.1035021 0.1796699 0.4384319 0.5413981 0.5169751 0.6514568 0.3826544 0.2662891 0.2897804 0.09580907 0.06805851 0.02989493 0.1072394 0.004455621 0.02989493 0.04571756 0.1799511 0.1171872 0.1321967 0.08753995 0.1598164 0.09296667 0.1867006 0.4073516 0.1690303 0.1799024 0.3072664 0.1740079 0.01891068 0.0170979 0.002904507 0.06603257 0.01643075 0.007606237 0 0.2408511 0.5122159 0.1442901 0.1306658 0.01006345 0.01481038 0.005119576 0.04646525 0.01992996 0 0 0 0 0 0 0.009964978 0 -9999 -9999 -9999 -9999 -9999 -9999 -9999 -9999 -9999 -9999 -9999
0.5921946 0.06406663 0.2701159 0.1577103 0.07216916 0.2423625 0.2541043 0.1371891 0.3757408 0.4437684 0.3696762 0.1875106 0.3548492 0.07481649 0.08581148 0.009964978 0.02657791 0.06237345 0.04207859 0.06317206 0.4045359 0.2265982 0.2529008 0.09932034 0.1801028 0.1519058 0.163034 0.06552051 0.2727253 0.02923993 0.2059868 0.1880473 0 0.02323586 0.08502215 0.2865897 0.02354008 0.08848985 0.04687556 0.01638531 0.07215011 0.283634 0.2212027 0.03559505 0.1035447 0 0.01992996 0 0 0 0 0 0 0 0 0 0.009964978 0 0 -9999 -9999 -9999 -9999 -9999 -9999 -9999 -9999
0.1449359 0.01737947 0.2686406 0.3987907 0.2442082 0.2299786 0.1265064 0.1033943 0.2558756 0.4737971 0.4203625 0.229365 0.1981607 0.103393 0.1308353 0.09565965 0.02978522 0.08545571 0.1341529 0.0813425 0.01621019 0.07193479 0.1508211 0.03945747 0.0007351388 0.02989493 0.009826959 0.4685522 0.2867333 0.1215083 0 0 0.001792037 0.008172941 0.03570205 0.2097613 0.003858028 0.01410927 0 0.02989493 0.004278698 0.3362974 0.2652338 0.06479938 0.02630436 0.149805 0.004320791 0 0 0 0 0 0 0 0 0 0.02989493 0 0 -9999 -9999 -9999 -9999 -9999 -9999 -9999 -9999
0.07817007 0.04032765 0.2131539 0.5514097 0.7130796 0.5548488 0.7071253 0.7681179 0.6342373 0.4930461 0.1405647 0.2364007 0.4001415 0.2886043 0.0417884 0.04982489 0.07838428 0.04762456 0.01318295 0.05849805 0.04824296 0.001368125 0.009964978 0.01992996 0.01992996 0.009991066 0.02109266 0 0.2601958 0.200605 0.1788718 0.2620929 0.1959229 0.07815731 0.009964978 0.01303433 0.02023428 0.1578908 0.01569073 0 0 0 0.03985991 0 0 0.01617641 0.04982489 0.009964978 0 0 0 0 0 0 0 0 0 -9999 -9999 -9999 -9999 -9999 -9999 -9999 -9999 -9999 -9999
0.2196063 0.4257323 0.697151 0.3382706 0.3187178 0.1772258 0.2142498 0.6453085 0.6178703 0.2375864 0.2068953 0.2675062 0.1070031 0.1440449 0.04111486 0.03985991 0.009964978 0 0.2780018 0.02989493 0 0.01982316 0 0 0.02931949 0 0 0.03837362 0.413578 0.5007227 0.5030079 0.2315426 0.1860371 0 0.02989493 0 0.002361826 0.09756298 0.04836774 0.03025131 0.02040054 0 0.01992996 0 0 0 0 0.009964978 0.01300463 0 0 0 0 0 0 0 0.009964978 -9999 -9999 -9999 -9999 -9999 -9999 -9999 -9999 -9999 -9999
0.4198439 0.329555 0.2298363 0.1666237 0.2034613 0.101223 0.2711029 0.6472424 0.2617058 0.1162408 0.1974815 0.06607419 0.1222483 0.1284009 0.1900914 0.04169008 0.03223115 0.01207928 0 0 0.009964978 0.02989493 0.03985991 0 0.03047039 0.01992996 0.03763079 0.2387684 0.5371336 0.4038189 0.1048035 0.07997069 0.05243022 0 0 0 0.02945881 0.07805609 0 0 0.004869423 0 0 0 0 0 0 0 0.0168903 0.01799756 0.004602098 0 0 0 0 0 -9999 -9999 -9999 -9999 -9999 -9999 -9999 -9999 -9999 -9999 -9999
0.03138094 0.02989493 0 0.1594397 0.1337089 0.04090689 0.009964978 0.1311328 0.1761565 0.103046 0.1045183 0.2390039 0.02732709 0 0.03985991 0.1492862 0.2593381 0.08146979 0 0.009075948 0.02033838 0.07129573 0.04982701 0 0.009964978 0.03985991 0.07198398 0.1069248 0.1134594 0.2352708 0.08779715 0.03737533 0.009964978 0 0 0 0 0.009964978 0 0.009964978 0 0 0.01478905 0 0 0 0 0 0 0 0.02722524 0.009964978 0 0 0 -9999 -9999 -9999 -9999 -9999 -9999 -9999 -9999 -9999 -9999 -9999 -9999
0.009964978 0.005497321 0 0 0.0246492 0.0174844 0.02200854 0.2076343 0.05138304 0.04326116 0.1927941 0.2527412 0.08424473 0.04762238 0.05196511 0 0.009964978 0.01861444 0.1391412 0.05150896 0.0893083 0.08885079 0.08066849 0.05945399 0.06908826 0.2318294 0.1701615 0.06685199 0 0.119693 0.02989493 0 0.01992996 0.009964978 0.009964978 0.02659612 0 0.009964978 0.009964978 0 0 0 0.01982024 0 0 0 0 0 0 0 0 0 0 -9999 -9999 -9999 -9999 -9999 -9999 -9999 -9999 -9999 -9999 -9999 -9999 -9999 -9999
0.002256062 0.007911488 0 0 0 0.02728673 0.04254058 0.07192615 0.009964978 0.1129985 0.02673978 0.1877473 0.1601004 0.1543273 0.07448117 0.04221766 0.01992996 0 0 0.01992996 0 0.01056478 0 0.0002019503 0.001153084 0.02257027 0.1165868 0 0 0.2818594 0.007420381 0.05318633 0.05005115 0.006377281 0 0.003298815 0.02463087 0.06505394 0.01992996 0.009964978 0 0 0.00525062 0.009964978 0 0 0 0 0 0 0 0 0 -9999 -9999 -9999 -9999 -9999 -9999 -9999 -9999 -9999 -9999 -9999 -9999 -9999 -9999
0.04148208 0.01840627 0 0.03496463 0.03475644 0.04540018 0.01992996 0.02393267 0.006457029 0.04671944 0.08931538 0.01305685 0.01992996 0.05670903 0.2383022 0.1578426 0.02338116 0.03985991 0.01959539 0.0003345625 0 0.08952242 0 0.009964978 0.02989493 0.02096599 0.05553289 0.009964978 0.02766571 0.1099388 0.1148181 0.003569636 0.03629028 0 0.01703629 0 0.03985991 0.01622954 0.009964978 0.01992996 0 0 0 0 0 0 0 0 0 0 0 0 0 -9999 -9999 -9999 -9999 -9999 -9999 -9999 -9999 -9999 -9999 -9999 -9999 -9999 -9999
0.08277304 0.1362687 0.1010525 0.09994993 0.02465919 0.06975485 0.01992996 0.01592725 0.003945041 0.07680247 0.05634133 0.006873112 0 0 0.01780098 0.2000887 0.05281002 0.08055895 0 0.01019498 0.0209539 0.1707464 0.009964978 0 0.01992996 0.01995036 0.1312146 0 0 0 0.1628295 0.07629838 0.02403814 0.005856799 0.05271856 0 0 0.003700416 0 0 0 0.009964978 0.003495388 0.02123616 0 0 0 0 0 0 0 0 0 0.01992996 -9999 -9999 -9999 -9999 -9999 -9999 -9999 -9999 -9999 -9999 -9999 -9999 -9999
0 0.004354397 0.03866518 0.0652047 0.004431029 0.02989493 0.009964978 0.01992996 0.1606448 0.149312 0.0326041 0 0 0.009964978 0 0.09982634 0 0 0.01998576 0.05973407 0.1211877 0.1466188 0.008944152 0 0 0.01065222 0.1916457 0.02654699 0.002775067 0.03561126 0.06049105 0.1522822 0.07139045 0.1974439 0.08407996 0 0 0.003698935 0.00245029 0 0 0 0.003760154 0.00140323 0 0 0 0 0 0 0 0 0 0 -9999 -9999 -9999 -9999 -9999 -9999 -9999 -9999 -9999 -9999 -9999 -9999 -9999
0.005466167 0.02989493 0.009964978 0.004880499 0.0548517 0 0.01992996 0.004141993 0.01336741 0.05865575 0.01992996 0.01309203 0 0 0.009964978 0.2139465 0.1844128 0 0.05649157 0.09397314 0.06774963 0 0 0 0 0 0.01381635 0.02792375 0.01044512 0.0009934439 0 0.08239377 0.05286204 0.08056506 0.1194988 0.1411447 0.009964978 0.01226019 0.001520539 0 0 0 0 0 0.009964978 0 0 0 0.01992996 0 0 0 0 0.01992996 0.01992996 -9999 -9999 -9999 -9999 -9999 -9999 -9999 -9999 -9999 -9999 -9999 -9999
0 0 0 0.0403537 0.004938167 0 0.009964978 0.005822985 0.03739293 0.05764727 0.145028 0.006837924 0.01873233 0.03109257 0 0.04956627 0.09811471 0.2443135 0.174896 0.1040761 0.001158909 0.01877105 0 0.009964978 0 0 0.03189546 0.04782437 0 0 0 0.02360266 0.02902775 0.004998005 0.03993237 0.1243877 0.04188695 0.009964978 0.009964978 0 0 0 0 0 0.01695152 0.05280333 0 0 0.009758128 0.01352524 0 0 0.002338471 0.09086947 0.008780316 0 -9999 0 0 0 -9999 -9999 -9999 -9999 -9999 -9999 -9999
0.009964978 0 0.02106311 0.01943617 0.02989493 0 0.009964978 0 0.03947308 0.2523622 0.1168699 0.04626488 0.01302874 0.009964978 0.02229107 0.1395097 0.1494747 0.1164964 0.1106064 0.01992996 0.0122879 0.008571853 0 0.009964978 0.01966264 0 0 0.06873284 0.009964978 0.009964978 0.008188267 0.08356968 0.0637323 0.04739758 0.02563008 0.03329553 0.09376626 0.01640963 0.01992996 0.009964978 0 0 0 0.01992996 0 0 0 0 0.0300264 0.02641006 0 0.01362854 0.08749451 0.008824402 0 0.009964978 0 0 0 0 0 0.009964978 0 -9999 -9999 -9999 -9999
0.01457235 0 0.05865672 0.02655692 0.03028021 0.003085739 0 0.007714147 0.008137106 0.01992996 0.05990842 0.07323533 0.006901213 0.01992996 0.02753382 0.01992996 0.02989493 0.009964978 0.1079671 0.04226434 0.0488951 0 0 0.04982489 0.02019727 0 0 0.02994136 0.008833249 0.1416467 0.2125739 0.1425449 0.1117969 0.01239229 0.0286876 0.05012922 0.0934259 0.02996739 0.01992996 0.01598763 0 0 0 0 0 0 0.01992996 0.01992996 0.06002543 0.0196944 0.002951808 0.03009751 0.01992996 0 0 0 0 0 0 0 0 0 0 0 0 -9999 -9999
0.009964978 0 0 0 0.07996883 0.01748686 0.01240808 0 0.03732216 0.0006036055 0.1325346 0.01992996 0.01580067 0.05987707 0.009964978 0.009964978 0.03985991 0.01992996 0.05272502 0.216807 0 0 0.009964978 0.03285164 0.04006014 0.04979862 0.04628555 0.07183759 0.2105365 0.1931627 0.07825094 0.039755 0.0708949 0.3188017 0.01685053 0 0.07961011 0.05327277 0.06725943 0.03827164 0 0 0 0.009964978 0 0 0 0.08140402 0.01992996 0.009964978 0.05005349 0.007091243 0.009964978 0 0 0 0 0 0 0 0 0 0 0 -9999 -9999 -9999
0 0.009964978 0.009964978 0.01538007 0.009582982 0.0501456 0.06912827 0.009964978 0.01099863 0.07734504 0.1362445 0.07085052 0.09406637 0.03009453 0.09964979 0.07577381 0.06640512 0.0961924 0.2397382 0.2263312 0.02786927 0.02989493 0 0.006225704 0.01370425 0.03030361 0.01992996 0.001345811 0.01935154 0.01992996 0.03985991 0 0.06753641 0.3490726 0.01140584 0 0.06011327 0.2445059 0.09605819 0.008026021 0 0 0 0.009964978 0 0.009964978 0 0.06211324 0.04058993 0.06795286 0.09405607 0.00233695 0.07216812 0.2269457 0.002081773 0.01992996 0.001509244 0 0 0 0 0.009964978 7.791985e-005 0 -9999 -9999 -9999
0.009964978 0 0 0.004549882 0.03985991 0.0249743 0.00990731 0 0 0.07264957 0.06337998 0.009964978 0.01992996 0.01274602 0 0.03626603 0.2025116 0.03776952 0.002334621 0.1261875 0.05978987 0.03069815 0 0.009964978 0.0100135 0 0.00946699 0 0.03995839 0 0 0.01992996 0 0.001587171 0.02083901 0.009964978 0.05092742 0.01265267 0.0888509 0.08392353 0 0 0 0.03985991 0.02989493 0.01992996 0.009964978 0.0159224 0.01992996 0.05645894 0.03671115 0.0511643 0.07655212 0.3082412 0.09756801 0.04316263 0.1048028 0.009964978 0 0 0 0 0.009887058 0 0 0 -9999
0 0 0 0 0 0.01992996 0.01524916 0 0.01902441 0.1663727 0.01406775 0 0 0.007183934 0.01992996 0.0211547 0.06769376 0.02675666 0.08720213 0.02248508 0.01992996 0.07891662 0 0 0.009916462 0.009964978 0.02042795 0 0.03093943 0 0 0.05978987 0 0.009964978 0 0 0.1241301 0.0290342 0.01992996 0.1645373 0.0285687 0 0.01948461 0.03014721 0.05001796 0.009964978 0 0 0.08968481 0.009964978 0.06975485 0.009964978 0 0.03245993 0.01992996 0.06975485 0.02989493 0 0 0 0 0.009964978 0 0 0 0 0
