EnvRasters/Baseline_High/sugarbeet.asc
ncols         270
nrows         223
xllcorner     24099.479091542
yllcorner     21023.840179216
cellsize      1003.8986847201
NODATA_value  -9999
[rows 99 to 131 of 223, columns 152 to 227 of 270]
0.112388 0.1201173 0.1479463 0.1207624 0.1488115 0.1498577 0.1125705 0.1424177 0.1309878 0.0644551 0.04073345 0.01160196 0.07037381 0.1378021 0.160609 0.1588634 0.1864486 0.133617 0.06110487 0.0693711 0.1613207 0.09205967 0.1321448 0.1545871 0.1585199 0.126607 0.09714883 0.1728939 0.1075669 0.109057 0.01605342 0.01089858 0.1144384 0.02399707 0.05658791 0.0891813 0.07607134 0.09144565 0.1620434 0.08618228 0.004088703 0.09649907 0.09968206 0.07122576 0.03235799 0.03749156 0.02001433 0.003687075 0.02262408 0 0 0 0 0 0 0 0 0 0 0 0 0 0 0 0 0 0.0001053434 0.0009738068 0 0 0 0 0 0 0 0
0.1180807 0.1197304 0.08274608 0.1670336 0.1961571 0.08266979 0.09665617 0.07222377 0.1235552 0.06927921 0.1086964 0.008370816 0.05822202 0.07577533 0.1332022 0.1788765 0.08536319 0.04820707 0.0981316 0.09234633 0.1251906 0.08890033 0.1469159 0.1084883 0.1211417 0.1774799 0.1575813 0.1672699 0.1803557 0.1356525 0.02582453 0.07853946 0.002662221 0.06477326 0.01683869 0.04484821 0.1327397 0.1704165 0.1046433 0.01226207 0.08574597 0.1118409 0.1066568 0.004635464 0.04154345 0 0 0.01098052 0.04373351 0 0 0 0 0 0 0 0 0 0 0 0 0 0 0 0 0 0 0 0 0 0 0 0 0 0 0
0.1305358 0.1205151 0.01107081 0.1088378 0.1507633 0.07734001 0.1620441 0.09763747 0.05905168 0.08867224 0.1413605 0.01772861 0.1537762 0.1196782 0.03274564 0.04820287 0.09455175 0.1275831 0.07363427 0.1932431 0.1273189 0.09094601 0.154109 0.1542667 0.09555218 0.1321508 0.07446961 0.1081736 0.1213694 0.1092065 0.0399039 0.005288798 0.02090526 0.1189194 0.05663325 0.08727307 0.03821618 0.1166145 0.07225432 0.08672678 0.08181361 0.1424831 0.08943275 0.02994187 0.06656976 0.06460484 0 0 0 0 0 0 0 0 0 0 0 0 0 0 0 0 0 0 0 0 0 0 0 0 0 0 0 0 0 0
0.1155223 0.005407134 0.08422843 0.1178187 0.1202726 0.0680391 0.1219204 0.09430189 0.0533649 0.126076 0.1196244 0.1182569 0.1183095 0.1234952 0.08285033 0.08759422 0.06012208 0.0554797 0.06008484 0.1031554 0.1102821 0.06534238 0.02979736 0.04307359 0.02877929 0.06794977 0.002798365 0.0451893 0.008841127 0.01655831 0 0.02841215 0.03126521 0.1037566 0.152154 0.08094965 0.007265531 0.05908207 0.1022865 0.007501015 0.01767817 0.05064476 0.062994 0 0 0 0 0 0 0 0 0 0 0 0 0 0 0 0 0 0 0 0 0 0 0 0 0 0 0 0 0 0 0 0 0
0.1237557 0.08770611 0.09489514 0.1478412 0.1029231 0.1547111 0.09806404 0.134018 0.06423657 0.1453688 0.05076856 0.06547012 0.09524194 0.1278323 0.123087 0.1117018 0.1051187 0.08081956 0.02563575 0.1068586 0.1578715 0.1152071 0.100399 0.1137281 0.06845895 0.06271307 0.0824076 0.05074531 0.03844752 0.005485938 0.05645338 0.09801862 0.02380974 0.1998984 0.1368013 0.05809783 0.01276638 0.1189607 0.06339531 0.02418417 0.04398459 0.03153256 0.02808044 3.102164e-005 0 0 0 0 0.004184106 0.0299354 0.0217551 0 0 0 0 0 0 0 0 0 0 0 0 0 0 0 0 0 0 0 0 0 0 0 0 0
0.1293964 0.1242673 0.1313821 0.1617746 0.1362623 0.1309051 0.1342182 0.05729642 0.1269169 0.1182044 0.1704043 0.04800818 0.1080006 0.1575265 0.06751863 0.04846829 0.1428545 0.07601919 0.08873859 0.07390666 0.07770841 0.1630583 0.1496201 0.1686628 0.1424002 0.1258078 0.09598693 0.1423092 0.1604083 0.04542273 0.01135547 0.03230399 0.02792565 0.02372572 0.003165242 0 0.01626597 0.0005593388 0.02436572 0.002680454 0.001433208 0 0.01164706 0 0 0 0.0002580156 0.03208772 0.05992586 0.07029513 0.01097742 0 0 0 0 0 0 0 0 0 0 0 0 0 0 0 0 0 0 0 0 0 0 0 0 0
0.07004542 0.09781881 0.1543622 0.1081777 0.06390943 0.06916387 0.1620768 0.1124784 0.1048182 0.149631 0.1689072 0.04310066 0.1128385 0.1015597 0.1102636 0.1048725 0.01932331 0.1150072 0.08480255 0.08209939 0.07551605 0.08119713 0.08434173 0.1335627 0.1071486 0.09860363 0.1618361 0.1287599 0.08892742 0.04860291 0 0.004178219 0.01590534 0.04046936 0.01471447 0 0.01688447 0.02501002 0 0 0 0.01579658 0.01752522 0 0.0001842625 0.06732439 0.03110006 0.110508 0.09433139 0.04782096 0 0 0 0.007321425 0.01875622 0.04003794 0 0 0 0 0 0 0 0 0 0 0 0 0 0 0 0 0 0 0 0
0.1677725 0.1627652 0.08140961 0.06051657 0.1380004 0.1668929 0.1308572 0.101377 0.09695676 0.1481178 0.1326779 0.1278204 0.07496808 0.06590299 0.07066087 0.1136059 0.1062067 0.106377 0.121869 0.05492689 0.04430839 0.03223844 0.1076776 0.09168378 0.03879203 0.1178095 0.06845953 0.02111342 0.03030215 0.005042075 0.0761759 0.0005110237 0.05359229 0 0.04033145 0.0351098 0.02356706 0.01129658 0 0 0 0 0 0 0.0012039 0.1294598 0.1175378 0.08715878 0.09035101 0.02896685 0.0007988287 0 0.00173285 0.008587989 0.005038646 0 0 0 0 0 0 0 0 0 0 0 0 0 0 0 0 0 0 0 0 0
0.1305639 0.1506733 0.04076647 0.1106859 0.1497295 0.1858894 0.1492349 0.1186929 0.07024616 0.07446394 0.1126655 0.05344045 0.02787087 0.08530331 0.09256712 0.03341025 0.04824495 0.03469064 0.07004462 0.1278563 0.08883549 0.1119242 0.1420067 0.102959 0.1295176 0.2177119 0.04689624 0.1271718 0.06625105 0.1471512 0.1602368 0.08901658 0 0 0.01269846 0.008764185 0 0 0 0 0 0 0 3.00894e-005 0.005807657 0.01628117 0.02222958 0.0452251 0.0472115 0.001997877 0.009383322 0 0 0 0 0 0 0 0 0 0 0 0 0 0 0 0 0 0 0 0 0 0 0 0 0
0.09533066 0.1268366 0.08857287 0.120672 0.1450411 0.1458569 0.1151208 0.1210799 0.1225129 0.08921602 0.137573 0.05188013 0.1239257 0.07963952 0.05125413 0.07808926 0.08966673 0.06095751 0.03452251 0.07224957 0.0617657 0.09405041 0.09847455 0.1216586 0.1794438 0.143479 0.01877414 0.006796933 0.04272339 0.06965446 0.07021888 0.007744958 0 0.0009677629 0 0 0 0 0 0 0 0 0.01315979 0.06677949 0.06736596 0.09006549 0.09689677 0.04248514 0.06563699 0.07100685 0.01902752 0 0 0 0 0 0 0 0 0 0 0 0 0 0 0 0 0 0 0 0 0 0 0 0 0
0.1077451 0.1623041 0.05198579 0.1684327 0.1143812 0.11575 0.06459843 0.1104931 0.1213385 0.06116298 0.07431478 0.05629599 0.1403774 0.03130482 0.0819237 0.05109928 0.05725442 0.06124253 0.06597477 0.1170195 0.02209073 0.02490272 0.03138313 0.05996393 0.1196936 0.04695336 0.02799335 0 0.02272475 0.006489163 0 0 0 0 0 0 0 0 0 0 0.005289745 0 0.0128488 0.02335933 0.05320101 0.03726254 0.06182823 0.06141778 0.01746544 0 0.004077764 0.005092983 0 0 0 0 0 0 0 0 0 0 0 0 0 0 0 0 0 0 0 0 0 0 0 0
0.08410023 0.143183 0.0525553 0.07071663 0.07796707 0.08321335 0.07523271 0.1615575 0.09401095 0.0977943 0.09909231 0.06206757 0.118028 0.0138879 0.0013766 0.01846021 0.04498953 0.02763498 0.1495382 0.01346772 0.0007686968 0.02911915 0.1268296 0.06109478 0.004518047 0.001634796 0 0 0 0.00575224 0.02732888 0 0 0 0 0 0.004829617 0.008430179 0.007592093 0.02002432 0.02400438 0 0.001938203 0.0003444253 0 0.02088084 0 0.0071213 0.02060133 0.02421826 0.02040061 0.009656115 0 0 0 0 0 0 0 0 0 0.005818239 0.0005272663 0 0 0 0 0 0 0 0 0 0 0 0 0
0.1197844 0.0909624 0.1002503 0.02885534 0.0008396883 0.01412161 0.01404296 0.0832032 0.052449 0.03823438 0.08296207 0.03925973 0.02006312 0.006113375 0.01486566 0.04625009 0.005654056 0.0001032978 0.05168585 0.001638794 0.008359093 0.009180374 0.07011274 0.02258957 0 0 0 0 0 0 0 0 0.0138498 0.009141189 0 1.381841e-005 0.054088 0.05565431 0.00315845 0.05101552 0.037225 0.01848596 0.02741904 0.0005048178 0.03852831 0.09219117 0.01585121 0.04571719 0.04878102 0.0004429178 0 0 0 0.01474175 0.01536262 0.004053475 0 0 0 0 0 0 0 0 0 0 0 0 0 0 0 0 0 0 0 0
0.1245353 0.09204074 0.09677635 0.04879063 0.01207943 0.002148815 0.08541067 0.02231059 0.03620491 0.009969627 0.00835854 0.09540209 0.008983786 0.01005092 0.002378907 0.01876947 0.02226051 0.0001157772 0.01913373 0 0 0 0 0 0 0 0 0 0 0 0.02360126 0.01323342 0.0361978 0.00972811 0 0 0.02435519 0.004072731 0 0.01616679 0.004007023 0.02413787 0.06658498 0 0.03488247 0.05493909 0.006821231 0.09556897 0 0.003773176 0.000888348 0 0 0 0.02163375 0 0 0 0 0 0 0 0 0 0 0 0 0 0 0 0 0 0 0 0 0
0.03330196 0.01771796 0.04061929 0.1065328 0.05719712 0.007414827 0.02056107 0.007478335 0.1107519 0.001067051 0.08424709 0.0284099 0.02127917 0 0 0.008806387 0.02565953 0.07047556 0.05331995 0 0.004779001 0.006338786 0.00600238 0.0001799659 0 0 0 0.01160946 0 0.006668582 0.02443076 0.1104272 0.08403771 0.02673798 0.01637586 0 0 0 0 0.0830052 0.185204 0.08364188 0.08105856 0.0313888 0.0140614 0.03939696 0.02473701 0.02146065 0.003130889 0.006011511 0.01317448 0 0.00871923 3.495314e-007 0 0 0 0 0 0 0 0 0 0 0 0 0 0 0 0 0 0 0 0 0 0
0.02660141 0.1375234 0.09449801 0.1016842 0.001070111 0.0148291 0 0 0.007079259 0 0.02238487 0.02828242 0 0 0.02187985 0.04062369 0.003740488 0.03318996 0.000157238 0 0.0322074 0.06395427 0.1105482 0.01749972 0 0 0 0.02752429 0.04405364 0.06819496 0.04436793 0.08641106 0.05586094 0.01937067 0.04074823 0.01298863 0 5.470229e-006 0.001567751 0.05280267 0.09627968 0.1018949 0.09276154 0.02640351 0.02658482 0.00562124 0.07076813 0.05449107 0.02151823 0.06380409 0.0231605 0 0.01591885 0.01220102 0 0 0 0 0 0 0 0 0 0 0 0 0 0 0 0 0 0 0 0 0 0
0.01497149 0.004474235 0.005479168 0.02011399 0.03637324 0.003155849 0 0 0 0 0 0 0 0.04915999 0.141454 0.08470625 0.008938899 0 0.01878094 0.00790682 0.1130909 0.0845137 0.1136195 0.02025957 0 0 0 0.0382392 0.02393211 0.03201041 0.02357342 0.09959868 0.02343844 0.006145781 0.006724364 0.008835118 0.03927017 0.01481715 0.0007007491 0.007415937 0.01280123 0.02811778 0.09962283 0.05423843 0.07215513 0.1331872 0.07089668 0.01543826 0.05684028 0.03286808 0.03616579 0.005978399 0 0 0 0 0 0 0 0 0 0 0 0 0 0.0001168995 0 0 0 0 0 0 0 0 0 0
0.04255386 0.01071282 0.01149865 0 0 0 0 0 0 0 0 0 0 0.04362918 0.0531094 0.06653289 0.06318777 0.005917456 0.006609527 0.02654622 0.05323983 0.06574082 0.006893601 0.0007052665 0.004759709 0 0.004947859 0.02575909 0.007171895 0.01001335 0.006673011 0.02607793 0.0346574 0.03915481 0.02745568 0.02131278 0.000566079 0 0 0.01510756 0.001134894 0.01660643 0.07162713 0.08157384 0.0735781 0.05956812 0.01542078 0.03487422 0.01074178 0.03565362 0.003769374 0.01365695 0 0 0 0 0 0 0 0 0 0 0 0 0 0.006135195 0 0 0 0 0 0 0 0 0 0
0.01311773 0.001118377 0.007280857 0 0 0 0 0 0 0 0 0.01036448 4.9105e-005 0.04222677 0.03371496 0.05393065 0.0157876 0.01570296 0.0008663405 0.001270588 0 0 0.005100576 0.06034598 0.01380612 0 0.01584483 0.02632826 0 0.004504052 0.005160696 0.005415946 0.001322187 0.01842275 0.006413004 0.01212703 0.001646654 0 0 0.04355585 0.001472238 0.06608196 0.02896173 0.01438677 0.08012135 0.04416993 0.0535334 0.02907391 0.1055051 0.03936255 0 0 0.01290566 0.00893938 0 0 0 0 0 0 0 0 0 0 0 0 0 0 0 0 0 0 0 0 0 0
0.04233953 0 0 0 0.01930021 0.009006979 0.01913016 0.0001412955 0 0 0 0.0009614587 0 0.02482431 0.02939278 0.1000936 0.101798 0.04098051 0.05263164 0.04731328 0 0 0 0.00919167 0.0140242 0.02541984 1.395585e-005 0.001350727 0 0.0171077 0.0273171 0.007790006 0.02256169 0.004759562 0.03051499 0.01331328 0.02536022 0.02074009 0 0 0.01770967 0.01169886 0.04803456 0.1248113 0.02086982 0.02266652 0.01982744 0.06408402 0.0536252 0.04215075 0.02134414 0.01942617 0.01035026 0.004408093 0.0001292368 0 0 0 0 0 0 0 0 0 0 0 0 0 0 0 0 0 0 0 0 0
0.0150177 0.07856297 0.140704 0 0.005567688 0.02492527 0.009574531 0.009047952 0 0 0.004654974 0.09602027 0.04055695 0.04334725 0.06163745 0.03486067 2.182902e-005 0 0 0 0 0 0.00222015 0.01439428 0.03317226 0.03909644 0.03149561 0.1253882 0.02206548 0.0001137616 0.03622082 0.0256756 0.03015096 0.02338603 0 0.06127406 0.08784965 0.04989664 0.02362118 0.04936232 0.0541959 0.01917192 0.1034933 0.03122401 0.01735271 0.02816147 0.01562817 0.005927324 0.013225 0.0686855 0.002612 0.0100823 0.002948479 0.004429088 0 0 0 0 0 0 0 0 0 0 0 0 0 0 0 0 0 0 0 0 0 0
0 0.0001821656 0 0 0 0 0 0 0 0 0.0317014 0.02741346 0.009754535 0.001766245 0 0 0.006635239 0 0.01277201 7.323474e-006 0 0 0.008512344 0.03094181 0.03053993 0.05429862 0.09916241 0.1387179 0.08435453 0.06421538 0.02170279 0.01795167 0.04489716 0.03579242 0 0.0002501139 0.008423402 0.07474519 0.07590169 6.845051e-005 0.07655223 0.06041196 0.1052422 0.05064273 0.01779213 0.0703062 0 0 0 0.004705735 0 0 0 0 0 0 0.003214889 0 0 0 0 0 0 0 0 0 0 0 0 0 0 0 0 0 0 0
0.02418373 0 0 0 0.003899607 0 0 0 0 0 0 0 0 0 0.01943817 0.00505454 0 0 2.118442e-005 0 0 0 0 0 0.04934738 0.1423483 0.09868427 0.08950107 0.01354519 0.00538191 0.002748697 0.05852572 0.0002807669 0 0 0 0.05654331 0.07513634 0.005270054 0.02852547 0.01791925 0.02903594 0.05671114 0.01246142 0.03409693 0.03960757 0 0.02976822 0.003542287 0 0 0 0 0 0 0 0 0 0 0 0 0 0 0 0 0 0 0 0 0 0 0 0 0 0 0
0.0007861891 0 0 0 0.03284006 0 0.005641438 0.001712853 0 0 0 0 0 0 0 0.001524307 0 0 0 0 0 0 0.03270156 0.02220807 0.0579191 0.07738216 0.05500093 0.05803207 0.0272505 0 0.01572296 0.02614721 0.001027971 0 0 0 0.0006186002 0.02532765 0 0.021092 0.0331211 0.04752307 0.001510998 0.01203197 0.04834932 0 0 0.006812277 0.003985988 0 0 0 0 0 0 0 0 0 0 0 0 0 0 0 0 0 0 0 0 0 0 0 0 0 0 0
0.01983987 0.004038288 0.000110541 0.006195082 0.009338619 0 0.01534446 0.002793483 0 0 0 0 0 0.00766817 0.01933522 0 0 0.005523143 0 0 0.03214245 0.006076665 0.01659536 0.04583101 0.0438084 0.003105115 0.06509471 0.007794586 0.03886061 0.01253683 0.006243235 0.0005570413 3.813902e-005 0.005320384 0.001539444 0 0.01633394 0.009338971 0.06039907 0.01541067 0.006101049 0.010522 0.04247741 0.04920449 0.01879785 0.03822116 0.01624365 0 0 0.0298411 0 0 0 0 0 0 0 0 0 0 0 0 0 0 0 0 0 0 0 0 0 0 0 0 0 0
0.08456762 0.04528971 0.04302885 0.006289717 0 0 0 0 0 0 0 0 0 0 0.008667491 2.550189e-007 0.02423458 0.01423971 0.0117883 0.06764466 0.07936392 0.004938309 0.001652278 0.04021749 0.01550101 0.002455006 0.03363105 0.008478223 0.01064001 0.01908539 0.01106949 0.00994828 0.009659287 0.008827393 0.0354497 0.0176876 0.03970353 0.04286541 0.03965079 0.01834427 0.01365684 0.04805848 0.007886222 0.006986948 0.02494052 0.03302294 0 0 0 0.01774139 0 0 0 0 0 0 0 0 0 0 0 0 0 0 0 0 0 0 0 0 0 0 0 0 0 0
0.04618491 0.03235165 0 0 0.02257055 0.03008381 0 0 0 0 0 0 0.04735365 0.09431501 0.06717067 0.04067916 0.04116594 0.07584536 0.05875038 0.01091385 0.008093738 0.02062225 0.02885012 0.07144045 0.05277934 0.02095037 0.007976602 0.00561156 0.02696846 0.129953 0.1594334 0.1044824 0 0.01296602 0.07907189 0.02030483 0.06146364 0.03555166 0.09268463 0.05070823 0.01436964 0.0006632061 0 0 0 0 0 0 0 0 0 0 0 0 0 0 0 0 0 0 0 0 0 0 0 0 0 0 0 0 0 0 0 0 0 0
0.05351808 0.05308399 0.02041209 0.003164139 0.01127789 0.07735047 0.005116981 0 0 0 0 0 0.0418987 0.09183733 0.02277075 0.09675163 0.0149403 0 0.01276676 0.06300709 0.03510855 0.02859818 0.005344694 0.03778052 0.0878576 0.1104322 0.03436589 0.02774579 0.1039923 0.02060862 0.04115044 0.06046843 0.0009473381 0.03404063 0.02002347 0.02669463 0.0624819 0.02944507 0.04207541 0.07032853 0.01344087 0 0 0 0.008292436 0.01440909 0 0 0 0 0 0 0 0 0 0 0 0 0 0 0 0 0 0 0 0 0 0 0 0 0 0 0 0 0 0
0.05833098 0.01829568 0.00432999 0 0 0 0 0 0 0.004353011 0.005241347 0.001146644 0.02915418 0.05485164 0.03097296 0.00178716 0.008151029 0.08357204 0.02178622 0.007420081 0.04136433 0.00717004 0 0.001527537 0.03442865 0.0285461 0.01277506 0.04675191 0.03428177 0.05314948 0.02255941 0.006292112 0.06359994 0.004083028 0 0.01473874 0.0335821 0.01337789 0 0.003874692 0.003980178 0 0 0 0 0 0 0 0 0 0 0 0 0 0 0 0 0 0 0 0 0 0 0 0 0 0 0 0 0 0 0 0 0 0 0
0.06222141 0.1292069 0.05490303 0 0 0 0 0 0 0 0 0 0 0 0.008297603 0 0 0 0.00841741 0.01920213 0.01550926 5.295978e-005 0 0.01996861 0.01704511 0.009433256 0.02283136 0.0197749 0 0.0125653 0.02874718 0 0.02334328 0.01580238 0.01260857 0.01712934 0.0787321 0.02217962 0.0183622 0.0003762793 0 0 0 0.00915396 0.000671719 0.00921121 0 0 0 0 0 0 0 0 0 0 0 0 0 0 0 0 0 0 0 0 0 0 0 0 0 0 0 0 0 0
0.04663196 7.812812e-005 0.002945865 0 0 0 0.01397204 0.04267274 0 0 0 0 0 0.05178135 0.0220571 0 0 0.0007840403 0.04259512 0.01661881 0.03840845 0.0006402215 0 0.07881665 0.0001606509 0.01837588 0.06327067 0.02266526 0.002536526 0.03919576 0.02446795 0 0 0.0382433 0.02637455 0.03627897 0.1000957 0.03105333 0.00414706 0 0 0 0 0 0 0 0 0 0 0 0 0 0 0 0 0 0 0 0 0 0 0 0 0 0 0 0 0 0 0 0 0 0 0 0 0
0.05868466 0.04809862 0.006454261 0.00059453 0.01003728 0 0.008847319 0.02964169 0.01254871 0 0 0 0.01270803 0 0 0 0 0 0.006656131 0.06234137 0.03462991 0.007351078 0.00278872 0 0 0.01840106 0.0481168 0.04120471 0.04072203 0.04871569 0 0 0 0.007773723 0.02080621 0.03108172 0 0.01100696 0 0 0 0 0 0 0 0 0 0 0 0 0 0 0 0 0 0 0 0 0 0 0 0 0.0002858288 0 0 0 0.01147395 0.001031518 0 0 0 0 0 0 0 0
0.04515408 0.06380513 0.08118234 0.09580795 0.005651181 0 0 0.005282867 0.01424632 0 0 0.01378318 0.004495151 0.009578047 0 0 0 0 0 0.01529692 0.01550029 0.02037049 0.05836357 0 0 0.02192136 0.007370123 0.004415382 0.06638386 0.1265005 0.005044193 0 0 0.04894095 0.08889161 0.03267726 0 0 0 0 0 0 0 0 0 0 0 0 0 0 0 0 0 0 0 0 0 0 0 0 0 0 0 0 0 0 0.002121272 0.002863889 0 0 0 0 0 0 0 0
