EnvRasters/Baseline_High/sugarbeet.asc
ncols         270
nrows         223
xllcorner     24099.479091542
yllcorner     21023.840179216
cellsize      1003.8986847201
NODATA_value  -9999
[rows 66 to 98 of 223, columns 152 to 227 of 270]
0.001323556 0 0.007564546 0.09000513 0.07331924 0.04055365 0.02783252 0 0.01554026 0.1064903 0.09139674 0.04722092 0.04015729 0.04201012 0.02910119 0.05345914 0.02463126 0.01656221 0.0236665 0.02962813 0.01298684 0.06262114 0.06677345 0.04765792 0.0476189 0.02121045 0.01532912 0.01384271 0.06107591 0.004681632 0.02343249 0.01226762 0.003070964 0.001500029 0.02011139 0.004861443 0.0002414873 0.003175297 0.004918491 0.00513578 0 0 0 0.002614415 0.0278215 0 0 0 0 0 0.001654805 0.008728145 0.00632087 0 0 0 0 0 0 0 0 0 0 0 0 0 0.02539675 0.01269615 0.0283917 -9999 -9999 -9999 -9999 -9999 -9999 -9999
0.02641299 0 0.03380264 0.09953957 0.05330813 0.02756483 0.05219559 0.03162618 0.03046556 0.03725711 0.02101656 0.01775657 0.07043669 0.008972814 0.03664871 0.06835347 0.0178811 0.01838696 0.04123116 0.05952332 0.03375911 0.006407015 0.002649278 0.02289209 0.02214829 0.02330298 0.004344628 0.02051977 0.002677823 0.001782643 0 0.01562531 0.02837577 0.01027116 0 0.004085879 0 0 0 0 0 0 0 0.01275313 0.04817902 0.003292995 0.0001793454 0 0 0 0 0 0.003432052 0 0 0 0 0 0 0 0 0 0 0 0 0 0 -9999 -9999 -9999 -9999 -9999 -9999 -9999 -9999 -9999
0 0 0.0188439 0.05579624 0.07947413 0.01577285 0.04793482 0.04795453 0.09139973 0.04420979 0.03609417 0.03883494 0.01604907 0.05543325 0.05306341 0.01986414 0.04997188 0.01336038 0.02506953 0.03426719 0.03793877 0.03379871 0.01426467 0.04316829 0.01190901 0.03409762 0.01594512 0.02235795 0.01058786 0.02111735 0.01359342 0.003095044 0.01505759 0.009567788 0.001884154 0.01513678 0.002184822 8.669033e-006 0.0004942039 0 0 0 0.006021718 0.002974951 0 0.003433503 0.001419009 0.0147087 0.004850228 0.008781294 0 0 0.001796417 0 0 0 0 0 0 0 0 0 0.0002933022 0 0 0.02872 0 -9999 -9999 -9999 -9999 -9999 -9999 -9999 -9999 -9999
0.0384951 0.003792781 0.02789732 0.06422523 0.0726559 0.0443481 0.03794348 0.02166499 0.1048827 0.09944107 0.07313812 0.02186377 0.02296122 0.05018801 0.006649512 0.0242993 0.06845547 0.0293602 0.03061497 0.0102312 0.01812754 0.01823544 0.04033644 0.01690167 0.01849494 0.008880835 0.005757042 0.008583087 0.02819361 0.002800765 0.009952566 0.02278344 0.02249871 0.0008101226 0.006819671 0.008824541 0.0008078702 0.0103254 0.004523715 0 0.001531622 0.008617829 0.003039009 0 0 0.001379409 0.004625925 0.002965968 0.01850949 0.05210423 0.01793336 0.01535033 0.003079849 0 0 0 0 0 0 0 0.0006510151 0.02272436 0.0216896 0.02894816 0.007321374 0.0004084536 -9999 -9999 -9999 -9999 -9999 -9999 -9999 -9999 -9999 -9999
0.05545691 0.04806194 0.02371921 0.07203832 0.1000063 0.05139983 0.02243848 0.01367348 0.003737024 0.05829268 0.06666338 0.04510489 0.02603505 0.06027037 0.02040691 0.02094229 0.06429864 0.02722967 0.0153251 0.01562776 0.01840286 0.0139562 0.01548731 0.03311181 0.04873837 0.01741969 0 0.003453199 0.007977959 0.0004213258 0.004793275 0.01055926 0.01240662 0.01466157 9.009222e-007 0.0002251464 0.006649219 0.001591031 0.0169485 0 0.003751279 0 0.009453745 0 0.0002867568 8.489576e-005 0.003080383 0.02945296 0.003717521 0 0.006384306 0.002464287 0.0548679 0.002177116 0 0 0.008168967 0.01872356 0.02767621 0.1032867 0.06571668 0.05589524 0.03215601 0.03808678 0 -9999 -9999 -9999 -9999 -9999 -9999 -9999 -9999 -9999 -9999 -9999
0.02032844 0.07541422 0.03537484 0.02133942 0.0737364 0.0601808 0.1093038 0.04212017 0.01981813 0.06239822 0.1217301 0.06951892 0.04218942 0.07295013 0.01731809 0.02927521 0.01936129 0.07550281 0.04202971 0.0510604 0.01020623 0.01572725 0.004464079 0.04451276 0.009069107 0.06403521 0.03070162 0.0008446797 0.02065702 0.01127934 0.0263139 0.01278342 0.008667159 0.01097047 0.004048338 0.005330391 0.03402663 0.02871717 0.06442004 0.002051305 0 0.0006731962 0.002155105 0.005512943 0.001031298 0.0147444 0.02911361 0.0003809925 0.02095295 0 0.001736661 0.006377615 0.03223302 0.003132023 0.01265504 0.01193976 0.02169399 0.01915525 0.04653957 0.1947072 0.1257216 0.04458957 0.01078689 0.004927056 -9999 -9999 -9999 -9999 -9999 -9999 -9999 -9999 -9999 -9999 -9999 -9999
0.007858466 0.01239832 0.09186255 0.04998513 0.06674919 0.01797195 0.1237437 0.09130623 0.05671396 0.08293569 0.1122857 0.1098406 0.02997206 0.02863058 0.05641755 0.04596997 0.06393341 0.04103861 0.0193209 0.03187042 0.0169732 0.04462519 0.02381117 0.008501526 0.04741478 0.007920952 0.01049343 0.009239971 0.002758983 0.02665133 0.001391784 0.02060704 0.005182318 0.006388507 0.008143232 0.009972476 0.002911867 0.002508328 0.02980745 0.00117678 0.0009805547 0 0.001004558 0.01886434 0.01271303 0.009240267 0.1393783 0.02274944 0.01194932 0 0.03213088 0.005598203 0.001451949 0.008642036 0.03452698 0.05214898 0.1142022 0.1303682 0.106503 0.1777461 0.1569691 0.08707685 0.03788649 -9999 -9999 -9999 -9999 -9999 -9999 -9999 -9999 -9999 -9999 -9999 -9999 -9999
0.1009893 0.03546049 0.02207224 0.06888651 0.06641099 0.03737335 0.05289087 0.1144382 0.06181965 0.09469629 0.06207414 0.09713618 0.03907283 0.0139894 0.03618858 0.06591717 0.05195659 0.008619044 0.03487307 0.03977238 0.0616183 0.05508212 0.02687971 0.02119134 0.04937502 0.02713387 0.05624377 0.01104257 0.01601034 0.092569 0.03625387 0.04302384 0.03772417 0.003110097 0.004732513 0.01066435 0.003349757 0.02424871 0.05743546 0 0 0 0 0.02344314 0.02004971 0.02397999 0.0730977 0.02825401 0.1274238 0.0436634 0.01391195 0 0 0.03076371 0.02720175 0.08916514 0.09841792 0.1084724 0.1211552 0.2192144 0.1273172 0.09732048 0.03441504 -9999 -9999 -9999 -9999 -9999 -9999 -9999 -9999 -9999 -9999 -9999 -9999 -9999
0.04889043 0.08885714 0.1002961 0.0437216 0.06213069 0.02657402 0.02377549 0.01813631 0.06477582 0.04737371 0.09183328 0.02223303 0.0529799 0.04242347 0.04958579 0.07501129 0.06219171 0.06130573 0.08445685 0.06283709 0.03651757 0.0007486269 0.02256475 0.135009 0.06040536 0.0219519 0.01952639 0 0 0.05389581 0.05255605 0.05139907 0.05696158 0.01194416 0.02000721 0.0001541428 0.006878875 0.00436394 0.02963892 0.005095352 0.003911007 0 0 0.06457298 0.06609742 0.04009987 0.02501191 0.04324436 0.03848587 0.02638043 0.02509168 0.04282787 0.02442154 0.03480217 0.007421047 0.07677093 0.03820623 0.1271787 0.1198352 0.1500639 0.2026234 0.07768042 0.07415257 0.008636439 -9999 -9999 -9999 -9999 -9999 -9999 -9999 -9999 -9999 -9999 -9999 -9999
0.04088916 0.1228769 0.09166356 0.07488488 0.1441202 0.05221506 0.009115879 0.03884755 0.0420535 0.06830681 0.105869 0.07707436 0.0417677 0.0843782 0.06591822 0.1187661 0.08948094 0.05225118 0.09265843 0.01006517 0.001528844 0.009283858 0.06168402 0.07887327 0.01497144 0.01616482 0.0008326335 0 0.0230499 0.1447681 0.06882964 0.01919215 0.001532082 0.04304064 0.003313659 1.653403e-005 0.001611037 0.01306603 0.006170861 0.01441238 0.02711573 0.003019998 0.00513322 0.0402668 0.0435691 0.04652743 0.0668399 0.03791314 0.02564532 0.04840892 0.09031242 0.02285498 0.03136331 0.01661056 0.05700279 0.07803851 0.03284971 0.1099325 0.1054664 0.102133 0.1699793 0.1372464 0.1036569 0.03941502 -9999 -9999 -9999 -9999 -9999 -9999 -9999 -9999 -9999 -9999 -9999 -9999
0.07521988 0.07564142 0.05904772 0.0972782 0.03037314 0.04217278 0.07984187 0.1538388 0.07899773 0.03326913 0.06881562 0.1454103 0.1295073 0.09597512 0.09509853 0.1290299 0.07600804 0.03878669 0.007180105 0.02071445 0.06086315 0.03478565 0.03483002 0.07351721 0.004441326 0.009943838 0.03150059 0.01333574 0.07538571 0.03228026 0 0 0.01985226 0.05548408 0.01498858 0.002751562 0.0230908 0.01664787 0.008289585 0.01523736 0.03710131 0.01310628 0.007507376 0.01246166 0.02520495 0.05582193 0.06035741 0.04987618 0.06291009 0.04545119 0.04168615 0.117696 0.1216953 0.06609337 0.03723798 0.08545909 0.1973983 0.2118529 0.1372974 0.1714811 0.1923457 0.1420633 0.1655727 0.0965882 0.004591084 0.0009640168 -9999 -9999 -9999 -9999 -9999 -9999 -9999 -9999 -9999 -9999
0.08797497 0.05419381 0.07226009 0.06603976 0.03887488 0.1414609 0.07636785 0.1388209 0.1650663 0.05561088 0.08818981 0.07597308 0.07790224 0.02846815 0.04615514 0.1030505 0.03518656 0.02020239 0.04250341 0.06629474 0.06439484 0.09169506 0.1336343 0.0594276 0.00918127 0.004447001 0.02701555 0.01657205 0.01447899 0.006917798 0 0 3.12882e-005 0.03951785 0.0002221251 0.03645043 0.04385931 0.01062749 0.007657423 0.003072551 0.06949285 0.0285798 0.02567402 0.005700671 0.03119237 0.08138472 0.02546961 0.04747526 0.06614562 0.04146323 0.06304595 0.1186284 0.07857322 0.08422034 0.1123788 0.02116332 0.1094025 0.1175645 0.09256949 0.07287873 0.09226962 0.1214206 0.1823731 0.2021837 0.04680585 0.05426625 0.000535878 -9999 -9999 -9999 -9999 -9999 -9999 -9999 -9999 -9999
0.1653843 0.09607122 0.06675364 0.07960235 0.1871175 0.2183468 0.08544149 0.1662244 0.1290824 0.06531596 0.1006769 0.09712045 0 0 0 0.002107245 0.04768545 0.09624465 0.0474037 0.1211488 0.1177302 0.1086746 0.04426598 0.04656626 0.01963227 0.005798822 0.02152353 0.04509711 0.06112901 0.03339924 0 0.008086378 0.01591349 0.007908908 0.0397511 0.04487807 0.01363455 0.01021081 0.01275284 0.004546884 0.03648565 0.0009843684 0 0.06256676 0.06804032 0.007378414 0.0430867 0.0177729 0.05497498 0.06434601 0.001462358 0.08653513 0.06151602 0.05430881 0.1281802 0.08358245 0.1327526 0.1081333 0.08453766 0.1940112 0.1070659 0.1299055 0.1358973 0.2268469 0.1266356 0.02520344 0.01371747 -9999 -9999 -9999 -9999 -9999 -9999 -9999 -9999 -9999
0.1428448 0.07140409 0.103258 0.1008734 0.1719331 0.1425085 0.152917 0.09295556 0.07264883 0.1656936 0.08348329 0.1265923 0.04234479 0.007347018 0.004857546 0.04775458 0.02511911 0.04999787 0.1021519 0.1199659 0.08966335 0.06094744 0.1056368 0.1114402 0.04965138 0.04072581 0.09696992 0.114898 0.07233614 0.0911928 0.021745 0.06094237 0.01420667 0.01736914 0.04382394 0.1082447 0.05769611 0.02943024 0.06590752 0.02034658 0.01469932 0.01216054 0.005851497 0.01642635 0.07027791 0.09566927 0.08552452 0.06182628 0.08135615 0.03466858 0.02355395 0.05933167 0.1096422 0.1105226 0.1133722 0.09749219 0.09853102 0.1482556 0.1347253 0.1030094 0.08608155 0.0540083 0.06701872 0.1655244 0.04621616 0.1024152 0.0009099291 -9999 -9999 -9999 -9999 -9999 -9999 -9999 -9999 -9999
0.1223542 0.1538516 0.1394447 0.1528384 0.1999302 0.1130822 0.04443335 0.1598547 0.1346307 0.1210318 0.1335144 0.0500192 0.07381176 0.009207637 0.09571528 0.1023966 0.06895995 0.1378363 0.1324222 0.08386413 0.08592542 0.09508657 0.1360366 0.1273151 0.07442147 0.1324071 0.05445272 0.05893081 0.1761846 0.1377044 0.008100736 0.01629574 0.04532894 0.1281142 0.07552262 0.06597138 0.0261333 0.02499053 0.01420956 0.01481629 0.04014683 0.08780245 0.04467012 0.09199385 0.03645019 0.03757772 0.02715215 0.06372134 0.1649674 0.008208339 0 0.01569487 0.04463301 0.07232544 0.00914457 0.1185916 0.09325628 0.08390644 0.1732929 0.05472207 0.1730321 0.1934494 0.08288538 0.003799394 0.04162172 0.1038942 0.001652232 0 -9999 -9999 -9999 0.01583624 0.04105308 -9999 -9999 -9999
0.07936776 0.04033264 0.07042827 0.07154293 0.2233499 0.1024135 0.1266776 0.151511 0.08771813 0.07784753 0.06207549 0.04905863 0.124864 0.08411968 0.05854802 0.1114629 0.1086673 0.1023268 0.03219698 0.1463308 0.1454439 0.1228409 0.09674155 0.05208679 0.1449358 0.1500197 0.03962414 0.08434027 0.1660846 0.0909609 0.01411985 0.09861157 0.03815138 0.1235405 0.04527918 0.06706925 0.06363489 0.04130483 0.03122438 0.1153565 0.03782571 0.0847047 0.08101138 0.04917036 0.1887226 0.1042764 0.04141371 0.08858145 0.08350642 0.00329224 0 0.00210779 0.08137871 0.0117011 0.05142337 0.1338698 0.130328 0.1439485 0.1623386 0.154903 0.1816127 0.2104021 0.105322 0.02174635 0.06039487 0.08091547 0.01038115 -9999 -9999 -9999 0.0007038904 0.03130282 0.05924186 5.984459e-005 -9999 -9999
0.07403046 0.09865181 0.1312242 0.1306302 0.159703 0.05562823 0.1321839 0.06671415 0.0660014 0.04934471 0.0181988 0.04732778 0.08990519 0.1244686 0.02478133 0.1322592 0.124712 0.009048148 0.07949697 0.04856543 0.03083958 0.1399373 0.09817734 0.07666357 0.06642931 0.06497342 0.07824712 0.06893716 0.04252325 0.1114549 0.0393923 0.07505528 0.111896 0.1349438 0.1121811 0.01815853 0.00418395 0.006781014 0.09014066 0.0789253 0.0509261 0.1002202 0.02925546 0.03980901 0.1262069 0.1631593 0.1008902 0.1620425 0.1374462 0.04920934 0.03264212 0.01332289 0.1068134 0.09428591 0.02723042 0.05422324 0.1476243 0.1018738 0.154295 0.1804637 0.1965219 0.05763882 0.02869849 0.08772994 0.1002789 0.002642402 0.006321298 -9999 0 0 0.02650604 0.03884405 0.061441 0.006150261 0 -9999
0.09854998 0.05368981 0.0227261 0.1167473 0.117183 0.1267399 0.1760019 0.09216499 0.1658146 0.09371662 0.03838701 0.1556928 0.06629732 0.1138186 0.09604058 0.1401708 0.05780295 0.01299714 0.08203418 0.1173549 0.05869163 0.1073766 0.1184699 0.04463585 0.04679277 0.1563718 0.1127728 0.1065881 0.143756 0.1698846 0.05852866 0.135585 0.04713495 0.1778714 0.09435496 0.05617289 0.008606312 0.04960132 0.06985731 0.07203903 0.08703846 0.03200051 0.1355766 0.02429433 0.06562191 0.1061087 0.05255956 0.2002778 0.06167969 0.1170627 0.1426829 0.1316984 0.09698542 0.08308345 0.1396872 0.0831981 0.08801953 0.09130374 0.1050622 0.04368459 0.004026888 0.07737827 0.1486996 0.07876124 0.06211391 0.007816149 0.00878452 0 0 0.001821405 0.002949819 0.0001235073 0.01378427 0 0 0
0.06111346 0.06792953 0.1029584 0.1548872 0.09817287 0.1367554 0.1620698 0.142131 0.09094136 0.08361467 0.165294 0.180975 0.1852961 0.129382 0.1248303 0.1620376 0.02899363 0.03243784 0.08966488 0.1328315 0.1413101 0.09299278 0.03466433 6.908386e-005 0.08209202 0.145707 0.06525593 0.07483421 0.1309808 0.1484402 0.08053855 0.1424484 0.08419786 0.1559724 0.1290968 0.07514067 0.05367783 0.0777427 0.04708461 0.08393423 0.1040226 0.06489004 0.1511237 0.2247327 0.1704708 0.1490214 0.1550941 0.1490238 0.05148681 0.0724425 0.1537695 0.1323601 0.02525484 0.20986 0.1251638 0.05602735 0.002807908 0.0008665084 0.03992505 0.06811981 0.1009559 0.1654622 0.1728152 0.01191086 0.1067975 0.0266139 0 0 0 0.004004814 0.02704915 0.06043666 0.0754317 0.002757995 0.0005639793 0
0.1561635 0.05227065 0.190748 0.1552653 0.07039595 0.03734037 0.1153904 0.04460354 0.04859582 0.1087698 0.115306 0.1211974 0.1870466 0.1563066 0.1255356 0.09047277 0.01625627 0.1130235 0.1305431 0.1196732 0.1072319 0.1153386 0.08257761 0.03297268 0.08762542 0.1638093 0.0805788 0.05030338 0.1505715 0.1423542 0.06915063 0.1722335 0.04727214 0.128626 0.1133085 0.06605008 0.01243265 0.1136225 0.1195537 0.1140719 0.1220606 0.1048828 0.2076326 0.1427853 0.1669731 0.1428459 0.116069 0.0576077 0.1824675 0.1006719 0.1797092 0.1646915 0.1215934 0.1858479 0.1548918 0.1890536 0.08936057 0.1585075 0.1340539 0.1990963 0.05904689 0.121989 0.1173493 0.03663799 0.02030209 0.001330495 0 0.00926033 0.007062208 0.03594136 0.1074534 0.1504086 0.07756148 0.001356714 0.005813298 0
0.0765512 0.03422323 0.1083888 0.1220871 0.07619067 0.04599801 0.07570856 0.07494796 0.02439227 0.03802054 0.06815316 0.1260686 0.06136453 0.1018733 0.0522377 0.02944189 0.0857319 0.01566355 0.09306408 0.07608152 0.1036692 0.1393293 0.1036666 0.0892426 0.1219542 0.1319273 0.09363097 0.1197516 0.1213841 0.1165293 0.08347499 0.08307103 0.03478414 0.08833489 0.1229553 0.02537267 0.1069304 0.128134 0.06050757 0.1960966 0.152798 0.09384137 0.04686515 0.09414149 0.07578107 0.132017 0.09567104 0.1369649 0.2106559 0.1839432 0.1441186 0.1706912 0.1096889 0.04543516 0.1036927 0.1377634 0.114581 0.03726511 0.07477689 0.1361054 0.1096512 0.08103659 0.009874632 0.03036896 0.003460292 0 0 0.02059018 0.03304765 0.02347528 0.0252084 0.0368603 0 0.00012831 0.005914285 0
0.06001654 0.02650845 0.1113372 0.09041871 0.08560853 0.06147183 0.06881396 0.07396939 0.01838134 0.06081581 0.1278486 0.07634159 0.05840322 0.09902645 0.0773339 0.03201421 0.12015 0.05768465 0.07040481 0.156913 0.1207095 0.1732829 0.04926611 0.07791359 0.08220512 0.09495056 0.09165364 0.07735144 0.1010637 0.1601796 0.1108341 0.1075175 0.05510566 0.09817178 0.1339815 0.02905227 0.09782311 0.1006365 0.1606258 0.1656382 0.1475424 0.07980535 0.01290628 0.08922248 0.1607182 0.07217705 0.1978422 0.171916 0.1516425 0.1459797 0.08693729 0.04356272 0.1859999 0.08992878 0.03998351 0.1448105 0.1767069 0.07497159 0.01216585 0.1706393 0.1312135 0.008183118 0.04292465 0.1219003 0.07524577 0 0 0.01916352 0 0.01755559 0.06363686 0.05453114 0 0 0.05378452 0
0.076827 0.1371555 0.07490022 0.07915166 0.1306494 0.08698525 0.08694274 0.1034248 0.04672649 0.02900537 0.07008849 0.05226226 0.05387718 0.1012538 0.07954562 0.15122 0.08494149 0.07569864 0.06301352 0.06475975 0.07839202 0.185537 0.1370595 0.09184331 0.09318249 0.133123 0.07604571 0.07669631 0.1167886 0.1281195 0.08587684 0.08569644 0.08203259 0.1740925 0.1445988 0.1379656 0.0804133 0.04733512 0.09631731 0.1471909 0.06283194 0.0913796 0.1194571 0.1441489 0.164446 0.03743726 0.1442197 0.1700651 0.1374226 0.1289219 0.02162128 0.1081601 0.1024811 0.2041381 0.09200364 0.05000233 0.102173 0.1513435 0.07367637 0.09270377 0.05259549 0.00204312 0.04136797 0.04768427 0.0767258 0 0.01988834 0.03339038 0.01252179 0.01556414 0.01328205 0 0 0 0 0.02076943
0.1739144 0.09500599 0.02697175 0.09168452 0.1189733 0.1041187 0.0331079 0.02278925 0.07366392 0.05918058 0.1334226 0.1058458 0.07876229 0.06103631 0.05529723 0.1424697 0.1520999 0.02637603 0.1088012 0.09247101 0.07810393 0.1839251 0.1965656 0.1185299 0.096111 0.08267619 0.1318801 0.1601741 0.1005401 0.06972779 0.006596279 0.05838735 0.0361666 0.1058216 0.04838712 0.05509841 0.04394939 0.05632417 0.0634825 0.1021398 0.1530335 0.1833833 0.1731591 0.1033123 0.1643085 0.08507034 0.102331 0.07705098 0.01376965 0.02169376 0.1305134 0.03883488 0.06545594 0.2055352 0.09609278 0.1363452 0.1643024 0.1097589 0.1122557 0.1556946 0.1096464 0.0211597 0.07842208 0.009443494 0 0 0.001286714 0.01101655 0.004298492 0.03352715 0.03575196 0 0 0 0 0
0.1410057 0.1261626 0.1456002 0.06662544 0.03928773 0.05243586 0.05727023 0.08127016 0.1356309 0.1155083 0.1231799 0.1228568 0.06494645 0.09711724 0.1250195 0.08921039 0.1011733 0.07193417 0.08943338 0.1492963 0.05990909 0.1358505 0.139005 0.02592885 0.1014055 0.1447331 0.05248179 0.08962904 0.1345614 0.05998319 0.1140649 0.09942254 0.03903402 0.03373178 0.05737438 0.01401842 0.01021934 0.06558923 0.112412 0.04890288 0.1721649 0.07268061 0.0642815 0.1699104 0.1389857 0.09223548 0.07139545 0.1682096 0.07415341 0.05958302 0.1341689 0.1246045 0.1964011 0.1174137 0.09708077 0.1346755 0.1752695 0.03082071 0.07275937 0.04264217 0.03112904 0.002841051 0.007210613 0 0 0 0.0004714036 0.003850972 0.01534374 0 0 0 0 0 0 0
0.1020461 0.1066867 0.05561277 0.03982386 0.02843251 0.08898969 0.06456833 0.06081047 0.07717221 0.0759214 0.07463295 0.1208758 0.04488763 0.09292201 0.07156949 0.1009762 0.08992591 0.09276213 0.06958659 0.05065702 0.08487985 0.09437387 0.06585702 0.1008701 0.1182978 0.1483185 0.09236477 0.1604432 0.1617897 0.05417138 0.1264977 0.08562456 0.1377325 0.1359964 0.03819381 0.02231166 0.0721894 0.05374316 0.07230467 0.07921135 0.06662366 0.05760514 0.14921 0.1218375 0.05685 0.1030514 0.1104451 0.09808335 0.105514 0.118884 0.1196158 0.1549835 0.1906264 0.1792603 0.05218928 0.06740744 0.08818892 0.07598661 0.05038642 0.06382619 0.04128969 0.05488502 0.003899591 0 0 0 0.00474623 0 0.004480593 0.01309601 0 0 0 0 0 0
0.06217796 0.07368004 0.1316506 0.04439062 0.05766983 0.1474757 0.0238551 0.07711629 0.1156137 0.1347382 0.1243033 0.1338705 0.1181637 0.02159956 0.03614955 0.09440667 0.1253129 0.1541822 0.05449282 0.1776569 0.1834678 0.1353908 0.1268357 0.0893411 0.1031818 0.05167977 0.08302706 0.1373242 0.1022575 0.08189038 0.1465538 0.08830211 0.07888745 0.02997875 0.1224328 0.1532957 0.08734478 0.1603233 0.1731739 0.099733 0.04656386 0.06810699 0.1940397 0.06612679 0.06366977 0.1244832 0.1322626 0.1200751 0.04478757 0.1054148 0.03953353 0.04755446 0.02143962 0.07420594 0.0239099 0.02226425 0.002001422 0.05487959 0.02649086 0.05446538 0.03005747 0.0155376 0.001906567 0 0 0 0.01258692 0.003743332 0.000385885 0.009457973 0 0 0 0 0 0
0.1246677 0.104639 0.1067068 0.09004062 0.1770828 0.1093935 0.07592861 0.1206024 0.044929 0.1559028 0.1008118 0.09535498 0.1034413 0.05477247 0.1555711 0.1431932 0.07687648 0.1556418 0.1465453 0.1375173 0.09849781 0.081662 0.07224967 0.004120094 0.102311 0.1286077 0.154746 0.1805229 0.09179243 0.06299737 0.03021112 0.06279585 0.01172263 0.07789171 0.08251236 0.1448727 0.1071268 0.09205319 0.1097509 0.1404113 0.1306579 0.1796835 0.1370544 0.1118126 0.1710709 0.1267941 0.1440489 0.1259461 0.06603219 0.1053312 0.01801888 0.03404212 0.002984208 0.01638781 0 0.008964214 0.006690539 0.02726374 0 0.00759249 0 0 0 0 0 0 0 0 0 0 0 0 0 0 0 0
0.1506928 0.1774407 0.1382214 0.03440762 0.15938 0.09244523 0.1530078 0.2311234 0.1244366 0.1750526 0.09692471 0.0270409 0.06523186 0.04128143 0.1223669 0.1731184 0.1493811 0.1782144 0.07953504 0.1287189 0.14485 0.02618354 0.1083918 0.0739661 0.06471208 0.134175 0.05729531 0.06893352 0.05149872 0.07534074 0.02176502 0.09850281 0.08647367 0.09189785 0.1499307 0.07831512 0.1243294 0.09582359 0.1211984 0.07463358 0.07444911 0.1495924 0.1197543 0.1105397 0.109954 0.0517626 0.1111501 0.1286215 0.08404779 0.04514789 0.01923568 0.07029629 0.008939976 2.381844e-008 0.002093752 0 0.02625171 0 0 0.00573178 0 0 0 0 0 0 0 0 0 0 0 0 0 0 0 0
0.1699227 0.1268322 0.05277703 0.1411294 0.08826236 0.1458514 0.150488 0.1252294 0.05152849 0.1144967 0.08371226 0.08548814 0.1064226 0.08424861 0.1087495 0.1061528 0.0479364 0.06553148 0.1134876 0.1699681 0.1021827 0.1276802 0.1206729 0.184725 0.08063906 0.1759401 0.08425448 0.06798063 0.1471373 0.1463529 0.1196227 0.09632993 0.1251435 0.1149363 0.06838239 0.06756406 0.07140116 0.09283327 0.1303509 0.07818479 0.08487418 0.1623159 0.08006922 0.07025325 0.1491531 0.1152425 0.06807706 0.0612072 0.03218747 0.003992484 0.00673726 0.00573763 0.007145938 0.0002412452 0 0 0 0 0 0 0 0 0 0 0 0 0 0 0.0227658 0.01425277 0 0 0 0 0 0
0.1328028 0.1006322 0.158489 0.1047626 0.1506317 0.1417867 0.1733575 0.1182283 0.05884434 0.04477172 0.1052647 0.1309237 0.1338839 0.1387522 0.1892407 0.1416668 0.1185105 0.06607986 0.09358437 0.135472 0.1674395 0.1752699 0.1647863 0.1400205 0.1588171 0.1575694 0.1539883 0.1380406 0.1596616 0.1516059 0.1171169 0.1480186 0.04579459 0.09471333 0.1593464 0.1089197 0.04974291 0.1186797 0.1464873 0.09920058 0.0581112 0.1696617 0.1231281 0.07693388 0.1505122 0.1550122 0.1421219 0.1299638 0.09027702 0.01308286 0.003986886 0 0.00932445 0.01155085 0.002134124 0 0 0 0 0 0 0 0 0 0 0 0 0 0 0 0 0 0 0 0 0
0.07989704 0.04916418 0.05918515 0.1629327 0.1373963 0.09658115 0.09777378 0.05190519 0.0392983 0.1234278 0.1159583 0.1116278 0.1479997 0.1420141 0.1504738 0.1309629 0.09941028 0.1137601 0.1301649 0.1143347 0.2086583 0.1473858 0.126887 0.07143003 0.1165042 0.1031553 0.1680212 0.1469202 0.1276805 0.1319731 0.1610485 0.09934354 0.1723887 0.04266302 0.02531624 0.076076 0.1168359 0.08999706 0.1833321 0.1182553 0.03780708 0.1310247 0.1670513 0.139909 0.07481705 0.109697 0.09446455 0.0878346 0 0.01308414 0.03759384 0.0166161 0.02177287 0 0 0 0 0 0 0 0 0 0 0 0 0 0 0 0 0 0 0 0 0 0 0
0.1675438 0.09903724 0.05791743 0.09164835 0.07881983 0.05350511 0.1382499 0.08120597 0.05986394 0.08422745 0.1164453 0.1614921 0.1486742 0.1734213 0.1688391 0.05764318 0.0647013 0.06374767 0.1245789 0.09418975 0.060362 0.04811719 0.03839784 0.02574457 0.06508766 0.02517289 0.0801133 0.06293837 0.03152769 0.05835021 0.1046403 0.05869619 0.1449055 0.180434 0.05538652 0.05744024 0.112023 0.1803113 0.08654989 0.1140132 0.0713658 0.1056347 0.1501048 0.1237203 0.09796041 0.0107493 0.02147817 0.0001129687 0.01118289 0.02889141 0.01968986 0 0 0 0 0 0 0 0 0 0 0 0 0 0 0 0 0 0 0 0 0 0 0 0 0
