EnvRasters/Baseline_High/sugarbeet.asc
ncols         270
nrows         223
xllcorner     24099.479091542
yllcorner     21023.840179216
cellsize      1003.8986847201
NODATA_value  -9999
[rows 66 to 98 of 223, columns 76 to 151 of 270]
0.01126381 0.001426832 0.003763353 0.02405874 0.009717578 0.04690629 0.05085929 0.0544094 0.02846391 0.008348919 0.01681456 0.05119291 0.06249432 0.02583386 0 0 0 0 0 0 0 0 0 0 0.0006898569 0 0 0 0 0 0 0 0.004592972 0.003280113 0.007466979 0.01744241 0.001574866 0.001609527 0.04292386 0.04208367 0.03679956 0.07553227 0.05540576 0.01996907 0.0103006 0.001935986 0 0.003192627 0.0006720143 0 0 0 0 0 0 0 0 0.03969046 0.003021882 0 0.001779834 0 0.004005012 0.001014025 0 0 0.001316759 0.01590556 0.001585865 0.01032861 0.01656415 0.02848463 0.07105158 0.03883991 0.004245094 0
0 0.008598139 0.03109434 0.01484229 0.01313148 0.01123515 0.03694314 0.01552843 0.03300633 0.03198166 0.03071475 0.03350194 0.01923343 0.0004894802 0 0 0 0 0 0 0 0 0 0 0 0 0 0 0 0 0 0 0 0.02095558 0.02076232 0.002629474 0 0 0.006338506 0.007061726 0.01324701 0.04679614 0.07557979 0.1294475 0.001247375 0 0 0 0 0.006814345 0.001320699 0 0 0 0 0 0 0 0 0 0.0007419698 0.0002320069 0.00471609 0.001410752 0.001847522 0.009253425 0 0 0.003810698 0.02574811 0 0.03491929 0.0513364 0 0 0.001703361
0.001649907 0.03700496 0.02602744 0.03422046 0.04024433 0.003088055 0.0319678 0.006265243 0.01835257 0.03522874 0.01025328 0.002713373 0.01850382 0 0 0 0.00517371 0 0 0 0 0 0 0 0 0.0008648713 0.002433484 0 0 0 0 0 0 0 0 0 0 0 0 0 0.004117006 0.04099658 0.07212776 0.01506241 0.003992994 0.01593263 0 0 0 0 0 0 0 0 0 0 0 0 0 0 0.01788336 0.02348767 0.003180806 0 0.01283203 0.004781738 0.00332041 0.006601969 0.002316938 0.02835341 0.02918287 0.01572702 0.05264658 0 0.001249844 0.0353401
0.08000372 0.03309361 0.01763711 0.02450621 0.01068645 0.0342522 0.006936405 0.00621436 0.01369229 0.006531513 0 0.006519883 0.006816396 0.03420797 0.005357523 0 0.01635581 0.006043755 0.0007694056 0 0.00405116 0 0 0.02353627 0.01100082 0.003789149 0 0.003159596 0 0 0 0 0 0 0 0 0 0 0 0.01510481 0.04753639 0.01165975 0 0.007598926 0.009092719 0 0 0 0 0 0 0 0 0 0 0 0 0.002744312 0.008513825 0.01002371 0.01336068 0 0.003488118 0.01185261 0 0 0 0.002223806 0.006846938 0.0146098 0.00748689 0.008315049 0 0 0.001643667 0.01606898
0.08537629 0.07784491 0.03189827 0.02674499 0.02639555 0.01704445 0.03706679 0.01182738 0.0234852 0.0003769062 0 0.0004572807 0 0.008585505 0 0.002395916 0.004853086 0.02615027 0.003754753 0.004254857 0 0 0 0.005323258 0 0 0.002639239 0 0 0 0 0 0.01036079 0.02281996 0 0 0 0 0 0.001970282 0.00737896 0.0226689 0.004590968 0 0 0 0 0 0 0 0 0 0 0 0 0.007429843 0 0.004745247 0.009363414 0.00530449 0.02271659 0.001287722 0.00203527 2.506306e-005 0 0 0.0007595162 0.009829555 0.005577553 0.04469773 0.006040368 0 0 0 0 0.002871724
0.09072483 0.1080658 0.01777758 0.03079097 0.03806863 0.06689499 0.002512782 0.02754483 0.03021928 0.02947813 0 0.01898869 0.002354141 0.005784351 0 0 0.003388321 0.01365896 0.06528541 0.01156642 0 0 0 0 0 0.005130736 0 0.001658861 0 0 0.007874712 2.187614e-005 0.0001292729 0.003786902 0.0009213196 0 0 0 0 0.00524532 0.0009196214 0.0008818173 0 0 0 0 0 0 0 0 0 0 0 0 0.008837089 0 0 0.01227378 0.004818006 0.03581585 0.01695391 0.00588851 0.006065246 0.02128453 0.01119014 0.004946988 0.0201928 0.02990832 0.01046631 0.03878841 0.01366734 0 0 0 0 0.007191872
0.05701009 0.09271938 0.01946518 0.09537043 0.06279334 0.01489695 0.02536878 3.522127e-006 0.01953956 0.01748339 0 0 0.01911076 0.00796198 0.003004191 0.003939769 0.01852793 0.0220255 0.02062482 0.008857938 0.01033268 0.01541071 0 0.01453355 0.04718703 0.008417133 0.02828595 0 0 0 0.003156235 0 0 0 0.0009909328 0.01424012 0 0.0001641693 0.006468849 0.07519554 0.001770663 0 0 0 0 0 0 0 0 0 0 0 0 0 0 0 0.002489176 0.02740195 0.009423248 0.00180062 0.02101914 0.01280905 0.01192094 0.02892663 0.02350257 0.02763174 0.02476039 0 0 0.0007958143 0 0 0 0.001700332 0.06554286 0.005114344
0.03812375 0.05382858 0.03230494 0.03962233 0.03798709 0.0231736 0.01926834 0.009482482 0.02824486 0.01518679 0 0.007930356 0 0.01586201 0.01304913 0.01713553 0.01192368 0.02857263 0.01259621 0.001606284 0.006842847 0.0005163634 0.004347799 0.002925884 0.004248796 0.0131871 0 0 0 0.0006565854 0.002615069 0.08738051 0.01664784 0.04388538 0.00950147 0.002552774 0 0 0 0.006485096 0.01691031 0.0004349938 0 0 0 0 0 0 0 0 0 0 0 0 0 0 0.01812729 0.003451222 0.06589612 0.008798744 0.0008936793 0.001450299 0.03824215 0.02569946 0.01294419 0.00764478 0.02620576 0.05199957 0.04748258 0.003394963 0 0 0 0.02488074 0.01996633 0.1189182
0.05035229 0.05799619 0.03468843 0.04407146 0.01125181 0.004975682 0.008916503 0.002925136 0.02083189 0.003862898 0.01399668 0.004675855 0.02938013 0.01816752 0.02165824 0.004583896 0.002860791 0.006009055 0.02535797 0.007129624 0.002460233 0.001949443 0 0 0 0 0.005379945 0.0051774 0 0 0.02143991 0.03436365 0 0.03718325 0.001096003 3.043538e-005 0.007662058 0.004139347 0 0 0.002342791 0 0 0 0 0 0 0 0 0 0 0 0 0 0 0 0.006805026 0 0.005528422 0.02256145 0.0254834 0.02872859 0.0185158 0.04233477 0.01626958 0.02744909 0.05522205 0.08471032 0.02835438 0 0 0 0 0.0147989 0.01932729 0.03619396
0.03316572 0.06013741 0.03042341 0.01485706 0.01136125 0 0.01320537 0 0 0.005910654 0.003481284 0.001441969 0.01271931 0.003349112 0.01438216 0.02126799 0.01426112 0.008444457 0.02123487 0.008336278 0.05003801 0 0.001346306 0.009379637 0.005548993 0 0.0006258205 0.01480498 0 0.000388417 0.02342222 0.001897904 0.01830512 0.01325835 0.02318669 0.03549976 0.01234831 2.068901e-005 0.0007330606 0 0 0 0.001012272 0 0 0 0 0 0 0 0 0 0 0 0 0 0 0.001741778 0.0410166 0.02408726 0.01494288 0 0.008221727 0.01909519 0.04374408 0.04648641 0.1145624 0.05839473 0.001173585 0 0 0 0 0.01474737 0.02316038 0.09522657
0.01141253 0.04406153 0.0296828 0.06358556 0.0133063 0.0241251 0 0 0.002694983 0.0002152511 0.006648655 0.01520399 0.01983109 0.05428302 0.02347008 0.004195116 0.005228414 0 0 0.001502714 0.05300635 0.01433198 0 0.0003322992 0.02284433 0.008810081 0.0007933764 0.0008467512 0 0.02428353 0.006152223 0.002625672 0.0006558457 0.02620731 0.03540256 0.04397823 0.05186938 0.01374925 0.01407992 0.02923982 0.005991133 0.001055831 0.002837067 0 0 0 0 0 0 0 0 0 0 0 0 0 0 0 0 0 0 0.004960545 0.03910659 0.07468988 0.1170207 0.03854376 0.1053591 0.05715947 0.0008241658 0 0 0.003832426 0.01224895 0.02537239 0.01657536 0.06379062
0.05404833 0.0458619 0.0111445 0.09288784 0.03638095 0.01158739 0 0 0.01131504 0.009028568 0 0.03876971 0.05454573 0.01524932 0.007163187 0.01280645 0.002440163 0 0 0.0002263368 0.05696196 0.01524901 0.001142972 0.01158268 0.02307389 0.005349499 0.008712798 0.004110518 0 0.03856026 0.0005145781 0 0.002503066 0.001482842 0.0458455 0.01013136 8.170878e-007 0.004547737 0.02830883 0.03480666 0.0006097899 0.003926562 0.0002680714 0 0 0 0 0 0 0 0 0 0 0 0 0 0 0 0 0 0 0.007084575 0.00613502 0.01002525 0.03770351 0.07244594 0.02075447 0.008807195 0 0 0 0.01699507 0.01534465 0.0537641 0.009242912 0.007474764
0.04288075 0.03075962 0.00594236 0.04556059 0.02520617 0.00190982 0.01260468 0 0.02083142 0.01774202 0.004912929 0.03319623 0.01300595 0.02368562 0.02637944 0.01127164 0 0 0.0007859953 0.001066463 0.003162667 1.066917e-005 0.001678618 0.001609905 0.001401162 0.02347629 0.003508985 0.008929896 0.004010831 0.004578855 0.0155905 0.01049817 0.01758924 0.004170352 0.00248989 0.003323485 0.04423674 0.0004668985 0.001117494 0.003535995 0 0 0 0 0 0 0 0 0 0 0 0 0 0 0 0 0 0 0 0 0 0.01431051 0.02739918 0.09321428 0.06376188 0.03031623 0.006777809 0.010828 0 0 0 0 0 0 0 0.02075509
0.02988494 0.009702769 0.09077127 0.0278499 0.02835411 0.02436911 0.001746558 0.001208207 0.02963391 0.01612437 0.03299205 0.0214343 0.03581977 0.03136337 0.05196671 0.002713488 0 0.01207193 0 0 0.0137874 0.0005090529 0.01160593 0.02543878 0.0002022977 0.003246427 0.03800413 0.01583577 0.03513524 0.02095823 0.04034207 0.01457344 0.003966053 0.01972203 0.003979481 0.02118292 0.02818651 0.005089651 0.006247603 0.00663473 0.009515413 0.01405444 0.002286698 0 0 0 0 0 0 0 0 0 0 0 0 0 0 0 0 0 0.002587665 0.02587936 0.006298603 0.1229081 0.09074537 0.008769226 0.009484923 0.007506671 0 0 0 0 0 0.006228771 0.0947118 0.1344152
0.02298731 0.01436163 0.07667466 0.02968045 0.005843617 0.0264168 0.0283446 0.005455738 0.005441842 0.008363147 0.007777278 0.02249992 0.03762891 0.0272776 0.01845528 0.02161659 0 0.004254882 0.01622599 0.03894794 0.01515576 0.06102546 0.03663003 0.01814676 0 0 0.006761663 0.01342216 0.03803638 0.01920938 0.003347029 0.002331794 0.01863153 0.03399454 0.0508974 0.09088743 0.03697778 0 0 0 0.01995941 0.01495221 0 0 0 0 0 0 0 0 0 0 0 0 0 0 0.04947347 0.006720276 0 0.006068823 0.04794396 0.01405091 0.007284899 0.04344815 0.001504285 0.01076984 0.02136527 0.001178305 0 0 0 0.01495159 0.01047525 0.07252166 0.1198368 0.09365205
0.02432117 0.01610118 0.1033956 0.044833 0.005072593 0.006621084 0.005456188 0.000297602 0.005405183 0.02817286 0.05508002 0.02855959 0.02914215 0.06675655 0.0139683 0 0.01255093 0.05246853 0.00478223 0.03126952 0.03336261 0.03121606 0.03975061 0.02997031 0.01735174 0.02611032 0.001031416 0.01162983 0.02110544 0.04126318 0.01523366 0.01540116 0.06317569 0.0832645 0.10998 0.02208883 0.01206709 0.019198 0.004392546 0.0175864 0.01119893 0.01501717 0.01915132 0.02965849 0 0 0 0 0 0 0 0 0 0 0 0 0.01752992 0.02246167 0.01579314 0.03250173 0.06438343 0.02074875 0.003611751 0.05132329 0.01728049 0.05645568 0.05458677 0.002425295 0 0 0.02038615 0.00024818 0.06973029 0.01781989 0.02514062 0.01401053
0.022133 0.05767468 0.0164562 0 8.78868e-005 0.004045042 0.02675831 0 0.01809175 0.01893161 0.03761213 0.02574724 0.0266741 0.01280808 0 0 0.04430994 0.04509875 0.02253266 0.01679509 0.03521417 0.0551741 0.03938644 0.05515644 0.02508269 0.0320886 0.008850213 0.004767092 0.0004900087 0.03536912 0.01217965 0.01290031 0.003083667 0.01346541 0.05262468 0.01108757 0.01271813 0.06940278 0.04435929 0.02140835 0.00968473 0.02584784 0.01639247 0.0001431356 0.0005135642 0.004607914 0 0 0.00886266 0 0 0 0 0 0 0 0 0.02421737 0.0001037718 0 0 0 0.05574739 0.1444553 0.1174569 0.02894796 0.002209219 0.01684148 0 0 0.07006709 0.0760873 0.1440068 0.0726921 0.1353107 0.05055313
0.07200783 0.02724731 0.007733073 0.03133545 0.005386517 0.009155506 0.04785899 0.02397338 0.03017256 0.02408601 0.02756933 0.01648798 0.02735817 0.02118694 0 0.002889045 0.02451192 0.02757871 0.003307671 0.003891048 0.07072946 0.08591951 0.02474023 0.005365866 0.0321097 0.02109708 0.01192545 0.0005365011 0.00500635 0.008761747 0.01763222 0.003511773 0.006696472 0.01573497 0.004346452 0.008952319 0.02083804 0.06088493 0.0426781 0.002586813 0.02968064 0 0.006955445 0.01621337 0 0.000230238 0.007535727 0 0.04371049 0 0 0 0 0 0 0 0 0 0 0.0253136 0.00846868 0.007403909 0.05734283 0.06552921 0.02527898 0.01487698 0.01134722 0.03111991 0.007892909 0 0.05474526 0.1018925 0.06107482 0.09933387 0.226765 0.09447054
0.01443453 0.02151176 0.006913675 0.09604283 0.01338734 0.007051791 0.04011086 0.02171376 0.02050224 0.01374519 0.04985668 0.01317305 0.0138658 0 1.885165e-005 0 0.02785977 0.0001892326 3.777004e-005 0 0.01412552 0.0008850099 0.02737935 0.02195327 0.08532738 0.07765161 0.00960118 0.01751276 0.01494327 0.06697763 0.03378301 0.02696823 0.01443897 0.02659948 0.07324553 0.02044765 0.0562508 0.01982268 0.01276519 0.01122938 0.06437697 0.001763426 0 0.01093103 0.01155842 0.002799353 0.009343959 0.006244655 0.007797919 0.006737405 0 0 0 0 0 0 0 0 0.01718842 0.008417886 0.01840924 0.009891565 0.009551571 0.00206099 0.03478607 0.1772749 0.01264899 0.02638695 0.01119447 0.002808598 0 0.03671454 0.119705 0.06200531 0.1072374 0.1698221
0.03037699 0.02094135 0.03120285 0.01620342 0.008943927 0.003864951 0.02270067 0.03118375 0.02988611 0.04001443 0.03844399 0.03320332 0.01509349 0.008574327 0.006281828 7.020535e-005 0.0002924549 0 0.001495146 0.01076009 0.01511093 0.06535035 0.06323403 0.01177208 0.01606448 0.04398828 0.0370112 0.05756444 0.02952226 0.03573288 0.04189264 0.07168902 0.0438583 0.05367409 0.04739784 0.09885146 0.04541123 0.02637316 0.03754686 0.0138572 0.02815272 0 0 0.0001464328 0.02866309 0.02561143 0.003733074 0 0 0.001041953 0.0260344 0 0 0 0 0 0 0 0.003000082 0.05380918 0.1353064 0.07925443 0.02509287 2.549842e-005 0.004909446 0.05056835 0.03565312 0.09705197 0.08857691 0.009234019 0.005890524 0.07470345 0.09273699 0.08436198 0.02725881 0.1758947
0.01554854 0.0362415 0.02067747 0.04928711 0.02032511 0.03447155 0.04013625 0.02385591 0.01811763 0.01267544 0.02532635 0.04195955 0.01796478 0.006678857 0.004266334 0.008379927 0.003126233 0.005104439 0.008450278 0.02009817 0.01896502 0.01847239 0.02942172 0.02613325 0.01650736 0.001646578 0.03469462 0.06459 0.0267673 0.01438808 0.006379886 0.0662794 0.04803866 0.0706893 0.02664332 0.01478641 0.07477006 0.01707416 0.01076831 0.001238436 0 0.01233039 0.0001767989 0.01508373 0 0.003929591 0 0.004143326 0.001343683 0.03245665 0 0 0.04268986 0.007210135 0 0 0 0 0 0.01558219 0.07205426 0.07966435 0.01550925 0.01061688 0.001215921 0.003224853 0.1298263 0.08715325 0.01097434 0.02176461 0.03065648 0.007217593 0.01821575 0.07868665 0.016569 0.1100751
0.03627919 0.02475117 0.03848853 0.02738273 0.03493704 0.02664296 0.01321512 0.0181641 0.02000717 0.04437662 0.0353491 0.0380696 0.01238936 0 0.004628143 0.02901344 0.0321898 0.03482671 0.03021932 0.03311624 0.01283668 0.04485011 0.06601024 0.008764715 0.002202174 0.005231677 0.01013878 0.003555443 0.01655469 0.04246335 0.03415074 0.04583715 0.08007488 0.08904843 0.02290935 0.04740538 0.064188 0.06419118 3.60602e-005 0.005243534 0 0.005450503 0 0.0008312202 0.002017786 0.01075763 0 0.009600974 0.1366341 0.08422963 0.001083401 0 0 0 0 0.008783168 0 0 0 0 8.993794e-005 0.005227221 0.002036542 0.05570989 0.04606556 0 0.01227486 0.05035083 0.003341969 0.1356106 0.03595222 0 0.03609729 0.04884429 0.04925793 0.115596
0.05383935 0.01732987 0.05999779 0.04078655 0.02087998 0.01563853 0.0198127 0.03559153 0.0534504 0.0621732 0.02031705 1.336551e-005 0 0 0.004120827 0.01404366 0.01129757 0.03639637 0.02626171 0.01584686 0.030702 0.009262523 0.02858965 0.01839266 0.02539269 0.01720037 0.02206131 0.01115785 0.05083176 0.04332406 0.0574194 0.0696291 0.09089691 0.1082247 0.02521428 0.05258368 0.02876276 0.00842197 0.003365058 0 0.00787777 0.042643 0.0125451 0.01668784 0.02900836 6.784313e-005 0.001396713 0.008546168 0.06829712 0 0 0 0 0 0.01283105 0.01885823 0.02540022 0.006528656 0 0 0 0.02815651 0 0.002413955 0.01972417 0.006408645 0 0 0.0195772 0.1335526 0.005990379 0.0121308 0.0105231 0.09399404 0.03388139 0.1156379
0.01464471 0.04500706 0.04448463 0.05205032 0.05275679 0.04392354 0.05594353 0.01537473 0.05128282 0.03941984 0.01400565 0 0 0.009464207 0.02957833 0.001469306 0.04485019 0.06394441 0.03261285 0.02274808 0.0237496 0.03062391 0.03650008 0.02985658 0.07807333 0.0212419 0.06053326 0.01756357 0.01345169 0.003929285 0.01343211 0.02139652 0.1306482 0.1146798 0.01616047 0.06709182 0.03823053 0.03475785 0.02901368 0.02982516 0 0.008692996 0.01651057 0 0.01180584 0.05715989 0.07941446 0.01099825 0.006932549 0.0003065173 0.003788413 0 0.008819507 0.04938938 0.01308411 0.01822467 0.0580787 0.01492686 0 0 0 0 0.008399216 0.07484642 0.02382014 0.02101922 0 0 0.00809437 0.0856464 0.03341028 0.06312928 0 0.01417988 0.1340287 0.08100831
0.008736638 0.02240724 0.02474959 0.0383804 0.03490591 0.07896182 0.06438692 0.04450639 0.06082032 0.03951496 0.07132525 0.003057027 0.008405328 0.04105918 0.02875804 0.01463034 0.05543076 0.02820059 0.03740283 0.02957606 0.03155129 0.07019599 0.07176479 0.08347539 0.04051992 0.0598986 0.02902535 0.007349464 0.0119088 0.005259238 0.08452241 0.04106513 0.03169437 0.06481605 0.05776301 0.1004538 0.1100591 0.005995927 0.03568426 0.0871391 0.03408036 0.03825583 0.02232741 0 0 0.08248364 0.03838039 0 0 0 0.1220922 0.007173669 0 0.0469786 0.01297037 0.08636273 0.01288437 0 0 0 0.01874263 0.02181621 0.01566597 0.002674039 0 0.05421982 0.01118384 0.01812654 0.01053546 0.0225302 0.007987817 0.08243468 0 0.01362819 0.04873358 0.05413717
0.01752908 0.03438667 0.04456997 0.02197146 0.0469687 0.03664253 0.01817255 0.06612489 0.09544762 0.01329803 0.04008351 0.02151072 0.0453143 0.02797501 0.033193 0.02310829 0.04131241 0.06267398 0.04955819 0.06679479 0.0634822 0.05885833 0.03675031 0.08532078 0.008699163 0.01115333 0 0.01108307 0.03490589 0.02842784 0.01027792 0.06918964 0.08812497 0.1519048 0.0763067 0.08680499 0.06682675 0 0 0.0184022 0.01058795 0.01487659 0.02941009 0.002693634 0 0.03010379 0.02242162 0 0.04804837 0 0.01576583 0 0.04561159 0.1513693 0.05909103 0 0 0.003088365 0.01264033 0.05030215 0.121469 0.04368452 0.03281492 0.0192788 0.01230958 0.02279442 0.04350275 0 0.002068033 0.02601411 0.0316855 0.02189522 0 0.05673679 0.060687 0.06175412
0.01209476 0.08650899 0.06464487 0.04743471 0.09344449 0.09959985 0.06388302 0.05957408 0.03625231 0.02154892 0.0004642419 0.03827737 0.0897707 0.02267006 0.07877489 0.06212223 0.08019315 0.07509334 0.07246958 0.0783597 0.06115414 0.09133713 0.02551507 0.03322159 0.05385322 0.05306139 0.01353791 0.09092 0.1059351 0.04793384 0.0794615 0.07052227 0.06492585 0.05712263 0.1248168 0.1193764 0.1336332 0.005387236 0 0 0.002373347 0.01173807 0.004077071 0.06290256 0.01293891 0.02796486 0 0.03317063 0.1595283 0.004855275 0 0.04200803 0.08359499 0.1341901 0.05831739 0.01622679 0.02211516 0 0.05346198 0.1498942 0.2367686 0.04520738 0.003545043 0 0.01410251 0.0007907164 0.02320683 0.02981328 0.09141023 0 0.1203478 0.02153781 0 0.03721326 0.008617692 0.09686972
0.0428006 0.07468894 0.08762145 0.0863907 0.02231636 0.03614809 0.03411923 0.01474879 0.03954498 0.0381705 0.01442134 0.01660897 0.05568405 0.0427734 0.05758459 0.04061095 0.04974089 0.01513593 0.03846126 0.03139893 0.02937476 0.07249475 0.03594336 0.02639458 0.038769 0.07014965 0.0446143 0.07948659 0.0642489 0.09532663 0.07921761 0.07502125 0.09187261 0.003389634 0.01421344 0.02521924 0.09185825 0.01328844 0.02370845 0 0.02372317 0.01261393 0.001849833 0.03487404 0.007479838 0.02958935 0.0102952 0.1024426 0.05411681 0.005641081 0 0.1650549 0.1651008 0.1687939 0.09565522 0.07158677 0 0.01175858 0.06205539 0.07329577 0.08180264 0.1069502 0.01995694 0 0 0 0.01390227 0.08721059 0.03596095 0.1113355 0.1142813 0.04272278 0.01962742 0.03089811 0.02579858 0.07708152
0.002136284 0.04365811 0.03943876 0.03998293 0.03172807 0.0311865 0.03532549 0.0986116 0.01879064 0.0894135 0.03583985 0.04928105 0.04707605 0.02458131 0.01404813 0.04183454 0.06841133 0.104596 0.051733 0.04352953 0.03135741 0.07036442 0.05804728 0.06105141 0.03070919 0.09337293 0.05697596 0.05276352 0.06710366 0.1524936 0.1894262 0.02461675 0.005821352 0.004079731 0 0.04698754 0.05767662 0.07905569 0.04571595 0 0.006446112 0.02587956 0.03722795 0.04392163 0.06028337 0.06215107 0.1577765 0.07806479 0.02617293 0.06487127 0.07251235 0.1108935 0.08675496 0.07058229 0.07732284 0.02017544 0.01659788 0.006651293 0.05238049 0.03468883 0.1057901 0.1793927 0.05266236 0 0 0 0.001019628 0.01295829 0.007238877 0.1020874 0.03735077 0.1291726 0.1418938 0.1237507 0.1237622 0.123575
0.009796092 0.04951464 0.05147111 0.04079728 0.06583735 0.0369559 0.05301411 0.04909604 0.0302633 0.02257022 0.08143219 0.03657475 0.01881868 0.008978472 0.02951961 0.09122895 0.122082 0.05640591 0.0181655 0.05122093 0.08084888 0.03139099 0.0253597 0.007094666 0.04392 0.05189057 0.07257793 0.08992285 0.05941813 0.07858691 0.04976447 0.06865317 0.03084998 0.01760683 0.04956756 0.1463729 0.06814408 0.02657067 0.02004382 0.01681591 0 0.01932901 0.05204863 0.009280657 0.05687794 0.1488705 0.1290164 0.06706611 0.103274 0.05545975 0.1151111 0.09731572 0.08977871 0.02232812 0.03459677 0.02768717 0.02155423 0.01655041 0.03588811 0.03609182 0.07143887 0.1180389 0.0101992 0 0.01118901 0.009100715 0 0.009577001 0.1062808 0.1076275 0.0995333 0.1558649 0.1625497 0.108208 0.1515492 0.1157418
0.07163268 0.07782438 0.08848082 0.04072459 0.04559454 0.04914849 0.08679106 0.01665095 0.01471768 0.0984925 0.04339909 0.08843302 0.05847771 0.08027434 0.1151187 0.05447496 0.03964137 0.02991157 0.0143703 0.01928019 0.002053532 0.006511499 0 0.02174387 0.03216105 0.05227587 0.02392562 0.09600163 0.03605651 0.07491582 0.05353975 0.06013913 0.02773828 0.06727961 0.1436736 0.0629952 0.01295331 0 0.02199143 0.04269413 0.03191544 0.0228907 0.07831275 0.1506442 0.08038149 0.06928141 0.05870096 0.1046161 0.006844456 0.03089058 0.1122476 0.06995912 0.03527076 0.1580748 0.1545627 0.1433576 0.1083041 0.1026712 0.02381369 0.00800625 0.05475038 0.02511536 0.02101352 0.000645522 0 0.02349886 5.834009e-005 0.09748811 0.122217 0.04417321 0.1022667 0.04076177 0.1001999 0.03934799 0.08950543 0.1286773
0.09649885 0.1012401 0.1545544 0.1273722 0.1313461 0.06014473 0.04022598 0 0.01502821 0.06224225 0.06657109 0.0830432 0.04021944 0.02300658 0.1750482 0.1135369 0.08134823 0.09513486 0.04400124 0.002057554 0 0.0005014261 0.01780623 0.008163762 0.01653027 0.06843617 0.05257098 0.08659662 0.03091305 0.0784045 0.05105043 0.03298312 0.05578835 0.07086997 0.08016045 0.03353551 0.02028151 0 0.0415887 0.04762115 0.01661845 0.06900453 0.09660987 0.1158102 0.1579123 0.08746338 0.1040378 0.1374607 0.04439178 0.04270085 0.1037088 0.05179425 0.1455449 0.1658888 0.1621617 0.1279428 0.03128378 0.05478041 0.009095718 0.01258715 0.02138356 0.02003258 0.01643643 0.03441951 0.1242918 0.07391682 0.002779006 0.0237064 0.1012772 0.0986161 0.01404504 0.08279876 0.1490047 0.0708714 0.06490637 0.1260238
0.08468522 0.140235 0.08458598 0.1074633 0.09835265 0.06104596 0.02067181 0 0.01772684 0.08285731 0.05929277 0.08029616 0.0805987 0.09237202 0.09975477 0.1186379 0.08095139 0.06005067 0.05979274 0.07270824 0.006072543 0.03878595 0.02950457 0.009453857 0.05864604 0.02425514 0.06675932 0.08226001 0.06566979 0.02933492 0.08654756 0.03716683 0.0433376 0.06706832 0.04349218 0.1009913 0.001210683 0.01654025 0.05620732 0.01036095 0.02285294 0.06791168 0.158743 0.03727754 0.05012684 0.06121992 0.04958902 0.093679 0.0752832 0.132141 0.175005 0.1474311 0.1306023 0.16383 0.1283629 0.06332752 0.04375163 0.01560221 0.06614593 0.09990896 0.1267165 0.001448455 0.0004491589 0.0950626 0.1250661 0.04447456 0.04982857 0.06622997 0.01516999 0.04440661 0.14832 0.1329101 0.08035322 0.1186446 0.08048844 0.1128284
