EnvRasters/Baseline_High/sugarbeet.asc
ncols         270
nrows         223
xllcorner     24099.479091542
yllcorner     21023.840179216
cellsize      1003.8986847201
NODATA_value  -9999
[rows 66 to 98 of 223, columns 0 to 75 of 270]
-9999 0 0.06227719 0.0836159 0.03623767 0.01085781 0.04123972 0.02278099 0.01340545 0.006996255 0.04374458 0.03177037 0.05970468 0.05239393 0.02677532 0.0507539 0.0309521 0.06324145 0.05297145 0.02637321 0.04358911 0.01929168 0.01319618 0.01743295 0.001079554 0.01359915 0.01282854 0.0584569 0.02338833 0.007555102 0.01358497 0 0 0 0.01501957 0 0.01328 0.007250404 0.005034482 0.01554054 0.02432291 0.006674399 0.003105225 0.0004168648 0 0.01651129 0 0 0.01947323 0.02313584 0.01904219 0.02590281 0 0 0.006605616 0.0002858512 0.0007123763 0.000182135 0 0.003457819 0 0 0 0 0.00565005 0.01140589 0.01100759 0.02037582 0.07661435 0.07490251 0.03617718 0.04424715 0.01869909 0.01686117 0.0067646 0.0009509522
-9999 0.005242095 0.07690729 0.09998621 0.05233392 0.02219171 0.02046969 0.01469311 0.04124591 0.04387075 0.07107709 0.05340539 0.0679044 0.03419515 0.06317026 0.06428315 0.03256174 0.06548175 0.07075331 0.00016483 0.0351928 0.06346503 0.07617896 0.05353133 0.01821799 0.01399659 0.01544644 0.02235326 0.01857907 0.03802663 0.007453391 0 0.0102741 0 0.02057633 0.008831812 0.01129775 0.004648848 0.01189654 0.04084031 0.01530447 0.000977985 0.0100915 0.0004660221 0.009948142 0.004731535 0 0 0.04938542 0.04800063 0.06236176 0.01429708 0.001363403 0 0.006501825 0.003786677 0.005647596 0 0 0 0 0.01801483 0 0.004166863 0.0003408368 0.0131854 0.008144382 0.08465263 0.05660587 0.0702944 0.08550949 0.1115333 0.08413081 0.009796279 0.009657805 0.0006795026
-9999 0.0008047267 0.06744305 0.1141992 0.07182298 0.01841807 0.005783343 0.01156025 0.01349623 0.01621128 0.04696006 0.06925698 0.04095763 0.0588378 0.0475768 0.08614071 0.0126477 0.1225566 0.07981816 0.04143164 0.008545674 0.07128598 0.06076089 0.06897496 0.04428183 0.0572006 0.005304696 0.02409427 0.04701412 0.01950025 0.01586661 0.008179802 0 0.001715757 0.02176435 0.0271123 0.03829645 0 0.02182706 0.01716138 0.01370515 0.01589588 0.004584651 0.0139189 0.02447332 0 0.00218213 0.002110512 0.02084492 0.02474568 0.02626276 0.0277907 0.005022699 0.03336094 0.02158628 0.006098596 0.01406971 0.007807619 8.037543e-006 0 0.009729452 0.007629195 0 0.002642766 0 0.02164728 0.04449416 0.04546023 0.03498938 0.06183311 0.06548325 0.01917335 0.08312558 0.0750032 0.006747789 0.007099152
-9999 0 0.05405227 0.05675866 0.05313529 0.06065655 0.005311297 0.06929975 0.04780928 0.06662402 0.01560541 0.02867782 0.05914098 0.04456285 0.009143995 0.08104201 0.05973897 0.07487527 0.08800294 0.09764031 0.0320067 0.048629 0.13146 0.1229078 0.04092043 0.06367425 0.01453418 0.07333235 0.02765187 0.02037858 0.01021925 0.03493754 0.001180351 0.007225295 0.07940298 0.02089855 0.02027656 0.01590016 0.01526135 0.007132295 0.005223222 0.03448088 0 0.03249695 0.0115644 0.03019608 0.001658665 0 0.01337181 0.008216249 0.01841971 0.01095566 0.004149004 0.01027503 0 0.0172504 0.0328527 0.001092199 0.01713242 0 0 0.006914211 0.0005008789 0.0008189161 0.0002570596 0.00867971 0.04402397 0.03912842 0.05923881 0.01594969 0.07390977 0.08534306 0.07059941 0.06127307 0.01205233 0.02867528
-9999 0.001815484 0.02384511 0.06587426 0.04674396 0.06461538 0.05408071 0.04811329 0.06018069 0.0150168 0.05075739 0.0648726 0.07520588 0.08810872 0.05598574 0.07190415 0.07017158 0.06110025 0.07062269 0.03567805 0.04680993 0.009879566 0.08116103 0.06295763 0.1081799 0.1577108 0.05400965 0.02177143 0.01837879 0.01032965 0.01963194 0.04200272 0.003552882 0.01592346 0.0496003 0.07403936 0.03407091 0.03551433 0.0626501 0.05857743 0.01704923 0.03462772 0.03856098 0.001122977 0.02049661 0.07617073 0.01552439 0.03254853 0.01394227 0.03556879 0.02141571 0.007491388 0.008498151 0.001410467 0.01737038 0.03059354 0.008836588 0.01607792 0.01727402 0.01258607 0 0.0002316291 0.001423834 0.0004968491 0.007354963 0.006080458 0.034216 0.04169238 0.07211442 0.07810301 0.1245902 0.09338955 0.04201053 0.01739698 0.02379118 0.1163566
-9999 0.07272071 0.08178867 0.04275012 0.04752763 0.02928047 0.02730563 0.04268147 0.04027758 0.01182942 7.483027e-005 0.04932605 0.04744405 0.009917062 0.04011756 0.08591794 0.01226528 0.0720385 0.06326957 0.05829296 0.005420565 0 0.005196458 0.07379955 0.1151813 0.04995889 0.006627426 0.006735526 0.01733259 0.005781343 0.0234939 0.04023096 0 0.01098033 0.0672129 0.02613007 0.0205642 0.006332892 0.02046988 0.04240735 0.01443359 0.01027132 0.01486675 0.008620062 0.005858087 0.01427043 0.0401838 0.005730114 0 0.005828169 0.002775074 0.0001823201 0.01097959 0 0.01954056 0.01036677 0.01665194 0.005708604 0.004759929 0.002407763 0 0 0.008050459 0.002520671 0.008478919 0.03206233 0.05279956 0.06901396 0.1018539 0.08989228 0.05774074 0.003496624 0.001322399 0 0.05003702 0.08253621
-9999 0.003535872 0.06580576 0.06845532 0.08786871 0.04454438 0.07051503 0.04193357 0.06233201 0.005861538 0.008056683 0 0.04705596 0.06424503 0.003546506 0.02971043 0.06073263 0.01313538 0.05125486 0.02718897 0 0 0 0.03549178 0.04222441 0.0275881 0.003079563 0 0 0.01172836 0.03285756 0.01724524 0.02369886 0.03030454 0.04533935 0.004749551 0.009286573 0.0001016981 0 0.01284712 0.01377955 0 0.003270522 0.0042422 0.006322526 0.02768314 0.008029241 0 0 0 0 0 0.001032066 0.002395504 0 0.003648046 0.03384577 0.01710238 0.01638195 0.006799777 0.01886938 0.008006809 0.002842757 0.01546413 0.03527568 0.06153128 0.1142083 0.08896615 0.09218414 0.07276092 0.06364464 0.002825199 0 0 0.003065815 0.0380738
-9999 -9999 0.009789332 0.05314039 0.04886231 0.05872988 0.01400847 0.03681925 0.06645872 0.09087828 0.05510862 0.05469634 0.04243175 0.02578751 0.009312323 0.03567777 0.01293622 0.07000346 0.03864805 0.001569099 0.002921678 0 0.01622836 0.01253279 0.002288204 0.01973889 0.005765493 0 0 0.01802257 0 0.01246853 0.02131307 0.02003614 0.1004159 0.02330664 0.0001714599 0.03176827 0.007304433 0.01701266 0.002681924 0 0 0.00448828 0.0007039551 0 0.01369213 0.001729489 0 0 0 0 0.002195406 0 0 0.007971479 0.04208063 0.03718352 0.01327306 0.03118343 0.02193539 0.01543593 0.01453 0.02128437 0.02343116 0.01968797 0.05523613 0.05156597 0.09642602 0.04732502 0.01043082 0 0 0 0.03369725 0.07060034
-9999 -9999 0 0.05099675 0.08835416 0.04385515 0.05986566 0.09252618 0.07831322 0.1034898 0.07700909 0.03269573 0.06387558 0.07492848 0.06113292 0.07019068 0.06197872 0.07789095 0.04536467 0.01168095 0.01828242 0.009107265 0.02808628 0.04256647 0.006229469 0 0.0169098 0.003845397 0.000241571 0.01723161 0.0163846 0.01845258 0.02223469 0.02202768 0.08746435 0.03008815 0.006211481 0.02737308 0.03228406 0.04124519 0.002276475 0.01925846 0 0.007553938 0.01043425 0 0.001075429 0.003215075 0 0 0 0 0 0.001802019 0.01683801 0.02050118 0.008185558 0.004575948 0.006713982 0.05681252 0.06090561 0.00331119 0.008839255 0.06621011 0.0533785 0.04586954 0.05582498 0.02314135 0.04492556 0.04996515 0 0 0.003687649 0.02901271 0.04840075 0.06217461
-9999 -9999 -9999 0.01487689 0.09341273 0.02258063 0.04737283 0.04333134 0.04997935 0.0551856 0.06132777 0.04009624 0.02951122 0.07112969 0.04660803 0.01888971 0.04456898 0.0136869 0.04048272 0.06314645 0.04174992 0.007903526 0.005737837 0.03600683 0.001536159 5.758151e-006 0.02810437 0.02577808 0.03387481 0.02178713 0.01382146 0.02035804 0.004743393 0.005706991 0.06024709 0.01677741 0.01222906 0.01539783 0.07871002 0.0440683 0.01180901 0.00709005 0.008288746 0.0178156 0.01142323 0.0003543575 0 0 0 0 0.01329888 0 0 0.007748809 0.0112239 0.01230175 0.01811579 0.004403771 0.03324828 0.01738389 0.05098549 0.06373947 0.0485962 0.02323774 0.03333827 0.05195755 0.0698664 0.07058983 0.07405002 0.05246682 0.004157134 0.0001239812 0.03820767 0.0576742 0.0593522 0.04707902
-9999 -9999 -9999 0.0009582554 0.01592896 0.004563598 0 0.000430397 0.01367502 0.0171623 0.05685956 0.04466779 0.03037876 0.0579083 0.0623226 0.04385719 0.04246572 0.0281457 0.03803778 0.01310804 0.02487842 0.01655209 0.005322129 0 0.005634428 0.0125172 0.03768111 0.01997373 0.03792993 0.01735675 0.01585321 0.003230973 0.005553244 0.005456216 0.003569446 0.03486348 0.03203969 0.00388001 0.006106197 0.0121654 0.03797623 0 0.02181428 0.004709295 0.01475022 0.01636898 0 0 7.757655e-005 0.002995146 0.03684631 0.03188304 0.01326929 0 0.01908402 0.0208857 0.006838406 0.04954379 0.03702764 0.02231088 0.05330814 0.1246648 0.09706337 0.04577204 0.05600749 0.0970562 0.05401153 0.04248962 0.01118408 0.03814548 0.0554692 0.03545429 0.07171655 0.04144127 0.04512374 0.01338968
-9999 -9999 -9999 -9999 -9999 -9999 -9999 -9999 -9999 0.008458086 0.06800244 0.03445335 0.04115508 0.05422541 0.04040363 0.04031063 0.07511359 0.06323646 0.0407513 0.06315622 0.02369189 0.05098317 0.03012683 0.007927805 0.01480294 0.02659232 0.0141424 0 0.02456935 0.01042983 0.007946679 0.01065251 0.01378462 0.003211473 0.02811309 0.01812726 0.0158155 0.001378999 0.0259204 0.06683322 0.01354939 0.0009586385 0 0.01102217 0.001107716 0 0 0 0.002572297 0.01237953 0.01747816 0.0436716 0.0012419 0.008009275 0.01955989 0.05216941 0.05163928 0.1266484 0.02642161 0.09667723 0.07813239 0.01470754 0.04328522 0.0973677 0.1094892 0.1482319 0.08454001 0.0449813 0.05079223 0.02917681 0.0236681 0.04435573 0.04902776 0.03331139 0.0733026 0.04947543
-9999 -9999 -9999 -9999 -9999 -9999 -9999 -9999 -9999 0 0.04507831 0.007631412 0.00984139 0.06032646 0.04240396 0.03086755 0.05503352 0.02184829 0.01680128 0.03702644 0.02916356 0.02184185 0.06438777 0.03418402 0.0342694 0.03161784 0.006425631 0.01035714 0.04458965 0.02682053 0.02175645 0.05646213 0.0420082 0.02490011 0.07083862 0.02955649 0 0 0.009299619 0.01500292 0.02488787 0.01263375 0 0.03355289 0.0160095 0.05652418 0.00414283 0.006553469 0.01188202 0.0112481 0.08577131 0.113309 0.01642937 0.0835129 0.06527656 0.1029262 0.08493264 0.1039291 0.05714419 0.1081949 0.09453311 0.04545716 0.06035737 0.1083824 0.07211892 0.0407218 0.08929687 0.09851801 0.1167281 0.06837697 0.0713428 0.04157204 0.06182877 0.02173109 0.08113159 0.09434433
-9999 -9999 -9999 -9999 -9999 -9999 -9999 -9999 -9999 -9999 0.005691163 0.006112147 0.00856115 0.06628299 0.08448564 0.02252025 0.02853616 0.01559659 0.03139617 0.03062333 0.00320414 0.04543786 0.04468387 0.02302062 0.02709793 0.0857396 0.03773107 0.06996848 0.01743001 0.05381634 0.05284884 0.05244779 0.00878005 0.04067869 0.02508958 0.02325896 0 0 0 0.004536774 0.008313264 0.02215345 0 0.005025883 0.06711388 0.01104638 0.02019046 0.04163284 0.1041488 0.03649921 0.05640067 0.05888822 0.06799 0.08361673 0.06934608 0.03577652 0.09068621 0.08164512 0.1177275 0.09002721 0.06417103 0.06979014 0.09251509 0.03978576 0.01992702 0.01578477 0.1102622 0.06427746 0.1182321 0.07146067 0.02564373 0.05879654 0.08115089 0.04916121 0.052746 0.04874989
-9999 -9999 -9999 -9999 -9999 -9999 -9999 -9999 -9999 -9999 0 0 0.01275523 0.06568862 0.03605512 0.02695543 0.003227117 0.0544075 0.06317755 0.04537453 0.03633952 0.0297018 0.01723099 0.01374501 0.1138204 0.08222337 0.05762047 0.03940127 0.03907882 0.02142537 0.007233938 0.001480773 0 0.001511834 0.02674438 0.0373578 0.007824059 -9999 -9999 7.75896e-005 0.04688787 0.03779436 0.02528814 0.01522815 0.02995683 0 0.01959207 0.03966394 0.02149962 0.05409561 0.04966579 0.0730337 0.1090132 0.05045295 0.0434329 0.02001194 0.06066279 0.03509714 0.06620263 0.09009946 0.05622568 0.03436126 0.05065511 0.01216607 0.03067333 0.03436282 0.06741261 0.05267579 0.0778541 0.03984566 0.02940259 0.1231601 0.08688121 0.05310751 0.04888811 0.02904523
-9999 -9999 -9999 -9999 -9999 -9999 -9999 -9999 -9999 -9999 -9999 -9999 0.02734267 0.02659293 0.03356976 0.01465781 0.06258946 0.01933082 0.05650328 0.02711224 0.03977547 0.04146914 0.05279918 0.04647703 0.07108767 0.1121782 0.03716859 0.06058852 0.01236864 0.002348392 0.001646133 0.005651427 -9999 -9999 0 0 -9999 -9999 -9999 -9999 0.02213131 0.03522548 0.02137848 0.03653881 0.02912178 0.01485336 0.07482368 0.04758434 0.05115897 0.05979504 0.03003916 0.02921139 0.09064154 0.1076327 0.05572622 0.05331377 0.005713452 0.07771678 0.05014193 0.04188835 0.001833678 0.008752505 0.0176738 0.006959278 0.08001897 0.05959431 0.0414816 0.04059524 0.05006478 0.0727465 0.05777236 0.08451633 0.02850548 0.01519184 0.05085319 0.02420706
-9999 -9999 -9999 -9999 -9999 -9999 -9999 -9999 -9999 -9999 -9999 -9999 0.02236309 0.03892037 0.1163571 0.03322013 0.0391641 0.06382228 0.08447713 0.02915401 0.07598332 0.02652315 0.01275247 0.02188391 0.09842145 0.05707238 0.06925489 0.03993683 0.003580114 0 -9999 -9999 -9999 -9999 -9999 -9999 -9999 -9999 -9999 -9999 9.319682e-005 0.02539554 0.04345839 0.05428692 0.02771827 0.00879852 0.03133289 0.0447029 0.05985317 0.08934961 0.02456151 0.047177 0.1722138 0.152208 0.1245092 0.09882808 0.02315853 0.03144314 0.06367077 0.05419986 0.01005942 0.03760993 0.07938768 0.02322217 0.03478009 0.01213169 0.0189645 0.0531625 0.07180219 0.01708734 0.02904013 0.02444481 0.03291166 0.01905721 0.01292438 0.01534598
-9999 -9999 -9999 -9999 -9999 -9999 -9999 -9999 -9999 -9999 -9999 -9999 -9999 0.01042785 0.04301481 0.0512996 0.02858399 0.04164369 0.06544903 0.02537024 0.04003859 0.06172913 0.05540045 0.06239466 0.05306318 0.004985246 0.03591105 0.003093693 -9999 -9999 -9999 -9999 -9999 -9999 -9999 -9999 -9999 -9999 -9999 -9999 -9999 0.003548241 0 0 0 0 0.00783957 0.08042851 0.1164704 0.03077724 0.05758298 0.07624526 0.1080115 0.07854167 0.05412562 0.1195494 0.07834273 0.03729488 0.09901968 0.01731481 0.01274983 0.03998682 0.0374329 0.005740253 0.0001523991 0.03704599 0.05622868 0.03616879 0.02052863 0.0003164599 8.817134e-005 0.005070706 0.09755136 0.007134305 0.008207452 0.03623649
-9999 -9999 -9999 -9999 -9999 -9999 -9999 -9999 -9999 -9999 -9999 -9999 -9999 0.003554299 0 0.02952368 0.01644566 0.04887838 0.05585672 0.03774614 0.02991235 0.03676334 0.07702062 0.06021544 0.01412455 0.0003185757 -9999 -9999 -9999 -9999 -9999 -9999 -9999 -9999 -9999 -9999 -9999 -9999 -9999 -9999 -9999 0 0 0 0 0 0 0.04041002 0.05810867 0.05920214 0.06989539 0.1449058 0.1459854 0.1145568 0.04416145 0.08795729 0.09396397 0.03141353 0.07962254 0.03963741 0.08920997 0.05743483 0.08040062 0.05830113 0.08503475 0.0733996 0.1002114 0.1215008 0.05128009 0.02320884 0 0.003124076 0.004623893 0.008030285 0.01387388 0.007418775
-9999 -9999 -9999 -9999 -9999 -9999 -9999 -9999 -9999 -9999 -9999 -9999 -9999 0 0.02546503 0.01191656 0.02249607 0.05289651 0.0604208 0.09107352 0.007088499 0.01137088 0.0218628 0.1167073 0.01743848 0 -9999 -9999 -9999 -9999 -9999 -9999 -9999 -9999 -9999 -9999 -9999 -9999 -9999 -9999 -9999 -9999 0 0 0 0 0.01017738 0.07553681 0.06065091 0.03691906 0.07220026 0.09190265 0.04337711 0.1587837 0.1581243 0.09349278 0.0937995 0.05910509 0.05056729 0.05821174 0.06843387 0.09953488 0.07687758 0.03389357 0.01148571 0.03450896 0.0546701 0.08162605 0.02860688 0.04252697 0.005457782 0.01039321 0.006347935 0.03134952 0.0356457 1.635823e-005
-9999 -9999 -9999 -9999 -9999 -9999 -9999 -9999 -9999 -9999 -9999 -9999 -9999 -9999 1.27188e-006 0.07317171 0.04312705 0.03022506 0.03048733 0.0711131 0.0272038 0.08477319 0.06175111 0.0458313 0 -9999 -9999 -9999 -9999 -9999 -9999 -9999 -9999 -9999 -9999 -9999 -9999 -9999 -9999 -9999 -9999 -9999 0 0 0.003773719 0.02950449 0.06586627 0.07993356 0.07299468 0.08373521 0.009700123 0.0101612 0.07319304 0.07338202 0.1178987 0.1122351 0.04686388 0.06652418 0.0934281 0.1176219 0.1193722 0.05427698 0.1176775 0.0815234 0.07053725 0.083204 0.1063921 0.03231102 0.04751515 0.0411938 0.02146243 0.03789056 0.05022446 0.02309418 0.005768979 0.022089
-9999 -9999 -9999 -9999 -9999 -9999 -9999 -9999 -9999 -9999 -9999 -9999 -9999 -9999 -9999 0 0 -9999 0.008054171 0.02365836 0.09690551 0.04706388 0.0180741 0.07070111 0.0008549507 -9999 -9999 -9999 -9999 -9999 -9999 -9999 -9999 -9999 -9999 -9999 -9999 -9999 -9999 -9999 -9999 -9999 0 0 0.01203684 0.005730855 0.05667166 0.0454169 0.07652362 0.0101823 0.02098206 0.05280869 0.05809356 0.08125175 0.02879571 0.1510145 0.09708089 0.05181544 0.1364398 0.1298951 0.1426428 0.08377608 0.07760466 0.0980629 0.08891184 0.04557944 0.097859 0.07272314 0.04377201 0.03594417 0.007036779 0.0600321 0.08680937 0.0256425 0.01031148 0.04422972
-9999 -9999 -9999 -9999 -9999 -9999 -9999 -9999 -9999 -9999 -9999 -9999 -9999 -9999 -9999 -9999 -9999 -9999 -9999 0.02065223 0.02228225 0.04849421 0.08962411 0.05986547 -9999 -9999 -9999 -9999 -9999 -9999 -9999 -9999 -9999 -9999 -9999 -9999 -9999 -9999 -9999 -9999 -9999 -9999 -9999 0 0.01307657 0.002929343 0.005914211 0.04896337 0.09467759 0.0061606 0.07684626 0.0717686 0.03020396 0.1011312 0.08065563 0.05396642 0.08929087 0.08932656 0.1118087 0.09607276 0.1276907 0.06284346 0.04776141 0.1404096 0.1742455 0.1095032 0.09341982 0.1211824 0.09203985 0.05009371 0.04672082 0.0553601 0.03625456 0.02095875 0.01151725 0.01091296
-9999 -9999 -9999 -9999 -9999 -9999 -9999 -9999 -9999 -9999 -9999 -9999 -9999 -9999 -9999 -9999 -9999 -9999 -9999 -9999 -9999 0.01575977 0.01965164 -9999 -9999 -9999 -9999 -9999 -9999 -9999 -9999 -9999 -9999 -9999 -9999 -9999 -9999 -9999 -9999 -9999 -9999 -9999 -9999 -9999 -9999 -9999 0.002914066 0.02891126 0.05389054 0.09997343 0.08747651 0.08405652 0.07776903 0.01909661 0.0446531 0.06218385 0.1183172 0.2162602 0.1140117 0.0654316 0.06894397 0.122171 0.08270454 0.1400619 0.1149012 0.07312226 0.05358131 0.1173132 0.125508 0.06512844 0.02906272 0.01819441 0.05094108 0.03018211 0 0.01810298
-9999 -9999 -9999 -9999 -9999 -9999 -9999 -9999 -9999 -9999 -9999 -9999 -9999 -9999 -9999 -9999 -9999 -9999 -9999 -9999 -9999 -9999 -9999 -9999 -9999 -9999 -9999 -9999 -9999 -9999 -9999 -9999 -9999 -9999 -9999 -9999 -9999 -9999 -9999 -9999 -9999 -9999 -9999 -9999 -9999 -9999 0.005631756 0.0450346 0.07320219 0.1183 0.09444115 0.09047823 0.08017245 0.08998038 0.04195756 0.09596321 0.09804417 0.1272222 0.1140024 0.07762086 0.101072 0.150867 0.1068568 0.1320546 0.09377478 0.0807901 0.07110619 0.08513261 0.1147248 0.04957506 0.06016302 0.03064535 0.05191741 0.03599885 0.005705077 0.02710491
-9999 -9999 -9999 -9999 -9999 -9999 -9999 -9999 -9999 -9999 -9999 -9999 -9999 -9999 -9999 -9999 -9999 -9999 -9999 -9999 -9999 -9999 -9999 -9999 -9999 -9999 -9999 -9999 -9999 -9999 -9999 -9999 -9999 -9999 -9999 -9999 -9999 -9999 -9999 -9999 -9999 -9999 -9999 -9999 -9999 -9999 0.00101575 0.07012988 0.1320138 0.08474536 0.09296955 0.0461399 0.06112823 0.04936051 0.03327854 0.108507 0.09220532 0.1119133 0.08071432 0.104642 0.137848 0.1235964 0.06994876 0.1010334 0.06627814 0.1021875 0.05767906 0.08489621 0.05945383 0.03052553 0.005905687 0.03391213 0.04789564 0.02111494 0.02519482 0.02642572
-9999 -9999 -9999 -9999 -9999 -9999 -9999 -9999 -9999 -9999 -9999 -9999 -9999 -9999 -9999 -9999 -9999 -9999 -9999 -9999 -9999 -9999 -9999 -9999 -9999 -9999 -9999 -9999 -9999 -9999 -9999 -9999 -9999 -9999 -9999 -9999 -9999 -9999 -9999 -9999 -9999 -9999 -9999 -9999 -9999 -9999 0.02018443 0.1416055 0.1146431 0.1004846 0.04478462 0.09622691 0.079263 0.06488416 0.05787158 0.1221892 0.06482393 0.0954365 0.08659118 0.120656 0.1359266 0.07561357 0.0677008 0.09028855 0.04779832 0.0862409 0.08133714 0.150226 0.0723034 0.02416404 0.008313195 0.05062766 0.04145585 0.02885135 0.05226695 0.03560294
-9999 -9999 -9999 -9999 -9999 -9999 -9999 -9999 -9999 -9999 -9999 -9999 -9999 -9999 -9999 -9999 -9999 -9999 -9999 -9999 -9999 -9999 -9999 -9999 -9999 -9999 -9999 -9999 -9999 -9999 -9999 -9999 -9999 -9999 -9999 -9999 -9999 -9999 -9999 -9999 -9999 -9999 -9999 -9999 -9999 0.00226856 0.1080438 0.09982606 0.09165575 0.09715275 0.1166903 0.09862181 0.07727519 0.08677212 0.0528656 0.07628944 0.08145131 0.05228452 0.07743875 0.1038919 0.0971052 0.1207144 0.06764587 0.04566272 0.1010869 0.07552444 0.1097617 0.06949518 0.06984846 0.09220112 0.05339632 0.05182003 0.002741992 0.05337615 0.03716501 0.032008
-9999 -9999 -9999 -9999 -9999 -9999 -9999 -9999 -9999 -9999 -9999 -9999 -9999 -9999 -9999 -9999 -9999 -9999 -9999 -9999 -9999 -9999 -9999 -9999 -9999 -9999 -9999 -9999 -9999 -9999 -9999 -9999 -9999 -9999 -9999 -9999 -9999 -9999 -9999 -9999 -9999 -9999 -9999 -9999 -9999 0.001259572 0.07982561 0.1266255 0.08201177 0.08503505 0.1211578 0.1238184 0.06275512 0.06606546 0.02735912 0.04590699 0.04226358 0.01313914 0.06656891 0.1012935 0.08633029 0.09631264 0.1050682 0.05977033 0.06951131 0.07426249 0.127705 0.07558572 0.07800122 0.09715137 0.1058783 0.06506678 0.04858582 0.0746722 0.09148438 0.02385613
-9999 -9999 -9999 -9999 -9999 -9999 -9999 -9999 -9999 -9999 -9999 -9999 -9999 -9999 -9999 -9999 -9999 -9999 -9999 -9999 -9999 -9999 -9999 -9999 -9999 -9999 -9999 -9999 -9999 -9999 -9999 -9999 -9999 -9999 -9999 -9999 -9999 -9999 -9999 -9999 -9999 -9999 -9999 -9999 -9999 -9999 0.06608562 0.06972443 0.07416078 0.08313935 0.08800407 0.08673444 0.0983126 0.06975019 0.02052462 0.04821248 0.08200894 0.08856226 0.04443264 0.09650343 0.05537538 0.08788579 0.06546872 0.0557061 0.06783509 0.1028533 0.09473373 0.07063436 0.0496046 0.05902807 0.05303283 0.09138408 0.05576156 0.07215393 0.08110939 0.004969388
-9999 -9999 -9999 -9999 -9999 -9999 -9999 -9999 -9999 -9999 -9999 -9999 -9999 -9999 -9999 -9999 -9999 -9999 -9999 -9999 -9999 -9999 -9999 -9999 -9999 -9999 -9999 -9999 -9999 -9999 -9999 -9999 -9999 -9999 -9999 -9999 -9999 -9999 -9999 -9999 -9999 -9999 -9999 -9999 -9999 -9999 0.05792937 0.09398711 0.07929917 0.03556537 0.09740095 0.07086496 0.09443618 0.07297358 0.06464697 0.02344977 0.08258522 0.1420221 0.06393568 0.07451511 0.06346918 0.06330181 0.1041671 0.07454796 0.1203823 0.0971169 0.07904518 0.07075667 0.03400796 0.0361089 0.05279899 0.08190145 0.06946238 0.0374539 0.03842334 0.05869675
-9999 -9999 -9999 -9999 -9999 -9999 -9999 -9999 -9999 -9999 -9999 -9999 -9999 -9999 -9999 -9999 -9999 -9999 -9999 -9999 -9999 -9999 -9999 -9999 -9999 -9999 -9999 -9999 -9999 -9999 -9999 -9999 -9999 -9999 -9999 -9999 -9999 -9999 -9999 -9999 -9999 -9999 -9999 -9999 -9999 -9999 0.01419532 0.1025108 0.09996215 0.05294461 0.0773546 0.03463632 0.08446418 0.05616592 0.04371289 0.0126145 0.01777585 0.06418028 0.06868844 0.09870314 0.0423139 0.01938103 0.08961783 0.04562407 0.1144589 0.05502642 0.07236244 0.01414718 0.07091197 0.06398934 0.09093086 0.07972484 0.1019209 0.03993329 0.08434485 0.07264266
-9999 -9999 -9999 -9999 -9999 -9999 -9999 -9999 -9999 -9999 -9999 -9999 -9999 -9999 -9999 -9999 -9999 -9999 -9999 -9999 -9999 -9999 -9999 -9999 -9999 -9999 -9999 -9999 -9999 -9999 -9999 -9999 -9999 -9999 -9999 -9999 -9999 -9999 -9999 -9999 -9999 -9999 -9999 -9999 -9999 -9999 0.008142975 0.0765122 0.1095155 0.07473794 0.06521322 0.04263409 0.02181264 0.08624297 0.00943812 0.0005539303 0.005697383 0.05448447 0.02851609 0.02715655 0.02469574 0.05827951 0.08822886 0.07059558 0.0593023 0.0624659 0.0451422 0.05678301 0.08576786 0.106898 0.06700327 0.02387762 0.08469625 0.02211731 0.07791717 0.07381462
