EnvRasters/Baseline_High/tal.asc
ncols         270
nrows         223
xllcorner     24099.479091542
yllcorner     21023.840179216
cellsize      1003.8986847201
NODATA_value  -9999
[rows 64 to 95 of 223, columns 0 to 71 of 270]
0.08899 0.72219 0.88995 0.68395 0.93582 0.97323 0.90168 0.82708 0.94172 0.90847 0.86203 0.9096 0.86084 0.94239 0.93179 0.95551 0.89523 0.89673 0.8602 0.92689 0.86055 0.93811 0.94021 0.89258 0.93561 0.90161 0.63118 0.82043 0.83026 0.88711 0.77732 0.7991 0.87166 0.8678 0.75398 0.81636 0.82704 0.27862 0.25618 0.1292 0.23646 0.19065 0.09409 0.04816 0.0073 0.21494 0.28174 0.18637 0.84101 0.83762 0.80606 0.72478 0.76063 0.58977 0.54967 0.86482 0.73313 0.48651 0.45898 0.56659 0.50848 0.25569 0.39409 0.68308 0.89823 0.80725 0.76992 0.68192 0.66335 0.6757 0.61473 0.88849
-9999 0.13251 0.88436 0.85595 0.97056 0.97011 0.91531 0.80932 0.92564 0.86916 0.94101 0.84459 0.8901 0.7655 0.85679 0.8915 0.94189 0.8451 0.85444 0.86357 0.93953 0.94174 0.8039 0.34347 0.41323 0.86032 0.61938 0.90971 0.94053 0.96014 0.8094 0.849 0.95818 0.91149 0.6686 0.91275 0.86878 0.51204 0.63511 0.43581 0.47848 0.56314 0.2882 0.09947 0.01091 0.18752 0.21769 0.10509 0.38165 0.52996 0.51867 0.5112 0.26169 0.25998 0.63585 0.45484 0.83235 0.63717 0.81103 0.67581 0.12834 0.13521 0.67304 0.72382 0.58716 0.86082 0.65782 0.79491 0.63571 0.25241 0.66864 0.68344
-9999 0.11115 0.89527 0.944 0.89762 0.93685 0.90578 0.79233 0.85204 0.78617 0.84023 0.90847 0.97575 0.9039 0.62535 0.84863 0.94606 0.96438 0.8412 0.8005 0.91578 0.86525 0.84295 0.74347 0.7118 0.8998 0.93974 0.90107 0.94979 0.92084 0.70545 0.80206 0.89143 0.82013 0.78567 0.776 0.84936 0.67987 0.79108 0.82764 0.75491 0.78798 0.47514 0.12652 0.10906 0.4993 0.68872 0.22887 0.50249 0.70801 0.56344 0.63142 0.36068 0.66113 0.42238 0.15732 0.47538 0.15961 0.35697 0.60247 0.4248 0.26424 0.4681 0.52261 0.63985 0.79853 0.49984 0.66414 0.88494 0.84342 0.78179 0.49243
-9999 0.19178 0.94687 0.96128 0.80078 0.62476 0.92533 0.79267 0.60697 0.87993 0.87705 0.84597 0.84422 0.84355 0.82794 0.93154 0.87479 0.90695 0.87551 0.44631 0.52338 0.90495 0.92991 0.9506 0.86947 0.77998 0.96048 0.92829 0.87221 0.89664 0.57669 0.52579 0.74201 0.5765 0.6285 0.91578 0.747 0.4893 0.65075 0.7755 0.70789 0.83814 0.75147 0.50974 0.7549 0.5967 0.80161 0.81963 0.77515 0.86439 0.8992 0.78851 0.2777 0.3439 0.42523 0.14003 0.42585 0.13014 0.21864 0.86404 0.67741 0.73899 0.36696 0.64058 0.73223 0.64003 0.27425 0.9131 0.91583 0.8823 0.67774 0.86771
-9999 0.11213 0.93731 0.96821 0.9219 0.88635 0.81079 0.57571 0.52583 0.91675 0.88777 0.91401 0.91359 0.93993 0.94987 0.8943 0.33037 0.7322 0.9369 0.82834 0.3569 0.92325 0.91962 0.97875 0.82988 0.85206 0.94021 0.9493 0.93688 0.77712 0.66067 0.83809 0.84781 0.23252 0.50641 0.80207 0.83565 0.53544 0.8853 0.79775 0.81774 0.72691 0.81453 0.8539 0.84529 0.68598 0.20659 0.69521 0.7228 0.6363 0.68203 0.83343 0.34762 0.32009 0.41507 0.42802 0.55443 0.43593 0.00896 0.02766 0.19349 0.56337 0.53327 0.80957 0.72065 0.80929 0.88057 0.86558 0.7121 0.83314 0.80888 0.68197
-9999 0.11566 0.97215 0.96186 0.95861 0.93362 0.66186 0.75185 0.74121 0.95544 0.88783 0.92486 0.96646 0.90731 0.671 0.95032 0.96402 0.87537 0.90025 0.8946 0.26964 0.62114 0.95128 0.82839 0.86103 0.95032 0.8182 0.88069 0.63356 0.57206 0.89087 0.89644 0.86936 0.8777 0.95236 0.8934 0.8791 0.87885 0.78286 0.76962 0.75682 0.64007 0.70256 0.81725 0.72486 0.60249 0.36134 0.73628 0.61892 0.53635 0.5395 0.51865 0.6163 0.41054 0.05038 0.35358 0.83915 0.6087 0.19525 0.01993 0.06272 0.29342 0.26869 0.78212 0.5657 0.62082 0.86565 0.73009 0.83142 0.75812 0.86267 0.81598
-9999 0.03968 0.70286 0.89387 0.83091 0.84433 0.73148 0.9163 0.93929 0.74593 0.69309 0.94067 0.93389 0.75285 0.45352 0.96572 0.87794 0.92514 0.67045 0.84392 0.56774 0.11415 0.60226 0.8023 0.80915 0.82808 0.69618 0.56069 0.31944 0.72291 0.92083 0.92003 0.89317 0.89746 0.88191 0.8506 0.83592 0.81118 0.87863 0.65203 0.86561 0.50997 0.43882 0.85268 0.83909 0.8622 0.47495 0.89449 0.55796 0.78879 0.6783 0.3529 0.35362 0.22523 0.52044 0.67778 0.82044 0.75181 0.37083 0.44121 0.14471 0.15023 0.45435 0.83457 0.87052 0.79453 0.82661 0.82399 0.83977 0.93118 0.87645 0.84624
-9999 0.63075 0.74582 0.85961 0.93034 0.82301 0.86227 0.9027 0.75347 0.24701 0.02478 0.43105 0.81106 0.71533 0.68196 0.9155 0.4823 0.5958 0.94974 0.77876 0.29245 0.02002 0.47101 0.77362 0.9122 0.93645 0.57221 0.81021 0.76421 0.78727 0.8235 0.95193 0.96673 0.94155 0.8463 0.75464 0.92405 0.49563 0.49219 0.86778 0.83718 0.71231 0.49502 0.73904 0.58473 0.68406 0.82705 0.62744 0.14626 0.57586 0.18751 0.11176 0.38903 0.393 0.66339 0.64804 0.62313 0.31385 0.6211 0.36658 0.15853 0.10022 0.21098 0.57818 0.79051 0.7772 0.90256 0.88838 0.81843 0.87174 0.80212 0.3013
-9999 0.13437 0.62686 0.95895 0.92786 0.94072 0.8762 0.91009 0.81304 0.24422 0.07847 0.18589 0.75382 0.91343 0.85916 0.93834 0.72159 0.37834 0.85519 0.39413 0.02853 0.02035 0.11706 0.60588 0.81618 0.59984 0.74896 0.44831 0.30579 0.85496 0.75732 0.66636 0.95359 0.91601 0.95387 0.62524 0.27101 0.81195 0.44441 0.84312 0.65774 0.45737 0.34491 0.63051 0.84031 0.53655 0.13655 0.05912 0 0.05558 0.1694 0.00996 0.21144 0.45821 0.05524 0.46996 0.35959 0.58633 0.5279 0.70136 0.93099 0.57854 0.41538 0.75902 0.67996 0.63038 0.92677 0.88135 0.80364 0.79923 0.5423 0.04868
-9999 -9999 0.24096 0.88241 0.92874 0.84479 0.70266 0.92498 0.76417 0.8559 0.84532 0.89167 0.88789 0.92847 0.93894 0.93718 0.96284 0.96504 0.96775 0.61125 0.26763 0.24542 0.39975 0.73056 0.88608 0.52903 0.56023 0.54455 0.81985 0.63727 0.71423 0.85592 0.93847 0.90201 0.78763 0.76317 0.61342 0.70289 0.78736 0.8878 0.33484 0.409 0.19309 0.2447 0.31359 0.19777 0.39163 0.1078 0.01889 0.23871 0 0.01964 0.24345 0.54722 0.16845 0.3993 0.67486 0.60883 0.80835 0.73048 0.46198 0.65901 0.56109 0.77661 0.7752 0.7725 0.88172 0.90779 0.83319 0.62553 0.2229 0.03986
-9999 -9999 0 0.85324 0.91272 0.77735 0.88006 0.92511 0.86017 0.9125 0.96988 0.91235 0.94812 0.94021 0.97011 0.96317 0.97011 0.95023 0.94246 0.82797 0.56075 0.70016 0.89172 0.67181 0.76047 0.69123 0.63424 0.72186 0.54929 0.71512 0.67058 0.89313 0.91598 0.85358 0.92915 0.84538 0.9176 0.80392 0.95871 0.95687 0.34587 0.604 0.52215 0.20972 0.22319 0.17078 0.16612 0.06504 0.01993 0.06563 0.06928 0.01053 0.29809 0.51157 0.66663 0.76538 0.21888 0.15999 0.41424 0.76147 0.88111 0.75711 0.33228 0.71051 0.79673 0.66503 0.86646 0.87054 0.50453 0.54008 0.15615 0.00996
-9999 -9999 -9999 0.6662 0.94184 0.67089 0.54579 0.90687 0.91797 0.89022 0.91328 0.94203 0.68485 0.96259 0.88727 0.92457 0.97302 0.55635 0.58368 0.86362 0.91328 0.83367 0.73679 0.56216 0.418 0.45106 0.4842 0.8467 0.94337 0.9179 0.85281 0.8421 0.75785 0.85277 0.86214 0.76301 0.85046 0.86984 0.96071 0.86006 0.88034 0.5179 0.45792 0.74023 0.32668 0.0992 0.1183 0 0 0.01558 0.11946 0.07291 0.33405 0.62943 0.80977 0.70947 0.53492 0.69512 0.54121 0.87573 0.8557 0.87381 0.78024 0.63245 0.59366 0.70228 0.89008 0.8252 0.45817 0.92801 0.47802 0.06759
-9999 -9999 -9999 0.05055 0.17097 0.06554 0.04992 0.20004 0.21936 0.43648 0.91934 0.89759 0.82061 0.85634 0.93057 0.96614 0.89276 0.84474 0.6484 0.8665 0.76998 0.82561 0.76885 0.11473 0.37822 0.80226 0.92991 0.80019 0.90008 0.87397 0.68629 0.89374 0.8616 0.76482 0.3608 0.64669 0.73602 0.60775 0.7124 0.88349 0.82689 0.03373 0.2721 0.49911 0.38093 0.47745 0.28548 0.03986 0.00436 0.0685 0.40928 0.59818 0.07638 0.00996 0.57534 0.4113 0.77306 0.78421 0.84806 0.48412 0.74383 0.77934 0.75958 0.76394 0.74502 0.81114 0.74055 0.42841 0.30202 0.75074 0.8393 0.6881
-9999 -9999 -9999 -9999 -9999 -9999 -9999 -9999 -9999 0.18282 0.99722 0.79467 0.96014 0.94021 0.9142 0.80378 0.96241 0.9529 0.75802 0.91543 0.93825 0.88737 0.91134 0.46813 0.79966 0.80989 0.89711 0.93364 0.79948 0.84184 0.91845 0.90203 0.82633 0.81898 0.33661 0.64044 0.65957 0.11499 0.38479 0.759 0.46937 0.0373 0.02956 0.24239 0.28429 0.15764 0.07526 0.02989 0.04523 0.11567 0.32911 0.53753 0.09486 0.05798 0.35774 0.67798 0.78064 0.89638 0.65558 0.71912 0.91204 0.6509 0.4233 0.76298 0.81261 0.89949 0.61436 0.63661 0.80867 0.72899 0.61583 0.67711
-9999 -9999 -9999 -9999 -9999 -9999 -9999 -9999 -9999 0.07911 0.93143 0.68075 0.73493 0.80584 0.79369 0.85593 0.93741 0.98536 0.85948 0.95745 0.70006 0.8966 0.84517 0.91886 0.94937 0.9432 0.693 0.9426 0.89316 0.71588 0.96315 0.89187 0.83577 0.76737 0.89738 0.69837 0.00432 0 0.1466 0.514 0.63717 0.55851 0.23158 0.52752 0.33213 0.40409 0.20482 0.24918 0.23707 0.16473 0.65961 0.87548 0.35736 0.72706 0.50317 0.89089 0.81979 0.90179 0.71114 0.77645 0.80754 0.75103 0.77062 0.92836 0.69183 0.72555 0.73581 0.79873 0.90077 0.86918 0.68046 0.78967
-9999 -9999 -9999 -9999 -9999 -9999 -9999 -9999 -9999 -9999 0.32281 0.64171 0.5128 0.75167 0.8798 0.88707 0.59122 0.64355 0.89914 0.87652 0.53539 0.72674 0.93772 0.89491 0.94592 0.90053 0.55829 0.88713 0.88177 0.62225 0.85077 0.73003 0.39583 0.54119 0.8576 0.47936 0.01993 0 0.0716 0.33872 0.54752 0.52643 0.20689 0.22373 0.52938 0.308 0.28706 0.60113 0.92053 0.62064 0.9503 0.80156 0.80929 0.91629 0.72027 0.73123 0.86793 0.86809 0.86476 0.87821 0.80696 0.96374 0.86171 0.62147 0.30525 0.40299 0.83855 0.84406 0.92723 0.69799 0.50222 0.73262
-9999 -9999 -9999 -9999 -9999 -9999 -9999 -9999 -9999 -9999 0 0.14998 0.72675 0.85443 0.81986 0.44872 0.39157 0.86535 0.96014 0.94242 0.94072 0.91702 0.96262 0.92115 0.99815 0.97922 0.89083 0.72915 0.55086 0.2952 0.25416 0.05087 0.01993 0.1651 0.59997 0.65491 0.14595 -9999 -9999 0.08939 0.61075 0.72725 0.71843 0.57044 0.5591 0.37185 0.65411 0.80531 0.80976 0.78151 0.72104 0.93026 0.8818 0.93363 0.75798 0.45708 0.80141 0.66828 0.65163 0.7347 0.68896 0.75387 0.69234 0.33902 0.42451 0.41534 0.85966 0.84911 0.94285 0.80316 0.66149 0.86144
-9999 -9999 -9999 -9999 -9999 -9999 -9999 -9999 -9999 -9999 -9999 -9999 0.70465 0.72449 0.85369 0.85526 0.91632 0.91223 0.94635 0.94766 0.96014 0.79258 0.77618 0.98723 0.87824 0.8936 0.80937 0.91969 0.38805 0.18518 0.17011 0.04365 -9999 -9999 0.04548 0.05443 -9999 -9999 -9999 -9999 0.36456 0.57958 0.30282 0.6661 0.664 0.41503 0.72563 0.68031 0.60791 0.45597 0.6741 0.85099 0.77098 0.85191 0.86695 0.73215 0.47828 0.71114 0.79088 0.4989 0.19322 0.71341 0.5121 0.23035 0.89448 0.71064 0.73506 0.76304 0.7678 0.80214 0.69747 0.83255
-9999 -9999 -9999 -9999 -9999 -9999 -9999 -9999 -9999 -9999 -9999 -9999 0.4963 0.94203 0.92565 0.95383 0.95701 0.93025 0.84047 0.97021 0.9002 0.81244 0.93134 0.94764 0.98445 0.74812 0.67412 0.85971 0.28 0.00996 -9999 -9999 -9999 -9999 -9999 -9999 -9999 -9999 -9999 -9999 0.05436 0.42566 0.73293 0.74217 0.36086 0.57229 0.78768 0.46364 0.82386 0.87203 0.54935 0.92078 0.94505 0.9468 0.88682 0.95902 0.32042 0.50559 0.84932 0.86147 0.28615 0.71572 0.76928 0.3148 0.38611 0.44073 0.59319 0.7039 0.77438 0.62414 0.66523 0.53586
-9999 -9999 -9999 -9999 -9999 -9999 -9999 -9999 -9999 -9999 -9999 -9999 -9999 0.32504 0.90157 0.96399 0.78308 0.86324 0.90506 0.94021 0.96721 0.95089 0.9456 0.93619 0.75252 0.18224 0.28968 0.08857 -9999 -9999 -9999 -9999 -9999 -9999 -9999 -9999 -9999 -9999 -9999 -9999 -9999 0.18283 0.10014 0.32704 0.19836 0.11911 0.40451 0.72783 0.9603 0.86013 0.92056 0.88218 0.97011 0.90458 0.68946 0.86495 0.95736 0.74537 0.88864 0.57229 0.22289 0.64127 0.58304 0.12431 0.13428 0.37244 0.61382 0.57317 0.50075 0.37225 0.28528 0.32459
-9999 -9999 -9999 -9999 -9999 -9999 -9999 -9999 -9999 -9999 -9999 -9999 -9999 0.13115 0.94427 0.95307 0.68581 0.94967 0.98286 0.89889 0.5499 0.67698 0.69942 0.94982 0.34213 0 -9999 -9999 -9999 -9999 -9999 -9999 -9999 -9999 -9999 -9999 -9999 -9999 -9999 -9999 -9999 0 0 0.00996 0.00787 0.05489 0.039 0.47112 0.89618 0.82138 0.88464 0.79424 0.93319 0.81406 0.6376 0.7041 0.88919 0.42661 0.81018 0.72414 0.81069 0.75551 0.69072 0.78222 0.73284 0.84047 0.80224 0.84283 0.76402 0.47322 0.03625 0.05102
-9999 -9999 -9999 -9999 -9999 -9999 -9999 -9999 -9999 -9999 -9999 -9999 -9999 0.00316 0.80864 0.93218 0.94455 0.96522 0.89246 0.95054 0.59806 0.42933 0.40933 0.81321 0.59235 0.01052 -9999 -9999 -9999 -9999 -9999 -9999 -9999 -9999 -9999 -9999 -9999 -9999 -9999 -9999 -9999 -9999 0 0.00996 0.0581 0.10492 0.43395 0.55322 0.65081 0.82538 0.78059 0.81297 0.61992 0.89638 0.97235 0.93358 0.90119 0.83341 0.9019 0.83679 0.81084 0.83174 0.88157 0.71616 0.41194 0.56354 0.73193 0.94958 0.82205 0.49974 0.18296 0.07378
-9999 -9999 -9999 -9999 -9999 -9999 -9999 -9999 -9999 -9999 -9999 -9999 -9999 -9999 0.20236 0.76602 0.94769 0.7956 0.75683 0.94021 0.73372 0.88211 0.83535 0.46317 0.07448 -9999 -9999 -9999 -9999 -9999 -9999 -9999 -9999 -9999 -9999 -9999 -9999 -9999 -9999 -9999 -9999 -9999 0 0.03986 0.23717 0.61062 0.91419 0.88935 0.81154 0.69537 0.12534 0.15311 0.56628 0.81785 0.93907 0.64052 0.56514 0.58583 0.78337 0.9545 0.9343 0.86573 0.93293 0.81921 0.78803 0.85025 0.92417 0.77004 0.70963 0.79209 0.59311 0.63265
-9999 -9999 -9999 -9999 -9999 -9999 -9999 -9999 -9999 -9999 -9999 -9999 -9999 -9999 -9999 0.03769 0.14964 -9999 0.21643 0.90903 0.79748 0.50428 0.16552 0.7013 0.13104 -9999 -9999 -9999 -9999 -9999 -9999 -9999 -9999 -9999 -9999 -9999 -9999 -9999 -9999 -9999 -9999 -9999 0.02114 0.2292 0.45277 0.37503 0.53582 0.60608 0.68223 0.4862 0.29692 0.53772 0.70102 0.60827 0.44196 0.92158 0.86221 0.68852 0.91252 0.93991 0.92641 0.88526 0.93084 0.91039 0.78476 0.82051 0.94785 0.97005 0.82121 0.74382 0.67061 0.78142
-9999 -9999 -9999 -9999 -9999 -9999 -9999 -9999 -9999 -9999 -9999 -9999 -9999 -9999 -9999 -9999 -9999 -9999 -9999 0.32359 0.40983 0.58933 0.74295 0.62943 -9999 -9999 -9999 -9999 -9999 -9999 -9999 -9999 -9999 -9999 -9999 -9999 -9999 -9999 -9999 -9999 -9999 -9999 -9999 0.00369 0.12945 0.2041 0.06538 0.41803 0.85025 0.61137 0.84784 0.7883 0.58751 0.92082 0.80129 0.82651 0.90551 0.96661 0.95018 0.94783 0.97076 0.57628 0.8518 0.90933 0.96358 0.96784 0.90198 0.95156 0.91075 0.61186 0.73801 0.85894
-9999 -9999 -9999 -9999 -9999 -9999 -9999 -9999 -9999 -9999 -9999 -9999 -9999 -9999 -9999 -9999 -9999 -9999 -9999 -9999 -9999 0.35028 0.44193 -9999 -9999 -9999 -9999 -9999 -9999 -9999 -9999 -9999 -9999 -9999 -9999 -9999 -9999 -9999 -9999 -9999 -9999 -9999 -9999 -9999 -9999 -9999 0.06563 0.397 0.77611 0.85852 0.7468 0.83219 0.77688 0.29706 0.49159 0.94452 0.97011 1 0.94766 0.86283 0.85053 0.89577 0.8391 0.9374 0.95322 0.94799 0.84456 0.91653 0.86939 0.84097 0.61135 0.68008
-9999 -9999 -9999 -9999 -9999 -9999 -9999 -9999 -9999 -9999 -9999 -9999 -9999 -9999 -9999 -9999 -9999 -9999 -9999 -9999 -9999 -9999 -9999 -9999 -9999 -9999 -9999 -9999 -9999 -9999 -9999 -9999 -9999 -9999 -9999 -9999 -9999 -9999 -9999 -9999 -9999 -9999 -9999 -9999 -9999 -9999 0.04105 0.57021 0.64804 0.84382 0.91179 0.83208 0.84467 0.7758 0.68024 0.96535 0.95018 0.97405 0.86992 0.72293 0.87346 0.83211 0.80949 0.89176 0.98194 0.9483 0.83055 0.9505 0.93253 0.77002 0.88998 0.67369
-9999 -9999 -9999 -9999 -9999 -9999 -9999 -9999 -9999 -9999 -9999 -9999 -9999 -9999 -9999 -9999 -9999 -9999 -9999 -9999 -9999 -9999 -9999 -9999 -9999 -9999 -9999 -9999 -9999 -9999 -9999 -9999 -9999 -9999 -9999 -9999 -9999 -9999 -9999 -9999 -9999 -9999 -9999 -9999 -9999 -9999 0.00433 0.55766 0.83771 0.80427 0.86827 0.50821 0.5051 0.658 0.7555 0.90445 0.87936 0.90627 0.96355 0.89478 0.97635 0.94494 0.95224 0.98089 0.87813 0.93314 0.86143 0.9412 0.71041 0.63073 0.43031 0.69805
-9999 -9999 -9999 -9999 -9999 -9999 -9999 -9999 -9999 -9999 -9999 -9999 -9999 -9999 -9999 -9999 -9999 -9999 -9999 -9999 -9999 -9999 -9999 -9999 -9999 -9999 -9999 -9999 -9999 -9999 -9999 -9999 -9999 -9999 -9999 -9999 -9999 -9999 -9999 -9999 -9999 -9999 -9999 -9999 -9999 -9999 0.16381 0.77731 0.93869 0.77696 0.63416 0.77266 0.76778 0.72126 0.74177 0.95665 0.90669 0.90434 0.87059 0.96839 0.96087 0.9092 0.89974 0.9594 0.80289 0.87133 0.90714 0.97053 0.79049 0.54075 0.57039 0.65172
-9999 -9999 -9999 -9999 -9999 -9999 -9999 -9999 -9999 -9999 -9999 -9999 -9999 -9999 -9999 -9999 -9999 -9999 -9999 -9999 -9999 -9999 -9999 -9999 -9999 -9999 -9999 -9999 -9999 -9999 -9999 -9999 -9999 -9999 -9999 -9999 -9999 -9999 -9999 -9999 -9999 -9999 -9999 -9999 -9999 0.0318 0.77996 0.6424 0.78297 0.74935 0.95889 0.77699 0.80514 0.67104 0.89836 0.90544 0.9262 0.94608 0.99282 0.9669 0.9037 0.95398 0.83189 0.66638 0.95998 0.92825 0.88293 0.86808 0.87961 0.89007 0.69924 0.76843
-9999 -9999 -9999 -9999 -9999 -9999 -9999 -9999 -9999 -9999 -9999 -9999 -9999 -9999 -9999 -9999 -9999 -9999 -9999 -9999 -9999 -9999 -9999 -9999 -9999 -9999 -9999 -9999 -9999 -9999 -9999 -9999 -9999 -9999 -9999 -9999 -9999 -9999 -9999 -9999 -9999 -9999 -9999 -9999 -9999 0.01341 0.81561 0.90743 0.81081 0.78317 0.90547 0.94501 0.53248 0.76222 0.67314 0.85291 0.46506 0.55441 0.87096 0.84498 0.91089 0.9116 0.93707 0.91249 0.86767 0.80281 0.86937 0.78107 0.90035 0.87965 0.79302 0.78531
-9999 -9999 -9999 -9999 -9999 -9999 -9999 -9999 -9999 -9999 -9999 -9999 -9999 -9999 -9999 -9999 -9999 -9999 -9999 -9999 -9999 -9999 -9999 -9999 -9999 -9999 -9999 -9999 -9999 -9999 -9999 -9999 -9999 -9999 -9999 -9999 -9999 -9999 -9999 -9999 -9999 -9999 -9999 -9999 -9999 -9999 0.55433 0.86057 0.621 0.639 0.90231 0.90293 0.65409 0.65162 0.54914 0.82137 0.68268 0.675 0.75147 0.92488 0.75479 0.92248 0.85077 0.87586 0.8923 0.88911 0.9015 0.86994 0.83062 0.92099 0.70625 0.91042
