EnvRasters/Baseline_High/tal.asc
ncols         270
nrows         223
xllcorner     24099.479091542
yllcorner     21023.840179216
cellsize      1003.8986847201
NODATA_value  -9999
[rows 32 to 63 of 223, columns 144 to 215 of 270]
0.19372 0.53067 0.18545 0.54291 0.36775 0.45779 0.14744 0.23988 0.4136 0.65463 0.72356 0.47545 0.53882 0.2257 0.55958 0.57766 0.70491 0.11611 0.08968 0.01993 0.08761 0.63579 0.87913 0.46829 0.47111 0.23969 0.74338 0.79062 0.73082 0.66124 0.24085 0 0.00088 0.02859 0.06892 0.54093 0.18871 0 0.00491 0 0.08372 0.12945 0.05979 0.00624 0 0 0 0.1129 0.55866 0.25999 0.47079 0.16333 0.00864 0.22218 0.43305 0.11054 0.07921 0.59702 0.66672 0.46284 0.63042 0.15139 0.35528 0.34089 0.72781 0.53379 0.23365 0.00238 -9999 -9999 -9999 -9999
0.30864 0.06068 0.38194 0.40074 0.38669 0.38074 0.49855 0.66797 0.19966 0.24378 0.2658 0.33563 0.49831 0.68951 0.83621 0.61263 0.28333 0.05166 0.00086 0.38703 0.65898 0.84802 0.91216 0.65462 0.57655 0.59879 0.71004 0.7211 0.52073 0.17176 0.24575 0.36481 0.45206 0.30586 0.25818 0.33109 0.12837 0 0.28656 0.0837 0.34526 0.24036 0.26959 0.05285 0 0 0.06576 0.22136 0.20933 0.02218 0.01308 0.16173 0.45491 0.61414 0.16294 0.1095 0.46397 0.77675 0.39393 0.42638 0.54942 0.06723 0.18207 0.0272 0.37341 0.71317 0.76003 0.54398 0.09995 0.00936 -9999 -9999
0.32638 0.47486 0.53051 0.52818 0.76976 0.11692 0.25758 0.06595 0.00451 0 0.25128 0.76094 0.76264 0.60107 0.31135 0.00501 0.01673 0.10569 0.08211 0.33554 0.90132 0.57775 0.80726 0.62555 0.2828 0.77388 0.73227 0.64996 0.13621 0.51622 0.2629 0.36922 0.24664 0.01707 0.00996 0.05142 0.00369 0.21577 0.2434 0.28549 0.05951 0 0 0 0.00586 0.18414 0.31319 0.05979 0.00128 0.01885 0.10915 0.48958 0.76198 0.52836 0.63466 0.46711 0.43171 0.63331 0.2412 0.20053 0.41069 0.07042 0.14476 0.15203 0.49517 0.70601 0.92017 0.91816 0.87146 0.73486 0.60646 0.02162
0.2121 0.46318 0.49691 0.27012 0.19361 0.06329 0.0304 0.18319 0.53381 0.41162 0.62572 0.59225 0.05702 0.0258 0.03494 0.24707 0.07958 0.27445 0.72495 0.7002 0.56991 0.47332 0.7289 0.55894 0.7353 0.76097 0.7671 0.33773 0.06137 0.4632 0.56102 0.30329 0.09473 0.0121 0.00996 0.04736 0.00247 0.03348 0 0.01736 0.00996 0 0.02989 0.13326 0.55583 0 0 0.01163 0.14048 0.02417 0.41379 0.43563 0.19078 0.22508 0.40562 0.30043 0.77419 0.69602 0.43066 0.3759 0.45694 0.04548 0.60159 0.64006 0.44749 0.62156 0.8018 0.82003 0.89718 0.78544 0.79317 0.11082
0.42167 0.52684 0.62854 0.36022 0.11402 0.32017 0.47347 0.12841 0.34567 0.43182 0.32973 0.1918 0.28351 0.02989 0.1391 0.40746 0.41239 0.20149 0.13235 0.45865 0.48239 0.62618 0.68176 0.63261 0.34831 0.67647 0.6682 0.2808 0.7811 0.68816 0.38721 0.31614 0.05257 0 0.20551 0.2763 0.13302 0.32979 0.33779 0.39697 0.28989 0.06906 0 0.09948 0.37513 0.4734 0.38633 0.61938 0.26212 0.00699 0.25781 0.17314 0.25699 0.44733 0.53249 0.61711 0.76716 0.33919 0.56418 0.52424 0.69704 0.27973 0.73557 0.57837 0.81128 0.67099 0.52061 0.71885 0.79059 0.75079 0.49836 0.16219
0.27017 0.61227 0.74302 0.778 0.71263 0.15015 0.00965 0 0.04982 0 0.00512 0.04575 0.09158 0.04756 0.05024 0.09164 0.47398 0.3703 0.12145 0.69619 0.71252 0.7365 0.69818 0.40209 0.09425 0.50546 0.60359 0.77179 0.58745 0.32331 0.43335 0.19904 0.16289 0.05126 0.02262 0.22721 0.10008 0.05182 0.24056 0.24416 0.07601 0.12318 0.15216 0.40088 0.37726 0.36214 0.09245 0.00798 0 0 0 0.03477 0.25296 0.36779 0.65132 0.57367 0.48707 0.27693 0.02789 0.39655 0.64132 0.3582 0.76698 0.23503 0.69388 0.20441 0.29915 0.6325 0.76706 0.83942 0.5495 0.57276
0.14651 0.27465 0.26444 0.16504 0.08039 0.07916 0.17238 0.2649 0.14486 0.1795 0.18934 0.14138 0.09207 0.00611 0.07003 0.50611 0.59741 0.41292 0.17474 0.58045 0.66245 0.48832 0.63445 0.18995 0.06776 0.24821 0.32183 0.35164 0.26249 0.40701 0.31961 0.34419 0.60943 0.486 0.53073 0.54555 0.19453 0.19288 0.37551 0.3923 0.48349 0.33272 0.65183 0.49279 0.26101 0.2183 0.02135 0.01572 0.07063 0 0.05398 0.10306 0.45179 0.23103 0.65825 0.45605 0.59116 0.07963 0.43958 0.70323 0.80328 0.52549 0.57251 0.42603 0.711 0.71266 0.67452 0.76022 0.72947 0.93904 0.87296 0.8706
0.05156 0.09091 0.02026 0.35297 0.70118 0.79869 0.49649 0.73219 0.64425 0.79549 0.57322 0.08662 0.08678 0.56169 0.38644 0.35495 0.33937 0.39555 0.07836 0.59399 0.89735 0.79645 0.78196 0.55458 0.09945 0.04379 0.54721 0.70291 0.38793 0.58773 0.33003 0.54903 0.44633 0.50243 0.75141 0.46377 0.12152 0.39375 0.39736 0.49538 0.65135 0.74162 0.8469 0.59331 0.63376 0.34571 0.10334 0.08476 0.08167 0.17832 0.04577 0.0492 0.07005 0.28547 0.47977 0.33292 0.65968 0.20947 0.7866 0.85063 0.58109 0.28941 0.41971 0.39414 0.38994 0.68427 0.80317 0.21028 0.66943 0.72137 0.87838 0.98002
0.28662 0.56875 0.39315 0.27921 0.80085 0.61395 0.62167 0.9301 0.6406 0.75963 0.55399 0.44365 0.6953 0.7565 0.55521 0.30315 0.07219 0.01921 0.07767 0.14919 0.49145 0.79463 0.68084 0.60236 0.54653 0.48305 0.40648 0.4214 0.24396 0.54443 0.66354 0.59143 0.36432 0.15029 0.22603 0.259 0.51885 0.39319 0.31908 0.72587 0.68213 0.95194 0.87134 0.63837 0.29412 0 0 0 0 0.12468 0.19203 0.59329 0.45547 0.40075 0.55091 0.64798 0.77322 0.6475 0.63246 0.65047 0.59602 0.33515 0.42398 0.54432 0.50193 0.85732 0.3514 0.02984 0.11015 0.35495 0.90081 0.80838
0.34623 0.62831 0.57419 0.35756 0.73375 0.40766 0.03718 0.2889 0.11166 0.51408 0.75568 0.95294 0.9009 0.52184 0.0623 0.14389 0.08135 0.14662 0.09882 0.12238 0.13298 0.2713 0.66008 0.73936 0.67562 0.31444 0.26286 0.35863 0.31943 0.49008 0.37007 0.45597 0.45871 0.65632 0.40906 0.33407 0.19806 0.57959 0.84732 0.71356 0.66992 0.52866 0.67266 0.32303 0.11837 0 0 0 0 0.02937 0.29134 0.55624 0.54443 0.45674 0.44408 0.49499 0.22805 0.32444 0.48294 0.81948 0.51823 0.66873 0.2856 0.38392 0.53274 0.673 0.33316 0.26126 0.50119 0.6389 0.90227 0.97905
0.66819 0.53617 0.54084 0.71811 0.46866 0.13986 0.60126 0.62917 0.3136 0.55697 0.82425 0.87862 0.78809 0.47364 0.08674 0.1053 0.40252 0.53308 0.36942 0.63604 0.44918 0.02989 0.21121 0.67742 0.65003 0.28001 0.11893 0.56677 0.63668 0.50046 0.05703 0.09749 0.52815 0.73818 0.73575 0.4936 0.39682 0.5013 0.71989 0.78459 0.42187 0.5882 0.35286 0.02989 0 0 0 0 0 0 0.03986 0.2473 0.45242 0.43027 0.39473 0.7225 0.51111 0.29538 0.37307 0.77284 0.3217 0.44631 0.42578 0.64926 0.80895 0.62293 0.4498 0.73101 0.80972 0.81863 0.82125 0.45414
0.52355 0.48765 0.5797 0.50863 0.76522 0.67359 0.54489 0.42151 0.42387 0.87793 0.80631 0.68026 0.57197 0.18552 0.41516 0.6731 0.58192 0.87373 0.17834 0.4425 0.86437 0.45269 0.59807 0.47131 0.38273 0.10842 0.27011 0.49406 0.52601 0.3767 0.60998 0.72887 0.83718 0.78859 0.47601 0.3025 0.52073 0.61337 0.4144 0.55149 0.03589 0.18831 0.1719 0.00996 0 0 0 0 0 0.00996 0.02478 0.18417 0.63847 0.74723 0.73771 0.87795 0.81376 0.6731 0.69508 0.82596 0.6371 0.48471 0.57153 0.50524 0.78041 0.90989 0.44398 0.66726 0.66928 0.54484 0.28875 0.54494
0.16447 0.15352 0.41163 0.75482 0.50128 0.6518 0.4502 0.60223 0.44589 0.75794 0.65434 0.54047 0.68311 0.77843 0.85658 0.41771 0.39754 0.85068 0.85224 0.23387 0.59785 0.71169 0.7791 0.85132 0.29814 0.12954 0.00113 0.01993 0.2641 0.55483 0.87977 0.85007 0.39227 0.83954 0.55376 0.49757 0.48659 0.28163 0.34178 0.35718 0.0301 0.33035 0.29017 0.03358 0.00628 0 0 0 0 0 0.02504 0.10961 0.10796 0.35966 0.9395 0.91365 0.89328 0.82725 0.92285 0.84104 0.59238 0.49236 0.60325 0.21001 0.38934 0.57844 0.3715 0.43482 0.76117 0.50877 0.29049 0.71188
0.51315 0.79811 0.71853 0.75908 0.39522 0.26094 0.07765 0.51532 0.71888 0.81879 0.32675 0.37569 0.82844 0.78878 0.81692 0.72877 0.48445 0.63391 0.29559 0.23995 0.58121 0.64243 0.68305 0.47021 0.34519 0.04366 0.04241 0.42474 0.43445 0.08639 0.31728 0.61104 0.72058 0.87428 0.72158 0.24536 0.03294 0.0119 0.03792 0.05758 0.17993 0.25769 0.40927 0.30288 0.13613 0.02443 0.01543 0 0 0 0 0.17404 0.22206 0.7623 0.97576 0.74823 0.61849 0.87423 0.94637 0.71339 0.66421 0.22137 0.24611 0.18667 0.33671 0.4935 0.57576 0.64209 0.46484 0.49015 0.32147 0.42478
0.65058 0.76929 0.58906 0.71045 0.65303 0.18813 0.40673 0.52877 0.66096 0.81394 0.6392 0.75092 0.54379 0.48495 0.67571 0.78637 0.39758 0.59741 0.21063 0.14408 0.46226 0.1255 0.14415 0.5611 0.70398 0.46665 0.3407 0.14185 0.34507 0.61746 0.45095 0.33796 0.46796 0.3822 0.36272 0.10383 0.11471 0.3913 0.49049 0.13811 0.11617 0.11412 0.44716 0.3564 0.15726 0 0 0.03832 0.05643 0 0 0.09785 0.74443 0.89291 0.82866 0.44014 0.54934 0.85507 0.72087 0.68251 0.69809 0.11413 0.29297 0.53168 0.75153 0.55503 0.2236 0.57734 0.51755 0.50956 0.12214 0.18698
0.6114 0.62579 0.2773 0.44389 0.52348 0.25906 0.16362 0.45348 0.53768 0.50837 0.39628 0.55877 0.25834 0.34998 0.1828 0.72951 0.30242 0.14215 0.14259 0.0267 0.23096 0.40507 0.41965 0.46869 0.77189 0.47037 0.36245 0.29034 0.43748 0.37059 0.2914 0.46861 0.50026 0.22903 0.17675 0.1537 0.00319 0.25321 0.38048 0.1677 0.08649 0.01497 0.24699 0.07548 0.18066 0.07607 0.04992 0.11661 0.12746 0 0 0.01709 0.21495 0.29041 0.85749 0.83249 0.65493 0.71772 0.62959 0.95408 0.71 0.45259 0.54561 0.59329 0.81013 0.61791 0.56069 0.20571 0.46391 0.15738 0.16858 0.45859
0.75766 0.7061 0.3289 0.57945 0.23094 0.07684 0.01324 0.24485 0.36123 0.71292 0.33521 0.17634 0.07987 0.25185 0.34553 0.37602 0.18202 0.14515 0.22724 0.04982 0.21364 0.31161 0.53364 0.3729 0.3958 0.43189 0.44059 0.25773 0.51278 0.42249 0.46928 0.06835 0.3235 0.22198 0.35061 0.36276 0.07972 0.00213 0.22262 0.50727 0.05641 0 0.03986 0.15693 0.19613 0.16044 0.06066 0 0 0 0 0.00469 0.26304 0.48459 0.69153 0.8029 0.77457 0.96524 0.9273 0.94749 0.83136 0.64611 0.57705 0.62463 0.82774 0.71099 0.4744 0.06107 0.10186 0.18299 0.56856 0.15553
0.61523 0.59879 0.6342 0.37471 0.04022 0.0134 0.10239 0.3418 0.44762 0.42423 0.18192 0.1631 0.12166 0.30496 0.24763 0.27652 0.35719 0.32533 0.4925 0.14214 0.1956 0.57805 0.71085 0.4509 0.01717 0.31348 0.37182 0.48392 0.47039 0.54915 0.60119 0.04982 0.05282 0.54139 0.22406 0.08079 0 0 0.00063 0.02332 0.00408 0.07551 0.17082 0.54212 0.41756 0.39131 0.17548 0.03393 0.04127 0 0 0.13214 0.06101 0.23143 0.41749 0.81996 0.94631 0.95902 0.95127 0.63559 0.67364 0.09448 0.59257 0.4627 0.3582 0.22199 0.09641 0 0.00183 0.05561 0.20718 0.16496
0.46421 0.23693 0.03977 0.33751 0.22261 0.06975 0.23567 0.47178 0.61855 0.47524 0.34018 0.49451 0.51404 0.18237 0.17048 0.07948 0.1815 0.23029 0.09775 0.10261 0.08615 0.45329 0.43409 0.56755 0.30444 0.57486 0.52381 0.6042 0.50179 0.09842 0.20953 0.05982 0.08134 0.57733 0.70525 0.34304 0.00996 0.0267 0.2791 0.17949 0.05378 0.17052 0.35132 0.16751 0.06706 0.04013 0.16972 0.24149 0.09193 0 0 0.06975 0.01777 0.14012 0.55137 0.92445 0.94419 0.67908 0.21481 0.55063 0.70715 0.05717 0.26846 0.03684 0.01142 0.13573 0.19684 0.22344 0.27235 0.02309 0.243 0.53097
0.43858 0.42428 0.42933 0.48027 0.44962 0.43785 0.26515 0.22094 0.31292 0.25378 0.34386 0.60816 0.78707 0.55616 0.3059 0.40641 0.18594 0.12109 0.32107 0.36536 0.34911 0.44296 0.71389 0.29414 0.20795 0.139 0.15802 0.06592 0.61055 0.6243 0.65809 0.41221 0.53282 0.29708 0.48762 0.26835 0.17833 0.01993 0.3081 0.31588 0.13428 0 0.14842 0.61397 0.32966 0.37334 0.25667 0.01073 0.00321 0.00996 0.09965 0.23717 0.09168 0.09413 0.10936 0.86153 0.13849 0.17027 0 0.03911 0.0145 0.08714 0.2909 0.2002 0.18682 0.38265 0.0418 0.27761 0.19783 0.25046 0.64947 0.58423
0.40983 0.47021 0.47139 0.61682 0.59997 0.37099 0.36586 0.38359 0.24324 0.30559 0.48491 0.41018 0.2845 0.54739 0.56195 0.51468 0.54415 0.2822 0.4137 0.42161 0.20536 0.55821 0.43712 0.01135 0.11013 0.02063 0.2232 0.17604 0.26431 0.16486 0.37796 0.4216 0.41067 0.44018 0.31428 0.33031 0.22786 0.02989 0.12643 0.3654 0.35664 0.11293 0.3033 0.28572 0.10961 0.04347 0.05142 0.08172 0.00996 0.07663 0.18274 0.00217 0.04819 0.03706 0.07575 0.66692 0.67828 0.35104 0.35287 0.13807 0.04508 0.25215 0.64673 0.19823 0.20733 0.27781 0.21028 0.34574 0.28669 0.49103 0.73429 0.36693
0.53359 0.41853 0.60021 0.44573 0.27493 0.42616 0.60288 0.32768 0.12338 0.18329 0.39692 0.57451 0.32853 0.18102 0.41328 0.41702 0.27125 0.43019 0.15765 0.16299 0.21586 0.35171 0.21735 0.01974 0.12922 0.06301 0.18111 0.17883 0.24007 0.23521 0.45457 0.55538 0.32533 0.16381 0.39155 0.39229 0.42379 0.24162 0.43307 0.28142 0.25788 0.07774 0.28135 0.01727 0.02989 0.05962 0.34577 0.02747 0.16522 0.18822 0.14814 0 0.00996 0.0044 0 0.04136 0.01315 0.01971 0.04911 0.41422 0.61792 0.45241 0.42283 0.11546 0.05491 0 0.17519 0.42909 0.45368 0.72253 0.28171 0.24154
0.42091 0.26465 0.44096 0.2208 0.18509 0.45001 0.47168 0.39779 0.12448 0.09446 0.06228 0.16835 0.36968 0.37614 0.21432 0.27349 0.23853 0.2354 0.31075 0.20079 0.13207 0.18187 0.04982 0.15671 0.04177 0.15258 0.30025 0.15876 0.49085 0.35236 0.44172 0.34261 0.3864 0.4185 0.44146 0.58275 0.55541 0.55732 0.27934 0.31183 0.56149 0.21114 0.15235 0.29693 0.2705 0.1101 0.13955 0.01055 0.10979 0.07096 0 0.00502 0.02948 0.01022 0 0 0 0 0 0.00281 0.10353 0.20216 0.18437 0.25052 0.01539 0.0427 0.19282 0.21394 0.3955 0.35859 0.21057 0
0.35377 0.40209 0.28038 0.2763 0.26856 0.15464 0.14908 0.17979 0.12596 0.20525 0.10284 0.05901 0.38839 0.29564 0.27597 0.22627 0.20477 0.29207 0.11574 0.13827 0.11206 0.05377 0.04252 0.06777 0.08251 0.20841 0.15433 0.2079 0.33437 0.29959 0.58437 0.5524 0.72753 0.62897 0.34784 0.51683 0.6422 0.62247 0.46978 0.29456 0.30519 0.10894 0.0933 0.31504 0.15311 0.03668 0.00996 0.24311 0.0792 0.08179 0.18911 0.21872 0.52315 0.1476 0.00055 0 0 0 0 0 0 0 0 0 0.02459 0.20353 0.07387 0.06637 0.01507 0.06894 0.03152 0.00996
0.02685 0.01689 0.00193 0.00996 0.12787 0.14187 0.07972 0.19913 0.21514 0.29321 0.19132 0.28376 0.29754 0.04362 0.09869 0.00562 0.02851 0.00138 0.15382 0.48542 0.5577 0.44867 0.21297 0.14219 0.28609 0.21935 0.34722 0.20832 0.38314 0.54432 0.73428 0.42998 0.81956 0.49514 0.54772 0.36123 0.69639 0.80687 0.41676 0.28803 0.37011 0.08595 0.03635 0.18582 0.15137 0.08894 0.00996 0.16491 0.07808 0.08205 0.28048 0.33117 0.14659 0.00033 0.00022 0.00975 0 0 0 0 0 0 0 0 0.03809 0.10961 0.1434 0.05613 0 0.07812 0.07054 0
0.05384 0 0.00445 0.00551 0 0.00996 0.00996 0.0551 0.08815 0.26454 0.12873 0.06003 0.09965 0.10252 0.14844 0.03971 0.19831 0.4477 0.63213 0.44857 0.21402 0.22427 0.14026 0.43245 0.51498 0.29923 0.19916 0.07534 0.13291 0.45056 0.31671 0.30904 0.30534 0.5379 0.3083 0.38825 0.60101 0.78076 0.46913 0.18119 0.02785 0.00996 0.00674 0.06302 0.03582 0.01433 0.12759 0.02387 0.15742 0.00428 0.1575 0.08354 0.12551 0.04988 0.08968 0 0 0 0 0.05243 0.04297 0 0 0 0 0 0.09655 0.02933 0.04221 0 0 0
0.42151 0.35636 0.52468 0.09008 0.14082 0.10383 0.18135 0.1663 0.23342 0.25198 0.15492 0.26513 0.08622 0.00488 0.03834 0.26495 0.1974 0.3681 0.42878 0.30555 0.31423 0.22299 0.16746 0.33153 0.62137 0.73026 0.47073 0.34161 0.14713 0.00656 0.14983 0.32627 0.19515 0.26202 0.3545 0.42647 0.1663 0.10449 0.00515 0.23849 0.47094 0.56412 0 0.05718 0.01257 0.15008 0.41168 0.04618 0.09171 0 0.03079 0.03498 0.13482 0.33882 0.11118 0 0 0 0 0.00142 0.01279 0 0 0 0 0 0 0 0.08968 0 0 0
0.27333 0.38694 0.56401 0.39593 0.27386 0.22381 0.28663 0.15908 0.20742 0.3636 0.36624 0.34088 0.08632 0.09503 0.09799 0.16917 0.23658 0.35046 0.3188 0.19326 0.50763 0.26249 0.30687 0.16082 0.42044 0.73273 0.59134 0.56967 0.14085 0.05121 0.25296 0.32928 0.36126 0.17022 0.10481 0.1854 0.40556 0.13752 0.3068 0.57172 0.22008 0.36716 0.21105 0.05507 0.19406 0.11944 0.11958 0.10143 0.34237 0.23063 0.09002 0.3996 0.33975 0.4549 0.44734 0.04982 0 0 0 0 0 0 0.02469 0.00366 0.0063 0 0 0 0 0 0 0
0.06726 0.15827 0.79388 0.30971 0.11267 0.06081 0.00661 0.02405 0.00318 0.00996 0.14499 0.1413 0.08238 0.21045 0.22606 0.29327 0.71015 0.62697 0.23997 0.22081 0.36255 0.33932 0.46988 0.50289 0.58085 0.84685 0.90053 0.74245 0.47151 0.71808 0.22847 0.11714 0.36604 0.19139 0.35406 0.22028 0.06665 0.31667 0.47479 0.60859 0.37324 0.3795 0.46948 0.47148 0.21224 0.22809 0.09298 0.04497 0.58307 0.03842 0.13905 0.1635 0.33117 0.33306 0.00495 0.01415 0 0 0 0 0 0 0.05503 0.06975 0.01626 0.00569 0 0 0 0 0 0
0.22742 0.37168 0.52312 0.49222 0.36516 0.24046 0.07365 0.00927 0.01239 0.14208 0.34434 0.50288 0.6088 0.63312 0.40525 0.62655 0.4948 0.30069 0.35123 0.34636 0.46949 0.47854 0.74218 0.74965 0.81866 0.84098 0.60941 0.63668 0.87895 0.77848 0.42683 0.49299 0.57331 0.65026 0.50298 0.05851 0.18849 0.65048 0.20198 0.37438 0.59697 0.32477 0.34624 0.4577 0.43708 0.5067 0.28558 0.19907 0.15121 0.10213 0.42988 0.0395 0 0.01993 0 0.02733 0.00835 0.01937 0.09859 0.02577 0 0.01094 0.02419 0.00418 0.19152 0.02551 0 0.0365 0.03251 0.0528 0 0
0.13433 0.74218 0.77381 0.31224 0.77169 0.21312 0.23667 0.10535 0.04245 0.44264 0.60769 0.30077 0.46773 0.36489 0.35648 0.5009 0.46023 0.24425 0.42651 0.71217 0.31367 0.56373 0.43548 0.61283 0.5025 0.4485 0.43211 0.56124 0.88444 0.86842 0.84559 0.58558 0.57375 0.13893 0.44627 0.47971 0.42727 0.51489 0.34628 0.20174 0.19969 0.32689 0.24728 0.2334 0.00849 0.45494 0.46913 0.01637 0.11958 0.00996 0 0.00996 0.08491 0.00996 0.11878 0.26235 0.07568 0.10999 0.07739 0.01132 0.03695 0.01039 0.03612 0.05726 0.13305 0.04681 0.03133 0.0442 0.02331 0 0 0
0.31949 0.28061 0.54225 0.75774 0.50612 0.18786 0.3087 0.13201 0.1037 0.2329 0.31896 0.42262 0.42663 0.3493 0.3413 0.62031 0.39389 0.30427 0.38439 0.10869 0.37893 0.25206 0.21253 0.26514 0.65447 0.77853 0.74612 0.68953 0.81645 0.91116 0.68813 0.83062 0.77872 0.23105 0.58127 0.42696 0.43491 0.09305 0.4956 0.71621 0.67573 0.42374 0.58367 0.12816 0.42966 0.30715 0.12455 0.02348 0 0 0 0 0.13655 0.08316 0.16009 0.0156 0.07579 0.11127 0.07609 0.06975 0.01651 0.01857 0.09663 0.02841 0.00793 0.03821 0.05455 0.06117 0 0 0 0
