EnvRasters/Baseline_High/tal.asc
ncols         270
nrows         223
xllcorner     24099.479091542
yllcorner     21023.840179216
cellsize      1003.8986847201
NODATA_value  -9999
[rows 128 to 159 of 223, columns 144 to 215 of 270]
0.13686 0.28986 0.3501 0.32995 0.51006 0.37007 0.79825 0.57549 0.79078 0.92447 0.95689 0.76908 0.61056 0.17064 0.07889 0.04045 0.05966 0 0.06533 0.09856 0.32933 0.20239 0.5117 0.3951 0.65817 0.60676 0.33203 0.39548 0.86615 0.86729 0.479 0.65263 0.56651 0.80243 0.74543 0.71106 0.76191 0.80744 0.7722 0.47904 0.58966 0.56647 0.81741 0.97008 0.58424 0.52804 0.90981 0.84467 0.59444 0.48684 0.25138 0.56739 0.64421 0.34702 0.13045 0.19167 0.27474 0.29292 0.34081 0.21664 0.10115 0.04122 0.20013 0.75637 0.92085 0.59838 0.27336 0.18136 0.39091 0.49537 0 0
0.77054 0.52167 0.46878 0.90096 0.70808 0.81707 0.84961 0.80543 0.58872 0.19445 0.29827 0.47309 0.37721 0.06503 0.42215 0.424 0.09513 0.12123 0.29019 0.06246 0.44873 0.35678 0.28233 0.24498 0.58644 0.62703 0.73254 0.50506 0.71446 0.42106 0.46523 0.84864 0.54077 0.79151 0.71726 0.7127 0.4808 0.64457 0.65387 0.77332 0.59813 0.54757 0.70925 0.75305 0.90083 0.79716 0.75682 0.24025 0.48939 0.42519 0.31081 0.5696 0.53349 0.93702 0.55577 0.61904 0.54943 0.27733 0.28852 0.27617 0.13642 0.00996 0.28904 0.90816 0.58944 0.14859 0.32018 0.51175 0.48797 0.10493 0 0
0.80976 0.42916 0.83438 0.97016 0.91439 0.95605 0.94389 0.93041 0.69591 0.84425 0.84049 0.39608 0.38831 0.08149 0.23637 0.49555 0.57064 0 0.01993 0.23659 0.25713 0.31821 0.1014 0.60206 0.48269 0.36248 0.25721 0.67389 0.63557 0.65001 0.60875 0.91799 0.81104 0.77702 0.72459 0.60275 0.7714 0.85817 0.68174 0.66721 0.76279 0.30339 0.54295 0.85367 0.61604 0.63503 0.18856 0.2413 0.33223 0.57548 0.61561 0.81906 0.43235 0.40932 0.77277 0.70712 0.52638 0.18317 0.13125 0.05541 0.00996 0 0.63251 0.64089 0.3269 0.0226 0.51547 0.53782 0.27888 0.12538 0.41393 0.20541
0.9919 0.46676 0.57663 0.98007 0.89758 0.95796 0.8913 0.94238 0.77651 0.97639 0.93677 0.87281 0.72609 0.24093 0.35907 0.4373 0.36384 0.0174 0.1261 0.43615 0.48281 0.2585 0.11542 0.26619 0.51174 0.49966 0.17241 0.56939 0.33625 0.77766 0.8143 0.39338 0.7174 0.76724 0.72049 0.56053 0.65774 0.88613 0.85928 0.57453 0.54523 0.42252 0.75662 0.67308 0.69004 0.4525 0.3777 0.08775 0.58874 0.68754 0.5144 0.24112 0.33056 0.56839 0.64941 0.6672 0.2065 0 0 0.20162 0.1356 0.22345 0.76168 0.34827 0.05485 0.04659 0.46605 0.67676 0.60726 0.46068 0.03072 0
0.93312 0.54718 0.77392 0.92989 0.93199 0.82878 0.94781 0.74816 0.52236 0.39331 0.64856 0.19429 0.32771 0.43124 0.2095 0.69821 0.29056 0.02211 0.14539 0.2988 0.80952 0.69846 0.56838 0.90165 0.75604 0.8508 0.79422 0.6372 0.65122 0.89099 0.48767 0.2425 0.50704 0.49936 0.39792 0.87533 0.64847 0.78076 0.729 0.7072 0.71692 0.71689 0.38778 0.54153 0.19621 0 0 0.36208 0.62985 0.32251 0.21419 0.06601 0.3351 0.85224 0.68824 0.51808 0.08151 0 0 0.15715 0.27765 0.4585 0.74322 0.6826 0.10094 0.18762 0.53587 0.40142 0.7112 0.11045 0 0
0.60397 0.39229 0.88309 0.79303 0.5175 0.34543 0.45989 0.75779 0.4552 0.15306 0.21738 0.46923 0.89806 0.49332 0.52627 0.41339 0.57634 0.53113 0.2375 0.13124 0.89493 0.89733 0.97657 1 0.99004 0.89354 0.93026 0.76493 0.80443 0.87953 0.87337 0.85518 0.45867 0.41147 0.35002 0.93991 0.89911 0.3443 0.40595 0.28188 0.5903 0.45449 0.1642 0.48553 0.4125 0.6096 0.63362 0.81014 0.47317 0.00219 0.13676 0.27247 0.44518 0.49379 0.47927 0.59829 0.29006 0.04746 0 0.23913 0.39428 0.50959 0.80305 0.73072 0.44213 0.27201 0.18812 0.52216 0.51616 0.11627 0 0
0.51076 0.90256 0.90564 0.50087 0.79242 0.62922 0.56056 0.84835 0.51392 0.5216 0.20187 0.35831 0.53694 0.20418 0.77663 0.74067 0.39558 0.58773 0.20194 0.13401 0.06263 0.29016 0.67033 0.91475 0.92028 0.94702 0.97409 0.79747 0.41187 0.85894 0.98302 0.79401 0.25318 0.02896 0.81056 0.79615 0.82003 0.49288 0.83776 0.87056 0.35507 0.36799 0.56106 0.48192 0.57171 0.57647 0.53703 0.37482 0.08334 0.27153 0.44934 0.52235 0.15026 0.04965 0.0953 0.56989 0.68585 0.46365 0.06277 0.44588 0.61794 0.56488 0.90082 0.83896 0.36107 0.22444 0.51924 0.63511 0.61198 0.01991 0 0
0.90413 0.88657 0.8387 0.52912 0.66495 0.43203 0.90223 0.63133 0.31362 0.58113 0.77263 0.7209 0.75307 0.10296 0.64353 0.91032 1 0.59016 0.32828 0.52929 0.90617 0.5351 0.55178 0.88872 0.9165 0.91773 0.82039 0.19381 0.60803 0.72633 0.97469 0.7238 0.22548 0.38872 0.72245 0.77653 0.64585 0.88331 0.58742 0.22341 0.08081 0.4509 0.75986 0.76536 0.22901 0.63333 0.74813 0.3221 0.081 0.43841 0.6544 0.11353 0 0 0 0.10416 0.49684 0.37294 0.48339 0.85937 0.48797 0.50866 0.31358 0.66783 0.67608 0.41098 0.62378 0.71036 0.18525 0 0.00225 0.07338
0.86708 0.48342 0.73418 0.86488 0.79729 0.84029 0.88609 0.77392 0.58006 0.77973 0.73484 0.73449 0.56501 0.20409 0.69715 0.84961 0.71246 0.86028 0.42847 0.27154 0.41599 0.65311 0.53158 0.73113 0.84432 0.35988 0.09803 0.56089 0.3766 0.78069 0.88337 0.68076 0.69662 0.4504 0.53288 0.87887 0.73156 0.65855 0.35838 0.18314 0.03576 0.09242 0.55114 0.74355 0.6469 0.73346 0.14375 0.00131 0.0196 0.04795 0.28896 0 0 0 0 0 0.00759 0.30343 0.68673 0.70324 0.19446 0.45957 0.28734 0.69203 0.71724 0.20343 0.48978 0.11381 0 0 0.00984 0.34584
0.39163 0.52504 0.80529 0.32478 0.47764 0.87363 0.90893 0.75029 0.82617 0.49733 0.69019 0.42205 0.38708 0.04557 0.47713 0.8787 0.90052 0.70905 0.27248 0 0.28049 0.59756 0.68879 0.66392 0.52421 0.41318 0.39445 0.38995 0.4162 0.65336 0.54494 0.53066 0.8808 0.49395 0.62206 0.68916 0.79306 0.1249 0.4131 0 0 0.13564 0.71971 0.54239 0.49307 0.39833 0.0018 0.38589 0.58735 0.26221 0.50518 0 0 0 0.21372 0.04828 0.25695 0.10971 0.11865 0.18113 0.33164 0.07193 0.47097 0.62546 0.36227 0.62367 0.25249 0.00471 0 0 0.02186 0.3356
0.13835 0.04499 0.49975 0.50155 0.55151 0.86384 0.87454 0.86589 0.45435 0.60285 0.7815 0.80771 0.59928 0.2765 0.8754 0.62349 0.7842 0.97243 0.58294 0.07443 0.11402 0.89797 0.86489 0.7287 0.5702 0.81057 0.81078 0.87914 0.84845 0.78575 0.30071 0.86198 0.89462 0.68318 0.90109 0.39002 0.88022 0.48784 0.66493 0.31647 0.13268 0.21335 0.07551 0.37391 0.45709 0.39085 0.75215 0.6199 0.30217 0.00042 0.39276 0 0 0.1862 0.63729 0.49125 0.41482 0.33646 0.36684 0.16121 0.13695 0.28733 0.53923 0.55632 0.67099 0.83245 0.06443 0 0.13537 0.32669 0.04662 0.48276
0.53084 0.66684 0.83267 0.81379 0.88484 0.59303 0.82042 0.82446 0.71021 0.42354 0.64146 0.34965 0.52572 0.42703 0.44422 0.48731 0.91571 0.72732 0.67017 0.71931 0.11445 0.4524 0.67169 0.12336 0.69933 0.79744 0.83956 0.35346 0.62864 0.77364 0.59236 0.59019 0.80841 0.95554 0.86021 0.86025 0.57408 0.31857 0.58912 0.54736 0.41788 0.84226 0.54367 0.15327 0.15352 0.3555 0.63543 0.25227 0.07021 0 0.04961 0 0.02295 0.5089 0.46905 0.31967 0.47775 0.56294 0.13784 0.01503 0.14613 0.40397 0.16715 0.55554 0.54564 0.88993 0.15276 0 0.03619 0 0.00817 0.55967
0.49379 0.55992 0.73095 0.9491 0.96701 0.75918 0.70876 0.65947 0.66489 0.79169 0.90751 0.99892 0.941 0.74629 0.40616 0.69359 0.72496 0.25518 0.06994 0.14501 0.09135 0.27702 0.5255 0.40497 0.54181 0.72396 0.8913 0.75042 0.71168 0.47848 0.68696 0.33887 0.63831 0.89951 0.52981 0.43932 0.3304 0.32158 0.7898 0.3922 0.5073 0.1275 0.0099 0.40777 0.33662 0.30611 0.12842 0.11018 0.30826 0.48093 0.1834 0.0397 0.21176 0.36515 0.3995 0.6423 0.23237 0.08088 0 0.40021 0.37389 0.29964 0.22698 0.21733 0.67214 0.5502 0.32703 0.2615 0 0.16704 0.32351 0.12948
0.11829 0.16205 0.78488 0.53772 0.6637 0.19666 0.56877 0.52565 0.58084 0.39722 0.61802 0.82001 0.86359 0.86122 0.90689 0.77894 0.64105 0.13186 0.14776 0.13137 0.66607 0.69275 0.86469 0.81415 0.75267 0.46704 0.33822 0.09847 0.39299 0.49072 0.11181 0.60208 0.446 0.64923 0.45039 0.03376 0.00591 0.21665 0.85997 0.27354 0.21523 0.15454 0.5744 0.52056 0 0.01238 0.1213 0.26032 0.57892 0.23883 0.05053 0.16229 0.45205 0.7676 0.74683 0.27954 0 0 0.13666 0.57461 0.44137 0.31335 0.39977 0.19325 0.28758 0.22505 0 0.18485 0 0.26469 0.59661 0.1521
0 0.14367 0.72834 0.88384 0.91188 0.064 0.32304 0.36586 0 0.085 0.37392 0.21 0.43784 0.3143 0.85398 0.95597 0.80038 0.47162 0.20996 0.3987 0.04479 0.53013 0.61755 0.68499 0.58021 0.15579 0.52761 0.69232 0.52357 0.32529 0.31874 0 0.04401 0.58741 0.58242 0.21055 0.49399 0.68984 0.44377 0.21193 0.5012 0.6904 0.35555 0.00866 0.04266 0.61273 0.40979 0.43125 0.59043 0.22942 0.15255 0.54805 0.69729 0.14536 0.06128 0.09605 0.38491 0.04076 0.18104 0.55309 0.67474 0.25963 0.17276 0.24139 0.34657 0.45948 0.04926 0 0 0 0.21401 0.57694
0 0 0.59274 0.44589 0.29755 0.42633 0.00189 0 0 0 0.51543 0.81898 0.67178 0.05186 0.11289 0.27863 0.53054 0.43294 0.56184 0.86926 0.52873 0.25776 0.17818 0.11862 0.36574 0.53943 0.61659 0.58982 0.32569 0.68287 0.63943 0.00414 0.03248 0.34141 0.52606 0.55093 0.60863 0.21638 0.40613 0.76783 0.53036 0.81092 0.75075 0.02538 0.38152 0.35653 0.65317 0.61787 0.20834 0.30631 0.24503 0.30398 0.29794 0.04385 0.02534 0.0876 0.87375 0.39067 0.31067 0.44571 0.29405 0.13637 0 0.31058 0.31124 0.67767 0.1756 0 0 0 0.2735 0.47013
0.29686 0.23911 0.50032 0.48141 0.20927 0.0881 0.00095 0 0 0 0.01022 0.22079 0.18955 0.23182 0.87531 0.09473 0.07513 0.80473 0.54846 0.84144 0.85538 0.47593 0.56463 0.23037 0.49468 0.35364 0.01652 0.05808 0.23239 0.22881 0.18745 0.13903 0.53725 0.4501 0.44349 0.23732 0.26297 0.03801 0.27094 0.44542 0.06676 0.25701 0.59545 0.83375 0.28939 0.49676 0.9308 0.93419 0.07381 0.28702 0.40424 0.27035 0.14441 0.18161 0.36066 0.27536 0.49577 0.77404 0.16006 0.02989 0.22408 0.29486 0.37784 0.64719 0.21781 0.51891 0.33971 0 0 0 0.00579 0.02989
0.74022 0.62704 0.97938 0.95284 0.87841 0.37964 0.64644 0.38505 0.25223 0.19016 0.18163 0.75681 0.3545 0.1065 0.62421 0.51381 0.35777 0.93023 0.55277 0.87641 0.68825 0.85507 0.54227 0 0.18742 0.34815 0.02579 0.04194 0.47654 0.37839 0.18837 0.1209 0.01145 0.02468 0.04594 0 0 0.00996 0.25762 0.19826 0 0.05028 0.78402 0.46687 0.80575 0.95303 0.96945 0.86632 0.28683 0.07059 0.48074 0.53662 0.72757 0.25103 0.283 0.58436 0.83669 0.34142 0.00547 0.1782 0.60563 0.3207 0.528 0.43324 0.30515 0.53598 0.17987 0 0 0 0 0
0.39944 0.32919 0.63746 1 0.68195 0.79329 0.56264 0.63621 0.55308 0.41083 0.10143 0.63232 0.26686 0.03119 0.30337 0.67815 0.65496 0.68159 0.79956 0.88771 0.6555 0.5815 0.13364 0.0722 0.44626 0.16202 0.12368 0.15626 0.50289 0.29583 0.29695 0.05917 0.13837 0 0 0.07421 0.24243 0.2889 0.06115 0 0 0.17131 0.27301 0.66289 0.96014 0.9589 0.90128 0.58657 0.35591 0.51701 0.84078 0.67629 0.65891 0.71623 0.67701 0.63902 0.54402 0.79703 0.33848 0.64117 0.65397 0.22398 0.48695 0.42391 0.164 0.17621 0.11292 0 0.05979 0 0 0
0.20403 0.22472 0.42664 0.90874 0.67369 0.72833 0.26525 0.45254 0.75109 0.79057 0.29486 0.06244 0.17123 0.04427 0.19447 0.34633 0.78369 0.921 0.79673 0.51756 0.85692 0.54923 0.16223 0.24719 0.54229 0.04982 0.13843 0.51492 0.81816 0.69795 0.37982 0.34177 0.07289 0.01243 0.08659 0.33882 0.63167 0.48796 0 0 0.00221 0.36744 0.25343 0.76717 0.88543 0.77812 0.46747 0.4091 0.48684 0.49472 0.43474 0.51393 0.68832 0.36576 0.59679 0.6295 0.9122 0.59874 0.39683 0.26331 0.40382 0.34943 0.67708 0.7386 0.4626 0.61719 0.41147 0 0 0 0.05979 0.15604
0.27979 0.18936 0.54268 0.38177 0.52602 0.75832 0.37878 0.53694 0.83228 0.70658 0.36386 0.05506 0.16363 0.18917 0.16917 0.3451 0.67092 0.72313 0.61455 0.83878 0.70751 0.72519 0.64566 0.73331 0.38761 0 0.41419 0.27365 0.64995 0.55094 0.36004 0.5079 0.47777 0.27404 0.38414 0.47276 0.19505 0.02989 0 0.4282 0.51812 0.13334 0.15537 0.50073 0.06054 0.05642 0.07313 0.27212 0.59689 0.5971 0.96246 0.41486 0.21952 0.44609 0.24378 0.62463 0.85817 0.44272 0 0.01327 0.01232 0.14561 0.42225 0.29471 0.68441 0.49347 0.17298 0.06564 0 0.15966 0.0657 0.17937
0.44862 0.30462 0.21478 0.38786 0.31161 0.1707 0.01871 0.0179 0 0.02916 0.05245 0.30551 0.42535 0.1086 0.35226 0.28403 0.08382 0.3104 0.47781 0.85967 0.80685 0.85591 0.597 0.23667 0.15282 0 0.04995 0.35398 0.6682 0.57085 0.4832 0.45123 0.16034 0.48722 0.61229 0.23348 0.00649 0.11099 0.52443 0.79472 0.76753 0.1687 0.18487 0.13038 0.19466 0 0.08128 0.03339 0.49106 0.77872 0.82374 0.54267 0.78786 0.69391 0.73215 0.29922 0.23468 0.05655 0 0 0 0 0.65584 0.62897 0.37424 0.01696 0.21879 0.71154 0.15338 0.70545 0.26089 0.07523
0.06521 0 0 0 0 0 0 0.02095 0.17462 0.11781 0.17769 0.6096 0.13179 -9999 0.10659 0.19343 0.00699 0.17573 0.52161 0.40563 0.51329 0.57972 0.5486 0.71045 0.55053 0.19424 0 0.34029 0.71196 0.61115 0.80353 0.25894 0.00199 0.22871 0.65004 0.62827 0.18577 0.55271 0.84561 0.55493 0.37902 0.18844 0.47311 0.58135 0.58948 0.26053 0.35558 0.40155 0.68211 0.74965 0.53219 0.62288 0.8136 0.58362 0.23702 0 0 0 0 0 0 0.00712 0.63443 0.32003 0.37389 0.02297 0.30762 0.75271 0.40839 0.70817 0.77422 0.83762
0 0.01404 0.33959 0.62594 0.3551 0.77598 0.82312 0.83679 0.59882 0.30241 0.08441 0.07428 -9999 -9999 -9999 -9999 -9999 0.12724 0.63494 0.41507 0.3552 0.42367 0.5454 0.75526 0.35529 0.02972 0 0.65583 0.96697 0.91217 0.84065 0.0249 0.00996 0.05391 0.61444 0.64599 0.59518 0.58216 0.74453 0.34683 0.30034 0.6183 0.71724 0.91189 0.66286 0.26494 0.35619 0.83024 0.5291 0.65978 0.64501 0.54259 0.52891 0.02269 0 0 0 0 0 0 0 0.01993 0.05992 0.52507 0.73204 0.02958 0.55369 0.54646 0.20663 0.41535 0.80401 0.79336
0.00261 0.5435 0.86739 0.48939 0.74038 0.68274 0.62651 0.37728 0.55332 0.24504 -9999 -9999 -9999 -9999 -9999 -9999 -9999 0 0.30416 0.35228 0.06705 0.01829 0.57488 0.95392 0.72165 0.62763 0.65496 0.63461 0.82983 0.84563 0.71717 0.34974 0.12733 0.27329 0.29344 0.40998 0.26329 0.4677 0.85737 0.14477 0.45505 0.2045 0.24303 0.57035 0.92648 0.52444 0.17587 0.31977 0.20477 0.52602 0.16854 0.4727 0.15541 0 0.00996 0.02582 0 0 0 0 0 0.06593 0.31219 0.57795 0.30748 0.00757 0.33403 0.08783 0.01973 0.65262 0.80079 0.916
0.80343 0.75887 0.45243 0.63979 0.53498 0.72545 0.81051 0.05038 0.59388 -9999 -9999 -9999 -9999 -9999 -9999 -9999 0 0.23947 0.54125 0.59714 0.19478 0.34607 0.23428 0.77658 0.59438 0.79694 0.99375 0.96981 0.96632 1 0.2036 0.25068 0.78501 0.33469 0.70374 0.77365 0.8652 0.68367 0.63484 0.2401 0.31925 0.25866 0.56785 0.6052 0.44139 0.7069 0.41009 0.03141 0.10072 0.42867 0.42541 0.25631 0.00556 0 0 0.02401 0 0 0 0 0 0.21715 0.64071 0.50481 0.0742 0.51477 0.57462 0.50386 0.55759 0.83912 0.60807 0.562
0.66836 0.70265 0.56785 0.73858 0.96382 0.6258 0.31176 0.24635 0.21754 -9999 -9999 -9999 -9999 -9999 -9999 -9999 0.03174 0.89243 0.83381 0.91706 0.7596 0.58177 0.60783 0.59437 0.78841 0.72075 0.41592 0.30583 0.54013 0.87165 0.27606 0.4514 0.61882 0.34789 0.30247 0.03802 0.46988 0.78192 0.39427 0.27998 0.10744 0.01631 0.2649 0.52283 0.70857 0.60583 0.4729 0.23458 0.28425 0.15136 0.05766 0.02028 0 0 0 0 0 0 0 0 0.13779 0.57776 0.84531 0.56862 0.56692 0.86692 0.94807 0.74537 0.56035 0.71893 0.58867 0.43529
0.8925 0.66015 0.5676 0.63487 0.41849 0.51818 0.71476 0.3226 0 -9999 -9999 -9999 -9999 -9999 -9999 0 0 0.2797 0.75604 0.87026 0.80729 0.62687 0.3605 0.18819 0.4042 0.46871 0.70274 0.71608 0.66387 0.41955 0.34859 0.51639 0.79173 0.55237 0.46755 0.54576 0.34255 0.47914 0.27271 0.35185 0.4779 0.52438 0.54255 0.59236 0.27511 0.60361 0.45198 0.10252 0.12144 0.11505 0.0205 0 0 0 0 0.03303 0.00683 0.03986 0 0 0.27646 0.70831 0.78505 0.89605 0.94034 0.73613 0.83376 0.83634 0.18527 0.57339 0.27885 0.01993
0.65403 0.19677 0.20068 0.35667 0.31312 0.42102 0.02376 -9999 -9999 -9999 -9999 -9999 -9999 -9999 0 0 0 0.33215 0.31753 0.62256 0.56217 0.78535 0.80327 0.66124 0.99137 0.80614 0.51179 0.64609 0.65032 0.50122 0.71639 0.62578 0.36787 0.20222 0.1413 0.48349 0.32367 0.53111 0.39514 0.35863 0.32398 0.33145 0.65801 0.75182 0.72809 0.23284 0.32068 0.05983 0 0.09995 0.09008 0 0 0 0 0 0 0 0.03384 0 0.06498 0.41312 0.50738 0.52092 0.86366 0.86833 0.58586 0.66409 0.00898 0.02495 0.1289 0.09133
0.54732 0.40294 0.44917 0.23324 0.31964 -9999 -9999 -9999 -9999 -9999 -9999 -9999 -9999 -9999 0 0.00923 0 0.33569 0.70241 0.26533 0.47536 0.58235 0.49579 0.78486 0.74273 0.34653 0.30458 0.76399 0.79587 0.76121 0.4841 0.56476 0.53851 0.63338 0.35359 0.87876 0.83165 0.65602 0.35632 0.24317 0.75868 0.44233 0.47976 0.59471 0.63583 0.39589 0.42024 0.14891 0.01076 0.36628 0.08386 0 0 0 0 0 0 0 0.06581 0.12919 0.34818 0.06474 0.2883 0.0483 0.62397 0.97377 0.80546 0.406 0 0.01257 0.60238 0.04014
0.26711 0.21499 0.0754 0 0 -9999 -9999 -9999 -9999 -9999 -9999 -9999 -9999 -9999 0.01442 0.36132 0 0 0.01883 0.03347 0.17096 0.08731 0.24963 0.51423 0.77963 0.84986 0.64197 0.47684 0.63677 0.72921 0.86862 0.83566 0.66098 0.51663 0.36134 0.66655 0.6839 0.39804 0.14506 0.40684 0.54662 0.31994 0.50967 0.3951 0.50573 0.16268 0.49647 0.20735 0.33569 0.70107 0.0783 0.02989 0 0 0 0 0 0 0 0.28359 0.4323 0.00159 0.04953 0.38024 0.3633 0.61619 0.42414 0.14457 0 0.33504 0.1061 0.31638
0.13474 0.02249 0 0 -9999 -9999 -9999 -9999 -9999 -9999 -9999 -9999 -9999 0 0.17303 0.35073 0.51364 0.01683 0 0 0 0 0 0.56519 0.62951 0.40201 0.72731 0.23196 0.39934 0.73765 0.63462 0.62051 0.6693 0.78076 0.5426 0.53103 0.35819 0.03177 0.12388 0.10889 0.54431 0.2972 0.12533 0.0578 0 0.05557 0.67456 0.27763 0.04523 0.05303 0 0 0 0 0 0 0 0 0 0 0 0 0.00895 0.01273 0.16773 0.60032 0.14978 0 0.05248 0.76533 0.32994 0.8194
