EnvRasters/Baseline_High/tal.asc
ncols         270
nrows         223
xllcorner     24099.479091542
yllcorner     21023.840179216
cellsize      1003.8986847201
NODATA_value  -9999
[rows 96 to 127 of 223, columns 144 to 215 of 270]
0.80424 0.4298 0.88481 0.59327 0.81824 0.61678 0.7089 0.9649 0.95841 0.74332 0.98705 0.76567 1 1 0.99168 0.82499 0.66276 0.55871 0.95424 0.84007 0.84503 0.96536 1 0.95435 1 0.75978 0.8326 0.97687 0.98007 0.99004 1 1 1 1 0.98138 0.92676 0.96123 0.98007 0.93828 0.97032 0.78606 0.68811 0.86079 0.98007 0.7332 0.87508 1 0.9915 0.62205 0.97481 0.96518 0.93344 0.99666 0.99255 0.87814 0.88029 0.58796 0.07975 0.21969 0.15703 0.31383 0.13071 0.0944 0 0 0 0 0 0.05435 0.18532 0.17718 0.09236
0.81456 0.61992 0.51095 0.88286 0.97625 0.79488 0.63853 0.90542 0.84916 0.61397 0.55053 0.9172 0.96211 0.9781 0.81609 0.46439 0.60425 0.96997 0.7712 0.78525 0.76679 0.93071 1 0.86157 0.96724 0.95327 0.94093 0.98327 0.93405 0.95167 0.95795 0.71607 0.92198 0.83109 0.93916 0.89381 0.74451 0.97544 0.87239 0.89785 0.94878 0.71598 0.80265 0.80705 0.9077 0.99785 0.98171 0.98133 0.55384 0.88345 0.97223 0.8804 0.62331 0.76616 0.87973 0.63834 0.00615 0.16432 0.5816 0.09594 0.1475 0.09893 0 0 0 0 0 0.00996 0.01501 0 0.1515 0.09611
0.40346 0.62901 0.86476 0.98528 0.61028 0.90238 0.75957 0.85945 0.89061 0.78508 0.57724 0.63258 0.49037 0.55958 0.86032 0.81671 0.58903 0.78589 0.99439 0.99436 0.97978 1 0.92147 0.61645 0.78922 0.8622 0.72851 0.65766 0.72894 0.73174 0.54226 0.47111 0.66231 0.68195 0.80299 0.48586 0.4959 0.63635 0.92795 0.99004 0.97013 0.99004 0.90118 0.69339 0.82719 1 0.85453 0.86992 0.83368 0.75176 0.93931 0.95555 0.55975 0.44799 0.61854 0.29152 0.14491 0.38319 0.28634 0.0806 0 0.01549 0 0 0 0 0 0 0 0.00996 0.03112 0.28826
0.36424 0.30023 0.92322 0.97931 0.74953 0.92743 0.7526 0.35765 0.49238 0.86682 0.87177 1 0.94281 0.95392 0.98614 0.99333 0.95719 0.74829 0.39482 0.55647 0.82755 0.95148 0.8752 0.99004 1 0.86836 0.86777 0.68255 0.98007 0.98007 0.98007 1 0.95042 0.93402 0.87092 0.97011 0.90513 0.78804 0.52943 0.7454 0.90692 0.69578 0.81307 0.77795 0.72882 0.75309 0.99079 0.71713 0.37492 0.63486 0.63829 0.6179 0.52432 0.40073 0.39578 0.39626 0.74503 0.27471 0.24359 0.0547 0 0 0 0 0 0 0 0 0 0 0.0256 0.39059
0.64236 0.89252 0.97367 0.94298 0.99004 0.98147 0.97114 0.95377 0.92338 0.86876 0.64296 0.82477 0.82183 0.73739 0.51221 0.62688 0.71707 0.70675 0.91091 0.50884 0.8251 0.88869 0.94062 0.98754 0.71816 0.79815 0.93494 0.74388 0.97038 0.9759 0.9942 0.99004 1 0.99004 0.99649 0.97011 0.99124 0.96491 0.67194 0.63232 0.87195 0.73843 0.89097 0.77958 0.96014 0.97893 0.98155 0.44701 0.60195 0.81326 0.79955 0.34625 0.58107 0.34859 0.14078 0.18669 0.5302 0.03451 0.00727 0 0 0 0 0 0 0 0.00655 0 0 0.04982 0.0517 0.03194
0.55788 0.88991 0.47868 0.66578 0.99004 0.9277 0.62779 0.99004 0.79919 0.92964 0.12836 0.76206 0.89131 0.91784 0.85725 0.82657 0.64263 0.86776 0.83254 0.29179 0.89405 0.87692 0.51135 0.98237 0.83748 0.97064 0.79263 1 0.98335 0.7278 0.98237 0.96725 0.97784 0.98194 0.55786 0.96086 0.93638 0.90956 0.70968 0.28548 0.89237 0.80131 0.8087 0.93961 0.46985 0.68786 0.74129 0.50311 0.73074 0.8135 0.59234 0.31435 0.65184 0.53747 0.01993 0.15821 0.12439 0.04602 0.06145 0.03045 0 0 0 0.03208 0 0 0.11303 0 0 0 0 0.00402
0.61966 0.99174 0.85731 0.90378 0.9065 0.31773 0.4563 0.84134 0.87379 0.26914 0.61452 0.87443 0.8232 0.62081 0.73056 0.85686 0.84028 0.95772 0.83718 0.61929 0.69964 0.83903 0.73233 0.75183 0.78121 0.64749 0.61454 0.87352 0.85248 0.7048 0.57648 0.43876 0.64807 0.59245 0.16921 0.45199 0.49151 0.40021 0.69659 0.61415 0.56427 0.77101 0.96858 0.9915 0.40967 0.54437 0.639 0.73119 0.50863 0.89487 0.548 0.07543 0.20025 0.01884 0 0 0.00396 0.04996 0.19508 0.01275 0 0 0.03654 0.36176 0.10901 0 0.00603 0.23849 0.13704 0.26178 0.31078 0.40311
0.80379 0.73673 0.99012 0.54459 0.44915 0.466 0.85642 0.86493 0.8149 0.70392 0.83892 0.98007 0.73625 0.91965 0.70908 0.82226 0.70428 0.93562 0.58199 0.44528 0.92989 0.93728 0.87642 0.87654 0.78539 0.79966 0.74333 0.9784 0.9435 0.73355 0.91747 0.9001 0.7107 0.71968 0.64545 0.91094 0.50428 0.40749 0.45752 0.81395 0.65574 0.89709 0.80306 0.65634 0.46548 0.72371 0.60355 0.41128 0.59645 0.58625 0.43636 0.11365 0.03368 0 0.08968 0 0.27162 0.35237 0.4321 0.11721 0 0 0.00778 0.10055 0.09965 0 0 0.05243 0.00706 0.13407 0.35662 0.59471
0.90953 0.96142 0.82926 0.1801 0.06513 0.83228 0.93025 0.93136 0.93658 0.95579 0.84871 0.99004 0.95998 0.76441 0.79584 0.66632 0.8102 0.82904 0.86818 0.54345 0.68048 0.98051 0.72966 0.82004 0.89903 0.82929 0.91414 0.78313 0.90642 0.93025 0.95149 1 0.76008 0.73984 0.85029 0.89958 0.81696 0.36953 0.10337 0.45956 0.67385 0.46297 0.3417 0.3291 0.28907 0.23705 0.55984 0.33543 0.29308 0.27256 0.09696 0.15152 0.42843 0.0353 0.19918 0.38682 0.35033 0.87604 0.4189 0 0 0 0 0.02552 0.25145 0.01993 0.08914 0.52608 0 0.28167 0.24431 0.16395
0.71226 0.94946 0.57171 0.15796 0 0.49414 0.70154 0.74464 0.92551 0.79872 0.93204 0.61737 0.73031 0.83046 0.88835 0.81773 0.74235 0.97621 0.84399 0.36302 0.86834 0.95018 0.84543 0.92172 0.48644 0.82372 0.92111 0.90195 0.56362 0.76616 0.75282 0.88714 0.80668 0.95898 0.88342 0.93232 0.76313 0.30614 0.07991 0.20703 0.44503 0.68064 0.50421 0.24145 0.55524 0.44192 0.11308 0.05979 0.0674 0.17422 0.65688 0.2342 0.14159 0.46762 0.57105 0.81129 0.71385 0.66487 0.08504 0 0 0.12231 0.17632 0.39204 0.31373 0.21013 0.18474 0 0.0976 0.01038 0.26504 0.14943
0.93357 0.85311 0.67065 0.52888 0.62688 0.43328 0.31094 0.90965 0.99073 0.98806 0.7539 0.4967 0.82475 0.97234 0.90702 0.70756 0.80716 0.95519 0.72637 0.63533 0.7971 0.75529 0.7271 0.64857 0.65777 0.84036 0.86905 0.54835 0.3707 0.26566 0.81505 0.87164 0.54288 0.82991 0.71662 0.41733 0.39066 0.48368 0.66474 0.45613 0.87948 0.48229 0.50758 0.52834 0.28635 0.22351 0.12028 0.00996 0.01161 0.08216 0.25118 0.0019 0.0147 0.73153 0.72976 0.8506 0.89922 0.46132 0.04931 0.05811 0.10872 0.36334 0.45098 0.47633 0.35163 0.66536 0.14858 0.13826 0.48197 0.60883 0.64602 0.36471
0.69763 0.6937 0.63659 0.65264 0.25309 0.50699 0.63543 0.8086 0.83698 0.97028 0.52199 0.90536 0.91262 1 0.8634 0.89176 0.65452 0.76363 0.9023 0.63382 0.69019 0.731 0.86805 0.31835 0.38529 0.16399 0.85297 0.86927 0.62821 0.75114 0.95617 0.79897 0.91275 0.93337 0.73541 0.82825 0.7433 0.95953 0.90626 0.64845 0.24005 0.08977 0.20999 0.06234 0.00996 0.00097 0.02815 0.02862 0 0.17551 0.16764 0.04197 0.13327 0.3446 0.71296 0.71883 0.85196 0.23589 0.36716 0.37785 0.43462 0.45319 0.4841 0.46607 0.43594 0.15318 0.0082 0.35295 0.88149 0.81142 0.53961 0.69259
0.9587 0.82368 0.86634 0.70484 0.34836 0.52116 0.94111 0.59532 0.60262 0.94133 0.72375 0.76479 0.91421 0.91486 0.86443 0.88341 0.66852 0.82302 0.85262 0.68794 0.73361 0.60831 0.76019 0.78146 0.50431 0.59707 0.61033 0.91618 0.7225 0.54515 0.86081 0.75199 0.89493 0.90048 0.57461 0.46434 0.6028 0.87541 0.76584 0.48648 0.12307 0.04051 0.03 0.05114 0.16803 0.24939 0.17781 0 0 0.00202 0.12863 0.74228 0.88011 0.89684 0.88578 0.60045 0.77971 0.76718 0.44046 0.22723 0.26392 0.50744 0.24201 0.01683 0.07972 0.27587 0.20441 0.65655 0.69818 0.51779 0.37998 0.59074
0.98168 0.82727 0.84493 0.50373 0.70365 0.63608 0.56727 0.56012 0.88016 0.75797 0.69342 0.93658 0.83525 0.75675 0.53974 0.72953 0.8023 0.41144 0.60593 0.57278 0.90033 0.66773 0.77136 0.77718 0.53819 0.79636 0.66198 0.91642 0.69579 0.65545 0.77044 0.64129 0.80662 0.60381 0.26991 0.18422 0.42554 0.56353 0.13707 0.07272 0.28901 0.24036 0.00996 0.11226 0.20738 0.0514 0 0.07395 0.2029 0.22798 0.24282 0.71274 0.84051 0.65815 0.59124 0.76268 0.62365 0.56109 0.40347 0.63868 0.51395 0.03679 0.09781 0 0 0.0723 0.34121 0.26898 0.68046 0.88194 0.56047 0.67941
0.99789 0.75625 0.51319 0.50956 0.70321 0.73804 0.89938 0.63725 0.78261 0.95991 0.66969 0.61967 0.63649 0.88646 0.69341 0.81826 0.65392 0.6922 0.76497 0.56142 0.7789 0.75466 0.44778 0.42034 0.45629 0.50622 0.98578 0.6268 0.37741 0.71216 0.91828 0.5737 0.14586 0.31717 0 0 0.10961 0.2345 0.26158 0.20384 0.3779 0.51843 0 0.06337 0.61814 0.53573 0.58875 0.54147 0.59354 0.40163 0.51389 0.21467 0.41558 0.69923 0.57597 0.62595 0.64361 0.50766 0.46982 0.55246 0.51108 0.62907 0.52115 0.06023 0 0.04996 0.09723 0.45179 0.31535 0.67163 0.62816 0.39971
0.50425 0.45379 0.22525 0.6099 0.92088 0.73004 0.55093 0.98855 0.98525 0.76161 0.75643 0.37766 0.11781 0.67421 0.88988 0.88126 0.32612 0.28645 0.52535 0.28378 0.47495 0.50398 0.48771 0.46541 0.62439 0.62525 0.53998 0.58868 0.33758 0.22143 0.42089 0.11288 0.01379 0.28459 0.08046 0.14022 0.14305 0.43447 0.48007 0.20587 0.2849 0.85404 0.1081 0.27567 0.77707 0.87916 0.65351 0.79624 0.60593 0.55421 0.63602 0.49362 0.62597 0.82383 0.16717 0.52814 0.54876 0.22254 0.68131 0.59185 0.5318 0.73834 0.47655 0.14432 0.00106 0.58398 0.43202 0.44591 0.38504 0.50904 0.65222 0.72425
0.83205 0.95018 0.41592 0.86693 0.59111 0.72975 0.60963 0.7499 0.90251 0.74413 0.79416 0.21877 0.26157 0.42846 0.49034 0.35619 0.40831 0.18582 0.14905 0.84272 0.53273 0.5972 0.10588 0.13012 0.26895 0.67672 0.74356 0.22254 0.19138 0.30425 0.2603 0.15095 0.02373 0.09942 0.03258 0.18222 0.28569 0.46773 0.41375 0.427 0.6146 0.52577 0.04657 0.02989 0.29935 0.15629 0.10848 0.59264 0.47452 0.75605 0.91605 0.58283 0.79716 0.88993 0.34153 0.72284 0.10668 0.41828 0.43579 0.39696 0.83395 0.52569 0.72828 0.39191 0.34674 0.49716 0.84848 0.28966 0.63297 0.8181 0.37353 0.63527
0.83535 0.85802 0.33266 0.58659 0.51997 0.31227 0.88996 0.7029 0.34877 0.4789 0.47502 0.74856 0.44612 0.17426 0.1229 0.20158 0.68165 0.07019 0.74503 0.74973 0.54967 0.17781 0 0.05565 0.07398 0.3516 0.78452 0.14622 0.5173 0.83261 0.57549 0.16477 0.10776 0.23787 0.29905 0.22534 0.16825 0.39151 0.58761 0.79386 0.90392 0.25099 0.35751 0.03397 0.18728 0.43596 0.27727 0.54142 0.92311 0.88729 0.73824 0.63756 0.343 0.78919 0.95306 0.61659 0.79304 0.54029 0.55039 0.68793 0.73807 0.36894 0.54123 0.58168 0.79916 0.85733 0.37536 0.0979 0.48022 0.24673 0.46478 0.18029
0.81083 0.28335 0.4773 0.54378 0.17084 0.1901 0.81294 0.49529 0.50862 0.85094 0.78346 0.66915 0.4213 0.19572 0.007 0.07514 0.07131 0.05973 0.50945 0.27181 0.04184 0.09645 0.21346 0.50143 0.20448 0.17996 0.18776 0.36515 0.63977 0.73723 0.7774 0.6211 0.57663 0.23238 0.3455 0.50541 0.78025 0.88653 0.7421 0.95018 0.74991 0.74516 0.59196 0.77064 0.33605 0.394 0.3632 0.56629 0.72208 0.81362 0.79111 0.88745 0.58108 0.65089 0.91861 0.66316 0.52554 0.68264 0.44106 0.5047 0.6638 0.73381 0.73867 0.89232 0.58813 0.75777 0.23843 0.46747 0.64621 0.66053 0.79394 0.39606
0.72982 0.3717 0.20716 0.7667 0.36156 0.37844 0.9163 0.47083 0.49605 0.315 0.23488 0.21805 0.49671 0.09334 0.02331 0 0 0.02236 0.11454 0.04734 0.05781 0.29437 0.73318 0.7689 0.42548 0.07457 0.21997 0.66585 0.72549 0.846 0.96313 0.73705 0.79432 0.66043 0.39685 0.50669 0.89519 0.75054 0.712 0.98786 0.79585 0.68733 0.43206 0.57921 0.67827 0.23551 0.25317 0.67985 0.70671 0.6553 0.96298 0.92338 0.88444 0.87906 0.6649 0.55582 0.94226 0.64246 0.7957 0.6187 0.63992 0.52799 0.42951 0.33301 0.44293 0.65477 0.32044 0.59066 0.23998 0.29337 0.22108 0.2914
0.3525 0.58044 0.11205 0.35693 0.36865 0.30753 0.52649 0.67482 0.813 0.36216 0.37207 0.10161 0.03816 0 0 0 0 0.0033 0.32656 0.27855 0.2511 0.42768 0.42782 0.59389 0.76776 0.64273 0.20398 0.8 0.59866 0.58208 0.33524 0.57869 0.81351 0.7063 0.45494 0.57467 0.62375 0.82311 0.69813 0.85375 0.88435 0.78777 0.70312 0.91717 0.69821 0.47598 0.14401 0.52623 0.78528 0.65668 0.77935 0.72341 0.74955 0.80067 0.66202 0.67773 0.78649 0.86533 0.80321 0.78284 0.63025 0.40674 0.47108 0.19599 0.56538 0.51945 0.19132 0.65086 0.55041 0.53664 0.50166 0.78752
0.01725 0.15315 0.13226 0.11928 0.06282 0.02767 0.34644 0.27358 0.48045 0.09029 0.38237 0.07099 0.10163 0.1231 0.01613 0.00735 0 0.25084 0.22146 0.20856 0.10546 0.51262 0.4399 0.67483 0.30306 0.45785 0.24008 0.40809 0.05721 0.42779 0.58206 0.63956 0.20377 0.15518 0.53075 0.61478 0.37813 0.95492 0.85477 0.79583 0.94693 0.82386 0.60034 0.70774 0.58457 0.14448 0.08053 0.40634 0.66201 0.90742 0.69564 0.67767 0.81771 0.80222 0.63084 0.73552 0.85922 0.92721 0.72617 0.40061 0.83357 0.43688 0.04242 0.42534 0.30085 0.33739 0.42858 0.5258 0.31732 0.18606 0.46519 0.70096
0.25807 0.20888 0.19942 0.13901 0.27992 0.24546 0.25515 0.30999 0.38006 0.30986 0.1786 0.03349 0.11178 0.05519 0.32108 0.13494 0.00996 0.04058 0.27581 0.26669 0.37348 0.43228 0.35273 0.78066 0.5035 0.60671 0.45763 0.50482 0.1993 0.46262 0.43076 0.41739 0.76582 0.51738 0.19329 0.38541 0.59473 0.79885 0.8388 0.90353 0.82716 0.83491 0.69785 0.55656 0.20989 0.18001 0.09038 0.34343 0.94793 0.66522 0.7397 0.92197 0.54524 0.29002 0.80918 0.96009 0.90357 0.91075 0.56501 0.51837 0.79029 0.3176 0.12048 0.41465 0.61293 0.84102 0.90901 0.65878 0.54541 0.41021 0.12286 0.00284
0.30168 0.64695 0.6526 0.05658 0.2803 0.54201 0.36331 0.27849 0.19061 0.40668 0.75133 0.08936 0.33614 0.10765 0.4228 0.28934 0.1005 0.16496 0.2124 0.66069 0.34932 0.66723 0.8571 0.85215 0.30925 0.17752 0.24736 0.28587 0.4489 0.28949 0.47357 0.67582 0.92411 0.81038 0.70278 0.84947 0.96483 0.84559 0.93499 0.56572 0.5354 0.90602 0.48183 0.7031 0.74566 0.24767 0.26853 0.60751 0.70646 0.82735 0.76827 0.66416 0.48896 0.78809 0.78391 0.72054 0.87511 0.95931 0.65556 0.9661 0.71092 0.26322 0.29223 0.25266 0.18489 0.66475 0.5783 0.66085 0.46093 0.05205 0.12422 0.21402
0.25586 0.72733 0.85324 0.24036 0.48635 0.96041 0.87535 0.47404 0.17481 0.40384 0.3976 0.21535 0.20643 0.35352 0.21101 0.09975 0 0 0.36638 0.59449 0.30942 0.19875 0.40149 0.58806 0.62976 0.51148 0.33119 0.38237 0.1709 0.03753 0.23039 0.57193 0.73943 0.80212 0.98254 0.94564 0.92003 0.95439 0.7688 0.69009 0.7343 0.33883 0.01804 0.40543 0.69796 0.75529 0.89466 0.4779 0.92457 0.79612 0.84774 0.80188 0.85254 0.97083 0.57912 0.66052 0.68083 0.58925 0.13722 0.36854 0.22808 0.51113 0.35205 0.48964 0.50462 0.76426 0.82729 0.40551 0.61692 0.40162 0.46957 0.0327
0.33495 0.55801 0.8036 0.77634 0.90712 0.91014 0.84528 0.97011 0.79758 0.38934 0.24591 0.17783 0.27578 0.40621 0.25296 0.60451 0.19798 0.03655 0.11989 0.11957 0.29896 0.43497 0.62868 0.47968 0.47241 0 0.00534 0 0 0.25765 0.20078 0.47503 0.937 0.98716 0.96014 0.9624 0.73834 0.88427 0.66705 0.59058 0.1811 0.76133 0.52107 0.43257 0.63319 0.80808 0.63141 0.75329 0.91919 0.84084 0.8646 0.71909 0.73977 0.85112 0.61905 0.6975 0.81109 0.51033 0.31626 0.33704 0.77907 0.62238 0.16347 0.17553 0.83952 0.92072 0.80642 0.60244 0.43934 0.40166 0.15571 0.07406
0.39279 0.47275 0.59201 0.60039 0.4585 0.64998 0.913 0.61208 0.36043 0.2195 0 0.00919 0.39385 0.57272 0.40251 0.74857 0.51683 0.07688 0.00489 0 0 0.21012 0.24435 0.11001 0.023 0.25281 0.32282 0.06564 0.05807 0.15582 0.38291 0.45157 0.84263 0.90602 0.7101 0.68827 0.56889 0.44719 0.81026 0.57634 0.60032 0.46681 0.49094 0.45643 0.04051 0.40489 0.56941 0.73729 0.95018 0.88773 0.74457 0.91737 0.72376 0.68 0.68532 0.78733 0.39073 0.61524 0.45283 0.62251 0.51079 0.39645 0.17311 0.25448 0.47323 0.46059 0.23701 0.67654 0.7512 0.35864 0.30517 0.20289
0.57289 0.44924 0.70548 0.50955 0.2001 0.70838 0.92605 0.88305 0.80376 0.32033 0.19531 0.3097 0.32244 0.36141 0.58232 0.32543 0.18045 0.02027 0 0 0 0.31661 0.56237 0.0584 0.21598 0.28068 0.4648 0.28019 0.71315 0.63676 0.64523 0.66937 0.76431 0.6405 0.81516 0.76058 0.85082 0.83157 0.721 0.76026 0.40225 0.27871 0.71972 0.59616 0.6024 0.39902 0.71298 0.90175 0.79635 0.81303 0.85939 0.91576 0.82128 0.80174 0.65172 0.54645 0.79503 0.76602 0.79795 0.72404 0.62328 0.54871 0.95021 0.60699 0.40911 0.68467 0.91261 0.82121 0.08166 0.4653 0.39745 0.20839
0.55554 0.19382 0.52388 0.3388 0.78894 0.69139 0.51688 0.69996 0.87827 0.77445 0.71681 0.60905 0.33753 0.43891 0.52276 0.11062 0 0.03373 0.07588 0.29845 0.25704 0.04074 0.13534 0.32668 0.45743 0.52795 0.75496 0.75388 0.77243 0.80927 0.70606 0.61125 0.46076 0.8428 0.74812 0.77843 0.71193 0.78364 0.60488 0.6223 0.52654 0.2 0.68631 0.4395 0.78534 0.65567 0.7048 0.86293 0.81373 0.95796 0.85762 0.57298 0.34834 0.78315 0.69861 0.91289 0.22268 0.28745 0.49205 0.68398 0.71995 0.95444 0.74013 0.17608 0.45453 0.95708 0.89601 0.63714 0.203 0.73449 0.22869 0.34795
0.43248 0.5812 0.85825 0.48588 0.38687 0.56409 0.77577 0.53904 0.7015 0.50263 0.26 0.61393 0.4826 0.2769 0.30581 0.01599 0.05877 0.0457 0.02989 0.56416 0.68376 0.8695 0.83131 0.65547 0.76925 0.69594 0.84467 0.69112 0.81502 0.76321 0.70763 0.73642 0.87287 0.9638 0.80608 0.71429 0.77 0.89959 0.63877 0.60149 0.05561 0.26401 0.78002 0.8411 0.87023 0.89929 0.97577 0.98049 0.80247 0.61367 0.44387 0.68645 0.702 0.68426 0.69683 0.68739 0.03404 0.13289 0.37064 0.76267 0.44536 0.81546 0.36496 0.16657 0.19622 0.59226 0.5463 0.15476 0.04945 0.46492 0.03721 0.16781
0.73354 0.91624 0.57068 0.20693 0.74258 0.61055 0.81126 0.57844 0.8328 0.98066 0.77908 0.47125 0.35192 0.54288 0.29431 0.04392 0.09542 0.01934 0.1145 0.33545 0.58708 0.88676 0.81132 0.89706 0.75679 0.56993 0.76974 0.6932 0.68917 0.4889 0.85022 0.91297 0.90435 0.76656 0.70946 0.86296 0.93609 0.8241 0.6238 0.74808 0.03781 0.19831 0.70572 0.67339 0.94639 0.88041 0.88135 0.90907 0.95728 0.78366 0.64423 0.61609 0.73644 0.68328 0.59726 0.04523 0.55981 0.82633 0.50119 0.26828 0.38224 0.48087 0.31885 0.4622 0.65807 0.47964 0.662 0.33527 0.46645 0.46153 0.4863 0.09094
0.14481 0.64384 0.3319 0.05063 0.63476 0.86773 0.96973 0.81052 0.92054 0.74488 0.77496 0.57792 0.25254 0.34929 0.10836 0 0.04247 0.12059 0.67699 0.3218 0.48796 0.73866 0.93792 0.63823 0.92706 0.93504 0.65927 0.49857 0.90958 0.84041 0.80214 0.41956 0.64224 0.85626 0.68452 0.85971 0.83043 0.74715 0.52818 0.48556 0.4805 0.24471 0.71792 0.74726 0.82787 0.68296 0.90395 0.82378 0.70655 0.90259 0.69648 0.72429 0.85207 0.30963 0.34786 0.45962 0.72401 0.85591 0.16777 0.26157 0.258 0.22499 0.0272 0.36315 0.59059 0.61364 0.49958 0.14511 0.42854 0.51189 0.26855 0.01253
