EnvRasters/Baseline_High/unreg.asc
ncols         270
nrows         223
xllcorner     24099.479091542
yllcorner     21023.840179216
cellsize      1003.8986847201
NODATA_value  -9999
[rows 28 to 55 of 223, columns 64 to 127 of 270]
-9999 -9999 0 0 0 0.009964978 0 0.06252002 0 0.009964978 0.009964978 0 0 0 0 0.005641674 0 0 0 0 0 0.009964978 -9999 -9999 -9999 -9999 -9999 -9999 -9999 -9999 -9999 -9999 -9999 -9999 -9999 -9999 -9999 -9999 -9999 -9999 -9999 0.01742934 0.01992996 0.009964978 0 0 0.03985991 0 0.03985991 0.03661689 0 0 0 0.02632552 0.1970112 0.03985991 0 0 0 0 0 0 0 0
0 0.009964978 0.01281078 0.04434497 0.006830827 0.04299407 0 0.007234833 0.009964978 0 0 0 0 0.009964978 0.004572305 0 0.01992996 0.04982489 0 0 0 0 -9999 -9999 -9999 -9999 -9999 -9999 -9999 -9999 -9999 -9999 -9999 -9999 -9999 -9999 0.009964978 0 0 0 0 0.0124656 0 0 0 0 0.009964978 0.02989493 0 0.1327877 0.03013707 0 0 0.07870682 0.1766153 0.3325393 0 0 0 0 0 0 0 0
0.02808796 0 0.009964978 0.0125991 0 0 0 0 0.009964978 0 0 0 0.01123647 0.01372861 0.01535765 0 0 0.002892222 0.000815668 0.009964978 0 0 -9999 -9999 -9999 -9999 -9999 -9999 -9999 -9999 -9999 -9999 -9999 -9999 0 0 0.009964978 0 0.009964978 0 0 0 0.01992996 0 0 0 0 0 0 0 0.03727142 0.06213623 0.01992996 0.07317558 0.03856276 0.1258328 0.03146632 0 0 0 0 0 0 0
0.01177195 0 0 0 0.01992996 0 0 0 0 0.009964978 0.005774867 0.01965302 0.004929861 0.009964978 0.003240768 0.001294273 0 0.004882811 0.02130423 0 0.009964978 0 -9999 -9999 -9999 -9999 -9999 -9999 -9999 -9999 -9999 -9999 -9999 0 0 0.009964978 0 0 0.01992996 0.03985991 0 0.01992996 0.02989493 0.01992996 0 0 0 0 0 0.02989493 0 0.01494019 0.009964978 0 0.02443463 0.001442365 0.01992996 0.0001742871 0.009790692 0.002919307 0 0 0 0
0.005983682 0.01394627 0.009964978 0.009964978 0 0 0.009964978 0.009964978 0.03985991 0.01992996 0 0.01443203 0 0 0.003881526 0.009053105 0.002460286 0.009964978 0.02850377 0.02132112 0 0 -9999 -9999 -9999 -9999 0 0 0 -9999 0 0 0 0.009964978 0.02989493 0.01915047 0.009964978 0.03985991 0.032926 0.01533868 0.03788332 0 0 0.108832 0.02771217 0.01992996 0.009964978 0 0.03985991 0.01992996 0.02989493 0.01495475 0 0.009964978 0.05409183 0.02989493 0.04373019 0.03338746 0.03985991 0.06683555 0 0 0 0
0.01844444 0 0.01992996 0 0.009964978 0.009964978 0.00499997 0.004965009 0.003612977 0.02866964 0.003655098 0.002013762 0 0.01992996 0.009964978 0 0 0 0 0 0 0.009964978 0.009964978 0 0 0 0.01157408 0 0 0 0 0.009964978 0.003107886 0.00677606 0 0.01074447 0.009964978 0 0.01635068 0.07945917 0.001976598 0.01992996 0.009964978 0.002965513 0.009964978 0 0 0 0 0.009964978 0 0 0.05978987 0 0.00569804 0 0.01626796 0.006264185 0 0.002986139 0 0 0 0
0.03138046 0.02366854 0.006226401 0.009964978 0 0.0141631 0.009964978 0.009964978 0.002203838 0.005373461 0.044226 0.001525748 0 0.009964978 0.0148475 0 0.004257939 0.01992996 0.01992996 0.03985991 0.009964978 0 0 0.01992996 0 0.01992996 0.03825081 0 0.002146563 0.008745274 0.009964978 0.04982489 0.0299167 5.926521e-005 0 0 0.03434599 0.02544388 0.009964978 0.03529508 0.009964978 0.009964978 0.03985991 0 0.009964978 0.02344697 0 0.009964978 0.009964978 0.009964978 0 0.03985991 0.009964978 0 0 0.01992996 0.01992996 0.001175331 0.01218655 0.02000241 0 0 0 0
0.01992996 0 0 0.06975485 0.009964978 0.005766855 0.009964978 0 0.009964978 0.006100028 0.02829922 0.009964978 0.007450507 0.03012119 0.02730064 0.009964978 0.005707039 0 0.009964978 0.01688215 0.003393525 0 0 0.04982489 0 0.02021392 0.05137302 0.009964978 0.02105939 0.03993237 0.009964978 0.009964978 0 0 0 0 0 0.005093696 0.0447312 0 0 0.007789352 0.04982489 0.02362212 0.02620277 0.0363429 0 0.008006842 0.001958137 0.010595 0.01060266 0 0 0.004614415 0.01029327 0.009636684 0.01074578 0.1992014 0.005885436 0.006906388 0 0 0 0
0 0 0 0.007707901 0.01743866 0 0.00596286 0.02393208 0 0.02379491 0 0 0.009964978 0 0.009964978 0 0 0.004116578 0 0.2113023 0.1968806 0 0 0 0 0.01122689 0.02872921 0.02796667 0.01880053 0.008965668 0.003145577 0.01712747 0 0.009964978 0.01992996 0 0.009163007 0 0 0.005858493 0.03400142 0.002175627 0.01992996 0 0.02989493 0 0 0.008371179 0.03025131 0.1079656 0.001618876 0.009964978 0.009964978 0.005350564 0 0.009964978 0.02989493 0.01992996 0 0 0 0 0 0.01992996
0.009964978 0.01992996 0 0.002257078 0.002491295 0 0 0 0.01992996 0.009964978 0 0.007562566 0.06297356 0 0 0.009964978 0 0.0058484 0 0.009964978 0.05982535 0 0 0 0.01992996 0.02178812 0.02803678 0.02146453 0.009964978 0.003179563 0.02671537 0.01958687 0.02414709 0.02578105 0 0 0.01987229 0 0.02177596 0.008118974 0.02989493 0 0.009964978 0 0.01992996 0.009964978 0.04982489 0 0 0 0.01517505 0.000173823 0 0 0.03550079 0.03294893 0.01381345 0.009964978 0.01992996 0.002240288 0.00772469 0 0 0.009964978
0.01992996 0 0 0.009964978 0 0 0 0.006707746 0.02683978 0.003055152 0 0 0.01914868 0 0 0.009964978 0 0 0.1813383 0.1181126 0 0 0 0 0 0.009964978 0 0.02836036 0.003005357 0.006959621 0 0 0.004150121 0.005711607 0 0 0.0008596394 0 0.01870036 0 0 0 0.007265931 0.06784663 0.05443217 0 0 0 0.01612398 0.02577667 0.004438422 0.0001426599 0 0 0.006134751 0.01510034 0.01995036 0.01564766 0.03786394 0 0 0.009964978 0 0.009964978
0 0.008315618 0.01992996 0 0 0.02989493 0 0.01698124 0.01301217 0.03985991 0 0.005739235 0.01992996 0 0 0 0.01992996 5.96677e-005 0.1324534 0.2846779 0 0.01992996 0 0.009964978 0 0 0 0 0 0 0 0 0 0 0.02989493 0 0.009964978 0.009964978 0.03112453 0.009964978 0.009964978 0.01992996 0.04516196 0.07214161 0 0 0.009964978 0.06975485 0.009959359 0.0340132 0.009964978 0 0 0 0 0 0.006096098 0.03209348 0.04772482 0 0 0.02417022 0.008312793 0
0 0.001649361 0 0 0 0.01992996 0 0.02308871 0 0.02989493 0 0.01490411 0.02074485 0.01992996 0 0.01992996 0.009964978 0.02053515 0.0661452 0.1134559 0 0.009964978 0.009964978 0 0 0 0.009964978 0 0 0 0.009964978 0 0.009964978 0 0.03540288 0.004457036 0 0.01992996 0.009964978 0.01696853 0.01292641 0 0.01008948 0 0.06538265 0.001543889 0.009964978 0.009964978 0.06323457 0.04022681 0.009964978 0 0.009964978 0 0 0.009964978 0.009964978 0.1157946 0.003597399 0.01608507 0.02377484 0.07238355 0.004748198 0.009964978
0.009964978 0 0.01585559 0.004074366 0.009964978 0 0 0.009964978 0 0 0 0.01780307 0.0005986074 0.005311609 0.009964978 0 0.000342352 0.08125987 0.04615447 0 0 0 0 0 0 0.05422836 0.009964978 0 0.0039162 0.006048779 0.009964978 0.009964978 0.005055434 0.0248395 0.04114504 0.008679855 0 0 0.01992996 0 0.01750707 0.02235284 0.01211666 0.0582019 0.01438126 0 0.006636596 0.01992996 0.009964978 0 0.01992996 0.009964978 0.009964978 0.03478792 0.0244586 0 0 0 0.04622749 0.009964978 0 0.01992996 0 0.05978987
0.07245655 0.04225397 0.01828976 0.03793345 0 0.009964978 0.0172488 0 0.009964978 0 0.009964978 0.04463723 0.0163011 0.03487962 0.01952747 0.0004024822 0 0.02479521 0.1121439 0.008831805 0.01122266 0.09611136 0 0 0 0.06861485 0.04656143 0 0.02989493 0.009964978 0.0208639 0.009964978 0.03985991 0.01017025 0.02590633 0.01395358 0 0 0.02989493 0.009964978 0.03985991 0.009964978 0.009964978 0 0.009964978 0.009349993 0.01075651 4.296191e-005 0.04618769 0.04048826 0.009336633 0.009964978 0.009964978 0.02666544 0.02370281 0 0.05978987 0 0 0 0 0.01992996 0.02989493 0.002258931
0.01873804 0.02452745 0.05146509 0.02988932 0.02989493 0.009964978 0.00268116 0.01992996 0 0 0 0.01405144 0.02407133 0.01022235 0 0.009964978 0.05439659 0.00549176 0 0 0.03048318 0.05151739 0.009964978 0 0.009964978 0.009964978 0.04982489 0 0.02989493 0.009964978 0.03892597 0.009964978 0 0.02996739 0.02256833 0.007326602 0 0.02989493 0.02884543 0.009964978 0.02989493 0 0 0.03745716 0.01650379 0.0106761 0.003151834 0.02992371 0.0334604 0 0 0 0 0 0 0 0 0 0 0 0.004106059 0.005858919 0.009964978 0.027636
0 0.001463649 0.008365589 0.001932082 0.009964978 0.009964978 0.05978987 0.01992996 0.03985991 0.009964978 0 0.01945333 0.01044161 0.01992996 0.01528575 0 0.01535826 0 0 0 0.01230536 0.007624598 0.009964978 0.009964978 0.02264832 0 0.009964978 0.01992996 0 0.01992996 0.01992996 0.005479781 0.01445018 0.02961721 0 0.01671411 0.003215842 0.009964978 0.03094444 0.009964978 0 0 0 0.02233271 0.022645 0.02701813 0.02989493 0 0.009964978 0 0 0.001783505 0.01357808 0 0 0 0.01992996 0 0.009964978 0.009964978 0.02989493 0 0.04486089 0.004964001
0 0.009964978 0.001599389 0 0.007618301 0.002346677 0 0 0.01992996 0.0180977 0.01179723 0.009964978 0.05978987 0.07971983 0.004644206 0.01093987 0.02892004 0 0 0 0.01992996 0.01271378 0.01718115 0.009964978 0.07072429 0.03017324 0.08426857 0.06124 0.01992996 0.009964978 0.009964978 0.02587817 0.01398174 0.01992996 0.0001363624 0.009964978 0 0.009964978 0.01902536 0.01992996 0 0.009964978 0.00730958 0.02045762 0.04982489 0.00287681 0.007004476 0.03985991 0 0.009964978 0 0 0.01904733 0.03534594 0.01475741 0.02264485 0.04139094 0.009964978 0.009964978 0 0 0.009964978 0.01992996 0.05978987
0 0.01992996 0 0.008302301 0 0.01772077 0.009964978 0.01992996 0 0.01657571 0.009964978 0.02609828 0.07563692 0.06174738 0.09862308 0.108684 0.01992996 0 0.02215614 0.06655496 0.01486893 0.02989493 0 0 0.05785111 0.02186872 0 0 0.01992996 0.009964978 0 0 0 0.02989493 0.009828616 0.03985991 0.04922758 0.009964978 0.0009046005 0.009964978 0.02643177 0.0218323 0.01130806 0.03067959 0 0 0.02060259 0.0191476 0 0 0.03577476 0 0.002530241 0.01739972 0.02829345 0.01673901 0.005719054 0.009964978 0.003928015 0 0 0 0.009964978 0.009964978
0 0 0.007400009 0.004227647 0.009964978 0.01768351 0.009964978 0 0.01992996 0.01331922 0 0.02410877 0.02363071 0.01992996 0 0 0 0 0.004367046 0.0159997 0.05281588 0.03686893 0.01992996 0.003091866 0.01269251 0.009964978 0 0 0 0.02989493 0.009964978 0.01345284 0.02723485 0.009964978 0 0.1768079 0.02251626 0.01992996 0.009964978 0.01992996 0.001401973 0.01012383 0 0.02989493 0 0.0146631 0.0130352 0.02989493 0 0 0.1496512 0.01245113 0.007478824 0.03514456 0.03985991 0.009276114 0.006044812 0.06663064 0.01633229 0.01526147 0 0 0 0
0 0.009964978 0.01862038 0 0.009964978 0.004455631 0 0 0.009964978 0.00662552 0.01992996 0.03040722 0.009452695 0 0 0 0.001955845 0.008009134 0.02552789 0 0 0 0.009964978 0.006873112 0.007237449 0 0.01992996 0 0 0.002971531 0 0.02243897 0.006628191 0.009964978 0.009964978 0.08000258 0.0002899855 0.007965635 0.01035562 0.00899147 0 0 8.552772e-005 0.02980941 0.001154145 0.07386757 0.03117175 0.008688169 0 0 0.02383857 0 0 0.01468033 0.009964978 0.01065384 0.05202987 0.03907247 0.009964978 0 0 0 0 0
0 0 0.001309581 0 0.008659264 0.01127069 0.009964978 0 0.04976251 0.0233318 0 0.009964978 0 0 0 0 0 0 0 0.004225685 0.009964978 0.02366119 0.01992996 0.01992996 0.02127492 0.04397355 0.04982489 0 0.005972101 0.04088126 0.009964978 0 0 0 0.01992996 0.01992996 0.01844976 0.02974111 0.01236848 0.0009735091 0 0.009964978 0.009964978 0.009964978 0.01992996 0.00726826 0.009964978 0 0 0.009964978 0 0 0.04309281 0.02031236 0.01145795 0.009964978 0.02989493 0.04982489 0.07971983 0.01992996 0 0.009964978 0.003026337 0.009964978
0.007754247 0.01011316 0.01923931 0.001328281 0.01992996 0 0.009964978 0.03985991 0 0 0 0.01624095 0.1096148 0 0 0 0 0 0 0.009336792 0.02629744 0.006233751 0 0.02316111 0.01841587 0.0359154 0.01992996 0.07971983 0.006180294 0.02371464 0.01124432 0.009964978 0 0.007858071 0.002423361 0.02989343 0.06840478 0.002189295 0.02835094 0.0007153938 0.02989493 0 0 0.06975485 0.02989493 0.002696718 0.009964978 0.009964978 0.009964978 0 0.03590842 0.01992996 0.06975485 0.04136538 0.09303606 0 0.009964978 0.03985991 0.05978987 0.03985991 0 0 0.01690362 0
0.009964978 0 0.01116815 0.01018673 0.01810906 0 0 0.02989493 0.009964978 0 0.03070156 0.01274338 0 0 0 0 0 0 0 0.01992996 0.009964978 0 0.02149905 0.01195411 0.01992996 0.02989493 0 0.01992996 0 0.05669988 0.04453031 0.001039508 0 0.02989493 0.009648524 1.503715e-006 0.009964978 0 0.000828605 0.009964978 0 0.01992996 0 0.009964978 0 0 0.009964978 0.009964978 0.01992996 0.009964978 0.01391647 0.03585075 0 0.009964978 0.014327 0.01556793 0.02505678 0.06347781 0.02989493 0.009964978 0 0.08589732 0.02989493 0.007205062
0 0.009964978 0.01867597 0.04982489 0.01178588 0.009964978 0.01992996 0.03023088 0.03012034 0.006484102 0.01006896 0 0 0 0 0 0 0 0.01362249 0.00630747 0.04982489 0 0.02310556 0.01992996 0.009964978 0.009964978 0.02244722 0.012222 0 0.01992996 0.03700018 0.02885543 0 0.009964978 0.009964978 0 0 0.009387667 0.01054229 0 0 0 0 0.009964978 0 0 0.009964978 0.04982489 0.009964978 0.06253203 0.03943226 0.05632724 0 0.01992996 0.004752386 0.005212592 0.02989493 0.0298837 0.009964978 0 0 0.1768676 0.02964531 0.009964978
0 0 0.02118395 0.03774496 0.0105861 0.03000012 0.2194422 0.01961208 0.01020004 0.01264944 0.009964978 0.05978987 0.009964978 0.05811578 0.01750782 0 0 0.01992996 0 0.04982489 0 0 0.01343951 0.01992996 0.009964978 0.01603904 0.05417252 0.03462893 0.01992996 0.03985991 0 0 0 0 0 0 0.0286738 0.01099125 0 0.009964978 0 0.009964978 0 0.02798248 0 0.01992996 0.02989493 0.009964978 0 0.03711775 0.04369253 0.004066831 0 0.02989493 0.01762237 0.01245313 0 0.01112643 0.02989493 0.01992996 0.009964978 0.08625895 0.01220569 0.0660131
0 0.009964978 0.009964978 0.02002843 0.00838746 0.009964978 0 0 0 0.003008221 0.02688671 0.009964978 0 0.03399117 0 0 0 0 0 0 0.009964978 0.005116994 0.02130341 0.009964978 0 0.009964978 0.01660361 0.003326351 0 0 0.01779489 0.05468188 0.01992996 0 0.0003980699 0 0.0001865307 0.009973312 0.02030757 0.01955234 0.001038319 0.08740504 0 0.001912453 0 0.007630521 0 0 0.02989493 0 0.02021974 0.02591745 0 0.01992996 0.05252053 0.02234211 0 0.01992996 0.01992996 0 0.009964978 0.08316047 0.01522356 0.02165852
0.00892533 0.001039649 0.06659679 0.102208 0.001577518 0.01052504 0.009404922 0 0 0.009964978 0.01207269 0.01782224 0.006351962 0 0 0.009964978 0 0.02969316 0 0 0.009964978 0.009964978 0 0 0 0 0 0.009964978 0.01992996 0 0 0.09692787 0 0 0.009566909 0.02021831 0.01992996 0 0.009964978 0.01992996 0 0.001241447 0.04829156 0 0.01478852 0.03737083 0.01992996 0 0.01367213 0.00625783 0.01989831 0.009964978 0.005907312 0.05978987 0.004676624 0 0.009964978 0.03985991 0 0 0 0.01648931 0.02989493 0.00301864
