EnvRasters/Baseline_High/unreg.asc
ncols         270
nrows         223
xllcorner     24099.479091542
yllcorner     21023.840179216
cellsize      1003.8986847201
NODATA_value  -9999
[rows 84 to 111 of 223, columns 128 to 191 of 270]
0 0.01992996 0 0.1572389 0.1117509 0.06995508 0.2265752 0.0142371 0.009546293 0.01839591 0.009964978 0.01889037 0.01992996 0.03854764 0.01991775 0.009914303 0 0.1483937 0.08918907 0.1650482 0.1462187 0.2554319 0.02731068 0 0.009964978 0.01992996 0.02276795 0 0.02120233 0.005406577 0.009964978 0.03576714 0.08691064 0.09850773 0.0147808 0.02989493 0.004675099 0 0.0837183 0.008010091 0.1682557 0.03670537 0 0.08968481 0.00937558 0.01055438 0.009984233 0.009945724 0.05978987 0 0.001262585 0.02863235 0.009964978 0.01992996 0.009964978 0 0.009964978 0 0.008680565 0 0.008160084 0.03445307 0.04202684 0.01992996
0 0 0.01992996 0.08981452 0.3127943 0.0803537 0.02734595 0.01992996 0.01185212 0 0.0521332 0.1323742 0.06026468 0.1101589 0.05017662 0 0.009796222 0.1315636 0.1637905 0.2634502 0.1963591 0.04984395 0.03719758 0.009964978 0 0.003905662 0.01034738 0.06030798 0.1714069 0.1226906 0.04541733 0.1181151 0.1305749 0.08275082 0.03023181 0.02491173 0.04254217 0.05673766 0.02312541 0.05025898 0.09780877 0.01649334 0 0.03271671 0 0 0 0.001676711 0 0 0.02090402 0.01992996 0.0004796035 0 0.07250609 0.007198822 0.01992996 0.003731185 0.007518207 0.05978987 0.03009751 0 0.009964978 0
0.07474746 0.02121653 0 0.1232236 0.1240282 0.1505308 0.06913774 0 0.02622671 0.1800043 0.2300868 0.1099857 0.1834674 0.1114005 0.2872312 0.06975485 0.172331 0.2245154 0.1095996 0.1717333 0.1198989 0.06314689 0.08849308 0.06376667 0.1051802 0.01934904 0.03291723 0.06432462 0.08162285 0.07113004 0.04173411 0.03586 0.0461561 0.1045209 0.1524763 0.02491317 0.05126989 0.07776207 0.05147954 0.1510056 0.05500525 0.1342155 0.0230584 0.03703814 0.03985991 0.009964978 0 0.05811316 0 0 0.03888585 0 0.009485375 0.01992996 1.491917e-005 0 0.009964978 0 0.009964978 0.04855526 0.0115673 0 0 0
0.1998313 0.1838901 0.09972347 0.263577 0.07386127 0.09946912 0.2913082 0.06242393 0.1116468 0.0811006 0.2066993 0.1095254 0.1770787 0.2514124 0.1558813 0.08420894 0.1151913 0.1409364 0.1175533 0.2589111 0.2755406 0.05978987 0.05696023 0.1220548 0.1040843 0.1643426 0.0225506 0.01701743 0 0.1472209 0.1298741 0.07815437 0.08998913 0.1193492 0.007321228 0.105006 0.2970767 0.04069227 0.06924672 0.1231682 0.003721372 0.01267843 0.1401737 0.04563712 0.04037268 0.01941719 0.009964978 0 0.02989493 0 0.009964978 0 0.009964978 0 2.9172e-005 0 0.03985991 0.009964978 0.01888892 0.001269629 0.009964978 0 0 0.009964978
0.1139257 0.03985991 0.09529855 0.07206002 0.3675099 0.1600784 0.16208 0.1696569 0.08798311 0.05842716 0.1127508 0.06158255 0.2775078 0.1287878 0.05171741 0.1782549 0.09183031 0.1343286 0.2964945 0.1658234 0.3710182 0.2096573 0.116079 0 0 0 0.04744367 0.05259085 0.006786593 0.05583268 0.04762881 0.1084091 0.1789593 0.03657825 0.0993226 0.02594158 0.01016755 0.04534882 0.01430531 0.027837 0.02617356 0.1093559 0.08691836 0.2257132 0.06887073 0.06757835 0.09461291 0.03998207 0.01853939 0 0 0.01992996 0 0 0.3090275 0.04123467 0.1814364 0.03575643 0.04992337 0.03985991 0.01992996 0.02634428 0.08550958 0.07609272
0.04895571 0.06513898 0.2552847 0.2700285 0.1144963 0.2153281 0.1605479 0.09904546 0.05170189 0.06366077 0.1210059 0.1000201 0.1614298 0.1122585 0.1518573 0.08476545 0.1156599 0.1015044 0.1934364 0.08237309 0.2424208 0.08054224 0.02152088 0.01822932 0.009964978 0.01992996 0.1174195 0.03458294 0.003178386 0.02917791 0.1767819 0.09016903 0.009008629 0.08089656 0.08053 0.003470368 0.02467543 0.08826633 0.06590102 0.01089696 0.01992996 0.1528041 0.08296664 0.08868148 0.03942641 0.01594577 0.06371543 0.1000877 0.01197216 0.0491076 0.07971983 0 0.009964978 0 0.3779251 0.2673551 0.2983943 0.1300532 0.1097132 0.08979843 0.1527729 0.1228595 0.1580859 0.07876214
0.09260476 0.09850742 0.2868 0.2743113 0.2183517 0.1729073 0.225488 0.1654745 0.1580523 0.2749819 0.1688678 0.2512881 0.2241799 0.1648179 0.1406641 0.277288 0.1332135 0.258299 0.297762 0.05066673 0.1304386 0.1021402 0.1167565 0.07270257 0 0.1007599 0.02545753 0.1644063 0.0608538 0.1161895 0.1005073 0.0788537 0.01117012 0.02871821 0.08503783 0.0449437 0.118158 0.1135584 0.0319772 0.03985991 0.05932537 0.07370673 0.05960194 0.006079874 0.05728017 0.0178037 0.05129417 0.07559182 0.05769665 0.09835989 0.07499128 0.02694079 0 0.06390031 0.1794854 0.2064189 0.1789033 0.1055128 0.07098133 0.06647029 0.1245153 0.09481023 0.08164854 0.1296376
0.06996031 0.06008656 0.2730736 0.05057295 0.3789452 0.20549 0.2627521 0.08584785 0.02027556 0.1704109 0.1336 0.1757405 0.1731506 0.2075827 0.04931765 0.0320472 0.1427505 0.2265571 0.2508228 0.1297232 0.2236117 0.05423084 0.09458969 0.08043258 0.0580398 0.1294299 0.1457693 0.177121 0.1600003 0.03318866 0.1261158 0.08069688 0.009964978 0.09905866 0.1205296 0.03477613 0.1486683 0.04036681 0.02064579 0.1075068 0.1799553 0.03967381 0.0464587 0.1343318 0.08468614 0.1000062 0.09840675 0.07229873 0.03985991 0 0.1272624 0 0.01069713 0.1233337 0.07205696 0.1531698 0.0008926556 0.02020627 0.09339328 0.03084322 0.04498253 0.02989493 0.07979228 0.04431787
0.05627808 0.03193407 0.188811 0.1968458 0.2533992 0.136509 0.09011644 0.0696824 0.03005684 0.221931 0.1921882 0.1204313 0.1473924 0.08643939 0.09434149 0.1403743 0.08933506 0.04650073 0.02343686 0.1279985 0.1153355 0.0249516 0.0884041 0 0.05166689 0.01992996 0.01070787 0.186635 0.1265775 0 0.1534131 0.03635269 0.009964978 0.004288257 0 0 0.03478532 0.03958916 0.09424177 0.1113232 0.02760277 0 0.05978987 0.1745218 0.08673629 0.02314403 0.01992996 0.04982489 0.01186259 0.06290813 0.05797067 0 0.01919781 0.03461871 0.04543381 0.009832711 0.03917899 0.1107043 0.04021512 0.001141586 0 0.009964978 0.01178319 0.009964978
0.0255228 0.02509318 0.02892528 0.0573016 0.1434747 0.1130688 0.2060609 0.0493281 0.1403881 0.138977 0.2274774 0.2283377 0.09566032 0.1030209 0.1201443 0.2283224 0.076663 0.08305409 0.04749645 0.1913656 0.07450582 0.06173477 0.08623604 0.009964978 0 0.009964978 0.06045547 0.05415011 0.009964978 0.06071191 0.09672918 0.04857971 0.08796782 0.03748559 0.10732 0.1024257 0.0050746 0.02512639 0.02574152 0.009964978 0.101942 0.01992996 0 0.02989493 0.08338351 0.1038917 0.06414738 0.0473854 0.1115792 0.02989493 0.02859588 0.007792132 0.1132815 0.08397947 0.03017324 0.08096622 0.2337481 0.02989493 0.02066078 0.009964978 0.1793696 0.08232454 0.2730421 0
0.04766378 0.06937755 0.12913 0.2561016 0.1178699 0.103372 0.08359592 0.08125418 0.09872369 0.03985991 0.04516643 0.06342105 0.0942755 0.09412745 0.3404788 0.1765883 0.06301802 0.01039943 0.1056714 0.03046737 0 0 0.03658856 0.05450707 0.009964978 0 0.04915882 0.1621979 0.08175879 0.1270883 0 0.0236309 0.06192534 0.01405628 0 0.1173372 0.1508248 0.1296467 0 0.009964978 0.01803169 0.01992996 0 0 0.03551611 0.115374 0.06558299 0.01992996 0.0912997 0.02989493 0.1040476 0.06087517 0.2886142 0.13503 0.08053186 0.05071124 0.088707 0.01598628 0.332788 0.07096711 0.05649494 0.05144615 0.06154125 0.08388072
0.1284594 0.2053585 0.112356 0.03371952 0.2491865 0.2523247 0.01992996 0.1090065 0.02468485 0.06375411 0.1199565 0.08924013 0.1574355 0.09297165 0.1445276 0.08853602 0.003743105 0.006387276 0.009964978 0.000427531 0.009964978 0.03104093 0.06636328 0 0.006333863 0.1032809 0.1534883 0.01080853 0.07465799 0.07481668 0.05978987 0.112944 0.1380089 0.02237501 0.07971983 0.04522789 0.08459859 0.06040622 0 0 0.1613379 0.06125424 0.02203791 0 0 0 0.01744503 0.03985991 0.04434795 0.01992996 0.05339123 0.07612185 0.009119571 0.01944889 0.01955298 0.1054007 0.05413037 0.01619447 0.06352536 0.09176748 0.05707147 0.002718406 0 0.03975327
0.04138468 0.05668287 0.03648258 0.02624231 0.02989493 0.08968481 0.01992996 0.1675961 0.1048599 0.2749542 0.1833455 0.07134596 0.06057809 0.1477068 0.186643 0.03060122 0.02406342 0.1156265 0.04962034 0.1134468 0.1344655 0.1183729 0.08513851 0.02253385 0.02989493 0.01795577 0.009964978 0.09227796 0 0 0.008315967 0.08299031 0.1708336 0.1914413 0.03564765 0.0451886 0.03467613 0 0 0 0 0.08527137 0.07811972 0.009964978 0 0 0 0 0 0 0 0.06327555 0.02880204 0 0.01043481 0.009964978 0.07586498 0.2126691 0.1297636 0 0.05371855 0.03240515 0 0
0.05911152 0 0.01412986 0.03048058 0.068958 0.01318998 0.07240368 0.2115516 0.1363823 0.1242024 0.05838194 0.1445718 0.05245627 0.07803757 0.1169762 0.09035383 0.08968481 0.1438621 0.1696513 0.0560778 0.01451971 0.05146053 0.07608733 0.001375638 0.03985991 0.07987035 0.08754885 0.02749874 0.02792354 0.0019714 0.09692429 0.2386391 0.1371885 0.0190044 0.1442893 0.139478 0.1196992 0.05932666 0 0.04425376 0.004185652 0.04594591 0.02625017 0 0.02989493 0.02562078 0 0.07214484 0.009964978 0.02795832 0.005441422 0.02234175 0.1558428 0 0.01946013 0.1021496 0.03406943 0.08326518 0.03642454 0.03267549 0.01138021 0.002145877 0.008321239 0
0.08951742 0.01992996 0.09601141 0.1011153 0.0783207 0.03970682 0 0.04266291 0.02201917 0.1133059 0.1057808 0.2292148 0.009964978 0.03355783 0.1211665 0.1262248 0.07947117 0.07066421 0.02517286 0.009964978 0.1400639 0.04928545 0.05874131 0.009964978 0 0.07361903 0.1097102 0.092081 0.08280568 0.05153605 0.04441132 0.04595268 0.1190859 0.04643356 0 0.005642064 0.02022012 0 0.001436204 0.03717262 0.09232139 0.01086137 0.08258709 0.07663154 0.08208888 0.09763383 0.09593999 0.06587841 0.01992996 0.03109586 0.0666788 0.1303606 0.1054356 0.08715859 0.0239719 0 0.02987165 0.009964978 0.03054976 0.1372156 0.02222402 0 0.09732492 0.06032964
0.07491772 0.04976966 0.1170397 0.08085994 0.09645408 0.1308475 0.153421 0.108182 0.1084468 0.2327413 0.108561 0 0 0 0.03988032 0.02989493 0.09103314 0.1002916 0.01911959 0.01021242 0.1101224 0.02077595 0.1313557 0.001637804 0 0.04982489 0.009964978 0 0.05467749 0.01909565 0.01385732 0 0.01645052 0.05625672 0.1290191 0.06078153 0.03886826 0 0 0 0 0.09364541 0.03291278 0.07729157 0 0 0.01992996 0 0.003813623 0.01234775 0.02989493 0 0.05873835 0.03075867 0.1292113 0.06096458 0.03011372 0.08993449 0.07971983 0.03063907 0.06668623 0.1027184 0 0.1630785
0.05036431 0.1121412 0.09345764 0.1464498 0.06404482 0.16025 0.2922366 0.1022154 0.1178993 0.03425314 0.01207208 0.009964978 0.01410427 0.09809 0.05991437 0 0.0590484 0.01963651 0.009994125 0.01962079 0.009964978 0.009211842 0.009964978 0 0.006662124 0.1113057 0.01992996 0 0.08483221 0.06697184 0.09938005 0.04012965 0.003558116 0.01391346 0.005026169 0.0611379 0.05899844 0.03838176 0.04941027 0 0.01992996 0.06579425 0.02989493 0.1325115 0.01637357 0.009964978 0 0.009964978 0 0 0.00351189 0.009964978 0 0.009101244 0.09620904 0.1087444 0.03248486 0.04966807 0.02989493 0.009964978 0.01992996 0 0.009964978 0.4343166
0.0004345511 0.02417568 0.06980128 0.1126903 0.1925679 0.1469696 0.1574186 0 0 0 0.01992996 0 0.01992996 0.1075302 0.1006286 0 0.1090667 0.009964978 0.08230275 0.1372808 0 0.02776952 0.1305674 0 0.03118017 0.04388591 0.1202901 0.04682325 0.07275649 0.02271297 0.1095082 0.1168107 0.146097 0.01948694 0.02577907 0.1295447 0.02989493 0.06197838 0.2993196 0.00766998 0.09392043 0.01868424 0.09885527 0 0 0.1494747 0.00491178 0.02023642 0 0.01611378 0.2482575 0.01553818 0.01992996 0.02256551 0.02989493 0.1318588 0.01003332 0.04998172 0.02989493 0 0.009964978 0.04808114 0.04900569 0.1396772
0.08512393 0.004789475 0.01897715 0.07832958 0.07240722 0.07754672 0.1559985 0.04029436 0.06995508 0.05287809 0.05223565 0.04893677 0.009964978 0.1183239 0.1305551 0 0.07183376 0 0.06647818 0.02329543 0 0.09629312 0.08421999 0.05855706 0.06256575 0.2619766 0.07716425 0.009964978 0.03952803 0.2168437 0.03004312 0.09954956 0.04979325 0.009964978 0.05133937 0.008470901 0.03985991 0.07424101 0.09531447 0.1272939 0.06564138 0.199917 0.1895118 0.06828193 0.02910324 0.09478594 0.104308 0.1246568 0.07565768 0.1878566 0.1309346 0.2334252 0.1302245 0.09530253 0.0599901 0.1452027 0.02436001 0.03985991 0 0 0.1778884 0.1601746 0.08726113 0.09010621
0.08378614 0.004538914 0 0.1219824 0.1421252 0.06653802 0.1138714 0.1270559 0.07192382 0.1397824 0.2301292 0.1930915 0 0.06498819 0.09202456 0.03267366 0.0881625 0.05790732 0.009881286 0.1067618 0.1093381 0.2197143 0.02830166 0.08212433 0.05729229 0.105308 0.03095763 0.009964978 0.02989493 0.002690159 0.04694695 0.0497412 0.04335682 0.006176189 0.06001847 0.1510553 0.01787956 0.03282334 0.04968796 0.05511746 0.1326433 0.07195718 0.1054941 0.009964978 0.0166108 0.144952 0.05062911 0.03453175 0.0358838 0.08219264 0.1409302 0.04007638 0.1057469 0.1082562 0.03316464 0 0.05019771 0.009964978 0.1184732 0.129259 0.1174576 0.07123602 0.04364314 0.2019148
0.009964978 0.007258726 0.0180973 0.1355581 0.009964978 0.06572809 0.1931159 0.02370794 0.1466772 0.07974023 0.06910882 0.02322431 0.02550574 0.1339339 0 0.01893032 0 0.01947682 0.07682431 0.1323826 0.1077336 0.05191834 0.009964978 0.03092517 0.01863386 0 0 0.009964978 0 0.03028376 0.06227899 0.02766492 0.009045569 0.025455 0.02391898 0.06220908 0.1091795 0.01948726 0.1627304 0.08358637 0.05582266 0.1507796 0.02440515 0.04912605 0.02683206 0.009964978 0.02289956 0 0.1127518 0.07282065 0.05049537 0.02515913 0.007414366 0.1533607 0.1551641 0.0004973209 0.04861609 0.1596428 0.1199825 0.09950148 0.1016889 0.1198201 0.0886908 0.06008858
0.03158062 0.008202428 0 0.05407544 0.08698325 0.03320514 0.1264552 0.09603525 0.07259096 0.1021657 0.2455254 0.00405274 0 0.1228317 0 0.1658452 0.1140845 0.009964978 0.09564143 0.1003377 0.2443747 0.276502 0.01855284 0.04123703 0.01126108 0.03985991 0.009964978 0.1058807 0.05961933 0.02729201 0.009964978 0.03999099 0.0429451 0 0.04832569 0.06331006 0.03985991 0.03985991 0.1446077 0.04459354 0.09056031 0.09045564 0.02448322 0.03909779 0.1226426 0.08476366 0.03714259 0.07024135 0.09928387 0.01944733 0.08238282 0 0.02265697 0.01118535 0.1078333 0.2602536 0.02240428 0.07759284 0.1010381 0.1603936 0.08162446 0.100152 0.1690648 0.06136569
0.055939 0.01866497 0.01551413 0.05860662 0.03640116 0.07758247 0.2251013 0.0830336 0.03463298 0.0812967 0.086059 0 0 0.07646785 0 0.009964978 0.009054651 0.07971983 0.1754166 0.06010986 0.1293405 0.08112013 0.2286999 0.06902873 0.009274583 0.0006903953 0.08967747 0.1436963 0.0296203 0.002602923 0.02433954 0.04178502 0.05112729 0.009964978 0.08596984 0.1612265 0.03985991 0.1793696 0.1099069 0.03782049 0.1413214 0.005708075 0.004917605 0.1426336 0.01166906 0.06023831 0.05978987 0.03620405 0.1336198 0.1182426 0.1528002 0.129849 0.1322323 0.0650048 0.1174383 0.2209712 0.02467893 0.08873758 0.1010133 0.1301161 0.2096871 0.2092368 0.1198841 0.1217731
0.03838873 0.09408607 0.1541653 0.1222871 0.03985991 0.1171122 0.07220323 0.01056158 0.007030394 0.07701946 0.01751585 0.009964978 0.03327112 0.1514762 0.08106133 0.03089914 0.1965379 0.09885353 0.1145666 0.02053472 0.1000044 0.07881993 0.02212405 0.06050222 0.06846777 0.009964978 0.1576322 0.009964978 0 0 0.04541531 0.02811142 0.05623042 0.01579092 0.04416381 0.1136362 0.08760044 0.1449868 0.04443477 0.1999706 0.1242442 0 0.003993711 0.01499908 0.03744273 0 0 0.02989493 0.009964978 0.01767424 0.0417717 0.03917071 0.1421775 0.01240927 0.03802896 0.08906861 0.2377456 0.1794196 0.2696507 0.0996743 0.02830944 0.05077014 0.1396603 0.04738224
0.009964978 0.00503216 0.07515135 0.1195797 0.06151855 0.1381081 0.009964978 0.009964978 0.08262186 0.00620632 0.08190953 0.005201058 0.08109037 0.190361 0.1418296 0.1139296 0.009091916 0.04852118 0.01582103 0.121492 0.01157594 0.1598611 0.001004822 0.1086605 0.1218015 0.0003823989 0.07176249 0.1590009 0 0.009964978 0.01728415 0.01564322 0.2031033 0.01992996 0.04417608 0.1438854 0.1278488 0.03512656 0.03368684 0.01146237 0.01520757 0.009964978 0.07605661 0.004552916 0.06581058 0.07369912 0 0 0.00715995 0.01445813 0.1600866 0.120201 0.1732213 0.05367944 0.03907927 0.09203971 0.04909173 0.1301865 0.09005321 0.01029126 0.261261 0.268198 0.08944024 0
0.06996432 0.009895204 0 0.009964978 0.02992542 0.06189984 0.03985991 0.009964978 0.05251613 0.1588946 0.146728 0.04744789 0.02989493 0.1089492 0.1070825 0.08044393 0.01059547 0.04011219 0.1171705 0.09488609 0.09868198 0.06836343 0.08073792 0.03916908 0.01916388 0.03985991 0.08799627 0.01816335 0.09533585 0.06572797 0.1364355 0.07971983 0.03985991 0.04644479 0.06604477 0.1014346 0.05096356 0.1247593 0.05985108 0.03436407 0.06528571 0.03985991 0.1445913 0.009964978 0.1058787 0.09342088 0.04664543 0.05578972 0.01524944 0.1445206 0.2098444 0.06167396 0.0183621 0.00130199 0.1580949 0.1024414 0 0.09021243 0.09015702 0.1287429 0.152426 0.07822783 0 0.01211521
0.08488539 0.02671879 0.004759813 0.1040453 0.05856918 0.05104558 0.03985991 0 0 0.1017927 0.09715965 0.1079823 0.03668991 0 0.09818941 0.08282206 0.002114254 0.09100904 0.1395307 0.1205056 0.02999341 0.05021365 0.02033627 0.09133267 0.09736048 0 0.07144339 0.09731121 0.06227157 0.04590718 0.1216334 0.009964978 0.05146907 0.0615258 0.0933772 0.02773112 0.009964978 0.04521944 0.2329261 0.02989493 0.05463451 0.02442729 0 0.06379274 0.02317749 0.0266474 0 0.1388595 0.0929075 0.07123597 0.02108903 0.1330453 0.1358644 0.2037297 0.137368 0.03153033 0.02989493 0.1408721 0.2704524 0.2194009 0.1571338 0.009283519 0 0
0.009964978 0.03994983 0.01003743 0.1481082 0.1192066 0.228155 0.0585794 0 0 0.01428792 0.1034433 0.03582661 0.01992996 0.06901371 0.1521854 0.08968481 0.1765622 0.1715639 0.1685482 0.00102447 0.02981945 0.0695828 0.1393296 0.009964978 0.01378452 0.02912798 0.03985991 0.05687356 0.2633429 0.03557732 0 0.02287924 0.0935694 0.1062226 0.02621733 0.06614985 0.06726115 0.08436496 0.1196019 0.170437 0.1689673 0.133972 0.0523756 0.1071886 0.009964978 0.07686061 0.01282419 0.0331195 0.1651081 0.1073892 0.09440877 0.05514395 0.103435 0.2136133 0.05118673 0.02837551 0 0.06049889 0.2182444 0.009964978 0 0.03057639 0.03985991 0.09270906
