EnvRasters/Baseline_High/unreg.asc
ncols         270
nrows         223
xllcorner     24099.479091542
yllcorner     21023.840179216
cellsize      1003.8986847201
NODATA_value  -9999
[rows 56 to 83 of 223, columns 64 to 127 of 270]
0.01855331 0.001376648 0.05145255 0.08008736 0.01992996 0.009964978 0 0 0 0.009964978 0 0 0.01357799 0.009964978 0 0 0 0.03009671 0.01992996 0.009964978 0.03985991 0 0.009964978 0 0.009964978 0 0 0 0 0 0 0.009964978 0 0 0 0.009676625 0 0.01992996 0.02989493 0.02918875 0 0.009964978 0.05135822 0.009964978 0.007983617 0 0 0 0.009964978 0.02989493 0.01368433 0 0.004057667 0 0.005793349 0.009214526 0.01623686 0.01365807 0.02432225 0 0 0.009964978 0 0.01691132
0 0 0.02989493 0.009964978 0.009964978 0.02989493 0 0.01940019 0.03811868 0 0 0 0 0.07580931 0 0 0 0.01992996 0.02989493 0.03985991 0.009964978 0.009964978 0.03985991 0.003426026 0 0.01992996 0.03536771 0.06225301 0.01992996 0 0 0.009964978 0 0 0.009964978 0 0 0 0.01992996 0.02063614 0.009964978 0.03985991 0.06975485 0.05070005 0.03510927 0.04317456 0.02658029 0.01992996 0 0.009964978 0.05978987 0 0.01992996 0.009964978 0.01992996 0.01488706 0.01992996 0.01992996 0.02550264 0 0.03145047 0.02989493 0 0
0.009964978 0 0 0.05978987 0 0 0.0278265 0.03216594 0 0 0.009964978 0.009964978 0.009964978 0.02384048 0.009964978 0 0.009964978 0.02493783 0.03466859 0.004695585 0 0.02989493 0.01992996 0.006538953 0.02989493 0.01241459 0.01783345 0.03554584 0.001850941 0.0284965 0.001398432 0.009964978 0.009964978 0 0.0115229 0.01992996 0 0.03100919 0.008850725 0 0 0 0.01262689 0.01907286 0.004052035 0.03773719 0.04982489 0.02989493 0 0.009964978 0 0.009964978 0 0.009964978 0 0.02989493 0.02989493 0 0.04982489 0.009964978 0.05823434 0.02989493 0 0.02898273
0.01992996 0.01027062 0.0295893 0.01992996 0.009964978 0.009964978 0.01203341 0 0 0 0 0 0 0 0 0.02447015 0.03531972 0.03993237 0.04008851 0.01523437 0.01992996 0 0 0.01992996 0.03985991 0.03986638 0.03402758 0.009964978 0.01992996 0.009964978 0 0.01992996 0.04982489 0.01993375 0.02833322 0.01080889 0.009121065 0.02989493 0.02147866 0.0323906 0.02585057 0 0.002870104 0.02702483 0.01992996 0.0120877 0 0.03985991 0 0 0.01992996 0.009964978 0.009964978 0.01992996 0.01992996 0.009964978 0 0 0.01757419 0.05363712 0.002580658 0 0 0.0883028
0.0004176993 0.02013019 0.03924198 0.02989493 0.02851791 0.00173114 0.008233839 0.009964978 0 0 0.01992996 0.03985991 0 0 0.009964978 0.03562024 0.01509576 0.04476656 0.01995036 0.004606273 0.004320008 0.01992996 0.009964978 0.04982489 0.007513347 0.002451632 0.008148024 0.03035541 0.03014721 0.001104205 0.02989493 0 0.04982489 0 0.03061669 0.01959858 0 0 0 0 0.009080173 0.009964978 0.04304231 0.05660748 0.01992996 0.02989493 0.01992996 0.0371274 0.03689318 0.02188554 0.05114612 0.01580824 0.01016521 0.009618531 0.01992996 0.009964978 0 0 0.009964978 0.01481302 0.03097475 0.01992996 0.009964978 0
0.02989493 0 0.009964978 0.02133871 0.02986321 0.01198238 0.01616557 0.009964978 0.009964978 0.003312784 0.02374216 0.009964978 0.01992996 0.03637613 0.04950579 0.02002843 0.009964978 0.01578483 0.02911588 0.0551836 0.005644971 0.009964978 0 0.02122815 0.00244367 0 0 0.01992996 0.009964978 0.0441687 0.03985991 0.01154684 0.009964978 0.01992996 0.009964978 0.01953958 0.02989493 0 0 0 0.0234926 0.01725212 0.04982489 0 0.009964978 0.009964978 0.02989493 0.01747959 0.008149613 0.03874688 0.05762609 0.02989493 0.02989493 0.04412785 0.02256878 0.02031236 0.03248706 0.03985991 0.009964978 0.009964978 0.01992996 0.02361753 0 0.009964978
0.009964978 0 0.01992996 0.02782106 0 0.01992996 0.00174698 0 0.03745671 0.007405633 0.002839991 0.02408561 0.0157743 0.02761052 0.02246899 0.03403613 0.04303724 0.01692918 0.006311964 0.06344289 0 0.004230695 0 0.03185529 0.004262762 0.008494299 0.0400081 0.02033838 0.01323602 0.01562118 0.02989493 0.008383119 0.009964978 0 0.009964978 0.01992996 0.01000541 0.0001565328 0 0.01992996 0.08281405 0.02018224 0.01658346 0.01394616 0.01594878 0.01801897 0 0.02500598 0 0.02558095 0.01427897 0.01992996 0.0459621 0 0.01431661 0.04982489 0.06993835 0.02486106 0 0.009964978 0 0.01624239 0.02989493 0.01992996
0 0.009964978 0.04908161 0.06389707 0.01789663 0 0.00247313 0.02553347 0.06219307 0.01252432 0.01707873 0.004441918 0.02545302 0.01351324 0 0.009964978 0.002656101 0.01184605 0.01658923 0.02713684 0.0160638 0.01569926 0 0 0.01992996 0.01992996 0.009964978 0.009964978 0.017573 0.01992996 0.009964978 0.009964978 0 0.04105806 0.01873181 0 0.01187953 0.00785346 0 0 0.02917544 0.009964978 0.05754413 0.009964978 0.04803841 0.03460927 0.0499991 0.03969857 0.01728468 0.009964978 0.02667713 0.01992996 0.003862791 0.009964978 0.02749294 0.002401992 0.03967642 0.005033874 0.01992996 0.009964978 0.08968481 0 0.03354524 0.01992996
0 0 0.01070826 0.08968481 0.02989493 0 0.0005772754 0.031206 0.009964978 0.009964978 0.01281621 0.009964978 0 0.009964978 0 0 0 0 0.009964978 0 0.009964978 0 0 0.03985991 0 0.009964978 0.009964978 0.002710059 0.01992996 0.002241626 0.01992996 0.01992996 0.02128677 0.01124371 0 0.03198801 0.01783689 0 0.009964978 0 0.02064946 0 0.04210566 0 0.01175146 0.00207275 0 0.009964978 0.02257524 0 0.03988032 0.02989493 0 0 0.02574155 0.009489632 0.009964978 0.009964978 0 0 0 0 0.0167873 0.07921217
0.01872357 0.009496721 0.009964978 0.02989493 0.01282312 0.06006818 0.01679352 0.02989493 0 0.009964978 0.05440324 0.007102507 0.02677222 0.03985991 0.01615664 0 0 0.01992996 0.007066662 0.002898316 0 0.01992996 0.06227065 0.01154189 0 0.009964978 0.009964978 0.0172199 0.02989493 0.007723353 0 0.03985991 0.01857315 0.03028278 0.01826337 0 0 0 0 0.009964978 0 0.009964978 0.01992996 0.02989493 0.03817761 0.03799881 0 0.04750669 0.01992996 0.009964978 0.02312736 0.01992996 0.02989493 0 0.01992996 0.02008048 0.009964978 0 0 0.009631125 0.0003338534 0.01992996 0.01051808 0.009411876
0.009964978 0.02010651 0 0.009100741 0.009964978 0.003001205 0.03385505 0.009964978 0.02559008 0.00756532 0.03528157 0.008033064 0.02784706 0.02583932 0.02775888 0.01383741 0.06179119 0 0.01508404 0 0 0.01992996 0.03580222 0 0.02748461 0.03230526 0 0.01992996 0 0.009964978 0.02989493 0.01992996 0.001596474 0.02829846 0 0.002457406 0.02805442 0.009964978 0.009964978 0.02989493 0 0 0.01880324 0.05487306 0.006610445 0.0311599 0.01871142 0.03221314 0.05629059 0.003499278 0.02679039 0.03985991 0.02989493 0 0 0.04987132 0.05978987 0 0 0.01456131 0.009964978 0 0 0.02989493
0.01999697 0.04448824 0.02498968 0.02079419 0.009964978 0.004234565 0.01869905 0 0.004304859 0.02232962 0 0 0.009964978 0 0 0.01266261 0.03128852 0.01992996 0.004845921 0.02501737 0.01992996 0.009964978 0 0 0.02989493 0.009964978 0 0.009964978 0.009964978 0.01992996 0.03985991 0 0.04982489 0.009964978 0.02989493 0.009964978 0.009348085 0.01034203 0.03985991 0.009964978 0.009964978 0.009964978 0.02105668 0.01992996 0.009964978 0.02988932 0.01992996 0 0 0.02989493 0.02043015 0.01256934 0 0.009964978 0.009964978 0.02325298 0.0463401 0 0 0.005368644 0 0.009964978 0.07088048 0.008839346
0.1043999 0.01568151 0.03947889 0 0 0.008803235 0.01408237 0.02833487 0.02544719 0 0 0 0 0.0164781 0 0.009964978 0.01992996 0 0.009964978 0.04295024 0.001787243 0.009964978 0.014214 0.02989493 0 0.06975485 0.009964978 0.02062938 0.101664 0.00237529 0 0.001906856 0.02989493 0.01992996 0.01992996 0.01992996 0.009964978 0.009587922 0.009964978 0.009964978 0 0.009964978 0 0.04982489 0.02312755 0.05840125 0 0.007603887 0 0.01717741 0.0226825 0 0.06809746 0.05148229 0.009964978 0.009964978 0.03448848 0.01992996 0 0 0 0.009964978 0.0610196 0.00873525
0.01992996 0.02989493 0.02031098 0.01992996 0 0.01112672 0.009964978 0.0118554 0 0 0.03985991 0.007210147 0.006229617 0.05028016 0.01669693 0.02989493 0.03985991 0 0 0.02989493 0.02354924 0.02125673 0.03415874 0.06377304 0.009964978 0.009964978 0.02989493 0.05978987 0.007251376 0.01755467 0.01992996 0.0180231 0 0.01992996 0.009964978 0.009964978 0.02989493 0.02393288 0.02589201 0.01992996 0.02989493 0.009964978 0 0.009964978 0 0 0.009964978 0.03225603 0.009964978 0 0.01503696 0.01194476 0.01543305 0.01081999 0.009964978 0 0 0 0.01992996 0 0 0 0 0.00182032
0.009964978 0.02269018 0.07401793 0.03283661 0.009964978 0.02989493 0 0 0.02799328 0 0 0.02268479 0.0469083 0.04982489 0.01992996 0 0 0 0.009964978 0 0.005018926 0.009964978 0.01578503 0.005981816 0 0.03985991 0.02989493 0.01992996 0 0.009964978 0.06975485 0.01992996 0 0.008929387 0.05086048 0 0.009964978 0.009964978 0.01453247 0.02516716 0.009964978 0 0 0.01992996 0.009964978 0.02989493 0.01681094 0.04297893 0.07971983 0.01992996 0.05845623 0.001171879 0.03304673 0.02042005 0.01992996 0.01970603 0.06997878 0.02989493 0 0 0 0 0 0
0.009964978 0.009964978 0.009964978 0.009964978 0.009964978 0 0 0.01529754 0.02646403 0.009964978 0.009964978 0.004772453 0.01525598 0 0.03472553 0.01509936 0.009964978 0 0.01992996 0 0.009184712 0.0007802666 0.005597075 0.01992996 0.009964978 0 0.009964978 0 0 0.009964978 0 0 0.01172485 0.01159473 0.009964978 0 0.01063184 0 0.009964978 0.0001602858 0 0.009486784 0.009964978 0 0.04294208 0.02681277 0.009964978 0.009964978 0.02555083 0.004344101 0.05685653 0.04283968 0 0 0 0.01150466 0.02037701 0.0194829 0 0 0 0 0 0
0.09317335 0.006476439 0 0.01937031 0 0.009964978 0.005340524 0.004624455 0.01992996 0.01992996 0.009964978 0.02181147 0.04079652 0 0.02989493 0.009964978 0.009964978 0.01992996 0.009964978 0 0.01499827 0.004642928 0.06023792 0.06994133 0.05128043 0 0.03657838 0 0.009964978 0 0.009964978 0 0.008205103 0.008335223 0 0 0.02922807 0 0.009964978 0.009964978 0.01992996 0.1018566 0.01390171 0.01362468 0.009964978 0.009964978 0.04803988 0.01992996 0.01992996 0 0.002594108 0.01039942 0.03985991 0.02634028 0.01992996 0.01839028 0 0 0 0 0 0 0 0
0.01363569 0.02622423 0.009964978 0.0005596459 0.009964978 0 0.009964978 0 0 0.03985991 0.03985991 0 0 0.02688341 0.03793031 0.05996408 0.01172037 0.0287482 0.001146741 0.01514879 0.00493169 0.02525201 0.01036589 0.009923631 0.0274453 0 0.04314145 0.01992996 0.01992996 0 0.01241626 0 0 0 0 0 0 0 0 0 0.03559659 0.03055965 0.03403443 0.02790113 0 0.01992996 0.02171498 0.05784309 0.04982489 0.01858271 0.04831451 0.03370225 0 0.0733095 0 0.06016449 0.05941525 0 0 0 0 0 0 0
0.01004376 0.0001050267 0 0.009964978 0.01992996 0.009964978 0 0 0.01262703 0.02723289 0.01992996 0 0.009964978 0.01297651 0 0 0.01992996 0.009964978 0.0194779 0.005233219 0.05978987 0.009964978 0 0.009964978 0 0 0.009964978 0.009964978 0.009964978 0.01562594 0.02178269 0.009964978 0 0 0 0 0 0 0 0.005951984 0.01405043 0 0.03659058 0.08407153 0.03858414 0.007738743 0.03851966 0.001946783 0 0.03985991 0.02278758 0.03557425 0.06026822 0 0 0.03985991 0.04982489 0 0 0 0 0 0 0
0.02429464 0.05135451 0.004799843 0.005165135 0.009964978 0 0 0 0 0 0.02713839 0.002756546 0.009964978 0 0.009964978 0 0.009964978 0.009964978 0.04542285 0 0.009964978 0.009964978 0.0008953738 0.03896454 0.009964978 0 0.009964978 0.009964978 0 0 0.009964978 0 0.02584021 0.005922242 0.001555226 0.03985991 0 0.01992996 0 1.284675e-005 0.01994373 0.01664256 0.02321736 0.01087642 0.03009751 0.05978987 0.01353147 0 0.02873782 0.03105205 0.0471382 0.01992996 0.04982489 0.05978987 0.1494747 0 0 0 0 0 0 0 0 0
0.00579185 0 0.009965203 0.009964978 0 0 0.009964978 0 0.03808068 0 0 0.02989493 0.007352974 0.01402932 0.009964978 0 0.02989493 0 0.004402045 0 0.01992996 0.009964978 0 0.01435121 0 0.04982489 0.003501412 0.01087991 0.01223917 0.009964978 0 0.003894554 0.02413287 0.009964978 0.01837473 0 0 0.0006908118 0 0 0.02653743 0.01332249 0.009964978 0 0.01103818 0.009964978 0.01992996 0 0.01696535 0.03076578 0.06692484 0.06003223 0.05973163 0.05044965 0.06099726 0.1258531 0 0 0 0 0 0 0 0
0 0 0.03985969 0 0.01992996 0.006311377 0.003653602 0.009964978 0.03167417 0.009964978 0.009964978 0.03517117 0.002612004 0.01586561 0 0.009964978 0.009964978 0.009964978 0.009964978 0.009964978 0 0.01992996 0.01100985 0.02396273 0 0.009964978 0.01642855 0.06515207 0.01819431 0.03935919 0 0 0.02433703 0.005557905 0 0 0.009964978 0.01997638 0 0.01652836 0.01336657 0 0.01992996 0.04982489 0.04789288 0.04044724 0 0.02989493 0.01205874 0.009964978 0.005334937 0.06692445 0.01067578 0.1396839 0.1373946 0.05914053 0.03985991 0 0.03985991 0 0 0.009964978 0 0
0 0.009964978 0 0 0 0.006415473 0.01351448 0.009964978 0.01992996 0 0 0.02228172 0.009964978 0.04687058 0.002954315 0 0 0.04982489 0.009964978 0.009964978 0.02989493 0.02989493 0.04510035 0 0.009964978 0.02989493 0 0.01651224 0 0.03696268 0.009964978 0.02434499 0.0254799 0.01992996 0 0 0.01100889 0.009227739 0.009964978 0 0.009964978 0 0.02681254 0.02119951 0.05978987 0.02127464 0.05683474 0.03285006 0 0.009964978 0.04982489 0.02275801 0.02989493 0.01992996 0.09487328 0.1380601 0.02989493 0 0 0.00502335 0 0.06975485 0.03413757 0
0 0.02989493 0 0 0 0 0 0.01992996 0 0 0 0.01230196 0.01992996 0 0 0.009964978 0.01992996 0.01664881 0.01938513 0.02195065 0.01790927 0.009964978 0.005225652 0 0 0.009964978 0.01368375 0 0 0 0.002573709 0 0.009964978 0 0.009964978 0 0.00892107 0 0.01063893 0.009964978 0 0.009964978 0.001036193 0.01074163 0.008999414 0.008883801 0.01104616 0 0.02975276 0.0001421728 0.05039547 0.06368785 0 0.009964978 0.00642303 0 0.02680728 0.02858185 0 0.01490661 0 0 0.02565231 0
0.0102309 0.02012642 0 0.02989493 0 0 0.02732638 0.02249851 0 0 0.008059168 0.05863886 0.001151016 0.009964978 0.009964978 0.0002627019 0.04956219 0.004474892 0.009316059 0 0.001744069 0.01818589 0.009964978 0 0 0 0.02677813 0.01318026 0 0 0.01735625 0.02228985 0.009964978 0.009964978 0 0 0.009964978 0 0.02922098 0 0 0.02989493 0 0.009964978 0.02089552 0 0.01992996 0.009964978 0.05589569 0 0 0.007542851 0.01498657 0.02660761 0.01350693 0.01622625 0.002578705 0.02175199 0.02989493 0.005064158 0.04982489 0.04982489 0 0
0.01991632 0.004093956 0 0.01992996 0 0 0 0 0.01992996 0 0.01187079 0.01914328 0.0007866789 0.02966486 0.02059786 0.04303986 0 0 0 0 0.01992996 0 0.009964978 0 0.009964978 0.01745869 0.01276894 0.01992996 0 0 0.009964978 0.01757006 0.01229323 0.05383079 0 0.006465113 0.003499866 0.01992996 0.009964978 0.009964978 0.009964978 0.01992996 0.009964978 0.01820019 0.001169349 0 0 0.0001520542 0.0137071 0.01992996 0.007504801 0.007650595 0.01250796 0.04452424 0.05727214 0.0114384 0.01588231 0.01323837 0.01665656 0.04673424 0.1226388 0.009964978 0 0
0.02589078 0.004004152 0 0 0.009635396 0 0 0.008906722 0 0 0 0 0.00742335 0.08690896 0.1240045 0.04000756 0.1084794 0.04247754 0.01992996 0 0 0.01992996 0 0 0.02335977 0.01235021 0.009964978 0 0 0 0 0 0.01760171 0.02588903 0 0.01091957 0.02036113 0 0 0.009964978 0 0 0 0.0005604203 0.009964978 0.04873837 0 0 0.01992996 0 0.002460178 0.01263335 0.01992996 0.02063507 0.002665911 0.006354121 0.05591315 0 0 0.01583364 0.02895874 0 0 0
0.03482063 0.02989493 0.06975485 0 0.0003295825 0.00792487 0.01200509 0.001058257 0.009964978 0.02825853 0.01753415 0.0003950645 0.0700597 0.1113877 0.0708017 0.1300179 0.3006493 0.1404945 0.04958124 0 0 0.009964978 0.009964978 0 0 0 0 0.009964978 0.01992996 0.02294962 0 0.009964978 0.02989493 0.02989493 0 0.03579582 0.002678326 0.001041832 0 0.01992996 0.02989493 0.01992712 0.01915893 0.0007710254 0.03882512 0.04013525 0.009964978 0 0.01992996 0 0.01149845 0.03564684 0.0220981 0.01901447 0.03225912 0.01357584 0.02384748 0.01357668 0.006353273 0.02989493 0 0 0 0
