EnvRasters/Baseline_High/unreg.asc
ncols         270
nrows         223
xllcorner     24099.479091542
yllcorner     21023.840179216
cellsize      1003.8986847201
NODATA_value  -9999
[rows 140 to 167 of 223, columns 128 to 191 of 270]
0.06423437 0.1365248 0.09452882 0.3107094 0.01626598 0.0774281 0.1831076 0.07892254 0.06623631 0.08794829 0.1237112 0.1143497 0.01992996 0.02306382 0.08685762 0.08236526 0.218491 0.1283785 0.1712956 0.04827668 0.003094606 0.09180157 0.08756804 0.01174151 0.05009048 0.03001 0.009964978 0.000551507 0.01027245 0.05110287 0.1514339 0.1093503 0.01992996 0.02989493 0.1251095 0.07559557 0.1558322 0.06266721 0.01992996 0.01624551 0.03985991 0.02989493 0.03379422 0.05082555 0.02023428 0.03545045 0.09520572 0.06388307 0.08696781 0.02340847 0.05993805 0.08012825 0.02335518 0.05681991 0.04557113 0.03543314 0.0343665 0.00169122 0.02598409 0.1135256 0.05978987 0.02905294 0.07059123 0.02019037
0.06975485 0.1097447 0.04931928 0.01812904 0 0.01831486 0.1160672 0.03799535 0.01355363 0 0.03819557 0.03165776 0.01488723 0.02183882 0.08571607 0.009923783 0.05831266 0.2231885 0.04544226 0.1905306 0.1483771 0.009964978 0.2192295 0.2141408 0.1322104 0.03860632 0.1006896 0.009684065 0.1364136 0.009964978 0.02124621 0.03145197 0.03830288 0.002722296 0.09580863 0.08991555 0.04025273 0.06977525 0.01673435 0.03357938 0.01331328 0.06983957 0.2599814 0.06182707 0.009964978 0.01992996 0.005402035 0 0.02408182 0.1647213 0.1670706 0.0446631 0.003021903 0.0171887 0.01963644 0.01502712 0.01155163 0.003861712 0.1195797 0.05978987 0 0.03985991 0.06125744 0.2786929
0.2964373 0.229136 0.1864326 0.1100243 0 0 0.05460011 0.03444329 0.1208763 0.03297573 0.0957148 0 0 0 0.02955972 0.00430395 0 0.02767754 0.04483314 0.0347193 0.001405032 0.05469623 0.04815371 0.09964979 0 0 0.1595384 0.02985417 0.0532427 0 0.01992996 0 0.01992996 0.009964978 0.06533022 0.1512768 0.2043248 0.04753213 0.06633981 0.05978987 0.05605002 0.08676659 0.09553019 0.03222857 0.190625 0 0.01547755 0.004452403 0.1321472 0.1674298 0.164863 0.1157761 0.02274357 0.04024179 0.1638971 0.2444374 0.1722652 0.2005098 0.03102577 0 0.06050637 0.05071686 0.2696052 0.1386292
0.1789727 0.02908235 0.06067491 0.1574815 0.1068329 0.01992996 0.1922012 0.04200448 0.04210151 0.03213837 0.02473802 0.0151219 0.02989493 0.03761172 0.005469293 0 0 0 0.01992996 0.08380616 0.02094291 0.01519624 0.03142849 0 0.009964978 0.1997823 0.009677285 0.04014761 0.06975485 0.07103145 0.1491797 0.03887825 0.001538267 0.008426712 0.03210163 0 0.06039174 0.08849435 0.1668448 0.1395097 0.05902286 0.1607742 0.04695316 0.01976272 0.07508063 0.1325099 0.02643979 0 0.05978987 0.06684883 0.0499687 0.1258338 0.04250442 0.007208936 0.07907225 0.1329519 0.1034184 0.06555301 0.01992996 0 0.03903636 0.2389639 0.0481736 0.04089335
0.003256656 0.009964978 0 0.03985991 0.01315527 0.006774687 0.04654217 0.03708227 0.05779091 0.06877349 0.03491119 0.03883986 0.06700154 0.04381943 0.03586876 0.01992996 0.009964978 0.01992996 0.01208744 0.06167812 0 0.001237647 0.009964978 0 0 0.02941225 0 0.03951009 0.04995218 0.07839844 0.01112881 0.05020729 0.06820862 0.009964978 0.07233856 0.03277143 0 0.009964978 0.07303977 0.04371064 0.2095168 0.1074816 0.01712552 0.005097181 0.02534874 0.0869152 0.2008196 0.03985991 0.04527926 0.0968571 0.0820444 0.01741557 0.08223421 0.05978987 0.3285115 0.1776117 0 0.07374688 0.1717709 0.02997037 0.1134181 0.0400081 0.03930501 0.02249129
0.05593861 0.02262365 0.05616445 0.001975863 0.03090164 0.1292046 0.03053955 0 0.06167205 0.1612556 0.08957534 0.03586372 0.0940761 0.07821884 0.09663852 0.01992996 0.04229806 0.03773616 0.0127247 0.01611819 0.03181846 0.03998442 0.01992996 0.03928382 0.01120057 0.09058417 0.04012406 0.03998442 0.2508218 0.1151743 0.09681382 0.008646647 0 0 0.06455071 0.01192685 0.06218251 0 0.02989493 0.009964978 0.009964978 0.1615508 0.05543986 0 0.03453873 0.17518 0.3840789 0.0229034 0.06254761 0.01992996 0.009964978 0 0 0.1046506 0.2415715 0.01098322 0 0.00964089 0.008585228 0.05997034 0.08603234 0 0.02989493 0.01186387
0.06930591 0.0327708 0.09089483 0.07448263 0.05913653 0.1993412 0.06115811 0.01992996 0.04982489 0.1311252 0.06444437 0.009964978 0.01612155 0.08164644 0.1643787 0.01296102 0.07728507 0.05978987 0.07197017 0 0.07971983 0.01856781 0.1096148 0.1506262 0.1601171 0.2294113 0.01956814 0.01106449 0.05909823 0.1792801 0.1940898 0.07107318 0 0.009964978 0.01992996 0.02989493 0.04743226 0.05700857 0 0.01992996 0.01992996 0.04491258 0.2475676 0.07690911 0.04874165 0.0605383 0.1048207 0.09645326 0.2429101 0.01284584 0 0.003462236 0.06642808 0.3028968 0.04563298 0 0 0.2364666 0.07021604 0.03985991 0.03985991 0 0.01992996 0.1150777
0.1280167 0.1073579 0.01348348 0.142255 0.1436312 0.0214737 0.009964978 0.08983488 0.2240192 0.08094125 0.03581407 0.05646689 0 0.0274916 0.05208042 0.006968935 0.04706307 0.02989493 0.06209805 0 0.09470042 0.05715196 0.01240655 0.09813625 0.1295623 0.1086164 0.01014329 0.009993593 0.0002817523 0.121469 0.0779755 0.02989493 0.01860038 0.02989493 0.09916358 0.1596139 0.05637573 0.03267623 0.08772138 0.02663958 0.02235969 0.1044478 0.2867606 0.1129523 0.07263485 0.06774811 0.2387474 0.03431332 0.01720362 0 0.03562897 0.1064048 0.1630708 0.1249084 0 0 0.09103794 0.1239865 0.02162874 0 0.009964978 0.04982489 0.07563302 0.1539462
0.2559859 0.2066583 0.1498091 0.1085781 0.0993454 0.02438018 0.07018467 0.1932753 0.1448174 0.0738241 0.1628154 0.1528628 0.01380858 0.02748872 0.157136 0.0979204 0 0.03985991 0.06974361 0.1096148 0.1435946 0.09415451 0.08746949 0.1487179 0.02025674 0.1100232 0.06972472 0.09851489 0.02989493 0.06320442 0.06517603 0 0.09101438 0.08968481 0.181214 0.08754287 0.05801652 0.01173833 0.02901377 0.2463528 0.1040643 0.01026629 0.1214468 0.1786358 0.188365 0.1756849 0.0663026 0.03748605 0.1549531 0.004486539 0.07419358 0.04161164 0.01992996 0.01932905 0 0.1615196 0.3182451 0.1453921 0.2079852 0.009125945 0 0.06975485 0.04904876 0.02033614
0.02605706 0.09299559 0.05170649 0.09758415 0.02596291 0 0.07900485 0.2516999 0.1266113 0.2181474 0.01135794 0.02586917 0.06591126 0.1251995 0.1903775 0.1496961 0.01816044 0.02169947 0.08517255 0.07971983 0.1208617 0.1584384 0 0 0 0 0.01238236 0.1672374 0.161296 0.05432051 0.2377687 0.04746396 0.01992996 0.05315086 0.01848569 0.002141939 0.05746014 0.05897104 0.1174456 0.207648 0.1676698 0 0.04387559 0.01431896 0.1150727 0.2750359 0.1067034 0.1051058 0.01239547 0.02405196 0.05857903 0.02502296 0 0.06990737 0.05005115 0.05744582 0.07994246 0.1596001 0.1247319 0.1017224 0.2203422 0 0.08053678 0.04207464
0 0 0.003394473 0 0 0 0.04688805 0.1074645 0 0.08876502 0.004550511 0.01565779 0.08584181 0.1053861 0.04317712 0.02086368 0.0118046 0 0 0 0.01989469 0.08112668 0.01580437 0.06125211 0.02160879 0.00962701 0.02014497 0.1214181 0.08784649 -9999 0.02989493 0.04281144 0.03690838 0.07700533 0.09066251 0.1557819 0.193648 0.0905217 0.02726378 0.1523865 0.1652342 0.004170414 0 0.1493551 0.1540784 0.1327694 0.0648261 0.1500592 0.03911365 0.02577293 0.06581502 0.06353629 0.2070915 0.1019068 0.04982489 0.05027143 0.0294484 0.2079846 0.1694676 0.03010109 0.02720272 0.03300553 0.1146066 0.07434682
0 0 0 0 0 0 0.01992996 0.03985991 0 0.01818676 0.06914148 0.1382989 0.1661781 0.02473252 0 0 0 0 0.009964978 0.1781793 0.2981473 0.1284355 0.04524785 0.04790349 0.1506674 0.078077 0.009749968 0 -9999 -9999 -9999 -9999 -9999 0 0.01170177 0.1401991 0.01550088 0.009964978 0.0627498 0.2007315 0.01849807 0.009964978 0 0.06975485 0.02434723 0.009964978 0.009964978 0.06408402 0.01099894 0 0 0.06222474 0.1591254 0.1600995 0.03287163 0 0.01992996 0.101952 0.1172523 0.02026199 0.244004 0.1985784 0.09564012 0.08403942
0 0 0 0 0 0 0 0.06048592 0.06957973 0.1727739 0.09594899 0.2327404 0.05534136 0.0008132596 0 0 0 0.03985991 0.05905562 0.1303117 0.01989719 0.0619993 0.1188753 0.04242825 0.08643303 0.01992996 -9999 -9999 -9999 -9999 -9999 -9999 -9999 0.08029379 0.05789047 0.09429538 0.009964978 0 0.03430795 0.01992996 0 0 0.01992996 0.03747622 0.05978987 0.06975485 0.008141006 0.001823972 0.004495502 0 0 0.009964978 0.08922322 0.2225228 0.04858702 0.2120665 0.03802998 0.0113845 0.07150447 0.122194 0.06490377 0.1023037 0.1877181 0.135794
0.005824034 0.00328101 0.03360474 0.005384276 0.004580703 0 0.02121332 0.02919889 0.07401912 0.2528083 0.08257867 0.005779524 0.004803069 0.00126272 0.09561215 0.1767633 0.05825271 0.03876492 0.03218899 0.02456833 0.02034064 0.04941421 0.01842498 0.00114241 0.007812051 -9999 -9999 -9999 -9999 -9999 -9999 -9999 0 0.05638933 0.1659403 0.07165903 0.0317827 0.03483556 0.1197217 0.04378019 0.02326822 0.04319756 0 0.01819181 0.02989493 0 0 0.01867055 0.07304436 0.02126878 0.1437393 0.05947146 0.02064271 0.08650658 0.05084396 0.07775876 0.1468302 0.1296878 0.189906 0.2347396 0.1150977 0.1086976 0.1762081 0.08816303
0.03266073 0.3053003 0.1994743 0.0794541 0.01327368 0.1237576 0.1323816 0.003589651 0.0656276 0.2755273 0.06142152 0.03430131 0.02989493 0.04982489 0.04982489 0.1585637 0.1203294 0.1021679 0.1300645 0.09211902 0.01082718 0.04457192 0.009964978 0.06104939 0.01992996 -9999 -9999 -9999 -9999 -9999 -9999 -9999 0.01863669 0.05111816 0.06146545 0 0.02350427 0.03679144 0.07387535 0.1009127 0.0598514 0 0.08713798 0.07958294 0.02673551 0.01992996 0.02514289 0.09649615 0.1991735 0.1243279 0.009781298 0.0179812 0.1525914 0.1305598 0.08968481 0.06534924 0.1504886 0.1512743 0.04806301 0.2383319 0.07239393 0.07402033 0.1199361 0.1340937
0.002797996 0.009964978 0.130676 0.05223897 0.03602595 0.08814448 0.04550485 0.06726635 0.2330758 0.1470966 0.2409613 0.1548042 0.04982489 0.05856472 0.001225148 0.04948266 0.02036336 0.01008726 0.137112 0.06241195 0.04169891 0.08420212 0.009964978 0.0386004 0 -9999 -9999 -9999 -9999 -9999 -9999 0 0 0.06985096 0.1989329 0.03369549 0.04560826 0.01418162 0.009964978 0.08561801 0.1175441 0.08816323 0.01397872 0.06811654 0.009964978 0.04535349 0.03004546 0.009964978 0.06451809 0.1331751 0.05857103 0.1871821 0.2862422 0.006703848 0.009964978 0.1472546 0.1063999 0.05227366 0.05336359 0.1042815 0.005713007 0.05613305 0.03639031 0.1312564
0 0.09614221 0.08784179 0.09564311 0.03234169 0.09287677 0.2403341 0.1337929 0.2279306 0.1257337 0.008113116 0.05826816 0.0596354 0.2001047 0.009964978 0.01649004 0.01308699 0.05028548 0.08892051 0.06165601 0.06960496 0.007115105 0 -9999 -9999 -9999 -9999 -9999 -9999 -9999 0.009964978 0.03985991 0 0.009964978 0.1619595 0.1623934 0.2232504 0.12189 0.07336266 0.1259573 0.002365995 0.06407656 0.1076869 0.1219829 0.07354683 0.1366269 0.03449645 0.03869436 0.03611223 0.08040786 0.042119 0.02415518 0.03079278 0.04194177 0.06474341 0.07999813 0.09279099 0.03769813 0.06063531 0.02684442 0.1172152 0.3265014 0.2076624 0.0815613
0 0.02461126 0.07112881 0.03077653 0.1188759 0.04448544 0.1528945 0.156736 0.1764135 0.1055547 0.08301423 0.0349305 0.173314 0.1489419 0.07097677 0.03407104 0.03329197 0.06640517 0.05450662 0.09655814 0.09964979 -9999 -9999 -9999 -9999 -9999 -9999 -9999 -9999 -9999 0 0.01916876 0.009047638 0.02989493 0.03726795 0.09366029 0.1126015 0.2344508 0.03323472 0.1297213 0.1522768 0.02391135 0.0564082 0.1040732 0.1148053 0.09434848 0.151005 0.1158304 0.05978987 0.0862797 0.2954058 0.05103411 0.06535929 0.1324561 0.2109738 0.1039152 0.04199376 0.2141763 0.182018 0.0801978 0.1423098 0.1251956 0.1390805 0.02805346
0.02463496 0.01992996 0.09901094 0.0392306 0.1376763 0.1032119 0.08652323 0.3542725 0.09454998 0.07907055 0.1586152 0.07865237 0.05978987 0.08565757 0.0995028 0.1531939 0.09313264 0.07314862 0.007238949 0 0 -9999 -9999 -9999 -9999 -9999 -9999 -9999 -9999 -9999 0.004885273 0.06494203 0.0009173407 0 0.02152392 0 0 0 0.06695361 0.2827906 0.1427361 0.04599509 0.04335364 0.2032468 0.1860879 0.1334605 0.01524307 0.0148533 0.1592486 0.320934 0.2163367 0.1611583 0.148847 0.1513017 0.3619456 0.2211936 0.2522876 0.3385266 0.07719299 0.02989493 0.1788475 0.1856149 0.03568766 0.09285368
0.09323442 0.01228377 0.03754112 0.08968481 0.06694022 0.09386709 0.1073121 0.08563045 0.1912421 0.1833519 0.1907485 0.0701893 0.1196759 0.2680329 0.3775255 0.07187266 0 0.01992996 0 0 -9999 -9999 -9999 -9999 -9999 -9999 -9999 -9999 -9999 0 0.05973385 0.297029 0.08547399 0.01417579 0 0 0 0 0 0.1650376 0.2706443 0.5125924 0.06467392 0.1887658 0.04822195 0.06124597 0.01984398 0.1796902 0.214895 0.1046705 0.07888721 0.04864652 0.09879369 0.1800166 0.04927316 0.03750566 0.0527878 0.02693203 0.01561266 0.00195785 0 0.1111562 0.02126323 0.1545925
0.08507779 0.1435015 0.2927605 0.04300133 0.04644667 0.05217463 0.0616972 0.1649214 0.1623553 0.21107 0.2286639 0.06138565 0.03948739 0.3614885 0.2096038 0.03300444 0 0.01992996 0 0 0 -9999 -9999 -9999 -9999 -9999 -9999 -9999 -9999 0.03985991 0.03019894 0.002361072 0.01582324 0.04396663 0 0 0 0 0.06306873 0.2727845 0.353035 0.2786279 0.1878243 0.09256287 0.02989493 0.2050039 0.03443622 0.06035215 0.1090989 0.005222553 0 0.0759332 0.2053803 0.1082811 0.03732118 0.04272669 0.007098205 0 0 0.0121953 0.01933395 0.09810832 0.01859668 0.02675391
0.04037244 0.1538456 0.09333078 0.1228729 0.1238047 0.1918561 0.1403093 0.1893816 0.2456969 0.1829247 0.01513129 0 0.0004022535 0.0195277 0 0.01995036 0 0 0 0 0 -9999 -9999 -9999 -9999 -9999 -9999 -9999 -9999 0.01524857 0.01464636 0.009964978 0 0.02637881 0.003516124 0 0 0.009964978 0.05776936 0.1168868 0.220869 0.001411862 0.09238622 0.01035228 0 0.03418624 0 0.02049434 0.08973124 0 0 0.02123524 0.03867913 0.03498948 0 0 0 0 0 0 0.04623272 0.04154628 0 0
0.0342558 0.1326027 0.09460814 0.1936301 0.0667137 0.07794859 0.1405399 0.04123951 0.001177374 0.04982489 0 0 0 0.01992996 0 0.006246491 0 0 0 0 0 -9999 -9999 -9999 -9999 -9999 -9999 -9999 -9999 -9999 0 0.009964978 0.009201705 0.01901054 0.009964978 0 0.06017441 0.1214228 0.0575172 0 0.1168738 0 0.006668555 0.0002077099 0 0 0.01139173 0.1873435 0.01486046 0 0 0.0157713 0 0 0 0.01992996 0.009964978 0 0 0 0 0.00827861 0 0
0.06576842 0.1277161 0.229352 0.4091371 0.04741144 0.06631818 0.167959 0.07470252 0.09060194 0.009964978 0 0 0 0 0.001343274 0.0717328 0.05991565 0.004030493 0.1225661 0.04511216 0.01703903 -9999 -9999 -9999 -9999 -9999 -9999 -9999 -9999 0 0 0.06561588 0.1306123 0.01121475 0.1302219 0.05593134 0.1807155 0.2179389 0.06206254 0 0.06094545 0.00654092 0.0002609512 0 0 0 0 0.009964978 0 0 0.009964978 0.01252529 0.007404669 0 0.009964978 0.01992996 0.1851922 0.01992996 0.02989493 0 0.03985991 0.001727177 0.009964978 0.065401
0.2692437 0.2167939 0.1186909 0.1675849 0.02123401 0.1135516 0.08648564 0.01090017 0 0 0 0 0 0 0.009964978 0.3183898 0.4053172 0.1358737 0.08502784 0.05276787 -9999 -9999 -9999 -9999 -9999 -9999 -9999 -9999 -9999 0 0.01992996 0.07981858 0.1815038 0.1329103 0.01230951 0.01154062 0.03985991 0.07772218 0.02989493 0.03736781 0.03985991 0.003045198 0.03997782 0 0 0 0 0 0 0.07654668 0.1862523 0.02989493 0 0.1113829 0.03938114 0 0.01410741 0 0 0.01992996 0.2253635 0.3206406 0.07442536 0.09277141
0.07142205 0.05039656 0.02561233 0 0 0 0 0 0 0 0 0 0.08089685 0.06995508 0.05841261 0.2924214 0.2415061 0.1159994 0.006966001 0 -9999 -9999 -9999 -9999 -9999 -9999 -9999 -9999 -9999 0 0.009964978 0.09008015 0.1056661 0.2065841 0 0.01860332 0 0.04067777 0.09985001 0.2326662 0.009964978 0 0.03985991 0.006504366 0.06079242 0.008962426 0 0 0.01992996 0.09938877 0.2577386 0.02455263 0.2318903 0.1908209 0.2717099 0 0.02533423 0.05635906 0 0 0.03650241 0.1671335 0.03119566 0.01992996
0.01217419 0.01253853 0.03436325 0.1071781 0.08297864 0 0 0 0 0.09964979 0 0 0 0 0 0 0 0 0 0 -9999 -9999 -9999 -9999 -9999 -9999 -9999 -9999 -9999 0.02023721 0.03683611 0.02321341 0.009964978 0.07625229 0.1018835 0.06111651 0.1179352 0.06693052 0.03541045 0.06344132 0.01019779 0 0.01667192 0.09943975 0.1897435 0.03237298 0.06831785 0.03985991 0 0.06512528 0.02513418 0.0189006 0.251324 0.2732234 0.1408971 0.009964978 0.2932643 0.3510414 0.3846922 0.03884499 0 0 0.009964978 0.009964978
0 0 0.08977766 0.1539097 0.1940424 0 0 0 0.005740669 0.03985991 0 0 0 0 0 0 0 0 0 0 0 -9999 -9999 -9999 -9999 -9999 -9999 -9999 -9999 0.06655122 0.08293783 0.05978987 0.05845671 0.1160683 0.2132071 0.08477728 0.3060138 0.08172273 0.08345138 0.1225456 0.05975845 0 0.0140333 0.1969873 0.02732337 0.1487728 0.2740813 0.1104592 0 0 0 0.003627296 0.03795436 0.1440456 0.03985991 0.009454989 0.3014001 0.3311816 0.06634784 0.1396867 0.05207609 0.09029424 0.145598 0.003374321
