EnvRasters/Baseline_High/wheat.asc
ncols         270
nrows         223
xllcorner     24099.479091542
yllcorner     21023.840179216
cellsize      1003.8986847201
NODATA_value  -9999
[rows 62 to 92 of 223, columns 140 to 209 of 270]
0.03660487 0.1167116 0.1402711 0.06500179 0.009240779 0.05610516 0.1748776 0.04212917 0.1275923 0.02970574 0.02614625 0.005212014 0.0004385663 0.01491924 0.06794228 0.03329008 0.01631338 0.03366947 0.03793015 0.04678296 0.07803559 0.03939711 0.05135418 0.1672528 0.03694154 0.03442398 0.04445408 0.0224463 0.02475537 0.07240386 0.08833313 0.1595905 0.1695105 0.2250038 0.1110449 0.09560297 0.08429188 0.005796371 0.03673235 0.01226496 0.006934043 0 0 0 0 0 0.009218933 0 0 0 0.005987274 0 0 0 0 0 0 0 0 0 0 0.00105271 0.001204925 0 0 0 0 0 0 0
0.1314763 0.1843362 0.1417812 0.114984 0.06411228 0.005775245 0.1048171 0.1344836 0.06752513 0.01955023 0.04134392 0.02121939 0.003383748 0.02300467 0.02776738 0.04606269 0.03173789 0.0167706 0.03894607 0.1180947 0.07003555 0.05638949 0.02117283 0.002077508 0.02406773 0.01467469 0.008426988 0.03417098 0.1204691 0.189607 0.149541 0.1816968 0.1658141 0.08195698 0.03396082 0.132883 0.118334 0.01533209 0.02993667 0.04125545 0.06653406 0.0004009555 0 0.005134269 0.03563747 0.001551079 0.01038521 0.008820275 0.005059753 0.02242136 0.00323493 0 0 0 0 0 0 0 0 0 0 0 0 0 0 0 0 0 0 0
0.04249732 0.2311703 0.1158445 0.05994978 0.1650028 0.08465707 0.03235606 0.1093528 0.09365526 0.06072862 0.0371633 0.01542177 0.003085807 0.001342985 0.0229165 0.03189759 0.02694804 0.03272037 0.03219945 0.0804771 0.006773294 0 0 0.02517896 0.04038032 0.1472428 0.07533977 0.06163763 0.2015708 0.1601905 0.2618847 0.123373 0.0525142 0.004802486 0.02061281 0.1025531 0.09663931 0.04111025 0.01696671 0.07502786 0.0710497 0.006165279 0.02239676 0.06042395 0.03526337 0.02829511 0.02094938 0.04917514 0.02737756 0.04080004 0.04277473 0 0 0 0 0 0 0 0 0 0 0 0 0 0 0 0 0 0 0
0.107313 0.04279908 0.08224042 0.1702486 0.09848496 0.09343914 0.1862355 0.0724736 0.05465376 0.03467457 0.0261439 0.01421451 0.01387316 0.04621328 0.02831502 0.05971746 0.1594983 0.2950237 0.1172233 0.04971717 0.00644548 0.04149333 0.1424048 0.09624615 0.1046336 0.08578746 0.1180618 0.0360508 0.1588732 0.1422786 0.163751 0.1551728 0.07360028 0.01274727 0.06236944 0.03634174 0.1349027 0.08843265 0.02618838 0.05406984 0.03757767 0.009682214 0.02370794 0.03333297 0.005181896 0.03565352 0 0.01218341 0.01748427 0.1009349 0.02353101 0.01148286 0 0 0.001809357 0.01954182 0.003220642 0.005159825 0 0 0.002199132 0 4.426614e-006 0 0 0 0 0 0 0
0.006094187 0.02441892 0.08580993 0.1027632 0.0236926 0.05035317 0.09565937 0.1346784 0.2210512 0.08941429 0.02433825 0.007002651 0.02443375 0.03000424 0.078531 0.2132208 0.179015 0.240846 0.1541277 0.05095137 0.05636013 0.1853652 0.1870564 0.1390562 0.08367517 0.1071979 0.08797824 0.09862179 0.1667119 0.05744408 0.06490127 0.1249502 0.03707124 0.09141708 0.05891994 0.0874394 0.0896918 0.02004347 0.01642187 0.01879416 0.1198433 0.03959089 0.02509016 0.0490163 0.0363882 0.0232057 0.05276102 0.01475145 0.0006588598 0.01537448 0.02916496 0.01246699 0 0 0.002408211 0.002742726 0.008743385 0.01991701 0.001443952 0.003309948 0 0.000221262 0.002678472 0 0 0 0 0 0 0
0.09541661 0.06859993 0.06285343 0.03538249 0.1480919 0.1943162 0.007256225 0.1348477 0.2100604 0.007679001 0 0.02159734 0.08940189 0.02098007 0.06598449 0.2162518 0.128497 0.1317916 0.1274826 0.07247147 0.06310967 0.07340357 0.09004525 0.08237825 0.140361 0.05703058 0.1049702 0.1587541 0.09023153 0.09524903 0.1047402 0.1492307 0.08507673 0.01998564 0.008081622 0.0743523 0.09190844 0.04346564 0.03741826 0.02323295 0.01718521 0.02274073 0.003999429 0.05040001 0.04036834 0.02713921 0.01950573 0.009700529 0.02196778 0.01944348 0.01200398 0.000905315 5.796293e-005 0.009565129 0.003812298 0.008115452 0.08808619 0.04348686 0.004798481 0.01040848 0.006129815 0 2.176615e-005 0.001441202 0 0.005961114 0 0 0 0
0.1763989 0.0589278 0.1058119 0.04748492 0.05401243 0.09272813 0.1086447 0.05605891 0.09499948 0 0.002656763 0.04113321 0.004152842 0.01838349 0.04487151 0.2331905 0.1323768 0.03433777 0.04164571 0.1048671 0.1751361 0.1108489 0.08852515 0.05661538 0.01515649 0.08814898 0.1599047 0.0794031 0.09683045 0.135324 0.08716744 0.09771547 0.09520527 0.1155579 0.1300269 0.1681314 0.03953954 0.05239387 0.0231463 0.0210495 0.009509815 0.01911697 0.1057656 0.04745843 0.02380271 0.03576675 0.00807806 0.01506283 0.02145568 0.02934196 0.021198 0.00705577 0.009430121 0.008885734 0.0172533 0.003631616 0.001273023 0.06408168 0.03260993 0.008406861 0.01729645 0.01331051 0.002855296 0.002351199 0.008041589 0 0 0 0 0.001022192
0.0115155 0.1020967 0.1655562 0.1347562 0.06728687 0.1562515 0.06493293 0.1301087 0.002156172 0 0.004855246 0.05068033 0.08817982 0.03798062 0.1120424 0.1523594 0.07873612 0.08676384 0.04444822 0.05141954 0.1538287 0.1642537 0.1224868 0.07850576 0.03858968 0.02823239 0.02520907 0.08226972 0.168418 0.1392958 0.1096086 0.04119658 0.06497715 0.08863361 0.1225914 0.04785364 0.08413502 0.03691468 0.01367074 0.07676625 0.1154475 0.006934291 0.02916924 0.05756608 0.03677482 0.04481271 0.01562743 0.0109452 0.01778579 0.02668248 0.008530246 0 0.01117685 0.02995955 0.01122224 0.01270134 0.01050236 0.003426309 0.002363543 0.006224814 0 0.02179118 0.07922106 0.08337823 0.005296403 0 0 0 0 0
0.03413266 0.1575483 0.03936425 0.09816176 0.08245257 0.2966406 0.05552198 0 0 0 0 0.04233729 0.06715623 0.148166 0.1032663 0.1443554 0.1696352 0.07671784 0.02075586 0.06310941 0.0340931 0.1178132 0.121868 0.1073629 0.06870171 0.05455706 0.07294565 0.1452344 0.1831243 0.06999213 0.06699827 0.05047366 0.02111218 0.05517626 0.09140448 0.0676541 0.07577005 0.004633976 0.01088506 0.02825312 0.01111651 0.006890147 0.02594334 0.05780258 0.08801329 0.01804607 9.009222e-007 0.009326366 0.01580827 0.008885384 0.03439946 0 0.02233033 0.014925 0.02031471 0.001483937 0.01043089 0.009187352 0.01256485 0.01483258 0.003219582 0.07194329 0.07058521 0.06433848 0.1062374 0.01034198 0.02442738 0.01143794 0.01345001 0.02810685
0.2345026 0.1911983 0.1698966 0.1339864 0.04095138 0.1987652 0.05051091 0.06641281 0 0 0 0.006224256 0.05741526 0.1892396 0.06094095 0.05912748 0.0891652 0.1726019 0.1691253 0.05903877 0.08215804 0.1524516 0.1623961 0.1698307 0.1978272 0.138457 0.07519916 0.1381395 0.08973816 0.1733938 0.0863117 0.1181062 0.07498243 0.07174725 0.04173994 0.1177495 0.03835449 0.05746 0.05818056 0.009643816 0.03855551 0.05435612 0.01923274 0.01456759 0.03544756 0.007938194 0.007639329 0.01259262 0.1027472 0.04853532 0.1110308 0.03328693 0.01800567 0.02252423 0.04866039 0.1195305 0.002221462 0.03196359 0.005539059 0.006148946 0.01207464 0.08940054 0.003004956 0.03151585 0.0850958 0.009109933 0.05504659 0.05666602 0.05396854 0.06941228
0.198758 0.2617902 0.1089112 0.01575619 0.03843228 0.03076386 0.02179463 0.006037155 0 0.001303872 0.08963666 0.03682946 0.009890077 0.0357318 0.1365816 0.1066282 0.07893877 0.06760219 0.1958899 0.2014591 0.1383582 0.2255649 0.2263711 0.2135165 0.05515817 0.07578403 0.1590152 0.09304892 0.2470749 0.1998508 0.04773644 0.08932531 0.07989239 0.1058741 0.0963838 0.04872053 0.08483142 0.01650662 0.0007667237 0.008126472 0.01406157 0.0241736 0.005938801 0.004014044 0.03745904 0.01737969 0.02989119 0.03196911 0.02161495 0.03879083 0.09198661 0.02693086 0.003086508 0.009778237 0.04916327 0.06721757 0.04610454 0.05850228 0.1050599 0.004610018 0.005318471 0.04686469 0.02205254 0.02564716 0.01541513 0.01660645 0.1238 0.08834001 0.2062942 0.2117086
0.1541152 0.07593496 0.1917048 0.341835 0.2125284 0.0475729 0 0 0.03891534 0.08166768 0.03752599 0.1682662 0.1358978 0.08534487 0.03984124 0.09161311 0.2419875 0.1119948 0.1073261 0.2214299 0.1434976 0.1907332 0.1565062 0.1179847 0.07082434 0.05003435 0.08756661 0.1353991 0.1179353 0.05000404 0.1061943 0.1103832 0.2510621 0.1474415 0.1079429 0.0938395 0.09482227 0.04671323 0.0928884 0.02724748 0 0.05113449 0.0320244 0.01084776 0.04105872 0.002918152 0.007977778 0.03794102 0.0522124 0.08535857 0.05752706 0.0497607 0.01824992 0 0.01941125 0.06099038 0.05716097 0.06631988 0.1376188 0.01639964 0.1924606 0.04946692 0.05271917 0.002811561 0.006662566 0.1025435 0.05983687 0.1686547 0.1943545 0.2176946
0.1360282 0.2202191 0.3386747 0.3835764 0.1424468 0 0 0 0.0006092864 0.09734923 0.05741995 0.1345624 0.1337379 0.1772524 0.188536 0.09081229 0.1560299 0.08787631 0.04043475 0.0700141 0.1583338 0.1325413 0.1911833 0.06329126 0.1304693 0.1005811 0.07377944 0.1337099 0.1993406 0.1569991 0.2669155 0.1890049 0.1810833 0.01626392 0.05835709 0.2183364 0.09541136 0.05922296 0.04874958 0 0 0.1363906 0.05809718 0.03804573 0.02078955 0.01925316 0.04886969 0.002975358 0.01053768 0.03192362 0.07074221 0.03311588 0.02020149 0 0.03037477 0.1254781 0.1107906 0.1101086 0.0361362 0.08358888 0.03934239 0.03498879 0.08250992 0.1312999 0.09204437 0.07722563 0.01851843 0.2101462 0.07347842 0.2496254
0.2816883 0.1689904 0.3230371 0.2000375 0.02006303 0 0.01849448 0 0.02064652 0.08860189 0.08304777 0.2193333 0.08983799 0.2040881 0.1385329 0.1179794 0.28195 0.08897151 0.04316543 0.1093548 0.1526486 0.1627517 0.2529228 0.1209781 0.08810531 0.2051007 0.1850287 0.2050303 0.1424458 0.09673984 0.194986 0.03296953 0.01347472 5.724936e-005 0.1219903 0.1822411 0.04411828 0.0650848 0.03452339 0.003956445 0.08845471 0.119563 0.0790356 0.01865961 0.006582589 0.1704952 0.01490701 0.01197061 0.01047699 0.02927971 0.01629877 0.02585962 0.03483837 0.04326503 0.0768652 0.04464677 0.08558139 0.1477523 0.09398922 0.07636654 0.1109689 0.09495479 0.1425183 0.1100943 0.1055617 0.06829746 0.1203089 0.1559134 0.07249153 0.2435671
0.3269424 0.1412188 0.3244755 0.1937879 0.002804505 0.001109492 0.01664647 0.02185828 0.04237001 0.06742302 0.03827307 0.1873139 0.1031288 0.1963645 0.1728794 0.2082221 0.1217435 0.1079295 0.2436652 0.357057 0.2456409 0.1344465 0.231785 0.3100179 0.2037503 0.1530795 0.187319 0.2615324 0.1787767 0.1097466 0.01987978 0.06138208 0.1575046 0.1087894 0.0872341 0.1485593 0.04539563 0.02519373 0.1116542 0.0332406 0.2191815 0.03546583 0 0.004716103 0.01862686 0.1442926 0.03002396 0.02026907 0.04344553 0.0429187 0.02759201 0.02828007 0.06601559 0.0559327 0.05268902 0.02361063 0.04945639 0.1145389 0.09213352 0.08116166 0.1042775 0.0776135 0.1250373 0.3019687 0.2066081 0.1574807 0.08006956 0.1721456 0.3647499 0.3336159
0.2365276 0.2789881 0.1076181 0.0237096 0 0.007027278 0.0703406 0.03228191 0.003024941 0.07797306 0.01691522 0.03460405 0.1300646 0.08535174 0.1961379 0.1694767 0.139177 0.4053882 0.2424815 0.2718963 0.3499746 0.1453845 0.09039007 0.1574531 0.1184487 0.05012733 0.0604141 0.2411618 0.08652534 0.03889585 0.1386904 0.1538775 0.1588169 0.2266264 0.2731937 0.1583073 0.003356451 0.0140275 0.104173 0.06391267 0.03437147 0.0235347 0.00170961 0 4.69323e-005 0.06015299 0.00725557 0.06760518 0.08459538 0.02403932 0.01480124 0.01971645 0.1649919 0.1114292 0.03613687 0.01030159 0.08001315 0.2016298 0.05503412 0.09760219 0.14391 0.06276731 0.1047253 0.2264554 0.1423368 0.1689155 0.2623464 0.08137576 0.3009961 0.2719972
0.3341603 0.08836787 0.05104509 0.05474186 0.01730755 0.005611389 0.001846142 0 0 0 0.001139429 0.04351874 0.3306158 0.2389007 0.1832947 0.1506556 0.3547772 0.3920788 0.1252184 0.3141098 0.2706488 0.2095131 0.1942013 0.2049623 0 0 0 0.01284244 0.1054045 0.1840012 0.115098 0.2068066 0.28006 0.2442443 0.08132077 0.1061629 0.0535557 0.003278422 0.06286372 0.07267736 0.1067949 0.05252492 0.001658008 0.01088152 0.05374516 0.01459784 0.1104748 0.1106483 0.03778658 0.0330271 0.01907532 0.006427214 0.1035522 0.009694776 0.004012292 0.06951781 0.1332033 0.03424397 0.09228629 0.04967337 0.1169603 0.1033898 0.02289856 0.1571965 0.1406356 0.1649336 0.2252629 0.1855526 0.2774912 0.2231672
0.2574667 0.03592949 0.07734093 0.08132308 0.0149207 0 0 0 0 0.006228772 0.2313093 0.3088902 0.3551906 0.2371157 0.3086101 0.3020953 0.42081 0.3141129 0.3156645 0.2180357 0.1382411 0.2623725 0.1727651 0.3531967 0.08378793 0.04259815 0.04714286 0.1193213 0.08508486 0.1800468 0.1853333 0.274139 0.1470047 0.09447842 0.2179304 0.2683742 0.1182225 0.09464592 0.2086878 0.2344214 0.1068248 0.1476716 0.03667633 0.1556124 0.03795184 0.04598867 0.07417532 0.2003682 0.1431979 0.03663865 0.1070761 0.04736836 0.04304383 0.07686517 0.02491053 0.02625289 0.1199707 0.1745286 0.1379769 0.07483155 0.08819822 0.06691926 0.0687428 0.1736481 0.1520275 0.1685738 0.1796202 0.190901 0.1898842 0.2482807
0.008045675 0.0383342 0.1372903 0.04194515 0 0 0.01633156 0.07069909 0.02155446 0.07080353 0.2994446 0.1745646 0.344781 0.4076785 0.4025045 0.4150326 0.4908921 0.2823379 0.1040553 0.4038033 0.2941512 0.3595699 0.407735 0.2144187 0.15828 0.02410701 0.2654831 0.2100521 0.1938038 0.303628 0.2862974 0.1869026 0.1962419 0.2016133 0.2985769 0.2763696 0.1769082 0.2681121 0.08362725 0.09360676 0.1964822 0.1469409 0.04774898 0.04865732 0.0594817 0.2005507 0.1617777 0.1359816 0.02583259 0.05362063 0.1621822 0.2275521 0.08600976 0.1484813 0.1209311 0.1690507 0.1127875 0.1084598 0.06693658 0.1274515 0.1993123 0.0119994 0.004543744 0.01884958 0.08591331 0.150169 0.01533471 0.1447116 0.2087431 0.09679807
0.06276432 0.1708209 0.1249037 0.01831429 0.005488813 0.01815919 0.09988687 0.05929897 0.245287 0.031111 0.07916953 0.05583069 0.2196408 0.1343717 0.1478554 0.2467488 0.3999974 0.2141128 0.1985929 0.3844916 0.3124064 0.2956968 0.1628613 0.0842066 0.2368763 0.2075929 0.1966689 0.3144713 0.3094935 0.2493424 0.104942 0.3732761 0.3127915 0.3148809 0.2540055 0.1469047 0.2593168 0.2982346 0.03877166 0.09773707 0.1914862 0.1886385 0.03082869 0.1826024 0.1287704 0.2235193 0.1327376 0.1460719 0.124655 0.07159188 0.1254682 0.2366605 0.09451946 0.1314867 0.1811928 0.1315156 0.3042062 0.2461576 0.06921779 0.1856646 0.1424921 0.003464073 0 0 0.1067878 0.0268041 0.06786548 0.283507 0.2409279 0.2138753
0.357075 0.09508065 0.0409834 0.09227604 0.00318192 0.009225994 0.288533 0.3572906 0.3862853 0.1869475 0.297169 0.09300567 0.301008 0.3668734 0.2860783 0.2970958 0.4412806 0.1505267 0.3141018 0.23134 0.1844755 0.2094066 0.05310118 0.1677816 0.2757791 0.2406548 0.1543735 0.2765271 0.2596938 0.1450518 0.2550324 0.173034 0.123866 0.3420899 0.3250791 0.1486957 0.2347345 0.1990422 0.1325457 0.1106622 0.08092755 0.1696089 0.1173801 0.1744936 0.2124573 0.2608593 0.2188885 0.04762127 0.01243215 0.02603258 0.1539812 0.1199571 0.05508122 0.2050868 0.1062045 0.0871736 0.2158863 0.2677193 0.1410923 0.3250281 0.1868197 0.06870414 0.05422567 0.03237853 0.1548405 0.1519907 0.04800234 0.1634223 0.3274801 0.2421487
0.08698322 0.02705492 0.02217615 0.1521534 0.0646867 0.01489457 0.155811 0.2446551 0.1496907 0.2732566 0.427169 0.2181666 0.2532469 0.2702521 0.2779125 0.2494062 0.266621 0.3058237 0.4025437 0.324691 0.3860746 0.2248676 0.1299108 0.3862546 0.2954417 0.3069425 0.2858999 0.3540054 0.2659444 0.04442708 0.3246233 0.3765072 0.1736078 0.3845359 0.2716412 0.0853155 0.1205354 0.252762 0.1794391 0.1682534 0.2050547 0.2096082 0.1239701 0.1926108 0.0806279 0.2314047 0.1941836 0.1393036 0.02429264 0.1760288 0.1260366 0.1706323 0.1690927 0.06425571 0.2820771 0.07940837 0.1129821 0.2448853 0.3311189 0.3799357 0.09877046 0.2135186 0.2737757 0.2631676 0.2053953 0.1428578 0.2327804 0.1723003 0.2167527 0.179112
0.1567926 0.2907073 0.01891087 0.06989606 0.09318258 0.06039559 0.07025226 0.1659302 0.2702936 0.1268022 0.4001302 0.4728819 0.2311664 0.5271334 0.1962782 0.3895285 0.3312664 0.4170623 0.3867355 0.3248173 0.265094 0.200902 0.4111491 0.4472402 0.4338455 0.3296836 0.2562922 0.4383202 0.2043896 0.1958245 0.3061197 0.3290474 0.2679682 0.2263449 0.09910864 0.0001449645 0.1893069 0.3027449 0.1256639 0.126576 0.2428178 0.2793673 0.1056716 0.2953009 0.2089675 0.1998356 0.1674927 0.1949437 0.09990726 0.1772646 0.08893803 0.180207 0.2300598 0.1506712 0.3181236 0.3512048 0.3969425 0.3158872 0.4143751 0.3310235 0.1370755 0.08683106 0.2945507 0.2621042 0.06163391 0.3148189 0.3341452 0.1555681 0.02341584 0.04710981
0.1145982 0.2003829 0.07534172 0.2093278 0.1593915 0.1819498 0.05801205 0.1481355 0.192425 0.2309639 0.0421865 0.3466067 0.4494786 0.3128694 0.47275 0.2699962 0.2261305 0.2517006 0.2657012 0.091347 0.1993057 0.2269262 0.3023554 0.2899855 0.3534005 0.3600927 0.3052282 0.2683404 0.04786533 0.255074 0.3282978 0.3085157 0.3365976 0.3884759 0.2131836 0.04451828 0.2958808 0.2457964 0.1120078 0.1021205 0.2256157 0.2467699 0.1312436 0.3173016 0.1034305 0.2118948 0.2278548 0.1899358 0.04743418 0.2003631 0.1236676 0.1697291 0.2436165 0.243839 0.3294185 0.4751698 0.4105222 0.3374748 0.2032078 0.162862 0.229052 0.2935946 0.4233784 0.2511396 0.3293409 0.3267881 0.4439943 0.3063373 0.3413424 0.3118523
0.04744761 0.02982354 0.2002644 0.1630606 0.02053682 0.08241194 0.1324098 0.03450415 0.06039044 0.1583632 0.07274239 0.2597998 0.2318157 0.1622238 0.3122957 0.2616696 0.2726225 0.256797 0.2889553 0.4260462 0.2790235 0.10114 0.1658273 0.3000619 0.3357458 0.2255255 0.1828542 0.1198046 0.2061479 0.1458118 0.2990001 0.2035619 0.3498513 0.3809329 0.1950404 0.2165111 0.3531901 0.2780811 0.1668256 0.2071617 0.1830853 0.1920066 0.2071008 0.1669169 0.1217196 0.1682309 0.3388601 0.07164699 0.2131704 0.3002867 0.1505153 0.2244548 0.2404668 0.2742942 0.1491077 0.2153405 0.1692421 0.2537922 0.2218167 0.3135971 0.3764032 0.3612188 0.3348466 0.4143518 0.3844713 0.1898587 0.3502248 0.235856 0.2814105 0.07801979
0.1236832 0.0138542 0.02294309 0.1014582 0.01336972 0.306583 0.100261 0.06379522 0.1891561 0.1202256 0.1444677 0.1924065 0.166047 0.2158381 0.3513274 0.3032599 0.2596913 0.1013483 0.2051498 0.1593462 0.004382594 0.1198446 0.329406 0.1660053 0.1626182 0.2876512 0.2989379 0.09370051 0.3606659 0.3460126 0.1317238 0.3582212 0.4518321 0.3841841 0.1257086 0.301914 0.1698936 0.2197664 0.176774 0.2024704 0.2721228 0.3613322 0.2719613 0.1769984 0.09882408 0.1946949 0.2340187 0.09274101 0.3052225 0.2768733 0.3506419 0.3114838 0.27306 0.1435562 0.02475094 0.2363254 0.3321941 0.2795931 0.2598366 0.3467776 0.3431842 0.3615907 0.2330885 0.3981619 0.3746264 0.2420092 0.1183131 0.3553925 0.2961285 0.1737113
0.07665401 0.04831468 0.001637229 0 0.06943621 0.3257399 0.01268303 0.03592755 0.04773442 0.1317113 0.07742977 0.2869906 0.3252901 0.3529601 0.295805 0.3451072 0.3514625 0.2096162 0.2257543 0.1580022 0.09844891 0.1234907 0.246995 0.389254 0.2888564 0.372119 0.2992679 0.2845878 0.3738302 0.1365167 0.2415375 0.1764646 0.2387429 0.3684652 0.333282 0.2128831 0.280572 0.3410597 0.2377706 0.1970168 0.2817309 0.3693705 0.1578619 0.1846917 0.2196574 0.3681843 0.2933499 0.3886727 0.2461218 0.2064143 0.2322526 0.2952565 0.1309455 0.1794364 0.2383694 0.4400177 0.3942005 0.07777283 0.1161945 0.3403063 0.423613 0.4131925 0.1511885 0.3864151 0.4492046 0.4328687 0.3144571 0.1262528 0.3167161 0.3633014
0.07607832 0.02880435 0 0.000701685 0.05226667 0.1778176 0.0474826 0.1311359 0.03095455 0.05417396 0.2790837 0.2127465 0.4012572 0.4322825 0.1063102 0.381 0.4389104 0.2145223 0.09547259 0.1151374 0.2472431 0.2009422 0.1922288 0.3961953 0.3659196 0.2539882 0.1387114 0.3737299 0.4193459 0.1357869 0.4302824 0.279709 0.2639267 0.3123891 0.3818429 0.3611681 0.2952894 0.3315144 0.3214375 0.3515783 0.2190284 0.1383648 0.01800309 0.1759305 0.1056546 0.2397143 0.1300602 0.168858 0.08161036 0.1960597 0.19858 0.298467 0.2893544 0.3869653 0.4500039 0.5306371 0.3607883 0.2161064 0.2513953 0.3346644 0.2054109 0.08532313 0.3597953 0.09152021 0.2973561 0.4259515 0.2571423 0.2872758 0.3286703 0.420689
0.002587322 0.07167719 0.01752381 0.02875942 0.01288556 0.08320455 0.02960121 0.1613659 0.006783811 0.03658204 0.1807245 0.1324814 0.3665392 0.4086526 0.3039616 0.2551586 0.1474899 0.1003611 0.1539641 0.2660478 0.3413399 0.3883731 0.2427475 0.4088817 0.2484993 0.2340992 0.3268941 0.3711603 0.2901631 0.2393329 0.3961488 0.4382156 0.248311 0.3562613 0.3417285 0.2113677 0.2398751 0.2798645 0.1689541 0.1907603 0.2391157 0.1160453 0.1252653 0.2030237 0.156598 0.1292317 0.2470607 0.02979801 0.02714773 0.1773233 0.3027137 0.1030571 0.4374985 0.1797441 0.2399504 0.3680899 0.3960205 0.245114 0.1822532 0.4427355 0.2652793 0.2640708 0.4430191 0.3633442 0.3363622 0.4244176 0.3501638 0.3434083 0.4772514 0.1105485
0.01230957 0.04388671 0.05594284 0.01314974 0.01318141 0.1381877 0.1030512 0.08048837 0 0.1577293 0.2021861 0.2485564 0.3569366 0.3735529 0.2621485 0.1371524 0.1631994 0.3503955 0.189779 0.2262142 0.3291489 0.2690774 0.1995043 0.2861415 0.1358201 0.2957176 0.2813018 0.3645862 0.2760887 0.2380738 0.2424011 0.1656788 0.2407279 0.3124177 0.3059014 0.2462565 0.3220305 0.3077411 0.2604989 0.4161679 0.3480503 0.1896784 0.2319092 0.2374245 0.4103992 0.3027454 0.0784797 0.07098369 0.1721703 0.135739 0.2090672 0.2384897 0.2924148 0.1512495 0.3341166 0.1885071 0.1501995 0.3040091 0.33786 0.4370252 0.3418509 0.201445 0.2722682 0.3976289 0.2629384 0.4634929 0.1180282 0.191441 0.2138994 0.2378408
0.01410251 0.0007907202 0.03365888 0.05475216 0.2083674 0.01681878 0.3323936 0.1616593 0.007221259 0.09570569 0.0436488 0.3626947 0.1615447 0.1329752 0.3582968 0.1383362 0.1825878 0.4507051 0.0918641 0.2656144 0.3926861 0.4365751 0.4028848 0.3283243 0.3256912 0.219053 0.1197139 0.2990317 0.3018349 0.3872644 0.270537 0.3619419 0.443115 0.4460917 0.3499518 0.265314 0.3268675 0.2280825 0.2942888 0.4124868 0.3108026 0.1470589 0.2665399 0.254658 0.1900416 0.08822347 0.2383656 0.4196535 0.4553599 0.3193271 0.4647661 0.3520538 0.1153846 0.1640219 0.3730621 0.1996891 0.1385461 0.2012657 0.3662586 0.3650176 0.09986227 0.2461195 0.09875184 0.1846696 0.146286 0.166013 0.04323205 0.1024736 0.004935781 0.1394213
