EnvRasters/Baseline_High/wheat.asc
ncols         270
nrows         223
xllcorner     24099.479091542
yllcorner     21023.840179216
cellsize      1003.8986847201
NODATA_value  -9999
[rows 62 to 92 of 223, columns 0 to 69 of 270]
-9999 -9999 0.05331484 0.1470184 0.09445188 0.1544779 0.1288112 0.1946725 0.1647952 0.03025976 0.0990638 0.05333869 0.1573165 0.1051615 0.1202685 0.07672917 0.1086824 0.07364741 0.09828956 0.072128 0.02420417 0.03717997 0.02927556 0.07889005 0.06596273 0.03081273 0.0278582 0.03012548 0.03663972 0.04917088 0.005266377 0 0.01037906 1.174505e-007 0.02273262 0.01659384 0.01697014 0 0 0 0 0.005373595 0 0.01988793 0.02861909 0.02320309 0.01248598 0.00297646 0.01339847 0.005429777 0.01091828 0.02782537 0.002539258 0.003602736 0.01894057 0.04500161 0.04254112 0.0114886 0.01368326 0.02187227 0.04454875 0.0359846 0.00770316 0.02542774 0.01443829 0.003503923 0.0161141 0.009360678 0.00330547 0.007890422
-9999 0.07666965 0.1947573 0.1495842 0.1996019 0.1955565 0.2002534 0.1531539 0.1359502 0.05780252 0.06511495 0.03866503 0.1056003 0.1092522 0.1514532 0.1023739 0.08613882 0.08391327 0.06618672 0.06123817 0.02804457 0.06890206 0.02261799 0.05146846 0.025589 0.007131903 0.007067491 0.03798991 0.01165859 0.007826582 4.52465e-005 0.02620879 0.05041616 0.01398838 0.03582682 0.005592327 0.02778124 0 0 0 0.0003801899 0.001435027 0.01076626 0.01453442 0.0179264 0.024268 0.01340605 0 0.008203153 0.01867269 0.02045975 0.01120127 0.0100582 0.02749681 0.04451273 0.03325303 0.01748041 0.007317697 0.04019767 0 0.01666878 0.01292587 0.004718801 0.009950334 0.02485712 0.0270048 0.0404081 0.007436376 0.01959247 0.007111061
0.02521293 0.1451935 0.1043711 0.06729071 0.2098057 0.1541827 0.151976 0.132581 0.1710626 0.1348626 0.09636663 0.1138797 0.1564206 0.1071801 0.05371008 0.1184413 0.1529856 0.04968459 0.04221857 0.07494226 0.06308623 0.05479355 0.06459729 0.0858423 0.0377864 0.02894375 0.01853878 0.02499443 0.02194321 0.007025688 0.01805044 0.01379477 0.01816974 0.06007199 0.07983208 0.05415608 0.04593801 0.009282201 0.007004712 0.002274393 0.005174861 0.004471923 0 0 0.001486332 0.007037779 0.01339293 0.0001597095 0.03014884 0.02951482 0.04447937 0.01379563 0.01268688 0.01870906 0.01614214 0.08336532 0.07047226 0.001703764 0.04211703 0.01306611 0.02039637 0.02207779 0.001695223 0.0204039 0.01540467 0.03022009 0.02617786 0.09333904 0.06206382 0.05440116
-9999 0.003315194 0.09858182 0.1399226 0.1267052 0.1643254 0.1704435 0.1039869 0.09511495 0.0790755 0.09854695 0.1207742 0.1066009 0.06932547 0.1248689 0.07702716 0.1220037 0.0440569 0.05793108 0.05951248 0.09625435 0.05383512 0.0800923 0.01028415 0.0139988 0.03641404 0.05285927 0.04563055 0.01904431 0.06192975 0.01611305 0.001814649 0.01948556 0.03096598 0.05340887 0.03657632 0.01098854 0.001608655 0.01330412 0.01140202 0.02214074 0.06509872 0.008194115 0 0 0 0.003965253 0 0.03018226 0.006714959 0.0006860415 0.008289239 0.004100822 0.005713969 0.03988497 0.02387731 0.06081837 0.02481866 0.01965177 0.01372234 6.939101e-005 0.0008920909 0.005823485 0.00442541 0.004635733 0.05599505 0.06760608 0.03456989 0.000353593 0.01261729
-9999 0.01783845 0.1852244 0.163857 0.07639472 0.1588766 0.1042894 0.1206105 0.1356498 0.06430619 0.06462287 0.1229089 0.1495449 0.09680276 0.04647215 0.07243114 0.05935178 0.1124436 0.06361675 0.08969949 0.05373463 0.05429778 0.04233164 0.03013025 0.03020768 0.05253803 0.04834183 0.04942628 0.03589181 0.05356382 0.02853084 0.01154315 0.00992072 0.006980743 0.05344231 0.01936941 0.01200656 0.02787461 0.03242233 0.02297343 0.0703432 0.0638366 0.02364721 0.01172761 0.009058934 0.01239656 0.02457226 0.0003602174 0.04542808 0.01507797 0.01794916 0.01871895 0 0.006683397 0.009716288 0.002141428 0.001241328 0.001745051 0.00676498 0.01742427 0.01103381 0.0167424 0.01495251 0.0001551865 0.02413411 0.05164246 0.03923322 0.03647626 0.1153205 0.1911764
-9999 0.02341024 0.1301892 0.2073607 0.08374567 0.0754985 0.0511676 0.1196287 0.05411697 0.1398418 0.1432665 0.1510741 0.1571339 0.1239697 0.1212806 0.08092903 0.04817297 0.04239349 0.1074271 0.02990496 0.02794651 0.1209903 0.07288623 0.05718697 0.04800906 0.07376684 0.06651621 0.0364284 0.02877949 0.08658482 0.01584022 0.01433259 0.02832067 0.0231291 0.06492642 0.08212223 0.05508656 0.01424397 0.02090409 0.03865093 0.05459595 0.04720717 0.03853033 0.03123276 0.03488357 0.02856531 0.02159781 0.09257838 0.09329879 0.04887304 0.007351805 0.02395695 0.002699825 0.006443149 0.005193141 0.007328069 0.005611802 0.01516825 0.008484215 0.01779936 0.004576889 0.01479748 0.01098077 0.05119738 0.02894376 0.04847798 0.01176668 0.1225313 0.1871129 0.2550786
-9999 0.005795367 0.1853305 0.1445038 0.1213898 0.1343309 0.1287439 0.08001579 0.06901992 0.1412628 0.1628087 0.1951386 0.1397701 0.1181431 0.1115986 0.08327163 0.00993328 0.1095233 0.1185142 0.09474251 0.02531362 0.07061359 0.08457504 0.1352119 0.1102482 0.08170358 0.08244742 0.05604666 0.1000102 0.06735317 0.03928888 0.05592862 0.06314294 0.005362806 0.007002428 0.04861299 0.03762834 0.007705816 0.04102924 0.05238833 0.02917303 0.03618152 0.02730477 0.03663991 0.1106996 0.01133031 0.00143688 0.0163033 0.05136282 0.03726917 0.01739162 0.07101496 0.008832638 0.01403365 0.01823124 0.01079668 0.01994761 0.03667661 0 0 0.02254254 0.0334985 0.01556569 0.07215733 0.05929003 0.08274587 0.1522241 0.1543739 0.1119871 0.1454803
-9999 0.00598385 0.1096185 0.1641212 0.1509111 0.1752292 0.1206778 0.09574459 0.1435366 0.1109682 0.09298089 0.1610427 0.126453 0.1258411 0.1034789 0.1114251 0.1314241 0.1337739 0.1424315 0.08898928 0.04081938 0.06105161 0.1491353 0.1512953 0.0814715 0.08177554 0.08067985 0.09277853 0.09275574 0.06595363 0.04035541 0.06110768 0.053085 0.03501997 0.05867629 0.02168746 0.06307568 0.04052755 0.04324145 0.067201 0.02625799 0.02158149 0.01395978 0.07597709 0.01974012 0.02457795 0.00884978 0.01720943 0.01887278 0.01219944 0.02358072 0.009044994 0 0.01097507 0 0.01521716 0.06271599 0.09717681 0.03055239 0.002331815 0.002372784 0.01523603 0.0247419 0.03933337 0.0187728 0.06176174 0.1888425 0.1502348 0.147604 0.06123307
-9999 0 0.06775022 0.1271377 0.1468514 0.1778395 0.1101527 0.1191155 0.1737607 0.09822728 0.1118577 0.1126031 0.06215145 0.09690957 0.05863459 0.1258568 0.1140353 0.05508234 0.05664224 0.03324344 0.03328669 0.01032198 0.06929741 0.1222196 0.2699209 0.1365541 0.09366193 0.02307659 0.0401936 0.06656714 0.05268043 0.06359862 0.0254774 0.05365841 0.05919599 0.05393294 0.03427153 0.09225166 0.02271768 0.02795739 0.009497754 0.003682964 0.004131318 0.04044792 0.02044081 0.1082284 0.02866268 0.03210937 0.01274879 0.00844504 0.02899272 0.0002943422 0.003600114 0.006859035 0.02798278 0.04803745 0.05644304 0.03849651 0.0302117 0.05259895 0.009519997 0.007774263 0.04200914 0.0525429 0.0325328 0.09914988 0.1589845 0.1577963 0.1710278 0.22569
-9999 0.09118282 0.161309 0.138001 0.1827032 0.08021262 0.1098002 0.1133365 0.1104856 0.03474352 6.184442e-005 0.007570088 0.04848249 0.0581513 0.04003153 0.1483002 0.06294665 0.04189162 0.08425149 0.08139952 0.02413893 0 0.04352514 0.1672332 0.2814244 0.1277348 0.04847854 0.07817451 0.06281443 0.02300929 0.05004114 0.04655533 0.008944158 0.06546074 0.1232932 0.03169559 0.03438612 0.01268947 0.006273115 0.03977422 0.00840475 0.004256768 0.004735345 0.03182874 0.007159565 0.01515625 0.05285856 0.0148383 0.006840805 0.02260879 1.511089e-006 0 0.01219218 0.02764235 0.04599973 0.06016499 0.03302906 0.03237718 0.01293382 0.0227626 0.01237907 0 0.00206479 0.03082382 0.0463852 0.0851128 0.1639948 0.2085932 0.2025215 0.2013465
-9999 0.01645662 0.1267627 0.1437277 0.1406499 0.1529959 0.1499588 0.1220529 0.1219971 0.02117769 0.01328415 0.00689395 0.1096749 0.08602986 0.03278403 0.04106937 0.04666806 0.04346525 0.0869576 0.03335999 0.001366088 0 0.007121949 0.02550955 0.05342028 0.06632867 0.03351649 0.002151869 0.009843106 0.03688349 0.0774353 0.04428333 0.1280049 0.05842781 0.0779468 0.01960718 0.00602307 0.02007923 0 0.006050777 0.02614575 0.03566683 0.004227663 0.01674978 0.02521244 0.008466247 0 0.001177964 0 0 0 0 0.01277286 0.05555366 0.0003530081 0.05240969 0.03548741 0.0267725 0.05778755 0.03671978 0.08794905 0.02796958 0.05638158 0.07512824 0.09138899 0.1203011 0.1740281 0.1682426 0.1758412 0.1905988
-9999 -9999 0.03705779 0.2508694 0.1713689 0.1537698 0.09183559 0.1656188 0.1660732 0.1528506 0.09160753 0.05112049 0.07909634 0.05500888 0.05955358 0.04982128 0.06926948 0.1111641 0.1637667 0.05716968 0.02450194 0.001824241 0.03014654 0.02771208 0.03814987 0.05183563 0.03125902 0.005056257 0.0404805 0.01774118 0.08052802 0.0928539 0.1260165 0.06206795 0.05677069 0.05468443 0.06753395 0.03347032 0.01923337 0.02680533 0.009777213 0.002815059 0.00439193 9.562372e-005 0.0171597 0.0007144259 0.01332796 0.0002480504 0 0 0 0.00375049 0.02672018 0.02115773 0.02327772 0.01675883 0.03758819 0.04024711 0.03536601 0.0361491 0.05038336 0.03076315 0.0331976 0.08205678 0.06450982 0.09966841 0.1353112 0.1416898 0.1483345 0.1180461
-9999 -9999 0 0.1954194 0.1630769 0.1451531 0.1935056 0.2463634 0.2169117 0.2254304 0.174411 0.09075341 0.1163165 0.1625116 0.1379554 0.1274332 0.1331515 0.1044229 0.1036428 0.1244581 0.05594386 0.05454504 0.1010048 0.0377978 0.09007838 0.02268258 0.005169527 0.04202407 0.05774771 0.02513777 0.01908095 0.04585402 0.0920322 0.05747326 0.07828844 0.05638817 0.067009 0.03265628 0.04578769 0.1490327 0.02588129 0.04768758 0.02422206 0.009732544 0.01582054 0.01288446 0.009055651 5.595828e-005 0 0.0007574009 0 0 0.005402539 0.0129865 0.04753868 0.02690677 0.00388418 0.01028804 0.02893239 0.06398608 0.06578015 0.0274732 0.009018035 0.1427699 0.1507795 0.143493 0.1824896 0.1389542 0.09623273 0.08313299
-9999 -9999 -9999 0.1812634 0.1296235 0.1136933 0.1020137 0.2529556 0.1090571 0.1130068 0.1158477 0.09949069 0.08032839 0.1508294 0.1683483 0.06723683 0.1355668 0.06346942 0.09450258 0.1208228 0.1043693 0.08404093 0.1024043 0.05711934 0.02430635 0.03619707 0.03971744 0.1486573 0.05362233 0.05324483 0.02922841 0.06163964 0.06229793 0.06931707 0.1017014 0.03431733 0.05456933 0.1034857 0.06597973 0.06282384 0.063008 0.01200865 0.02278401 0.09357467 0.017582 0.004768799 0.0009738334 0 0 0 0.01841998 0.003621711 0.008588099 0.04331131 0.0701874 0.04428096 0.02287194 0.07207935 0.05851736 0.06396111 0.07150917 0.0730919 0.1024345 0.1458708 0.1365242 0.148015 0.2153742 0.1323971 0.1002589 0.1205488
-9999 -9999 -9999 0.004008786 0.02259215 0.008475588 0.01238452 0.04526251 0.04468022 0.0482734 0.1653708 0.154063 0.1323733 0.1388635 0.1358121 0.07757632 0.07889134 0.07432646 0.06849413 0.0955358 0.07805993 0.1310246 0.09206438 0.009307807 0.009139954 0.04663263 0.07514793 0.07444447 0.04978021 0.08683772 0.02705597 0.02944072 0.02361216 0.03098879 0.0232924 0.06226454 0.1083031 0.05650836 0.06785729 0.06477325 0.05623564 0.000871901 0.001913983 0.02021257 0.001413299 0.01035053 0.02585561 0 9.234355e-005 0.005531069 0.03185784 0.04079996 0 0 0.04682862 0.03656728 0.02977132 0.09620407 0.1145922 0.04254817 0.08113591 0.1285557 0.0729947 0.1487322 0.145096 0.1332003 0.0770421 0.06074468 0.04494127 0.08678364
-9999 -9999 -9999 -9999 -9999 -9999 -9999 -9999 -9999 0.02438727 0.146151 0.1048203 0.1094637 0.2042551 0.1844464 0.1274405 0.2151403 0.1682529 0.1142326 0.09898348 0.1325098 0.1196682 0.06813886 0.03680041 0.09381065 0.03430571 0.06334597 0.06369937 0.04016092 0.04883711 0.04068841 0.06308194 0.05287594 0.06205907 0.03354337 0.08077898 0.0785191 0.001832022 0.03780466 0.08600443 0.01803664 0.003055157 0 0.001673377 0.004102247 0 0 0 0.002640636 0.01981623 0.05426242 0.08941656 0.008156966 0.006529857 0.03075762 0.06582303 0.2063753 0.2355078 0.06097145 0.08397236 0.1321404 0.05200813 0.06509453 0.0986618 0.1106874 0.1972754 0.06807484 0.1038703 0.1387885 0.06874821
-9999 -9999 -9999 -9999 -9999 -9999 -9999 -9999 -9999 0.01733811 0.1761799 0.07666232 0.06256837 0.1155327 0.1582407 0.120447 0.2349966 0.1372442 0.1174413 0.1911113 0.1205855 0.1073352 0.1461622 0.1245296 0.08156452 0.04245413 0.03454106 0.08184022 0.1527228 0.08697635 0.08251386 0.02775175 0.01536949 0.05959969 0.0800484 0.06131976 0.0003622472 0 0.02120969 0.05239178 0.01931821 0.01217855 0.001600714 0.02002725 0.02518391 0.04781396 0.007679587 0.03496742 0.02152507 0.0101979 0.08888285 0.169784 0.06493423 0.1588914 0.1430956 0.1854399 0.1711787 0.187201 0.1334806 0.1579055 0.1335699 0.09045326 0.1292015 0.1600904 0.08847564 0.06825551 0.1076041 0.1425164 0.3048809 0.2115538
-9999 -9999 -9999 -9999 -9999 -9999 -9999 -9999 -9999 -9999 0.02411821 0.03848015 0.06588718 0.1566045 0.1577464 0.1289865 0.09803177 0.0894268 0.1721556 0.1346342 0.06037382 0.06755187 0.05710573 0.06574731 0.04688656 0.1382826 0.06337328 0.2140691 0.07343348 0.04411064 0.07944287 0.05879581 0.01824852 0.0253564 0.05701441 0.02241975 0.0003744206 0 0 0.0027578 0.07375837 0.04377501 0.001778773 0.01053894 0.04238741 0.06240956 0.013883 0.06664591 0.1276854 0.1065639 0.1556906 0.1776159 0.1110764 0.1566447 0.1580668 0.169885 0.1842774 0.1306306 0.1806914 0.1827696 0.1412691 0.1350534 0.1634573 0.06454462 0.02282871 0.02519773 0.1421121 0.1106342 0.2268733 0.1039592
-9999 -9999 -9999 -9999 -9999 -9999 -9999 -9999 -9999 -9999 0 0.003591068 0.1191028 0.1400696 0.1770146 0.06683639 0.06947625 0.1259554 0.2001306 0.1831737 0.1207565 0.121699 0.06352898 0.1103963 0.1730444 0.1448669 0.137251 0.06645203 0.04972116 0.0161879 0.02960329 0.001166959 0 0 0.03045892 0.05697339 0.0160064 -9999 -9999 0.01819206 0.09931297 0.1418877 0.07902545 0.05469243 0.03820016 0.01527202 0.06861883 0.0779429 0.06776468 0.1429931 0.08699486 0.1413342 0.2240929 0.1314876 0.1446 0.09668104 0.1337647 0.1133175 0.145704 0.1031997 0.1374561 0.1242129 0.08698684 0.0365317 0.04776128 0.03489595 0.1139945 0.07324166 0.1631268 0.1238699
-9999 -9999 -9999 -9999 -9999 -9999 -9999 -9999 -9999 -9999 -9999 -9999 0.1262901 0.04136287 0.1111926 0.07211384 0.1462954 0.09820685 0.09318797 0.1684867 0.1862227 0.08672351 0.1408345 0.1506069 0.1554529 0.1402851 0.1064657 0.1320644 0.03293745 0.006844506 0.0001793389 0 -9999 -9999 0 0 -9999 -9999 -9999 -9999 0.0425087 0.09201334 0.02464519 0.08083847 0.1055009 0.06738718 0.1174826 0.141661 0.1116041 0.09423348 0.09570915 0.1252459 0.1532788 0.1953989 0.1703243 0.1140186 0.1012749 0.1885084 0.2147658 0.09817902 0.002616892 0.02871912 0.04386747 0.03406072 0.1396967 0.1062023 0.09059005 0.1230306 0.1059332 0.07237273
-9999 -9999 -9999 -9999 -9999 -9999 -9999 -9999 -9999 -9999 -9999 -9999 0.04093734 0.1459983 0.09026515 0.1413742 0.1395749 0.1484603 0.1125148 0.1738203 0.2142896 0.1055795 0.07027324 0.1170665 0.2538898 0.1116265 0.08061776 0.06389269 0.03587238 0 -9999 -9999 -9999 -9999 -9999 -9999 -9999 -9999 -9999 -9999 0 0.042661 0.1217455 0.1375978 0.07488371 0.09388545 0.1545744 0.05492724 0.178764 0.159285 0.07837263 0.148116 0.3825045 0.3065365 0.1881537 0.1844197 0.04227219 0.0785047 0.2096215 0.197023 0.03050601 0.07210272 0.1191056 0.04015862 0.053314 0.04938401 0.06380752 0.0976209 0.06692404 0.07340972
-9999 -9999 -9999 -9999 -9999 -9999 -9999 -9999 -9999 -9999 -9999 -9999 -9999 0.07429203 0.1386497 0.22747 0.1348599 0.1221178 0.1866209 0.1812607 0.1463029 0.1690266 0.1731656 0.1301209 0.1385948 0.01568651 0.01837 0 -9999 -9999 -9999 -9999 -9999 -9999 -9999 -9999 -9999 -9999 -9999 -9999 -9999 0.01993439 0.0105094 0.0706826 0.02749166 0.02736584 0.08905034 0.1402692 0.1882489 0.1766102 0.1331953 0.1412683 0.2579954 0.200162 0.166314 0.2162958 0.1646757 0.1126539 0.2254097 0.1457076 0.04320011 0.104186 0.142506 0.005971942 0.007669173 0.06900302 0.1290549 0.07634825 0.07058824 0.01003941
-9999 -9999 -9999 -9999 -9999 -9999 -9999 -9999 -9999 -9999 -9999 -9999 -9999 0.006739932 0.08256671 0.1581427 0.1237083 0.1500888 0.2353693 0.1912102 0.1079192 0.1116472 0.1575558 0.237741 0.06669292 0.0006371515 -9999 -9999 -9999 -9999 -9999 -9999 -9999 -9999 -9999 -9999 -9999 -9999 -9999 -9999 -9999 0 0 0 0 0.0008941139 0.0008615061 0.1226167 0.2515339 0.1929949 0.130064 0.1433977 0.2260083 0.2380056 0.1168617 0.1519856 0.2006003 0.08395088 0.1841663 0.1533521 0.224185 0.1783795 0.1855743 0.1986778 0.2266194 0.2571268 0.1829336 0.2121065 0.1449775 0.03154771
-9999 -9999 -9999 -9999 -9999 -9999 -9999 -9999 -9999 -9999 -9999 -9999 -9999 0 0.07053783 0.1318664 0.1080013 0.1845312 0.2145406 0.2824439 0.1853622 0.07328681 0.09193341 0.2669625 0.1519791 0.002249281 -9999 -9999 -9999 -9999 -9999 -9999 -9999 -9999 -9999 -9999 -9999 -9999 -9999 -9999 -9999 -9999 0 0.001576508 0.004374059 0.01424568 0.04862626 0.1080485 0.1421663 0.1862306 0.147876 0.09869907 0.1158807 0.2967313 0.2239434 0.2453838 0.2352166 0.1666861 0.151041 0.2028759 0.1358251 0.2387126 0.1860955 0.136391 0.07734241 0.09610183 0.1378274 0.2250035 0.1330142 0.06548429
-9999 -9999 -9999 -9999 -9999 -9999 -9999 -9999 -9999 -9999 -9999 -9999 -9999 -9999 0.03205249 0.2034713 0.1632573 0.1554103 0.1976397 0.2192524 0.1166249 0.1792262 0.2059177 0.1076438 0.0003467996 -9999 -9999 -9999 -9999 -9999 -9999 -9999 -9999 -9999 -9999 -9999 -9999 -9999 -9999 -9999 -9999 -9999 0 0.0238853 0.03137332 0.07741121 0.2075901 0.2167698 0.1779353 0.1428917 0.0102279 0.0167978 0.1126682 0.1657563 0.1546067 0.1953248 0.1554601 0.1542124 0.1720149 0.2760771 0.2467973 0.1506213 0.2830926 0.1989809 0.2052051 0.2659431 0.234888 0.1373654 0.1384003 0.1006403
-9999 -9999 -9999 -9999 -9999 -9999 -9999 -9999 -9999 -9999 -9999 -9999 -9999 -9999 -9999 0.000911762 0.01493551 -9999 0.05853184 0.2042761 0.2236888 0.1279982 0.0360716 0.1909067 0.001701029 -9999 -9999 -9999 -9999 -9999 -9999 -9999 -9999 -9999 -9999 -9999 -9999 -9999 -9999 -9999 -9999 -9999 0.000155403 0.01220668 0.03726839 0.08654158 0.1066525 0.1668366 0.1784965 0.09449301 0.0761764 0.1779038 0.1648183 0.1525637 0.06026075 0.2559025 0.2029213 0.1623629 0.3098493 0.2725833 0.2878189 0.2307294 0.223788 0.1946456 0.1878275 0.2466298 0.2522835 0.23503 0.2117477 0.09150066
-9999 -9999 -9999 -9999 -9999 -9999 -9999 -9999 -9999 -9999 -9999 -9999 -9999 -9999 -9999 -9999 -9999 -9999 -9999 0.04882223 0.1105124 0.180088 0.2257465 0.1653978 -9999 -9999 -9999 -9999 -9999 -9999 -9999 -9999 -9999 -9999 -9999 -9999 -9999 -9999 -9999 -9999 -9999 -9999 -9999 0 0.02083911 0.03190466 0.01421127 0.1141518 0.2023984 0.1056733 0.2461529 0.2068019 0.1711808 0.2555626 0.24546 0.1434359 0.2110666 0.3131757 0.2729957 0.277716 0.2296555 0.1499024 0.1572529 0.1808256 0.2861002 0.3054238 0.1964557 0.2864937 0.236331 0.1578763
-9999 -9999 -9999 -9999 -9999 -9999 -9999 -9999 -9999 -9999 -9999 -9999 -9999 -9999 -9999 -9999 -9999 -9999 -9999 -9999 -9999 0.1297009 0.06626536 -9999 -9999 -9999 -9999 -9999 -9999 -9999 -9999 -9999 -9999 -9999 -9999 -9999 -9999 -9999 -9999 -9999 -9999 -9999 -9999 -9999 -9999 -9999 0.008562213 0.06425676 0.233965 0.1638092 0.2268372 0.2460434 0.2975562 0.07500412 0.1189898 0.3199928 0.3030139 0.3534356 0.2524766 0.3341997 0.204172 0.2844 0.2581843 0.3078016 0.225072 0.2275718 0.1877455 0.2829702 0.2399262 0.2200802
-9999 -9999 -9999 -9999 -9999 -9999 -9999 -9999 -9999 -9999 -9999 -9999 -9999 -9999 -9999 -9999 -9999 -9999 -9999 -9999 -9999 -9999 -9999 -9999 -9999 -9999 -9999 -9999 -9999 -9999 -9999 -9999 -9999 -9999 -9999 -9999 -9999 -9999 -9999 -9999 -9999 -9999 -9999 -9999 -9999 -9999 0.006713513 0.1468577 0.1950869 0.2763059 0.2841566 0.2248062 0.262285 0.3370317 0.1915361 0.2903623 0.3235972 0.3028245 0.3110896 0.1754166 0.2232488 0.1805744 0.2695593 0.2771849 0.2947221 0.2149511 0.1814703 0.2926688 0.238837 0.1893885
-9999 -9999 -9999 -9999 -9999 -9999 -9999 -9999 -9999 -9999 -9999 -9999 -9999 -9999 -9999 -9999 -9999 -9999 -9999 -9999 -9999 -9999 -9999 -9999 -9999 -9999 -9999 -9999 -9999 -9999 -9999 -9999 -9999 -9999 -9999 -9999 -9999 -9999 -9999 -9999 -9999 -9999 -9999 -9999 -9999 -9999 0.001597985 0.2293477 0.2272427 0.2168354 0.2734166 0.1363462 0.1684848 0.2022641 0.1770905 0.2493567 0.2192561 0.2960085 0.2168286 0.2323133 0.317923 0.3040102 0.239976 0.283693 0.2037034 0.1848384 0.1206856 0.2201336 0.1168095 0.1207339
-9999 -9999 -9999 -9999 -9999 -9999 -9999 -9999 -9999 -9999 -9999 -9999 -9999 -9999 -9999 -9999 -9999 -9999 -9999 -9999 -9999 -9999 -9999 -9999 -9999 -9999 -9999 -9999 -9999 -9999 -9999 -9999 -9999 -9999 -9999 -9999 -9999 -9999 -9999 -9999 -9999 -9999 -9999 -9999 -9999 -9999 0.05790694 0.2716394 0.2813668 0.2478996 0.1340801 0.243152 0.1520055 0.151843 0.1875945 0.2810091 0.2146181 0.201085 0.1986517 0.3051876 0.3827349 0.1805674 0.2348889 0.2289161 0.1989493 0.2115623 0.2449005 0.2624575 0.1752996 0.1398242
