EnvRasters/Baseline_High/wheat.asc
ncols         270
nrows         223
xllcorner     24099.479091542
yllcorner     21023.840179216
cellsize      1003.8986847201
NODATA_value  -9999
[rows 31 to 61 of 223, columns 70 to 139 of 270]
0.009374486 0.04208242 0.03590671 0.009062444 0.05168662 0.02786797 0.01525918 0.03376564 0.01567245 0.01413961 0.007232781 0.0744648 0.04179827 0.1706438 0.1471408 0.02017082 -9999 -9999 -9999 -9999 -9999 -9999 -9999 -9999 -9999 -9999 -9999 0 0.005798793 0.01151236 0.0121129 0.00952174 0 0.006483648 0.003529108 0.005486892 0.002034686 0.07872324 0.07600962 0.1155357 0.1411029 0.1677966 0.1511354 0.1680568 0.08257065 0.08998844 0.1190857 0.06239681 0.03355695 0.003476021 0.04467865 0.09443954 0.002226319 0.002310115 0 0 0 0 0 0 0 0 0 0 0 0.01020403 0.0436173 0.001313955 0 0
0.002634651 0.02170938 0.0131338 0.003309435 0.005263844 0.01310953 0.01519432 0.03515384 0.01247994 0.01451777 0.01463382 0.1052453 0.06841481 0.1027762 0.05819707 0.04440239 -9999 -9999 -9999 -9999 0 0.08531798 0.05596972 -9999 0.05133799 0.00801522 0.0005065907 0.002634489 0.01809276 0.001895687 0.0102683 0.006457637 0.007018114 0.01557023 0.03046931 0.04530122 0.02691276 0.008133464 0.005215444 0.0202575 0.03645921 0.04387955 0.02985109 0.02456633 0.01827598 0.003535888 0.003273109 0.0007899964 0.002973705 0.001769128 0.01142702 0.02387271 4.424472e-005 0.0006258902 0 0 0 0 0 0 0 0 0 0 0 0 0.002975029 0 0 0
0.01793813 0.01955819 0.01168549 0.01135143 0.01612934 0.002805654 0.02319277 0.01161004 0.01708639 0.008656531 0.004432958 0.1115128 0.1552756 0.03460379 0.06831739 0.03342987 0 0.01205932 0.1794625 0.09119174 0.01216921 0.121437 0.01123871 0.00214918 0.1159711 0.06841065 0.1281925 0.02201589 0.02463319 0.01108896 0.02944715 0.006512801 0 0.03404792 0.004588079 0.04675814 0.05725483 0.02345729 0.01295809 0.04310254 0.06380931 0.09991547 0.05479035 0.02873574 0.07749799 0.02002477 0 0 0.02531911 0.0270606 0.006886679 0.0008098106 0 0 0 0 0 0 0 0 0 0 0 0.02554624 0.00640707 0 0.002990276 0 0 0.0006267476
0.03898204 0.01191443 0.02276699 0 0.006219734 0 0.00169754 0.02507416 0.002695881 0.0234808 0.006677704 0.05235258 0.08004388 0.02385459 0.02003575 0.006985363 0 0.003369837 0.03625818 0.07180754 0.05491782 0.01976654 0.03311224 0.05684273 0.0225442 0.004450108 0.03492171 0.00315345 0.007643418 0.01661566 0.03796765 0.04400617 0 0.00256615 0.0169714 0.01667991 0.03705362 0.08335119 0.0585294 0.03283636 0.06897391 0.0515953 0.02633257 0.02118575 0.03939017 0 0.005989049 0.04922102 0.02028867 0.03679568 0.01226661 0.001533588 0.001476419 0.0005498919 0 0 0 0 0 0 0 0 0 0.001484142 0.01331807 0.05543466 0 0.002781301 0 0.003097765
0.01985209 0.01260359 0.01423323 0.02055786 0.009225586 0 0.01136242 0.001730472 0.01230488 0.01983447 0.0133852 0.04586703 0.02703047 0.03790106 0.00654845 0 0 0.002039971 0.009427093 0.02231864 0.05343201 0.006278767 0.03143158 0.02079606 0.0120633 0.04462105 0.006463262 0.02847687 0.06583457 0.09366013 0.04856423 0.0566131 0 0.003768717 0.0137051 0.01686041 0.004868679 0.0304257 0.1403603 0.05826893 0.04271298 0.03953311 0.01224166 0.01785075 0.007745352 0.001001419 0.03121104 0.04515851 0.07684254 0.02055209 0.01205396 0.0009869626 0 0 0 0 0 0 0 0 0 0 0 0 0 0.01054804 0 0 0 0.003887502
0 0.03220587 0.0116136 0.007378125 0 0.003052388 0.007536886 0.02791101 0.02214443 0.01179139 0.01410775 0.02002793 0.01173087 0.0237137 0.000149896 0 0 0.0009052637 0.01789666 0.01720958 0.01606334 0.06908982 0.05676614 0.01224658 0.08158223 0.07436371 0.03259925 0.05596133 0.01946125 0.01587624 0.01973012 0 0.01643825 0.02231603 0.02946047 0.03977139 0.02433568 0.008465114 0.04947383 0.03392848 0.03605485 0.009062485 0.01976891 0.006353922 0 0.004180699 0.00906272 0.02217813 0.04312538 0.04250272 0.009591196 0.005702242 0 0 0 0 0 0 0 0 0 0 0 0.014037 0.01240843 0.00524393 0 0.006368051 0 0.01835591
0.004251725 0.02946001 0.02198569 0.01231675 0.001729685 0.01076611 0.01075226 0.004879885 0.0102226 0.01181666 0.00601118 0.004959563 0.00458416 0.003824455 0.02582637 0 0 0.001303666 0.03286958 0.007240567 0.0003499677 0.007488783 0.006760149 0.05507736 0.03055878 0.00432276 0.0131551 0.05644666 0.07753193 0.003773725 0.03139522 0.0155256 0.05471981 0.03175166 0.01287417 0.01236916 0.009202464 0.02144885 0.01191053 0 0 0.002011135 0.005669151 0 0 0.02191878 0.008420749 0.02527748 0.006818046 0.02314609 0.02003156 0.01521371 0 0 0 0 0 0 0 0 0 0 0 0.00512506 0.02701294 0.002830727 0.01489264 0.02263229 0.01636214 0.007341638
0 0.01183606 0.0004985922 0.01950517 0.003257725 0.03336455 0.01237025 0.02107406 0.03430472 0.03567492 0.02028776 0.03072752 0.03706769 0.04180321 0.006553868 0 0 0.007141348 0.04657104 0.0160184 0.01885323 0.03586311 0.1243795 0.1384896 0.1012547 0.02821037 0.09745231 0.2212182 0.09246839 0.0227657 0.05484318 0.04699905 0.1092908 0.00802973 0.01903555 0.002045038 0.01452598 0.02411809 0.005070174 0 0 0 0.01493332 0.02249276 0.009236175 0.02596082 0.009955274 0.01451844 0.006204124 0.01831012 0.007394588 0.0001981716 0 0 0 0 0 0 0 0 0 0 0 0 0 9.022778e-005 0.003712458 0.01590382 0.001061194 0.04057653
0.004857213 0 0 0.01306038 0.007991374 0.007774349 0.004561997 0.02472225 0.008868368 0.0001545491 0.006309778 0.02316255 0.00171357 0 0 0 0 0.02038017 0.01071338 0.04606496 0.05497722 0.03863458 0.09172051 0.09353353 0.123571 0.07466973 0.08299033 0.05684911 0.02121794 0.01291476 0.01425708 0.0005415594 0 0.03775857 0.03193618 0.009373423 0.02929329 0.00568818 0.001233064 0 0 0.0007536745 0.02214056 0.01274315 0.02205582 0.03847682 0.05723212 0.02702374 0.05462282 0.02393247 0.02845327 0.002514385 0 0 0 0 0 0 0 0 0 0 0 0 0.03680556 0.04710859 0.007722461 0.01088945 0.0003374772 0.0387301
0.01161128 0.01472786 0.003874975 0.004943445 0.02568354 0.007932886 0.03291156 0.04734074 0.03780254 0.005002234 0.08983359 0.005710045 0 0.006418488 0 0 0.008112512 0.009123087 0.02147363 0.02289448 0.01295979 0 0 0.003789291 0.01758956 0.03084459 0.005657002 0 0.0219655 0.01145475 0.0204855 0.004618006 0.004053426 0.01315699 0.01926844 0 0.01083413 0.01161586 0.005283705 0.003759529 0 0.0007203865 0.008048245 0.004506471 0.01451309 0.06692109 0.04611809 0.05213647 0.05588049 0.03224813 0.008483481 0 0 0 0.03907098 0.00359212 0.0002332525 0.009013518 0 0.01595907 0.0009790587 0.001177347 0 0.006620963 0.008286366 0.04117586 0.01066638 0 0 0.001854499
0.04222626 0.01437896 0.04451608 0.01948246 0.006414316 0.007557393 0.02004898 0.01284014 0.03533309 0.002912045 0.002633051 0.004302397 0 0 0 0 0.007851955 0.04305658 0.005143855 0.003532936 0.04335237 0.04993456 0.009467622 0.0373721 0.02438477 0.02719777 0.02248189 0.01614019 0.005603091 0.02827393 0.009684815 0.009127132 0.009811599 0 0 0.006788499 0.006895128 0.01762702 0.0008220184 0.009627027 0 0.005022536 0 0.004170027 0.01099794 0.03623317 0.05741111 0.05378244 0.0504088 0.04382796 0.01461692 0 0 0 0 0 0.001102719 0 0.01921009 0 0 0.01624516 0.01475489 0.02225749 0.02188123 0.02849715 0.05042611 0 0 0
0.07072879 0.01901621 0.02056726 0.02104336 0.009699267 0.001652047 0.0196933 0.001103061 0.03025779 0.008879775 0.00190462 0 0 0.01088463 0 0 0.03704804 0.004906883 0.02299778 0.01243515 0.01055098 0.02683401 0.01284105 0.02022766 0.007963002 0.02344369 0.006681826 0.02046504 0.030796 0.03052909 0.004159736 0.006225028 0.008490001 0.01374912 0.01278497 0.002605558 9.096651e-005 0.02541046 0.0071568 0.01778888 0.0369696 0.02605624 0.04287436 0.00234842 0 0 0.04054937 0.05618896 0.01426585 0.03360604 0.004307041 0 0 0 0 0 0.0007188285 0.01741533 0.03180824 0 0 0 0 0 0.01543935 0 0 0 0 0
0.0411095 0.01551514 0.01156255 0.03902403 0.00672117 0.0007292457 0.009513849 0.0008001846 0.01125427 0.0007225881 0 0 0 0 0.008676893 0.008334272 0.02035305 0.01818189 0.01426072 0.004764459 0.007290633 0.05072924 0.01432796 0.0002820898 0.004305469 0.004740212 0.0004212758 0.02111042 0.003164352 0.002907973 0.003455919 0.002663807 0.002295924 0.01542701 0.0001382003 0 0 0.01053374 0.07101151 0.06520321 0.0124292 0.02177674 0.01515231 0.00797106 0 0 0.0100995 0.008620692 0 0.003054417 0 0.02028144 0.02733702 0 0 0 0 0.01365719 0.01413199 0.02153233 0.008680082 0 0 0.007715085 0.002465905 0 0.001666004 0.005509119 0 0
0.03696684 0.007251448 0.01481553 0.003594442 0 0.002332547 0.002068296 0.0001429296 0.01941283 0 0 0 0 0 0 0.01004703 0.006444735 0.04822753 0.03920855 0.03308646 0.02438741 0.04813328 0.03006093 0.03946259 0.01008262 0.01817528 0.01503474 0.002550597 0 0 0 0.009697089 0.008596383 0.01835098 0.001538346 0.001561144 0 0 0.00452528 0.005358419 0.00167489 0.006101707 0.004707978 0 0 0 0.04549766 0.006181361 0 0.002338226 0 0.003323965 0.02948757 0 0 0 0 0.02371013 0.0379823 0.02641695 0.0006079208 0.0003255634 0.03529978 0.00237207 7.069737e-005 0.005953007 0.02503399 0 0 0.001217673
0.05266952 0.007438425 0.007577007 0 0.0128614 0.01873991 0.006268722 0 0.02011293 0 0 0 0 0.003687552 0.002600272 0.007639358 0.00309002 0.001416604 0.002169337 0.003909348 0.005661638 0.01150966 0.01243336 0.01537566 0.01505738 0.009037196 0.00467369 0.00829714 0 0 0 0.01016982 0.01330508 0 0 0 1.983731e-005 0.008462394 0 0 0 0.001177923 0 0.05511497 0.0200347 0.007918217 0.01714877 0 0.00419559 0.03048928 0.03300196 0 0 0 0 0 0.00241757 0.0005364767 0.02360164 0.0273269 0.001997486 0.03384604 0.02092559 0.01208474 0 0.005545411 0 0 0.004124797 0.02272589
0.003982485 0.01989352 0.0009017494 0 0.002715484 0.002836992 0 0 0 0 0 0 9.373999e-007 0.001621487 0.002004029 0.00777801 0.01230839 0 0.00114275 0 0.007233561 0.02739317 0.01228516 0.009417845 0.01471944 0.0228852 0.004724428 0.003260078 0.003434806 0 0 0.0002255087 0.01133927 0.02495126 0 0.005270752 0.004230059 0.01910939 0.0009690794 0 0 0.002031471 0.001153164 0.009900517 0 0.001933562 0 0 0.004986197 0.05250279 0.009524909 0.02589555 0 0 0 0 0 0.0009674689 0.004315611 0.0009928183 0.01320814 0.009459539 0.02997877 0.001710777 0 0 0 0.00362925 0 0
0.05740419 0.04321431 0.02464203 0.01011689 0 0 0 0 0 0 0 0 0 0.004030839 0 0.0071258 0.008142286 0.01403595 0.008124146 0.02783541 0.05606835 0.009249603 0.009062621 0.01465709 0.003287871 0.04591738 0.01082646 0.03106556 0.001503582 1.832084e-005 0.001348724 0.005653923 0.00659695 0.0074915 0.007833055 0.008918595 0.01396665 0.1007546 0.03337086 0 0.002743059 0 0 0.005792839 0.001098596 0.002110275 0.01416394 0.02264672 0.007009353 0.008873721 0.008304348 0 0 0 0 0 0 0 0 0 0.01080291 0.005599592 0.009858188 0 0 0 0.003267767 0.001252344 0 0
0.01543759 0.03038125 0.02750095 0.002016189 0.001364837 0 0.00938993 0 0 0 0 0 0 0 0 0.0004331802 0.01570365 0.007625312 0.007952757 0.01227983 0.01312499 0.007360295 0.001975603 0.01650791 0.00684052 0.005916592 0.03202882 0.009895547 0.001715021 0.005593945 0.006180048 0 0 0 0.02202181 0.01222458 0.007350105 0 0 0.0177912 0.008189257 0.006314248 0 0 0 0.03318501 0.1005107 0.05658385 0 0 0.004638385 0 0.000516988 0 0 0 0 9.970709e-005 0 0 0 0 0 0 0 0 0 0.002217818 8.398814e-005 0
0.05244317 0.06281137 0.01519161 0.002994137 0.002614208 0.002531221 0 0 0 0 0 0 0 0 0 0 0 0.005193747 0.00303045 0.006205326 0.00386318 0.00699862 0.01196017 0.02247285 0.0120094 0.009294529 0.004731286 0.007239877 0.007804097 0.01343887 0.006183219 0 0 0.0006466861 0.005960389 2.232731e-006 0.01637938 0.01357429 0.002290663 0.0145429 0.0005121327 0.01311155 0 0.001515419 0.005521147 0.05231566 0.02581131 0 0.01978367 0.001549615 0.00247186 0 0 0 0 0 0 0.01035345 0.003804347 0.005412716 0 0.0006383694 0.001981258 0.0004305724 0.001613374 0 0 0 0 0.00188228
0.01147633 0.02207353 0.02214732 0.001942168 0.002896202 0.01005923 0 0 0 0 0 0 0 0 0 0 0.001883801 0 0.00367478 0.006261008 0.009821952 0.01196265 0.005763027 0.01717283 0.03324645 0.001485832 0.000252249 0.01005615 0.009127528 0.01312846 0.002737062 0.003450718 0.005187775 0.004422791 0.001564328 0.005828842 0 0.008256704 0.008049064 0.00222674 0.003124406 0.02624789 0 0 0 0.008148401 0.01521056 0.01346206 0.007809411 0.008118848 0.01636514 0.007247129 0.002582593 0 0 0 0.0007803197 0 0.0196514 0.01773527 0 0.001814669 0.0002107756 0 0 0 0 0 0 0
0.05309937 0.02156661 0.00645521 0.01970376 0 0.001365484 0 0 0 0 0 0 0 0 0.005318109 0 0.001889011 0.001972562 0.007321898 0.006374415 0.007241875 0.01960196 0.003338665 0.02631653 0.01580979 0.002726094 0 0.002917401 0 0.002101597 0.01000183 0.007300372 0.01065208 0.006338638 0 0 0 0 0.00185947 0.002674297 0.003462984 0.002986392 0 0.002410251 0 0.009202518 0.06072418 0.05454399 0.002793837 0.009244612 0.007784466 0.004505974 0.003738932 0.002518716 0 0 0.02286158 0.01259718 0.005171291 0 0.002003465 0 0.001835668 0 0 0 0 0 0.002366327 0.003791777
0.05878405 0.002298067 0.02095768 0.0132014 0.007964452 0.01342565 0 0 0 0 0 0 0 0 0 0.001772517 0.002293386 0.04584659 0.04876368 0.01347126 0.003662371 0.008362647 0.01225789 0.003926374 0 0.03008131 0.02382768 0.006159361 0 0 0.001471173 0.02672724 0.007158976 0.001154242 0.02687784 0 0 0 0.005349148 0.00757679 0.003123821 0.004538111 0 0.0196816 0.004567983 0.004921591 0.04277691 0.002535481 0 0.03589628 0.019391 0.0372302 0.002067087 0.01133571 0.002664175 0.003148022 0.01948588 0.04061133 0.026771 0 0 0 0 0 0 0 0.005256412 0 0 0.006331712
0.006589195 0.02254589 0 0 0.004952925 0.01651701 0 0 0 0 0 0 0 0 0.0003032419 0.005817603 0 0.002082474 0.02509929 0.008248807 0.007607983 0.002126137 0.004879046 0.001408768 0 0.001054295 0.007735382 0.002905274 1.619536e-006 0.002192732 0.002301231 0.005409075 0.0008578106 0.003824024 0.02702257 0.0001250257 0 0 0.004672313 0.005203157 0.0193906 0.006720281 0 0.001504234 0.01325439 0.01539198 0.01144804 0 0.005187081 0.005277236 0.01130829 0.02993188 0.003633915 0.1271586 0.01332712 0.05136398 0.07037444 0.0296922 0.01039552 0.001338066 0 0.006549252 0 0 0 0 0 7.324223e-005 0 0.005476779
0.01520884 0.04150796 0.0001665411 0 0.0002357828 0.003359491 0 0 0 0 0 0 0 0 0 0 0.00279871 0.0173871 0.01172115 0.04352072 0.01149873 0.003462659 0.01541509 0.005533753 0.01324234 0 0.002547316 0.0003348129 0.001671063 0 0.004198211 0.02209732 0 0.0007110693 0.01093884 0.01073727 0 0 0.004306606 0.0004932825 0.00737011 0.002369206 0.008271031 9.540746e-005 0.05938518 0.01566213 0.04305224 0.03151878 0.02985268 0.04370223 0.01222049 0.04272671 0.02214057 0.08407205 0.0228945 0.06107394 0.05855796 0.07932001 0.05388109 0.08118862 0.003541168 0.01520783 0 0 0 0 0 0.002042586 0 0.001621529
0 0.003075713 0 0 0 0 0 0 0 0 0 0 0 0 0 0.0202018 0.002777181 0.001845569 0.01213091 0.01014759 0 0.0009044877 0.005363511 0.0001771834 0 0 0 0.003726925 0 0.001996752 0.009876325 0.01200339 0.03029117 0.01973921 0.004010152 0 0.009887087 0.004363654 0.02820953 0.04271751 0.0196671 0.03044875 0 0 0.005243631 0.02221069 0.01348377 0.06579668 0.1087151 0.03022598 0.0802493 0.03760448 0.01728817 0.02992626 0.01426143 0.04365774 0.09668116 0.08260347 0.06438198 0.1542575 0.009690995 0 0 0 0 0 0 0 0 0
0 0 0.00235759 0.005720596 0 0 0 0 0 0 0 0 0.0005234618 0 0.01197778 0 0.0009930709 0 0.01056031 0.01594754 0.0008083951 0 0 0.003730105 0.0006430263 0.00270737 0.003015178 0.01249839 0.005805841 0.005118595 0.01580931 0.01533993 0.0340101 0.01529724 0.03195834 0.01112083 0.01040813 0.03734817 0.0157161 0.01996228 0.00877143 0.009912468 0.01036633 0.007924208 0 0.004477933 0.05886362 0.07902633 0.02274865 0.003694253 0.003229738 0.009938744 0.07624758 0.1065032 0.05306951 0.02005193 0.07785128 0.03494049 0.02148509 0.03412922 0.03951798 0.003171167 0 9.762723e-005 0.0593769 0.0111217 0.001998382 0.01225555 0.007243061 0.003873677
0.001150519 0 0.005331953 0.001020242 0 0 0.0004239094 0.004782641 0.001582334 0.01126693 0.03810945 0 0.01873757 0.0004915575 0.007635093 0.01193629 0.03655986 0.007460296 0.003815249 0.01230949 0.002552867 0.006203949 0.002552177 0.01461939 0 0.002350148 0.004135126 0.02808429 0.05233882 0.03126746 0.01867787 0.01944323 0.0216698 0.01405954 0.02184538 0.01161205 0.01459446 0.07655719 0.007525607 0.0006398765 0.02079468 0.03451924 0.01287908 0.03712452 0.01127937 0.02917737 0.02026611 0.03965069 0.013136 0.05975436 0.05847143 0.004012483 0.05198755 0.05101258 0.09182341 0.03282189 0.06043496 0.06113969 0.08020959 0.07721985 0.08646894 0.06146507 0.0178558 0 0.008038511 0 3.528261e-006 0 0 0
0.002159645 0.003803358 0.007204496 0.0079144 0.003165573 0 0.001152219 0.03398291 0.01050928 0.02450131 0.01046741 0.001710915 0.03374225 0.02366972 0.06881106 0.05236049 0.06987025 0.05507229 0.01263722 0.04710583 0.06931622 0.01692681 0.04306696 0.01166056 0 0.006361768 0.001904849 0.05206459 0.05017973 0.0404497 0.02252216 0.02975131 0.01851739 0 0.02445981 0.02872827 0.007440298 0.02596908 0.02631065 0.000930725 0.04076754 0.02780598 0.04287421 0.04097788 0.06380962 0.03688919 0.1452501 0.09177802 0.005295713 0.03983641 0.06420936 0.03316553 0.0488563 0.0383272 0.08130057 0.04843897 0.003342969 0.09120406 0.1310356 0.1295455 0.09628645 0.04860805 0.0174914 0.05006521 6.090226e-006 0 0 0.003472955 0.003650142 0.005462712
0.002441039 0.005487081 0 0.007307941 0.009829685 0 0.01461026 0.02120135 0.01912804 0.00075625 0.0130536 0 0.05044023 0.08505211 0.09172635 0.01019265 0.0408619 0.02716161 0.02044985 0.02567772 0.04807572 0.0500198 0.0724351 0.008530763 0.005921473 0.02086036 0.01315507 0.01746366 0.02658855 0.005793564 0.01736967 0.04863756 0.02350609 0.001436097 0.01255529 0.009338183 0.00761217 0.02478146 0.03983705 0.03252219 0.06262466 0.07018232 0.001513853 0.0902145 0.06649767 0.04091175 0.07854203 0.0275277 0.02074086 0.1053886 0.07799619 0.01660138 0.01157728 0.0565561 0.01972695 0.007002841 0.003644421 0.06570499 0.1465427 0.05810762 0.1574294 0.1281272 0.007203789 0.03316863 0.001226494 0 0 0.0008259552 0 0.0001134341
0.006850738 0.008519963 0.01304775 0.01578238 0.004081825 0.008013817 0.05298342 0.0147496 0.01013511 0.02773342 0.03895335 0.0103861 0.02701091 0.1360396 0.08464452 0.09810511 0.0337871 0.02822676 0.03060359 0.05057097 0.03866407 0.05095657 0.03689502 0.007559497 0.007763642 0.007194732 0.02376949 0.02123437 0.003656347 0.01162203 0.0212534 0.0113274 0.0006859087 0 0.006037747 0.02051699 0.01814176 0.01825619 0.01228775 0.04342502 0.02474979 0.03383137 0.0006433012 0.000552821 0.02729133 0.08063106 0.06547236 0.03037752 0.1594192 0.06471765 0.09236545 0.007626152 0.05032181 0.06568402 0.1805329 0.09329332 0.0349482 0.09867461 0.1043418 0.1414498 0.1830095 0.06269422 0.08294771 0.08226934 0 0.04050239 0.1754609 0.0001621538 0.02422163 0.009348215
0.01248065 0 0.004980693 0.006459415 0 0.001322249 0.01165963 0.02000568 0.01777143 0.08480194 0.0368216 0.06321684 0.0426953 0.06140278 0.04586297 0.07515793 0.1078397 0.03204656 0.02204801 0.08460232 0.02007264 0.09899211 0.0185284 0.05646434 0.02064952 0.02615765 0.008267739 0.00965703 0.02557373 0.01397633 0.0237456 0.0001413784 0.0003094454 0.01375901 0.00533889 0.02751348 0.01101302 0.01025941 0.0407449 0.03376278 0.05542371 0.04900859 0.01488207 0.03044937 0.07361275 0.01225613 0.01087536 0.04935167 0.0705139 0.1063566 0.02886549 0.04948695 0.05216948 0.04165357 0.1602834 0.05620011 0.2150343 0.1859302 0.1284944 0.1120661 0.07748026 0.02215403 0.02503724 0.008218621 0.0004336626 0.04004487 0.1734052 0.2089833 0.1230102 0.06091252
