EnvRasters/Baseline_High/wheat.asc
ncols         270
nrows         223
xllcorner     24099.479091542
yllcorner     21023.840179216
cellsize      1003.8986847201
NODATA_value  -9999
[rows 31 to 61 of 223, columns 0 to 69 of 270]
-9999 -9999 -9999 -9999 -9999 -9999 -9999 -9999 -9999 -9999 -9999 -9999 -9999 -9999 -9999 -9999 -9999 -9999 -9999 -9999 -9999 0 0 0 0 0 0 0 0.01272374 0.06102175 0.3883015 0.2205949 0.1686989 0.137311 0.1914717 0.2821508 0.2121986 0.2752608 0.2008502 0.07004939 0 0 0.02352836 0 0.003455482 0 0 0.047478 0.07752343 0.02244749 0.006579098 0.01190513 0.01262711 0.02287067 0.02000943 0.06659425 0 0.01159143 0.0215676 0.02368037 0.01000339 0.000161971 0.007815698 0.00257436 0.01584504 0.01144413 0.02588878 0.02645793 0.02358809 0.007117236
-9999 -9999 -9999 -9999 -9999 -9999 -9999 -9999 -9999 -9999 -9999 -9999 -9999 -9999 -9999 -9999 -9999 -9999 -9999 0 0 0.07705924 0.005962405 0 0 0 0.007649381 0.005961752 0 0 0.1511875 0.2574238 0.05266489 0.1562178 0.1686098 0.1429819 0.1626094 0.2146565 0.1553011 0.03766637 0.02514108 0.01948909 0.04800612 0 0 0 0 0 0.006717242 0.0007837709 0.005036846 0.004755678 0.05019391 0.007379272 0.01242262 0.02285431 0.005151697 0.001280725 0.01107235 0.007908695 0.003614942 0.001883705 0.001758503 0.01633298 0.006667164 0.01703882 0.01062551 0.006738783 0.006609411 0
-9999 -9999 -9999 -9999 -9999 -9999 -9999 -9999 -9999 -9999 -9999 -9999 -9999 -9999 -9999 -9999 -9999 -9999 0 0 0 0.05844171 0.1214077 0.03991408 0.04367831 0.04773431 0.09258237 0.02444058 0 0.004228129 0.08584613 0.1839633 0.1748622 0.11878 0.06405532 0.0518877 0.06996892 0.03616973 0.04355539 0.06168412 0.02688494 0.01560471 0.001733151 0 0 0 0 0 0 0.00170766 0 0.007478919 0.003309451 0.001200801 0.005031068 0.001215851 0.005243973 0.02852909 0.006214548 0.003739975 0 0 0 0.00597501 0.001199593 0.00118734 0.004573371 0.01461444 0.01925002 0.009914062
-9999 -9999 -9999 -9999 -9999 -9999 -9999 -9999 -9999 -9999 -9999 -9999 -9999 -9999 -9999 -9999 0 0 0.02892555 0.1987996 0.4372626 0.1740136 0.2776394 0.3632525 0.3908506 0.3621783 0.1991632 0.1782826 0.1179537 0.1052895 0.07248021 0.2155764 0.2548378 0.06305331 0.06670092 0.04252115 0.006319539 0.09418759 0.03066758 0.02470702 0.001097042 0.006675021 0 0 0 0 0 0 0 0.01847092 0.001071092 0.003223527 0.03694246 0.02468014 0.01740522 0.01130545 0.02256272 0.04563626 0.01571423 0 0 0 0 0 0.01779387 0.002449834 0.002002196 0.01178759 0.0078521 0.01637093
-9999 -9999 -9999 -9999 -9999 -9999 -9999 -9999 -9999 -9999 -9999 -9999 -9999 -9999 -9999 0 0.02151893 0.06351805 0.2513992 0.2926076 0.4001423 0.1982567 0.2564652 0.3231164 0.3328092 0.2499283 0.2465303 0.192827 0.2465689 0.1230325 0.05892696 0.09435833 0.1562239 0.09675998 0.08039536 0.02053153 0.007645005 0.0006308389 0.01783337 0.01439015 0 0 0 0 0 0 0 0 0 0.01029785 0.0129476 0.0181244 0 0.007556475 0.03209639 0.01495258 0.01589541 0.0500352 0.005121135 0.002421628 0.003814583 0 0.002384505 0.02485483 0.03173329 0 0.007956566 0.004318078 0.002847588 0.001420719
-9999 -9999 -9999 -9999 -9999 -9999 -9999 -9999 -9999 -9999 -9999 -9999 -9999 0 0 0.1387982 0.278935 0.2971504 0.1964595 0.335198 0.2245457 0.03767014 0.1439299 0.2151516 0.204414 0.05919391 0.2697206 0.288247 0.2448814 0.2203696 0.06374633 0.02820917 0.00771155 0.007573794 0.01087485 0.005098355 0 0.06517638 0.002477706 0.006105803 2.712096e-008 0.006691688 0.006685473 0 0 0 0 0 0.005030495 0.007662156 0.000314544 0.0005191233 0.005634291 0.02675797 0.03368884 0.02249959 0.005121813 0.03105188 0.01597243 0.002522288 0.01165852 0.001965395 0.01020424 0.04049164 0.03133672 0.01492311 0.01302425 0.01433283 0 0
-9999 -9999 -9999 -9999 -9999 -9999 -9999 -9999 -9999 -9999 -9999 0 0 0 0.2245037 0.4988288 0.3211101 0.3260139 0.1823891 0.2760981 0.3634838 0.2755373 0.2410542 0.3489711 0.1304058 0.1553518 0.2616228 0.1217673 0.1508431 0.1351639 0.01802019 0.01377745 0.02360388 0.05014176 0.002361914 0.01062187 0.007623624 0.04329751 0.03054773 0.03051388 0 0 0.004561195 0 0 0 0.01235562 0.02027187 0.009688819 0.05167754 0.03180176 0.005173413 0.002222354 0.001818527 0.002511539 0.04231968 0.05057726 0.04245515 0.0392101 0.01324961 0.004186363 0.01341417 0.003948852 0.05793389 0.0507572 0.002187107 0.0005781774 0.04563506 0.03630977 0.007029621
-9999 -9999 -9999 -9999 -9999 -9999 -9999 -9999 -9999 0 0 0 0.02660448 0 0.02526279 0.3725462 0.2243742 0.331707 0.3563441 0.1176587 0.308427 0.24939 0.2158697 0.3687774 0.3693305 0.1741356 0.106042 0.01090256 0.0001990342 0.002266704 0.04331519 0.02959009 0.00847643 0.03428691 0.003443368 0 3.457483e-005 0.0295495 0.01852389 0.02115565 0 0 0.008125523 0 0.0312161 0.05375041 0 0 0 0.04224993 0.01272654 0.02312453 0.002578011 0.01354577 0.009969431 0.03299724 0.01027842 0.02019288 0.0258584 0.0002170401 0.005172265 0.00884029 0.009705745 0.01370375 0.0209511 0.01062792 0.01691894 0.05034391 0.04969419 0
-9999 -9999 -9999 -9999 -9999 -9999 -9999 -9999 0 0 0 0.007444952 0.03976249 0.06681582 0.1619523 0.1914535 0.3978991 0.2289117 0.3521394 0.2736084 0.1802036 0.3359577 0.4427781 0.4181154 0.2795556 0.1264536 0.04091316 0.09206884 0.1149555 0.1163815 0.0004521844 0.00783944 0.001436116 0.002491963 0.009274626 0.03819085 0.01576464 0 0.001157501 0.009315007 0.01226385 0.01693171 0.04583706 0.005427683 0.05650884 0.01182028 0 0 0 0.004374229 0.009119178 0.0267907 0.03039423 0.007169248 0.005233584 0.004827988 0.01149266 0.0187646 0.01002771 0.00651221 0 0 0 0.008307416 0.01457452 0.02600767 0.01236877 0.03160881 0.02206598 0.004135309
-9999 -9999 -9999 -9999 -9999 0 0 0 0 0 0.1194412 0.162589 0.0002915682 0.0645664 0.1499185 0.3000313 0.3092557 0.2117397 0.2574965 0.230676 0.2520597 0.3164098 0.2023972 0.1353326 0.1356062 0.2673708 0.214856 0.2078512 0.17607 0.005691707 0.04423364 0.03458304 0.02589431 0.005041198 0.03294777 0.008511098 0.01798578 0.01996883 0.01619867 0.01725519 0.03214668 0.05432284 0.1420819 0.03840572 0.08270344 0.005516565 0.00178342 0 0 0.00671841 0.03285891 0.01887877 0.01446745 0.005037653 0.02714841 0.02044032 0.007214904 0.01416751 0 0.001307786 0 0.004279913 0 0.001756065 0.01058134 0.0537557 0.04093968 0.01478728 0.02341604 0.01122866
-9999 -9999 -9999 -9999 0 0 0 0 0 0 0.05963363 0.1177627 0.0388022 0.05115855 0.3038746 0.2240697 0.2976522 0.2885641 0.3854261 0.2271717 0.2814771 0.3219926 0.2035811 0.2618015 0.3003293 0.4333145 0.3443644 0.2657377 0.03210472 0.007992117 0.09067847 0.02691023 0.01486122 0.05389975 0.01592324 0 0.002547402 0.01028104 0.01852428 0.01838166 0.02309052 0.0002897593 0.02480958 0.04290362 0.03599143 0.01074423 0 0.008935448 0.001842622 0.02391473 0.005863995 0.01351154 0 0.0001783613 0.007552422 0.03778107 0.02139445 0.006356806 0.002867696 0.002094302 0.01730882 0 0.01566611 0.003658513 0.01866834 0.003174779 0.03923176 0.006452675 0.01126086 0.04572265
-9999 -9999 0 0 0 0 0 0 0.01256003 0.2164085 0.3285776 0.368558 0.1341544 0.298361 0.4377601 0.4662423 0.4308196 0.4001917 0.2519315 0.318956 0.2761759 0.2099371 0.2375442 0.2760714 0.09991512 0.3439623 0.06664783 0.006734546 0.01146641 0.02134336 0.05865096 0.03480849 0.008212843 0.03414832 0.002448382 0.01463637 0 0.0451472 0.04222048 0.03773768 0.01128193 0.00190023 0.00658553 0.004047857 0 0 0 0.004145844 0.02198201 0.003746394 0 0 0 0 0 0.003874134 0.01190657 0.00241725 0.006646202 0.00892869 0.01143589 0.02545042 0.006379158 0.005481489 0.01227846 0.006006342 0.005410343 0.006355083 0.01091818 0.02434583
0 0 0 0 0 0 0.122509 0.2923999 0.1691367 0.2822143 0.3398705 0.2802262 0.2937125 0.2802127 0.3279164 0.3639574 0.4925583 0.3588732 0.2255584 0.2489936 0.4126615 0.2792676 0.1602276 0.2648231 0.3030478 0.06228014 0.02817226 0.0003817492 0.009010728 0.01308469 0.03499169 0.06331193 0.04074993 0.0100545 0.02036893 0.0462186 0.01352623 0.03285389 0.02715012 0.08473974 0.037329 0.01108385 0.02291887 0.01366621 0.007311134 0 0.0002397366 0 0.01331772 0.01883847 0 0 0 0 0.007293709 0.01233585 0.0141127 0.04606658 0.02501144 0.02007589 0.01873979 0.002638718 0.009644646 0.009495542 0.02902307 0.008896844 0.01302024 0.007074264 0.005802589 0.009629458
0 0 0 0.006230039 0.1071995 0.260109 0.2011345 0.2489344 0.2587947 0.3276959 0.371008 0.3621772 0.4490292 0.4507987 0.3541003 0.428481 0.4999277 0.3033306 0.3421133 0.2055114 0.2291288 0.1473812 0.04044803 0.1031967 0.08158212 0.03925893 0.003731929 0.01973779 0.03831025 0.004825303 0.005106329 0.01000409 0.002346422 0.05702382 0.06672034 0.02015293 0.03654868 0.002577184 0.06838857 0.01197925 0.01456225 0.009253376 0.003375227 0.007997016 0.009648171 0.002401821 0.004533006 0 0 0 0 0 0 0.0215864 0.04604436 0.007746998 0.008066825 0.01507259 0.02159054 0.02604952 0.001167018 0 0.008480977 0.01944716 0.06499632 0.003911814 0.007913698 0.02716275 0.02802523 0.01355019
0 0 0.02503867 0.2711067 0.2251294 0.3155112 0.245537 0.268981 0.3465926 0.3179524 0.2671555 0.2858293 0.3776122 0.4040366 0.2287103 0.3207286 0.3847997 0.3478554 0.2605159 0.2344441 0.1197626 0.09719487 0.1020524 0.02377215 0.08116281 0.01641197 0.01344272 0.000963563 0.00391099 0.01018051 0.001559394 0 0.00587398 0.04301037 0.01469904 0.02189229 0.01368585 0.02344756 0.01348192 0.07780058 0.01366495 0.014483 0.01652367 0.002510429 0.003219629 0.0229818 0.0009013142 0.006287332 0 0 0 0 0 0.005160652 0.0001814851 0.001566458 0 0.01274835 0.001972389 0.001411775 0 0.0002156133 0.007529532 0.009175185 0.02265825 0.01004094 0.005782809 0.0152303 0.01086452 0.01045252
0.1501778 0.1609562 0.2077006 0.3981797 0.1707 0.1349311 0.1018452 0.3526012 0.2791284 0.2787901 0.3167732 0.2992185 0.4539936 0.3847192 0.4246828 0.2596379 0.279553 0.3505594 0.1386772 0.1646986 0.1723951 0.02738195 0.03144342 0.0279173 0.03567456 0.01431558 0.05916184 0.01643787 0 0.01161692 0.01308383 0.01494437 0.03605949 0.01055855 0.006951588 0.02426264 0.01984994 0.008690197 0.008576222 0.00622675 0.03055962 0.006181196 0.08256007 0.009320459 0.0211063 0.006767555 0.004027978 0.0008335055 0.006748772 0.01502246 0.0006628525 0 0 0 0.006762775 0.001627876 0.0295445 0.001778028 0.00983674 0 0.002923816 0.004102649 0.001091142 0.01113201 0 0.03224214 0.00803904 0.01242131 0.02036843 0.0014711
0.197621 0.04662079 0.2579169 0.3068515 0.2679918 0.131092 0 0.01660098 0.1579365 0.3343495 0.3834597 0.2859408 0.4222789 0.3381227 0.3751668 0.2292442 0.4429279 0.1837627 0.1219641 0.2035989 0.1869056 0.01112555 0.03413766 0.08588518 0.0546252 0.02852738 0.01399038 0.003806908 0.01733931 0.03201345 0.02335456 0.0456849 0.01436847 0.01094621 0.01487659 0.02018706 0.013317 0.002718626 0.02710758 0.01164869 0.012435 0.0007094436 0 0.005058692 0.02269835 0 0.002194468 0.001983898 0.01945522 0.0246054 0.02107583 0.00094496 0.0014006 0 0.0007609625 0.01039816 0.002101569 0.003664265 0 0.02616692 0.00305036 0.002170175 0.004769543 0.01558739 0 0 0.00795405 0.01354113 0.004034793 0.002202606
0.2003504 0.2291841 0.3353575 0.3050324 0.2767674 0.221382 0.06955489 0.02250802 0.2514126 0.2574585 0.351733 0.3455402 0.3988353 0.4281374 0.4500567 0.3312544 0.4008273 0.2409287 0.4368328 0.229744 0.1076216 0.01069624 0.01106222 0.04823994 0.01124273 0.006835068 0.01292643 0.005264292 0.03787177 0 0.01085754 0.008521752 0.001305182 0.0006448944 0.004651339 0 0.006186531 0.003347661 0.02649361 0.0006999256 4.595679e-007 0.05471199 0.04354191 6.775388e-006 0.01331388 0.0006905772 0.0006395292 0.0009135552 0.00597121 0.01228188 5.039582e-005 0 0 0 0.006143929 0.006527291 0 0.01790991 0.009963803 0.03240639 0.01094737 0.0084758 0 0 0 0 0.009561735 0.009276602 0 0.01127939
0.353991 0.3681254 0.4113773 0.3642488 0.3782142 0.2696285 0.1732375 0.2156387 0.2347852 0.3450142 0.3229367 0.3099309 0.3223859 0.3743836 0.4384395 0.2094209 0.1715307 0.1678477 0.1800556 0.2104505 0.2075732 0.03045374 0.03969828 0.03874131 0.01757747 0.01896638 0.01540217 0.02299809 0 0.001266845 0.01666537 0.00464605 0.00855051 0.02361399 2.004001e-005 0.009665621 0.03092981 0 0.001406915 0.0130605 0.01751664 0.03688093 0.007957745 0.00603012 0.01511739 0 0 0.001639587 0.003308954 0.0005367874 0.004570333 0 0 0 0.01280183 0.02403459 0.00340642 0.007707173 0.0001708998 0.002392549 0.0009502705 0.007359015 0.01162282 0.03987297 0 0.009292565 0.00755335 0.01076398 0.01083298 0.0169107
0.342631 0.3252214 0.3761905 0.3718929 0.2345904 0.1919258 0.3170179 0.2298262 0.3033873 0.3591967 0.2779272 0.2486756 0.1291574 0.2501577 0.3955029 0.267371 0.2139782 0.3013958 0.3132446 0.1975059 0.04499101 0.008956181 0.01104723 0.01934692 0.021046 0 0.002420258 0.01162236 0.02163861 0.02747453 0.02011775 0.007790757 0.02128514 0.01506064 0.01493166 0.004797302 0.005274848 0.01311513 0.004305603 0.00653127 0.01886516 0.01622476 0 0.002481258 0.03526301 0.004562465 0.01586319 0.008402005 0.0009152094 0.02161806 0.006659934 0.003211657 0.01254808 0.02196368 0.01371819 0.01167251 0.01037325 0.007011847 0.00385495 0.009360963 0.01021765 0.03402409 0.03856711 0.03878107 0.01398013 0.006182189 0.02033331 0.01587354 0.003957294 0.001445616
0.3092434 0.3964694 0.285772 0.3204178 0.303849 0.2893035 0.2979432 0.3465532 0.2438964 0.1834667 0.3134033 0.2108138 0.1372782 0.1014019 0.2096419 0.4388654 0.3429909 0.1518448 0.1519098 0.1680649 0.04059337 0.01698435 0.004607494 0 0.02690433 0.02959329 0.02065026 0.004681477 0.04423031 0.01740531 0.003330644 2.879023e-005 0.02718812 0.04286395 0.01108355 0.03926382 0.007551711 0.02019855 0.007037645 0.02225632 0.01369547 0.007430437 0.00261676 0 0 3.344121e-005 0.005074401 0.0076569 0.01019484 0.009767442 0.01249757 0.03777108 0.007573585 0.004665241 0.0282346 0.02141535 0.03086607 0.004861022 0.02095034 0.04961011 0.02816527 0.007914396 0.01090892 0.02783599 0.03513633 0.05905683 0.008348441 0.01551333 0.02958297 0.03128401
0.2759893 0.3159651 0.3204896 0.3094623 0.1996557 0.2972127 0.2519431 0.2917134 0.1572717 0.3131849 0.1752695 0.2521535 0.1944117 0.02910608 0.0357544 0.09053772 0.1691691 0.1762867 0.2853813 0.1453031 0 0.03940069 0.01823349 0.01252041 0.02493379 0.0140104 0.01920502 0.007055266 0.01710559 0.001810546 0.006861854 0.003484197 0 0.03244319 0.01844024 0.03447194 0.01468961 0.002046507 0.01595472 0.01278482 0.05004577 0.01535867 0.02859231 0.02408861 0.008928768 0.002269041 0.01003599 0.03831397 0.06072856 0.01994798 0.07473125 0.02538705 0.008110003 0.01892237 0.04161793 0.03474996 0.02048222 0.01850379 0.02010034 0.08213258 0.07338953 0.03621388 0.04244218 0.04784008 0.06875174 0.08080176 0.01628265 0.02224738 0.005563223 0.04075507
0.3093266 0.3155826 0.2162389 0.2191115 0.2149596 0.1339308 0.1557977 0.1298079 0.2475643 0.1723081 0.1294018 0.2155528 0.2122564 0.1807706 0.04903152 0.01533154 0.03757614 0.2620946 0.2085669 0.06545918 0 0.01089426 0.006211369 0.01064771 0.01736604 0.01752845 0.006421777 0.004496025 0.007863592 0 0.001230881 0.02409994 0.002536478 0.00848507 0.0006362841 0.03739393 0.01564911 0.02375571 0.003122114 0.003996347 0.01345822 0.02524766 0.006308692 0.01339703 0.001916934 0.01473391 0.06381091 0.04298336 0.02812817 0.01380199 0.01252632 0.05101532 0.04339689 0.01149386 0.01886949 0.03498903 0.06325677 0.03254069 0.03316437 0.03330813 0.05480247 0.04836392 0.01347814 0.08382694 0.02163698 0.04293221 0.001575842 0.01960588 0.001386015 0.02614763
0.2664206 0.2254398 0.1594346 0.2241609 0.1776001 0.2010488 0.1507929 0.1599427 0.1187399 0.1402312 0.2402309 0.2238226 0.2941938 0.2668165 0.248859 0.1219664 0.06796072 0.2274961 0.1773561 0.02499572 0.07776149 0.01716605 0.04146286 0.02965613 0.0386138 0.06060496 0.02854395 0.01609516 0.01850544 0 0.01159124 0.02654115 0.0153568 0.01912259 0.0419462 0.05513437 0.00799612 0.02009929 0.02424344 0.03630377 0.03455623 0.02992779 0.01650855 0.005786109 0.0160976 0.01251793 0.02189493 0.01456842 0.02295234 0.01451231 0.04062491 0.04937379 0.04130681 0.02362628 0.01304572 0.02390623 0.05017848 0.05191302 0.06497495 0.07108676 0.03752328 0.04547475 0.04094565 0.05277621 0.02509427 0.04891099 0.03424643 0.01418253 0.02283615 0.01123505
0.171323 0.2929824 0.2822874 0.2163569 0.2194262 0.1504155 0.1258225 0.2088344 0.1601221 0.2603421 0.1779007 0.09129592 0.2347807 0.2494301 0.21028 0.1420541 0.1760406 0.1082545 0.01628438 0.04790363 0.02589356 0.05471143 0.07230188 0.06965196 0.1009227 0.06083466 0.06449585 0.07795841 0.01193489 0.02552193 0.008789092 0.02736396 0.01122793 0.03230812 0.02419407 0.02711513 0.02174622 0.04676913 0.04145528 0.04236326 0.05813673 0.0346854 0.02501824 0.05446331 0.001957236 0.006059588 0.01502009 0.003076687 0.01638183 0.01123213 0.0710976 0.0155956 0.008195187 0.007855167 0.03275884 0.03065469 0.04312891 0.02269741 0.01157941 0.03045183 0.006948899 0.01383095 0.04342411 0.01340148 0.03474168 0.03350015 0.08705412 0.02831472 0.006028301 0.02558836
-9999 0.07052904 0.1813124 0.1733933 0.2405596 0.1246179 0.1303774 0.196645 0.2001609 0.296997 0.1876693 0.0695824 0.2468848 0.185929 0.2191183 0.1217118 0.09888317 0.0190022 0.001240297 0.005340202 0.02901505 0.05891497 0.07474048 0.05209044 0.04960912 0.07049168 0.02789141 0.08579327 0.02151131 0.02331355 0.03037651 0.03362841 0.002722476 0.01371929 0.05199915 0.02426204 0.01718876 0.004997035 0.01461054 0.03862616 0.02402604 0.01841654 0.03826949 0.02261326 0.001405624 0.04073323 0.01198827 0.01065636 0.00610161 0.005841673 0.0198988 0.0008340144 0 0.002699849 0.01103731 0.04006427 0.04407778 0.01361853 0.005711387 0.01526843 0.01661521 0.0587692 0.0207336 0.02655014 0.04843529 0.06158189 0.05480871 0.02166048 0.04015472 0.01338512
-9999 -9999 0.1925627 0.1788835 0.2052006 0.2029221 0.2543312 0.1165225 0.1458129 0.1138031 0.1024215 0.09129 0.1345523 0.2358705 0.118433 0.1037973 0.0309531 0.005462156 0.06086407 0 0.0334439 0.1376929 0.06398176 0.02793749 0.03172049 0.07511218 0.05381496 0.0391707 0.05391345 0.007639647 0.0447425 0.02338381 0.01664289 0.02521093 0.02543433 0.04937328 0.05969046 0.00951703 0.04808415 0.07368188 0.0139184 0.001645482 0 0 0.002836216 0.008080223 0.006322121 0.00205796 0.005673548 0.007842761 0.002596942 0.004252213 0 0.006815848 0.01994044 0.01771276 0.02848792 0.02819878 0.05125876 0.02824973 0.03983581 0.05369586 0.0008527347 0.01277281 0.01425655 0.002000381 0.0007996939 0.007684698 0 0.01757166
-9999 -9999 0.06160175 0.2990772 0.1811091 0.2076534 0.1376568 0.09948627 0.08331839 0.1914561 0.1178372 0.1510068 0.1599139 0.13526 0.1791288 0.1614069 0.001111162 0.06538175 0.1218455 0.08022212 0.04200174 0.08177067 0.06901929 0.04958204 0.02020086 0.006404202 0.008065274 0.007093759 0.01767427 0.01315075 0.00307198 0.02217475 0.0264245 0.03911702 0.005012634 0.01071629 0.01128955 0.008733536 0.001369917 0.006685983 0.0107739 0.001596055 0.008787658 0.0008532156 0.004337872 0.02060919 0.0005123563 0.03811444 0.02648813 0.03409518 0.01138948 0.003008254 0.03608149 0.03755891 0.02957916 0.01037845 0.02683547 0.06105805 0.0549492 0.06014446 0.02494276 0.007123474 0.02467692 0.02534785 0.0494199 0.03925802 0 0.0003986302 0 0
-9999 -9999 0.0009775105 0.2690489 0.2807126 0.1206019 0.1722036 0.2302538 0.2257259 0.1698034 0.1097212 0.1663529 0.1293685 0.1414005 0.0612242 0.03813004 0.009980091 0.04279884 0.06036257 0.1178844 0.03571402 0.09711755 0.04284596 0.03449086 0.04761396 0.01598501 0.006858638 0.02216306 0.01072988 0.03600442 0.0267946 0.01913972 0.0433681 0.00573055 0.0227696 0.005607226 0.004681273 0.006049122 0.001507069 0 0.012175 0.005155566 0.008484489 0.01245321 0.02181822 0.05807833 0.006638735 0.02967441 0.007838846 0.0034781 0.003657157 0.01671615 0.005159028 0.003733803 0.01998165 0.06460015 0.0195313 0.07170366 0.07159625 0.02462443 0.01078603 0.05773009 0.03925203 0.04594541 0.02053197 0.008363673 0 0 0.02494153 0.02518566
-9999 -9999 -9999 0.1416503 0.2145755 0.1919374 0.1856907 0.1927026 0.08767291 0.1977831 0.0761042 0.01508063 0.05573034 0.05432131 0.04272818 0.01156797 0.01322426 0.04268625 0.03535828 0.0189676 0.06556217 0.06265794 0.02198274 0.01480504 0.02383092 0.02211054 0.001709998 0.02360894 0.07248387 0.05654736 0.03136071 0.0132883 0.009076749 0.004432883 0.007216743 0.01856539 0.007687215 0 0 0.013378 0.03927078 0.01011095 0.003604304 0.006567504 0.005350947 0.02091258 0.002522215 0.0129852 0.01039281 0.02323329 0 0.001522433 0.002709854 0.00907681 0.01008908 0.02359546 0.04589924 0.03903152 0.01966732 0.01196802 0.02592775 0.06789973 0.02449319 0.02280777 0.008941973 0.02092907 0.01968676 0.02571451 0.01202884 0.00610008
-9999 -9999 0.005066106 0.04596923 0.1324223 0.08193601 0.108423 0.1004099 0.1036938 0.04553622 0.07488365 0.04551372 0.06209451 0.06852968 0.02654912 0.006898047 0.09974729 0.05315076 0.03186677 0.002177875 0.04071891 0.04866371 0.09508412 0.02700505 0.05367651 0.02381104 0.01601492 0.03109897 0.01942996 0.01807837 0.003608949 0.004613292 0.0008249356 0.02805001 0.004274513 0.007638585 0 0 0 0.001609558 0.006058066 0.01457276 0 0.03793122 0.001976366 0.02972366 0 0.01459221 0.02112289 0.003655966 0.02206251 0.01308525 0.009880075 0.008789806 0.009412696 0.03185555 0.003359815 0.02624667 0.02920187 0.1034422 0.03067326 0.01728965 0.0493714 0.01533272 0.004088884 0.03311158 0.03294763 0.04126196 0.00249255 0.004391469
