EnvRasters/Baseline_Low/arable.asc
ncols         270
nrows         223
xllcorner     24099.479091542
yllcorner     21023.840179216
cellsize      1003.8986847201
NODATA_value  -9999
[rows 56 to 83 of 223, columns 64 to 127 of 270]
0.4515717 0.4055181 0.4962832 0.3543112 0.3228396 0.1544802 0.14242 0.02119559 0.06402801 0.1769202 0.1438714 0.2337668 0.2112419 0.2636559 0.2521488 0 0 0.04113804 0.04433134 0.01910198 0.08075883 0 0.02760233 0.0525575 0.1946137 0.140622 0.00161679 0 0.004792239 0.04709319 0.03074353 0.04329148 0.1358787 0.1047454 0.05726548 0.08476664 0.1173229 0.2205137 0.4419389 0.2009707 0.2302068 0.1032299 0.2283496 0.2842643 0.1270419 0.1119352 0.1455579 0.2951795 0.1821555 0.1434735 0.0503331 0.1869424 0.488885 0.4173151 0.2227056 0.1936523 0.1001912 0.05314862 0.4009272 0.4716069 0.1885779 0.1179919 0.2240732 0.2478025
0.2858117 0.1392104 0.08906215 0.1395265 0.05433977 0.1488681 0.1248825 0.3834374 0.3126303 0.3270467 0.01676726 0.001428668 0.2662742 0.2810706 0.3093191 0.1529636 0.1298933 0.02262545 0.1519811 0.08242068 0.1695261 0.09216884 0.2096286 0.1289919 0.1445695 0.0595438 0.08388118 0.1303532 0.04436124 0.05137081 0.01961213 0.07490838 0.06165589 0.3351896 0.4980091 0.2888013 0.2653012 0.1636114 0.2447676 0.2320402 0.1307076 0.1280632 0.2791633 0.442948 0.129242 0.06437863 0.2178353 0.2604096 0.1893822 0.2478322 0.1903238 0.2105424 0.2589889 0.3249416 0.1299989 0.4511434 0.2978098 0.08916739 0.4386436 0.3147371 0.3399514 0.264295 0.1745854 0.2915168
0.3997396 0.1667541 0 0.1589999 0.06907149 0.0271369 0.1368047 0.4631649 0.3032687 0.4086681 0.2001032 0.1721525 0.1940949 0.3960223 0.3410653 0.2230414 0.1456096 0.03893165 0.2688092 0.1901052 0.2680446 0.221869 0.3963659 0.3341307 0.1233441 0.2646748 0.2965986 0.1552154 0.129071 0.0573657 0.005318914 0.07545086 0.07757374 0.2658196 0.3114474 0.4129533 0.2460905 0.266248 0.1574791 0.01217909 0.09900815 0.1478664 0.1980643 0.3347431 0.2214403 0.07081466 0.2592502 0.2922843 0.2958941 0.3782061 0.382514 0.1575212 0.5380294 0.4535069 0.1567501 0.3718513 0.4165513 0.1451958 0.2982092 0.3422725 0.384374 0.2966616 0.01994323 0.3451647
0.3502112 0.1384247 0.0295893 0.03225485 0.3199628 0.2958211 0.4625745 0.3830402 0.2565592 0.3112749 0.3976178 0.09632515 0.2495866 0.2597142 0.1698443 0.02846749 0.1208853 0.1142742 0.3071887 0.306239 0.3656924 0.02613628 0.2299982 0.2916417 0.1518226 0.1560633 0.1798712 0.1579319 0.2882546 0.09241665 0.03858035 0.2248537 0.1912013 0.1788469 0.2691905 0.1809909 0.2723629 0.369337 0.2158665 0.06352124 0.1931856 0.1757176 0.1122273 0.1647412 0.2776176 0.1984656 0.3299867 0.4775229 0.09326178 0.4620225 0.2893144 0.2922757 0.5230196 0.2567161 0.2159082 0.4914483 0.3594827 0.1486626 0.2511081 0.3616409 0.09361747 0.04409358 0.01046137 0.3231116
0.2968609 0.2449433 0.1657748 0.4247261 0.3087442 0.3920546 0.4961407 0.3593328 0.5885531 0.4744062 0.2221079 0.365471 0.5237448 0.1088099 0.08733058 0.2436543 0.2174225 0.2084899 0.2203461 0.4776288 0.364718 0.3093646 0.2049723 0.4021172 0.2392347 0.196655 0.1563578 0.2989356 0.2202556 0.07603908 0.1054668 0.04470548 0.2011091 0.1666922 0.03708889 0.0939159 0.1757837 0.187831 0.0353505 0.09015137 0.2561359 0.2761663 0.1886471 0.267438 0.2338906 0.3859083 0.1876262 0.1740821 0.05168986 0.07475116 0.2994523 0.4274273 0.3096472 0.1960281 0.5375192 0.289055 0.4610554 0.05592433 0.2569176 0.2842688 0.5601193 0.2653197 0.1520569 0.3361522
0.1215087 0.3929221 0.4143868 0.3209486 0.1347595 0.2661226 0.4610417 0.07239529 0.2995821 0.3041661 0.09970798 0.2072447 0.1323241 0.09645483 0.1383125 0.3677156 0.1577948 0.2740156 0.292289 0.4563974 0.2350101 0.3580267 0.4112976 0.2412649 0.1624256 0.5001231 0.1725594 0.3681876 0.08065894 0.2293347 0.2558868 0.2482545 0.07677779 0.1371146 0.1454866 0.1754771 0.236112 0.04507645 0.003060566 0.1617443 0.1687045 0.3058062 0.2111066 0.2061625 0.304106 0.1474373 0.257287 0.2901071 0.1652379 0.3577174 0.3644549 0.0891624 0.133544 0.2910563 0.2703029 0.424587 0.1773833 0.2715708 0.1923146 0.1656114 0.5148864 0.2636818 0.6452617 0.6124941
0.3378896 0.4393757 0.4580039 0.372885 0.3060865 0.2048759 0.2886612 0.520595 0.5061061 0.5426475 0.4340169 0.3234899 0.1508629 0.1542023 0.318747 0.1547964 0.11117 0.3373756 0.3104608 0.3019758 0.2108377 0.2483984 0.08745424 0.423861 0.2338173 0.524043 0.2277726 0.3623658 0.1499245 0.1825779 0.2674259 0.2886633 0.08489408 0.2368503 0.1478675 0.08030352 0.1224148 0.08970712 0.001119659 0.1427376 0.2529181 0.2696964 0.1317926 0.1617755 0.3082052 0.3053395 0.365693 0.3021153 0.3944351 0.4196648 0.5282701 0.1767683 0.2370015 0.2027315 0.4036411 0.4986385 0.3841344 0.1616559 0.4965155 0.4740237 0.5116019 0.2697013 0.3316501 0.2939165
0.4621601 0.3686656 0.3926605 0.3097575 0.4575736 0.3705491 0.5100781 0.4917852 0.6642361 0.3334509 0.5559862 0.0961993 0.4701033 0.4399914 0.2850783 0.3922914 0.6525227 0.4868503 0.4228123 0.3583272 0.06685527 0.2613697 0.1679258 0.1528072 0.4454848 0.2357227 0.3752164 0.2930117 0.094544 0.2852138 0.3737402 0.2387914 0.07915374 0.2050409 0.05502712 0.1901178 0.1406607 0.00785346 0 0 0.1118544 0.2659568 0.07631003 0.1834696 0.2406948 0.1545265 0.1776789 0.171464 0.4016508 0.4186446 0.5585279 0.2628776 0.5671852 0.4355578 0.3332019 0.5746562 0.2114174 0.3789953 0.08116894 0.3236714 0.7162867 0.1912708 0.2014507 0.1943353
0.5759695 0.4512847 0.3308056 0.502637 0.3580148 0.3828535 0.3408089 0.5497064 0.457731 0.2869034 0.14588 0.1328914 0.2285484 0.298885 0.4591378 0.5710101 0.340529 0.3777456 0.4383483 0.3890023 0.365044 0.4850561 0.3602818 0.3078446 0.3155718 0.4572782 0.4258058 0.1426682 0.07088056 0.369979 0.3786559 0.1484635 0.1394421 0.01856354 0.3702661 0.2288235 0.1843162 0.03119301 0.009964978 0.001908565 0.1112498 0.07266987 0.2242123 0.211799 0.2401927 0.167043 0.07456463 0.3785042 0.4550641 0.4774337 0.353437 0.2580732 0.4554854 0.3275449 0.405678 0.171413 0.4472146 0.3064081 0.01833066 0.1369243 0.1405729 0.02362257 0.2071326 0.563973
0.2432772 0.4204887 0.3420442 0.5384949 0.421861 0.1869967 0.273048 0.4767447 0.4362971 0.4125715 0.3739605 0.2904947 0.1825435 0.2389588 0.2640964 0.4235021 0.1847302 0.3494216 0.3132618 0.3479956 0.3016084 0.2488921 0.2810211 0.3265859 0.2911142 0.1119559 0.2197526 0.405074 0.2343332 0.228112 0.1842626 0.2056284 0.1959222 0.06128916 0.1795679 0.2013961 0.05048314 0.2275418 0.01254967 0.01950803 0.002511979 0.04395936 0.2716683 0.2045095 0.2839851 0.3820569 0.1034442 0.324815 0.190484 0.5662997 0.4399528 0.3931703 0.3551186 0.5445604 0.2097233 0.2532983 0.333299 0.08181136 0.0004871844 0.2425465 0.6725745 0.1544377 0.6528574 0.1326288
0.2931826 0.4928081 0.2967986 0.4060938 0.5231816 0.5670197 0.5445947 0.2729967 0.2051531 0.40461 0.2125785 0.2895549 0.2673284 0.1276029 0.3222929 0.52176 0.4139419 0.5946677 0.5209031 0.603173 0.4845953 0.2707004 0.4677622 0.5990169 0.6475691 0.2188976 0.2793264 0.3217083 0.300936 0.2251834 0.1815764 0.247957 0.1414333 0.1662074 0.1111996 0.1235575 0.1587274 0.09168255 0.02522582 0.05282677 0.001026293 0.07926428 0.03881405 0.08077686 0.09765698 0.2548279 0.2817153 0.3736196 0.239243 0.1115982 0.3258201 0.4410578 0.3857718 0.58893 0.4674383 0.337823 0.4173648 0.1912293 0.154646 0.07466356 0.2310404 0.1111585 0.1990524 0.1672551
0.3701771 0.4712055 0.156781 0.6393015 0.5685995 0.5834857 0.5148147 0.7033402 0.6162668 0.5445578 0.4269299 0.1195272 0.2108164 0.22639 0.3584169 0.183561 0.2964831 0.2763201 0.6851937 0.3836395 0.563176 0.55372 0.586098 0.3805974 0.2262861 0.4712692 0.2457613 0.09897814 0.1745187 0.3286271 0.315661 0.2603577 0.3052419 0.1906046 0.2582087 0.08099436 0.1471297 0.05129378 0.09434978 0.02135281 0.01029226 0.1487898 0.2988989 0.0655592 0.1827774 0.3469704 0.4514832 0.2037458 0.09958077 0.05371123 0.1765952 0.2363243 0.4075472 0.4505429 0.6509132 0.5466413 0.114631 0.04021512 0.3466875 0.008522719 0.0005338675 0.1034254 0.3075148 0.1172416
0.3265699 0.3222451 0.6413475 0.496248 0.4215626 0.5232443 0.4978817 0.5090373 0.6381771 0.4874079 0.5907929 0.2781439 0.2300209 0.2985647 0.2664338 0.3074294 0.5271462 0.306237 0.6658144 0.2548124 0.2824845 0.4987559 0.3664844 0.1968413 0.3635019 0.2147029 0.06120336 0.1751283 0.3718536 0.2939138 0.2216636 0.328133 0.283161 0.1418504 0.1031969 0.1610918 0.1268638 0.194682 0.2235793 0.02889012 0 0.1847358 0.2374087 0.209533 0.4163048 0.1529602 0.1277261 0.07617842 0.09930206 0.3111559 0.277314 0.1230502 0.1838027 0.2541105 0.411245 0.1265208 0.3685147 0.1828768 0.01648592 0 0 0.1188634 0.1124252 0.04929979
0.1503344 0.2712108 0.6076646 0.4021601 0.4986423 0.3483663 0.5951613 0.5803139 0.5016344 0.51541 0.2577832 0.2973707 0.4199594 0.438233 0.4311316 0.2155933 0.2355768 0.6136256 0.2454248 0.5817065 0.2748694 0.3312508 0.4252628 0.1538322 0.233481 0.3003321 0.3810024 0.1329854 0.2182932 0.3607918 0.3108367 0.1838107 0.2276168 0.1923764 0.05924768 0.2260747 0.1555489 0.2154246 0.3693964 0.3373511 0.03275459 0.009964978 0.02308884 0.01290426 0.1052864 0.09782892 0.04108782 0.1856589 0.1506516 0.2579606 0.2503852 0.2195821 0.4282134 0.26502 0.04290959 0.1820031 0.2527019 1.045645e-005 0.01992996 0 0 0 0 0.00182032
0.2242548 0.3904274 0.5271462 0.4624252 0.5055359 0.6051571 0.6519046 0.5850801 0.3596286 0.1191409 0.2387182 0.4079117 0.4438819 0.5830101 0.4545024 0.479162 0.2801028 0.1659502 0.5003624 0.1873442 0.3507288 0.3611851 0.04870715 0.02398589 0.306472 0.3631921 0.3157143 0.4143682 0.1825829 0.2153318 0.297912 0.3890948 0.1563173 0.2640159 0.1641576 0.2472414 0.2613916 0.2227289 0.3652445 0.25482 0.02818226 0 0.01113263 0.09186669 0.1008719 0.2963916 0.1307258 0.07143999 0.1670578 0.2714656 0.1412047 0.09872976 0.2945347 0.268553 0.06922994 0.03364563 0.1460351 0.02989493 0 0 0 0 0 0
0.4071055 0.3202163 0.5622659 0.6420702 0.6364487 0.6167281 0.5473298 0.05413799 0.06036726 0.02372793 0.3319085 0.479889 0.5530325 0.6948013 0.4002941 0.4332877 0.3522996 0.5608789 0.1856009 0.4025834 0.3840407 0.2497588 0.005597075 0.06249385 0.1824398 0.3054967 0.3006187 0.2104446 0.2681861 0.265193 0.4943703 0.5342124 0.3351452 0.4718634 0.2698448 0.1626261 0.0825602 0.286754 0.2808675 0.1601478 0.0009279411 0.009714656 0.1310514 0.002153978 0.09275267 0.2455539 0.05759987 0.05419686 0.1224775 0.2401238 0.2205387 0.2399397 0.08916418 0.07274867 0.01527757 0.01777109 0.02037701 0.0194829 0 0 0 0 0 0
0.5130239 0.4911248 0.6634744 0.651205 0.6024322 0.6150873 0.4322752 0.03313697 0.02166617 0.03113511 0.03553909 0.3145977 0.4905852 0.5423271 0.1904279 0.6757072 0.5589671 0.5834222 0.4681577 0.1699393 0.3788712 0.2769821 0.1143172 0.2811463 0.3195166 0.3912152 0.2691174 0.2376484 0.3768094 0.5078547 0.3846238 0.4607532 0.2484569 0.1276505 0.2807793 0.3718703 0.3839124 0.2479561 0.3458539 0.1566649 0.02900713 0.1907451 0.1153581 0.1180849 0.2330208 0.2068277 0.1388298 0.4417976 0.5951782 0.4432148 0.1032533 0.4851171 0.1260232 0.1229574 0.109704 0.06847475 0.008203035 0 0 0 0 0 0 0
0.3194727 0.4833669 0.465131 0.5255026 0.5381436 0.3950187 0.1293065 0 0 0.04461583 0.3641818 0.4640341 0.3263253 0.524241 0.4128618 0.3280772 0.2918735 0.5508503 0.2626959 0.4082715 0.4356313 0.2685677 0.2422728 0.4527154 0.3852854 0.2865476 0.3646187 0.4833487 0.2318682 0.2703671 0.2807432 0.1802201 0.1019609 0.1296518 0.6262485 0.5224506 0.2847208 0.4018561 0.239631 0.007476602 0.1345256 0.1160283 0.1970364 0.4805 0.2108797 0.3214829 0.2550223 0.2105424 0.5622581 0.2864842 0.3829076 0.175534 0.1488158 0.1705204 0.05421611 0.1180012 0.06564951 0 0 0 0 0 0 0
0.4445027 0.4435951 0.5817795 0.5000781 0.3822596 0.383405 0.005277142 0 0.03910723 0.26357 0.2698846 0.4453229 0.3629624 0.5907421 0.3270312 0.4322263 0.3352293 0.3039012 0.2679305 0.1772786 0.352834 0.3036231 0.3523643 0.3220434 0.5313618 0.4850582 0.3971145 0.2157508 0.3214526 0.3686557 0.2414239 0.2468797 0.02459187 0.1590249 0.1778291 0.0438378 0.2043155 0.03411754 0.1799527 0.2316757 0.262677 0.02377925 0.4101502 0.3037126 0.0543016 0.4025938 0.1902844 0.55656 0.4854081 0.3058451 0.2122783 0.06982074 0.08705808 0 0.01787697 0.04283028 0.04982489 0 0 0 0 0 0 0
0.406075 0.5314007 0.5679627 0.4511985 0.3768739 0.3792844 0.04201923 0.02878608 0.2040807 0.5465036 0.5807657 0.5202596 0.3916417 0.4653603 0.3778203 0.2357415 0.472192 0.3175422 0.2599962 0.1048698 0.230276 0.1760006 0.267213 0.3814893 0.3680057 0.3316295 0.2818494 0.3629563 0.4159002 0.3274566 0.3451091 0.2901289 0.4152074 0.3258172 0.4264073 0.2423842 0.005548993 0.01992996 0.02763212 0.3180066 0.08225414 0.1313291 0.4305242 0.04662985 0.2395086 0.1970216 0.1513711 0.3159008 0.1840525 0.1488881 0.1637557 0.09956855 0.1076887 0.08169099 0.3758037 0.01791592 0 0 0 0 0 0 0 0
0.4625635 0.4865696 0.3024621 0.2651742 0.1581424 0.2675806 0.486511 0.4972908 0.5055624 0.3162493 0.3090071 0.4776781 0.3228458 0.4890899 0.4164894 0.388011 0.4895265 0.3586172 0.4667402 0.3346708 0.3832392 0.2215581 0.4300589 0.3408392 0.311965 0.530506 0.3696759 0.1847111 0.2496391 0.2870115 0.4073703 0.2034618 0.4139751 0.2561552 0.259312 0.01779613 0.2672391 0.2223847 0.1277943 0.1114578 0.1734378 0.4924859 0.4023247 0.1401769 0.1944512 0.4597992 0.4791376 0.4154266 0.4135838 0.1779687 0.2605683 0.4655584 0.3896151 0.2510119 0.1963545 0.1280693 0 0 0 0 0 0 0 0
0.4355017 0.646896 0.3240883 0.2989234 0.4793397 0.2992935 0.3039396 0.4136076 0.5223954 0.3101942 0.5807447 0.4888323 0.4704139 0.4873554 0.3376156 0.5484779 0.3572747 0.3035016 0.1494779 0.3186265 0.2983215 0.2661369 0.3536728 0.3578506 0.3716424 0.430256 0.4350123 0.3010702 0.1560455 0.1477813 0.1643237 0.2439231 0.5471935 0.1345444 0.0232319 0.1071055 0.3849587 0.3261156 0.3873877 0.1205679 0.1945716 0.4241851 0.5676803 0.1893856 0.4055447 0.3439839 0.4492793 0.2742731 0.2722616 0.2753121 0.4133195 0.4994788 0.3080191 0.3686937 0.1688638 0.06559891 0.03985991 0 0.03985991 0 0 0.009964978 0 0
0.4054147 0.356517 0.3974709 0.5179735 0.7641455 0.6939546 0.4937978 0.4062952 0.4633557 0.2743628 0.73874 0.6994637 0.3428268 0.3327601 0.1488013 0.469088 0.4185583 0.1858688 0.1511175 0.01699335 0.3033419 0.4289646 0.3441902 0.3284718 0.2861491 0.2886609 0.4438331 0.3569018 0.4889172 0.4139475 0.3208601 0.3583959 0.05684817 0.02020047 0.1624328 0.1945274 0.2912889 0.2658213 0.4277656 0.08484018 0.1826269 0.3331791 0.4995708 0.50743 0.54021 0.2037094 0.1089013 0.2172119 0.5668818 0.4803694 0.2866274 0.1249365 0.1628469 0.3174707 0.4772443 0.1601659 0.02989493 0 0 0.00502335 0 0.06975485 0.03413757 0
0.08682021 0.1442474 0.5456434 0.3680093 0.7391401 0.3726011 0.2453737 0.4573412 0.5323544 0.4136496 0.4141577 0.5855356 0.4512504 0.2042475 0.5826021 0.3154179 0.3947944 0.2891475 0.127268 0.1210288 0.6697148 0.3999746 0.4560355 0.5289933 0.3324427 0.3704109 0.5316408 0.2647769 0.09655752 0.1210519 0.01109782 0.02578732 0.07354265 0.2959157 0.251957 0.5099516 0.3271838 0.1501739 0.574984 0.3120688 0.3712792 0.2965706 0.3382168 0.1883209 0.4056667 0.4512272 0.2329152 0.4334817 0.2688074 0.1098436 0.3869815 0.405184 0.542245 0.3132207 0.18975 0.05547726 0.07733115 0.02858185 0 0.01490661 0 0 0.02565231 0
0.295217 0.2281592 0.5470525 0.4232425 0.5879808 0.395533 0.3416098 0.5734916 0.5459889 0.5035394 0.5324037 0.5149066 0.4542339 0.2660198 0.6357185 0.3658195 0.280835 0.3198986 0.2886244 0.5019325 0.3905967 0.2639046 0.3168917 0.2374323 0.2673213 0.4201824 0.2617592 0.1804336 0.01910744 0.01333969 0.3689779 0.3326035 0.1636201 0.4922486 0.1782324 0.4718849 0.2041339 0.185384 0.2620749 0.2956582 0.4008795 0.3186007 0.2737114 0.3290873 0.3743562 0.4165962 0.661005 0.7520809 0.5498626 0.1765069 0.3983706 0.4129697 0.3405816 0.2913933 0.04016402 0.1085075 0.03524501 0.02560203 0.02989493 0.008617822 0.04982489 0.04982489 0 0
0.6071597 0.3906723 0.4193666 0.421436 0.468619 0.507569 0.4355848 0.5074676 0.3453223 0.2183351 0.3861734 0.3087682 0.4785753 0.4365292 0.5861108 0.4367642 0.2317827 0.3492362 0.1813653 0.209083 0.2312554 0.3666852 0.3848158 0.5215409 0.3193228 0.530258 0.1011713 0.01992996 0.1941921 0.4050606 0.3447001 0.2283888 0.4312532 0.3933401 0.4619039 0.3792193 0.2836718 0.4129135 0.4710777 0.4458104 0.3395035 0.4121166 0.2427415 0.257582 0.4188101 0.6018104 0.6870173 0.3045856 0.6506401 0.3343137 0.2477208 0.2962449 0.04486185 0.3444427 0.4754213 0.2018309 0.08862334 0.03375333 0.01811076 0.04673424 0.1226388 0.009964978 0 0
0.2750286 0.124896 0.3006234 0.3416521 0.3370698 0.2404962 0.3652452 0.3162459 0.3331732 0.175437 0.05467004 0.1374548 0.3309258 0.6370862 0.3998955 0.0424516 0.1643283 0.1221531 0.5377182 0.2721614 0.2922485 0.2724377 0.4279919 0.2999647 0.3087891 0.08333368 0.009964978 0.02574798 0.2817329 0.3468344 0.1524442 0.2582568 0.2976596 0.5475562 0.4970874 0.373917 0.2156894 0.3445717 0.111064 0.2534823 0.2711396 0.4666266 0.2702955 0.3837314 0.4412313 0.4143098 0.4262882 0.3990643 0.2432248 0.3532028 0.5789593 0.4258253 0.2967729 0.5635966 0.1927206 0.1384562 0.2269186 0.05286267 0.05391122 0.08089874 0.3838919 0.01012487 0 0
0.06142375 0.2013882 0.4250561 0.2390507 0.2152312 0.0706697 0.0688765 0.06410661 0.5379351 0.09984238 0.101891 0.2940167 0.5049265 0.4831376 0.1827534 0.3772402 0.5233448 0.3433885 0.4697723 0.2420487 0.4251544 0.4398062 0.2575656 0.1878218 0.5953193 0.1743246 0 0.1329245 0.4336433 0.3141502 0.2714059 0.1999009 0.5387602 0.6786804 0.3402677 0.4356088 0.4296696 0.23927 0.3494953 0.3516908 0.3326771 0.3734422 0.4704246 0.2677129 0.4872327 0.3054318 0.2530593 0.2650808 0.4512799 0.3510833 0.3087372 0.275921 0.4541649 0.06725155 0.1006141 0.3708068 0.06546352 0.09059344 0.1782472 0.0679067 0.591118 0.2192422 0 0
