EnvRasters/Baseline_Low/arable.asc
ncols         270
nrows         223
xllcorner     24099.479091542
yllcorner     21023.840179216
cellsize      1003.8986847201
NODATA_value  -9999
[rows 140 to 167 of 223, columns 128 to 191 of 270]
0.4117467 0.4984153 0.597674 0.4410757 0.3626969 0.2825133 0.4039615 0.3505455 0.3780678 0.4424755 0.4928457 0.7114475 0.3533874 0.426829 0.3820626 0.3172351 0.4267927 0.4160956 0.4658455 0.6447068 0.5386761 0.5289475 0.4063239 0.2412791 0.100691 0.157224 0.6716182 0.8688226 0.4327787 0.3699208 0.2468828 0.4406022 0.5802685 0.08685394 0.1799761 0.1269971 0.1579527 0.1067725 0.3451414 0.3954927 0.2902027 0.1886425 0.1149192 0.2562444 0.4317769 0.2428838 0.1637513 0.188371 0.3053212 0.3717254 0.1136021 0.2695032 0.2399111 0.1070266 0.146509 0.134591 0.1745135 0.05940717 0.02598409 0.1150514 0.07134054 0.0588893 0.07088335 0.02019037
0.1914992 0.2812273 0.4648577 0.6459193 0.7537401 0.5815882 0.29278 0.3338938 0.4562159 0.8294038 0.3058021 0.597569 0.6749817 0.6508095 0.6330098 0.5891628 0.1202916 0.322004 0.2890461 0.2885773 0.2938698 0.060694 0.4681393 0.3480612 0.2137889 0.1259185 0.2331344 0.425609 0.5726026 0.6946752 0.5108433 0.6710859 0.5329314 0.08670627 0.1264238 0.08991555 0.4663825 0.4942448 0.6387058 0.5589999 0.4323933 0.2140252 0.2691738 0.06193251 0.127393 0.2099748 0.07857078 0.2938174 0.2313987 0.3449955 0.1954256 0.0446631 0.003021903 0.07260025 0.4025106 0.1376224 0.02827886 0.01503997 0.1317408 0.06353294 0 0.03985991 0.06125744 0.2786929
0.3778485 0.83366 0.498937 0.2456747 0.4979355 0.2565828 0.2155244 0.4360305 0.4505742 0.5868776 0.4846929 0.1570551 0.007797237 0.2020109 0.1304336 0.03214749 0 0.07217352 0.4880014 0.4614702 0.7082009 0.07787078 0.1957668 0.3282538 0 0.0309976 0.3234977 0.09218058 0.1246608 0.2007077 0.5317745 0.8674324 0.7089411 0.4184725 0.1936449 0.2938957 0.2043381 0.4828291 0.4552516 0.4541322 0.3393062 0.08821618 0.3891482 0.5679656 0.4742415 0.1819829 0.09591826 0.004452403 0.1344131 0.2980772 0.1920704 0.1591183 0.1840886 0.1198133 0.248369 0.2444374 0.1937158 0.220066 0.03566002 0 0.06050637 0.05123394 0.28756 0.1620214
0.4043489 0.2988473 0.6360679 0.5469276 0.5587989 0.4977822 0.4134569 0.4319705 0.1418056 0.4902089 0.2777388 0.06910137 0.06542632 0.3703115 0.01896212 0.004845759 0 0 0.257681 0.2560378 0.1678828 0.2246065 0.03192245 0 0.009964978 0.1997823 0.3914554 0.582603 0.2483419 0.07919763 0.1545277 0.2278567 0.4283389 0.1355521 0.4533176 0.56261 0.3010889 0.1976096 0.2018691 0.1726898 0.1459763 0.2281966 0.4847103 0.2516334 0.0802927 0.1476244 0.1948822 0 0.06206742 0.1613953 0.1057841 0.2605809 0.190038 0.04913798 0.1136397 0.1503812 0.1242739 0.09427214 0.03422848 0 0.04534804 0.2643918 0.1616475 0.1256597
0.03058402 0.01422037 0.05695328 0.2570404 0.2851365 0.3115956 0.2725325 0.4533209 0.1929853 0.2525305 0.1952229 0.2686577 0.2877713 0.3021137 0.3008328 0.1372106 0.02126189 0.04465875 0.02712503 0.1135226 0.07919805 0.006400303 0.009964978 0 0 0.02941225 0.001376457 0.0606554 0.04995218 0.1527412 0.4536776 0.05020729 0.06820862 0.4020816 0.2464896 0.4247723 0.3547175 0.202105 0.2397305 0.1695346 0.5633187 0.1089352 0.01992844 0.01297899 0.09895532 0.0869152 0.2292765 0.09147839 0.3765801 0.2095987 0.08284559 0.02137381 0.1092306 0.05978987 0.3330854 0.2034581 0.03816429 0.07374688 0.1717709 0.0630287 0.120978 0.2985228 0.702961 0.6944865
0.3412151 0.2337857 0.3641383 0.08372119 0.3424946 0.1828058 0.3196625 0.6059087 0.3357441 0.1961121 0.2030046 0.356251 0.2351808 0.1322825 0.3101338 0.5227222 0.07512575 0.3381786 0.7533982 0.252815 0.4573456 0.2093558 0.1491533 0.04621389 0.03975482 0.1240579 0.1402686 0.4889536 0.3631409 0.1405713 0.1402027 0.1887489 0.2811442 0.7427523 0.1973808 0.5059663 0.4654177 0.639145 0.2673167 0.009964978 0.06725468 0.1976317 0.05543986 0.002007829 0.1755858 0.2101449 0.4259721 0.06354637 0.07401322 0.01992996 0.009964978 0 0 0.1046506 0.2415715 0.01098322 0 0.00964089 0.008585228 0.2590317 0.4266415 0.7532559 0.7166132 0.4647313
0.1635995 0.2873819 0.3657223 0.2612319 0.08106653 0.3054212 0.3568727 0.4149775 0.5863172 0.2896912 0.3207004 0.09957234 0.3020874 0.453814 0.2754863 0.3916635 0.1015295 0.06936869 0.2166567 0.6271355 0.2445328 0.597256 0.2296154 0.1661586 0.1601171 0.3915072 0.06918629 0.3365707 0.1296144 0.1910157 0.2288152 0.193267 0.3510875 0.4315026 0.5295072 0.5894076 0.2923007 0.5142622 0.008795432 0.02054451 0.09806208 0.08465145 0.2867965 0.09222574 0.2026973 0.0820442 0.1774739 0.09799876 0.2429101 0.01284584 0 0.00934012 0.08336275 0.3028968 0.04563298 0 0 0.2845029 0.07108551 0.3153631 0.86156 0.7633842 0.7231144 0.2299957
0.1280167 0.3325058 0.2294865 0.170682 0.2703123 0.6093417 0.8709294 0.7509232 0.4402477 0.3367342 0.2055853 0.2320939 0.4658801 0.3384741 0.09732299 0.2517369 0.06262505 0.02989493 0.1054212 0.3658427 0.2817549 0.2272215 0.0767389 0.3039996 0.6305235 0.6203007 0.1432925 0.01663395 0.06446616 0.1477022 0.1689267 0.1679459 0.4858653 0.293819 0.3892031 0.4745177 0.6823182 0.3083068 0.1404671 0.06135707 0.2699398 0.1135145 0.2867606 0.1476748 0.3136994 0.1167531 0.2597571 0.08810742 0.01720362 0 0.03562897 0.1487444 0.2198781 0.1600112 0 0 0.09103794 0.1399829 0.1419611 0.4609676 0.7188092 0.6554577 0.2126469 0.1608335
0.2572509 0.4759322 0.4391837 0.1519435 0.2245782 0.4377538 0.2762849 0.286201 0.190145 0.2447644 0.1628154 0.2651199 0.05043561 0.07072914 0.1581165 0.09792903 0.006193572 0.04799925 0.117994 0.12394 0.1844212 0.2733683 0.1234263 0.3404313 0.5238323 0.3498302 0.09388506 0.1196778 0.03820763 0.165246 0.1265502 0.252008 0.2575267 0.1968224 0.3340515 0.6849585 0.4511808 0.2409696 0.2824612 0.5218996 0.2622877 0.01026629 0.2074876 0.3363843 0.4668142 0.2275627 0.07391162 0.1322011 0.1959285 0.04970096 0.07419358 0.07828171 0.01992996 0.01932905 0 0.1910665 0.3322994 0.1453921 0.2259725 0.2398666 0.04228365 0.15448 0.04904876 0.03236457
0.1295241 0.1010392 0.2237789 0.09758416 0.04760101 0 0.1026173 0.3274043 0.1386858 0.2237601 0.01393047 0.1517207 0.09261385 0.2357008 0.2174055 0.1605539 0.04345145 0.02169947 0.09450953 0.08307745 0.1215537 0.1617204 0 0 0 0 0.0345764 0.218571 0.3012502 0.1255808 0.2377687 0.1048437 0.03352746 0.060654 0.04350613 0.5487841 0.6685229 0.2646627 0.2971208 0.2409789 0.1676698 0 0.06907835 0.01431896 0.2987842 0.3367359 0.1074847 0.1051058 0.01239547 0.08009782 0.09390572 0.0292237 0 0.06990737 0.05005115 0.06204471 0.08710252 0.1596001 0.1247319 0.1022572 0.241011 0 0.1056468 0.04467186
0 0.07248268 0.01395729 0 0 0 0.05853651 0.1915593 0 0.08876502 0.004550511 0.05455889 0.1018291 0.1533803 0.04317712 0.02086368 0.01942774 0 0 0 0.01989469 0.08112668 0.01580437 0.06125211 0.02160879 0.01177625 0.02014497 0.1286831 0.1022153 -9999 0.02989493 0.04920661 0.03690838 0.09451974 0.1198118 0.1759853 0.3311653 0.245488 0.12531 0.2347993 0.1763228 0.004170414 0 0.1493551 0.1737177 0.1649649 0.08887981 0.1500592 0.03911365 0.02577293 0.1433919 0.3521838 0.2145179 0.1019068 0.238561 0.160302 0.08013364 0.2593363 0.2199184 0.2424885 0.05265694 0.03303823 0.1449787 0.1336791
0 0 0 0 0 0 0.01992996 0.1015507 0 0.02266478 0.08200453 0.1938331 0.2694854 0.1539414 0 0 0 0 0.0720621 0.1853684 0.385348 0.4382658 0.1427031 0.1595899 0.1651832 0.1192568 0.009749968 0 -9999 -9999 -9999 -9999 -9999 0 0.01824637 0.1534459 0.01550088 0.03289055 0.2942677 0.2682375 0.04022636 0.009964978 0 0.08612857 0.09259929 0.01886827 0.01985264 0.06408402 0.01099894 0 0 0.1165284 0.1874458 0.1726234 0.2173496 0.122936 0.1312746 0.3162174 0.3985615 0.3445261 0.309258 0.207581 0.1727441 0.1511992
0 0 0 0 0 0 0.01290245 0.1789461 0.06996178 0.2135896 0.1073664 0.2328515 0.1332895 0.0008132596 0 0 0 0.1043395 0.387778 0.2380026 0.4298186 0.1872274 0.2834421 0.1022533 0.2888024 0.09961208 -9999 -9999 -9999 -9999 -9999 -9999 -9999 0.08029379 0.05789047 0.09429538 0.009964978 0.01049445 0.05631653 0.279442 0.2019812 0.1356277 0.1970873 0.09152523 0.09724265 0.3651823 0.03359823 0.001823972 0.004495502 0 0 0.009964978 0.08922322 0.2523792 0.1507764 0.2120665 0.03802998 0.091648 0.158254 0.4867702 0.6156424 0.1525253 0.1922222 0.1829104
0.005824034 0.00328101 0.03360474 0.005384276 0.004580703 0 0.1410982 0.2257618 0.08200713 0.2528083 0.08257867 0.04185209 0.123343 0.00126272 0.1006058 0.2074674 0.1019007 0.06126017 0.1270528 0.3249592 0.2774591 0.3894539 0.4517233 0.00114241 0.3856846 -9999 -9999 -9999 -9999 -9999 -9999 -9999 0 0.0949002 0.1856078 0.0957963 0.03609372 0.071863 0.122277 0.2319404 0.151772 0.2173869 0.2136479 0.2790281 0.2770291 0.5380778 0.09802388 0.06211467 0.1258968 0.02126878 0.2172994 0.07368933 0.08871185 0.272471 0.09863696 0.08608842 0.1602557 0.1477635 0.3424253 0.2673278 0.1240712 0.243976 0.2311962 0.08816303
0.05816433 0.3073246 0.1994743 0.0794541 0.01327368 0.1237576 0.1404727 0.004611989 0.0656276 0.3269598 0.06142152 0.03430131 0.02989493 0.04982489 0.05454631 0.2140666 0.250688 0.1465878 0.2882468 0.4649794 0.6915903 0.4564142 0.2833233 0.1255556 0.08089428 -9999 -9999 -9999 -9999 -9999 -9999 -9999 0.01873543 0.1720509 0.21607 0.3017236 0.3428248 0.1180943 0.09071727 0.4647089 0.429978 0.4683535 0.1627283 0.2492456 0.1886032 0.1320012 0.03247549 0.09649615 0.1991735 0.1243279 0.06401594 0.0179812 0.2287928 0.2008092 0.1354001 0.08229908 0.1504886 0.1512743 0.1159503 0.2821876 0.07417571 0.09288014 0.149176 0.1340937
0.002797996 0.009964978 0.1359029 0.0880493 0.03607409 0.08814448 0.1305324 0.07842336 0.2330758 0.1864745 0.3006089 0.1548042 0.3086019 0.2374037 0.3530786 0.4346962 0.5311197 0.2030066 0.2380906 0.4417755 0.2571344 0.2202392 0.2935858 0.07730704 0 -9999 -9999 -9999 -9999 -9999 -9999 0 0 0.2181289 0.6142524 0.4058292 0.3082041 0.4676133 0.1171899 0.1326229 0.3603989 0.2801457 0.1674051 0.0910622 0.1860818 0.1204494 0.05006586 0.009964978 0.06507216 0.1377617 0.06403172 0.2693607 0.3636827 0.01603933 0.05900562 0.1877118 0.1063999 0.05537897 0.2835465 0.2804742 0.0155434 0.05613305 0.06201299 0.1312564
0 0.09614221 0.08784179 0.1110883 0.05338658 0.09291713 0.2944333 0.2321373 0.2279306 0.1639826 0.02023384 0.1942168 0.2663057 0.2895161 0.319983 0.5299621 0.4452825 0.1282609 0.1271442 0.2043622 0.09657922 0.1180298 0.00273491 -9999 -9999 -9999 -9999 -9999 -9999 -9999 0.009964978 0.03985991 0 0.2324234 0.3535191 0.3574305 0.3212164 0.5711202 0.3021879 0.1400234 0.4990515 0.1390217 0.1843596 0.1839806 0.09701034 0.2001529 0.04214075 0.06290475 0.0618045 0.1204358 0.06709201 0.1284864 0.2029269 0.1832927 0.1219957 0.09318668 0.2437652 0.1358903 0.246512 0.1818268 0.2034373 0.3292188 0.2109704 0.0815613
0 0.02461126 0.07998852 0.08483703 0.1375339 0.1003097 0.2947424 0.2721537 0.3594404 0.2171116 0.08992528 0.0349305 0.173314 0.1489419 0.5062632 0.280195 0.227825 0.263035 0.1916981 0.09841646 0.1424171 -9999 -9999 -9999 -9999 -9999 -9999 -9999 -9999 -9999 0 0.02914057 0.009047638 0.02989493 0.2597643 0.170242 0.1179016 0.286974 0.2016302 0.2667334 0.4476875 0.02902388 0.08331171 0.2828045 0.2290003 0.1548864 0.1821555 0.1545525 0.1238838 0.148007 0.3019598 0.07019937 0.1427687 0.2466492 0.2128388 0.1068909 0.3139633 0.3094092 0.1827198 0.0960247 0.1466788 0.1777208 0.2026386 0.08044329
0.04874241 0.02038411 0.09982327 0.06066858 0.1690678 0.3586421 0.1585481 0.3724069 0.1681994 0.307851 0.1857938 0.1542178 0.07901923 0.1144554 0.2457728 0.1531944 0.09313264 0.116914 0.05235402 0 0 -9999 -9999 -9999 -9999 -9999 -9999 -9999 -9999 -9999 0.01012095 0.196779 0.0009173407 0 0.02152392 0 0 0 0.06943158 0.3630689 0.2244374 0.262233 0.08530786 0.2105788 0.205965 0.1348142 0.02410561 0.09031909 0.2226646 0.3492927 0.3466369 0.2542886 0.2220574 0.173582 0.3663623 0.2290355 0.3925547 0.3923369 0.1956648 0.02989493 0.1979186 0.1856149 0.200729 0.09505952
0.2050181 0.03881447 0.03767276 0.1493993 0.1781733 0.1420557 0.2741939 0.1609355 0.2696373 0.2076762 0.2693071 0.363098 0.2331149 0.378518 0.3775255 0.07187266 0 0.01992996 0 0 -9999 -9999 -9999 -9999 -9999 -9999 -9999 -9999 -9999 0 0.1227098 0.3971499 0.296907 0.02566636 0 0 0 0 0 0.2713222 0.346013 0.5996767 0.09212889 0.1989348 0.05892676 0.06641427 0.04482556 0.218084 0.2665424 0.141722 0.303194 0.1578382 0.10741 0.1836725 0.04927316 0.04175055 0.0896027 0.1556963 0.03371034 0.00195785 0 0.1111562 0.1891952 0.163957
0.1277445 0.171595 0.3205793 0.1795995 0.5739846 0.5273326 0.074632 0.3422006 0.222205 0.218346 0.2344978 0.1927343 0.03948739 0.3614885 0.2149183 0.03300444 0 0.01992996 0 0 0 -9999 -9999 -9999 -9999 -9999 -9999 -9999 -9999 0.03985991 0.08000121 0.002361072 0.1099575 0.07319277 0 0 0 0 0.06623237 0.3383697 0.3573782 0.3861598 0.1878243 0.0946057 0.02989493 0.2225491 0.1637753 0.116415 0.1301108 0.01914202 0 0.0777896 0.2053803 0.1082811 0.03732118 0.04272669 0.02767326 0.04258304 1.877013e-005 0.0121953 0.01933395 0.09810832 0.03791666 0.02675391
0.3410134 0.2560126 0.3572826 0.3341778 0.4534976 0.2717324 0.1794513 0.3141599 0.2976242 0.1850966 0.01513129 0 0.0004022535 0.0195277 0 0.01995036 0 0 0 0 0 -9999 -9999 -9999 -9999 -9999 -9999 -9999 -9999 0.01524857 0.01464636 0.009964978 0 0.03360316 0.003516124 0 0 0.009964978 0.05776936 0.1168868 0.220869 0.03276552 0.1065518 0.01145629 0 0.03418624 0 0.04495662 0.1298222 0 0 0.02123524 0.03867913 0.03498948 0 0 0 0 0 0 0.04623272 0.04154628 0 0
0.2738707 0.2907083 0.1533078 0.2495777 0.3914406 0.3430928 0.1405399 0.06832733 0.001177374 0.04982489 0 0 0 0.01992996 0 0.006246491 0 0 0 0 0 -9999 -9999 -9999 -9999 -9999 -9999 -9999 -9999 -9999 0 0.009964978 0.009201705 0.01901054 0.009964978 0 0.07165629 0.1964842 0.1687314 0.004471972 0.1176028 0 0.006668555 0.0002077099 0 0 0.01139173 0.243927 0.01524361 0 0 0.0157713 0 0 0 0.01992996 0.009964978 0 0 0 0 0.00827861 0 0
0.1640695 0.1340266 0.2402273 0.4227112 0.05801238 0.06631936 0.197689 0.07470252 0.09060194 0.009964978 0 0 0 0 0.001343274 0.0717328 0.05991565 0.004030493 0.1225661 0.04511216 0.01703903 -9999 -9999 -9999 -9999 -9999 -9999 -9999 -9999 0 0 0.07249945 0.1341981 0.01121475 0.1312469 0.05593134 0.1889674 0.2821794 0.1373736 0.03870599 0.06243594 0.00654092 0.0002609512 0 0 0 0 0.009964978 0 0 0.009964978 0.01252529 0.007404669 0 0.009964978 0.01992996 0.1851922 0.01992996 0.02989493 0 0.03985991 0.001727177 0.009964978 0.07182546
0.3103818 0.2455198 0.1186909 0.1675849 0.02123401 0.1135516 0.08648564 0.01090017 0 0 0 0 0 0 0.009964978 0.3183898 0.4712698 0.1358737 0.08502784 0.05276787 -9999 -9999 -9999 -9999 -9999 -9999 -9999 -9999 -9999 0 0.01992996 0.08413384 0.1850015 0.1430237 0.01230951 0.01154062 0.03985991 0.07772218 0.02989493 0.08350925 0.07871805 0.003045198 0.03997782 0 0 0 0 0 0 0.08156533 0.2161454 0.05209359 0 0.1113829 0.04076046 0 0.01410741 0 0 0.01992996 0.2500142 0.3293543 0.07463203 0.09277141
0.07142205 0.05039656 0.02561233 0 0 0 0 0 0 0 0 0 0.08089685 0.06995508 0.05841261 0.2924214 0.2415061 0.1159994 0.006966001 0 -9999 -9999 -9999 -9999 -9999 -9999 -9999 -9999 -9999 0 0.009964978 0.1151706 0.1239633 0.2156774 0 0.01860332 0 0.04067777 0.09985001 0.2754206 0.06184591 0 0.03985991 0.006504366 0.0652047 0.008962426 0 0 0.01992996 0.2351361 0.3490802 0.03131489 0.2318903 0.1978257 0.2832125 0 0.02533423 0.05635906 0 0 0.0378319 0.2199536 0.03258067 0.01992996
0.01217419 0.01253853 0.03436325 0.1071781 0.08297864 0 0 0 0 0.09964979 0 0 0 0 0 0 0 0 0 0 -9999 -9999 -9999 -9999 -9999 -9999 -9999 -9999 -9999 0.02023721 0.03683611 0.03149423 0.0208457 0.07625229 0.1018835 0.06111651 0.1316823 0.07035156 0.04776927 0.1302843 0.05997093 0 0.01667192 0.09943975 0.2667006 0.05788235 0.1432689 0.03985991 0 0.07037772 0.04504681 0.0189006 0.3262268 0.3189491 0.15549 0.01276982 0.3259265 0.3675607 0.3874266 0.04651331 0.02468452 0 0.02324829 0.009964978
0 0 0.08977766 0.1539097 0.1940424 0 0 0 0.005788095 0.03998199 0 0 0 0 0 0 0 0 0 0 0 -9999 -9999 -9999 -9999 -9999 -9999 -9999 -9999 0.06655122 0.1002008 0.1242574 0.08477713 0.1291679 0.2424369 0.0878227 0.3081568 0.0900521 0.1420598 0.1615286 0.06722858 0 0.01453841 0.2049343 0.03801062 0.16959 0.2900676 0.1104592 0 0 0 0.003627296 0.1170543 0.1519627 0.03985991 0.01887377 0.3365082 0.4728414 0.0685151 0.1491141 0.1229384 0.09251764 0.1658435 0.003374321
