EnvRasters/Baseline_Low/arable.asc
ncols         270
nrows         223
xllcorner     24099.479091542
yllcorner     21023.840179216
cellsize      1003.8986847201
NODATA_value  -9999
[rows 112 to 139 of 223, columns 64 to 127 of 270]
0.06927224 0 -9999 -9999 -9999 0.009964978 0.01946525 0 0 0.08538485 0.2516676 0.1682296 0.1652288 0.1322413 0.02171923 0.04982489 0.05978987 0.07823758 0.2416594 0.1500048 0.3710566 0.08645185 0 0.09270245 0.00514741 0 0.005349368 0.02750899 0.1165991 0.198789 0.04573599 0.1179523 0.05274514 0.1734563 0.136532 0.1820147 0.1879179 0.4517536 0.6058549 0.4408244 0.7654907 0.6754171 0.3524143 0.3412201 0.1832695 0.2407849 0.1708494 0.407653 0.3045219 0.0838524 0.1039427 0.2297144 0.4583164 0.3912005 0.5334683 0.2588826 0.3255191 0.4551176 0.2184225 0.6054787 0.7631778 0.5624593 0.3433768 0.5256615
-9999 -9999 -9999 -9999 -9999 -9999 -9999 -9999 0.03241681 0.168118 0.2342141 0.2320215 0.6163586 0.3739359 0.105439 0.1059008 0.2554511 0.3948807 0.4141043 0.4228561 0.240675 0.05569281 0.2394503 0.08628234 0.2172866 0.4532679 0.2305649 0.3318043 0.2036811 0.2831607 0.07094931 0.06217416 0.07207045 0.1094172 0.08515397 0.254253 0.3082359 0.2007102 0.52444 0.4349483 0.4990246 0.616318 0.5835007 0.1905061 0.45382 0.07553064 0.08474673 0.139575 0.02110289 0.1411631 0.2169061 0.2535639 0.5089794 0.4369281 0.595964 0.5356951 0.6365981 0.5569447 0.3407509 0.6435598 0.6875528 0.6009446 0.4219919 0.3760951
-9999 -9999 -9999 -9999 -9999 -9999 -9999 -9999 -9999 0.2810118 0.4616948 0.3510968 0.1983528 0.1190495 0.2485931 0.3203872 0.3740687 0.5004045 0.3904107 0.2578647 0.1116445 0.08812963 0.09677061 0.2287938 0.294592 0.2649587 0.3538531 0.3403551 0.2036823 0.3229494 0.1369511 0.1397231 0.270608 0.6875535 0.2486159 0.1243646 0.05248303 0.1309443 0.1478858 0.1274835 0.4502567 0.2613044 0.2169614 0.2013571 0.1774347 0.2175214 0.3400829 0.2032233 0.01301534 0.08128379 0.1100906 0.08107557 0.1719686 0.55405 0.2479 0.1826023 0.6908878 0.6112729 0.3899609 0.7302286 0.3514319 0.394827 0.7247465 0.2043024
-9999 -9999 -9999 -9999 -9999 -9999 -9999 -9999 -9999 0.02569371 0.1153227 0.3095876 0.06467906 0.01141673 0.3574528 0.2178884 0.3203448 0.5186961 0.3122742 0.1338589 0.06573629 0.3887209 0.4383041 0.3222983 0.2561657 0.2321598 0.5570903 0.6859064 0.453384 0.3134333 0.2857045 0.09037063 0.110343 0.1885654 0.1125161 0.1585257 0.2253392 0.2205217 0.06156514 0.2320144 0.4110267 0.29075 0.1621259 0.3241508 0.4545807 0.4714241 0.1798121 0.2135777 0.105582 0.1705767 0.1267831 0.04066289 0.01149721 0.05682809 0.1515899 0.2295505 0.496273 0.4056036 0.09126436 0.3022783 0.4077296 0.2743551 0.245894 0.1259008
-9999 -9999 -9999 -9999 -9999 -9999 -9999 -9999 -9999 -9999 -9999 0.009438691 0.0009630767 0.214053 0.5445957 0.3068838 0.239642 0.4162014 0.3286299 0.2437093 0.3291275 0.4559023 0.1020951 0.07307593 0.2627339 0.2467233 0.3275243 0.2788428 0.4146549 0.154675 0.2690402 0.009964978 0.04857556 0.2079411 0.2112404 0.05166645 0.01412589 0.2889717 0.2330071 0.01054068 0.3339608 0.3091276 0.1749986 0.3700243 0.4228097 0.4457736 0.1865341 0.4754021 0.2512066 0.1303637 0.2794981 0.09238054 0.07971983 0.08644173 0.4264682 0.5214825 0.4801481 0.6026323 0.3056675 0.4117997 0.3672374 0.2524238 0.08545499 0.3101112
-9999 -9999 -9999 -9999 -9999 -9999 -9999 -9999 -9999 -9999 0 0.3435397 0.1716453 0.4764801 0.4865221 0.5472702 0.5795398 0.3632254 0.09368071 0.2563832 0.3201085 0.1961354 0 0.1011645 0.1431574 0.1145025 0.1871735 0.09083708 0.2229133 0.2745326 0.09682515 0.07539073 0.2813002 0.2368664 0.1799086 0.5592194 0.04233626 0.6577878 0.7162026 0.4214517 0.2385179 0.7662026 0.5752629 0.4775367 0.5556565 0.2628919 0.5898039 0.6310517 0.6652318 0.5883154 0.5223067 0.4726106 0.2537198 0.1745533 0.5177937 0.8046854 0.7001687 0.8918018 0.6028268 0.3703663 0.1247482 0.2413158 0.1711945 0.2200706
-9999 -9999 -9999 -9999 -9999 -9999 -9999 -9999 -9999 -9999 -9999 0.1660108 0.3740666 0.3616869 0.3098149 0.1727508 0.2512289 0.4654593 0.2986636 0.2393269 0.2723367 0.3125562 0.1015424 0.1085648 0.3166809 0.01574906 0.2360095 0.1093098 0.1341661 0.0862465 0.1211937 0.1818679 0.2243021 0.2903107 0.3621907 0.1437346 0.2995398 0.521391 0.5001938 0.8248488 0.7585017 0.6252416 0.4872251 0.5066921 0.7026152 0.4103459 0.3444777 0.7049651 0.5739954 0.7532631 0.2352057 0.6226757 0.4534908 0.3333306 0.324743 0.5262877 0.4303103 0.398399 0.453157 0.2884585 0.2096079 0.2607185 0.128599 0.1316025
-9999 -9999 -9999 -9999 -9999 -9999 -9999 -9999 -9999 -9999 -9999 0.1286881 0.3261833 0.4698519 0.5784569 0.5891781 0.217027 0.485263 0.5554768 0.5941385 0.3043323 0.583166 0.3079585 0.3059177 0.2973011 0.1449075 0.2997426 0.1847676 0.4599164 0.2874121 0.4011332 0.3770099 0.2381824 0.3162861 0.2439112 0.5769605 0.7464772 0.660532 0.4944402 0.5756456 0.6607234 0.6008688 0.3898805 0.4948921 0.5926621 0.7144655 0.548204 0.3607378 0.252406 0.408295 0.2953867 0.2180171 0.4197966 0.4009148 0.2762403 0.7326728 0.6349928 0.3761238 0.2826041 0.2772526 0.3708887 0.3682328 0.06838109 0.1704476
-9999 -9999 -9999 -9999 -9999 -9999 -9999 -9999 -9999 -9999 -9999 0.0430274 0.3942259 0.7108633 0.7059183 0.5405548 0.4601765 0.6528689 0.4408212 0.5706338 0.3608986 0.449723 0.4304846 0.2440232 0.181764 0.1805059 0.5106958 0.5427877 0.3836111 0.7698861 0.4126056 0.08997692 0.4835219 0.5913817 0.4829906 0.6439287 0.3631375 0.6267328 0.8529943 0.7409595 0.7687889 0.8961508 0.5076812 0.6592912 0.7579645 0.8974337 0.5415443 0.3975015 0.184261 0.2796139 0.2846051 0.3842371 0.6769183 0.328055 0.320636 0.77877 0.6922145 0.4647945 0.335222 0.5916269 0.2154468 0.217404 0.1467646 0.009524571
-9999 -9999 -9999 -9999 -9999 -9999 -9999 -9999 -9999 -9999 -9999 0.005548771 0.1068056 0.3645926 0.708744 0.7446703 0.7812687 0.4461356 0.2287022 0.1470349 0.1799578 0.459037 0.2079936 0.3615929 0.2400025 0.135808 0.1668676 0.07370254 0.2451222 0.4528852 0.4924537 0.440805 0.5240873 0.3070205 0.4740043 0.1146162 0.5078128 0.8011171 0.83522 0.779197 0.857594 0.8700117 0.4201568 0.7593825 0.8216431 0.5505214 0.1041782 0.1849266 0.3717767 0.4065201 0.239816 0.3967171 0.6850641 0.3564338 0.147899 0.496033 0.6309683 0.1564963 0.1154963 0.354365 0.3052098 0.2722842 0.1101006 0.02460321
-9999 -9999 -9999 -9999 -9999 -9999 -9999 -9999 -9999 -9999 -9999 0.0003152107 0.3128165 0.6293944 0.7434587 0.7511184 0.7347109 0.1531282 0.1472374 0.1220897 0.2383694 0.1602789 0.3842834 0.3324558 0.3085245 0.33597 0.2457448 0.2814332 0.3173428 0.5796876 0.5446795 0.8360402 0.5876185 0.602697 0.7417865 0.7704581 0.2315059 0.8485249 0.7771848 0.5734421 0.749873 0.7921318 0.30114 0.7901609 0.8141118 0.5971047 0.3156814 0.3602739 0.5516658 0.606094 0.3630156 0.3380265 0.5182577 0.5827578 0.2289787 0.2564443 0.5497761 0.325635 0.2263045 0.3392547 0.2187539 0.2658829 0.03511485 0.04780929
-9999 -9999 -9999 -9999 -9999 -9999 -9999 -9999 -9999 -9999 -9999 0.02000441 0.6592016 0.4093395 0.7267212 0.797711 0.7165938 0.4402983 0.218958 0.426148 0.3333426 0.1811564 0.2208909 0.02487676 0.0129058 0.1906206 0.3502041 0.526436 0.5514479 0.4929151 0.8227642 0.6666846 0.7748114 0.7884955 0.4237993 0.7254218 0.5929423 0.8726002 0.7592511 0.7508139 0.8078439 0.3970207 0.5556412 0.6638415 0.6787348 0.6023672 0.5398552 0.5063161 0.6546142 0.3131238 0.4185269 0.2800128 0.7475657 0.6442648 0.205675 0.1675811 0.3048691 0.646938 0.4874428 0.6664323 0.5087476 0.1603712 0.1105199 0.1707697
-9999 -9999 -9999 -9999 -9999 -9999 -9999 -9999 -9999 -9999 -9999 0.2958158 0.8161713 0.541864 0.8738215 0.2761375 0.6017619 0.2872508 0.6473739 0.7538321 0.5807469 0.3964731 0.5095327 0.5608543 0.004399557 0.4688547 0.6979297 0.7763529 0.8515015 0.7654044 0.517449 0.8225649 0.6697859 0.6094711 0.8778085 0.718986 0.2654799 0.4148642 0.6866242 0.5770299 0.3837335 0.5469937 0.4503681 0.501993 0.596504 0.3744717 0.6516587 0.3323526 0.7013589 0.6446132 0.2935154 0.5699003 0.79893 0.4195096 0.5314116 0.4012377 0.1330436 0.762988 0.5513085 0.2850151 0.3825025 0.4331367 0.09729115 0.2418873
-9999 -9999 -9999 -9999 -9999 -9999 -9999 -9999 -9999 -9999 0.05951501 0.8023244 0.7720324 0.5013881 0.6832298 0.4079247 0.2344776 0.671165 0.8018214 0.7309352 0.5674401 0.3358594 0.6073169 0.5489242 0 0.527172 0.5698262 0.682134 0.3983502 0.5847456 0.5653443 0.7754957 0.516723 0.8246213 0.8745694 0.7985861 0.6766746 0.2886942 0.5496621 0.7557051 0.6803028 0.7470244 0.5318812 0.4751944 0.3023574 0.6116473 0.5754591 0.219574 0.1515726 0.5787444 0.1919294 0.6652045 0.2818107 0.00876625 0.4245313 0.1505551 0.001900718 0.1492191 0.2222728 0.07309891 0.05978987 0.2336626 0.259472 0.2293477
-9999 -9999 -9999 -9999 -9999 -9999 -9999 -9999 -9999 -9999 0.0171931 0.5814891 0.753028 0.3365245 0.5856323 0.6245397 0.3995753 0.554956 0.559678 0.3364299 0.6480538 0.7081187 0.6345443 0.711358 0.1639232 0.5584446 0.4329451 0.4546307 0.6451443 0.6417145 0.4011381 0.7472005 0.6502091 0.6283734 0.6919472 0.8012936 0.6730069 0.5556251 0.7966306 0.8658599 0.7214028 0.8542015 0.5258486 0.4571567 0.5763524 0.08230739 0.1927148 0.1224079 0.4067116 0.6261628 0.2121622 0.2309898 0.1800077 0.3602674 0.3247275 0.1250286 0.02032251 0.248514 0.3259995 0.1206017 0.009964978 0.1587362 0.3031995 0.1914417
-9999 -9999 -9999 -9999 -9999 -9999 -9999 -9999 -9999 -9999 -9999 0.3953562 0.6906862 0.3451937 0.4967522 0.4169891 0.6609389 0.4371901 0.5611675 0.3327889 0.4416653 0.6498237 0.6967816 0.4500452 0.5916716 0.3098714 0.4352637 0.3606304 0.7077962 0.7759655 0.6902608 0.5603575 0.7030039 0.6273783 0.741826 0.7896311 0.5261586 0.07960893 0.5344216 0.3134678 0.648041 0.8090766 0.7942193 0.3979078 0.470248 0.3936593 0.5969141 0.3475159 0.6433057 0.5893741 0.4532115 0.311128 0.5892286 0.6983479 0.3808488 0.462956 0.1332794 0.1102693 0.3073623 0.3854926 0.02625255 0.1080895 0.2755877 0.3690486
-9999 -9999 -9999 -9999 -9999 -9999 -9999 -9999 -9999 -9999 -9999 0.1791773 0.6498799 0.4675065 0.2469351 0.07592756 0.2702408 0.03662388 0.01922825 -9999 -9999 0.06162712 0.3239578 -9999 0.05693242 0.2419313 0.6905901 0.7551439 0.688942 0.7740402 0.7818161 0.6217248 0.3995237 0.7453209 0.6716744 0.2040506 -9999 0.2394551 0.5692335 0.7328857 0.8557503 0.7464712 0.7185646 0.3541322 0.3073567 0.6953957 0.6467366 0.7690134 0.6729283 0.8254586 0.3944226 0.8484921 0.6016454 0.2922755 0.2835115 0.291889 0.1232725 0.3020742 0.90684 0.4206553 0.4800354 0.3770532 0.05067575 0.0858577
-9999 -9999 -9999 -9999 -9999 -9999 -9999 -9999 -9999 -9999 -9999 -9999 0.6040283 0.5433177 0.7455347 0.5236696 0.1272359 -9999 -9999 -9999 -9999 -9999 -9999 -9999 -9999 0.06757621 0.246638 0.6039671 0.327135 0.6327164 0.3642997 0.04279729 0.05306913 0.004326983 0.02655423 -9999 -9999 0.03463453 0.3642764 0.8225935 0.8333177 0.6758955 0.8436423 0.4025393 0.2072782 0.788243 0.6703495 0.5296912 0.863317 0.6352274 0.4033414 0.5147638 0.4829115 0.5928553 0.4477263 0.1702676 0.2844951 0.7087518 0.7324228 0.6378727 0.4155255 0.7504039 0.6724293 0.2535683
-9999 -9999 -9999 -9999 -9999 -9999 -9999 -9999 -9999 -9999 -9999 -9999 0.2712058 0.4655711 0.6092167 0.6537372 0.06166776 -9999 -9999 -9999 -9999 -9999 -9999 -9999 -9999 -9999 -9999 0.3385272 0.371644 0.06556053 -9999 -9999 -9999 -9999 -9999 -9999 -9999 -9999 0.0003820998 0.153373 0.4031323 0.6039087 0.4724293 0.4056597 0.6435369 0.7398382 0.3553684 0.5685417 0.8052608 0.624102 0.4820048 0.1839382 0.2951132 0.4651393 0.5367364 0.2932179 0.3240953 0.6558515 0.3821758 0.474991 0.3283121 0.308185 0.4341087 0.3277767
-9999 -9999 -9999 -9999 -9999 -9999 -9999 -9999 -9999 -9999 -9999 -9999 0.0219061 0.5719302 0.4798251 0.3659073 0.02122231 -9999 -9999 -9999 -9999 -9999 -9999 -9999 -9999 -9999 -9999 -9999 -9999 -9999 -9999 -9999 -9999 -9999 -9999 -9999 -9999 -9999 -9999 0.0006655305 0.1860018 0.7426229 0.6144928 0.6768432 0.6630666 0.7181511 0.2955859 0.4402406 0.6865678 0.3276573 0.3000329 0.2124507 0.2056407 0.3822785 0.3866037 0.5291312 0.2447842 0.4659251 0.6929527 0.6988445 0.5716743 0.350961 0.2419553 0.2036484
-9999 -9999 -9999 -9999 -9999 -9999 -9999 -9999 -9999 -9999 -9999 -9999 -9999 0.1392235 0.531457 0.3741191 -9999 -9999 -9999 -9999 -9999 -9999 -9999 -9999 -9999 -9999 -9999 -9999 -9999 -9999 -9999 -9999 -9999 -9999 -9999 -9999 -9999 -9999 -9999 -9999 0.1351637 0.4157253 0.4873867 0.3255084 0.4188218 0.3653269 0.401306 0.5578181 0.2660026 0.6498501 0.4784359 0.7925671 0.6314021 0.8530801 0.6914928 0.6251476 0.6199414 0.4633779 0.6053737 0.417636 0.7524571 0.523157 0.4673519 0.245256
-9999 -9999 -9999 -9999 -9999 -9999 -9999 -9999 -9999 -9999 -9999 -9999 -9999 -9999 0.08011319 0.01491518 -9999 -9999 -9999 -9999 -9999 -9999 -9999 -9999 -9999 -9999 -9999 -9999 -9999 -9999 -9999 -9999 -9999 -9999 -9999 -9999 -9999 -9999 -9999 -9999 -9999 -9999 2.107817e-005 0.1455352 0.4005889 0.4195858 0.5581004 0.4146878 0.7501563 0.8283404 0.7448583 0.8646477 0.5053883 0.5038313 0.7331963 0.5333527 0.590731 0.6137296 0.4231501 0.746941 0.7900116 0.862416 0.5463038 0.2600826
-9999 -9999 -9999 -9999 -9999 -9999 -9999 -9999 -9999 -9999 -9999 -9999 -9999 -9999 -9999 -9999 -9999 -9999 -9999 -9999 -9999 -9999 -9999 -9999 -9999 -9999 -9999 -9999 -9999 -9999 -9999 -9999 -9999 -9999 -9999 -9999 -9999 -9999 -9999 -9999 -9999 -9999 -9999 0.07827881 0.3653204 0.3373677 0.53472 0.4393428 0.4649279 0.7200432 0.8552607 0.9147075 0.8889794 0.771741 0.7077581 0.7116476 0.7731886 0.8363961 0.3875407 0.697292 0.659503 0.7681772 0.359061 0.5669707
-9999 -9999 -9999 -9999 -9999 -9999 -9999 -9999 -9999 -9999 -9999 -9999 -9999 -9999 -9999 -9999 -9999 -9999 -9999 -9999 -9999 -9999 -9999 -9999 -9999 -9999 -9999 -9999 -9999 -9999 -9999 -9999 -9999 -9999 -9999 -9999 -9999 -9999 -9999 -9999 -9999 -9999 -9999 0.001341113 0.7176811 0.2382372 0.08337371 0.3861612 0.1733805 0.4941581 0.7064396 0.2596183 0.5466211 0.7938792 0.8307728 0.7617752 0.7086356 0.6361793 0.7583951 0.7414485 0.8781684 0.6944926 0.5251634 0.4437854
-9999 -9999 -9999 -9999 -9999 -9999 -9999 -9999 -9999 -9999 -9999 -9999 -9999 -9999 -9999 -9999 -9999 -9999 -9999 -9999 -9999 -9999 -9999 -9999 -9999 -9999 -9999 -9999 -9999 -9999 -9999 -9999 -9999 -9999 -9999 -9999 -9999 -9999 -9999 -9999 -9999 -9999 -9999 0 0.1446847 0.1333277 0.009684348 0.1209824 0.3775449 0.2204935 0.4361736 0.1570548 0.07196056 0.01763126 0.5478037 0.5270303 0.3439197 0.608569 0.8654122 0.7615577 0.646531 0.5636443 0.8127861 0.5661452
-9999 -9999 -9999 -9999 -9999 -9999 -9999 -9999 -9999 -9999 -9999 -9999 -9999 -9999 -9999 -9999 -9999 -9999 -9999 -9999 -9999 -9999 -9999 -9999 -9999 -9999 -9999 -9999 -9999 -9999 -9999 -9999 -9999 -9999 -9999 -9999 -9999 -9999 -9999 -9999 -9999 -9999 -9999 -9999 0.1025125 0.376157 0.3733338 -9999 -9999 0.003070846 0.5811889 0.5249367 0.2919742 0.4068172 0.3660725 0.5332996 0.7163714 0.6059203 0.842295 0.6148843 0.5444177 0.494022 0.4551365 0.4826285
-9999 -9999 -9999 -9999 -9999 -9999 -9999 -9999 -9999 -9999 -9999 -9999 -9999 -9999 -9999 -9999 -9999 -9999 -9999 -9999 -9999 -9999 -9999 -9999 -9999 -9999 -9999 -9999 -9999 -9999 -9999 -9999 -9999 -9999 -9999 -9999 -9999 -9999 -9999 -9999 -9999 -9999 -9999 -9999 0.03985991 0.1462334 0.2872032 -9999 -9999 -9999 0.1111869 0.4265573 0.3610759 0.4184558 0.6366075 0.4765027 0.4844193 0.3283898 0.7398351 0.7062322 0.6938128 0.6423807 0.4953592 0.4063722
-9999 -9999 -9999 -9999 -9999 -9999 -9999 -9999 -9999 -9999 -9999 -9999 -9999 -9999 -9999 -9999 -9999 -9999 -9999 -9999 -9999 -9999 -9999 -9999 -9999 -9999 -9999 -9999 -9999 -9999 -9999 -9999 -9999 -9999 -9999 -9999 -9999 -9999 -9999 -9999 -9999 -9999 -9999 -9999 -9999 -9999 -9999 -9999 -9999 0 0.1207658 0.7125256 0.6325199 0.6452741 0.8555084 0.6101583 0.3598372 0.6250396 0.6583397 0.5530189 0.4588621 0.5528764 0.2964664 0.9209225
