EnvRasters/Baseline_Low/arable.asc
ncols         270
nrows         223
xllcorner     24099.479091542
yllcorner     21023.840179216
cellsize      1003.8986847201
NODATA_value  -9999
[rows 112 to 139 of 223, columns 128 to 191 of 270]
0.449145 0.4391036 0.9024243 0.6100895 0.7226281 0.915396 0.7197962 0.8481846 0.797287 0.832934 0.757266 0.8378662 0.8804987 0.7325135 0.8730897 0.5097964 0.6209444 0.6542245 0.2249194 0.7527335 0.5718684 0.6730382 0.6246824 0.5578237 0.6015416 0.6949954 0.6821132 0.2827396 0.3287566 0.1216655 0.3487985 0.280144 0.3542958 0.248523 0.06444338 0.7366617 0.3537381 0.2161979 0.09551227 0.5910056 0.3585253 0.292623 0.5639307 0.1635747 0.1995056 0.1426022 0.1168379 0.3454422 0.0644437 0.08383601 0.1409494 0.03272697 0.1136333 0.1410016 0.09940498 0.140389 0.5383521 0.2830461 0.08117704 0.0684236 0.1679604 0.05292496 0.1427729 0.4202324
0.3774842 0.3086102 0.5189393 0.5377278 0.739993 0.8302681 0.4112803 0.957529 0.7099953 0.4250534 0.2353603 0.7832068 0.7288056 0.4176542 0.5636123 0.8097809 0.6976944 0.5214837 0.2563702 0.3714833 0.4324066 0.2961935 0.6793641 0.6135269 0.3588086 0.3261132 0.3671897 0.6286734 0.4747148 0.24051 0.1346452 0.2451511 0.5380679 0.0937653 0.4661101 0.5948459 0.4627435 0.09020935 0.03105145 0.4220495 0.1677927 0.3471796 0.5863468 0.1266681 0.468295 0.4869589 0.204876 0.2405179 0.1037264 0.1971861 0.07254201 0.2287611 0.5046505 0.1762945 0.267796 0.5825184 0.624603 0.1758643 0.198385 0.181003 0.07756221 0.1084234 0.3337237 0.3840751
0.2650101 0.1610199 0.172365 0.1404118 0.2061938 0.418099 0.4312302 0.7132578 0.6617839 0.5295104 0.4567237 0.6391006 0.2914537 0.4986424 0.4278287 0.7336968 0.7458541 0.27255 0.4386313 0.2968846 0.1904674 0.1670728 0.5672907 0.2761258 0.6097942 0.8071477 0.5934683 0.5240629 0.3469344 0.2084345 0.087819 0.06015921 0.07359751 0.1196828 0.3350388 0.1695658 0.01584874 0.07510263 0.1745591 0.3983759 0.07047877 0.136077 0.1575001 0.1232302 0.3571585 0.4920333 0.6090249 0.4837525 0.245614 0.205002 0.1671342 0.2716867 0.5708849 0.5332419 0.4563558 0.7402557 0.5693076 0.4176576 0.559586 0.5053248 0.2209118 0.02103029 0.1117549 0.3037016
0.2612393 0.1221613 0.07922652 0.3075742 0.5420477 0.4871305 0.283142 0.4691259 0.3579892 0.6412171 0.657638 0.5025603 0.1888152 0.3330266 0.2349502 0.3612621 0.6518487 0.4244968 0.1837157 0.6165612 0.4139789 0.3131514 0.8705994 0.2921833 0.3119017 0.159675 0.1258653 0.2227367 0.3776253 0.1285968 0.0779237 0.009964978 0 0.0963852 0.1155881 0.1405317 0.05596103 0.1320548 0.5404745 0.6696938 0.2311373 0.02169532 0.2711416 0.2906845 0.5663656 0.7046902 0.6697379 0.5172482 0.53157 0.3434886 0.3566907 0.3294168 0.6933517 0.4782979 0.3712791 0.6313434 0.4012786 0.3676508 0.3720346 0.2793039 0.3201846 0.2183457 0.06275029 0.1679088
0.1728825 0.149169 0.07583495 0.08807915 0.2641888 0.2917065 0.2395927 0.357792 0.1870197 0.4135981 0.3604126 0.2993489 0.3054883 0.1174535 0.1900631 0.1077848 0.2420851 0.5424776 0.1392853 0.2789496 0.2741615 0.3857918 0.4197496 0.5928351 0.580162 0.3579794 0.2870644 0.06364281 0.1626648 0.08386699 0.06355387 0.05776777 0.01567947 0.09208436 0.4901207 0.3251526 0.2174046 0.3379429 0.2892939 0.5579175 0.6388757 0.170507 0.05544652 0.3749784 0.4102798 0.4631555 0.2967957 0.3089899 0.4215706 0.2010017 0.5812022 0.5630589 0.432299 0.5341607 0.4007441 0.4150731 0.3769538 0.3826761 0.4638769 0.6667659 0.4553236 0.4251507 0.09033695 0.2163799
0.09123009 0.1977129 0.141026 0.1696561 0.3190748 0.2069257 0.1355077 0.009964978 0.1600718 0.2043622 0.2535272 0.2012354 0.4169081 0.3286282 0.1993666 0.1331941 0.03849335 0.1355078 0.09102096 0.1571634 0.1540974 0.06585602 0.2624098 0.354274 0.4768199 0.2554571 0.2493634 0.1119993 0.03017324 0.05632224 0.03391917 0.08816917 0.1552408 0.1021025 0.1903033 0.2854783 0.05612265 0.3294686 0.2159994 0.4009732 0.3385739 0.3065776 0.1347409 0.1678047 0.03373731 0.3222268 0.4131616 0.4115343 0.09848567 0.0301186 0.4123452 0.3843641 0.375983 0.6501652 0.4702854 0.5847887 0.4035303 0.40661 0.3127479 0.5702115 0.1962587 0.1230468 0.0637177 0.3217867
0.1082514 0.08071528 0.06994825 0.1464343 0.1838293 0.1482376 0.2091198 0.1824834 0.1900415 0.2603022 0.1341304 0.3382212 0.3139864 0.5024267 0.1784782 0.1539378 0.2469819 0.2301697 0.1854539 0.1466182 0.1533354 0.2314638 0.2372739 0.2903501 0.4299596 0.1925772 0.1036308 0.1274963 0.3647311 0.1817244 0.3304684 0.110774 0.1259246 0.1088935 0.2627413 0.1569734 0.2990608 0.2907704 0.3021298 0.6030716 0.4201264 0.4914749 0.3610276 0.3728129 0.04559413 0.2904976 0.1696171 0.327987 0.5385209 0.5564086 0.356294 0.2434635 0.3167056 0.4327627 0.4742408 0.3491781 0.4151411 0.3569055 0.6451424 0.3387054 0.1427048 0.1756777 0.03985991 0.274716
0.06462723 0.09116635 0.1728813 0.05476834 0.07870284 0.08457781 0.1561045 0.1218534 0.244308 0.07236283 0.0368106 0.3628849 0.3406853 0.05589544 0.03050281 0.2809434 0.4348928 0.443175 0.2888828 0.05279559 0.2168653 0.5969622 0.4159776 0.2554295 0.2704992 0.4576893 0.759825 0.1636889 0.3966923 0.2948754 0.4005795 0.3009028 0.09167774 0.251441 0.1329041 0.3746865 0.3810192 0.5793753 0.6088595 0.4326794 0.1279438 0.06551253 0.2418276 0.4307739 0.3227136 0.1864374 0.4375869 0.3681051 0.3017975 0.3604564 0.3836085 0.4942882 0.5363431 0.3139213 0.6775016 0.5310295 0.4043792 0.3332165 0.1148968 0.539139 0.321239 0.2742699 0.229965 0.4896291
0.1014516 0.03261821 0.01477832 0.02495149 0.06326829 0.0474549 0.1655277 0.2940658 0.2185083 0.05809729 0.1280771 0.08544653 0.2151831 0.2248517 0.4339475 0.1879852 0.2546978 0.5299117 0.3629111 0.1834308 0.3138588 0.908337 0.8039449 0.3861323 0.2845018 0.4257482 0.3120492 0.3053806 0.3565622 0.472484 0.3750411 0.3050301 0.1957428 0.1183627 0.2450844 0.2443239 0.07974348 0.191266 0.2881373 0.1999297 0.172632 0.07484194 0.3488848 0.3191384 0.1485476 0.0847702 0.3910844 0.396615 0.3965461 0.4998721 0.7554806 0.5949785 0.6185129 0.620116 0.4570197 0.5360552 0.5004116 0.1831394 0.002574064 0.06486236 0.293772 0.6216477 0.571574 0.4237987
0 0.009964978 0.02195272 0.01323876 0.08809015 0.1638772 0.1108513 0.08557712 0.02757612 0.1834587 0.3303415 0.2281409 0.5467717 0.1462586 0.2146477 0.3251526 0.2335045 0.3951934 0.6544292 0.7126298 0.8289841 0.8739659 0.7358586 0.5883455 0.5567872 0.3290814 0.179743 0.202843 0.2905589 0.4770856 0.1970248 0.2881288 0.3540148 0.2051274 0.1051417 0.1995682 0.2393026 0.4256309 0.5726789 0.4006228 0.04982489 0 0.002553354 0.01096962 0 0.1113463 0.4051383 0.3760658 0.4638261 0.6791342 0.5354739 0.461237 0.4684383 0.4709098 0.2493638 0.4255672 0.08441401 0.2892686 0.271191 0.2622726 0.3614627 0.5781254 0.2722923 0.2463844
0.2508767 0.04446331 0.01992434 0.03482153 0.05978987 0.06976869 0.03458079 0.05624064 0.0530436 0.2741152 0.6513538 0.499024 0.27054 0.36439 0.3897268 0.2141722 0.2428174 0.3655781 0.5802708 0.3451144 0.4478228 0.3977139 0.7711914 0.499569 0.5855889 0.1282311 0 0.01712467 0.3474509 0.2104679 0.4937293 0.354719 0.245182 0.06244995 0.009964978 0.01992996 0.007181351 0.05078506 0.3108914 0.1568084 0.00526266 0.2823573 0.2188685 0.05258149 0.1791301 0.3337286 0.4512183 0.3168787 0.6229073 0.6471073 0.5032744 0.4913124 0.2470194 0.2873349 0.5840729 0.4188552 0.3507096 0.06642038 0.175153 0.1850747 0.08211575 0.377547 0.2130649 0.373476
0.2092084 0.1728643 0.08722083 0.08978328 0.03473783 0.09598953 0.1829753 0.2181183 0.3651506 0.4251623 0.4784223 0.4440163 0.2536505 0.5933344 0.4600729 0.3276334 0.2532428 0.384055 0.482576 0.3567403 0.3252879 0.6362535 0.5793127 0.536694 0.4960459 0.2704493 0.2459541 0.2945428 0.5285627 0.3037331 0.6776595 0.4254224 0.2488228 0.03177472 0.03543359 0.008727907 0 0.1524373 0.316638 0.03348849 0.2150907 0.3361 0.3412607 0.122729 0.4513945 0.4560293 0.3090401 0.4303366 0.6569392 0.4074306 0.594014 0.262136 0.4043204 0.4675268 0.3352434 0.3547471 0.1028064 0.2397186 0.2469239 0.3019624 0.3726067 0.1762971 0.3477628 0.2329529
0.16966 0.252138 0.2188541 0.1124738 0.1655001 0.1481099 0.5449847 0.466928 0.4084924 0.6527987 0.4453984 0.4208998 0.2729247 0.3472113 0.3365155 0.3295516 0.3275451 0.1932972 0.3812675 0.4444506 0.4181918 0.3648214 0.230404 0.6087052 0.7222988 0.7604327 0.6889561 0.3827019 0.3212251 0.2960783 0.4460002 0.1030139 0.1392202 0.08954758 0.2516612 0.4897925 0.2264042 0.02250136 0.1421472 0.1613982 0.3445285 0.3798317 0.2908695 0.63753 0.6620153 0.6375027 0.4077475 0.5082579 0.18834 0.2778947 0.4915334 0.4556722 0.4252248 0.327226 0.3678912 0.4359474 0.387743 0.1333717 0.2584516 0.2840128 0.5036474 0.3469043 0.3626134 0.202745
0.2672382 0.1929403 0.1318823 0.06247754 0.0999485 0.1518577 0.2304782 0.3950088 0.1588867 0.288976 0.03485526 0.4150062 0.3498673 0.4873675 0.5796347 0.3680695 0.3331908 0.4614486 0.5810817 0.4078681 0.5173846 0.3611967 0.6039529 0.3716176 0.4393934 0.4823092 0.3245357 0.4467849 0.4607895 0.3931123 0.4591597 0.05215155 0.1345735 0.09452071 0.1958176 0.2251556 0.5672855 0.6437067 0.5294625 0.3458111 0.420077 0.5893119 0.6150721 0.3615914 0.2990936 0.4826194 0.3454293 0.6089113 0.6783091 0.5867107 0.3236185 0.3555429 0.4674378 0.6802202 0.5355394 0.3958137 0.00773563 0.1235686 0.442747 0.359706 0.5256109 0.2860312 0.7862953 0.7883016
0.1094089 0.04677664 0.1144486 0.05287358 0.2707618 0.007418161 0.3537456 0.4076403 0.07027791 0.321732 0.191463 0.3538012 0.2881961 0.1838914 0.2804547 0.1644836 0.6759724 0.6057699 0.5763804 0.268586 0.5076149 0.3644823 0.6356621 0.4444073 0.472859 0.5737618 0.5876477 0.4166056 0.5421816 0.4597155 0.2410405 0.03039175 0.2652744 0.02776524 0.05149132 0.19865 0.4060724 0.7198867 0.3771216 0.7686161 0.3585763 0.1415531 0.4391582 0.4540187 0.3028111 0.3256964 0.4047079 0.427843 0.6695592 0.5109937 0.2273228 0.2814631 0.6556388 0.4968177 0.3713904 0.4367805 0.005141641 0.1017163 0.3081303 0.2111428 0.4742779 0.2384067 0.3366404 0.6197519
0.2525466 0.0668906 0.002172805 0 0.1483576 0 0.4824576 0.2973732 0.309204 0.2688673 0.5854823 0.4111285 0.02974837 0 0.1432125 0.09696073 0.08825181 0.457115 0.1540801 0.02228261 0.3365583 0.6208274 0.8539035 0.7741327 0.7017872 0.5516464 0.3535558 0.3007663 0.2058125 0.3872586 0 0 0.2612557 0.1980542 0.4672674 0.2439536 0.4031474 0.5227414 0.5420904 0.3158448 0.3177111 0.5636172 0.4753507 0.2887239 0.3463738 0.3712375 0.2403773 0.5263748 0.3913147 0.4861526 0.2170479 0.5727779 0.4514082 0.268536 0.4625368 0.4007259 0.5388225 0.1351718 0.3118151 0.2156782 0.4942228 0.1658568 0.1336271 0.359799
0.2914021 0.197731 0.1234472 0.06446636 0.08542851 0.7596768 0.4856748 0.4259785 0.4645684 0.54464 0.55106 0.7254734 0.3643613 0.1165869 0.290536 0.1270423 0.2205197 0.2776382 0.2347687 0.2234694 0.3180547 0.2871701 0.6543984 0.4442116 0.5641059 0.7830909 0.7437402 0.4591899 0.3685184 0.1170564 0.1370922 0.1551679 0.05326386 0.06413177 0.060854 0.0625747 0.2600223 0.108876 0.2399283 0.1461835 0.1844606 0.09588178 0.2190306 0.2538043 0.4775664 0.3677624 0.2512618 0.5295089 0.4031685 0.5485011 0.2792046 0.2175055 0.1331692 0.166671 0.2692168 0.301982 0.2795722 0.3569786 0.4839022 0.1969404 0.4339365 0.3179902 0.5359108 0.4479958
0.04124611 0.3904305 0.6167088 0.5607108 0.4029149 0.2672749 0.2401593 0.4489299 0.2626622 0.5597658 0.2367267 0.4076736 0.8150511 0.4778086 0.2916254 0.530538 0.7917628 0.4023364 0.19805 0.6683289 0.5044235 0.334843 0.5412866 0.6103767 0.3979054 0.02958523 0.1546797 0.1526987 0.157586 0.1234058 0.3580705 0.3604138 0.1019056 0.04459577 0.1824926 0.1935856 0.200064 0.2320359 0.1704101 0.05399077 0.1015234 0.3465242 0.4460955 0.2002529 0.3640149 0.2911014 0.1776233 0.5456145 0.1374852 0.4668424 0.4885477 0.2889034 0.1688235 0.2994904 0.3596775 0.3095819 0.4242182 0.2503586 0.5962205 0.4160406 0.7841141 0.639517 0.4036165 0.08001095
0.1701581 0.449389 0.6632281 0.6606713 0.6236629 0.3934584 0.5442268 0.3516557 0.340958 0.5087184 0.1804761 0.5430744 0.5104519 0.7065805 0.4137019 0.5244861 0.4141828 0.5095339 0.657893 0.8430195 0.751381 0.8237079 0.8559698 0.9526511 0.5504264 0.5990912 0.4242148 0.159457 0.2961749 0.0766161 0.1324554 0.2885282 0.3542844 0.028638 0.04671992 0.2117922 0.1753678 0.06158347 0.01023616 0.4625549 0.2511749 0.2626081 0.1711582 0.4990863 0.2631654 0.2980259 0.3104256 0.1883891 0.6162799 0.4496638 0.2792059 0.2715262 0.4859328 0.4727964 0.1855773 0.2107028 0.4281071 0.2382998 0.2771189 0.5542683 0.2415728 0.3250876 0.0947786 0.2477396
0.1729101 0.7488129 0.295078 0.3350426 0.3133877 0.635131 0.7139708 0.7115859 0.7155761 0.405829 0.4665363 0.1902997 0.2588221 0.6096784 0.3853064 0.8604614 0.876295 0.3161585 0.4310437 0.8483047 0.7080337 0.9031528 0.8247395 0.8722742 0.6018142 0.7915165 0.7393305 0.6757896 0.4851225 0.2484573 0.2461697 0.2825922 0.2453278 0.1084651 0.1194729 0.2543817 0.260685 0.1551244 0.0568082 0.0938483 0.151974 0.355104 0.1446794 0.3862099 0.2473947 0.468233 0.473097 0.1084144 0.3377428 0.3417791 0.3144961 0.3769796 0.366027 0.7141344 0.3630952 0.3312257 0.2194823 0.2433972 0.605754 0.4518969 0.4893093 0.2359326 0.1368494 0.1521343
0.4316839 0.4767016 0.5546456 0.4364158 0.330471 0.5405735 0.5132326 0.8352227 0.7269454 0.3940335 0.4967008 0.3912447 0.04638753 0.1990392 0.2828803 0.5009362 0.7835998 0.3941775 0.6667312 0.734848 0.7033434 0.7081876 0.847456 0.6071558 0.3310422 0.3348207 0.5655725 0.06804129 0.2382648 0.4079441 0.08161342 0.4608495 0.06678201 0.1612852 0.2258728 0.2373099 0.5512199 0.4449458 0.2843692 0.5001183 0.2972347 0.6909596 0.5745311 0.3887577 0.4205584 0.6091608 0.1178704 0.09202436 0.2961229 0.3536065 0.3427981 0.6318878 0.3665477 0.6398156 0.5363237 0.2699555 0.3172442 0.425666 0.2914947 0.2443148 0.05818893 0 0.08510709 0.3030858
0.01737695 0.03292324 0.1307892 0.6217368 0.5951433 0.7302086 0.943731 0.9209089 0.7189488 0.7625811 0.4348897 0.7555351 0.3537591 0.3317829 0.3798847 0.6563262 0.3989788 0.5096036 0.5571167 0.5344467 0.3958509 0.1633973 0.3062971 0.4776666 0.3279327 0.05931797 0.05045281 0.3239356 0.8954117 0.3127664 0.3460573 0.07671289 0.07009941 0.3640204 0.1392778 0.02565753 0.6524353 0.7029756 0.7184825 0.8732783 0.7833129 0.6420998 0.5275534 0.6449963 0.2173415 0.5548074 0.3353593 0.5291652 0.1317698 0.2093234 0.2624801 0.4625919 0.520336 0.2015721 0.3138577 0.2090373 0.2460989 0.2977884 0.1524555 0.1791252 0.08197799 0.1286845 0.1069026 0.2091249
0.1619326 0.3427411 0.6030779 0.6579314 0.6340836 0.4823936 0.9457937 0.7866601 0.3939917 0.2354554 0.4057533 0.5420735 0.2300736 0.2754757 0.2917547 0.2950371 0.3989328 0.8461663 0.4917015 0.2584724 0.5759467 0.2850291 0.4448058 0.559799 0.289314 0.08850936 0.1340848 0.2941668 0.4496982 0.03590335 0.5037245 0.5563186 0.05144713 0.3017799 0.1816796 0.1042185 0.02513976 0.1038774 0.1925929 0.7389464 0.7229736 0.7156732 0.8349122 0.523154 0.1238138 0.2796224 0.5976148 0.4539565 0.09365389 0.04663881 0.4434935 0.2247825 0.4188946 0.2299274 0.4993231 0.6145978 0.3918032 0.1284156 0.0169955 0.07384894 0.1859287 0.1824595 0.1317444 0.243489
0.2420978 0.2315667 0.3548795 0.1895552 0.3353187 0.2667556 0.5007347 0.3288935 0.1924341 0.1532639 0.3018536 0.276828 0.2466344 0.4086065 0.3615616 0.2620665 0.874491 0.7852823 0.6418983 0.2560377 0.5602354 0.3306891 0.6646289 0.4959315 0.3602047 0.3018839 0.4497444 0.2311018 0.4699825 0.09869448 0.373089 0.8048124 0.5666403 0.3861515 0.1576179 0.429591 0.4039744 0.07519092 0.199473 0.2584004 0.6653182 0.2148983 0.4906178 0.07415951 0.4537612 0.5548425 0.8337145 0.5027668 0.1716245 0.3718155 0.3758296 0.4757584 0.1802519 0.2945753 0.2943104 0.3158105 0.1383609 0.2919791 0.04190664 0.2446724 0.09701459 0.07339472 0.1199645 0.2330541
0.2527082 0.4514055 0.7503279 0.8771487 0.8025985 0.528787 0.2635726 0.1259367 0.09045547 0.6443721 0.7684527 0.2916403 0.4628677 0.4075147 0.2560598 0.6465861 0.730328 0.3564785 0.3394051 0.6636398 0.5848699 0.2969533 0.3512784 0.5760584 0.3280837 0.3844278 0.4703915 0.1635264 0.4258531 0.162131 0.4560719 0.5280895 0.4384427 0.6508814 0.3603842 0.2124004 0.4048333 0.2629263 0.3913105 0.4366703 0.2173921 0.2554684 0.1280505 0.4645582 0.3466347 0.7384081 0.4707054 0.2023883 0.2785562 0.3221117 0.2544138 0.2796098 0.5278882 0.4897242 0.3381787 0.03004997 0.06116492 0.01395018 0.1342791 0.2569259 0.2115725 0.1096435 0.01429582 0.009863139
0.5154488 0.1046549 0.3976615 0.5172201 0.5492895 0.4582971 0.6690333 0.7206073 0.3372022 0.5079589 0.7271923 0.4779253 0.6352161 0.5208175 0.6001871 0.1350892 0.2239903 0.3080959 0.6457902 0.2257041 0.2036116 0.530754 0.6689861 0.5270156 0.358682 0.2519087 0.4603446 0.123279 0.1119438 0.05809396 0.4341126 0.5996459 0.630911 0.3233935 0.2662171 0.04597527 0.2197969 0.4140195 0.394538 0.4890312 0.3479147 0.431917 0.4875496 0.2762219 0.428947 0.2861182 0.3773609 0.4779041 0.5023868 0.29078 0.4459613 0.358521 0.502281 0.07918078 0.2614122 0 0 0.1061001 0.192905 0.2944838 0.2776735 0.2080025 0.00182019 0.1335041
0.3289645 0.2639673 0.2977611 0.4290026 0.4213256 0.7091889 0.3557434 0.2711572 0.2478185 0.01067453 0.03834165 0.6607139 0.6574522 0.5751 0.6647836 0.5498937 0.1026683 0.03696623 0.3427069 0.3427712 0.3468072 0.6730627 0.7660254 0.5330297 0.3056217 0.4303088 0.3982423 0.6370063 0.3961614 0.1328779 0.7444634 0.4799185 0.3342921 0.4933188 0.4837988 0.1625289 0.2816541 0.7090285 0.6452151 0.3054723 0.2734549 0.4554981 0.5000163 0.2773279 0.4670793 0.453337 0.1324113 0.2310562 0.3423877 0.2837927 0.2241398 0.3024669 0.6063271 0.4327964 0.1424094 0.1475878 0.006267254 0.05173454 0.09254424 0.2655333 0.1485783 0.1687755 0.0898886 0.1668233
0.6267859 0.2815965 0.2653741 0.6978086 0.6487854 0.4291734 0.679096 0.5738198 0.4636356 0.2069784 0.361458 0.4410392 0.4107286 0.2819466 0.1729964 0.3490052 0.4019237 0.4912299 0.4135045 0.2352315 0.4624049 0.1806724 0.2630067 0.5640922 0.4957922 0.1684271 0.5324474 0.2267402 0.2135007 0.1644127 0.2077335 0.2021295 0.4379878 0.3509206 0.4092012 0.5519987 0.06625849 0.2333978 0.4778186 0.2041287 0.3777236 0.3170067 0.4765603 0.1560449 0.4441834 0.5577044 0.1480581 0.1741579 0.5895956 0.4223908 0.1875255 0.3660681 0.3735507 0.1108389 0.3480447 0.1536584 0.1080679 0.2004334 0.1679071 0.01250029 0 0.2063012 0.09923544 0.1669402
