EnvRasters/Baseline_Low/forest.asc
ncols         270
nrows         223
xllcorner     24099.479091542
yllcorner     21023.840179216
cellsize      1003.8986847201
NODATA_value  -9999
[rows 174 to 202 of 223, columns 195 to 259 of 270]
0.611127 0.9381585 0.9798105 0.990035 0.9690911 0.2579774 0.07924984 0.01499191 0.2082416 0.06617098 0.01992996 0.06731063 0.8890475 0.8477982 0.9921684 0.3053544 0.04249946 0.009615166 0.2761143 0.5396906 0.219099 0.05805302 0.3160511 0.09091336 0.4461928 0.388605 0.2912214 0.7266045 0.3505809 0.1445181 0.1379272 -9999 -9999 -9999 -9999 -9999 -9999 -9999 -9999 -9999 -9999 -9999 -9999 -9999 -9999 -9999 -9999 -9999 -9999 -9999 -9999 -9999 -9999 -9999 -9999 -9999 -9999 -9999 -9999 -9999 -9999 -9999 -9999 -9999 -9999
0.1459576 0.03271568 0.1933279 0.8900672 0.3855832 0.06574918 0.041708 0 0.03298655 0 0.0328373 0.160273 0.8104293 0.7340564 0.2850179 0.005090935 0 0 0.009964978 0.05543805 0.01992996 0.2837297 0.2847503 0.06975485 0.304253 0.3577639 0.02777516 0.2352048 0.2832072 0.2738578 -9999 -9999 -9999 -9999 -9999 -9999 -9999 -9999 -9999 -9999 -9999 -9999 -9999 -9999 -9999 -9999 -9999 -9999 -9999 -9999 -9999 -9999 -9999 -9999 -9999 -9999 -9999 -9999 -9999 -9999 -9999 -9999 -9999 -9999 -9999
0.01992996 0.001047917 0.01888204 0.1297657 0 0.1382326 0.3013472 0.01486893 0.001515202 0.3008363 0.2167329 0.7059835 0.4287167 0.2084061 0.02989493 0.04656046 0.009964978 0.01632721 0.009964978 0.08076259 0.08735114 0.2926573 0.07939185 0.3971186 0.2239121 0.2672056 0.3241107 0.07577584 0.4811054 0.07743853 -9999 -9999 -9999 -9999 -9999 -9999 -9999 -9999 -9999 -9999 -9999 -9999 -9999 -9999 -9999 -9999 -9999 -9999 -9999 -9999 -9999 -9999 -9999 -9999 -9999 -9999 -9999 -9999 -9999 -9999 -9999 -9999 -9999 -9999 -9999
0.009964978 0 0 0.02201434 0.007918047 0.1684619 0.3994202 0.4338933 0.4472656 0.7140214 0.9544066 0.9152286 0.2735621 0.01519613 0.02604446 0.04388694 0.03313763 0.01356773 0 0.1543025 0.7542075 0.770779 0.262529 0.4804204 0.1414008 0.07997941 0.3594481 0.429907 0.2734516 -9999 -9999 -9999 -9999 -9999 -9999 -9999 -9999 -9999 -9999 -9999 -9999 -9999 -9999 -9999 -9999 -9999 -9999 -9999 -9999 -9999 -9999 -9999 -9999 -9999 -9999 -9999 -9999 -9999 -9999 -9999 -9999 -9999 -9999 -9999 -9999
0.009964978 0.02000616 0.0003435386 0.04224852 0.04682514 0.06419603 0.7510005 0.844468 0.6703758 0.991515 1 0.9211203 0.4225561 0 0.07392318 0.2158073 0.2132243 0.4654093 0.1726477 0.8212504 0.6151895 0.4802595 0.1526546 0.1336632 0.1516195 0.03476064 0.6131318 0.817089 0.6120318 0.1687136 0 -9999 -9999 -9999 -9999 -9999 -9999 -9999 -9999 -9999 -9999 -9999 -9999 -9999 -9999 -9999 -9999 -9999 -9999 -9999 -9999 -9999 -9999 -9999 -9999 -9999 -9999 -9999 -9999 -9999 -9999 -9999 -9999 -9999 -9999
0.2834731 0.3764716 0.1333056 0.02000401 0.4025596 0.7712134 0.6536999 0.01208259 0.007728594 0.3259062 0.3659726 0.2798223 0.5160724 0.2263395 0.06721734 0.2182064 0.09050961 0.398091 0.4561888 0.2865807 0.1010612 0.4099206 0.2037288 0.3012204 0.1424957 0.3495442 0.9195703 0.8857486 0.3741934 0.3619352 0.6067154 0.08031209 -9999 -9999 -9999 -9999 -9999 -9999 -9999 -9999 -9999 -9999 -9999 -9999 -9999 -9999 -9999 -9999 -9999 -9999 -9999 -9999 -9999 -9999 -9999 -9999 -9999 -9999 -9999 -9999 -9999 -9999 -9999 -9999 -9999
1 0.9307894 0.7587352 0.2877195 0.1355587 0.7910113 0.3695259 0.01801443 0.01431427 0.01558067 0.02082288 0.1070687 0.4851851 0.4989081 0.03107465 0.04982489 0 0.2633244 0.08359841 0.2182502 0.3796073 0.07510236 0.07454554 0.3390331 0.5263829 0.5155108 0.5701753 0.9800076 0.6713428 0.1823168 0.5420856 0.2863535 -9999 -9999 -9999 -9999 -9999 -9999 -9999 -9999 -9999 -9999 -9999 -9999 -9999 -9999 -9999 -9999 -9999 -9999 -9999 -9999 -9999 -9999 -9999 -9999 -9999 -9999 -9999 -9999 -9999 -9999 -9999 -9999 -9999
0.990035 0.8046787 0.2476067 0.5937939 0.2129053 0.16272 0.2472495 0.06291108 0.3285182 0.07360034 0.2328408 0 0.03709019 0.5112968 0.1443187 0.01992996 0.06718899 0.1134128 0.009964978 0.1509138 0.2940843 0.5989884 0.6781104 0.8337715 0.9075919 0.6332952 0.02239715 0.2628421 0.8662194 0.3499381 0.06368546 -9999 -9999 -9999 -9999 -9999 -9999 -9999 -9999 -9999 -9999 -9999 -9999 -9999 -9999 -9999 -9999 -9999 -9999 -9999 -9999 -9999 -9999 -9999 -9999 -9999 -9999 -9999 -9999 -9999 -9999 -9999 -9999 -9999 -9999
0.8082544 0.1823788 0.04939599 0.03943199 0.0374965 0.0966836 0.03022529 0.02026031 0.1179615 0.2360534 0.3573105 0.4759468 0.5144318 0.1878137 0.1022812 0.06465022 0.2530515 0.01636052 0.06383222 0.09951644 0.5491241 0.5705827 0.4588024 0.562911 0.5281133 0.4825926 0.2001338 0.1010322 0.7786376 0.1889413 -9999 -9999 -9999 -9999 -9999 -9999 -9999 -9999 -9999 -9999 -9999 -9999 -9999 -9999 -9999 -9999 -9999 -9999 -9999 -9999 -9999 -9999 -9999 -9999 -9999 -9999 -9999 -9999 -9999 -9999 -9999 -9999 -9999 -9999 -9999
0.3261741 0.296891 0.04982489 0 0.03985991 0.05802473 0.08001748 0.07710662 0.2223703 0.5869955 0.2746491 0.310426 0.2876029 0.05323361 0.08269351 0.2842563 0.3922272 0.1657381 0.2208133 0.07354718 0.5411717 0.7502315 0.07895725 0.1190491 0.4684385 0.2428917 0.2589499 0.2307781 0.5469367 0.04739984 -9999 -9999 -9999 -9999 -9999 -9999 -9999 -9999 -9999 -9999 -9999 -9999 -9999 -9999 -9999 -9999 -9999 -9999 -9999 -9999 -9999 -9999 -9999 -9999 -9999 -9999 -9999 -9999 -9999 -9999 -9999 -9999 -9999 -9999 -9999
0.4158368 0.3733836 0.04713312 0.1232905 0.4283853 0.09709744 0.07837396 0.1429124 0.2808102 0.1163273 0.07685293 0.02169408 0.4684472 0.6830154 0.7828833 0.8072649 0.8974048 0.7216308 0.9143901 0.831392 0.6570793 0.8315637 0.7549669 0.9143511 0.8783522 0.4247906 0.4212041 0.6262026 0.3113502 0.0270535 -9999 -9999 -9999 -9999 -9999 -9999 -9999 -9999 -9999 -9999 -9999 -9999 -9999 -9999 -9999 -9999 -9999 -9999 -9999 -9999 -9999 -9999 -9999 -9999 -9999 -9999 -9999 -9999 -9999 -9999 -9999 -9999 -9999 -9999 -9999
0.1284414 0.127496 0.1527316 0.09971684 0.2840635 0.2975269 0.9217918 0.3434515 0.09610336 0.04124682 0.05133863 0.08287413 0.4560014 0.7680215 0.7017296 0.99424 1 0.9554875 0.9018028 0.9877146 0.9919499 0.9705414 0.9597037 0.990035 0.7892072 0.8236089 0.9015372 0.5990636 0.153195 -9999 -9999 -9999 -9999 -9999 -9999 -9999 -9999 -9999 -9999 -9999 -9999 -9999 -9999 -9999 -9999 -9999 -9999 -9999 -9999 -9999 -9999 -9999 -9999 -9999 -9999 -9999 -9999 -9999 -9999 -9999 -9999 -9999 -9999 -9999 -9999
0.5879362 0.6035807 0.1416718 0.3859282 0.1061717 0.08527386 0.2532715 0.2414809 0.04736677 0.001565554 0.03943606 0.270626 0.7075557 0.8483354 0.6671885 0.5392998 0.4547988 0.9006428 1 0.990035 1 1 0.9800701 0.990035 0.9889637 0.9797657 0.9910242 0.8607002 0.4985916 -9999 -9999 -9999 -9999 -9999 -9999 -9999 -9999 -9999 -9999 -9999 -9999 -9999 -9999 -9999 -9999 -9999 -9999 -9999 -9999 -9999 -9999 -9999 -9999 -9999 -9999 -9999 -9999 -9999 -9999 -9999 -9999 -9999 -9999 -9999 -9999
0.4753063 0.1961957 0.1807186 0.4578205 0.2013052 0.1692472 0.04059621 0.04034508 0.1204855 0.02033688 0.1208919 0.5662154 0.524765 0.07120326 0.0123098 0 0.2457237 0.9586595 0.990035 0.9938557 0.990035 1 1 1 1 1 1 1 0.7681875 0.1129884 -9999 -9999 -9999 -9999 -9999 -9999 -9999 -9999 -9999 -9999 -9999 -9999 -9999 -9999 -9999 -9999 -9999 -9999 -9999 -9999 -9999 -9999 -9999 -9999 -9999 -9999 -9999 -9999 -9999 -9999 -9999 -9999 -9999 -9999 -9999
0.06774712 0.09207632 0.3228721 0.7579344 0.9903001 0.788783 0.4404484 0.5026132 0.09347974 0.05083501 0.170126 0.3218572 0.106241 0.196394 0.2671583 0.07674222 0.4745227 0.8804203 0.9601401 0.5921851 0.7090314 0.9384872 0.8964406 1 0.990035 1 0.9692414 0.9766167 0.6965301 0.02362234 -9999 -9999 -9999 -9999 -9999 -9999 -9999 -9999 -9999 -9999 -9999 -9999 -9999 -9999 -9999 -9999 -9999 -9999 -9999 -9999 -9999 -9999 -9999 -9999 -9999 -9999 -9999 -9999 -9999 -9999 -9999 -9999 -9999 -9999 -9999
0.5853719 0.3594699 0.2175082 0.5125391 1 1 0.9402214 0.9601401 0.5296197 0.2189539 0.1781816 0.1659645 0.1083483 0.3802737 0.1649173 0.01992996 0.4629365 0.8609803 0.9258435 0.3341164 0.05076594 0.3679321 0.2258615 0.9258799 1 0.9601401 0.9889025 0.9855195 0.7348005 0.4991715 0.08133057 0.5030544 0.1051944 -9999 -9999 -9999 -9999 -9999 -9999 -9999 -9999 -9999 -9999 -9999 -9999 -9999 -9999 -9999 -9999 -9999 -9999 -9999 -9999 -9999 -9999 -9999 -9999 -9999 -9999 -9999 -9999 -9999 -9999 -9999 -9999
0.4343537 0.8970113 0.6701117 0.845409 0.9938741 0.9857777 0.9895798 0.9507076 1 0.7846534 0.1758448 0.3694975 0.5987396 0.6328924 0.0273613 0.009964978 0.7240213 0.8956068 0.1577632 0.1697921 0.009964978 0.2379554 0.4561462 0.9390791 0.9750617 0.9460107 0.9543395 0.9831946 0.9598097 0.7583929 0.3618722 0.8637726 0.4870493 -9999 -9999 -9999 -9999 -9999 -9999 -9999 -9999 -9999 -9999 -9999 -9999 -9999 -9999 -9999 -9999 -9999 -9999 -9999 -9999 -9999 -9999 -9999 -9999 -9999 -9999 -9999 -9999 -9999 -9999 -9999 -9999
0.8684595 0.9751446 0.9759554 0.864477 0.9071549 0.9780727 1 0.9927421 0.9199238 0.2700922 0.1004423 0.822208 0.7401552 0.3893159 0 0.01992996 0.5939114 0.7677254 0.05438276 0.1264086 0.021297 0.2991635 0.833734 1 0.9950434 0.9701051 0.990035 0.9713556 0.712526 0.7051663 0.7671229 0.6920932 0.3102778 0 -9999 -9999 -9999 -9999 -9999 -9999 -9999 -9999 -9999 -9999 -9999 -9999 -9999 -9999 -9999 -9999 -9999 -9999 -9999 -9999 -9999 -9999 -9999 -9999 -9999 -9999 -9999 -9999 -9999 -9999 -9999
1 0.9402101 0.9645109 0.80206 0.1357253 0.3646159 0.9831975 1 0.9853159 0.6347138 0.8038569 0.8794016 0.3395372 0.2485273 0.1803809 0.3577815 0.9993071 1 0.5012431 0.3754589 0.171462 0.758988 1 1 0.9926264 0.9923594 0.9066056 0.3186409 0.4523676 0.4507571 0.1248162 0.08956297 0.03764158 0.01808617 -9999 -9999 -9999 -9999 -9999 -9999 -9999 -9999 -9999 -9999 -9999 -9999 -9999 -9999 -9999 -9999 -9999 -9999 -9999 -9999 -9999 -9999 -9999 -9999 -9999 -9999 -9999 -9999 -9999 -9999 -9999
1 0.990035 0.9684914 0.3694964 0.116359 0.6263011 0.9868895 1 1 1 0.9918151 0.8901451 0.6462653 0.748164 0.9867955 0.7130986 0.9924097 1 0.990035 0.8626856 0.883262 0.9607517 1 1 0.9950842 1 0.8180338 0.07003316 0.2610548 0.1704154 0.02989493 0.2445143 0.1296217 0.03202958 0 -9999 -9999 -9999 -9999 -9999 -9999 -9999 -9999 -9999 -9999 -9999 -9999 -9999 -9999 -9999 -9999 -9999 -9999 -9999 -9999 -9999 -9999 -9999 -9999 -9999 -9999 -9999 -9999 -9999 -9999
0.990035 1 1 0.8089598 0.7445464 0.8345987 0.990035 1 1 1 1 1 0.9636286 0.8950892 1 1 0.8830628 1 1 0.9635057 0.9701051 0.9361735 1 1 0.9971551 0.9698528 0.6676121 0.3090063 0.5809371 0.3131599 0.1521281 0.1001143 0.1146358 0.4452193 0.2208813 0.0205144 -9999 -9999 -9999 -9999 -9999 -9999 -9999 -9999 -9999 -9999 -9999 -9999 -9999 -9999 -9999 -9999 -9999 -9999 -9999 -9999 -9999 -9999 -9999 -9999 -9999 -9999 -9999 -9999 -9999
0.7825834 0.9958794 0.9429575 0.7975479 1 1 1 1 0.9701051 1 0.990934 1 1 0.8429688 0.8380165 1 0.897823 1 0.9696997 0.3263234 0.9698308 0.9167439 0.9954255 0.9219697 0.8877296 0.6563408 0.3583831 0.08856755 0.06694818 0.1166802 0.1470144 0.2894955 0.3370641 0.3452542 0.1430133 0.0522109 -9999 -9999 -9999 -9999 -9999 -9999 -9999 -9999 -9999 -9999 -9999 -9999 -9999 -9999 -9999 -9999 -9999 -9999 -9999 -9999 -9999 -9999 -9999 -9999 -9999 -9999 -9999 -9999 -9999
0.2439262 0.8034127 0.8647317 0.9766789 0.9437079 0.9744912 0.9540641 0.9561084 1 1 0.8671474 0.9409835 0.9351712 0.5937722 0.4574065 0.8781859 0.7540593 0.5807005 0.4192021 0.1041877 0.6917362 0.4813747 0.3718689 0.7807549 0.8197352 0.9765044 0.5466936 0.07683631 0.06406187 0.1491535 0.5070793 0.4672194 0.205659 0.02453879 0.3964549 -9999 0 0.06351588 -9999 -9999 -9999 -9999 -9999 -9999 -9999 -9999 -9999 -9999 -9999 -9999 -9999 -9999 -9999 -9999 -9999 -9999 -9999 -9999 -9999 -9999 -9999 -9999 -9999 -9999 -9999
0.1742469 0.9127992 0.9711784 0.9619939 0.705206 0.7802138 0.990189 0.9999887 0.8579046 0.3914995 0.03387469 0.1783166 0.3689027 0.1818673 0.12665 0.07243467 0.1686109 0.02414587 0.03751522 0.234014 0.1997141 0.07904239 0.1447359 0.3421609 0.7188969 0.9896196 0.6238842 0.2685778 0.1211686 0.01339461 0.2039842 0.5708182 0.1472072 0.1876508 0.5410279 0.3211804 0.192995 0.4904869 0.1831875 -9999 -9999 -9999 -9999 -9999 -9999 -9999 -9999 -9999 -9999 -9999 -9999 -9999 -9999 -9999 -9999 -9999 -9999 -9999 -9999 -9999 -9999 -9999 -9999 -9999 -9999
0.06648762 0.2835539 0.3309056 0.485462 0.255915 0.01769381 0.3212893 0.9737139 0.3828734 0.04844071 0.1495683 0.147314 0.1099746 0.02164687 0.09060543 0.01026931 0.06498538 0.03138378 0.06368134 0.1742343 0.08394213 0.1915685 0.1342971 0.133432 0.08609345 0.5268947 0.431367 0.1012972 0.2012646 0.6897327 0.7396879 1 0.4686391 0.2237062 0.3914819 0.6860636 0.3514943 0.4266975 0.3365651 0.09060023 -9999 -9999 -9999 -9999 -9999 -9999 -9999 -9999 -9999 -9999 -9999 -9999 -9999 -9999 -9999 -9999 -9999 -9999 -9999 -9999 -9999 -9999 -9999 -9999 -9999
0.09309486 0.04689337 0.0128965 0.01992996 0.08893505 0 0.08733834 0.332203 0.04931487 0.03962842 0.1490127 0.159891 0.2846434 0.009964978 0.02103275 0.03019926 0.08827769 0.009964978 0.1468491 0.08997872 0.151525 0.4831034 0.2732265 0.07988381 0.04672661 0.02694919 0.1024758 0.1196546 0.5860289 0.4551289 0.449907 0.3534131 0.0165726 0.05978987 0.04982489 0.5632653 0.7932432 0.669769 0.695395 -9999 -9999 -9999 -9999 -9999 -9999 -9999 -9999 -9999 -9999 -9999 -9999 -9999 -9999 -9999 -9999 -9999 -9999 -9999 -9999 -9999 -9999 -9999 -9999 -9999 -9999
0.09120945 0.05139802 0.01774517 0.02326964 0.09964979 0 0.1092976 0.02996812 0.1291078 0.06036732 0.04206721 0.06373057 0.134515 0.0194799 0.06691032 0.01568168 0.1951976 0.3423498 0.1579055 0.3282255 0.2668532 0.4545181 0.5633175 0.2668265 0.04164697 0.04044987 0.01992996 0.04551467 0.1635305 0.04982489 0 0.06635249 0.07000713 0.02018224 0.03279275 0.1399143 0.2986463 0.7929615 0.07220163 -9999 -9999 -9999 -9999 -9999 -9999 -9999 -9999 -9999 -9999 -9999 -9999 -9999 -9999 -9999 -9999 -9999 -9999 -9999 -9999 -9999 -9999 -9999 -9999 -9999 -9999
0.04817193 0 0.04067632 0.1631209 0.2230421 0.02154222 0.1402745 0.1795956 0.229365 0.2547848 0.1080352 0.1064209 0.01100563 0.03881927 0.201975 0.3983998 0.2707171 0.1849255 0.03770606 0.03021946 0.07299241 0.1667247 0.3335973 0.3884908 0.08109049 0.009375021 0.07488976 0.322166 0.5131435 0.4265058 0.2581633 0.0262897 0.03809054 0 0.01992996 0.0127255 0.1273714 0.2537587 -9999 -9999 -9999 -9999 -9999 -9999 -9999 -9999 -9999 -9999 -9999 -9999 -9999 -9999 -9999 -9999 -9999 -9999 -9999 -9999 -9999 -9999 -9999 -9999 -9999 -9999 -9999
0.2118082 0.1310465 0.1346277 0.1920685 0.4781695 0.01061418 0.009964978 0.3563243 0.4912333 0.2349506 0.3948179 0.6187447 0.05662426 0.03837514 0.1028828 0.1399913 0.352731 0.09725047 0.01223217 0.004781682 0.08315079 0.03445993 0.04179167 0.02755519 0.1130719 0.07310265 0.4799182 0.9537726 0.567284 0.2716106 0.04068917 0.2884871 0.304608 0.009964978 0.009964978 0.04545184 0.1195587 0.4243286 0.1095207 -9999 -9999 -9999 -9999 -9999 -9999 -9999 -9999 -9999 -9999 -9999 -9999 -9999 -9999 -9999 -9999 -9999 -9999 -9999 -9999 -9999 -9999 -9999 -9999 -9999 -9999
