EnvRasters/Baseline_Low/forest.asc
ncols         270
nrows         223
xllcorner     24099.479091542
yllcorner     21023.840179216
cellsize      1003.8986847201
NODATA_value  -9999
[rows 116 to 144 of 223, columns 195 to 259 of 270]
0.07309204 0.2252061 0.1847071 0.09054671 0.1885604 0.008223114 0.1147432 0.1423867 0.1469178 0.1458381 0.5391766 0.4142928 0.6955166 0.2022373 0.1864983 0.1942751 0.1126044 0.1528342 0.3284711 0.4206274 0.1922744 0.0647053 0.3223839 0.5595143 0.3928397 0.9553559 0.9690008 0.7181159 1 1 0.4620177 0.557683 0.7719899 1 1 1 0.9816203 0.9038725 0.8883308 0.9065104 0.748329 0.2873699 0.1631564 0.5786449 0.8109758 0.9247152 0.8451625 0.629076 0.6425948 0.4849177 0.6994497 0.7133399 0.1944987 0.2729824 0.06034648 0.05107468 0.1429214 0.08816154 0.07241832 0 0 0.04982489 0.009964978 0 0
0.1363156 0.1822892 0.1977807 0.08380903 0.1371807 0 0.04634554 0.05752705 0.00783203 0.06074345 0.5375172 0.9411857 0.535076 0.2254176 0.3202158 0.4649504 0.3021166 0.1265999 0 0.331773 0.2093588 0.02368065 0.2901804 0.5990747 0.5409484 0.7920709 0.9805754 0.6210003 0.9438074 1 0.799587 0.9108719 0.2318489 0.9704558 1 0.9710426 0.4620561 0.5281758 0.3605673 0.5173234 0.4897046 0.7706421 0.7714053 0.7198862 0.9522638 0.7322919 0.294053 0.5963191 0.4132475 0.4579623 0.2612863 0.2720355 0.04699066 0.05173041 0.02160791 0.04118999 0.01518172 0.0169542 0.04332916 0.0271329 0.07992006 0.01844436 0.07596768 0.007220125 0
0.03101106 0.4372292 0.7000135 0.05481582 0.03991365 0.09642506 0.003479352 0.009964978 0.02588948 0.1679324 0.5421393 0.7261772 0.355684 0.1755657 0.1239621 0.06003421 0.0201886 0.2161907 0.267153 0.777606 0.9971561 0.3141927 0.1576534 0.4667381 0.1805807 0.9120641 0.9207615 0.9683802 1 1 0.7784048 0.8941956 0.7176731 0.8233878 1 0.9306569 0.4528226 0.7863331 0.219015 0.6112127 0.9925333 1 0.8949727 0.6581189 0.3832491 0.1410152 0.5996329 0.4092157 0.3524117 0.3573146 0.3898141 0.2388961 0.06374425 0 0.08800685 0 0 0.006090884 0.02682061 0.03985991 0 0.04859563 0.2880991 0.2688441 0.01992996
0.04165266 0.4777902 0.211908 0.2087618 0.279462 0.1149261 0.04068808 0.3407466 0.03390039 0.2334793 0.5482888 0.6061342 0.1620182 0.3918806 0.1710797 0.03394908 0.0604819 0.3290533 0.8022547 0.6784456 0.7776679 0.8211266 0.4066592 0.2189824 0.6277483 0.9809299 0.9242417 0.7263619 0.9323786 1 1 0.8184102 0.6939845 0.9989851 0.975167 0.572488 0.5020691 0.1025661 0.3222737 0.8211364 0.658136 0.8308355 0.7744864 0.1572871 0.04004429 0.1121948 0.3120932 0.03152006 0.05964576 0.1432643 0.09482222 0.3648556 0.2569014 0.07467141 0.002421581 0.01750838 0.03985991 0.01691339 0.009964978 0.02989493 0 0.2196129 0.4179575 0.09660941 0.05122234
0.04865424 0 0.02917322 0.3261426 0.1625222 0.314954 0.3498447 0.7421513 0.5258632 0.516731 0.3217325 0.4747452 0.4938126 0.4654887 0.06884982 0.1168475 0.1613129 0.1711837 0.4364052 0.1888522 0.95337 0.5639173 0.2772222 0.1329665 0.5372207 0.7866239 0.37147 0.3255655 0.7688186 0.7617642 0.5199393 0.7775144 0.4996733 0.9029869 0.5598947 0.1095964 0.1559581 0.4117402 0.902604 0.9978604 0.7445331 0.2884679 0.4061894 0 0.2210964 0.2023712 0.2392686 0.3781351 0.09534306 0.07452765 0.2720786 0.6310545 0.1028857 0 0.01256873 0.00736123 0.00447281 0.3210562 0.2402142 0.07479149 0.1936336 0.1449538 0 0 0.02428362
0.1032851 0.1869298 0.1235459 0.2997427 0.2994824 0.1701913 0.2714838 0.5781805 0.5462885 0.08863313 0.2585663 0.5660415 0.6541142 0.1405506 0.07380421 0.01901585 0.3186747 0.3945339 0.3148066 0.5896823 0.8719102 0.6775292 0.1807675 0.5002118 0.7909441 0.8893487 0.9130309 0.7251059 0.3002943 0.5541294 0.2792771 0.4765976 0.1103394 0.4885345 0.4522883 0.4600463 0.5946118 0.9970888 1 0.9581017 0.4867316 0.1199916 0.0585208 0.2677482 0.2475998 0.5421379 0.1555452 0.3247503 0.1507348 0.09822636 0.1861519 0.6909749 0.0659309 0 0 0 0.09192307 0.145053 0.1883454 0.5633131 0.9136954 0.8021823 0.03742103 0 0
0.08262595 0.1846149 0.1728929 0.05484511 0.05980645 0.4990207 0.3648326 0.5471737 0.1551182 0.2683594 0.2390623 0.143512 0.4308051 0.4267789 0.3240336 0.6120427 0.2789526 0.1062733 0.17597 0.538351 0.51907 0.7388965 0.2748218 0.6165112 0.8809436 0.8070897 0.7977883 0.9796789 0.6400093 0.2323433 0.2565071 0.7295979 0.3410131 0.1909192 0.8432812 0.8625503 0.4480666 0.6924015 0.5401241 0.2587377 0.2743252 0.03157808 0.2775788 0.8436151 0.4571359 0.3492053 0.05520266 0.2512312 0.3850196 0.4207287 0.6878757 0.4108162 0.04321716 0 0 0 0 0.001336941 0.01180429 0.04261978 0.1856358 0.6929218 0.7809546 0.4014534 0.06607598
0.08423878 0.08887722 0.01263047 0.1309087 0.410885 0.1014189 0.1726816 0.08409488 0.07832221 0.226529 0.183375 0.01997095 0.2803574 0.3023807 0.2454588 0.01723657 0.07531803 0.8338253 0.1790242 0.3367258 0.6975024 0.2130215 0.2440814 0.2359849 0.7197304 0.9501066 0.3372125 0.3581427 0.3488536 0.3145826 0.04879208 0.7475699 0.5102485 0.5748549 0.7437805 0.734137 0.5118578 0.2024269 0.6018371 0.1228194 0.1650672 0.4088847 0.2372173 0.2065832 0.3008652 0.06843935 0.01104496 0.0667927 0.01144542 0.262646 0.6102787 0.8736727 0.1330219 0.235208 0.03526412 0.3260207 0.3646419 0.2618701 0.2323543 0.05627136 0.1374783 0.3602922 0.1771141 0.6306432 0.2522439
0.4270225 0.618766 0.1420334 0.1949479 0.02844444 0.717203 0.6634421 0.2597753 0.06011912 0.009964978 0 0.1010191 0.1693527 0.2662481 0.04292309 0.05310914 0.08052728 0.5390339 0.2253482 0.5230723 0.1672616 0.8864706 0.7157087 0.01847018 0.4849067 0.3049553 0.331295 0.1862987 0.4379365 0.3597762 0.7344217 1 0.9795864 0.9999309 0.5647068 0.2398563 0.5746817 0.5405361 0.6516009 0.7013401 0.8127284 0.1930315 0.2766938 0.9013378 0.9382794 0.5493173 0.4711661 0.4717104 0.07514438 0.06588313 0.102638 0.772043 0.8988801 0.8259897 0.6546354 0.54588 0.5887116 0.4327985 0.6638244 0.4076724 0.6489506 0.004428357 0.626904 0.7307374 0.5462292
0.1366211 0.009964978 0.03800895 0.2516836 0.2506523 0.939279 0.8402954 0.4978303 0.03053663 0.3089326 0.05276916 0.1127876 0.2427661 0.4195908 0.1692314 0.4001757 0.7150627 0.8694724 0.4019525 0.7402121 0.3721923 0.976561 0.688472 0.7936248 0.9882157 0.4624528 0.1720286 0.4263137 0.9087142 0.9731334 0.9402101 0.9731215 0.9669978 0.8191925 0.8269878 0.3017753 0.2595074 0.6371965 0.3336485 0.3690663 0.6128149 0.6707394 0.07897973 0.8335172 1 0.998808 0.4822691 0.4911109 0.09924308 0.03985991 0.06949376 0.8239429 1 0.9947051 0.4419318 0 0 0.003167042 0.007031277 0.02338362 0 0 0.08104059 0.9128517 0.9550062
0.2061083 0.1475536 0.1314456 0.2731963 0.9367262 0.2404459 0.02013055 0.3259254 0.1559869 0.2890943 0.2760061 0.2369859 0.3938143 0.256309 0.2929018 0.2272991 0.4130891 0.3468445 0.4131052 0.2139275 0.7149819 0.4599591 0.2382282 0.9643363 1 0.7181246 0.6891377 0.8130839 1 0.9991862 0.9732177 0.4563971 0.4020372 0.1055005 0.213082 0.5149868 0.8212985 0.7303306 0.8262413 0.3874823 0.09940467 0.4205838 0.5163161 0.8969018 1 1 0.4882706 0.8579204 0.544724 0.1644057 0.6487012 1 0.9800701 0.8744709 0.1067122 0 0.009964978 0 0 0 0 0.009964978 0.3906157 0.8690872 1
0.2323508 0.1379606 0.6030056 0.4695349 0.3047117 0.1423227 0.1207029 0.3596966 0.1930558 0.2804239 0.04885389 0.6872704 0.2116208 0.07308139 0.08968481 0.1127226 0.741831 0.2258644 0.2551201 0.5160194 0.9030367 0.3004485 0.1304442 0.7191412 0.9360814 0.9971402 0.864349 0.8232601 0.8216268 0.9908488 0.8869171 0.5169824 0.285252 0.2535035 0.7790631 0.4688581 0.1292185 0.6730961 0.9161907 0.6658725 0.3895273 0.7076817 0.7953749 0.4363413 0.9037399 0.9595957 0.6502728 0.9578493 1 0.8675201 0.7319436 0.6330084 0.9827214 0.8514004 0.02511864 0 0 0 0 0.01992996 0.06055017 0.1847546 0.1652604 0.5724062 0.9872084
0.1382678 0.09870998 0.490147 0.1191958 0.631398 0.3583569 0.4633586 0.1031955 0.3413117 0.05695108 0.2240208 0.5632147 0.1194865 0.02233139 0.06552329 0.3277426 0.4186881 0.2557106 0.1345775 0.8848369 1 0.8564071 0.7529107 0.5953331 0.5661399 0.6086717 0.589092 0.7132757 0.9482899 1 0.9613718 0.7604547 0.6066937 0.4607428 0.3715359 0.5650958 0.3765942 0.9028128 0.4915659 0.1105453 0.2088375 0.9613373 0.4628464 0.4286318 0.963137 1 0.9838773 0.3909657 0.3540859 0.007288879 0.279043 0.2045776 0.4624065 0.2807253 0.06113234 0 0 0 0 0 0.5175206 0.8564858 0.5717751 0.7496411 0.9767351
0.2510737 0 0 0.3908661 0.2804994 0.06127816 0.07897417 0.4761809 0.6001323 0.3452794 0.1202291 0.3848401 0 0.218294 0.8314813 0.5778698 0.3567424 0.3746268 0.7482691 0.9800701 1 0.8555962 0.9131798 0.227026 0.4347206 0.9947565 0.9710923 0.6788778 0.5258443 0.4386922 0.2449033 0.4087348 0.7680844 0.9780402 0.8389381 0.997643 0.9964962 0.6707182 0.9084181 0.1493417 0.03736066 0.6896138 0.990035 1 0.9770731 1 0.9991183 0.3873792 0.08036526 0.0255912 0.1896256 0.8653938 0.4618527 0.02860225 0.009964978 0.1553632 0.2373188 0 0 0.02596956 0.8198292 1 1 0.9965077 0.8183192
0.1066381 0.4661336 0.2103969 0.08468269 0.05233398 0.1358223 0.5793148 0.7447842 0.8944888 0.3403759 0.5335818 0.2495649 0.01076923 0.2917286 0.9694691 0.2593105 0.1206228 0.2070958 0.8386287 0.305599 0.5890495 1 0.9900323 0.3990432 0.8146217 0.8615624 0.7591661 0.1394552 0.3057176 0.06168684 0.765556 0.9553542 0.9567165 0.9798683 0.971209 0.9892848 1 0.7269741 0.0837183 0.01156221 0.0538545 0.7041562 0.990035 0.7892821 0.9521354 0.9225472 0.9126198 0.4252229 0.2833417 0.4055695 0.6905096 0.9601401 0.6743991 0.9002573 0.5365806 0.2039753 0.008882967 0 0.1615199 0.5386403 0.9267243 1 1 0.6329741 0.1304898
0.5831514 0.1779245 0.2104783 0.04983971 0.06754392 0.3856205 1 1 0.7350363 0.7646694 0.5590559 0.04118226 0.3122672 0.9388435 0.6541561 0.2879425 0.2607293 0.2365935 0.4279834 0.8062645 0.9800701 0.9737882 0.6097846 0.6987467 0.8107555 0.706776 0.1190823 0.1043 0.5316611 0.7922763 0.5457363 0.271197 0.3603518 0.6901624 0.9499465 0.990035 1 0.7543502 0.365135 0.1837347 0.6999061 0.992164 0.9943224 0.5639799 0.7107635 0.7557891 0.5016065 0.5611715 0.865881 0.9963253 1 0.624931 0.1004756 0.1198089 0.4171126 0.950371 0.1261444 0.4499465 0.8835058 0.9831753 1 0.9873778 0.9202802 0.7681763 0.7054855
0.7160839 0.2788059 0.06787951 0.05015524 0.12348 0.8938711 1 0.9708592 0.7744293 0.2902806 0.4616361 0.009964978 0.1934586 0.760277 0.6436937 0.3678759 0.5427127 0.2390631 0.8895496 0.9701051 0.990035 0.9109742 0.9648862 0.7698206 0.06201369 0.1824507 0.386601 0.8747497 0.7187159 0.2484183 0.186819 0.08726918 0.07033748 0.3074347 0.3625234 0.8113474 1 0.8246804 0.8136066 0.7621257 0.8257813 0.718596 0.6897627 0.08925854 0.2581734 0.7138081 0.907536 0.7442713 0.8932675 0.941539 0.8848663 0.3464114 0.01521975 0 0.1718391 0.4009615 0.002370739 0 0.5272031 0.93116 1 0.9627973 0.9128744 0.859745 0.9225883
0.5367996 0.1011211 0.031741 0.173164 0.02205846 0.4450369 0.9316692 0.6515207 0.2364856 0.1131847 0.1036706 0.07572069 0.05382403 0.3583792 0.3200667 0.5852447 0.3317094 0.1350165 0.8737671 1 0.9687564 0.8528242 0.3369826 0.3121452 0.2520738 0.6000924 0.4723295 0.9709641 0.5855905 0.009964978 0.02083458 0.0277916 0.01230927 1.307017e-005 0.009964978 0.2828334 0.5458823 0.8842704 0.9644849 0.5285429 0.1978121 0.07971983 0.07139179 0.2830543 0.9525755 0.9627699 0.9945809 0.8277367 0.9077047 0.7975637 0.3835453 0.2603147 0.04430794 0.004753946 0.04100723 0.1165684 0.02411137 0 0.4053133 0.9223787 0.9739777 0.892562 0.6789218 0.295871 0.4735705
0.08329706 0.009964978 0 0.4057625 0.1598224 0 0.3156863 0.579154 0.223014 0.2410023 0.2485542 0 0.08130085 0.3292164 0.2426719 0.09345713 0.1063154 0.2081276 0.9800872 0.9906777 0.9439797 0.278739 0.01778785 0.1607906 0.6895455 0.7328321 0.1524675 0.9506115 0.8984629 0.06013234 0.1118172 0 0.04061875 0.01047805 0 0.009964978 0.0007609158 0.1759225 0.1607201 0.1629216 0.1258931 0.3853107 0.172445 0.09224138 0.6567265 1 1 0.8628109 0.464316 0 0 0 0.06932417 0.06558794 0.01992996 0 0.1453574 0.3669905 0.7874132 0.9141017 0.7610096 0.161943 0.2996798 0.607682 0.3171619
0 0 0.4384057 0.8170615 0.5592375 0.08708215 0.06349316 0.04925409 0.01992996 0.2572984 0.3132227 0.3745769 0.2363297 0.2482881 0.2886622 0.005188387 0.2343968 0.6580687 0.801186 0.9558858 0.6980645 0.1752798 0.3105468 0.9074032 0.4155335 0.06170763 0.3439785 0.7848976 0.7957123 0.7977706 0.2377058 0.1204648 0.2280238 0.05044704 0.1289226 0.01992996 0.0392439 0.4535117 0.7338423 0.2661609 0.1848768 0.2433381 0.3933905 0.7714621 0.9553161 0.9402101 1 0.7542064 0.009964978 0 0 0.04548032 0.1256188 0.1479139 0.009964978 0.006863735 0.6428412 0.5901634 0.9825535 0.7305104 0.5621712 0.2971361 0.9262523 0.4668834 0.1862793
0.1388161 0.4267322 0.981532 0.985488 0.7165193 0.7294183 0.02393426 0.01992996 0.2232056 0.71469 0.4032182 0.6800669 0.1854032 0.2193519 0.5904413 0.4216512 0.8861946 1 1 0.9381407 0.2707397 0.07341957 0.3185387 0.7537365 0.2267367 0.6282143 0.8224989 0.8676552 0.9968452 0.9234642 0.4744615 0.3002871 0.2763326 0.1018478 0.119151 0 0.03185272 0.1872164 0.2618971 0.5452278 0.6301821 0.5961759 0.9294783 1 0.9962757 0.9609457 0.7283911 0.6047541 0.3046659 0.1167273 0.07197402 0.08746564 0.01569265 0.0897464 0.1984895 0.1548354 0.2108636 0.06293142 0.9241244 0.3896436 0.3533069 0.2847255 0.9837537 0.7558762 0.07686659
0.7150494 0.2094162 0.7947445 0.5401388 0.3389057 0.5068027 0.1986825 0.3157572 0.5747188 0.2966927 0.8843968 0.4194878 0.2636261 0.5891432 0.1498974 0.3802774 0.8919405 0.9113915 0.9701051 0.8692699 0.1915891 0.2076728 0.7688361 0.5337713 0.3920972 0.8736687 0.9080594 0.7407628 0.2819526 0.2301289 0.2096225 0.2571581 0.5149518 0.2596468 0.168421 0.05973667 0.3597788 0.7650954 0.4190361 0.4310005 0.1889571 0.2139856 0.5176349 0.9571091 0.9615693 0.5932526 0.06135359 0.7289529 0.6088566 0.0227376 0.009964978 0.008879662 0.02194455 0.1200546 0.1868593 0.2274505 0.375756 0.2459004 0.761331 0.8978755 0.5911696 0.2211868 0.1927383 -9999 -9999
0.5952188 0.2050025 0.1457442 0.2859984 0.4418997 0.4341658 0.3850962 0.2642297 0.1914323 0.1320205 0.5899182 0.291566 0.1675193 0.1107102 0.09263423 0.8709244 0.9607701 0.7133125 0.4739456 0.9028841 0.09643754 0.2924206 0.7220437 0.06023039 0.1241977 0.935417 0.7186651 0.6703589 0.107013 0.09073 0.04470406 0.09782816 0.3496074 0.09141257 0.163268 0.5748402 0.7330988 0.7898518 0.0641674 0.2037395 0.7515913 0.5099223 0.3947097 0.6548575 0.6518242 0.1388667 0.1871845 0.3154329 0.4203196 0.1214567 0.009964978 0.1052549 0.09400745 0.1315096 0.4998741 0.228762 0.1426666 0.2378877 0.1858274 0.6924594 0.1631567 -9999 -9999 -9999 -9999
0.2464716 0.4174175 0.1396412 0.1885951 0.3268704 0.3039895 0.1187394 0.8066972 0.9720078 0.657296 0.232626 0.4411212 0.1095857 0.3394998 0.0321109 0.8146287 1 0.9393686 0.8349273 0.7335266 0.1968887 0.8410751 0.990035 0.8801478 0.6922886 1 0.9711039 0.7024522 0.7150563 0.5340139 0.4709507 0.2404925 0.1575633 0.2914035 0.1263633 0.4699557 0.7596157 0.9569498 0.7658417 0.6154842 0.2968992 0.04129168 0.01618069 0.1855888 0.9258194 0.9887349 0.604266 0.1199769 0.07782333 0.07110921 0 0.05090162 0.1084487 0.1188394 0.5962928 0.7797464 0.4982435 0.4147208 0.06975002 0.3772256 0.2304045 -9999 -9999 -9999 -9999
0.03131291 0.1956052 0.4491028 0.4096161 0.2155761 0.6793488 0.8966302 0.9800701 0.4854499 0.3032606 0.3713083 0.3137297 0.7370407 0.1191791 0.1975887 0.5154271 0.6961193 0.9746193 0.7216151 0.166118 0.6938595 1 1 1 1 0.8040299 0.9031407 0.8892531 0.5925443 0.204181 0.4575035 0.4042962 0.6682879 0.938549 0.4378455 0.2509964 0.8070179 0.990035 1 0.5596005 0.1465082 0.1397861 0.1813476 0.3089271 0.3100063 0.2202569 0.1346705 0.1228336 0.02946975 0.009964978 0.06975485 0.01992996 0.04617905 0.4876411 0.9499068 0.901682 0.6008649 0.348895 0.4398108 -9999 -9999 -9999 -9999 -9999 -9999
0.1221846 0.2168178 0.1338643 0.1273618 0.6706327 0.9800701 1 0.7616105 0.1967877 0.4702067 0.2759274 0.04628947 0.4282368 0.5387346 0.7604904 0.990035 0.7405304 0.9327844 0.6258692 0.1944747 0.6742378 0.9743037 0.7424574 0.6579349 0.9754174 0.5651615 0.1410824 0.2086541 0.02132489 0.3454472 0.7630883 0.6464214 0.9805441 0.9019254 0.156737 0.6174852 1 0.990035 0.9180166 0.4881893 0 0.309816 0.7979327 0.6885873 0.3207448 0.1392707 0.007817262 0.001375791 0.1722725 0.07727719 0.009964978 0 0.007512199 0.5243635 0.7493686 0.6972683 0.3818878 0.3311722 0.2674596 -9999 -9999 -9999 -9999 -9999 -9999
0.05861059 0.1009136 0.6872937 0.9313284 0.8441606 0.6051288 0.9554467 0.5400704 0.1233821 0.01117413 0.5578033 0.5778813 0.3108275 0.3888634 0.2974285 0.933299 1 1 0.9854856 0.7377855 0.3121107 0.4520644 0.5919929 0.6887138 0.4595821 0.366535 0.8095459 0.2127995 0.3026561 0.9919595 0.5154781 0.4901734 0.9462653 1 0.9799187 0.9301929 0.9800701 0.9285681 0.7148722 0.1748509 0.01637089 0.4669645 0.9470568 1 0.3634679 0.09775426 0.1003376 0.2824026 0.4268855 0.09358866 0.1168028 0.06191222 0.0586786 0.7762192 0.3314934 0.1154171 0.07520287 0.3113609 0.331697 0.04404504 -9999 -9999 -9999 -9999 -9999
0.1082964 0.5060675 0.8962837 0.9462282 0.9124049 0.09054624 0.5854582 0.5445946 0.2795205 0.5937704 0.7472684 0.9736525 0.24004 0.2192377 0.1412898 0.8086131 0.6335021 0.9557519 0.9644633 0.5890576 0.1023003 0.4387167 0.9288179 1 0.4069589 0.6395732 0.9594398 0.9512168 0.9649396 0.9989148 0.8902113 1 0.9714748 0.8338349 0.4162769 0.9700226 0.6299225 0.9317561 0.6029894 0.518492 0.2592797 0.646751 0.9483511 0.8414268 0.7719461 0.4826418 0.5185345 0.4141759 0.590507 0.03999841 0.1840638 0.5951176 0.07083213 0.209183 0.02465773 0.01002536 0.1832922 0.3667565 0.2062413 0.2429408 -9999 -9999 -9999 -9999 -9999
0.6798238 0.613723 0.7812363 0.6079811 0.7074252 0.2123487 0.186404 0.755024 0.9175016 0.7091605 0.3365553 0.5625272 0.1435418 0.3464856 0.2878225 0.5441729 0.757004 0.9822207 0.5903643 0.9921864 0.8891997 0.9890681 0.9437967 0.9369991 0.9789434 0.8512455 0.9924189 1 1 1 0.9002573 1 1 0.8250691 0.3910209 0.5347232 0.2901911 0.2279198 0.6946704 0.977025 0.2925329 0.2547559 0.1989649 0.3074109 0.3269011 0.2148678 0.1979227 0.02015772 0.238835 0.1572361 0.550694 0.2473839 0.1139761 0.3730569 0.2656869 0.08849292 0.1976896 0.1682873 0.06663246 0.1433318 -9999 -9999 -9999 -9999 -9999
