EnvRasters/Baseline_Low/forest.asc
ncols         270
nrows         223
xllcorner     24099.479091542
yllcorner     21023.840179216
cellsize      1003.8986847201
NODATA_value  -9999
[rows 87 to 115 of 223, columns 65 to 129 of 270]
0 0 4.42739e-005 0.08021274 0.05055504 0.009964978 0 0.01992996 0.2250951 0.1049182 0.02186949 0 0.05467644 0.01992996 0.01699589 0.02319672 0.1025235 0.0186725 0.05600943 0.06934083 0 0 0.08880924 0.1896227 0.05422737 0 0.02756848 0.06820955 0.02397264 0.009964978 0.01721342 0.01739559 0.02568741 0.05194046 0.04162834 0.03718712 0.038848 0.05978987 0.0682866 0.08118808 0.09982513 0 0 0 0.01304946 0.1150107 0.06003641 0.05306952 0.1294947 0.07230326 0.1748938 0.02513085 0.08587214 0.4274338 0.2108393 0.0157298 0.06768124 0.1852669 0.04026605 0.05366605 0.02096167 0 0 0.1886697 0.792998
0 0.02824305 0.001651885 0.009964978 0 0 0 0.09548371 0.5128765 0.4984359 0.01797919 0 0.112309 0.01992996 0.002934067 0 0.007091264 0.03731889 0.06975485 0.03635766 0.03621609 0 0.04505808 0.1695291 0.01552748 0 0.6677548 0.06545217 0.02989493 0.01992996 0 0 0.03985991 0.002132766 0.01651198 0.02689334 0.03985991 0 0.05978987 0.02018722 0.5002505 0.05960644 0.009755578 0.03211685 0.03599607 0.1845748 0.1067624 0.01626345 0 0 0.1024025 0.1295447 0.04724472 0.2133441 0.3656036 0.1589334 0.2666716 0.5015044 0.287866 0.03572083 0.09635357 0.03733024 0 0.2296449 0.7690102
0 0 0.01011654 0.01992996 0.06975485 0.01992996 0.009964978 0.0846701 0.3463615 0.9108095 0.2790145 0.1771809 0.01238418 0 0.009964978 0 0.02989493 0.003798481 0 0.009964978 0 0 0.01992996 0.1045038 0.02989493 0.1641591 0.6359159 0.0178002 0 0.009964978 0.01992996 0.01992996 0.009964978 0.06589982 0.02165222 0.008799317 0.02109562 0.009964978 0 0.02958707 0.4397404 0.4271964 0.01942701 8.17772e-005 0.001560155 0.0120233 0 0.001666748 0.01233318 0.0575274 0.1614083 0.03129425 0.1735426 0.5047157 0.9139286 0.7639971 0.6902918 0.3106578 0.2439383 0 0.01992996 0 0 0.03989564 0.2392171
0 0.1205222 0.00981342 0 0 0.02992879 0.1775872 0.06021612 0.0929312 0.5350184 0.2037176 0.7018555 0.1022536 0.009964978 0 0 0 0 0.009964978 0.009964978 0.01249961 0.002865924 0.02019763 0.3635713 0 0.1418581 0.1538873 0.0234442 0.01992996 0.009964978 0 0.0451179 0.02989493 0 0.01992996 0.03985991 0 0.02989493 0.01992996 0 0.279041 0.009609787 0 0.009964978 0 0.009964978 0.009964978 0.03985991 0.06352332 0.0899671 0.01239204 0.3549557 0.1970094 0.3988676 0.6963983 0.9508653 0.2379759 0.2867653 0.1781549 0.03626733 0.03348752 0.02989493 0 0 0.02387093
0.05225177 0.03891744 0 0.03925682 0.089996 0.3877802 0.1212336 0.03032166 0 0.04304964 0.0252273 0.4948255 0.03985991 0.02803801 0.05168182 0 0.02327919 0 0.01606257 0 0.0420021 0.02777315 0.1461166 0.08335855 0.009964978 0.149728 0.6504441 0.04807126 0.03985991 0.06975485 0.04982489 0.1043568 0.04839685 0.171929 0.02682886 0 0.03959714 0.3128128 0.08956017 0 0.03022983 0.01883248 0 0 0 0.03985991 0 0 0.009964978 0.1117091 0 0.6134695 0.1339926 0.1365509 0.1444524 0.2312572 0.03559724 0.02969543 0.2499126 0.02356663 0.01992996 0.1295447 0.03985991 0.02989493 0.006024009
0.08292595 0.009964978 0.009964978 0.02976255 0.3093431 0.2208606 0.1101121 0.009236436 0 0.001603295 0.2093933 0.04187535 0.007679437 0 0 0 0.006615744 0.02638626 0.05369228 0.1138863 0.08413239 0.161771 0.03942278 0.1295447 0.01992996 0.05639705 0.3287719 0.00805865 0 0 0 0 0.002604743 0.007771001 0.07256611 0.0511774 0.01150273 0.1361703 0.009793312 0 0.02962674 0 0.009964978 0 0 0 0.0641193 0.009964978 0 0 0.04243482 0.5513729 0.1296457 0.08785498 0.01674135 0.003505294 0.2079511 0.2186373 0.5676156 0.009964978 0.009964978 0.007657675 0.01227228 0 0.009964978
0 0 0 0.02989493 0.06044607 0.1494803 0.06902514 0.02989493 0.01171856 0.008211398 0.01178209 0.1558546 0.05859947 0.01695907 0.04982489 0.009964978 0.02989493 0.01273799 0.01340281 0 0.04661158 0.002139415 0 0 0 0 0 0.009964978 0.027692 0.08192276 0 0 0.007360235 0.01227784 0 0.001870449 0.008427222 0.02989493 0 0 0 0.0002569563 0.009964978 0 0.002640266 0.04006014 0.310535 0 0 0.02252875 0.2395196 0.08311267 0.2745116 0.09115369 0.01562249 0.3621117 0.2183677 0.6696466 0.09759051 0 0.01992996 0.03985991 0.04188087 0.002527732 0.03405326
0.01992996 0.0105445 0.0002205615 0 0.04009517 0 0.000729717 0.06810201 0.06167357 0.04024231 0.1423449 0.4890798 0.02365818 0.01992996 0.01383078 0.01606415 0.004370362 0.06069974 0.01194755 0 0.009964978 0 0 0.01992996 0.009964978 0 0.009964978 0 0.009964978 0 0 0 0 0.0176171 0 0.01805951 0 0 0 0 0 0.019673 0.009964978 0.03934765 0.08968481 0 0.2004739 0.0133298 0.1147487 0.03632886 0.1939458 0.4916301 0.6692472 0.2405228 0 0.07068988 0.04643337 0.04658068 0.009964978 0.03743841 0.02020826 0.01210818 0.004484574 0.0009317176 0.005806653
0.01965908 0.009481591 0 0 0 0.01992996 0.00476201 0.09843228 0.008073315 0.2210737 0.8305273 0.379644 0.1926834 0.04437099 0 0.02145937 0.028951 0 0 0.02542149 0.01034738 0.01405602 0.02989493 0.006786914 0.003178065 0 0.03519962 0.0445202 0 0 0 0 0 0.05355256 9.155922e-006 0.009964978 0 0 0 0.0007661975 0.02989493 0 0 0.0005122664 0 0 0 0.1767085 0.2089387 0.04293894 0.1434782 0.3743812 0.3635363 0.2226549 0.04982489 0.006567325 0 0.00596877 0 0.009964978 0.01419072 0.006046256 0.04444414 0.02989493 0.05978987
0.0003409854 0.04982489 0.05270312 0.3836004 0.1255461 0 0.009964978 0 0.4882162 0.4485676 0.2653126 0.1688508 0.2353537 0.2031367 0.01992996 0.08259476 0.05632946 0.02989493 0.02989493 0.06975485 0.01992996 0.04551302 0 0.09448905 0.2089563 0.06490229 0.004852558 0.02989493 0 0.009964978 0.09538957 0.6579933 0.6251617 0.9075818 0.1193658 0.009964978 0 0 0 0.04905869 0.009964978 0 0.009971836 0 0 0.009964978 0 0.01047695 0.5020576 0.02495065 0.1277934 0.04702178 0.103645 0.04730366 0.05631784 0.0603982 0.003248446 0.08404158 0.09558155 0 0.03029759 0.1089051 0.2246103 0 0
0.03205466 0.1461875 0.430163 0.2918061 0.009941455 0 0 0 0.1986212 0.1364255 0.009969619 0.001144704 0.04193372 0.009964978 0 0 0.07971983 0 0.03637519 0 0 0.1537866 0.01992996 0.0434965 0.08155221 0 0.009964978 0.04982489 0 0.02901126 0.6972623 0.9876328 0.9289743 0.09735048 0.009964978 0.01992996 0.001717848 0 0.001197367 0.009964978 0.009964978 0 0.009958122 0.02989493 0 0 0.009964978 0.1039478 0.1761426 0.03749671 0.05748058 0.09640081 0.009964978 0.0154443 0.08935314 0.00334458 0 0.04455808 0.009009513 0 0.02989493 0 0 0 0.009964978
0.03769492 0.2658281 0.01853504 0.009572117 0.009988503 0 0 0 0.03375397 0.007092363 0 0 0 0.01992996 0.00754162 0 0 0.03665583 0.03337966 0.01992996 0 0 0.1666509 0.1621934 0.009964978 0.1581997 0.003551354 0.02989493 0.09110229 0.02989493 0.05578749 0.5624827 0.2447499 0 0 0.001972469 0.03814207 0 0.03866255 0.009964978 0 0 0 0 0 0.009964978 0.008805256 0.819542 0.7593687 0.1176909 0.1719648 0.04374213 0.01992996 0.009964978 0.07971983 0 0 0 0 0.009964978 0.009964978 0 0 0 0
0 0.01135791 0.07771106 0.01992996 0.08165227 0.1277603 0 0.009964978 0.009964978 0.009964978 0.04124231 0.01153516 0.1694046 0.1235772 0.2655902 0.009964978 0 0.121698 0.1145131 0.009964978 0.07721514 0.1431424 0.09452572 0.2219818 0.0868623 0.08561994 0.05388976 0.2008527 0.775561 0.1421002 0.02654881 0.01381024 0 0 0 0 0 0.01416558 0.04293974 0 0 0 0 0.01992996 0.004566047 0.005398931 0.3287602 0.7144639 0.06048216 0.05962176 0.05163154 0.007892475 0 0.03420162 0.03555323 0.1849457 0.004388941 0.06568191 0.01158983 0.01992996 0 0 0 0 0.009964978
0.03649214 0.07471436 0.05483036 0.03985991 0.01229339 0.1569632 0.01992996 0.009372469 0 0 0.06804537 0.4162982 0.0214385 0.04369967 0.0276126 0.009964978 0 0.1424581 0 0.05978987 0.06378592 0.01992996 0.03985991 0.03461965 0.008730757 0.0111992 0 0.1304079 0.8169817 0.3193107 0.03959853 0.07613835 0 0 0 0 0 0 0 0 0 0 0 0 0 0.06881308 0.4706401 0.1709112 0.02857151 0 0.1161629 0.04534924 0 0.07021056 0.04126108 0 0.01992996 0.01722676 0.002703201 0 0.005622761 0 0 0.01992996 0.02066961
0 0 0 0 0.009964978 0 0 0.0005925098 0 0 0.1087597 0.7993435 0.0250415 0 0.009964978 0 0 0 0.01430405 0.07538076 0.04982489 0.009964978 0 0.009964978 0.01992996 0.05842454 0.07554246 0.02124926 0.1577269 0.03893542 0 0.05340637 0.009964978 0.05520824 0 0 0 0 0 0.001221314 0.02379918 0.2586772 0.09259821 0.0155822 0 0.1732169 0.1695356 0.01129842 0.06995742 0.01646904 0.01342589 0 0.1465699 0.6871362 0.1908299 0.008304002 0.001660977 0.009964978 0 0 0.06413209 0 0 0.0116684 0.1716209
0 0 0 0.05978987 0.01027207 0 0.08912791 0.01992996 0.04280676 0.1664578 0.05602119 0.08570367 0 0.009964978 0 0.07971983 0.02989493 0 0.02989493 0 0.02778172 0.002113215 0 0 0 0 0.06454888 0.1134492 0.02999341 0.06975485 0 0.01310645 0.01992996 0.02451159 0 0 0 0 0.009964978 0.008743664 0 0.07307915 0.044965 0.009983565 0 0 0.0006524193 0.01601654 0.02496423 0.02989493 0 0.00737296 0.04810806 0.03508263 0.3671284 0.06191371 0.0212266 0.01852796 0.001401998 0.009964978 0 0 0 0.02088576 0.03498441
0 0 0 0 0.1795201 0.003573128 0.1962833 0.009964978 0 0 0.09054133 0.1338357 0 0.1893824 0 0 0.01992996 0.0272591 0.002635834 0 0 0.01992996 0 0.009964978 0 0 0 0.01718253 0.1386868 0.07616103 0 0.006823503 0 0 0 0 0.06975485 0 0 0.04109601 0.0129446 0.01992996 0.03927451 0.05009983 0.07971983 0 0.06914324 0.03985991 0 0 0 0 0.1238886 0.03467222 0.1867009 0.04064894 0 0 0 0 0 0.1920601 0 0.01992996 0
0 0 0.009964978 0.04313668 0.03612553 0 0 0.009964978 0 0 0 0.009964978 0.009964978 0.0749011 0.1542456 0 0.007233011 0.02964372 0.03985991 0 0 0 0.1339452 0.1761832 0 0.01992996 0 0 0.06241656 0 0 0 0 0.01992996 0.01992996 0 0.009964978 0 0 0.02865884 0.1475173 0.04436739 0.03535244 0.009769844 0.01992996 0.01967706 0.05988835 0 0.009964978 0.1804308 0.03732274 0 0.1380745 0.06454992 0.01992996 0.1558666 0.3611344 0.001177881 0 0.01992996 0 0.4955234 0 0 0
0.03568815 0.001279147 0.07309163 0.1292947 0.04263385 0.07836706 0.1316164 0.1172338 0.1594397 0 0 0.05978987 0.006301968 0.02802672 0.09964979 0.03985991 0.01992996 0.002983181 0 0 0.009964978 0 0.01374092 0.3128434 0 0 0.04272473 0.1212709 0.02726825 0 0 0 0 0.01992996 0 0 0 0 0 0 0.008942693 0.04982489 0.01992996 0 0 0.0002528946 0.07026798 0.009964978 0 0.2083834 0.082077 0.02797954 0.02615066 0.03222976 0.03728526 0.009344964 0.0006200144 0 0 0 0.009964978 0.01992996 0.009964978 0.009964978 0
0.07392661 0.01865081 0.009964978 0.146388 0.1406374 0.08884861 0.0301693 0 0.168731 0.03727232 0.03601083 0.02145959 0 0.3519334 0.6194171 0.06014625 0.002489789 0.04982489 0.01992996 0.009964978 0.05512271 0.01992996 0.004119932 0.1165057 0.009964978 0.01503578 0.1886137 0.005025797 0 0 0.02989493 0 0 0.01992996 0 0.01992996 0.03069981 0.01508191 0 0 0 0.009964978 0 0 0 0 0 0 0 0.09964979 0.1234395 0.01690592 0.07933325 0.04115869 0.002574657 0 0.09964979 0 0 0 0 0 0.01992996 0 0.04982489
0 0.1152589 0.1600244 0.1149819 0.2651603 0.009964978 0.04487516 0.004890416 0.1279588 0.05467207 0.02089573 0.01042656 0.06009305 0.7866839 0.8334968 0.119302 0.0232149 0.04293605 0 0 0.1426309 0.05137084 0 0 0 0.1344389 0.2308669 0.004080489 0.01430148 0 0 0 0.01310438 0.08584034 0.08964993 0.3382477 0.1911108 0.1075736 0.05635794 0 0 0.009964978 0.04982489 0 0 0 0 0.009964978 0.009964978 0.03611302 0.1593268 0.04982489 0.0698273 0 0.05721572 0.01003751 0.06393459 0.009838257 0 0 0 0 0 0.02236913 0.007525802
0.1998041 0.2190707 0.103268 0.4063559 0.2361164 0.1096148 0.01534621 0.1346708 0.2116425 0.07319095 0.03316302 0.01246725 0.002666711 0.7580073 0.9706334 0.6984351 0.3284637 0.1717138 0 0.01927931 0.02340033 0.009964978 0.009964978 0 0.009964978 0 0.0006538351 0.004662349 0.005628473 0 0 0 0.2489303 0.3780204 0.3996549 0.272746 0 0 0 0 0 0.01387422 0.01027404 0 0 0.009964978 0 0.3793157 0.06142093 0.008856833 0.2163961 0.01140398 0.0698273 0.04982489 0.1819438 0.009984208 0.105505 0 0 0.001456087 0.008508892 0 0 0 0
0.04643821 0.1142717 0.2602618 0.4771912 0.0548931 0.01025875 0.08517914 0.5695514 0.3475524 0.2132314 0.1599657 0.007509569 0.1355214 0.189371 0.4946783 0.9995382 0.4510189 0.02716992 0.178283 0.1731115 0.1185448 0.009964978 0 0 0 0.06975485 0 0.03188984 0.01793506 0.1722379 0.3928567 0.07858548 0.4713831 0.1974447 0.009964978 0.1195797 0.009964978 0.1604007 0.1392071 0.01992996 0 0.2809609 0.6009155 0.1710245 0.1287429 0.09506249 0.7150614 0.3909564 0.03461716 0.001108146 0.06582246 0.05079546 0.00196694 0 0 0.02467464 0.02306729 0.1061773 0.01463303 0.01247159 0.02989493 0 0 0 0
0.03741527 0.05432171 0.01880341 0.08044247 0.2138033 0.05437959 0.0097753 0.4832352 0.6726183 0.08898405 0.02083329 0.159406 0.2772406 0.1361352 0.1474641 0.9883339 0.297453 0.0230634 0.05940646 0.01669638 0.02656633 0.05487606 0.280103 0.3145405 0.3126764 0.04068492 0.1408617 0.2691675 0.3188081 0.194579 0.1677388 0.2173793 0.249891 0.2094176 0.09119867 0.2666115 0.1746355 0.0263301 0.09454266 0.03985991 0.03122181 0.2013908 0.2525757 0.3071383 0.451462 0.6796208 0.08849839 0.1587642 0.003111154 0 0.180312 0.06156383 0.07943599 0.4087308 0.3413097 0.02515026 0.009393828 0.03311172 0.02288142 0.04731828 0.01992996 0.005722704 0.009964978 0 0
0.3731417 0.1172926 0.08476623 0.1381651 0.009964978 0.1267621 0.1930137 0.7779301 0.4380731 0.0999044 0.1032798 0.4629058 0.4534774 0.2604791 0.7619914 0.9452084 0.7205653 0.100833 0.09718117 0.05352394 0.2145273 0.8377258 0.8712675 1 0.990035 0.9445034 0.7322906 1 0.9574728 0.4531141 0.8098724 0.617222 0.1226179 0.1647265 0.1895377 0.7306435 0.5793191 0.0825571 0 0 0.058463 0.1344888 0.01686309 0.2246147 0.1818385 0.5345303 0.1199554 0.3838452 0.207005 0 0 0.05965691 0.1196811 0.06101336 0.1283823 0.2116725 0 0.06975485 0 0 0 0.004242274 0.08968481 0 0
0.01875608 -9999 -9999 -9999 0 0.009964978 0.0543775 0.8682228 0.8359072 0.1720951 0.03732624 0.191902 0.5640935 0.7965108 0.6937804 0.6347496 0.6187933 0.4596523 0.1037202 0.1666479 0.7854743 0.9532965 0.3645369 0.9774306 0.7730427 0.9747207 0.9266654 0.571135 0.4306254 0.2660151 0.575315 0.3162894 0.09732758 0.6346131 0.2971766 0.2334188 0.3395014 0.01899593 0.04169603 0 0.009964978 0.02864019 0.03347701 0.2216129 0.1576679 0.0201587 0.01973356 0.01992996 0 0.123854 0.04947891 0.2510298 0.05990199 0.009964978 0.007559173 0.2077344 0.1472455 0.02836291 0 0.007491149 0.2169085 0.1594323 0.09014502 0.009964978 0.04982489
-9999 -9999 -9999 -9999 -9999 -9999 -9999 0.05682421 0.3725931 0.2262589 0.1639568 0.01220676 0.02233258 0.3755351 0.5172862 0.6032724 0.1924299 0.05509667 0.01018383 0.04960604 0.3959946 0.5984839 0.02204227 0.5074626 0.1389778 0.1227167 0.1283716 0.01148207 0.06292206 0.5509349 0.09818058 0.2841655 0.2242268 0.05067068 0.05978987 0.03915614 0.1429186 0 0.01809384 0 0 0.154057 0.4235799 0.02126554 0.03205892 0 0.1496945 0.03888721 0.04021629 0.0860269 0 0 0.03344582 0.05437407 0.01237078 0.09012377 0.02989493 0 0.01992996 0 0.0274741 0.2325463 0.07436201 0.08154721 0
-9999 -9999 -9999 -9999 -9999 -9999 -9999 -9999 0 0.06468654 0.1311592 0.3643593 0.2274595 0.07528602 0.09964979 0.009964978 0.1197568 5.148865e-005 0.09964979 0.1020781 0.1139046 0.05145461 0.09344725 0 0.1554987 0.05523181 0.07486739 0.01483467 0 0.2542473 0.1736722 0.05887831 0.1899785 0.009964978 0.02592188 0.002709696 0 0.04315691 0.01037698 0.009964978 0.1595961 0.374619 0.08933344 0.08659235 0.05982922 0.2445754 0.1973961 0.02144624 0.04903465 0.05961412 0.02881141 0.2835903 0.09394214 0.03973921 0.007704077 0 0.009964978 0.1694046 0 0.05284783 0.02989493 0.1127162 0.4140185 0.2900068 0.009964978
-9999 -9999 -9999 -9999 -9999 -9999 -9999 -9999 0 0.01868715 0.07418889 0.05092612 0.0598354 0.005520441 0.07971983 0.2934025 0.05975879 0.220151 0.06607405 0.02092157 0.01042545 0.1081627 0.04670385 0.2846736 0.6613984 0.1350432 0.03474738 0.03499022 0.01456881 0.08910818 0.1988929 0 0.006526608 0.06040734 0.4369891 0.5071356 0.3149335 0.2303565 0.3443103 0.1419769 0.2475515 0.02989493 0.03985991 0 0.2764239 0.1286668 0 0.1687175 0.0597721 0.1407022 0.1792783 0.6426343 0.5746297 0.0666554 0.08797723 0.1405546 0.1674479 0.01252484 0 0.1230842 0.02989493 0.05368529 0.1144288 0.01992996 0.01519115
