EnvRasters/Baseline_Low/forest.asc
ncols         270
nrows         223
xllcorner     24099.479091542
yllcorner     21023.840179216
cellsize      1003.8986847201
NODATA_value  -9999
[rows 29 to 57 of 223, columns 65 to 129 of 270]
0.009964978 0.01992996 0.05978987 0.04331436 0.05320013 0.07609117 0.01992996 0 0.02989493 0 0 0 0 0.009964978 0.009964978 0 0.009964978 0.06383781 0.03224899 0 0 -9999 -9999 -9999 -9999 -9999 -9999 -9999 -9999 -9999 -9999 -9999 -9999 -9999 -9999 0.04059969 0.02661496 0 0.01123634 0.276698 0.3394451 0.03456116 0 0.009964978 0.02247974 0.03386703 0.009964978 0 0.03128327 0.4135678 0.5804356 0.5170866 0.265539 0.02405761 0.1183346 0.1745692 0 0 0 0 0 0 0 0 0.0885443
0.00267159 0.02510408 0 0.04982489 0 0 0.03396911 0.01585578 0 0 0 0 0.01992996 0.01992996 0 0 0.009964978 0.0159245 0.01397043 0 0 -9999 -9999 -9999 -9999 -9999 -9999 -9999 -9999 -9999 -9999 -9999 -9999 0 0.03917205 0.439704 0.4194773 0.2084315 0.2146101 0.1518262 0.5630712 0.3716752 0.02989493 0.003986947 0.04482078 0.02410228 0.03343258 0.005761551 0.01460256 0.08776993 0.03658733 0.02075413 0.06446923 0.005837324 0.04590543 0.05978987 0 0 0.00386623 0.1239962 0.1028966 0.08798204 0.009964978 0 0.02989493
0 0.03547441 0.009964978 0 0 0.03437442 0.01545047 0 0.02653274 0.01332717 0 0.006331472 0.01359848 0.01992996 0.009964978 0.01408363 0 0 0 0.006259481 0 -9999 -9999 -9999 -9999 -9999 -9999 -9999 -9999 -9999 -9999 -9999 0 0.009964978 0.1921623 0.3734021 0.5059641 0.4060853 0.3121037 0.4927002 0.3361311 0.1010487 0 0.008040778 0.03853443 0.009964978 0.007095999 0.02700236 0.007730676 0.002234302 0 0.009964978 0 0 0 0 0 0 0.2296525 0.4614759 0.8296898 0.1237697 0.009964978 0 0
0.05781551 0.0363997 0.02989493 0.051915 0.009964978 0.03739928 0.04580281 0.009964978 0.01566974 0.03415516 0 0 0 0 0.04438933 0.005846323 0 0.009964978 0.008878144 0.02472229 0 -9999 -9999 -9999 -9999 0 0 0 -9999 0 0 0 0 0.05978987 0.04774588 0.1050269 0.1215464 0.09488983 0.08407231 0.1159179 0.1883252 0.01338217 0.02708557 0.01992996 0.009964978 0.006374888 0.01779201 0.01405495 0.0457987 0.01399117 0 0.01992996 0 0.04982489 0.02989493 0 0.01013269 0.01310132 0.232152 0.5696926 0.7480353 0.05063096 0 0 0
0.02901713 0.04271207 0.00421711 0.2661123 0.07351594 0.1120754 0.1189151 0.004686706 0.009964978 0 0 0 0.009964978 0.007460607 0.00793993 0.02332977 0.0007075975 0 0.009964978 0.009964978 0.01992996 0.05974614 0.02225942 0.002207658 0.01267755 0.02897364 0.01133987 0.009964978 0 0.05978987 0.02989493 0.003125264 0.01674387 0.2764167 0.02989493 0.06923725 0.1410037 0.03137146 0.06144971 0.1058506 0.06431508 0 0.01277435 0.006967822 0 0.00359009 0.04684946 0.02095336 0 0.005328305 0.009964978 0 0.01992996 0.01992996 0.009894949 0.01003501 0.02027485 0.03621097 0.06437796 0.3139794 0.3284493 0 0 0 0
0.05978987 0.06388482 0.02579998 0.05197037 0.0380211 0.01992996 0 0 0.03985991 0 0 0.009964978 0 0 0 0.01481659 0.001005952 0.04982489 0 0.01315593 0 0.03547009 0.03926681 0.07794352 0.1352344 0.06805401 0.05842851 0.06192985 0.1767608 0.1877378 0.003033519 0.3223339 0.4468395 0.7177037 0.3840679 0.3781628 0.02762687 0.07880516 0.1630137 0.1120905 0.08734837 0.01992996 0.009964978 0.02292711 0.009964978 0 0 0 0 0.004636673 0.03885884 0.001001071 0.009964978 0 0 0.009964978 0.04982489 0.0210852 0.02031236 0.1010385 0.1655101 0.2094236 0.009964978 0.003007224 0.006957755
0.04426716 0.09146998 0.049231 0.08043822 0.02377511 0.003217762 0.009964978 0 0.009964978 0.02989493 0 0.01746753 0.02015621 0.002236169 0.009964978 0 0 0.04982489 0.01992996 0.04663394 0.02989493 0.1454431 0.1141214 0.3633714 0.3034132 0.1083791 0.1524236 0.1742509 0.3588903 0.5273104 0.0440282 0.3503594 0.1883887 0.01121814 0.1124516 0.4706476 0.1481726 0.1503696 0.04442687 0.06273127 0.1508156 0.01992996 0.02989493 0.009964978 0 0 0.0262389 0.0634459 0.01992996 0.170308 0.07971983 0.01992996 0 0 0 0.009964978 0.01351241 0.05978987 0.2632383 0.53057 0.2584283 0.1303231 0.001907911 0.02989493 0.1032476
0.009964978 0.01992996 0.05264372 0.04008055 0.01618093 0.01431703 0.004054166 0.1491031 0.2697523 0.286476 0.3891451 0.09999773 0.03510452 0.02989493 0.01861473 0.05981569 0 0.01992996 0.03985991 0.009964978 0 0.1710516 0.1617076 0.6642402 0.3660321 0.1080372 0.02572341 0.3061399 0.6796746 0.1328784 0.04982489 0.03939671 0.01992996 0.04982489 0.259775 0.2206065 0.1309159 0.05130776 0.03817312 0.01190639 0.06420589 0.03326265 0.009964978 0.03985991 0.009964978 0.07971983 0.01992996 0.04848337 0.07482789 0.09839394 0.03985991 0 0 0.004400602 0 0 0.0377099 0.0654939 0.3333528 0.2999101 0.06547514 0 0.02798702 0.0305128 0.01101518
0.009964978 0.004797602 0.007398431 0.1780603 0.1225576 0.03593025 0.04656155 0.0502774 0.4073863 0.5500206 0.3424948 0.2677635 0.3013722 0.04149753 0.05868284 0.06218632 0.009492622 0.03009517 0.0102371 0.01706607 0.07920113 0 0 0.1368824 0.09628756 0.09162506 0.1573763 0.4514386 0.3250668 0.04237923 0.02431588 0.06679687 0.01987706 0.009964978 0.05749637 0.2528049 0.1599646 0.06039853 0.07982086 0.02601566 0.1243228 0.03032938 0.04736948 0.02989493 0.01992996 0.02823103 0.02159387 0.05483016 0.2501556 0.5330276 0 0.009964978 0 0.005564377 0 0.01992996 0.01662164 0.1282765 0.06450567 0.01253562 0.01735932 0 0.0235437 0.06583653 0.08790441
0 0.009964978 0 0.3330483 0.9329785 0.4103578 0.003663805 0.009964978 0.2162214 0.1095694 0.008004976 0.02747867 0.07446381 0 0.01397822 0.08863649 0.009964978 0.009964978 0.04015236 0.1127049 0 0 0 0.05978987 0.01211851 0.0765437 0.08723848 0.07960258 0.04160907 0.07932235 0.2680251 0.169585 0.07084437 0.3093398 0.339868 0.1451499 0.04748889 0.06227874 0 0.348349 0.3046157 0.05277622 0.005310601 0.02989493 0.01822196 0.001707996 0.03985991 0.02375634 0.1867892 0.1236911 0.02016837 0.01992996 0 0.009964978 0 0 0.1072693 0.1150089 0.170746 0.1738978 0.2235235 0.135697 0.01766089 0.156357 0.08538399
0.01833265 0.01992996 0.009964978 0.1140058 0.1666594 0.07590404 0.01992996 0 0.01992996 0.02378574 0.009964978 0.01434125 0 0.009964978 0.03510397 0.1012106 0.0002301776 0 0.007340642 0 0.1707958 0.1790381 0.04480365 0.03455957 0.06984536 0.02945601 0.006052663 0.04377223 0.06692208 0.1308087 0.2306311 0.1540738 0.1542564 0.1106429 0.1812172 0.02989493 0.02989493 0.0251077 0.01011316 0.4628499 0.228838 0.009964978 0.0534645 0.1529513 0.009964978 0.04098182 0.01493193 0.07971983 0.08968481 0 0.009964978 0.009964978 0 0.01992996 0 0.01398438 0.2136729 0.1710297 0.2352853 0.2234098 0.07441059 0.02747606 0.083802 0.09429756 0.0350135
0.05673453 0.04816991 0 0 0.04295561 0.006869277 0.01709096 0.002838997 0 0 0.01992996 0.005629518 0 0 0.01992996 0.09964979 0.01992996 0 0.1126088 0.02661574 0.3777086 0.1591024 0.06375387 0.1025231 0.2078373 0.04719052 0 0 0.2127468 0.223996 0.2094852 0.1592419 0.0454081 0.1094925 0.03906925 0.1029714 0.1254507 0.1151716 0.06001613 0.1741731 0.04292544 0.08778541 0.01938432 0.04006249 0.01874244 0.2344415 0.07602823 0.05610277 0.01992996 0.01992996 0.009964978 0 0 0 0.009964978 0.005945574 0.127269 0.04458911 0.2046225 0.2568252 0.06302048 0.01992996 0.009964978 0.01933653 0.2146126
0.4308655 0.240084 0.1016992 0.009964978 0.009964978 0 0 0.007664525 0.01226543 0 0 0.0342304 0.009964978 0.01499032 0.009794812 0.0147441 0.03841021 0.009964978 0.01273669 0.250502 0.02680164 0.09964979 0.06975485 0.06233906 0.01992996 0.01992996 0.101292 0.1310568 0.249439 0.07166994 0.04413427 0.04470113 0.04623446 0.3389418 0.0241788 0.03066734 0.06157075 0.1665365 0.3598344 0.1228713 0.06790984 0.05037054 0.03422518 0.3066187 0.03115256 0.06910919 0.02408386 0.01365208 0 0 0 0.01992996 0 0.009964978 0.009964978 0.06379803 0.1185192 0.105908 0.1903632 0.1564408 0.08853774 0 0.03985991 0.0519333 0.2778662
0.1531588 0.1676189 0.01997638 0 0.009964978 0 0 0 0.009964978 0 0 0.01992996 0.009964978 0.03467236 0.01012718 0.06542726 0.1295124 0.02989493 0.009964978 0.3178381 0 0 0 0 0 0.02989493 0.008322763 0.008452884 0 0.02989493 0 0.01541077 0.004519183 0.0559173 0.05573344 0.01686217 0.1217001 0.1615504 0.02989493 0.4856477 0.4213295 0.3008364 0.3622436 0.3002005 0.1206032 0 0 0.01628366 0.01584126 0 0 0.03100824 0.04362263 0.128717 0.08178042 0.07242979 0.1389209 0.05040752 0.0768408 0.2199943 0.1489461 0 0.03199275 0.1928719 0.06445238
0.01418292 0.061352 0.06163826 0.0069677 0.01296226 0.009964978 0 0.01359351 0 0 0 0.02989493 0.01992996 0.02010607 0.009788871 0.01190777 0.108984 0.04008617 0.2257043 0.1115331 0.01792789 0 0.002810952 0.05697892 0.009964978 0 0.03178615 0 0.009964978 0.02116614 0.009839288 0.009964978 0.0436331 0.09853845 0.3127476 0.02405956 0.07882646 0.1149697 0.2484234 0.491545 0.3945959 0.3772064 0.3271978 0.02340416 0.009964978 0.009964978 0.08631916 0.03354123 0.05464604 0.02645415 0.1143851 0.489624 0.5315439 0.145674 0.3081175 0.2229749 0.03526995 0.04655374 0.00131726 0.07125935 0.0509832 0.01992996 0.009933335 0.03985991 0.009964978
0.008677878 0 0 0 0 0.009964978 0.01697732 0.02626641 0.05978987 0.05804579 0.01170906 0.009964978 0.009964978 0.009964978 0.03533849 0.04534815 0.05974863 0.001731728 0.1020509 0.05017565 0.03767568 0 0 0 0.009964978 0 0.04233527 0.03549334 0.01135612 0.01003743 0 0 0.02609647 0.05357986 0.01735578 0.04297166 0.06068323 0.03889798 0.08956427 0.1198138 0.0337842 0.1016076 0.1780498 0.09497774 0.1003009 0.1066503 0.03326058 0.01992996 0.06288596 0.3339329 0.5262355 0.2029237 0.3548115 0.4809526 0.549516 0.3910569 0.22815 0 0.05591031 0.08419641 0.05978987 0.04760304 0.05548095 0.00913718 0.03507016
0.04979325 0 0 0.0334184 0.05757328 0.01813989 0.1043925 0.06975485 0.0329805 0.02989493 0.02989493 0 0.04982489 0.03308829 0.06490482 0.08231691 0 0 0.02391788 0.01622268 0.07956866 0.06690195 0.003383481 0.01654648 0.0261664 0.006050916 0.01992996 0.02989493 0.03452112 0.02645019 0.07427617 0.07011122 0.01375549 0.01992996 0.009964978 0.06752197 0.04851015 0.06772185 0.259503 0.1045653 0.03873027 0.05886985 0.05399562 0.1970202 0.2171897 0.3628034 0.2394924 0.1462413 0.3387172 0.4540916 0.2090506 0.1186971 0.1909183 0.1218197 0.1320015 0.05981286 0.1500143 0.04785413 0.09192207 0.1694046 0.05483383 0.0421779 0.01755215 0.01992996 0.01495006
0.0212487 0.01704701 0.02815419 0.08389274 0.06236284 0.01187721 0.05978987 0.03891271 0.122929 0.02345686 0.02029453 0.01992996 0.01992996 0.06590948 0.06468827 0.06846767 0.01992996 0.009964978 0.02101364 0.01285798 0.07275892 0.04982489 0.01992996 0.02989493 0.05850481 0.0334391 0.009964978 0.04982489 0.04002642 0.02726969 0 0.05978987 0.01992996 0.01992996 0.01992996 0.09943959 0.04361774 0.05080757 0.0195647 0.02146006 0.01992996 0.0319446 0.02989493 0.02234395 0.04261222 0.0400378 0.1699147 0.3126166 0.4751015 0.4822437 0.4101206 0 0.09246732 0.01034738 0.05156567 0.1206044 0.3473911 0.1501169 0.03675462 0.04703398 0.112684 0.09964979 0.1069084 0.102913 0.02282263
0.07707679 0.156506 0.02811692 0.0779717 0.03164306 0.02989493 0.02434629 0 0.06275496 0.0900824 0.1122533 0.09523114 0.01992996 0.005612276 0.0236546 0.009964978 0 0.02416688 0.03737086 0.02826594 0 0 0.00298777 0.002701505 0.01333618 0.07126111 0.03040098 0.01549467 0.01440027 0.0323312 0.009964978 0.04053154 0 0.009964978 0.04733773 0.0323821 0.06975485 0 0.03745031 0.01237458 0.009964978 0.009964978 0.009964978 0.01030387 0.007044701 0.07971983 0.1767339 0.3005586 0.4547377 0.1274976 0.1676439 0.1983268 0.0137272 0.01479822 0.09634265 0.1959807 0.1693806 0.2945673 0.3689369 0.08330605 0.1207935 0.1074525 0.3501007 0.5273083 0.3022225
0 0.04137207 0.06141233 0.03179124 0.02670492 0.01761773 0.02635783 0.03985991 0.03985991 0.07741074 0.1670627 0.07340918 0.02227593 0.03751395 0.03766133 0.1916183 0.0567848 0.07695634 0.04030556 0.03601024 0.02989805 0.01992996 0.06096631 0.05292416 0.05470185 0.01024328 0.02473968 0.01992996 0.01590309 0.05765793 0.03361747 0.009293351 0.009964978 0.009964978 0.03985991 0 0 0.04982489 0.009964978 0 0.148506 0.01093366 0.03985991 0.02071918 0.04165207 0.08084049 0.06572787 0.2428462 0.08825443 0.2498704 0.03416788 0.001355132 0.006741296 0.1261085 0.04673561 0.1080009 0.02831001 0.06685215 0.37639 0.1419609 0.1610906 0.4126482 0.1229069 0.08585329 0.106038
0.1087118 0.02989493 0 0 0.1128163 0.00696042 0.02989493 0.02989493 0 0 0.04982489 0.1757138 0.133048 0.03985991 0.04079352 0.01891125 0.02527327 0.06139345 0.07811063 0.09618171 0.07233947 0.05391899 0.02888147 0.0326893 0.06108322 0.03644711 0.05641404 0.01992996 0.009964978 0.04316054 0.006664351 0 0.05978987 0 0 0 0.02751718 0.02230771 0.009964978 0.008673561 0.00996509 0.02989483 0.02949034 0.1033345 0.01992996 0.01712914 0.02820251 0.2640782 0.1152485 0.1838197 0 0.02326694 0.1386767 0.2471588 0.05239243 0.07135002 0.1157325 0.04358481 0.1569734 0.1085061 0.3309341 0.3367565 0.1239553 0.1913409 0.2952168
0.03329189 0.0183539 0.001576055 0 0.05425096 0.0475672 0.009964978 0.0169436 0.006900545 0.01992996 0.01992996 0.08552938 0.1876836 0.0186198 0.05576826 0 0.03460946 0.1359489 0.1124693 0.1506493 0.06787087 0.05915318 0.1012799 0.02533475 0.1241494 0.08205282 0.02316323 0.009964978 0.009964978 0 0.01992996 0 0.009964978 0.02425298 0.06382445 0.04111962 0.009964978 0.009964978 0 0.02983727 0 0.0203538 0.01975721 0.1401701 0.1518014 0.08031955 0.1786644 0.3941606 0.0778027 0.02763954 0.02175773 0.009964978 0.164875 0.01491148 0.1640891 0.06925668 0.04528866 0.01494122 0.06334677 0.03921517 0.09333687 0.1631059 0.09274961 0.06971346 0.1872382
0.00829279 0.001672189 0 0.009964978 0.01992996 0.01984626 0 0.02291632 0.0628543 0 0.06382503 0.1071509 0.02978833 0.07958083 0 0 0.01521544 0.0313293 0.04305638 0.03587407 0.07633211 0.2063466 0.2830487 0.0770012 0.05448857 0.09425253 0.01321848 0.01640551 0.02028633 0.04302798 0.02989493 0.009964978 0 0.06685089 0.3653898 0.2355927 0 0.009964978 0.05778311 0.1483225 0.1255481 0.03942811 0.03199872 0.2094615 0.4962827 0.2976774 0.03741182 0.4380865 0.2355152 0.01632922 0.02481835 0.2167973 0.08763105 0.2604611 0.2323271 0.04453493 0.02414216 0.04549129 0.02803335 0.1195425 0.06306521 0.05978987 0.1168713 0.07000945 0.2437562
0.02989493 0.02878731 0.0110726 0 0 0.00234138 0.009964978 0 0.009964978 0.07648801 0.009964978 0.01599549 0.04982489 0.05546504 0.00545798 0.009964978 0 0.02905173 0.06408206 0.05171005 0.09164482 0.1353749 0.06714806 0.03473282 0.03147952 0.05827773 0.03623934 0.02041645 0.02015621 0.03578138 0.02989493 0.02236253 0.02082619 0.107194 0.4003273 0.2206122 0.02989493 0.02989493 0.1215854 0.1225219 0.1434984 0.127768 0.1608068 0.1776583 0.388692 0.2262195 0.08577664 0.367223 0.02341864 0.03374795 0.1528592 0.1875975 0.2436237 0.431759 0.04781105 0.04069784 0.09987839 0.01401542 0.006195184 0.1090959 0.1329778 0.009964978 0.009964978 0.05463888 0.3701018
0.009964978 0 0.03539217 0.04126194 0.03798928 0.1050521 0.01992996 0.1176071 0.1167614 0.04418881 0.03902225 0.1061643 0.04191869 0.2418283 0.03704976 0 0.03477477 0.009964978 0.04421211 0.1649626 0.1016036 0.04509907 0.06001613 0.06428944 0.02267581 0.01736065 0.05891515 0.02230351 0.06274179 0.04594767 0.03468509 0.1225723 0.2942699 0.2186309 0.3297927 0.02128601 0.01053433 0.08873394 0.04796643 0.01992996 0.06565701 0.03114593 0.09646629 0.01992996 0.009964978 0.002525966 0.03703351 0.1220625 0.105554 0.02989493 0.1955725 0.2730498 0.3725572 0.4531727 0.1198413 0.0643812 0.03727933 0.0879491 0.01992996 0.1468446 0.006721286 0.007343144 0.02529541 0.0451926 0.2797483
0.008969416 0.0009955628 0.1022056 0.03026436 0.002102789 0.02440098 0.02751067 0.08837759 0.2369337 0.05039312 0.1010716 0.06623017 0.1214405 0.09006158 0.06468489 0.1015192 0.2086889 0.06462716 0.009964978 0.1422456 0.1755421 0.1498468 0.08968481 0.05606006 0.03711406 0.08404161 0.06506759 0.04792987 0.06436299 0.1112824 0.03990072 0.0373833 0.2714297 0.1345015 0.09128899 0 0.03947726 0.06167868 0.08157486 0.17723 0.1415043 0.03757996 0.07164128 0.009964978 0.02745638 0 0.0571375 0.003264739 0.05062088 0.02989493 0.09292517 0.1124175 0.1328102 0.08028299 0.009964978 0.03683244 0.05822602 0.1284112 0.03490591 0.1701187 0.04247257 0.005924397 0.0371163 0.009964978 0.09572946
0 0.009964978 0.03833573 0.04992209 0.02858559 0.08037196 0.04224418 0.1407388 0.2921429 0.04356175 0.1977325 0.1956595 0.03703554 0.08476865 0.2026405 0.1482219 0.1886015 0.0771994 0.06465144 0.06295361 0.1015801 0.07631475 0.09596379 0.0535547 0.02563341 0.05195232 0.03979238 0.09822457 0.07085797 0.0605504 0.1254865 0.04032039 0.02103999 0.1310816 0.07967968 0.03003033 0.0901636 0.03919016 0.03074602 0.08329293 0.1012452 0.05960751 0.0303129 0.007753439 0.04513912 0.09712754 0.005631806 0.05978987 0.009964978 0.009964978 0.01835089 0.03030336 0.03498751 0.04007303 0.1591652 0.04982489 0.009964978 0 0.07570104 0.01992996 0.01656738 0.01667148 0.01293157 0.03985991 0
0 0 0.1110418 0.02083178 0.1643266 0.369771 0.03812056 0.1072724 0.0888066 0.0261931 0.1212876 0.1790716 0.02989493 0.2291945 0 0.1326772 0.3113095 0.1067575 0.214018 0.2780776 0.08887228 0.09328783 0.2253868 0.0427882 0.1532163 0.189329 0.009964978 0.1073843 0.08383943 0.01828835 0 0.04982489 0.009964978 0.07765557 0.0793534 0.04977076 0.02049771 0.01985458 0 0.06884047 0.03154987 0.04816434 0.1014434 0.01992996 0.04698424 0.0498453 0.01992996 0.0238453 0.04289401 0.4880788 0.4032593 0 0.0108219 0.08086512 0.08321287 0.04385734 0.01667131 0.02318861 0.01589638 0.009964978 0.01992996 0.02297995 0.04992337 0.02989493 0.01992996
0.08078419 0.0293123 0.04954182 0.06515388 0.03985991 0.280466 0.1007691 0.07800461 0.02565783 0.009964978 0.01992996 0.02989493 0 0.03175261 0.02781832 0.1243725 0.05262065 0.06273378 0.1598489 0.2634117 0.08876717 0.2109276 0.1581365 0.0965248 0.03699518 0.05981028 0.05223598 0.09865253 0.03007482 0.1133726 0.1064916 0.04325982 0.009964978 0 0.01992996 0 0.0908449 0.05829004 0.09829127 0.07738359 0.08968481 0.01995036 0.01825527 0.002984299 0.0345243 0.05232674 0.0172143 0 0.2486345 0.4211418 0.344714 0.0152798 0.02458012 0.01205513 0.03776976 0 0.05978987 0.01992996 0 0.04982489 0.009964978 0.2461484 0.2394041 0.01143922 0
