EnvRasters/Baseline_Low/grass.asc
ncols         270
nrows         223
xllcorner     24099.479091542
yllcorner     21023.840179216
cellsize      1003.8986847201
NODATA_value  -9999
[rows 56 to 83 of 223, columns 64 to 127 of 270]
0.2160417 0.3210122 0.366178 0.1772707 0.2518731 0.3270634 0.3878063 0.631667 0.1222984 0.1866037 0.1913163 0.1218173 0.4057955 0.2365727 0.1280173 0.01177228 0.136236 0.1088569 0.07770357 0.1839439 0.1089001 0.04275098 0.3801871 0.2475409 0.3623509 0.2239055 0.1833347 0.006126713 0.09224757 0.3807337 0.1859952 0.2924287 0.2689195 0.2611161 0.3819975 0.346258 0.2325682 0.3849775 0.422676 0.2137723 0.4170538 0.4981235 0.4265793 0.3997426 0.2045142 0.2826319 0.4458748 0.3877198 0.4512617 0.3385543 0.05748317 0.2391887 0.2677633 0.321867 0.5009459 0.4044807 0.1611267 0.1358171 0.1670794 0.3381142 0.2032171 0.137782 0.4800015 0.5302712
0.3514581 0.4341126 0.1896952 0.2047112 0.5947429 0.3910854 0.3588586 0.2931278 0.288813 0.2914377 0.0800005 0.0435153 0.4704738 0.3311836 0.29835 0.2493717 0.4835319 0.1881227 0.1988289 0.2045815 0.1877581 0.08632267 0.1707338 0.1739075 0.285406 0.1571099 0.3057034 0.159177 0.1860722 0.1790971 0.2793599 0.374103 0.2637477 0.2432138 0.3098395 0.4822609 0.3143758 0.4177467 0.4101521 0.3918949 0.4926145 0.6207805 0.3045138 0.1855579 0.1273284 0.1452605 0.2316321 0.2914846 0.2567632 0.3274635 0.2834409 0.2505978 0.4468719 0.2767924 0.3973861 0.2853499 0.2915315 0.2914291 0.270873 0.3472974 0.4129281 0.289618 0.2153152 0.2671842
0.3860581 0.193486 0.0003757508 0.13888 0.2469926 0.1006752 0.2411341 0.3063615 0.4248208 0.2999095 0.312722 0.2079593 0.1903996 0.2037425 0.218835 0.5102345 0.3693052 0.08814874 0.200829 0.4028617 0.3678205 0.2143968 0.3037391 0.4591748 0.2144885 0.0871922 0.2458356 0.3251833 0.4036831 0.3057309 0.1195911 0.1871168 0.2680541 0.3951332 0.4346595 0.384311 0.4115464 0.3919888 0.272722 0.1519596 0.604861 0.5119808 0.3741791 0.2523762 0.4319313 0.1043144 0.2340789 0.262357 0.4282099 0.3522818 0.3455411 0.3335168 0.1695425 0.1921497 0.5170118 0.3987847 0.33584 0.2626621 0.2518282 0.3340505 0.2836294 0.3249205 0.3972763 0.3712403
0.2301197 0.1658277 0.06445594 0.0347432 0.3398279 0.2625636 0.2998657 0.2347941 0.2515819 0.2670141 0.2745356 0.1014232 0.3172826 0.354426 0.4034504 0.6379154 0.2810267 0.2924524 0.2288954 0.2260115 0.3549668 0.382143 0.4101785 0.4049712 0.1388311 0.3047945 0.2833419 0.3130301 0.3219404 0.3848218 0.2372661 0.3499609 0.2941663 0.3813812 0.2798944 0.3402064 0.4132296 0.3318461 0.2847884 0.5162069 0.437427 0.1944602 0.2939776 0.4841027 0.3379311 0.2536893 0.302628 0.1457408 0.2365867 0.2745971 0.3014531 0.1028199 0.1486658 0.5211914 0.5667208 0.3147164 0.4743494 0.5021014 0.3487273 0.4203284 0.2390105 0.4500142 0.2508239 0.2532738
0.2566845 0.1809821 0.1537526 0.1300491 0.3539019 0.4553433 0.1869423 0.216283 0.1482118 0.1849125 0.2917226 0.1909439 0.3148088 0.6663748 0.4778189 0.2442712 0.2482836 0.2981102 0.1934427 0.2649066 0.4038185 0.2861355 0.3183017 0.1359092 0.1909422 0.2663164 0.3296645 0.3126486 0.3509254 0.4025806 0.2453395 0.4897515 0.4343106 0.1356568 0.004473418 0.2809256 0.4836225 0.3682 0.1295163 0.5074541 0.1277016 0.2983132 0.3200371 0.272461 0.4140562 0.3281853 0.2742532 0.3125808 0.09645457 0.2473039 0.3945495 0.1272274 0.3618283 0.4926552 0.1629017 0.343865 0.2517002 0.4160952 0.1999191 0.2478278 0.100033 0.3072187 0.1657376 0.1552268
0.1809583 0.2355043 0.2181949 0.06432222 0.1154719 0.3898334 0.1956346 0.2271818 0.2230738 0.1293216 0.1277396 0.3795882 0.5340812 0.451183 0.215982 0.3037042 0.2905958 0.1721161 0.3755499 0.2108876 0.2372111 0.3073104 0.2147929 0.2455281 0.4700735 0.2279517 0.4949652 0.2533789 0.1645441 0.2708585 0.3437517 0.2985385 0.4198352 0.2664334 0.19506 0.497318 0.4706024 0.2802371 0.05581243 0.2429941 0.4362092 0.2965114 0.309932 0.2615572 0.3829837 0.1715288 0.1874634 0.329929 0.429457 0.2003165 0.3197842 0.1673935 0.3341046 0.3930363 0.233877 0.3193546 0.4336008 0.2963822 0.2461925 0.129558 0.1524444 0.1874921 0.218831 0.1570623
0.1614951 0.3165222 0.1790876 0.2386956 0.2358777 0.4013234 0.2752366 0.1479848 0.214525 0.1709538 0.1444694 0.5018504 0.3663692 0.2896332 0.3506232 0.1665836 0.3845052 0.3399942 0.3579076 0.4184635 0.3227123 0.3741553 0.1702433 0.292754 0.4586531 0.1366384 0.3262507 0.2651708 0.3797516 0.3872334 0.2746183 0.3073762 0.3950108 0.3227957 0.3459166 0.5488144 0.5180339 0.1944634 0.02874512 0.0513416 0.2299637 0.2736575 0.2335422 0.3161602 0.2482791 0.2388408 0.3963102 0.1675806 0.2360987 0.2831715 0.2211384 0.2361751 0.1768362 0.2289887 0.2857791 0.2531487 0.2002786 0.06880815 0.2318048 0.1005874 0.1756545 0.1167447 0.2112447 0.3479953
0.3065982 0.3755823 0.337184 0.3996373 0.2463952 0.3647567 0.2818514 0.201216 0.118401 0.2112233 0.02226438 0.4100743 0.139975 0.307982 0.4886118 0.3278292 0.1641354 0.1975824 0.3140717 0.3503832 0.2014 0.2471247 0.271089 0.4831601 0.2806401 0.1358094 0.1901109 0.3631565 0.3835888 0.2994666 0.31982 0.3783002 0.2507503 0.3272205 0.3106137 0.1577849 0.2036429 0.00394547 0 0.01992996 0.09709258 0.327274 0.3263305 0.357547 0.3392715 0.5018409 0.3056214 0.2045535 0.2436219 0.3101835 0.2261498 0.4219011 0.0564254 0.219346 0.3369751 0.1650405 0.2991946 0.1436812 0.09413067 0.1350266 0.06544064 0.07957833 0.1567205 0.1592239
0.2809342 0.2488907 0.3653691 0.2161218 0.1710597 0.3078954 0.3215037 0.252744 0.199181 0.1005998 0.131527 0.07946222 0.1819659 0.3793851 0.3263651 0.2510983 0.2783232 0.3557626 0.1736458 0.1740465 0.2033554 0.2493544 0.2551112 0.3833656 0.3202603 0.2281266 0.2501594 0.2834683 0.3060548 0.3401781 0.2803924 0.3519832 0.1247521 0.1790646 0.2133047 0.2987241 0.4143612 0.08251499 0 0.1482635 0.2703561 0.4148545 0.4546027 0.5026719 0.2984965 0.3298275 0.1809347 0.2047625 0.3671341 0.1764024 0.2031794 0.1531391 0.2210691 0.1768849 0.1786889 0.2979653 0.189151 0.2282543 0.01712142 0.1011822 0.2767338 0.08600501 0.09812435 0.1162982
0.3495045 0.4418939 0.2048304 0.192534 0.1404062 0.1305035 0.385678 0.1845593 0.1389376 0.2469314 0.1928051 0.1875076 0.1968291 0.1384812 0.4023295 0.2518316 0.4497387 0.2514447 0.3216686 0.3604102 0.2786092 0.2333864 0.2286001 0.4423618 0.2159957 0.2516352 0.1603478 0.2746671 0.3489904 0.3639165 0.2582776 0.3086524 0.2520852 0.08716968 0.2683236 0.2434486 0.180488 0.202436 0.494983 0.1635308 0.1496861 0.2715107 0.2890627 0.3460766 0.2773301 0.2008435 0.2122305 0.1941017 0.271149 0.2697902 0.2894495 0.2071002 0.1995323 0.08551162 0.2029285 0.2147889 0.3344597 0.2276378 0.02022319 0.1096679 0.1401977 0.06552387 0.04455845 0.08963019
0.3624514 0.2909848 0.1227439 0.3021091 0.2666481 0.2112625 0.1748557 0.2580363 0.3477199 0.2418535 0.3391641 0.1527476 0.4086656 0.4935917 0.1842446 0.1478707 0.2204052 0.05467917 0.1505062 0.1407853 0.2289626 0.2790004 0.2152665 0.09520703 0.1223687 0.2887358 0.290549 0.3518861 0.4580273 0.217858 0.2368663 0.3666421 0.399692 0.3173948 0.3706337 0.387161 0.4379617 0.3012885 0.0552149 0.08824782 0.3807397 0.2442243 0.2639162 0.1210645 0.3699296 0.3924741 0.2027235 0.3974755 0.2806103 0.1631468 0.2302136 0.09110836 0.2041276 0.1554856 0.2540711 0.1812025 0.08116448 0.2074563 0.2050256 0.1947838 0.07280081 0.09682491 0.04684646 0.09011882
0.2819638 0.1361413 0.1814076 0.1706591 0.1075254 0.1766885 0.1987513 0.04753237 0.1358223 0.2749606 0.2375705 0.1270299 0.6542003 0.3362063 0.2974638 0.2105944 0.4552003 0.3102399 0.07135353 0.2042617 0.2556882 0.1997162 0.09505831 0.209542 0.5091444 0.24495 0.3602144 0.3375182 0.2913829 0.2929151 0.1422479 0.506991 0.4703628 0.4622432 0.3433602 0.3076174 0.2829988 0.2826099 0.25793 0.2820779 0.3209253 0.3326701 0.4324559 0.3357003 0.2305886 0.2568423 0.2968701 0.3071135 0.4103626 0.1372802 0.2072043 0.3259419 0.3826504 0.2105126 0.1957697 0.1201409 0.08245607 0.1802439 0.2047798 0.06083347 6.876817e-005 0.05206337 0.07933205 0
0.5044708 0.3943667 0.08404036 0.230776 0.1592269 0.09243034 0.2826612 0.1972001 0.09226933 0.3382054 0.171793 0.2337674 0.5213859 0.2863787 0.3411188 0.1879354 0.107078 0.2475689 0.1348028 0.3543145 0.419414 0.1960451 0.2563553 0.2305458 0.2742417 0.2076467 0.3281855 0.2246025 0.3734661 0.3143594 0.4115511 0.3193962 0.4990898 0.724152 0.4149279 0.2527346 0.4083274 0.5038946 0.2182145 0.1188958 0.3516159 0.2537914 0.1071895 0.1924255 0.2408857 0.1564639 0.3647788 0.456632 0.5813209 0.337301 0.2968881 0.2937238 0.1950712 0.1693413 0.248803 0.3450724 0.1883167 0.06304489 0.05071485 0 0 0.007639134 0.02337826 0.01992996
0.4093777 0.3688042 0.1147669 0.2581326 0.1620613 0.4037294 0.1539195 0.1676733 0.2036151 0.1703798 0.4185673 0.3865104 0.2745972 0.1545816 0.2098091 0.4038984 0.3529928 0.1036863 0.3581156 0.09923994 0.1851841 0.2796701 0.1059236 0.2641047 0.3581631 0.3374771 0.5200994 0.13011 0.2732331 0.3833598 0.3486586 0.5123602 0.4970821 0.4674554 0.3552645 0.3796768 0.4346593 0.4385535 0.4561215 0.2551931 0.07482886 0.1023753 0.1767554 0.5266638 0.5585982 0.4445105 0.4011523 0.2628354 0.3055927 0.2813968 0.470401 0.4489365 0.2967283 0.1424471 0.1090038 0.2843698 0.1213801 0.01019928 0.009964978 0 0 0 0 0.005436903
0.5792924 0.3227355 0.2933037 0.2465591 0.1372489 0.1445279 0.1322474 0.1349767 0.1106221 0.4553035 0.4474972 0.1259155 0.2025033 0.2058679 0.1950489 0.2635081 0.1120174 0.424753 0.223358 0.4771896 0.3139316 0.3306809 0.1165259 0.1888156 0.1875959 0.497097 0.4108743 0.2525232 0.5326344 0.569934 0.4559585 0.3620391 0.3635536 0.3841096 0.4485113 0.3653738 0.2921538 0.3706572 0.3563117 0.2137911 0.1737974 0.4902711 0.257003 0.2487151 0.2166658 0.321629 0.3969369 0.2902036 0.1726133 0.3912551 0.2122355 0.3659779 0.2112819 0.2876208 0.181217 0.1418608 0.2448265 0.1024656 0.01992996 0 0 0 0 0.0264345
0.3607691 0.4640433 0.2199323 0.1147213 0.0499134 0.2047886 0.1967621 0.2821162 0.05979166 0.2448971 0.1074507 0.2389502 0.1523838 0.1355356 0.2403099 0.1969404 0.2986677 0.1965385 0.3614789 0.3398883 0.2787083 0.1388983 0 0.08554338 0.3884856 0.4940577 0.3585526 0.4658003 0.4911739 0.4385564 0.3100818 0.335632 0.4295925 0.2437649 0.4634283 0.3519024 0.199726 0.440047 0.3470278 0.3426633 0.5772884 0.1055309 0.216997 0.3153349 0.5493161 0.2762418 0.1251791 0.1060357 0.2939493 0.4180896 0.3515087 0.582452 0.1763509 0.08067653 0.1084568 0.06165442 0.1368192 0 0 0 0 0 0 0
0.217854 0.1555163 0.109388 0.1330243 0.2032795 0.1675715 0.04821858 0.02637193 0.1155255 0.232962 0.4324366 0.3682307 0.2881495 0.1938613 0.3502995 0.1236715 0.1590805 0.0768341 0.25525 0.5833814 0.3829349 0.3161187 0.3122311 0.2670709 0.3485339 0.3653479 0.3049079 0.330486 0.2783645 0.3371266 0.3020382 0.2648081 0.457533 0.5009593 0.5792918 0.4025716 0.378308 0.4346235 0.3407205 0.2948908 0.5003571 0.2705255 0.301482 0.1474693 0.2007315 0.3522893 0.4635662 0.3333493 0.1557374 0.2577388 0.2628625 0.2636963 0.1858605 0.142538 0.2616481 0.1291779 0.04170071 0 0 0 0 0 0 0
0.3977028 0.2047369 0.3758051 0.2562599 0.2239141 0.2185106 0.1418114 0.06557474 0.1210606 0.1738039 0.327172 0.3063717 0.313605 0.2937438 0.2541006 0.4100153 0.2479147 0.1466711 0.3562452 0.4380875 0.294181 0.4708886 0.314593 0.3652053 0.3426954 0.4377581 0.3656428 0.2853772 0.571039 0.4695503 0.4138125 0.4994619 0.5519544 0.5560154 0.1933096 0.3457086 0.2416154 0.177527 0.2408673 0.5264048 0.5549141 0.4088402 0.3305843 0.2295177 0.2694665 0.3648633 0.2516409 0.2199502 0.1665393 0.4505963 0.2574677 0.3200685 0.1607075 0.4544316 0.1904605 0.2791806 0.09994253 0 0 0 0 0 0 0
0.2188606 0.1567371 0.2457649 0.3782949 0.1387574 0.1725994 0.298528 0.1441262 0.1779283 0.1673644 0.3594423 0.198203 0.368111 0.08957083 0.456365 0.3710127 0.3595777 0.4233457 0.4319474 0.4585025 0.3087474 0.4276111 0.2625073 0.4127138 0.3305501 0.3829432 0.4542016 0.3673844 0.389913 0.4371299 0.5799814 0.5576464 0.3887542 0.5031301 0.5112864 0.412627 0.2797904 0.01213698 0.1463543 0.3298945 0.2437569 0.1771151 0.2094513 0.2033706 0.2610344 0.1638604 0.4192482 0.1008023 0.1977465 0.3321852 0.2790663 0.2611923 0.2176796 0.06341821 0.08414613 0.01208427 0.005418553 0 0 0 0 0 0 0
0.1733588 0.1576558 0.1708352 0.2484479 0.1103607 0.4914703 0.4379988 0.08676445 0.4009514 0.2524844 0.1096344 0.2547992 0.2930858 0.2225799 0.3339828 0.5430157 0.2130944 0.3757557 0.2587631 0.4880111 0.2378459 0.3555407 0.4994468 0.4868862 0.5230711 0.4887346 0.405091 0.4597205 0.3373069 0.470623 0.4774607 0.4062188 0.3420115 0.4181768 0.3031103 0.2841517 0.1389029 0.1375054 0.5903972 0.4481217 0.2470654 0.4258095 0.2194945 0.5899934 0.3029178 0.2538782 0.3788401 0.265025 0.4007032 0.1649597 0.344957 0.3051043 0.2623436 0.1454615 0.1679997 0.07529581 0 0 0 0 0 0 0 0
0.1138858 0.2532644 0.382681 0.2177607 0.1399255 0.432126 0.3218009 0.2024915 0.3085299 0.4325783 0.4303403 0.3214605 0.4739547 0.2918497 0.3786274 0.3076736 0.2925543 0.4003651 0.2575732 0.3525984 0.4176925 0.4252696 0.2693014 0.5100771 0.411112 0.311714 0.2954535 0.4280449 0.4176245 0.4978002 0.3601085 0.3146873 0.3395432 0.4778964 0.4143862 0.5945171 0.3769606 0.1707369 0.2272042 0.3712177 0.3480794 0.298345 0.2513155 0.2984417 0.5045556 0.2847136 0.3126299 0.3893528 0.3543935 0.329284 0.2901306 0.2893444 0.2767989 0.3446355 0.1403895 0.003961877 0 0 0 0 0 0 0 0
0.1527442 0.1075081 0.2520825 0.3964628 0.2181973 0.3864953 0.3157315 0.3186008 0.2058568 0.3019469 0.1612057 0.1575885 0.3688924 0.3212807 0.4326321 0.3411503 0.2836046 0.4362915 0.5167773 0.3150825 0.4111358 0.4077202 0.3279782 0.1638909 0.3503763 0.4681453 0.361321 0.3961122 0.6248482 0.5881659 0.5354769 0.5222687 0.1731907 0.2017523 0.5009776 0.3833606 0.4066594 0.3018483 0.3325286 0.5510496 0.4403044 0.4076646 0.2892895 0.4358402 0.3409267 0.4231322 0.2817019 0.2042865 0.3899572 0.5414191 0.4046811 0.1674598 0.2053419 0.08468816 0.03417183 0.01350294 0 0 0 0 0 0 0 0
0.2559694 0.3216315 0.1897872 0.05732279 0.07441097 0.1782403 0.1599675 0.3996868 0.2492115 0.4639437 0.1242589 0.1382607 0.3904556 0.4203174 0.492368 0.280923 0.3820128 0.5255898 0.1233107 0.2034047 0.4039367 0.361735 0.3293032 0.3993589 0.477629 0.3605193 0.2878598 0.5511668 0.3387333 0.2624119 0.2333346 0.204493 0.4314107 0.3588764 0.6566977 0.5758856 0.4593256 0.4057307 0.4792963 0.4455943 0.465006 0.4815712 0.3220721 0.3372041 0.2590915 0.4519445 0.200297 0.3879586 0.180277 0.2131713 0.3793255 0.2026634 0.4079178 0.4667247 0.2156817 0.01845436 0.009964978 0 0 0.002997228 0.006967751 0 0 0
0.2477905 0.2027368 0.172668 0.375904 0.06968101 0.3158007 0.276792 0.2851689 0.2434824 0.4193812 0.4116787 0.2888438 0.281976 0.5323626 0.2698519 0.4250078 0.4051104 0.4756964 0.2241352 0.271658 0.2484825 0.4408153 0.3752175 0.3124903 0.439817 0.3080655 0.1567013 0.2439381 0.2660738 0.3606591 0.566252 0.6939983 0.6115658 0.307511 0.4491029 0.2842401 0.3648368 0.4020317 0.291589 0.4110007 0.3753114 0.4488367 0.4374662 0.4061034 0.2256684 0.2827515 0.2812811 0.3208614 0.4738729 0.3462488 0.3297682 0.3909465 0.2553859 0.1881672 0.2099378 0.04977538 0.04223043 0.007594466 0 0 0 0 0 0
0.2242451 0.4058935 0.2877247 0.3047126 0.2208037 0.3663413 0.3201716 0.3330439 0.3091308 0.3053834 0.313279 0.386689 0.4264791 0.4371098 0.2447038 0.4830602 0.4356765 0.3410382 0.4794241 0.266953 0.426489 0.4481806 0.4795793 0.4535896 0.3109679 0.3520367 0.2327018 0.4776621 0.5802006 0.3458088 0.3573071 0.3919421 0.5769634 0.1811681 0.4368592 0.2722624 0.4785858 0.3737024 0.5211917 0.5330569 0.3660986 0.2339139 0.4431807 0.3672813 0.2234624 0.4422927 0.1949381 0.166218 0.2789034 0.409165 0.3587169 0.4427114 0.3253073 0.3705167 0.3926709 0.1150158 0.1238109 0.02992176 0 0.08488809 0.09974813 0 0 0.009964978
0.1654112 0.2843126 0.3559498 0.4241123 0.3357219 0.2489333 0.2987882 0.3101873 0.4401923 0.359521 0.3499539 0.2594685 0.3588065 0.2629618 0.1196469 0.3117185 0.4779571 0.3503208 0.3546619 0.4138801 0.4435647 0.4226527 0.4061119 0.200298 0.2739811 0.269889 0.2801156 0.2626572 0.3005187 0.3427152 0.3502828 0.4974743 0.342851 0.3344578 0.3257361 0.4376809 0.521456 0.4626918 0.3594551 0.415446 0.4881626 0.320413 0.5105822 0.3743497 0.3625054 0.2366129 0.1962132 0.3889414 0.1284336 0.4164548 0.3653427 0.3669941 0.3093768 0.1943463 0.07301988 0.1278269 0.2414132 0.1517278 0.03733828 0.04403603 0.05163273 0 0 0.03901186
0.1009055 0.3946092 0.3053389 0.3284431 0.3427596 0.3903696 0.2460577 0.3000571 0.3886258 0.3063587 0.2630423 0.2504575 0.3726832 0.1797438 0.1410209 0.05498628 0.4333411 0.02518613 0.1457864 0.2772746 0.4282733 0.4252554 0.4376258 0.5247845 0.3528649 0.1278131 0.04275987 0.08290546 0.3708447 0.3780778 0.2779173 0.1791858 0.3759841 0.3037149 0.4305876 0.4604462 0.5504628 0.4046856 0.412609 0.2944425 0.3596253 0.3450347 0.4688123 0.3127369 0.3432405 0.502696 0.2824987 0.3914149 0.4213617 0.2440858 0.1943915 0.3229648 0.2758479 0.1217999 0.2844914 0.4009413 0.4709072 0.1506352 0.1441644 0.09895886 0.1972325 0.03690091 0.02490715 0.04067398
0.0909281 0.1482863 0.2187711 0.3106746 0.3199327 0.3838636 0.4359525 0.2881633 0.2049001 0.3060665 0.3163673 0.3964223 0.2584915 0.1626207 0.1368383 0.2757942 0.2141002 0.2068354 0.3352367 0.4009549 0.4374071 0.3308377 0.4622064 0.5163784 0.1709864 0.1437029 0.1623147 0.2465897 0.2949987 0.4251835 0.3913072 0.4441506 0.3351018 0.2048542 0.5486171 0.3776177 0.330207 0.3523394 0.3721271 0.520815 0.5231175 0.4464718 0.3958118 0.3393738 0.3235277 0.3814589 0.4835466 0.4905539 0.3158988 0.2237706 0.4400316 0.5401081 0.3956426 0.3413203 0.1886328 0.1103783 0.3028624 0.1549831 0.2475905 0.08295117 0.1105609 0.03497229 0.03985991 0
