EnvRasters/Baseline_Low/grass.asc
ncols         270
nrows         223
xllcorner     24099.479091542
yllcorner     21023.840179216
cellsize      1003.8986847201
NODATA_value  -9999
[rows 56 to 83 of 223, columns 128 to 191 of 270]
0.4676429 0.2386229 0.2461978 0.1306375 0.04141559 0.05353837 0.1988977 0.05871028 0.4689287 0.5386674 0.6799644 0.4861265 0.3124079 0.04649567 0.07209557 0.2161606 0.09274784 0.03467142 0.01138148 0.07743959 0.1843971 0.2037816 0.139038 0.2104748 0.2005832 0.3162147 0.2236469 0.3192517 0.3231421 0.1206036 0.08411773 0.09785389 0.1159959 0.03417969 0.1294943 0.4155125 0.3154796 0.2341551 0.4630872 0.7191285 0.4622481 0.461048 0.4169131 0.3837246 0.333161 0.4690605 0.6980768 0.2171735 0.3398105 0.1792287 0.2014978 0.2381036 0.3475839 0.7556098 0.5130584 0.3985632 0.1879488 0.3150802 0.3342 0.3157356 0.1395015 0.2269872 0.4036393 0.1725802
0.3158929 0.2846215 0.2274875 0.3743814 0.08278602 0.2679025 0.2454093 0.123809 0.245316 0.1393379 0.3466511 0.6036894 0.4131535 0.3250755 0.3175612 0.342755 0.06647997 0.01406222 0.1370737 0.02442097 0.1531812 0.0808782 0.09658378 0.1960166 0.1339689 0.233802 0.1845668 0.2130414 0.2101587 0.09124738 0.1693422 0.1587756 0.1229919 0.1670332 0.3240975 0.3870948 0.2911508 0.2774607 0.1807048 0.3032391 0.4051105 0.4140002 0.2679895 0.1401764 0.24885 0.4283553 0.2269821 0.1599861 0.1167089 0.2516065 0.1449594 0.4909351 0.565056 0.4667145 0.2282173 0.07976226 0.08545322 0.0187708 0.06509032 0.08290016 0.05660938 0.1826355 0.3089747 0.2219417
0.1695643 0.2472364 0.2268271 0.2143213 0.1976118 0.2696497 0.08295166 0.02860352 0.08470132 0.173634 0.1745409 0.3037204 0.2490799 0.1541788 0.2303703 0.2518302 0.1320457 0.1392728 0.1868292 0.2194032 0.2717103 0.2591013 0.2687242 0.1691413 0.1722876 0.2429352 0.09245283 0.1276756 0.07776197 0.02633479 0.06562719 0.3638281 0.4421062 0.4853233 0.4429272 0.3741832 0.4047306 0.1704967 0.2441189 0.3210759 0.2563924 0.4158271 0.3960404 0.2645124 0.1195372 0.007407388 0.5573156 0.5703103 0.460381 0.4167868 0.467003 0.3798461 0.2041591 0.1014023 0.0165126 0.1969987 0.520492 0.4620506 0.0925217 0.1739662 0.2037285 0.2942759 0.3559312 0.2483331
0.2319442 0.4344299 0.2670143 0.1125114 0.1914997 0.1973246 0.2057426 0.03170204 0.06133788 0.169497 0.2543117 0.08142776 0.258534 0.3908176 0.3232492 0.06348715 0.09670229 0.1902199 0.1805103 0.3157966 0.2788684 0.1848247 0.2697792 0.2835877 0.1197948 0.2929523 0.1849442 0.2110331 0.1108803 0.09877303 0.1646037 0.2610398 0.2677597 0.3937937 0.3353647 0.286247 0.2565111 0.2375219 0.1169456 0.1117685 0.1643031 0.2449143 0.2299386 0.3347353 0.1821117 0.09018311 0.4919049 0.8365449 0.3231324 0.1767906 0.2179841 0.1551215 0.4867509 0.3799929 0.3919881 0.4070361 0.2507702 0.244055 0.1605933 0.2343631 0.3250231 0.2643884 0.359613 0.5353833
0.1685029 0.2589632 0.2056724 0.1545001 0.1906479 0.3538848 0.05191988 0.1529388 0.08936089 0.3277214 0.3530567 0.183207 0.1017114 0.2092566 0.2016031 0.2388183 0.126801 0.1775574 0.6675063 0.3031962 0.2087529 0.2721371 0.2385852 0.1349873 0.04405294 0.08640435 0.272734 0.4789012 0.1454881 0.1931121 0.2347244 0.4094054 0.4306982 0.1850557 0.1756408 0.2145158 0.3989975 0.2182023 0.2944293 0.1637785 0.2996455 0.1503641 0.2639306 0.4352441 0.4577662 0.3675196 0.1645128 0.7981485 0.2430739 0.4177661 0.233004 0.1866779 0.2059053 0.8144248 0.6363462 0.4133148 0.2960632 0.4174888 0.3518504 0.4161713 0.2655984 0.1339799 0.2622529 0.321487
0.127466 0.3924783 0.2331018 0.1205763 0.2664706 0.1561036 0.138474 0.1577369 0.1873729 0.06769781 0.2418793 0.2858814 0.08595701 0.0628738 0.07697935 0.1215031 0.233244 0.2723981 0.3308544 0.2216122 0.1931918 0.2451713 0.1434778 0.09862041 0.009964978 0.08864838 0.1663306 0.1148921 0.05560119 0.1559609 0.2514925 0.1821225 0.2559474 0.06770787 0.2621043 0.221892 0.2550947 0.120023 0.1992233 0.1994973 0.3456083 0.176583 0.1497203 0.3359518 0.261898 0.2559061 0.09947293 0.1843285 0.4943517 0.20711 0.546017 0.2688572 1 0.7233753 0.2386809 0.288842 0.4895768 0.5015677 0.4112894 0.1549083 0.4669985 0.5135301 0.5198456 0.1968444
0.1503485 0.3457638 0.4219031 0.3283556 0.2475078 0.2479608 0.2071543 0.123697 0.2066114 0.1779829 0.1223015 0.1408757 0.1349617 0.07062974 0.1467061 0.120607 0.1362878 0.1216896 0.1672567 0.2436792 0.2561375 0.05696842 0.1935543 0.1045734 0.03749797 0.1757542 0.08936837 0.3981991 0.2278786 0.1964851 0.2373424 0.186509 0.02683779 0.1595509 0.2733277 0.169907 0.4510869 0.3662356 0.1981983 0.4011818 0.429598 0.3504699 0.2997717 0.1486547 0.1467329 0.09442059 0.1524842 0.1347815 0.2317222 0.1452958 0.2789092 0.5613633 0.7556046 0.4375877 0.3469661 0.2443461 0.2857685 0.2491249 0.2465946 0.1025762 0.03065556 0.08790247 0.2995929 0.0560583
0.03613793 0.02989493 0.1321654 0.1199251 0.4133773 0.2368428 0.1685069 0.2110454 0.4320717 0.1357347 0.1013014 0.2088093 0.10537 0.1838234 0.2606393 0.1547397 0.2016209 0.2719356 0.1825101 0.194027 0.3215432 0.1413133 0.1758587 0.07176908 0.1923159 0.2600332 0.3684164 0.4073159 0.3891713 0.282258 0.08400564 0.2551838 0.2421937 0.6487046 0.4289358 0.2840072 0.2777603 0.39662 0.1870128 0.2057496 0.2017903 0.1901261 0.1417418 0.08879948 0.05220038 0.09644797 0.2093861 0.2551072 0.2099603 0.1886852 0.3254572 0.2371875 0.222615 0.1574757 0.3393334 0.2135306 0.271747 0.1996357 0.2041826 0.2331979 0.5548282 0.2897544 0.0805909 0.02614287
0.1993602 0.02018723 0.0743821 0.05644658 0.04748952 0.1463596 0.1182334 0.3380521 0.4660423 0.1550085 0.1105838 0.1161226 0.08354071 0.2142449 0.3499517 0.3747346 0.20014 0.2894558 0.4343478 0.2477392 0.2622143 0.1496087 0.04404749 0.1394993 0.4707471 0.4888825 0.1785699 0.2367096 0.3496174 0.2564885 0.3854747 0.2689844 0.3804418 0.99762 0.5184746 0.3278315 0.3873467 0.2213335 0.3524139 0.2106421 0.08499698 0.248366 0.06674172 0.1398419 0.1357749 0.2049118 0.1730008 0.1589857 0.4451362 0.3558882 0.3716274 0.1897333 0.2396912 0.1661707 0.2352536 0.4710879 0.3249948 0.1675949 0.3484859 0.184401 0.3040284 0.4668348 0.3131127 0.2756291
0.02704903 0.03875021 0.009964978 0.08045894 0.1589524 0.4086188 0.08695971 0.03742794 0.07455884 0.3799689 0.2595228 0.3141733 0.2517003 0.4185454 0.1034932 0.1862682 0.2066387 0.360444 0.1864553 0.09392741 0.03564843 0.07007414 0.05408299 0.07391227 0.2919612 0.1474551 0.1995842 0.1832496 0.1360235 0.1317618 0.2292805 0.4757103 0.419618 0.5579289 0.3498499 0.2893458 0.2589327 0.2922689 0.3643381 0.1952564 0.2744378 0.3070224 0.04581822 0.1175193 0.193807 0.1642078 0.1520037 0.3271288 0.1581615 0.1925819 0.5491707 0.2357208 0.1538721 0.1664664 0.1824151 0.14381 0.3205044 0.1912754 0.473902 0.2387534 0.2683696 0.1933255 0.3143266 0.157163
0.08397094 0.02855101 0.04525463 0.09935938 0.1102664 0.04647023 0.027687 0.06234245 0.1219957 0.2099026 0.1543499 0.2835642 0.694302 0.3380077 0.2926274 0.2655591 0.4235951 0.3445522 0.2977419 0.1304807 0.1262766 0.05747198 0.1418244 0.06939306 0.06161734 0.09586041 0.2646177 0.11206 0.1626337 0.1930318 0.3011134 0.1511177 0.1859266 0.07261041 0.1565756 0.1752435 0.2362116 0.1056534 0.2448585 0.1413652 0.1811522 0.3210524 0.2024607 0.2638771 0.2451828 0.3175496 0.262298 0.1652044 0.2172928 0.1532269 0.4173636 0.2772975 0.1033928 0.1862186 0.2324328 0.1527027 0.134322 0.1203072 0.2324186 0.2810954 0.442933 0.454754 0.3596346 0.4829997
0 0.08968481 0.03459048 0 0.08476882 0.007997075 0 0.07982243 0.1417366 0.05148552 0.08660818 0.3182891 0.3497777 0.3944769 0.3258234 0.2391499 0.2381873 0.05716265 0.05224021 0.02009339 0.02050123 0.0819418 0.03682291 0.06021435 0.1293303 0.04389275 0.1375932 0.1490553 0.2271392 0.228914 0.1660585 0.2082967 0.0496089 0.1158105 0.3222525 0.26077 0.1070458 0.3010937 0.3096421 0.150105 0.1000517 0.06642606 0.1710475 0.2573301 0.05893163 0.3457942 0.2634301 0.2972213 0.1508083 0.271695 0.334129 0.4547678 0.1304644 0.2301619 0.2623544 0.127946 0.1659258 0.2736844 0.2002682 0.1585293 0.3907811 0.4596916 0.3477519 0.2360661
0.02617267 0.04174099 0.1501259 0.2292453 0 0 0 0.07287142 0.03730023 0.03644425 0.07356739 0.1610221 0.1590869 0.2890297 0.1927604 0.08324338 0.09029351 0.3052525 0.2150954 0.1002257 0.02214423 0.1149832 0.03660461 0.06663597 0.09433948 0.09308711 0.1127027 0.152101 0.1853653 0.1134278 0.1485054 0.2799366 0.133473 0.1385517 0.1674897 0.1207364 0.1223582 0.257456 0.2232207 0.1967247 0.2244404 0.219661 0.1758999 0.2522936 0.2306731 0.1452941 0.259025 0.0525393 0.1819743 0.2390943 0.6309204 0.472262 0.288927 0.1481878 0.206562 0.2191907 0.1646883 0.1493502 0.1802913 0.1510474 0.2288607 0.3226838 0.4535002 0.2948799
0.01059557 0.101154 0.03626066 0.1269635 0.01335898 0.03171107 0.02499036 0.03780622 0.05771554 0.02803336 0.1589442 0.2831423 0.5245342 0.1963445 0.07564644 0.1684859 0.1042496 0.0919608 0.1246753 0.09350583 0.01074522 0.01456152 0.001210988 0.151569 0.1003345 0.1074965 0.07032105 0.156241 0.1949883 0.1651766 0.3117703 0.4437825 0.173073 0.1006724 0.2855133 0.1623917 0.2911609 0.2679385 0.2930408 0.1988346 0.1619659 0.2354677 0.4225564 0.3233575 0.1630725 0.2176667 0.1678697 0.1597469 0.1941711 0.2153744 0.5773747 0.3514771 0.2201136 0.2773266 0.1847308 0.2226645 0.1445744 0.1464579 0.1026954 0.1661322 0.5798634 0.1307821 0.1704054 0.4442133
0 0 0.05492018 0.06266657 0.06293195 0.06932915 0.03732555 0.05061479 0.06442055 0.1089323 0.07391153 0.3148957 0.3312399 0.1176108 0.1622278 0.2947325 0.1681592 0.05198824 0.0530086 0.01980572 0 0 0.05132799 0.06948544 0.1283295 0.1380537 0.1048204 0.2615468 0.2487766 0.1508536 0.2056272 0.1873407 0.1755141 0.1680984 0.2406916 0.1981162 0.2271505 0.147059 0.2135603 0.1947175 0.2950755 0.5760538 0.6226857 0.1628366 0.2887886 0.1483826 0.1438003 0.1783421 0.252942 0.3559919 0.3952031 0.3737769 0.3957228 0.2782706 0.3195015 0.1155301 0.07806922 0.09069188 0.05295477 0.2218724 0.2913757 0.3265027 0.1769129 0.1854894
0 0.02989493 0.05515178 0.01464101 0.07145068 0.02141134 0.04429423 0.06354626 0.03289264 0.06434724 0.06597313 0.1376641 0.1295373 0.1942948 0.1712139 0.1891162 0.4122425 0.1649056 0.05681707 0.04362532 0.001615716 0.05068468 0.02243174 0.1975653 0.2286168 0.1016828 0.2200392 0.1240418 0.2768684 0.1517849 0.1595027 0.1728767 0.1730825 0.2004817 0.2121866 0.2324479 0.0717655 0.119236 0.2313881 0.2913001 0.4063152 0.1340805 0.2217356 0.1131775 0.156251 0.2298861 0.2693999 0.1388114 0.3873349 0.3694883 0.3135474 0.2801132 0.1502326 0.1894688 0.2087515 0.09785876 0.042344 0.1174535 0.1267777 0.3342546 0.1943596 0.281496 0.1034329 0.3455392
0 0.002793754 0.05874928 0.1265282 0.1343089 0.03465771 0.09537122 0.04417527 0.07264224 0.06889527 0.09028002 0.1760918 0.1351489 0.07624043 0.1794991 0.2047939 0.3573938 0.3565227 0.2312414 0.07111606 0.02989493 0.0712075 0.1503808 0.1634832 0.1692661 0.314674 0.1273921 0.2550522 0.2793356 0.2864968 0.1747579 0.2001373 0.1280573 0.1852532 0.108653 0.2638077 0.3418849 0.4866803 0.2923093 0.4650962 0.06551587 0.1164906 0.3815883 0.2229658 0.3952571 0.2749228 0.2742278 0.2871632 0.2727301 0.4599502 0.3323294 0.2888374 0.2952799 0.2250587 0.1820882 0.193461 0.1868798 0.08993836 0.1517007 0.2638532 0.2106828 0.3428946 0.2811706 0.3389251
0 0 0.04979021 0.03526697 0.03118469 0.1138138 0.09104643 0.1562631 0.08943712 0.04838079 0.08273832 0.0814349 0.09147377 0.1792549 0.2020268 0.06116635 0.2304064 0.4168505 0.4102886 0.01016114 0.2546538 0.07920434 0.05545541 0.2034786 0.07003456 0.3857023 0.1635909 0.2646173 0.04357164 0.07608745 0.04840652 0.09270831 0.3121683 0.07016695 0.2942209 0.2611336 0.547887 0.7131134 0.3174332 0.1725685 0.1888943 0.4960656 0.2799101 0.3111186 0.1235873 0.1703256 0.2806308 0.2562172 0.1469467 0.6236354 0.1519876 0.1407705 0.4326017 0.2150485 0.1665191 0.3078478 0.2593895 0.2745254 0.15737 0.1145222 0.1994914 0.1391651 0.1974811 0.207132
0 0 0.05991437 0 0 0.01798648 0.07379281 0.06235413 0.03905331 0.03380773 0.1163196 0.1208919 0.1668401 0.06159471 0.02404724 0.01437567 0.3559443 0.5531107 0.07645918 0 0.04108863 0.1361509 0.1763882 0.09065294 0.138848 0.1186331 0.09494009 0.3391409 0.1717634 0.1158118 0.2768348 0.2784645 0.1698551 0.5227005 0.2458857 0.3154686 0.3214192 0.2224869 0.1586881 0.2113919 0.08031227 0.217797 0.1373754 0.1611976 0.1020155 0.3732867 0.5181666 0.2545063 0.4278645 0.4947933 0.1450626 0.3937918 0.2624809 0.1465177 0.2522898 0.2316557 0.06242282 0.1985779 0.1029971 0.0801211 0.3207766 0.3886221 0.2308513 0.2292221
0 0 0.006870953 0 0.03985991 0 0.09459145 0.1737441 0.06389074 0.08116037 0.2325282 0.2839608 0.1428697 0.0724147 0.03907594 0.1424528 0.638001 0.3150485 0.1175951 0.01992996 0.07424323 0.1794058 0.1542356 0.08394032 0.2377261 0.0878934 0.08931836 0.2161033 0.07662003 0.3226292 0.4027821 0.1528509 0.06323337 0.2659331 0.1317693 0.1607398 0.2749491 0.09008992 0.1726154 0.147328 0.1841644 0.2702186 0.1511093 0.4199355 0.583264 0.4449831 0.2035804 0.2465355 0.3222352 0.1133725 0.3306218 0.4423734 0.2506222 0.07846537 0.195442 0.32896 0.1407013 0.1490348 0.2729168 0.20833 0.1625217 0.1155927 0.1971834 0.1210613
0 0 0 0 0.009964978 0.009964978 0.02190968 0 0.01992996 0.08994048 0.102068 0.1661361 0.08734293 0.3974789 0.0958041 0.2886744 0.5111749 0.1449586 0.1311489 0.17771 0.3004061 0.1822737 0.1766023 0.2262724 0.2305659 0.1127197 0.2205443 0.1165843 0.2081003 0.1827261 0.08662683 0.01828049 0.1755898 0.06591045 0.1087069 0.03793709 0.3162025 0.2260168 0.1623905 0.06384719 0.0921827 0.3638707 0.8541793 0.5835284 0.2663469 0.1780298 0.3861164 0.2562504 0.5222782 0.271603 0.2340585 0.2783961 0.08024982 0.3875512 0.06053375 0.2314096 0.07886138 0.07346494 0.2007911 0.1749041 0.1645581 0.2727272 0.2018916 0.1174926
0 0 0 0.001471643 0.01683823 0.0367585 0.06414181 0.07646607 0.07404526 0.2266395 0.1637203 0.2375423 0.1883459 0.235519 0.3619794 0.2774133 0.5085585 0.203331 0.1743489 0.1734404 0.04988735 0.2598139 0.04736028 0.02165688 0.1405546 0.1307496 0.1435394 0.3316648 0.3494178 0.04148771 0.1727393 0.05047529 0.0421465 0.07692504 0.1225708 0.1885853 0.02811816 0.03913965 0.04203887 0.1284073 0.488782 0.5710692 0.270955 0.2377559 0.3224264 0.1683409 0.1233804 0.1933012 0.3829276 0.3175436 0.141723 0.1518179 0.1373561 0.218723 0.006466074 0 0.03375279 0.1430118 0.1181794 0.0677361 0.03798525 0.1320345 0.1995451 0.1580253
0.01505448 0 0 0.05365497 0.003370025 0.03740092 0.09083777 0.03697316 0.01111799 0.1138728 0.1285498 0.1293222 0.09496827 0.1878272 0.2626147 0.3610004 0.4117799 0.1511961 0.2110743 0.1199084 0 0.01881107 0 0.0120402 0.06046605 0.1377463 0.1763566 0.1703046 0.04509265 0.03982257 0.4771414 0.06577119 0.07583511 0.1619225 0.167505 0.1750616 0.04083562 0.009964978 0.1277263 0.2907059 0.206906 0.1173228 0.1849087 0.1125753 0.1211304 0.06454454 0.1900812 0.1882249 0.2936317 0.2279341 0.1681678 0.0710227 0.3238099 0.08977497 0.07136924 0.08749297 0.09836783 0.1564381 0.08240767 0.1555384 0.1661815 0.08813029 0.2387083 0.2107804
0 0 0 0.02989493 0 0 0.07308158 9.182892e-005 0.008695403 0.3506539 0.1502947 0.0799364 0.1958654 0.2632705 0.05866276 0.2873202 0.2933403 0.09486844 0.04875474 0 0 0.01992996 0.001000723 0.01053369 0.01509069 0.04529482 0.09837978 0.1419959 0.06570255 0.1796868 0.1577925 0.3126839 0.2907791 0.09219884 0.1321655 0.0190772 0.1219154 0.05815693 0.03985991 0.05537542 0.1736118 0.07542381 0.1100031 0.06396094 0.17362 0.2475756 0.2249979 0.07214912 0.1757587 0.1972316 0.02174945 0.1799302 0.2076852 0.08110074 0.1784338 0.06406986 0.1499584 0.2890085 0.05019885 0.06037638 0.05840485 0.116094 0.02414767 0.3464732
0.04154735 0 0 0.01228459 0.06813784 0.05608015 0.04482989 0.03169413 0.2379561 0.1515832 0.3529754 0.3112873 0.1559696 0.3079208 0.2570305 0.5801781 0.2645078 0.0720494 0.05492797 0.0751248 0.01656459 0.02755215 0.02886316 0.1294539 0.08263032 0.005891438 0.002712949 2.526963e-006 0.01205213 0.1280337 0.3568406 0.1032707 0.09455228 0.06595383 0.02405494 0.1161533 0.1801252 0.1197945 0.1012996 0.1396611 0.2637382 0.003567451 0.02740699 0.2086015 0.2410868 0.1590283 0.08169104 0.06757034 0.02377013 0.03887621 0.2146949 0.1875872 0.01751785 0.02149476 0.1873419 0.260977 0.08971903 0.0773074 0.004202001 0.02679067 0.302277 0.232745 0.06351345 0.1813939
0.01498675 0.009964978 0 0.1796922 0.3578729 0.2199407 0.09358233 0.07549053 0.08016188 0.140662 0.2419199 0.1262457 0.2779968 0.1072315 0.3052899 0.4071389 0.5189968 0.1629544 0.3255841 0.07633939 0.03818329 0.03790725 0.09989704 0.167365 0.02834298 0.1216597 0.1424058 0.1621232 0.003902121 0.1946445 0.1126484 0.103623 0.07793045 0.06622076 0.1073043 0.3659644 0.0529597 0.1370878 0.1146199 0.0593025 0.0573483 0.1109592 0.4109613 0.07218993 0.02048573 0.005276599 0.08537558 0.2054804 0.0279705 0.0188116 0.178599 0.09015084 0.02919782 0.06013509 0.1818636 0.0378059 0.1271588 0.05162356 0.02985415 0.1371873 0.1447338 0.2000927 0.1668247 0.131028
0 0.04649696 0.05136132 0.08577521 0.1051919 0.2272158 0.07057443 0.1028004 0.06462745 0.05534839 0.157095 0.08596104 0.1022701 0.1940921 0.7253542 0.3869275 0.4310481 0.08167698 0.00840664 0.01485428 0.06574141 0.1048454 0.03737903 0.1351777 0.04109098 0.01349873 0.1009828 0.07797078 0.005722197 0.209843 0.1342304 0.2714354 0.3015338 0.1300749 0.04254938 0.1457767 0.05236569 0.03464316 0.1405225 0.04216975 0.05197187 0.1401675 0.1179597 0.2360443 0.07756902 0.02425353 0.03006639 0.1651188 0.1417348 0.02297304 0.04367691 0.2411774 0.02849705 0.04977157 0.2903169 0.02605852 0.07053623 0.02723552 0.1602079 0.1703326 0.2674088 0.2277288 0.1106796 0.1189883
0 0.0299029 0 0.04982489 0.04986266 0.1861723 0.1778398 0.1742826 0.1263522 0.1678778 0.1334631 0.2484612 0.2149138 0.3224515 0.6533363 0.1663978 0.4969129 0.05930748 0.03457121 0.09381323 0.1494142 0.02142676 0.03190113 0.130283 0.002818207 0.01110079 0.06490893 0.04968917 0.03581902 0.2152309 0.004720408 0.08067782 0.0209998 0.08460871 0.08705175 0.04010439 0.1136539 0.04660209 0.1187391 0.0007519315 0.03815439 0.07433359 0.0518321 0.05438315 0.1431977 0.02183996 0.0703676 0.1825454 0.186775 0.0586841 0.08671434 0.05798572 0.05630513 0.01500134 0.09604028 0.01982311 0.1145812 0.0439596 0.1087386 0.1601021 0.3224192 0.06377099 0.1613654 0.02976082
