EnvRasters/Baseline_Low/grass.asc
ncols         270
nrows         223
xllcorner     24099.479091542
yllcorner     21023.840179216
cellsize      1003.8986847201
NODATA_value  -9999
[rows 112 to 139 of 223, columns 192 to 255 of 270]
0.3554688 0.3581435 0.2354817 0.3897114 0.2231077 0.1131069 0.06614507 0.07366309 0.03643485 0.1042825 0.3206103 0.14916 0.04707456 0.3221696 0.4229691 0.3753506 0.3230514 0.4710969 0.6616874 0.2160316 0.6080909 0.5490503 0.3672749 0.5750846 0.6281688 0.2876101 0.4887133 0.3426801 0.2644968 0.06191778 0.04428911 0.2845627 0.567454 0.6296954 0.4801883 0.4505256 0.4424865 0.196988 0.1066405 0.06835586 0.1605163 0.008997788 0.1103407 0.06720307 0 0.1088201 0.2991567 0.2696489 0.07915048 0 0 0.0006640443 0 0 0.01543085 0 0.205113 0.2394983 0.3151802 0.5103959 0.7257609 0.205559 0.02575337 0.002323648
0.02504401 0.17411 0.1219903 0.3378829 0.2265036 0.2146075 0.1076179 0.3268523 0.3771334 0.2177122 0.2416831 0.2320367 0.1427312 0.2570178 0.2274441 0.1991039 0.4726909 0.2070448 0.2886034 0.08494556 0.4766007 0.2129692 0.4341997 0.1725131 0.1243823 0.2299216 0.208586 0.2623619 0.253433 0.4655094 0.2924915 0.0001204093 0.1727083 0.4014145 0.2720545 0.4078927 0.3100959 0.2314514 0.08480672 0.06554027 0 0.009815049 0.01470723 0.04585009 0 0.2490135 0.4463587 0.2673389 0.01064035 0 0 0 0.002429851 0.01203145 0.1775035 0.1500794 0.4160512 0.2521809 0.2924629 0.3204009 0.4442465 0.01804378 0.007734889 0.0005030218
0.07139099 0.1548683 0.1870195 0.349043 0.3512384 0.330388 0.04386792 0.354938 0.1935606 0.1683855 0.1346788 0.433548 0.2899456 0.3005138 0.3881331 0.2315736 0.5072102 0.4866712 0.200811 0.3670329 0.5098219 0.522975 0.7008618 0.3255847 0.07082432 0.1000711 0.1321186 0.2513223 0.1717184 0.2944315 0.09591568 0 0.1661326 0.5519145 0.1628566 0.2211405 0.04533859 0.302595 0.08523338 0.01105106 0 0 5.965321e-006 0.1826316 0.03626407 0.08438013 0.5242274 0.4305426 0.1355918 0 0 0 0.1744158 0.3504325 0.1921723 0.2460464 0.231862 0.7189488 0.702073 0.6665605 0.1613172 0.002026397 0.04145699 0.169417
0.3468918 0.2738622 0.3798982 0.0485853 0.01836706 0 0.1253967 0.1420934 0.07780644 0.2326472 0.2750761 0.472843 0.4050087 0.20695 0.2942901 0.3566488 0.3937486 0.5120331 0.272152 0.3606733 0.1547713 0.2578206 0.1705972 0.2389253 0.2867021 0.2401358 0.02492313 0.1029412 0.06422392 0.003242812 0.03595667 0 0.03338701 0.4986187 0.2512143 0.2119863 0.0008312067 0.03121555 0 0 0.02543668 0.0101684 0 0.02529214 0.0011728 0.1612591 0.6380688 0.38832 0.2058383 0 0.001053572 0.1505439 0.3165981 0.3823815 0.5013381 0.1647513 0.4396638 0.4490982 0.7943497 0.6978172 0.4293667 0.3453442 0.4935146 0.6585638
0.4566544 0.2264382 0.1027214 0.1882924 0.03484084 0.006673665 0.441429 0.243581 0.5834209 0.2423141 0.5079444 0.2063437 0.1822003 0.08571407 0.3718691 0.1161117 0.3749267 0.4606431 0.190872 0.6762434 0.5499763 0.1517475 0.2050067 0.5995165 0.5007226 0.1831381 0.2131819 0.2437839 0 0 0.00364178 0 0 0 0.1708764 0.1542715 0 0 0 0.003912328 0.04991877 0.05002124 0.0640675 0.1288969 0.3453256 0.3854109 0.03995349 0.01994666 0 0.0002163565 0.2779064 0.08457479 0.10689 0.1123847 0.2068003 0.6434402 0.3311846 0.3669624 0.4468499 0.6399765 0.5094406 0.6532015 0.4312533 0.7791103
0.2956559 0.2825757 0.2375844 0.4321743 0.176447 0.02316781 0.313561 0.4557643 0.320647 0.3287905 0.5782928 0.277476 0.4423861 0.2608065 0.02291273 0.1774189 0.3280142 0.2956675 0.4063613 0.1858923 0.314095 0.2271898 0.2470039 0.4671811 0.481847 0.143819 0.08007362 0.1581758 0.09060514 0 0.03820304 0 0 0 0.0173642 0.5236178 0.02260301 0 0.02029292 0.4752676 0.3605773 0.412286 0.3196817 0.2967809 0.0898346 0.2207753 0 0.001852123 0.1168442 0.290628 0.2167401 0.0671099 0.1822055 0.460564 0.3647813 0.8980212 0.5232347 0.6958801 0.6883575 0.8568405 0.3201618 0.5994589 0.6956467 0.4299641
0.08124579 0.3597784 0.3837086 0.0251237 0.3469482 0.09303617 0.6128865 0.2065461 0.1777041 0.2312249 0.4441408 0.08215909 0.3611947 0.02917676 0.08947915 0.2800766 0.5482395 0.7580709 0.7348264 0.6240051 0.4579234 0.4013855 0.09509595 0.003998579 0.4333734 0.2426653 0.2656201 0.2729347 0.07087155 0 0 0 0 0.02358121 0.04057493 0.1460373 0.05457496 0 0.0300239 0.4697419 0.1590158 0.4101709 0.2870084 0.0009305407 0 0 0.06957439 0.3289249 0.4109265 0.1371722 0.003831067 0.0487318 0.3398608 0.3313192 0.4105632 0.6943421 0.8036102 0.7193271 0.6390265 0.8865091 0.5084962 0.6338543 0.5441133 0.1471574
0.274775 0.3779679 0.2516227 0.3572629 0.2847843 0.03631259 0.3810007 0.3464243 0.4082782 0.288969 0.3866984 0.2151914 0.3668891 0.1824448 0.147485 0.0761421 0.1405444 0.4798269 0.4713879 0.6340091 0.2491957 0.0711759 0.1488985 0.2116415 0.1343607 0.2966441 0.2890706 0.05173294 0 0.01504391 0.05039203 0 0 0 0.08198574 0.04536969 0.003914348 0.0189452 0.2467818 0.3227219 0.4201872 0.4524194 0.1031468 0.26729 0.08471389 0.006309675 0.7217605 0.5747245 0.3357903 0.03980433 0.2105634 0.2091932 0.4556919 0.3795009 0.2439784 0.3252811 0.2696809 0.7527305 0.828858 0.8381099 0.6879919 0.6973219 0.5351176 0.6364141
0.09218338 0.1858866 0.1522534 0.3156312 0.6373646 0.3933898 0.4171211 0.4681419 0.3291515 0.3856781 0.07419488 0.07928292 0.205794 0.2509569 0.2727716 0.2239372 0.1950308 0.3079984 0.5001065 0.2256597 0.3522292 0.2806053 0.4509381 0.03298553 0.2642839 0.4598368 0.5353118 0.3341194 0.04852051 0.4448045 0.3444726 0.09084456 0.009271026 0.2161227 0.07972995 0.2091505 0.08141343 0.172171 0.392109 0.6402375 0.489928 0.08362494 0 0.1929621 0.5366486 0.4415377 0.7856094 0.6676263 0.1208895 0.2472351 0.5128179 0.5873224 0.4744437 0.5592549 0.2723118 0.7179064 0.3820731 0.4727255 0.6635464 0.5793949 0.3490831 0.5653929 0.6484643 0.5816422
0.4279232 0.1673047 0.478325 0.3703568 0.1749223 0.3214259 0.4738374 0.2526346 0.4044583 0.3942033 0.1908715 0.2599547 0.5438659 0.3402831 0.05174441 0.1492193 0.5105439 0.2855108 0.588223 0.4012339 0.2065001 0.337002 0.1635605 0.05745475 0.2365965 0.3935227 0.2759957 0.08446203 0.01842933 0.06919689 0.1890758 0.4373646 0.2990831 0.5281865 0.297296 0.5705473 0.3472243 0.3874558 0.3582878 0.2276967 0 0.03632046 0.03543457 0.4375952 0.4919794 0.4320076 0.6113663 0.5843612 0.2254978 0.6147121 0.551088 0.7124528 0.7125972 0.415314 0.2806179 0.8265402 0.9238072 0.5652484 0.5479627 0.565098 0.712843 0.6293714 0.3399936 0.03783201
0.2231718 0.534094 0.5159244 0.2598923 0.2834786 0.5292714 0.6357902 0.5978135 0.2574958 0.3359753 0.1422529 0.4481169 0.3928764 0.3881303 0.2421764 0.05020865 0.5060586 0.343221 0.3520925 0.4525306 0.3992547 0.2871383 0.2809589 0.2002952 0.1874891 0.3332013 0.09887911 0 0.1408401 0.0883742 0.002415271 0.06063833 0.5459875 0.5752755 0.1693548 0.472734 0.5136703 0.1396514 0.01831145 0.112155 0.02354468 0.3171399 0.3684472 0.1620396 0.1282283 0.4159493 0.1214114 0.3119443 0.4847589 0.5656133 0.4024601 0.480346 0.525542 0.259525 0.2438582 0.6290032 0.8193651 0.6647502 0.8774931 0.8569373 0.7707055 0.5087088 0.8255098 0.610566
0.557455 0.4565147 0.475468 0.4414009 0.5274792 0.213101 0.3239809 0.3998754 0.4346023 0.2374967 0.6162492 0.5645681 0.5075354 0.5980954 0.4379509 0.1741943 0.3068977 0.512969 0.2856952 0.6108447 0.1432211 0.4447249 0.2675506 0.1655024 0.4934088 0.3739032 0.2300625 0.2486104 0.02240297 0.2279187 0.3405662 0.4952118 0.4912053 0.5318367 0.1497055 0.4621842 0.3872289 0.04215739 0.0546216 0.03665588 0.2175112 0.2331057 0.5545655 0.3916062 0.358106 0.6207525 0.643305 0.5438657 0.4600993 0.6070413 0.7148225 0.7619141 0.5818347 0.2695252 0.08746468 0.4574116 0.3550053 0.6177151 0.3945593 0.2705182 0.6594728 0.4546401 0.7038826 0.7486679
0.5102206 0.215287 0.2858545 0.1758761 0.08395152 0.3633489 0.5391108 0.6915541 0.1144957 0.04216934 0.4377005 0.63275 0.7020532 0.6344705 0.4299802 0.2775195 0.5411845 0.4472557 0.6158613 0.5736369 0.2501797 0.6077682 0.1632904 0.312116 0.06167431 0.013671 0.3123587 0.3315347 0.401479 0.2618152 0.3467506 0.4353037 0.5542511 0.2129092 0.001163091 0.02041874 0.0005141806 0.01913323 0.5963228 0.1870713 0.1156468 0.0744025 0.2370123 0.1430925 0.5304086 0.5751697 0.07776507 0.03494072 0.2094589 0.1453771 0.1742742 0.7662208 0.4190039 0.4881729 0.1170352 0.04822648 0.1002894 0.0774987 0.1431188 0.3284608 0.3740392 0.2216699 0.4371463 0.2195758
0.06830288 0.2639953 0.4223266 0.57471 0.6415038 0.5950596 0.5396226 0.1847879 0.009991292 0.1184354 0.3677515 0.6069551 0.3744712 0.4698625 0.3978225 0.3046613 0.3212552 0.6052165 0.5575607 0.1843388 0.09462275 0.392026 0.03380858 0.1896484 0.001929655 0.0579223 0.1505408 0.02885195 0.248956 0.3479323 0.2668314 0.0527867 0.00689638 0 0 0.0006684508 0.1094385 0.05644428 0.2639512 0.2222898 0.166093 0.4435479 0.4056322 0.2843453 0.2123596 0.6242254 0.107784 0 0 0.1878049 0.130172 0.3177229 0.623254 0.7328974 0.1283676 0 0.001642242 0.2060556 0.5796355 0.8299541 0.6101595 0.8037223 0.8002489 0.7258862
0.06359856 0.4432434 0.2528424 0.340328 0.4455079 0.3506711 0.2977899 0.03550609 0.4371085 0.3926646 0.3809229 0.3356372 0.4914584 0.4291114 0.4444251 0.4554326 0.3083882 0.3287078 0.4840967 0.3332616 0.3087077 0.407087 0.4414688 0.09582742 0.3359117 0.2465308 0 0 0.1755495 0.08368918 0.0318372 0 0 0 0.2532052 0.264312 0.5679768 0.1437896 0.2153544 0.07899497 0 0.06177406 0.4845274 0.7053816 0.4576069 0.3198506 0.0651223 0 0 0.4317684 0.1200714 0.2566364 0.5989467 0.2006439 0 0.01992996 0.04197444 0.3100627 0.4560143 0.8033581 0.4748347 0.4923198 0.6783347 0.7288455
0.4462073 0.4179686 0.4738186 0.2484354 0.4750597 0.2836813 0.3251918 0.4539993 0.4162167 0.3796817 0.1070683 0.2709492 0.3396821 0.1097974 0.09962633 0.4882712 0.4596267 0.5096761 0.5564431 0.1158399 0.5255536 0.4304868 0.2076888 0.01681123 0.2761808 0.4799498 0.07112902 0.03486747 0 0.001113989 0.01012919 0.01762081 0 0.09627461 0.4276771 0.5654295 0.5798942 0.1111427 0.4682757 0.6003526 0.2885612 0 0.2504966 0.5739627 0.239199 0.08555385 0.4505646 0.07556555 0.02187736 0.2573504 0.02759126 0 0.08204369 0.1787637 0.05205534 0.007815731 0.04575577 0.5004075 0.5528277 0.5442826 0.8157915 0.6662487 0.8482404 0.7108436
0.286781 0.2171368 0.2371972 0.1742354 0.3979178 0.3363613 0.1151937 0.1580967 0.1521196 0.1838928 0.2664369 0.2707282 0.08767282 0.1486957 0.3143564 0.5977426 0.2547699 0.5261188 0.2699175 0.1859455 0.3067159 0.402697 7.752806e-006 0 0.07851937 0.09289422 0.04577109 0.1786091 0.1228264 0.09321199 0.0841168 0.02378362 0 0.0294856 0.1056918 0.2667145 0.2036256 0.4994263 0.3474238 0.3896168 0.07112905 0.2889544 0.6164331 0.5608752 0.005532463 0.4223825 0.2980427 0 0 0.01328011 0.4691624 0.3553713 0.5290329 0.3985873 0.2735222 0.08961219 0.4149642 0.4769846 0.8434423 0.8130649 0.7319161 0.7525783 0.8281726 0.4021618
0.1862312 0.1704451 0.2301607 0.5573561 0.492964 0.6723797 0.4747504 0.3367872 0.5970905 0.2825961 0.2546752 0.257818 0.3827048 0.0465835 0.3297093 0.6757355 0.6021808 0.1519079 0.3188122 0.4660574 0.4290432 0.1230798 0 0 0.1444038 0.0680042 0.2714227 0.3148192 0.003577676 0.008310386 0.1775813 0.3382613 0.1751845 0.3635793 0.5031547 0.1880063 0.008605382 0.1038813 9.150511e-005 0.005183905 0.2593089 0.01737124 0.6086339 0.5592673 0.1877705 0 0 0 0 0.002666981 0.5362454 0.5401714 0.3953646 0.5592675 0.08959936 0.2763856 0.8205166 0.4002617 0.6815222 0.5407973 0.8613896 0.7329295 0.4352618 0.1414224
0.2357692 0.33659 0.4737713 0.6190541 0.419872 0.4331035 0.4103601 0.6351911 0.5341116 0.1881073 0.1551843 0.08479778 0.2879973 0.1091554 0.4209227 0.4670942 0.4496427 0.03353373 0.5126032 0.4661128 0.3546909 0.1083616 0.4329511 0.1749743 0 0.000212758 0.3180591 0.094091 0.004869249 0.1767331 0.4276571 0.2129408 0.3100879 0.03080528 0.02527109 0.03110081 0.01446771 0.02879098 0.01071524 0 0.1320709 0.4035277 0.4220916 0.708589 0.2286914 0.009964978 0.05288272 0 0.05978987 0.08738019 0.3551553 0.5504095 0.4643717 0.1034347 0 0.1560864 0.08470796 0.3969627 0.5790287 0.641483 0.7294143 0.4551417 0.3598235 0.05692029
0.4730412 0.4494515 0.2503799 0.2638537 0.4119283 0.444508 0.2928771 0.6970215 0.4584371 0 0 0.1960134 0.1749901 0.3831126 0.6613513 0.3718318 0.05481891 0.0550973 0.4629042 0.6634778 0.6005995 0.4230707 0.04306284 0.01992996 0.0262118 0.3002474 0.1278758 0.1196059 0.08546608 0.7357185 0.7020789 0.2073135 0.07973665 0.2634848 0.4630726 0.3109475 0.2136607 0.05005349 0.009964978 0 0.1443834 0.5428414 0.3541265 0.2380469 0 0 0.008758921 0.05143979 0.1472628 0.3687544 0.1828635 0.01935635 2.912674e-005 0 0.2959466 0.5780788 0.765516 0.5417613 0.02022935 0.5875611 0.4871491 0.07568411 0 0
0.5428116 0.2861613 0.2226817 0.1623698 0.3423303 0.6986983 0.4346097 0.4573359 0.07728829 0 0 0.1246271 0.3439431 0.3473854 0.6612782 0.6576737 0.09523571 0.1960739 0.5498616 0.4159064 0.6536968 0.1057037 0.009964978 0 0.08902577 0.02008515 0.07361693 0.4863704 0.4180716 0.4293054 0.06981396 0.185071 0.6267208 0.5818062 0.533886 0.5429496 0.508105 0.3407756 0.1570739 0 0.004722316 0.1554109 0.05835319 0.001920759 0.1978285 0.1909628 0.3333263 0.2744926 0.1895908 0.01860483 0.1599782 0.06796861 0.009964978 0.1155124 0.4929715 0.6625806 0.543151 0.5919183 0.3811384 0.4856718 0.619526 0.3375271 0.04619598 0
0.4571958 0.06771445 0.2492535 0.2230356 0.4543757 0.533561 0.432604 0.547747 0.3003564 0.04488675 0.04982489 0.2241342 0.4407766 0.4980093 0.7271048 0.4075561 0.444705 0.2257115 0.1994748 0.5019574 0.5816966 0.1083318 0 0.009964978 0.07591188 0.3053667 0.4088396 0.4219048 0.2642966 0.2172274 0.0220712 0.303668 0.6947508 0.6957081 0.7476878 0.6861627 0.8865946 0.5581864 0.6120014 0.3380674 0.1012439 0.01273051 0 0.4382382 0.5421599 0.3511506 0.3018582 0.007485662 0 0 0.07612184 0.0665168 0.005304881 0.4226089 0.5903387 0.5300505 0.7119629 0.4474947 0.5554575 0.5255044 0.4737385 0.3296821 0.07106387 0.02602227
0.06089426 0.268765 0.4576741 0.5372403 0.2277379 0.06227954 0.1672152 0.5707763 0.6248603 0.3418337 0.1717677 0.3607226 0.5748708 0.4687703 0.6519894 0.5578824 0.3192145 0.1972755 0.4461889 0.5773835 0.577731 0.01149072 0.009322317 0.05602023 0.3890089 0.5954643 0.5430364 0.2261062 0.1639989 0.5401079 0.04001165 0.06738736 0.7366007 0.3652375 0.3769566 0.6434182 0.8579825 0.8033295 0.6896124 0.6586488 0.6794639 0.5194411 0.2026651 0.105363 0.3881003 0.4268433 0.4333169 0.1550627 0 0 0.09720862 0.3418413 0.466816 0.6182201 0.7361959 0.2876596 0.4004239 0.3685899 0.4476703 0.5237525 0.5144919 0.1680978 0.02057388 0.1191462
0.1297587 0.3616551 0.5788751 0.0891365 0.05397987 0.01173794 1.812297e-005 0.08873419 0.4914713 0.3455886 0.419544 0.5213897 0.2801576 0.3989149 0.2391685 0.6138776 0.5409861 0.393237 0.5354214 0.5934899 0.2125785 0.198814 0.04189545 0.2354806 0.6697569 0.4915821 0.08483257 0.5030029 0.632872 0.3088527 0.182739 0.1277289 0.1231105 0.509839 0.5031524 0.629504 0.7757425 0.6120599 0.6055325 0.359965 0.2919048 0.08644745 0.3881965 0.1475324 0.195057 0.2984398 0.1091207 0.02573305 0 0 0.228741 0.8142149 0.6699317 0.8465301 0.8365343 0.6151336 0.7452883 0.3541702 0.1094166 0.1302833 0.3177336 0.007481559 0.2238649 0.3697353
0.01760472 0.1016787 0.2478766 0.01105636 0.01873312 0 0 0.0004205395 0.02119631 0.2129485 0.5914448 0.5083224 0.2379397 0.4679466 0.2553471 0.6774303 0.7135896 0.2014739 0.4529707 0.1106001 0 0 0.01716234 0.3347023 0.4056765 0.5498183 0.2575687 0.6012408 0.2647581 0.06587332 0.1323448 0 0.002058022 0.4617965 0.5358424 0.4331471 0.7237571 0.7192397 0.4662787 0.7329826 0.4707154 0.4839762 0.1012957 0.1554244 0.2060372 0.01539327 0 0.003724334 0.03743148 0.2479561 0.377587 0.5984389 0.7062339 0.6858324 0.7435064 0.4847689 0.7284458 0.26629 0.3643914 0.4034444 0.8052656 0.07486533 0.495967 0.4593721
0.5222399 0.3383816 0.4078761 0.008878989 0.07109284 0.001164387 0.1217505 0.02831362 0.2206222 0.1767445 0.09705114 0.1919623 0.4080994 0.04340989 0.4157911 0.6236309 0.3253012 0.5561864 0.2365801 0.00437653 0 0 0.04997261 0.3138921 0.4894723 0.03653358 0.273347 0.4131755 0.104411 0 0.2027473 0.5010015 0.6374819 0.687139 0.6619833 0.3439993 0.4456084 0.6928086 0.5154197 0.4907148 0.2208648 0.4307424 0.1983592 0.3991818 0.6853512 0.3140677 0.0205299 0.0296342 0.402651 0.8299921 0.2288808 0.340928 0.8782305 0.6724385 0.733322 0.7978229 0.7262183 0.4175423 0.4106238 0.2416924 0.4453918 0.08370955 0.05455088 0.1897543
0.2744325 1.589496e-007 0.2937196 0 0 0.202675 0.4054958 0.4845599 0.3683894 0.3377231 0.4156134 0.1287215 0.2018682 0.2552748 0.4490764 0.5470375 0.6592678 0.8283406 0.0749688 0 0.1526419 0.3730557 0.05855954 0.4326697 0.3715688 0.2084825 0.5807912 0.7196625 0.05918361 0.1634575 0.1225183 0.6477346 0.8409685 0.7157089 0.5072878 0.4243748 0.3555092 0.3743148 0.1759858 0.2105502 0.08286315 0.596496 0.5488998 0.05190361 0.4266873 0.4159397 0.3209339 0.2854156 0.6661813 0.610005 0.529268 0.5028794 0.736317 0.7358943 0.7637643 0.7132028 0.5413365 0.253956 0.4818207 0.3027532 0.586679 0.2718222 0.1879144 0.4554479
0.06351797 0 0.04051231 0 0.01732645 0.3698214 0.4067782 0.2931844 0.5163257 0.5462251 0.1360783 0.008074823 0.1556925 0.4019771 0.12952 0.5856768 0.4931429 0.8277256 0.1438648 0 0.0406363 0.1357578 0.165046 0.5359781 0.1272368 0.005685014 0.1034539 0.2297581 0 0.02150917 0.05335011 0.1458541 0.4630376 0.5265172 0.6658357 0.4868871 0.4963823 0.3612448 0.3848777 0.2183331 9.896077e-005 0.10818 0.07000662 0.223857 0.7786146 0.6192219 0.6816628 0.08778941 0.004673754 0.4184535 0.7033411 0.7101246 0.7185751 0.6311512 0.6922356 0.5757622 0.7257439 0.2263199 0.09412861 0.304663 0.1884812 0.4116457 0.1059874 0.05915561
