EnvRasters/Baseline_Low/grass.asc
ncols         270
nrows         223
xllcorner     24099.479091542
yllcorner     21023.840179216
cellsize      1003.8986847201
NODATA_value  -9999
[rows 84 to 111 of 223, columns 128 to 191 of 270]
0 0 0 0 0.1728389 0.2063728 0.2114283 0.2076018 0.1724139 0.1666169 0.3194394 0.285392 0.1588577 0.0639623 0.2171978 0.1910246 0.113242 0.09608211 0.02948758 0.1285164 0.09123202 0.1892984 0.05235989 0 0.04009886 0.001015342 0.01075043 0.02608887 0.04049069 0 0 0.0838597 0.04515815 0.02594555 0.00103692 0.01411591 0.01220148 0.01463313 0.01843269 0 0.1147391 0.02589593 0 0.02422513 0.1041323 0.104522 0.1198671 0.06395528 0.07133102 0.03130736 0.149212 0.06774882 0.1280779 0.1086986 0.2055063 0.01336364 0.07912506 0.03338046 0.1070711 0.1808998 0.336336 0.1074058 0.1222506 0.07941087
0.0093862 0 0 0.007220414 0.005473756 0 0.1142883 0.05790442 0.1297033 0.05515015 0.2124467 0.2078566 0.5714909 0.1525163 0.236193 0.1133702 0.1009452 0.1522743 0.1239972 0.04262273 0.1055799 0.1456856 0.05626933 0 0.02486069 0 0.00155477 0.08507606 0.06309056 0.1084532 0.09139872 0.3159729 0.1183009 0.08477631 0.2088602 0.1401674 0.02409641 0.01217492 0.003620553 0.01023933 0.1468533 0.008517516 0 0.003797882 0.01084906 0.02941538 0.1384441 0.0780484 0.1076286 0.03147298 0.126918 0.1379782 0.1584669 0.05468332 0.1675226 0.08012536 0.06989009 0.04323721 0.1218262 0.1975953 0.1582298 0.1338621 0.1865379 0.2757933
0.1627326 0.009964978 0 0.02487479 0.02242346 0 0 0.1555845 0.03325651 0.01624842 0.141499 0.2228556 0.1614538 0.04808927 0.002548882 0.03134491 0.2437361 0.08009849 0.009296467 0.09145948 0.04648615 0.0853529 0.06827944 0.007986224 0.05384247 0.06372119 0.05594971 0.1560997 0.1417411 0.03012104 0.08123989 0.0350094 0.04534647 0.177305 0.1149504 0.1218534 0.01307839 0.1447863 0.1344962 0.1355169 0.06286141 0.06957071 0.0263769 0.1178838 0.0138852 0.04164273 0.1924447 0.1068966 0.07149034 0.09364622 0.1036387 0.1606602 0.1399827 0.03389569 0.1202409 0.1220749 0.1160292 0.1425978 0.09692767 0.2792473 0.08882491 0.06445411 0.2122345 0.02193548
0.07181722 0 0.0316871 0.09325834 0.1251469 0.0483655 0.01553225 0.01051593 0.01114183 0.02179062 0.04651102 0.02398521 0.1700241 0.05864372 0 0.01161762 0.1164067 0.02623426 0.0344144 0.02181317 0.04377906 0.07797206 0.1468899 0.1449429 0.1397276 0.09035865 0.01605608 0.2048905 0.1475125 0.2164988 0.1545021 0.2164894 0.1527471 0.04758551 0.03292469 0.0793309 0.08024478 0.14603 0.07841972 0.2419194 0.03141209 0.02549105 0.02812024 0.01274854 0.00126447 0.06316217 0.2193869 0.08228071 0.168355 0.2364537 0.1514238 0.1909367 0.1800625 0.05616043 0.05969612 0.1064746 0.07306334 0.07996707 0.1244203 0.1156839 0.01374655 0.003848903 0.01531238 0.042548
0.01071263 0.02024252 0.1741879 0.1714408 0.210749 0.01682587 0.0276145 0.1065412 0.01592076 0.04135273 0.07813019 0.0005145857 0.07009617 0.1217307 0 0.02083807 0.000262775 0.03367413 0.04218344 0.0483777 0.122292 0.06276918 0.1352921 0.03194299 0.06656943 0.002692137 0.07652538 0.0590532 0.01207491 0.2953765 0.0336055 0.0956034 0.06027747 0.07178587 0.002585804 0.001305524 0.1618891 0.05354114 0.0835738 0.02738647 0 0.1592155 0.05245926 0.01490867 0.0939872 0.006839768 0.02227453 0.1034039 0.08835198 0.03613441 0.09730785 0.1271197 0.1455782 0.04758049 0.01357159 0.07676067 0.008398457 0.04942008 0.02794516 0.0543206 0.02557549 0.1137171 0.1044068 0.09948704
0.06257506 0.1233837 0.1413662 0.07644593 0.09385116 0.1797497 0.1589891 0.02131972 0.006416427 0 0.001632431 0.05883925 0.02893922 0.06316207 0.02987413 0.0003878211 0.08387339 0.0538324 0.02406527 0.05682371 0.08573335 0.1385426 0.04246553 0.1710189 0.01733435 0 0.3358916 0.009359575 0.02465121 0.2159283 0.2843584 0.2670626 0.07314225 0.1168234 0.1000709 0.02158194 0.03915251 0.09544189 0.2453269 0.0009495654 0.004571786 0.06440474 0.01741401 0.1216655 0.1498307 0.02545698 0.001881847 0.04230583 0.03853783 0 0.002257485 0.03082134 0.2597086 0.05340003 0.110268 0.01851733 0.01824396 0.05813889 0.2747159 0.1014175 0.207802 0.08920358 0.07384635 0.006513448
0 0.03428635 0.1375899 0.01191976 0.06227622 0.08395378 0.06939059 0.004422809 0.0117071 0.0472048 0.1101786 0.1728477 0.03897292 0.1353402 0.02364007 0.1183084 0.04825401 0.07857813 0.1289472 0.2358031 0.1709649 0.03602079 0.07041819 0.1452098 0.005258583 0.01177084 0.08132832 0.02351244 0.01294871 0.1119201 0.1948768 0.07068277 0.00257933 0.07417856 0.08653323 0.01456836 0.0957949 0.09401938 0.06828111 0.01945165 0.0273321 0.06070027 0.0009962247 0.0009620482 0.1183398 0.004792728 0.003661902 0.1132036 0.04641461 0.1123445 0.216302 0.3393036 0.07310954 0.2100334 0.1598799 0.03745684 0.0443117 0.2464418 0.09093954 0.01493194 0.05473865 0.04665803 0.05152946 0.2534769
0.05939579 0.01231526 0.007202382 0.07384428 0.09210922 0.2335429 0.2152163 0.1324337 0.03715247 0.1611128 0.1536107 0.007499264 0.04449782 0.0341134 0.1374571 0.07900456 0.06777631 0.1817614 0.1596882 0.2027017 0.0351482 0.1665044 0.1691649 0.1042386 0.02812123 0.04032086 0.117008 0.1497771 0.1224329 0.04770921 0.1882358 0.1314079 0 0.09906307 0.1227925 0.1147737 0.1928855 0.04307054 0.02460018 0.02266699 0.02125497 0.06073659 0.1387357 0.2404458 0.1801912 0.03489439 0.02748127 0.06260245 0.006982947 0.03329431 0.1308285 0.0004529039 0.1039181 0.2412202 0.03109079 0.1039126 0.03059942 0.09154125 0.2269304 0.004529092 0.02030639 0.1138443 0.1207264 0.05180284
0.03954348 0.04589415 0.2110228 0.1143494 0.1020636 0.1560924 0.03750025 0.04832461 0.05276962 0.1567095 0.154399 0.0188478 0.04277772 0 0.08088592 0.05360166 0.1087441 0.3058343 0.03600838 0.09135899 0.04636201 0.1072078 0.3035014 0.06870944 0.3321954 0.3612252 0.02075638 0.09550277 0.1902065 0 0.1436265 0.09290231 0.03637112 0.002631483 0.04208717 0.06182377 0.00304795 0.04562016 0.0577444 0.009649944 0.0491051 0.004162714 0.1562101 0.05361952 0.008457514 0.001998984 0.04284384 0.01380143 0.01260144 0.04157097 0.05889768 0.0002716194 0.01636246 0.1361709 0.0173077 0.1214991 0.2263047 0.2218233 0.1121108 0.001624929 0.0005745534 0.0001847114 0.0001696636 0.01371168
0.02913188 0.002354503 0.03876355 0.1520005 0.159339 0.05078574 0.0643199 0.05829542 0.1312271 0.0784732 0.03044655 0.001996871 0.0001755257 0.001131156 0.02049963 0.04686181 0.3695982 0.1857616 0.09610713 0.1632279 0.05654404 0.1577676 0.2194908 0.01761433 0.0665889 0.03437911 0.008872258 0.07035223 0.03934797 0.1175522 0.1341682 0.08917569 0.2441669 0.07093382 0.02426681 0.06024572 0.06554888 0.08577573 0.03169157 0 0.05414869 0.004265795 0.03819108 0.1032697 0.07097433 0.1647805 0.07463247 0.05507226 0.05878082 0.0279456 0.04325537 0.05722362 0.1721389 0.05528475 0.1071403 0.2026634 0.1153919 0.06064271 0.2469402 0.1136973 0.04844641 0.07554308 6.618306e-005 0
0.08325375 0.1279448 0.05770634 0.1445593 0.1348139 0.01642638 0.05211616 0.1426987 0.06741709 0.07547112 0.0313798 0.0003342596 0.02098253 0.0319716 0 0.01446792 0.04591344 0.1623427 0.2388383 0.1897497 0.0234137 0.008032005 0.008291113 0.05580016 0 0.002267641 0.03064177 0.2785966 0.06881227 0.2266798 0.01211692 0.002409674 0.2081039 0.03261741 0.009312105 0.0751382 0.09990995 0.1937903 0.003306724 0.0001273395 0.004230361 0 0.01570876 0.003862335 0.07570223 0.3170819 0.1531459 0.07175516 0.07363647 0.03013255 0.184274 0.1991961 0.05148579 0.1446551 0.3495417 0.1645467 0.06682085 0.09327184 0.05636445 0.07515262 0.08332433 0.02653281 0.002785041 0.1104658
0.1975999 0.1727282 0.1548852 0.1463767 0.1229789 0.04946057 0.005839548 0.2622069 0.1986973 0.06025546 0.03298254 0.008034945 0 0.01903756 0.05732346 0.006744567 0.002491595 0.0712059 0.03417235 0.08780274 0 0.09698167 0.01046803 0.002352545 0.002139338 0.102254 0.08065361 0.03876702 0.1513398 0.1613624 0.04605477 0.03958439 0.107457 0.006453347 0.08684219 0.06763785 0.070462 0.03332592 0.0002046907 0.06151744 0.07724466 0.1254313 0.1426909 0.001629796 0.006664192 0.03803358 0.262736 0.07153658 0.08743706 0.009375237 0.1071886 0.2446156 0.01251438 0.02256613 0.01862115 0.1854586 0.01286743 0.08775348 0.02448099 0.1221186 0.1448366 0.0845143 0 0.06455272
0.1080771 0.07500965 0.04934877 0.1312417 0.0707128 0.136257 0.08410297 0.1046201 0.04267965 0.04860041 0.02233024 0.02054748 0.06040409 0.1348149 0.0902604 0.05351455 0.008652391 0.08354744 0.1859863 0.2326829 0.03996149 0.1480239 0.1381789 0.01412906 0 0.1327046 0.01259918 0.1133196 0.003060227 0.006881306 0.004416684 0.05883805 0.1292688 0.1615878 0.1582805 0.08256387 0.1151257 0.02291053 0.0007311714 0.00484994 0 0.06770531 0.0966619 0.003761323 0 0.01481768 9.802221e-005 0.008234946 0.0001598416 0 0.01135185 0.02603341 0.006586256 0.04339387 0.1532117 0.04066768 0.1555501 0.09870963 0.004133096 0.01420003 0.2049237 0.04921108 0 0.01829174
0.04143525 0.0973068 0.008027342 0.08183437 0.06227807 0.1212758 0.2531315 0.183927 0.05601307 0.08910758 0.1172918 0.1085725 0.07702649 0.07302839 0.01375625 0.02133027 0.09296644 0.06368849 0.2513745 0.2505743 0.005803441 0.2591494 0.07111769 0.01044799 0.08067317 0.1307152 0.08694778 0.09888266 0.001947335 0.07679012 0.1610743 0.1442452 0.1226467 0.00870249 0.03701207 0.04826234 0.07221623 0 0 0.1067914 0.01071353 0.00661301 0.009179714 5.640672e-005 0.004557882 0.003882981 0.005845052 0.323871 0.1531804 0.1068617 0.04700593 0.001481785 0.04565445 0.06045243 0.02729367 0.007289734 0.1528385 0.3351542 0.4875008 0.2109218 0.04428774 0.003511557 0.005429763 0.00206252
0.1978959 0.0553789 0.1553422 0.1809169 0.105521 0.1680245 0.06847903 0.1814561 0.1737076 0.05756154 0.2033112 0.01208836 0.006468646 0.06789004 0.1347733 0.1757498 0.09935079 0.1936041 0.07902859 0.02601569 0.06565063 0.1123542 0.2768779 0.006754711 0.08107255 0.07351388 0.2134173 0.05527484 0.007790502 0.2126739 0.1006422 0.05268707 0.1157038 0.2550488 0.02153518 0 0.07079272 0 0.01516767 0.1485758 0.1637272 0.3406228 0.03210517 0.03745363 0.2558631 0.4063848 0.3588988 0.3038509 0.3042151 0.3410408 0.2330848 0.1176451 0.2368749 0.1029456 0.04234091 9.273534e-009 0.01346159 0.005026918 0.02851659 0.08363043 0.06553297 0.0004026349 0.04460807 0.1846898
0.3455717 0.06672239 0.1448686 0.08634318 0.2705013 0.09371155 0.1235605 0.1321595 0.02219703 0.07496334 0.07025734 0.06119245 0.03858732 0.05378319 0.1217074 0.1830241 0.0924684 0.06839349 0.00294079 0.05088214 0.2190094 0.1039386 0.1037434 0 0 0.01336479 7.718441e-005 0.007139649 0.09700017 0.0149808 4.334863e-005 0 0.01531457 0.07724375 0.1029754 0.1841192 0.1190724 0.03846571 0.02360703 0 0.01489928 0.08537322 0.1643897 0.09007191 0.0010098 0.002063514 1.269555e-005 0 0.008370641 0.06862646 0.1276167 0.1533637 0 0.2781315 0.3314435 0.5687773 0.1462787 0.187947 0.08553576 0.131364 0.1801664 0.1924365 0.04637488 0.1566192
0.2966485 0.1465397 0.07042578 0.07278501 0.06475076 0.09584155 0.0462633 0.006602574 0.07669751 0.02531814 0 0.01300703 0 0.01045019 0.1395047 0.04831281 0.2259859 0.01043741 0.08948717 0.04410065 0.01305533 0.1047081 0.01966533 0.0008748746 0.02723515 0.07714762 0.02513007 0.01096525 0.05791153 0.1360617 0.0561619 0.07829934 0.004290023 0.02961836 0.04142637 0.06681783 0.1275743 0.08592901 0.03560407 0.05410638 0.1525061 0.382294 0.1232885 0.1217059 0.06397799 0.05011199 0.005287833 0 0 0.01782188 0.01959382 0.007829783 0.07473584 0.109468 0.2046874 0.1477969 0.1314902 0.2695659 0.4699378 0.01636497 0.04113885 0.03398644 0.007317087 0.08995764
0.1514708 0.1656277 0.3337414 0.01329637 0.0769077 0.03368617 0.02186133 0.006179352 0.06843679 0.00353644 0.1199482 0.1159448 0 0.127759 0.1374945 0.004092612 0.2695764 0.1575727 0.1651304 0.1540829 0.01482836 0.1439378 0.09369288 0.00641444 0.04766738 0.05333357 0.07995401 0.02447451 0.05305733 0.2092465 0.005104454 0.1003651 0.09086957 0.04836352 0.09727693 0.1136199 0.001571096 0.0685919 0.23449 0.1136246 0.09895348 0.01287799 0.05692093 0.01345236 0.1071116 0.1164669 0.06752717 0 0.1015865 0.01259021 0.07818348 0.1279909 0.2489775 0.03332026 0.05219913 0.1342637 0.1139569 0.1146594 0.2273849 0.001014584 0.007265549 0.06284091 0.1389552 0.07127597
0.3235711 0.1163238 0.05189046 0.1461602 0.02223163 0.06250484 0.00412403 0.1438395 0.1760085 0.1383499 0.03678079 0.2133686 0.005018259 0.2375107 0.1525106 0.009424184 0.2079084 0.05165366 0.01888309 0.04525713 0.06900537 0.03481346 0.2085501 0.1880736 0.08822261 0.1575698 0.06540577 0.02635483 0.1759085 0.06588279 0.0756636 0.1163893 0.09865582 0.02338923 0.1359229 0.08046872 0.07655815 0.1979531 0.2025587 0.01196737 0.05710046 0.1657359 0.1472185 0.06913298 0.1777267 0.3109517 0.3702269 0.1953616 0.2207573 0.1995256 0.1365327 0.1423322 0.2541421 0.1000368 0.2666233 0.07840193 0.02455223 0.004619196 0.0675853 0.09243371 0.08237198 0.08760215 0.117048 0.2606776
0.2149522 0.006503746 0.04258466 0.04768084 0.1819298 0.0987836 0.04232857 0.1011251 0.1575697 0.05760672 0.1721018 0.2484646 0.002869135 0.1271318 0.07886795 0.1771736 0.1152935 0.08800014 0 0.02338787 0.002702895 0.07389709 0.07541923 0.07906044 0.06218282 0.0973743 0.1143247 0.04730285 0.1590083 0.01496273 0.09027547 0.0294991 0.2051096 0.054449 0.1974161 0.000956347 0.1850457 0.2222615 0.1015782 0.1373567 0.1383505 0.1121284 0.1514537 0.02845339 0.01503891 0.1830077 0.1557558 0.1472016 0.07009098 0.2233371 0.2580867 0.04317277 0.09497351 0.1121474 0.0544076 0.01298858 0.07127168 0.003304298 0.025832 0.1688479 0.2381337 0.1108603 0.1405968 0.1765362
0.0305681 0.0004522418 0.00258707 0.07003351 0.05197878 0.1801187 0.1220055 0.05471585 0.2308797 0.05511044 0.1462964 0.04313528 0.08649106 0.1118243 0.05345698 0.1203188 0.03904014 0.101119 0.01128496 0.02647028 0.01970549 0.02486337 0.2959589 0.03377154 0.03174047 0.006578927 0.06428861 0.04935239 0.01443924 0.06407179 0.02811613 0.1485147 0.02058253 0.2163755 0.01678585 0.1724896 0.1823355 0.0388244 0.2774609 0.1656569 0.1083093 0.02004819 0.005192003 0.02592519 0.064712 0.04804813 0.05747961 0.06372793 0.1205462 0.1241662 0.09976729 0.02552801 0.07924508 0.1285511 0.03156183 0.01345072 0.1264708 0.2022439 0.2776378 0.2227826 0.1591953 0.1887557 0.2497946 0.1008892
0.06727926 0.0132758 0 0.02260236 0.185685 0.1340314 0.1545235 0.006298396 0.04472446 0.03328703 0.07780289 0.007319977 0.05123652 0.07135849 0.03003792 0.2023223 0.03746706 0.01164076 0.1735365 0.1102183 0.01227668 0.01586821 0.2532804 0.2692935 0.3214852 0.04946824 0.04589329 0.158813 0.2197608 0.07522915 0.02181586 0.06166549 0.0198382 0.03366768 0.0471956 0.1087276 0.09971664 0.03611781 0.1173637 0.01917678 0.1838676 0.1162769 0.1406252 0.1134146 0.07404926 0.06385359 0.2304447 0.09957087 0.1245719 0.1139871 0.005915165 0.07570006 0.07277647 0.06778769 0.03213042 0.1057716 0.02962805 0.04346168 0.1993686 0.1432859 0.3032849 0.2275909 0.1261714 0.05507607
0.04787634 0.04001217 0.03031168 0.1178911 0.02175705 0.04219259 0.009918018 0.05054796 0.1699639 0.08955949 0.2122547 0.02036662 0 0.06290549 0.06781924 0.004664008 0.003277663 0.03350241 0.1132374 0.09543376 0.00329689 0.1315988 0.1438269 0.1086996 0.1218733 0.01998496 0.288085 0.1383337 0.09923926 0.002463178 0.02918456 0.02008119 0.1383141 0.2067904 0.1342398 0.1190802 0.2246569 0.2053769 0.1453676 0.09684974 0.08294039 0.0660659 0.0104823 0.09150435 0.002623859 0.1023004 0.06121842 0.06964701 0.1724953 0.125464 0.212312 0.2430925 0.1890461 0.1136764 0.1445253 0.09812054 0.06189629 0.03359848 0.06697866 0.06287554 0.115601 0.1085372 0.1302711 0.00568639
0.1861391 0.2076625 0.1790526 0.06741101 0.08914839 0.1397902 0 0 0.04356867 0.04073119 0.1770913 0.003317511 0.1735889 0.2874219 0.2212127 0.1082813 0.01829219 0.09861483 0.1160415 0.1580215 0.05007656 0.1868293 0.03832639 0.05065349 0.06170705 0.00392028 0.2053666 0.184142 0.04792693 0.004066408 0.1217025 0.08649313 0.2024904 0.2386907 0.2420056 0.1999991 0.2454217 0.07733413 0.03666346 0.02487763 0.1432032 0.00337778 0.02327714 0.04182981 0.01373067 0.03143619 0.1196954 0.1956534 0.02234729 0.006109822 0.1517515 0.1161952 0.2101968 0.01140289 0.01926546 0.06782883 0.04951324 0.03334719 0.1037141 0.02348245 0.0001545361 4.185211e-005 0.03236213 0.08567958
0.03873093 0.00500937 0.1375376 0.04659404 0.07018043 0.18576 0.07495438 0 0.06160748 0.02991258 0.04962161 0.002106257 0.2504348 0.281453 0.06143292 0.1669673 0.1277366 0.06665505 0.1121867 0.1033596 0.2128454 0.1098607 0.05155356 0.236476 0.05547373 0.01440299 0.2709033 0.1105127 0.02691762 0.07999146 0.1322123 0.08035547 0.1896036 0.1195717 0.02143549 0.2792529 0.09583376 0.1859274 0.2275729 0.07288857 0.09612808 0.01073676 0.2763831 0.1086013 0.08952912 0.105632 0.03699544 0.008053101 0.01446385 0.03329821 0.1030322 0.2516844 0.2853513 0.1018255 0.1134135 0.2873401 0.1013806 0.009484511 0.02429667 0.02794982 0.1457738 0.1717025 0.1324273 0
0.06358778 0.05908048 0 0.03462635 0.1102183 0.1806167 0.1241303 0.00833726 0.1325681 0.09805471 0.1037352 0.08763898 0.1890875 0.3917077 0.3401128 0.1423187 0.01298409 0.2600569 0.01501448 0.1763982 0.275545 0.1806015 0.2125531 0.09195695 0.1162134 0.09133542 0.1741883 0.05949744 0.2075808 0.1840998 0.1079906 0.1164828 0.08166599 0.1087092 0.07071134 0.08833845 0.1673484 0.2628404 0.1944157 0.0438204 0.1468482 0.189837 0.1075299 0.1831725 0.3724487 0.10031 0.03818467 0.03100817 0.01909953 0.1232472 0.01564007 0.1184314 0.09563211 0.2008711 0.1118304 0.1411617 0.2046244 0.222727 0.002857633 0.09718509 0.1677278 0.05725451 4.027606e-005 0.06343058
0.171589 0.1156288 0.1302889 0.0187377 0.01783394 0.04057226 0.06266242 0.01397248 0.02745171 0.2169763 0.1427536 0.05526727 0.12046 0.1019759 0.2724813 0.1222962 0.003336544 0.06498917 0.02630733 0.1249677 0.2330544 0.144323 0.03942631 0.1656183 0.07089391 0.0002072614 0.156052 0.04385992 0.08395001 0.1945865 0.1703538 0.07263412 0.2411613 0.2693291 0.01205242 0.1599523 0.1876327 0.2426036 0.2581703 0.1608576 0.05012079 0.19386 0.1016757 0.216673 0.1371945 0.2875639 0.08401259 0.04281373 0.0008043465 0.04723536 0 0.00169373 0.09831163 0.05155472 0.1249474 0.1120097 0.2703508 0.4615538 0.02295527 0.05907106 0.2177702 0.3859133 0.2587603 0.01915615
0.0861746 0.1169403 0.1498014 0.2337254 0.2789101 0.1796505 0.01864421 0.01166367 0.001607482 0.04145977 0.09878425 0.04505055 0.1367731 0.2667634 0.2112189 0.1184488 0.289862 0.08177307 0.01266156 0.03129716 0.006098222 0.01754504 0.04776254 0.03923336 0.05311575 0.03533913 0.07623202 0.1766847 0.07702966 0.0188319 0.005386459 0.01315333 0.114063 0.1321943 0.1975056 0.02430206 0.1008294 0.2867544 0.09849235 0.1623629 0.3162033 0.5013154 0.08476148 0.2972496 0.08589755 0 0.0009851754 0 0 0.09010993 0.01898661 0.109149 0.1762519 0.4472125 0.3547876 0.1398364 0.04994316 0.4529166 0.07237118 0.2533019 0.09036671 0.2445607 0.4874092 0.2658193
