EnvRasters/Baseline_Low/other.asc
ncols         270
nrows         223
xllcorner     24099.479091542
yllcorner     21023.840179216
cellsize      1003.8986847201
NODATA_value  -9999
[rows 90 to 119 of 223, columns 69 to 137 of 270]
0.004664 0.013576 0.003732 0.007923622 0.001857 0.000698 0.000133 0 0.001627 0.010636 0.003266 0.015949 0.006415 0.007715 0.011117 0.005784 0.004627 0.002268 0.00683 0.1904804 0.1158016 0.009486027 0.002416 0.005682 0.006458557 0.0074 0.002927 0.0157 0.04544698 0.036607 0.0086 0.02421598 0.001470924 0 0.024537 0.002154 0.004337 0.0001 0.01468 0.006803 0.004617 0.004763 0.001696 0.000216 0.02203387 0.08443241 0.02782581 0.007467147 0.02064698 0.1296094 0.003547398 0.04913471 0.012453 0.010771 0.1511657 0.003624 0.00056 0.01919 0.000433 0.000426 0.000347 0.006438 0 0.00397 0.009628479 0.03108644 0 0.000729 0.002282
0.006378 0 0.004134 0.005584 0.011242 0.00356 0.014549 0 0.005058 0.002112 0 0.001789 0.029907 0.026475 0.003297 0.007813 0.005356 0.009252 0.03119794 0.01900295 0.001944 0.01316198 0 0.01059 0.014783 0.00322 0.02515998 0.02389398 0.014384 0.01376798 0.00259 0.004748 0.05350837 0.08998861 0.002708 0.00577 0.01880898 0.162724 0.04157149 0.009151 0.0049 0.0074 0.001344 0.02085551 0.002185109 0.05483498 0.004871197 0.01255381 0.000706 0.01982491 0.1761152 0.2285306 0.03089933 0.022575 0.006609333 0.009199645 0.000768 0.014997 0.000502 0.000355 0.000973 0 0.001184 0.03040593 0.004221 0.003988 0.001325 0 0.004053
0.03985991 0.002022 0.000978 0.003117 0.005917 0.010049 0.001248 0.003064 0.005801 0.00467 0.018134 0.006481 0.002325 0.013368 0.009124 0.004272 0.004606 0.02527545 0.02664945 0.007401 0.004529 0.0006 0.0069 0.008639 0.003972 0.013206 0.016435 0.025662 0.004831 0.006043 0.017948 0.000316 0.008603771 0.02042996 0.01475298 0.000185 0.01841 0.1932602 0.1227582 0.011287 0.02816196 0.000605 0 0.02631044 0 0.004601336 0.05879955 0.0014 0.00456 0.01008898 0.007241159 0.07172575 0.029508 0.03109493 0 0.003379 0.00473 9.6e-005 0.02586296 0.01333098 0.0003 0.004248 0.000422 0.009575586 0.07732524 0.000522 0.001548 0.003916 0.01970898
0.005939 0.013336 0.009636 0.007775 0.001556 0.00671 0.009917 0.001946 0.002023 0.009371 0 0.009087 0.003587 0.01185 0.000616 0.0024 0.02217996 0.01393498 0.010413 0.006524 0.003455 0.000244 0.006588 0.01178174 0.01130124 0.005295 0.009083 0.008076 0.02446498 0.015895 0.00186 0.00716 0.000882 0.000144 0.00439 0 0.013463 0.010406 0.0038 0.000336 0.03423336 0.04977361 0.000234 0.040939 0.0222 0 0.07766064 0.00172 0.000585 0.000156 0.00018 0.01007698 0.006007 0 0.000592 0.008898 0.000234 0.000438 0.004546 0.000112 0 0.003761966 0.01512056 0.02899342 0.00024 0.000131 1.4e-005 0.004058 0.002224
0.010319 0.002251 0.009359 0.003496 0.002917 0.005488 0.001647 0.00412 0.003628 0.000732 0.002051 0.006185 0.004404 0.009343 0.00063 0.01022039 0.01052808 0.007051 0.004898 0.005724 0.002074 0.009205 0.004596 0.000713 0.0092 0.005996 0.008612 0.034157 0 0.003305 0.016 0.004657 0.010973 0.003972 0.006442 0.0334 0.005982 0.000624 0.031368 0.006917 0.02978073 0.164971 0.007020194 0.05828992 0.00372 0.05905699 0.05644622 0.004089 0 0.009964978 0.001908 0.000283 0.002831 1.4e-005 0.002263 0.006802 0.006262 0.005764 0.017741 0.003401 0.004145 0.02409984 0.08820494 0.05681679 0.01272994 0 0.0068 0.002446 0.009657
0.004418 0.018632 0.031052 0.002301 0.010954 0.003562 0 0.002924 0.0187787 0.003798 0.003138 0.0079 0.0031 0.004112 0.010641 0.03902297 0.02722745 0.00201 0.0061 0.003482 0.00096 0.002854 0.000136 0.003227 0.007 0.004754 0.003139 0.002914 0.003677 0.003436 0.008191 0.003265 0.007623 0.003522 0.005542 0.00404 0.001210053 0.009964978 0.007766 0.000576 0.4417204 0.2577086 0.00108 0.001431 0.001033 0.004386439 0.2572049 0.01876212 0.01329184 0.01633112 0.01086498 0.002576 9.5e-005 0.000958 0.012678 0.0011 0 0.015451 0.07828869 0.009846 0.06822068 0.0326981 0 0.026807 0.002917 0 0.004245 0.003228521 0.000814
0.010578 0.008933 0.009584 0.011236 0.002448 0.001044 0.002072 0.01150598 0.07630369 0.04421633 0.009428 0.007129 0.01058498 0.006104 0.02729643 0.03134941 0.009394 0.010411 0.01557198 0.011102 0.002536 0.0116 0.013166 0.003716 0.006081 0.007067 0.001924 0.004578 0 0 0.0016 0.01207598 0.01415498 0.006355 0.00125 0.001287 0.01192893 0 0.02095796 0.015243 5.6e-005 0.000434 0.005805 0.006115 0.000589 0.009618 0.08557497 0.1257342 0.0005 0.001252 0 0.0039 0.00162 0.008167 0.002584 0.002534 0.00106 0.006991 0.01145629 0.003645 0.0051 0.001 0.007692 0 0.004377 0 0.06113235 0.02609694 0.001468
0.012533 0.016178 0.00439 0.003114 0.01094059 0.001044 0.001287 0.006137 0.062704 0.02510598 0.001159 0.00108 0.0012 0.00183 0.04982489 0.001044 0.004094 0.0074 0.01638098 0.009198 0.005224 0.000359 0.009472 0 0.009917 0.005143 0.01305 0 0 0.001996 0.005293 0.003997 0.000908 0.0085 0.007085 0.01086098 0.003376 0.009245 0.0056 0.003383 0.003036 0.0035 0.000924 0 0.00068 0.000984 0.07327544 0.0453047 0.03493994 0.003427 0.0044 0 0.004005 0.009086 0.00218 0.004763 0.005491 0.063168 0.0032 0.002156 0.006678 0 0.007227 0 0.002871 0.0065 0.02388063 0.03830924 0.01158898
0.001262 0.004411 0.007197 0.007423 0.00847239 0.009531 0.021861 0 0.0587 0.011191 0.012537 0.006466 0.00758 0.007169 0.03134293 0.02764035 0.00605 0.010403 0.00067 0.000466 0.003 0.00618 0.00224 0.003655 0.00394 6e-005 0.008112 0.001628 0 0.001665 0.006085 0.000689 0.007046204 0.01846498 0.006364 0.0045 0.0071 0.008932096 0.007317 0.003597 0.009845 0.006708 0.0011 0.00029 0 0.008196 0.03996437 0.006503 0.01307 0.00295 0.01828098 0 0.000576 0.000989 0.00012 0 0.0035 0.028939 0.005468 0.004563 0.000495 0.01304598 0.02512996 0.002315 0.006237 0.000198 0.004511 0.00038 0.003718
0.005445 0.020461 0.00123 0.000705 0.002694 0.0065 0.002527 0.000916 0.003442 0.000969 0.01146498 4e-005 0.003206 0.001204 0.01456 0.002996 0.03447796 0.01173398 0.007573275 0.04771792 0.01992996 0.00069 0.010505 0.000422 0 0.00159 0.005255 0.004489 0.004498 0.008534 0.002127 0.007066 0.03223998 0.001096 0.000984 0 0.005705 0.028188 0.012257 0.003885 0.02961809 0.0075 0.01873819 0 0.003023257 0.04157991 0.1476467 0.0023 0.007451 0.013867 0.025225 0.03083552 0.00029 0.008267 0.02406796 0.02429696 0.005024 0.009702 0 0.017291 0.009964978 0.00541 0.000312 0.01521598 0.01457198 0.02015296 0.000588 9.6e-005 0.0014
0.003461 0.01358598 0.000144 0.002008 0.00836 0 0.001252 0.002356 0.000972 0.005947 0.006772 0 0.009992 0.002295 0.006595 0.03975696 0.07337496 0.004577 0.004153 0.01474174 0.0435073 0.007286642 0.00106 0 0 0.01234698 0.000984 0.000911 0 0.002624 0.00937 0.000544 0.006347 0.003453 0.01910298 0.0039 0.00661 0.008513 0.00698 0.00453 0.004298842 0.006258 0.3697497 0.0601516 0.01393098 0.07540116 0.1688066 0.116194 0.02502051 0.02956998 0.007921 0.004327418 0.000464 0 0.009039 0.09107888 0.00256 0.000972 0.002311 0.004800347 0.07090292 0.1233913 0.00311 0.01146498 0 0.001155 0 0 0.02002996
0.020379 0.003261 0.005694 0.001638 0.000234 0.01006 0.004293 0.00036 0.006807 0.001713 0.014249 0.004923 0.003061 0.003 0.02099218 0.04562292 0.0121 0.01424998 0 0.007912 0.06850611 0.05973058 0.02710691 0 0.001269 0.02370796 0.010027 0.0023 0.007688 0.0023 0.003079 0.002321564 0.02433841 0.013753 0.0022 0.000331 6.6e-005 0.000302 9e-005 0.002989 0.01596898 0.005576 0.1095463 0.003514 0.00662 0.1687105 0.01735298 0.03383232 0.1086168 0.001421 0.003488 0.003964 6.3e-005 0.03985991 0.03276398 0.08082776 0.007931 0.000133 0 0.001272 0 0.01266898 0.008003 0.009613 0.004402 0.004356 0.0046 0.03985991 0.001003
0.005369 0.011593 0.004451 0.012759 0 0.006598 0.003918 0.01683343 0 0.0054 0.004415 0.0033 0 0.00373 0.08864445 0.009147 0.00641 0.009964978 0 0.001196 0.000798 0.0022 0.1013339 0.002002 0.005113 0.00188 0.001564 0.001072 0.00372 0.05237045 0.4821009 0.2700188 0.003126 0.000378 0 0.000115 0.02253696 0.006721 0.000788 0.01849398 0.009741 0.000162 3e-005 0.006142 0.010812 0.2236252 0.00106 0.004991 0.08247171 0.003512 0.007179 0.00243 0.007545 0.06228498 0.077489 0.000888 0.007234 0.007533 0.000118 0.02028298 9.6e-005 0.0058 0.009401 0.0009869999 0.004813 0 0 0.02223696 0.01236498
0.001459 0.000763 0.006948 0.013353 0.003909 0.017142 0.000208 0.02466152 0.001545 0.000891 0.001236 0 0.014815 0.000933 0.01682114 0.003556 0.002585 0.005105 0 0.009911 0.012956 0 0.0039 0.004257 0.002892 0.00858 0 0.008968 0.00018 0.01862019 0.1538229 0.08580256 0.1313125 0.5180802 0.2419433 0.009964978 9.6e-005 0.002325496 0.010168 0.038311 0.02314798 0.005653 0.00034 0.0044 0.013983 0.1104212 0.004348 0.007024 0.09987673 0.002083 0.001244 0.005063 0.022736 0.005708 0.044756 0.03022 0.011278 0.012461 0.000494 0.014489 0 0 0.014292 0.003765 0.013803 0.010253 0.009964978 0.001011 0.01095498
0 0.005976 0.0023 0.0054 0.001334 0.004 0.004633 0.02184498 0.01515998 0.00011 0.001125 0.003683 0.02126511 0.03458881 0.002848 0.005465 0.000824 0.00633 0.002153 0.005606 0 0 0.0019 0.000405 0.004361174 0.00045 0.015377 0.002569 0.007201 0.00132 0.001 0.001612 0.2728292 0.3493879 0.004312 0.08968481 0.1748645 0.01742464 0.001607 0.01116988 0.1662042 0.04210797 0.05873059 0.2325315 0.01867089 0.1026076 0.007 0.0021 0.129942 0.09464009 0.05609272 0.004297 0.000916 0.010423 0.008957 0.009637 0.017838 0.0023 0.001204 0.005162 0.000211 0 0.004285 0.08771085 0.022503 0.01946898 0.001285 0.010102 0.001188
0.005885 0.001935 0.0001 0.004592 0 0.01251698 0.00197 0.0029 0.006276 0.006057 0.002699 0.0679787 0.05880941 0.002648 0.002315 0.01532 0.002019 0.019891 0.004094 0.003364 0.0026 0.004706 0.003232054 0.05633584 0.02555978 0.001696 0.015224 0.002706 0.002318 0.001276 0.00548 0.008732 0.02351567 0.03359103 0.029634 0.0049 0.00054 0.007536 0.000867 0.02224104 0.5092651 0.1076738 0.02981621 0.4987727 0.4003579 0.02917727 0.06215758 0.001618 0.003796532 0.003132 0.08878729 0.006681 0.02358089 0.005329 0.0043 0.008907 0.006627 0 0.004822 0.02012 0.009689 0.000264 0.01034498 0.02901698 0.019304 0.005902 0.000692 0 0.01992996
0.000775 0.004612 0.07233387 0.005034 0.02476296 0.005411 0 0 0.010017 0 0.02166172 0.04561244 0.03565642 0.008728 0 0.004925 0.006014 0.002478 0.002761 0.00831 0.006621 0.00381 0.01051698 0.004984 0.006729 8e-005 0.005606 0.022952 0.000716 0.004836 0.003328 0.004010816 0.1717497 0.04016477 0.011253 0.000922 0.005666 0.008185 0.012428 0.01854 0.003498 0.0006 3.6e-005 0.01072092 0.005538 0 0.1544666 0.00961 0.007323 0.04550723 0.06242026 0.00214 0.01448521 0.007388 0 0.001485 0.005308 0 0.014207 0.003044 0.007652 0.008265 0.006813 0.000708 0.002409 0.01805 0.003178 0.011021 0.01992996
0.02803633 0.002045 0.00048 0.007324 0.007431 0.015138 0.00202 0 0.00334 0 0.01286498 0.05154037 0.001098 0.009259 0 0.007862 0.003195 0.002632 0.005474 0.001174 0.002574 0.000394 0.02731296 0.018757 0.06381598 0.004584 0.004998 0.010245 0.002952 0.0051 0 0.05875448 0.3815118 0.0068 0.002149 0.0048 0.002032 0.002275 0.005033 0.028152 0.008555 0.001317 0.0023 0.001462 0.000133 0.01992996 0.02878997 0.05297924 0.06279708 0.06213375 0.00184 0.00855 0.009299831 0.007493 0 0 0.009518 0 0.005285 0.001742 0.004947 0.002786 0.00094 0.005169 0.002915 0.004977 0.003986 0.002363 0.00063
0.1737284 0.0265043 0.0031 0.000845 0.03719094 0.004397 0.01329998 0.00348 0.004176 0 0.01390579 0.04679363 0.000663 0.002584 7.6e-005 0.012861 0 0.004111 0.003958 0.01495438 0.01734555 0.0943938 0.00799 0.022948 0.063748 0.008242 0.00511 0.002466 0.02152996 0.000793 0.005816 0 0.007924 0.005468 0.013563 0.0128 0 0.01518571 0.010896 0.004184 0.003934 0.006234 0 0.000277 0.00185 0.001954 0.02881401 0.07547083 0.07206286 0.0211888 0.0036 0.002939 0.001748 0 0 0.00875 0.00537 0.00055 0.02162398 0 0 0.001767 0.02367898 0.00147 0.002901 0 0.000371 4.8e-005 1.7e-005
0.002683 0.04459099 0.1344501 0.08574522 0.002883 0.04372079 0.03738144 0.009396617 0.003713 0.0008 0.04943557 0.0004617728 0.001736 0.016256 0.03819273 0.002224 0.002704 0.007182 0.000817 0.018032 0.004415011 0.02989493 0.001712 0.074434 0.065207 0.013604 0.00072 0.002988 0.004099 0.0016 0.00831 0.0028 0.000792 0.0031 0.000988 0.004743 0.02756596 0.01753625 0.04982489 0.02692996 0.00045 0.000192 0.000224 0 0.000522 0.01737312 0.09750022 0.129797 0.06630263 0.04320974 0.007993 0.005003 0.000686 0 0.001822 0.009364 0 0 0.03282796 0.003002 0.0019 0 0.0101 0 0.009201 0.002036 0 0.003364 0.002347
0.02085096 0.01035723 0.010629 0.03637208 0.04369798 0.02027398 0.00186 0.003364 0.01351998 0.01964928 0.1067082 0 0.002446 0.005686 0.004446185 0.003916 0.00521 0.00134 0.000642 0.006142 0.002825 0.002686416 0.09998737 0.005253 0.001494 0.02063496 0.001849 0.0008 0 0 0.002367 0.03124394 0.00233 0.007152 0.003488 0.002511 0.02322996 0.01247154 0.00101 0.005742203 0.000828 0.03029494 0.003589 0.014026 0.02234179 0.07237669 0.000443 0.02080396 0.02185047 0.1766387 0.07967097 0.004813 0.007229 0.06852145 0.0636531 0.09080916 0.08139325 0.07867993 0.01432314 0.001964 0.006384 0.001342 0 0.011386 0.0345 0.020045 0.001632 0.002219 0.008068
0.01276798 0.01312873 0.000438 0 0.1307016 0.0717452 0.03993654 0.02042996 0.04005991 0.02238063 0 3e-005 0.04263106 0.03524446 0.04245388 0.00116 0.003785 0 0 0 0.009964978 0 0.08946691 0 0.03272453 0.1295369 0 0.07325959 0.1470056 0.02989493 0.009964978 0.1147296 0.00068 0 0.00396 0.010241 0.003696 0.01994539 0.001382 0.01382178 0.02646647 0.04980113 0.08210059 0.0982607 0.123237 0 4.2e-005 0.01034298 0.000148 0.07839485 0.02805424 0.04978449 0.002099 0.05504939 0.004063 0 0.002814 0.001792 0.09587063 0 0.00493 0 0.003269 0.00217 0.02444498 0.028694 0.003151 0 0.001081
0.009964978 0 0 0 0 0.06041471 0.1145834 0.1230297 0.1132248 0.01001463 0 0.02790813 0.2882001 0.05614821 0.4303809 0.001519389 0.001188 0.009964978 0.000316 0 0 0 0.02243998 0.01800083 0.2010656 0.4450593 0 0.1500334 0.5150446 0 0.1670374 0.1221533 0.01037098 0.0037 0.016969 0.039906 0.028574 0.00694 0.00646 0.000299 0.06330235 0.002045 0.05503317 0.004175425 0.03995492 0.009703413 0.002932964 0.01145698 0.00243 0.005735 0.006272 0.0640522 0.06291887 0.03645973 0.007329 0.004578 0.001782 0.07451472 0.06101453 0.003079 0.00571 0 0.004607 0.009956 0.007459 0.010555 0.0098 0.01122398 0
-9999 -9999 -9999 0 0.07686939 0.06621731 0.01209505 0.02084396 0.003076749 0.1506612 0.1080516 3.3e-005 0.000714 0.002924 0.1169172 0.0388115 0 0 0 0 0 0.03693876 0.05783319 0.0271634 0.1377477 0.1212902 0.05864289 0.1432293 0.3675228 0.6203727 0.3705406 0.4012509 0.08122612 0 0.002139 0 0.01332 0.006557 0.00111 0.008720385 0.07241657 0.03435213 0.07355711 4.602186e-005 0 0.003568421 0.0001081812 0.0008 0.004039 0.003557 0.05411404 0.02020081 7e-005 0.01319698 0 0 0.01176898 0.09420723 0.02588185 0.002347 0.00013 0 0.01499898 0.014375 0.002404 0.1311697 0.001418 0.04313092 0.01038098
-9999 -9999 -9999 -9999 0.001252 0.000827 0.03985991 0.09810269 0.0104525 0.2128044 0.02477913 0.05666124 0.08002415 0.1043041 0.05284409 0.1692191 0.06997585 0.08291983 0.1014081 0.09365416 0.07096813 0.08520329 0.005437962 0.002745 0.02618593 0.2060859 0.2839923 0.000725 0.02298219 0.1882341 0.2012148 0.569413 0.08395409 0.1530943 0.1593657 0.136886 0.08602162 0.04466354 0.03985991 0.0396046 0.000702 0.000399 0 0 0.000319 0 0.000198 0 0.05342489 0.01232698 0.004851 0.001332 0.0019 0.01583198 0.002125 0.001441 9.9e-005 0.02117006 0.1010069 0 0.001067 0 0.02575819 0.01999296 0.01082898 0 0.003998 0.001536 0.001435
-9999 -9999 -9999 -9999 0 0.00075 0.000317 0.2501838 0.3768361 0.1520891 0.0003 0.01088498 0.001349 0.007804132 0.2015502 0.5062919 0.00464 0 0.04705724 0.05128089 0.01141971 0.00104 0.01243298 0.01251407 0.02042296 0.02412255 0.09745041 0 0.00047 0 0 0.000619 0.01362445 0.008230506 0.000988 0.07799905 0.0284344 0.00072 0.0014 0 0.000493 0.000748 0.009964978 0 0 0.000132 0.0005387599 0.008174635 0 0.0015 0.003878 0.0009 0.000804 0.00261 0.000352 0 0.004034 0.01129898 0.06180587 0.00181 0 0.000126 0.04616366 0 0.002201 0.000341 0.000848 0.007075644 0.003287335
-9999 -9999 -9999 -9999 -9999 -9999 0.07409561 0.132161 0.1612701 0.1013257 0.05188123 0.02486262 0.0004689928 0.06325518 0.1520622 0.1231987 0.1176668 0.01184048 0.2533066 0.08738986 0.03840518 0.001143 0.01004498 0.06255692 0.0762336 0.109815 0.02146442 0.009964978 0 0.00638 0 0 0 0.002083 0.009964978 0.002548 0.002668 0.02386998 0.1053638 0 0.002289 0.00084 0.004375 0.000144 0.00903 0.007276 0.04055306 0.001523439 0 0 0.01196 0.005319 0.03089694 0.00428 0.001947 0 0.001198 0.0034 0.07544383 3.6e-005 0 0 0.004886093 0.000783 0 0.000495 0.00775 0 0.0011
-9999 -9999 -9999 -9999 -9999 0 0.0544442 0.02844194 0.01047373 0.01582935 0.02188938 0.0200354 0.009964978 0.01116498 0 0.03171901 0.01844389 0 0 0.001352 0.02022996 0.000799 0.01007298 0.09988679 0.01146498 0.01992996 0 0.05978987 0.004425 0.002067 0.002484 0.08562591 0 0.00071 0.001323 0.000221 0 0.000958 0.001054 0.002695 0.01244998 0.0049 0.004094 0.0016 0.0005 0.0033 0.001124 0 0.001405 0.003239 0.01115298 0.01504698 0 0.0032 0.01497698 0.01114098 0.006255893 0.0041 0.1197823 0.001245 0 0.000286 0.006938886 0.01214298 0.01436702 0.002156 0 0.00654 3.3e-005
-9999 -9999 -9999 -9999 -9999 -9999 0 0.003783 0.000636 0.003813 0.01016498 0.003313 0.000709 0.009964978 0.000469 0 0.001518 0.000756 0.000534 2.8e-005 0 0.000542 0 0.07096984 0.002084 0.06677187 0.003366 0.001636 0.00083 0.001217 0.00692 0.01667688 0 0.005447 0 0.0015 0.0044 0.002976 0 0 0.009762217 0.0003 0.002394 0.0059 0.00173 0.00065 0.00152 0.01181898 0.000602 0.002362 0.000882 0.002969 0.002234 0.001407 0.002783 0.00182 0.004203086 0.00165 0.0699193 0.000176 4.3e-005 0.000278 0.000239 0 0.005712939 0.002605 0.000478 0.001593 0.000756
-9999 -9999 -9999 -9999 -9999 -9999 0 0.001078 0.001337 0.002027 0.0005 0.016223 0.002693 0.003075 0.000352 0.003873 0.0006 0.00549 0.000234 3.5e-005 0.01840728 0.1720853 0.000703 0.01005498 0 0.000288 0.001195 0.007292 0.0186 0.010748 0 0.000594 0.003278308 0.01383222 0.000758 0.000416 0.0013 0.011688 0.008291 0 0.009833761 0.004501 0.000525 0.000488 0.006684 0.0001 0.005174 0.003146 0.002867 0.004314 0 0.00062 0.005808 0.00126 0.001864 0.00353 0.001056 0 0.08074126 0 0.00088 0 0 0 0 0.000577 0 0.000418 5e-005
