EnvRasters/Baseline_Low/other.asc
ncols         270
nrows         223
xllcorner     24099.479091542
yllcorner     21023.840179216
cellsize      1003.8986847201
NODATA_value  -9999
[rows 60 to 89 of 223, columns 138 to 206 of 270]
0.003199722 0.09515683 0.022312 0.01043002 0.02385598 0.005973974 0 0.0143 0.03604696 0.01800467 0.07468417 0.0452023 0.07000713 0.03337081 0.009890415 0.02989493 0 0.004452509 0.02329596 0.008509892 0.01417841 0.04862996 0.038401 0.012375 0.004271 0.005346 0.011799 0.03067121 0.02834608 0.048834 0.016464 0.178095 0.115304 0.0002 0.007336971 0.01725301 0.03945753 0.06539067 0.005472757 0.01059998 0.008153 0.026072 0.1107944 0.1222307 0.0005 0.0270255 0.186826 0.01420109 0.07545596 0.01659121 0.0333301 0.1282502 0.1485245 0.0550849 0.1001215 0.2942819 0.04125698 0.03070996 0.05701197 0.06052325 0.01226498 0.1013731 0.02715767 0.009964978 0 0 0.009964978 0.03985991 0.009964978
0.0016 0.02399421 0.03333058 0.01639185 0.01992996 0.009204166 0.011387 0.000338 0.000703 0.010802 0.02625198 0.03136196 0.1672253 0.00714633 0.01278363 0.006495927 0.02590298 0.02292798 0.008569 0.02706798 0.04156343 0.01231198 0.003568 0.000748 0.02946798 0.02172196 0.000727 0.07225746 0.06711615 0.028276 0.015072 0.113399 0.0142946 0.019996 0.015111 0.041487 0.000597 0.05871192 0.03568149 0.05685991 0.02263713 0.5206442 0.1378907 0.061583 0.0034 0.01001759 0.02525496 0.0578632 0.01681069 0.03072288 0.02617402 0.04040992 0.1274245 0.1563096 0.05101334 0.1021793 0.202521 0.02989493 0.1222665 0.1826498 0.0362 0.001798029 0.03527849 0.1276198 0.05978987 0 0 0.003597965 0.01326701
0.0052 0.0457 0.03808972 0.09206364 0.04498591 0.07216267 0.113734 0.02661167 0.010061 0.006502 0.03261632 0 0.004089353 0.009964978 0 0.003469051 0.002178 0.01992996 0.02644898 0.03501216 0.036045 0.001553 0.000294 0.004851 0.000932 0.00766 0 0.001208 0 0.016331 0.02491496 0.015572 0.01809234 0.01061 0.038689 0.003047 3.2e-005 0.001838 0.04114964 0.005513013 0.01502914 0.114474 0.02855288 0.04757198 0.01992996 0.01138037 0.01908698 0.03433896 0.000675 0.002224 0 0 0.04240811 0.05253447 0.1763239 0.01269478 0.009888814 0.0007628906 0.2583266 0.005750038 0.02290444 0.1688472 0.1777781 0.1865456 0.02041998 0 0 0.009964978 0
0.01053663 0.014496 0.009964978 0.01070383 0.00158 0.1205611 0.01776806 0.09918265 0.03506453 0.04905 0.002616612 0.02316096 0.000528 0.009964978 0 0.009964978 0.010316 0.02960412 0.03689983 0.02054798 0.01162898 0.030681 0.01782 0.001386 0.02332496 0.01374316 0.001632056 0.05956182 0.000132 0.005994 3.4e-005 0.071348 0.006336 0.0088 0.000668 0.009924 0.003072 0.012503 0.006112 0.02024696 0.01896279 0.03511598 0.03761907 0.01067898 0.06975485 0.008992 0.030578 0.010654 0.081 0 0.0427861 0.01067093 0.009570573 0.02034236 0.01383456 0.1735483 0.1210776 0.2303506 0.1999082 0.1509198 0.2803877 0.1801151 0.2873285 0.2260505 0.2022242 0.1963724 0.2429102 0.007923777 0.01706498
0.0305667 0.02379722 0.03013227 0.042974 0.006469 0.03191084 0.036956 0.009964978 0.03509854 0.0002 0.007338 0.022257 0.002585 0 0.06694296 0.0254 0.001287 0.04370798 0.03500585 0.02839992 0.01983202 0.01629398 4.8e-005 0 0.009964978 0.006186795 0.008 0.009993 0.003649 0.03792275 0.020078 0.05445996 0.006301 0.01216558 0.0217584 0.01037298 0.004954 0.007081 0.013286 0.004443 0.025115 0.02775598 0.02497791 0.01427698 0.02277996 0.0341649 0.06457195 0.03487696 0.100089 0.01174793 0.0183088 0.03079409 0.01471698 0.002672 0.03985991 0.02398502 0.02208013 0.1578337 0.008785703 0.1402387 0.0076264 0.05781651 0 0.000207 0 0 0.0541889 0.1326818 0
0.04560069 0 0.02440262 0.02 0.00396 0.008424 0.03798896 0.010755 0.000204 0.05709494 0.06089908 0.01570009 0 0.0743087 0.02210911 0.027452 0.009922 0.05148689 0.01500398 0.002957 0.043967 0.02105196 0 0 0.026253 0.025987 0.01526498 0.02757196 0.04856298 0.02415061 0.03763656 0 0 0.013008 0.01808198 0.001398753 0.0003 0 0.03457634 0.05700464 0.03003798 0.043149 0.020814 0.021681 0.06134798 0.02833104 0.004879 0.04591698 0.06086898 0.07296802 0.04939396 0.04193 0.01153098 0.000953 0.000254 0.01142998 0.0223544 0.065326 0.01304 0.0109 0.03907 0.04262083 0.03043402 0.0140555 0.159744 0.006343127 0 0.04604407 0.1866329
0.04188698 0 0.03982996 0 0 0 0 0.00135 0.0107 0.007528 0.09230404 0.05027555 0.006438 0.000308 0.023748 0.000716 0.011794 0.02793498 0.031454 0.01980898 0.01786 0 0 0.004592 0.02215198 0.074879 0.016155 0.003051 0.003091 0.000197 0.005127 0.0046 0.036312 1.1e-005 0.02800998 0.03559221 0.024198 0.004849699 0.039174 0.186837 0.02843393 0.03313798 0.022619 0.00637 0.035963 0.052377 0.02492 0.009676 0.03882073 0.01100416 0 0.044939 0.017996 0 0.000495 0.005086042 0.02646245 0.0529 0.023055 0.029433 0.03692898 0 0.06240287 0.02190398 0 0 0.004490745 0.02540419 0.003726758
0.001575 0.001485 0.01097 0 0.01366498 0.01088298 0.012142 0.053572 0.01218798 0.0053 0.1617249 0.01418949 0.007529194 0 0.003738 8.4e-005 0 0.03970796 0.010165 0.016091 0.01810231 0.07967074 0.05106791 0.007464 0.011656 0.004973 0.021837 0.002742 0.002069 0.002619 0 0.007178 0.000107 0.004644 0.00017 0.02617296 0.02448396 0.08275124 0.066063 0.067333 0.03167303 0.02649598 0.01165 0.000206 0.025962 0.004588 0.00134 0.01653785 0.01054612 0.012126 0.024565 0.04296298 0.08757998 0 0.007557 0 0.000512 2.4e-005 0.01226898 0.02173898 0.004356 0.02059359 0.0046 0.009950151 0.01212928 0.008592525 0.0269 0 0.01154898
0.0179 0.003648 0.02706498 0.09964979 0.009964978 0.00176 0.00693756 0.007835418 0 0 0 0.01992996 0.09715071 0 0 0.02122596 0.002117 0.012432 0.002419 0.03258289 0.05211075 0.020156 0.02595696 0.001545 0.014316 0.001684 0.008879 0.008007 0.009783 0.005498 0.001332 0.02717298 0.003402 0.01348652 0.005776457 0.03020298 0.021559 0.000993 0.001351 0.01162898 0.09327683 0.026418 0.04857894 0.01121798 0.0240238 0.007371 0 0.03667093 0.007595 0.000658 0.04302096 0.013749 0.0008907497 0.01960021 0 0 4.3e-005 0.03410196 0.006324 0.0044 0.02405698 0.05950135 0.0201 0.099218 0.01516187 0.02989493 0.01010498 0.03422996 0.0008
0 0.02083927 0.000324 0.03939201 0.005329994 0.01217498 0 0 0.007732647 0.01219731 0.04644741 0.0503815 0.01772071 0.01662527 0.00333132 0.02669598 0.006413 0.006922 0.001638 0.009964978 0.01262205 0 0 0.012969 0.010098 0.01860998 0.007488 0.012487 0.006984 0.015691 0.009212 0.04320494 0.009604 0.000244 0.01261 0.01704898 0.000181 0.021072 0.000702 0.01926498 0.04044596 0.03040096 0.006633 0.01514698 0.02132516 6.7e-005 2e-005 0.01865398 0.003965 0.01517802 0.03746498 0.006468 0 0.006074 0.01606498 0.002842946 0.01203828 0.03757967 0.01526498 0.0284 0.005549401 0.05736498 0.0661 0.105109 0.07051009 0.007715 0.004416 0.0032 0.02587596
0.004482291 0.02942162 0.01671898 0.01121199 0.005525947 0.00462 0 0.0101 0.0004 0 0 0.03869671 0.03105814 0.002620008 0.002127354 0.036453 0.01691 0.025298 0.012634 0.004839 0.01446791 0.009964978 0.01752798 0.010723 0.005734943 0.01161804 0.029505 0.005165 0.000653 0.001475 0.01921905 0.01649886 0.01313298 0.01052098 0.017266 0.001278 0.007407 0 0 0.0365 0.07148698 0.001432 0.02127609 0.019477 0.000184 0.009183899 0.0007810795 0.001553 0.010577 0.003534954 0.01362798 0.01718898 0.042125 0.01360744 0.034335 0.003518 0.063191 0.012788 0.02557596 0.009964978 0.03567753 0.137557 0.01497143 0.03763253 4e-005 0.000513 0.0083 0.03002401 0.01569098
0.009242687 0.04892998 0.0052 0.0237 0.0034 0.0248 0.01055298 0 0 0.03931622 0.06416859 0.02780101 0.009964978 0.006 3.603735e-005 0.01506594 0.01109072 0.009567239 0.03837242 0.03995398 0.004726 1e-006 0.000708 0.01257 0.004567969 0 5.9e-005 0.005685 0.01222398 0.00474 0.02364903 0.000297 0.018344 0.094371 0.003 0.015939 0.009924 0.07971994 0 0.03643636 0 0.01929998 0.05034689 0 0.001151 0.05314182 0.01015298 0.01805298 0.0111961 0.01968984 0.01992996 0.004998 0.02463 0.06194251 0.01794798 0.019888 0.012154 0.004887 0.01016498 0 0.03729494 0.150693 0.04902798 0.013429 0.009052 0.008912 0.06904898 0.03164489 0.000358
0.07329473 0.01786525 0.044164 0.0007864734 0.003069 0.008864 0 0 0.06416459 0.07038173 0.01992996 0.172865 0.06803779 0.02576097 0.009964978 0.03151398 0.03769 0.02991894 0.0290905 0.006949 0.029886 0 0.01806 0.015569 0.02749401 0.002732 0.01788898 0.02457898 0.02768046 0.003463 0.062165 0.02585598 0.015071 0.05063298 0.025283 0.00422 0.01416498 0.004457243 0.025765 0.03116658 0.0006 0.02778 0.006598 0.001944 0 0.02054311 0.01646403 0.000411 0.01560598 0.01075898 0.0043 0.03486098 0.020506 0.02263102 0.06927203 0.02421498 0.020709 0.001491 0 0 0.03216698 0.06875798 0.012207 0.02227698 0.006395 0.04571196 0.01002798 0.05486498 0.000245
0 0.0154 0 0.05613842 0.012276 0.006336 0 0.08593779 0.01392146 0.001396899 0.02417798 0.347187 0.02231577 0.006138982 0.02123396 0.04631 0.0015141 0.02644688 0.010077 0.002904 0.000272 0.009964978 0.02794196 0.03585396 0.01062598 0.005521608 0.03729 0.06007 0.01454352 0.01862155 0.017938 0.009807 0.023386 0.05309496 0.005247 0 0 0.02109172 0.01456099 0.013 0.012869 0.017607 0.02198796 0.07713 0.005035 0.012196 0.06615291 0.00079 9.6e-005 0.001467 0.01268598 0.08415416 0.002128 0.031848 0.004268873 0.01016698 0.01067098 0.008727 0.027793 0.046215 0.08679498 0.01110798 0.05480096 0.049521 0 0.009953 0.009738455 0.07121038 0.03334306
0.009964978 0.009964978 0.01345898 0 0 0.000155 0.000229 0.1889025 0.0693489 0 0.000192 0.009964978 0.00473 0.000795 0.008716612 0.01011198 4e-006 0.01 0.01266498 0 0.007253 0 0.1701788 0.02131975 0.011161 0.01694137 0.04583298 0.071499 0.019327 0.02117641 0.024257 0.005982 0.005726 0.04937596 0.0534 0.0213 0 0.0096 0.0014 0 0.3664117 0.1301288 0.01003847 0.04646524 0.09371 0.001782 0.022943 0 0.02150398 0.028423 0.010471 0.02104874 0.02830206 0.004377 0.000857 0.009964978 0.009964978 0.000433 0.002738 0.000384 0.009964978 0.01554498 0.048756 0.019535 0.01004098 4.2e-005 0.004214 0.02219907 0.02539358
0.0346 0.0435 0.00145 0 0.035134 0.0096 0.02490802 0.03263598 0.0279 0 0.013789 0.013796 0.0096 0 0.02398423 0.07400005 0.03290466 0.09592126 0.011307 0.009992979 0.01992996 0.001075 0.030587 0.007588 0.000292 0.000274 0.000558 0.000168 0.00091 0.000786 0.007918 0.032409 0.01564 0.012 0.01896498 0.000497 0.02224207 0.002322912 0.000314 0 0.2363393 0.008058689 0.03032059 0.1092395 0.022104 0.01190298 0.008913315 0.012078 0.02328898 0.02571341 0.04113149 0.01758 0.011617 0.010413 1e-005 0 0.00477 0.026055 0.03044 0.020678 0.004062 0 0.02259 0.008513 0.007425 0.006284 0.002085 0.01548707 0.005634195
0.0219 0.0029 0.0004 0.01302798 0.01233 0.0119 0.2299535 0.0590749 0.05161086 0 0.01341394 0.094649 0 0.01339498 0.02127598 0.017571 0.031448 0.01993196 0.02593758 0.03266232 0.01001398 0.001316 0.006624 0.002951 0.009964978 0 0 0.015094 0.01208312 0.011437 0.050081 0.027978 0.001852 0.02175498 0.0079 0.021285 0.01038898 0 0 0.0019 0.004038 0.007807 0.001236 0.01036604 0.009964978 0.01992996 0.008674663 0.002475 0 0 0.000902 0.004168 0 0.000462 0.009964978 0 0.005758 0.000187 0.000476 0.009796 0.02260098 0.08414762 0.03108432 0.005667 0.002528 0.012719 0.036595 0.06471594 0.01032
0.009964978 0.004591 0.034705 0 0.02151 0.03610775 0.1200509 0.009964978 0.05427618 0.258803 0.2825158 0.091 0 0 0.002226 0.02295798 0.003235 0 0.05035992 0.0084 0.01202698 0 0.003453 0.008344 0.03842398 0.001657 0.004233935 0 0.02583444 0.004190924 0.05885733 0.001391 0.007389 0.03101898 0.012143 0.01990498 0 0.02334196 0.001514 0.006381 0.00297 0.01432098 0.01889898 0.0009219282 0.01952403 0 0.01130991 0.01881902 0 0 0 0.0021 0.003114 0.01097998 0 0 0 0.0232 0.019517 0.003769 0.003151 0.037172 0.013173 0.02909796 0.003114 0.000742 0.01261049 0.002938489 0.000252
0.004535 0.029285 0.054311 0.004606 0.02571429 0.04129937 0.02002843 0.009640366 0.5006772 0.4069031 0.06518096 0 0 5.6e-005 0.05265 0.008941 0.000126 0.01139 0.00014 0.0081 0.007461 0 0.000756 0.002267 0.006912 0.008424 0.04568496 0.03985991 0.02614339 0.006292502 0.1998566 0.03144098 0.01995598 0.029624 0.010704 6.6e-005 0.02192101 0.01004307 0.008075 0.008611 0.02080598 0.023207 0.004960842 0.02159411 0 0.02989493 0.003303 0.000696 0.00082 0.009997979 0.000389 0.001056 0.02579096 0.01694098 0.01278167 0.006055313 0.009964978 0 0.003472 0.00846 0.008585204 0.02919596 0.003033 0.01050598 0 0 0.04982489 0 0.077223
0.026352 0.012138 0.00049 0.01092798 5.9e-005 0.02123803 0.02114601 0.01969211 0.009964978 0 0 0 0.006113 0 0.004116 0.013593 6.2e-005 0.000113 0.003201 0.061119 0.007302 0.000109 0.007748 0 0 0 0.04624396 0.01007698 0 0.000741 0 0.016896 0.00566 0.01451898 0.005585913 0.02031598 0.009945879 0.000255 0 0.014449 0.012325 0.02576818 0.03863574 0.116906 0.01090698 0 0.009964978 0.02989493 0.000607 0.014965 0.023135 0.03942198 0.006625 0.003 0.002563 0.07293294 0.1291827 0.004832 0.049384 0 0.004996774 0.026599 0.01279098 0.001076 0 0.035032 0.01329298 0.03689397 8.4e-005
0.012162 0.01993996 0.04395992 0.0056 0.0045 0.001767 0.3576279 0.02091691 0.01001498 0.001256 0.01148198 0.00084 0.01030869 0.00842 0.004098 0.00991 0.013797 0.009948 0.001203 0.034781 0.039191 0.002137 0.003672 0.0146 0 0.04906651 0.07183295 0.007667 0.02335196 0.00826 0.001063 0.084899 0.083848 0.03108294 0.01006107 0.015765 0.010554 0.011823 0.006148 0.00067 0.108146 0.025119 0.012476 0.008581 0.03063298 0 0 0.01596602 0.09650203 0.008617 0.018519 0.02648198 0.005133104 0.01831098 0.00138 0.006466 0.07439094 0.000362 0.021388 0.000475 0.004206 0.026988 0.016785 0.02173896 0 0.0997192 0.023988 0.04125297 0.01271898
0.09933873 0.02160413 0.01661898 0.004982 0.04942037 0.03057446 0.03225276 0.001095 0 0.0015 0.001826 0.00109 0.06183517 0.002707 0.006861 0.018624 0.045741 0.047893 0.01662712 0.04669096 0.013051 0.01137598 0.000128 0 0.0169532 0.02666343 0.05298896 0.049455 0.1556077 0.07614595 0.056859 0.001436 0.02836819 0.00195275 0 0.003636 0.000638 0.008969 0.033496 0.006648 0.002939 0.001607 0 0.01032 0.01655098 0 0.000376 0.001523114 0.1184943 0.00624 0 0.003247381 0.01067149 0.005761 0.03652439 0.03979757 0.013601 4e-006 0.0056 0.0085 0.002752 0.012806 0.024097 0.009964978 0.01992996 0.09114448 0.006926997 0.000739 0.012741
0.01046386 0.0053 0.000249 0 0.0098 0 0.06282885 0.04791289 0.009964978 0 0.005518 0.01295198 0.022044 0.01612098 0.00738 0.016762 0.034396 0.014496 0.008827836 0.02930898 0.018087 0.002155 0.001958 0 0.08470658 0 0.01138298 0.005695834 0.000518 0.067557 0.006949 0.000176 0 0.002674438 0.01764 0 0.009964978 0.005845022 0 7.7e-005 0.01059698 0.02171196 0.000573 0.018229 0.008009 0 0 0.009504 0 0.000282 0.02045035 0.01568961 0.000681 0 0.01474298 0 0.01135278 0.008577176 0.017108 2.1e-005 0.001512 9e-006 0.001999 0.000752 3e-006 0.018185 0.007244 0.0170719 0.01220735
0.00031 0 0 0.01367898 0.010701 0.001255 0.017197 0.009964978 0 0.004005 0.023703 0.02182321 0.011372 0.021778 0.00015 0.000367 0.03294814 0.1425365 0.02052898 0.009628 0.005206 0.0059 0 0.03909678 0.06648903 2.8e-005 0.02018873 0.07618739 0 1.2e-005 0.00294 0.02330498 0.009964978 0.007334541 0 3.9e-005 0.01000298 0.06649783 0.001061 0.090566 2.5e-005 0.003581 0.000906 0.005643 0.006846 0 0.06294791 0.060915 0.00186 0 0.000234 5.2e-005 0.01237756 0.03855055 0.00212 0.03372096 0 0.004837 0.008586 0.001733 0.004206 0.001439 0.001516 0.000224 0.000695 0.053057 0.042508 0.031763 0.004394
0.03192796 0.009964978 0 0.0003276217 0.02655433 0.001862 0.01006898 0.01992996 0.02079834 0.1110768 0.001568 0.01368474 9e-006 0.003329 0.01370198 0.001126 0.000517 0.005781 0.01328 0.003128 0.001453 0 0.000498 0.03618396 0 1.3e-005 0.09713 0.29554 0.001867 0 0.00565 0.005206 0 1.8e-005 0.014966 0.005485 0.02068936 0.02971954 0.003099 0.041021 0.0039 0.01059598 0 0.065741 0.02009596 0 0.001996 0 0.00266 0.000113 0.000604 0.01054098 0.003667804 0.017872 0.061119 0.058 0 0.00106 0.000147 0.007173 0.07658598 0.026418 0.04107291 0.03606698 0.009548 0.00013 0.003318 0.041877 0.0164698
3.6e-005 0.00541 0.002527 0.001222 0.029838 0.033985 1.1e-005 0 0.00362897 0.008215628 0.004867 0.0001 0.001989 0.004062 0.001416 0.0146371 0.014514 0.007833 0.018573 0.011688 0.002182 0.011178 0.003336 0.008126 0.023262 0.006594 0.011868 0.010131 0 0.003201 0.01606398 0.001037 9.7e-005 0.004346 0.004853 0.056905 0.03087494 0.000688 0.012508 0.044977 0 0.0045 0 0.001344 0.000522 0.009964978 0.022202 0 0.00268 0.008044 0.010948 0.008675 0.005341 0.074452 0.018014 0 0.00022 0.006644331 0.02346661 0.003764 0.01008298 0.007863 0.029114 0.031161 0.037366 0.01010706 0.000755914 0.009964978 0.01637613
0.003293 0.01268398 0.001529 0.002456 0.009125 0.000183 0.1407394 0.00281 0.01093198 0.000198 0.001587 0.01366798 0.001329 0 0.07758737 0.2441372 0.015731 0.021698 0.058963 0.015371 0.06556553 0.01701135 0.003864 0.01354298 0.049247 0.003215 0.001869 0.006593 0.002091 0.01442 0.011877 0.008651 0.003565 0.021363 0.002317 0.009964978 0.000149 0.008001 0.007177 0 0.009964978 0 0.000258 0 0 0.00418 0.000405 0.0121824 0.01596456 0.005688 0.0007 0.007023 0.01254303 0.008593944 0.000112 0.00018 0.001994 0.008635 0.003945 0.000288 0.009964978 0.0054 0.000801 0 0.001992 2.8e-005 0.004193184 0.03049096 0.002984
0.0608849 0.000612 0.000572 0.02112896 0 0.003579 0.09969404 0 0.003148 0.009964978 0.000722 0 0.0001 0.02079096 0.007114223 0.005628456 0.000877 0.010085 0.006296 0.03191 0.01694998 0.007497 0.005738 0.012097 0.011156 0.007325 0.012508 0.000651 0.003362 0.018676 0.008636 0.004392 0.007534 0.002273 0 0.001053 0.04922093 0.002252448 0.008704531 0.010433 0.010476 0.0008327002 0 0 0.0006 0.0009 0.01125798 4.6e-005 0 0.04740294 0.01864198 0 0.000832 0 0.00068 0.012306 0.005337 0.016081 4.2e-005 0.013505 0 0.000992 0.027904 0 0.00434 0.01836398 0.005771794 0.003923 0.012084
0 0.0013 0.01041498 0.000108 0 0 0 0.001996 0.0043 0.000392 0.001298 0.005168 0.003794 0 0.0008 0 0.006176 0.006223 0.00065 0.018353 0.00219 0.001782 0.02207575 0.02337398 0.009555 0.004193 0.006058 0.001032 0.000374 0.004746 0.001184 0.017804 0.000624 0.002346 0.005426 0 0.003756 0.01216705 0.010201 0.041991 0.000492 0.009132278 0 0.009964978 0.0014 0.0018 0.008739 0.025878 0.006726 0.002297 0.005445 0.007059 0.005634 0.00138 0.013348 0.003164 0 0 7e-005 0.004834 0.006015 0 0 0 0.02688598 0 0 0 0.005808
5.4e-005 0.003132 0.001597 0.03271856 0.01743033 0.003168 7.2e-005 0.02060996 0.000195 0.000528 0.01035598 0.000744 0 0.013597 0 0 0.008632 0 0.000679 0.013772 0.009234 0.013219 0.01861421 0.018327 0.014459 0.015389 0.004792 0.005031 0.009635 0.000579 0.002995 0.011612 0.001301 0.003907 0.006699 0.00015 0 0.01813289 0.002391 0.01499998 0.009964978 0.009964978 0.01015 0.085938 0.005135 0.005186 0.008387 0.002236 0.011972 0.008019 0.001728 0.01308998 0.009204 0 0.002443 0.009964978 0 0 0.004409 0 0.005553 0.004972 0.02476598 0.013584 0.001824 0.014596 0.009999 0.000199 0.008876
