EnvRasters/Baseline_Low/other.asc
ncols         270
nrows         223
xllcorner     24099.479091542
yllcorner     21023.840179216
cellsize      1003.8986847201
NODATA_value  -9999
[rows 30 to 59 of 223, columns 0 to 68 of 270]
-9999 -9999 -9999 -9999 -9999 -9999 -9999 -9999 -9999 -9999 -9999 -9999 -9999 -9999 -9999 -9999 -9999 -9999 -9999 -9999 -9999 -9999 0.067007 0.2803039 0.09195934 0.360435 0.5061384 0.422651 0.03523551 0.124645 0.04109338 0.09829094 0.112765 0.009964978 0.018955 0.026646 0.113897 0.0685 8.6e-005 0.037366 0.002253 0.04407896 0.02781389 0.1512317 0.03128742 0.3297195 0.01485998 0.02981822 0.06512934 0.08374753 0.112812 0.015089 0.029083 0.113313 0.108993 0.067043 0.04503 0.019878 0.007458 0.01652093 0.1300312 0.1452181 0.1544276 0.02072156 0.08849 0.010072 0.031589 0.001376 0.030943
-9999 -9999 -9999 -9999 -9999 -9999 -9999 -9999 -9999 -9999 -9999 -9999 -9999 -9999 -9999 -9999 -9999 -9999 -9999 -9999 -9999 0.2463992 0.1827513 0 0.07289891 0.132433 0.2575968 0.09604497 0.2386103 0.05551003 0.01162557 0.0084 0.0598 0.03 0.02660298 0.064154 0.045566 0.09078696 0.036934 0.019 0.03690374 0.0891958 0.026389 0.03365383 0.02475467 0.1100718 0.1156152 0.03742469 0.01992996 0.01316698 0.035621 0.03150798 0.000151 0.048202 0.126004 0.055085 0.0088 0.06414 0.07103498 0.08274798 0.022291 0.03628594 0.1473843 0.05649889 0.08075535 0.035456 0.041217 0.03718198 0.051245
-9999 -9999 -9999 -9999 -9999 -9999 -9999 -9999 -9999 -9999 -9999 -9999 -9999 -9999 -9999 -9999 -9999 -9999 -9999 0.03889004 0.2484803 0.1265304 0.00269 0 0.01992996 0.002866003 0.0300302 0.01808796 0.02871532 0.1570589 0.1111545 0.04444107 0.02021996 0.083921 0.038782 0.000612 0.029162 0.036484 0.1583738 0.07897364 0.1157651 0.1035973 0.08064313 0.07623924 0.0953376 0.02292055 0.09175144 0.0078667 0.08490556 0 0.0159 0.0071 0.01059298 0.06852489 0.04850995 0.06493798 0.03642998 0.036487 0.070094 0.009834 0 0.016944 0.01347094 0.03560854 0.1008046 0.06350577 0.02685098 0.029337 0.049977
-9999 -9999 -9999 -9999 -9999 -9999 -9999 -9999 -9999 -9999 -9999 -9999 -9999 -9999 -9999 -9999 -9999 -9999 0.1786624 0.1320886 0.009934263 0.04316762 0.07943845 0.009080254 0 0.01994926 0.1288231 0.07155413 0.01214821 0.05963909 0.05860292 0.04691465 0.0889866 0.03327996 0.09738516 0.09712709 0.07602124 0.07493185 0.05304706 0.08381192 0.135773 0.167941 0.03894798 0 0.02487666 0.03937927 0.06545392 0.01650389 0.03847418 0.01992996 0.02989493 0.0327598 0.03218969 0.04504496 0.011333 0.03587396 0.08059493 0.05717 0.032827 0.05190694 0.01054098 0.0382341 0.011433 0.02301396 0.005810996 0.02427467 0.0377646 0.02821374 0.001664
-9999 -9999 -9999 -9999 -9999 -9999 -9999 -9999 -9999 -9999 -9999 -9999 -9999 -9999 -9999 -9999 0.009964978 0.0780417 0.1099375 0.01750598 0.09296587 0.058054 0.04959047 0.0236617 0.045009 0.06885306 0.07925891 0.03154683 0.07504071 0.006791979 0.1195506 0.09153233 0.097718 0.02293498 0.009964978 0.03253778 0.0134192 0.086002 0.193253 0.08422098 0.07471598 0.08304498 0.01435807 0.01121192 0.006401828 0.1393361 0.09955753 0 0 0.00822 0.01154798 0.05433597 0.1288361 0.009922801 0.098843 0.05116098 0.040231 0.093181 0.01273 0.01976498 0.04148 0.01990881 0.024304 0.01018898 0.01102198 0.007004 0.06343687 0.01516722 0.06103596
-9999 -9999 -9999 -9999 -9999 -9999 -9999 -9999 -9999 -9999 -9999 -9999 -9999 -9999 -9999 0.1047255 0.1569077 0.02041996 0.152966 0.06303998 0.120286 0.068053 0.08286498 0.06291096 0.1648567 0.1477472 0.02407015 0.07623167 0.02065098 0.01163116 0.01170161 0.04051 0.033739 0.055282 0.11536 0.055079 0 0.09732383 0.1328029 0.047734 0.009964978 0.000581 0.004081164 0.001779778 0 0.02518028 0.07805917 0.009964978 0.01756598 0.03656162 0.09593926 0.137207 0.03046996 0.115405 0.114962 0.014284 0.040813 0.015276 0.05435098 0.03303 0.042597 0.007252 0.07671498 0.06413 0.028632 0.05776798 0.1594809 6.9e-005 0.007375208
-9999 -9999 -9999 -9999 -9999 -9999 -9999 -9999 -9999 -9999 -9999 -9999 -9999 0.05642831 0.1124263 0.1722508 0.06056498 0.050118 0.051556 0.004900523 0.03197296 0.06438392 0.08243994 0.06590996 0.06264624 0.06555771 0.004643061 0.114131 0.02802441 0.02717596 0.03527543 0.2445442 0.03214835 0.3619273 0.09708153 0.1019058 0.04688098 0.226483 0.01568498 0.03482994 0.07117 0.00028 0.03481698 0.01992996 0 0.04261162 0.1079294 0.002921713 0.02106498 0.120579 0.045805 0.025062 0.016954 0.03005498 0.080481 0.00401 0.022059 0 0.00232 0.00732 0.01724 0.003 0.1000191 0.085035 0.070121 0.077208 0.1270874 0.0331415 0.02251973
-9999 -9999 -9999 -9999 -9999 -9999 -9999 -9999 -9999 -9999 -9999 0.03989661 0.2942082 0.4892912 0.01026498 0.10631 0.010872 0.05707322 0.05436417 0.1544744 0.012643 0.0524 0.01975 0.04137542 0.04578084 0.0465 0.0294 0.0092 0.009316524 0.1164499 0.07430691 0.02924998 0.065924 0.06745798 0.06035598 0.06992016 0.06090398 0.1367169 0.01911 0.04951298 0.09451181 0.06122498 0.044123 0 0.06746498 0.06522194 0.1583418 0.08266506 0.02123673 0.06525525 0.036427 0.017718 0.018034 0.01992996 0.004216 0.077226 0.062409 0.02874391 0.001983771 0.000913 0.013308 0.010426 0.0008257538 0.0016 0.03166798 0.010643 0.00548 0.1215919 0.000801
-9999 -9999 -9999 -9999 -9999 -9999 -9999 -9999 -9999 0.005302032 0.1754825 0.5811518 0.2095092 0.03901366 0.05152192 0.07287236 0.09373108 0.06257887 0.01928298 0.017828 0.008066 0.03435496 0.012161 0.009773 0.05639613 0.08009491 0.01105385 0.007011128 0.0008 2.2e-005 0.06873083 0.1558285 0.0723776 0.034247 0.05896089 0.03300398 0.113981 0.112619 0.067097 0.047658 0.01299698 0.08419874 0.05933418 0.09393247 0.05936998 0.03766812 0.01216498 0.09833971 0.1970813 0.08059098 0.153371 0.053251 0.029637 0.08497698 0.111549 0.08876796 0.000928 0.04327497 0.0382303 0.02465298 0.024874 0.000197 0.0179581 0.01947398 0.02078896 0.06727093 0.010532 0.05302318 0.04932295
-9999 -9999 -9999 -9999 -9999 -9999 -9999 -9999 0.165544 0.371034 0.0940496 0.4397775 0.3557404 0.00595 0.1516563 0.1826896 0.02863256 0.008142 0 0.099224 0.003558 0.030082 0.010129 0.00857 0.06921739 0.1292816 0.01036098 0.01992996 0.09186498 0.04951996 0.07287508 0.1999469 0.1581948 0.09038 0.071591 0.09707198 0.1118438 0.05084094 0.001251 0.024318 0.030344 0.013728 0.026518 0.005895399 0.06154409 0.1246737 0 0.06674028 0.1986995 0.08714666 0.0549234 0.059252 0.036378 0.001256 0.06702396 0.083906 0.065221 0.028565 0.108391 0.06264698 0.01155498 0.1185972 0.004989819 0.1957536 0.1073977 0.009964978 0.007467 0.019728 0.04008225
-9999 -9999 -9999 -9999 -9999 0.0508422 0.2332157 0.3708793 0.6583432 0.2853173 0.09827669 0.01544413 0.2055296 0.3312151 0.3936805 0.06184641 0.0108414 0.05984914 0.02098859 0.02878198 0.02207812 0.121059 0.040781 0.01719598 0.058966 0.057875 0.06069791 0.028906 0.0447 0.06791998 0.129752 0.07757698 0.119666 0.033646 0.07503698 0.04722198 0.06919695 0.104474 0.01768898 0.001863 0.058089 0.05627598 0.052805 0.04107498 0.125937 0.06841105 0.000647 0.03310646 0.02611198 0.131405 0.1518706 0.1729132 0.2134579 0.04740651 0.06817487 0.032307 0.036031 0.029909 0.03026799 0.023057 0.03790425 0.3279715 0.08080126 0.1349289 0.05832592 0.01686498 0.01965298 0.000983 0.06276188
-9999 -9999 -9999 -9999 0.1744412 0.8199846 0.6304321 0.2540807 0.4128062 0.1899394 0.03720396 0.017128 0.06733479 0.1077222 0.09077385 0.1452118 0.05670737 0.01771312 0.01546598 0.022675 0.03525884 0.01557998 0.1049172 0.1094636 0.0821 0.122349 0.003455 0.01721 0.04132196 0.077671 0.1331809 0.025662 0.010951 0.085057 0.033031 0.3013914 0.1320874 0.08253598 0.140857 0.03523498 0.026138 0.006504 0.08326484 0.04764402 0.022188 0.04703743 0.000458 0.04349639 0.06122376 0.09334 0.053344 3.3e-005 0.004939205 0.1545729 0.1720761 0.121364 0.08969 0.05934098 0.01049298 0.02190894 0.0201267 0.1675646 0.03700192 0.050074 0.03836798 0.028819 0 0 0.04323546
-9999 -9999 0.08362399 0.2325216 0.03007141 0.520027 0.5673365 0.02864802 0.06083221 0.06417054 0.01222 0.06875593 0.1261018 0.06852059 0.01085 0.02166951 0.1484887 0.08023456 0.03327798 0.029261 0.00384 0.009169 0.000297 0.152271 0.09724896 0.089235 0.08036695 0.05916298 0.044086 0.102841 0.039664 0.077197 0.050373 0.097021 0.016447 0.04440109 0.04936098 0.1052125 0.06029943 0.032203 0.04391934 0.01808362 0.01147798 0.04526794 0.007821 0.03247346 0 0.001185 0.1274882 0.09144089 0.1161749 0.02368803 0.01850641 0 0.2445867 0.1490196 0.1023644 0.025624 0.010414 0.02781001 0.05604198 0.0013 0.060081 0.002721 0.032103 0.004261 0.000444 0.009635 0
0.07434198 0.2888792 0.3792361 0.1515186 0.3949688 0.19795 0.08925746 0.026797 0.07075119 0.1032969 0.1819699 0.059918 0.05804994 0.000322 0.003348 0.09770259 0.001435 0.05147592 0.001289856 0.001383 0.016126 0.047632 0.044257 0.045773 0.113736 0.064209 0.056991 0.04851241 0.1272546 0.165663 0.05996292 0.168437 0.134903 0.046949 0.008892 0.1053589 0.03062896 0.081148 0.012774 0.13193 0.029184 0.065243 0.058807 0.08317098 0.030021 0.041399 0.043299 0.03183076 0.09040147 0.125146 0.01227398 0.07636695 0.02485585 0.06505992 0.042136 0.01234 0.07369663 0.09899128 0.04539227 0.04635198 0.018393 0.04277798 0.058435 0.002477 0.011956 0.027764 0.000678 0 0
0.359154 0.09669829 0.3876288 0.1395111 0.2172128 0.1462177 0.1681288 0.08872887 0.08461161 0.067227 0.020304 0.023458 0.09726196 0.004787 0.016546 0.03255227 0.02526748 0.1687052 0.0254451 0.03754996 0.070418 0.161886 0.056776 0.08976591 0.09809 0.019872 0.205313 0.08433998 0.204306 0.09345498 0.03932504 0.050983 0.056726 0.029296 0.09044 0.090972 0.162863 0.02316498 0.105362 0.040889 0.085704 0.046575 0.03888 0.05496898 0.04761191 0.100577 0.125944 0.07950436 0.04878251 0 0 0.03451094 0.07767298 0.042635 0.049554 0.02946498 0.005177 0.09408155 0.09533808 0.07676603 0.06747427 0.1284745 0.09294523 0.05150403 0.07490796 0.025725 0.0631 0.0198 0.04464196
0.596911 0.2157059 0.3009501 0.02715725 0.0857422 0.2676182 0.09020512 0.06631651 0.030482 0.002258 5e-006 0.087705 0.1062981 0.08997381 0.02582398 0.08992429 0.01030579 0.03084606 0.1288403 0.1447249 0.001414 0.027968 0.087639 0.1220176 0.1305114 0.1914 0.107342 0.185501 0.128337 0.111046 0.089222 0.009061 0.077023 0.098372 0.030967 0.01604098 0.096034 0.005735 0.128587 0.066112 0.168543 0.035675 0.094512 0.05173709 0.02305776 0.130652 0.153214 0.07787679 0.03040574 0.01900421 0 0.002124 0.03602938 0.127585 0.009686 0.018 0.020283 0.000451 0.05110237 0.06413095 0.0093 0.032549 0.03727983 0.03241033 0.06233845 0.03684463 0.092567 0.03716 0.01764433
0.2506212 0.07241872 0.01560029 0.066729 0.041835 0.002854 0.02918315 0.01671733 0.026121 0.023457 0.012194 0.04682196 0.07663896 0.057394 0.059675 0.01474098 0.001592573 0 0.06317517 0.05331768 0.016259 0.02648498 0.08368298 0.1215208 0.1473842 0.20241 0.299854 0.136115 0.122459 0.112294 0.094363 0.028616 0.0886 0.144844 0.074746 0.02665081 0.05647917 0.045382 0.053906 0.111565 0.103051 0.060737 0.09119298 0.118479 0.023527 0.040707 0.077882 0.09534997 0.0526 0.058385 0.032269 0.02363998 0.01811059 0.09256569 0.06570327 0.076935 0.01226 0.018046 0.121433 0.017668 0.0128 0.01019898 0.001864 0.002365 0.06462485 0.08629164 0.09553821 0.05940598 0.06637134
0.2826931 0.1305781 0.04560296 0.1220839 0.1032378 0.0532957 0.114332 0.1980249 0.02093898 0.115248 0.09496398 0.044522 0.05562 0.04143496 0.05299398 0.02032798 0.01977038 0.07421426 0.2547474 0.018375 0.01398198 0.105098 0.14117 0.224437 0.153794 0.153515 0.1285826 0.2517528 0.078004 0.044828 0.106861 0.075913 0.038191 0.09984396 0.056372 0.06085641 0.018779 0.04807598 0.021372 0.060389 0.020398 0.004975 0.036402 0.065304 0.171243 0.056568 0.081869 0.074015 0.048694 0.154652 0.138527 0.145649 0.03905126 0.001731 0.029469 0.009277 0.015912 0.018114 0.053509 0.128911 0.070512 0.01000998 0.0064 0.1048844 0.05801998 0.023261 0.01658798 0.06858452 0.012716
0.3267065 0.05635534 0.01964087 0.033061 0.154782 0.03207598 0.04005726 0.08797581 0.01751598 0.008277 0.027574 0.119359 0.181091 0.05166898 0.044238 0.06964 0.013275 0.0515512 0.03682655 0.09745787 0.04597898 0.113307 0.088249 0.169125 0.028452 0.305006 0.1075655 0.06405998 0.215899 0.184701 0.1630971 0.105604 0.01151 0 0.235431 0.08585257 0.01551239 0.01196806 0.034423 0.025022 0.051624 0.04717096 0.02926454 0.1046214 0.035572 0.0872 0.04961898 0.104218 0.056107 0.127446 0.171092 0.1165444 0.0562282 0.050092 0.021082 0.011774 0.009065 0.02034093 0.1280795 0.02958498 0.07302696 0.0373 0 0.21193 0.009821 0.032836 0.025213 0.0474224 0.02890698
0.019435 0.061409 0.175102 0.02351 0.04187 0.04499296 0.055166 0.07655227 0.008284 0.02915554 0.05619298 0.08725598 0.003593 0.05901694 0.021183 0.062823 0.169616 0.06638098 0.059091 0.04061291 0.01198492 0.045476 0.093941 0.141079 0.0866 0.145169 0.077375 0.04475 0.144863 0.2160589 0.1184298 0.03170898 0.145884 0.234401 0.157544 0.21 0.06547423 0.04030117 0.095453 0.018894 0.040823 0.154942 0.04343367 0.06425031 0.069584 0.1049118 0.1885492 0.14217 0.08586 0.04886592 0.1670097 0.05797798 0.073377 0.142929 0.109277 0.080907 0.105333 0.03149262 0.00575896 0.008695 0.046504 0.09420405 0.06903329 0.0071 0.003918 0.000916 0.061381 0.08531996 0.01996998
0.088045 0.096113 0.06678598 0.089044 0.06636753 0.1021014 0.034005 0.1216555 0.06319339 0.07595841 0.093316 0.108251 8.1e-005 0.023358 0.019391 0.01045 0.022504 0.115393 0.09628694 0.04128294 0.009438037 0.0526 0.110003 0.08556398 0.140486 0.2366851 0.107294 0.345153 0.113571 0.087047 0.063668 0.16356 0.221396 0.13288 0.2685118 0.202702 0.030847 0.096591 0.116649 0.138388 0.091995 0.064168 0.170686 0.113913 0.06240798 0.022878 0.03803522 0.2004214 0.035496 0.02802102 0.1338033 0.05447396 0.05409598 0.074483 0.102624 0.137267 0.132783 0.066782 0.009987 0.040992 0.045448 0.06948191 0.04461664 0.025623 0.02458098 0.1627779 0.039602 0.009191 0.0163
0.155634 0.100055 0.074928 0.08160698 0.060763 0.08187 0.002956 0.03787498 0.1650741 0.06925221 0.119764 0.122875 0.04667598 0.0061 0.046053 0.014608 0.03336498 0.01849098 0.036142 0.1556368 0.02996896 0.05002731 0.05571629 0.1161511 0.05205985 0.1076004 0.2294584 0.131444 0.257094 0.130459 0.180672 0.183783 0.112883 0.093856 0.2123922 0.135999 0.141087 0.193068 0.072468 0.091338 0.116982 0.125092 0.08220698 0.094728 0.032045 0.051911 0.082001 0.1221053 0.03802098 0.078312 0.038941 0.089276 0.073166 0.05496796 0.085651 0.113109 0.082921 0.044673 0.05432798 0.069982 0.057885 0.02416698 0.000318 0.016297 0.079926 0.02612 0.007143 0.096662 0.06303981
0.181085 0.100164 0.196816 0.03115547 0.033824 0.013 0.06441498 0.00786 0.090608 0.1038253 0.07720877 0.00761 0.0068 0.009964978 0.000592 0.002829 0.0172 0.03127896 0.031122 0.06024932 0.03789493 0.031376 0.02342698 0.0286292 0.0599469 0.009438 0.1109066 0.075856 0.152003 0.147723 0.263673 0.1141617 0.0152212 0.1939531 0.1913157 0.0536412 0.172484 0.030641 0.1940169 0.068064 0.058646 0.09375998 0.08959898 0.067982 0.05993418 0.04010603 0.15595 0.238258 0.141718 0.07973998 0.099106 0.08840598 0.07270898 0.04717 0.107402 0.05430878 0.130077 0.03277498 0.088607 0.004547792 0.049634 0.05943298 0.041135 0.008948 0.037851 0.04070006 0.07347593 0.100388 0.09840633
0.125154 0.162545 0.07465447 0.071431 0.039097 0.134123 0.022863 0.082673 0.050844 0.04821895 0.1428832 0.19407 0.057497 0.024655 0.04310998 0.0004 0.01008347 0.007487 0.01822298 0.05994039 0.041363 0.259835 0.13818 0.210538 0.139762 0.099353 0.01190934 0.04467792 0.096921 0.049531 0.05868775 0.1443422 0.1161491 0.1029257 0.177861 0.13735 0.02589896 0.03211098 0.012784 0.0005 0.08896857 0.11055 0.2148363 0.20778 0.130927 0.09797668 0.052277 0.083963 0.151852 0.20286 0.161311 0.164231 0.07612998 0.04081598 0.06392898 0.04290018 0.044944 0.03210998 0.112263 0.05452519 0.053609 0.01968698 0.03384098 0.010494 0.03355782 0.1041321 0.08685498 0.073855 0.09509837
0.04069198 0.03046 0.079876 0.106971 0.044768 0.05826798 0.073918 0.082008 0.024468 0.04614327 0.1252552 0.05625883 0.157884 0.10986 0.08728495 0.021345 0.0314255 0.046957 0.05324055 0.07236497 0.093045 0.232332 0.183281 0.186681 0.214037 0.213736 0.02087566 0.09843002 0.159823 0.262603 0.242096 0.117299 0.1121336 0.065496 0.29842 0.131291 0.07589998 0.114344 0.206348 0.08062498 0.1845703 0.196523 0.09212472 0.1718699 0.142208 0.1447619 0.068575 0.060695 0.08410998 0.103922 0.08305972 0.128845 0.041981 0.122446 0.029481 0.04298 0.087175 0.024444 0.061568 0.039818 0.04806398 0.007689 0.035384 0.020156 0.02221435 0.083634 0.137598 0.04393616 0.1056777
0.004 0.075469 0.08092498 0.08939698 0.017861 0.077006 0.025194 0.023655 0.08791698 0.07634 0.1146809 0.1425481 0.019376 0.044497 0.234793 0.017075 0.02456498 0.06687912 0.03384237 0.039571 0.105779 0.08314998 0.143718 0.10194 0.2378019 0.114887 0.1112583 0.125495 0.194014 0.159834 0.159533 0.09738196 0.203355 0.048554 0.235888 0.1511938 0.123468 0.08298 0.170554 0.08556 0.208056 0.092633 0.192883 0.1017276 0.1903033 0.107356 0.062874 0.194504 0.09429198 0.133534 0.1363043 0.03893598 0.04422998 0.0183 0.009359 0.035498 0.107031 0.078777 0.034264 0.013932 0.00739 0.013779 0.003363 0.031784 0.02556263 0.036294 0.03484596 0.08013526 0.1587963
-9999 0 0.055826 0.125783 0.044317 0.129969 0.098485 0.068999 0.03397 0.11313 0.08165706 0.1498531 0.03764398 0.03328053 0.07236098 0.1330861 0.03677166 0.2439381 0.07325904 0.148745 0.01801794 0.063459 0.055603 0.1341882 0.1093828 0.072637 0.152933 0.107186 0.09823298 0.111744 0.2092315 0.07949244 0.09342599 0.07960698 0.07353798 0.09067215 0.06419098 0.05184 0.055663 0.08842196 0.112842 0.067035 0.2149679 0.171326 0.08643302 0.09305096 0.09766496 0.03764209 0.03931786 0.1002898 0.07129314 0.007308 0.009964978 0 0.025918 0.05437096 0.090404 0.097133 0.114434 0.023698 0.062632 0.023229 0.037416 0.009594 0.069006 0.09662997 0.0149588 0.07389352 0.04026292
-9999 -9999 0.01982 0.03757098 0.030528 0.045036 0.02044 0.050567 0.05202398 0.046496 0.035524 0.0775773 0.03072898 0.06724945 0.128649 0.107702 0.0646659 0.2733601 0.1282618 0.3755036 0.09898204 0.062471 0.145015 0.103317 0.179955 0.06741698 0.07630298 0.176946 0.262852 0.110528 0.311598 0.141367 0.0819179 0.1406147 0.1877052 0.213309 0.088399 0.052087 0.157301 0.160114 0.109691 0.085116 0.139629 0.07177098 0.1534909 0.06399098 0.091779 0.023316 0.007451 0.103712 0.118484 0.09376395 0.00035 0.00561 0.04182398 0.131083 0.05068 0.053745 0.07718 0.05355181 0.027424 0.0185 0.03926798 0.01442998 0.014086 0.006982012 0.07995752 0.01393371 0.08008169
-9999 -9999 0 0.00047 0.036344 0.007754 0.009695 0.093371 0.02630198 0.010702 0.074479 0.1437874 0.054974 0.091033 0.014301 0.07175825 0.04325022 0.018795 0.108995 0.1131444 0.1533768 0.054185 0.03850524 0.09136797 0.044149 0.0027 0.0166 0.111898 0.201858 0.162314 0.1173704 0.097446 0.135208 0.091136 0.016125 0.03367296 0.08424 0.10038 0.02625196 0.044178 0.083166 0.107851 0.086071 0.005253 0.052401 0.151229 0.1056079 0.1778571 0.156098 0.140581 0.132908 0.04553096 0.099575 0.011706 0.026038 0.049452 0.08618803 0.108077 0.07338893 0.05374753 0.024614 0.03619898 0.03248798 0.09099278 0.08078013 0.1521828 0.117114 0.05658722 0.07070211
-9999 -9999 0 0.012542 0.014394 0.09558 0.155383 0.015379 0.006717 0.019231 0.016607 0.04505235 0.048933 0.048419 0.004209349 0.04134026 0.06439282 0.07037117 0.046906 0.027177 0.03202919 0.017471 0.04139974 0.035275 0.010324 0.03675496 0.4056821 0.2190971 0.147279 0.083535 0.05936955 0.064156 0.111096 0.08643224 0.09904272 0.03048698 0.016519 0.124414 0.01038498 0.006149555 0.08859398 0.03622398 0.09096698 0.026507 0.063386 0.08621009 0.104244 0.2641428 0.113094 0.118582 0.153702 0.11513 0.112374 0.07958595 0.085618 0.102014 0.04601495 0.033757 0.1604594 0.1813382 0.078503 0.043954 0.06571952 0.05362314 0.123625 0.07927684 0.05233391 0.03985991 0.01886998
