EnvRasters/Baseline_Low/other.asc
ncols         270
nrows         223
xllcorner     24099.479091542
yllcorner     21023.840179216
cellsize      1003.8986847201
NODATA_value  -9999
[rows 0 to 29 of 223, columns 138 to 206 of 270]
-9999 -9999 -9999 -9999 -9999 -9999 -9999 -9999 -9999 -9999 -9999 -9999 -9999 -9999 -9999 0.004200656 -9999 -9999 -9999 -9999 -9999 -9999 -9999 -9999 -9999 -9999 -9999 -9999 -9999 -9999 -9999 -9999 -9999 -9999 -9999 -9999 -9999 -9999 -9999 -9999 -9999 -9999 -9999 -9999 -9999 -9999 -9999 -9999 -9999 -9999 -9999 -9999 -9999 -9999 -9999 -9999 -9999 -9999 -9999 -9999 -9999 -9999 -9999 -9999 -9999 -9999 -9999 -9999 -9999
-9999 -9999 -9999 -9999 -9999 -9999 -9999 -9999 -9999 -9999 -9999 -9999 -9999 0.000601 0.121529 0.08249619 0.04971747 0.048327 0 -9999 -9999 -9999 -9999 -9999 -9999 -9999 -9999 -9999 -9999 -9999 -9999 -9999 -9999 -9999 -9999 -9999 -9999 -9999 -9999 -9999 -9999 -9999 -9999 -9999 -9999 -9999 -9999 -9999 -9999 -9999 -9999 -9999 -9999 -9999 -9999 -9999 -9999 -9999 -9999 -9999 -9999 -9999 -9999 -9999 -9999 -9999 -9999 -9999 -9999
-9999 -9999 -9999 -9999 -9999 -9999 -9999 -9999 -9999 -9999 -9999 -9999 0 0.03828696 0.2053829 0.1243715 0.06208 0.012504 0.001391 -9999 -9999 -9999 -9999 -9999 -9999 -9999 -9999 -9999 -9999 -9999 -9999 -9999 -9999 0.001002 0 -9999 -9999 -9999 -9999 -9999 -9999 -9999 -9999 -9999 -9999 -9999 -9999 -9999 -9999 -9999 -9999 -9999 -9999 -9999 -9999 -9999 -9999 -9999 -9999 -9999 -9999 -9999 -9999 -9999 -9999 -9999 -9999 -9999 -9999
-9999 -9999 -9999 -9999 -9999 -9999 -9999 -9999 -9999 -9999 -9999 -9999 0.02824483 0.09863062 0.037549 0.1241753 0.058021 0.03123998 0.08644498 0.056593 0.009268 -9999 -9999 -9999 -9999 -9999 -9999 -9999 -9999 -9999 -9999 -9999 0.021901 0.044693 0.00039 -9999 -9999 -9999 -9999 -9999 -9999 -9999 -9999 -9999 -9999 -9999 -9999 -9999 -9999 -9999 -9999 -9999 -9999 -9999 -9999 -9999 -9999 -9999 -9999 -9999 -9999 -9999 -9999 -9999 -9999 -9999 -9999 -9999 -9999
-9999 -9999 -9999 -9999 -9999 -9999 -9999 -9999 -9999 -9999 -9999 0.000638 0.044698 0.2302946 0.09592347 0.06120064 0.1973997 0.038 0.107291 0.102755 0.001693 -9999 -9999 -9999 -9999 -9999 -9999 -9999 -9999 -9999 -9999 0 0.03388 0.06687295 0.015842 0.00225 0.009139 -9999 -9999 -9999 -9999 -9999 -9999 -9999 -9999 -9999 -9999 -9999 -9999 -9999 -9999 -9999 -9999 -9999 -9999 -9999 -9999 -9999 -9999 -9999 -9999 -9999 -9999 -9999 -9999 -9999 -9999 -9999 -9999
-9999 -9999 -9999 -9999 -9999 -9999 -9999 -9999 -9999 -9999 0.042066 0.04028698 0.163926 0.2039179 0.160425 0.1196819 0.06559873 0.111874 0.05465898 0.158037 0.005994 -9999 -9999 -9999 -9999 -9999 -9999 -9999 -9999 -9999 -9999 0.00013 0.030444 0.099073 0.035068 0.030256 0.07619896 0.002165 -9999 -9999 -9999 -9999 -9999 -9999 -9999 -9999 -9999 -9999 -9999 -9999 -9999 -9999 -9999 -9999 -9999 -9999 -9999 -9999 -9999 -9999 -9999 -9999 -9999 -9999 -9999 -9999 -9999 -9999 -9999
-9999 -9999 -9999 -9999 -9999 -9999 -9999 -9999 -9999 0.000496 0.2006556 0.1203406 0.09700698 0.223835 0.080312 0.1212919 0.08858 0.116029 0.239936 0.109124 0.001425 -9999 -9999 -9999 -9999 -9999 0 0.01527 -9999 -9999 -9999 0.012527 0.065868 0.057406 0.048152 0.02410898 0.06141287 0.000189 -9999 -9999 -9999 -9999 -9999 -9999 -9999 -9999 -9999 -9999 -9999 -9999 -9999 -9999 -9999 -9999 -9999 -9999 -9999 -9999 -9999 -9999 -9999 -9999 -9999 -9999 -9999 -9999 -9999 -9999 -9999
-9999 -9999 -9999 -9999 -9999 -9999 -9999 -9999 0.08532198 0.079352 0.1265005 0.121042 0.132665 0.1045589 0.171437 0.263092 0.182137 0.04667976 0.049456 0.019513 -9999 -9999 -9999 -9999 -9999 0.002179 0.01231098 0.057401 -9999 -9999 -9999 0.04505891 0.090751 0.088679 0.06857207 0.1168557 0.002589 0.02022196 0 -9999 -9999 -9999 -9999 -9999 -9999 -9999 -9999 -9999 -9999 -9999 -9999 -9999 -9999 -9999 -9999 -9999 -9999 -9999 -9999 -9999 -9999 -9999 -9999 -9999 -9999 -9999 -9999 -9999 -9999
-9999 0 -9999 -9999 -9999 -9999 -9999 -9999 0.09008095 0.062898 0.08158492 0.1714153 0.113833 0.113883 0.07187798 0.06464998 0.116495 0.1980039 0.1096285 0.009306 -9999 -9999 -9999 -9999 -9999 0.027799 0.026022 0.04546494 -9999 0 0.011036 0.05081598 0.009527 0.017536 0.087857 0.1859391 0.133563 0.129119 0 -9999 -9999 -9999 -9999 -9999 -9999 -9999 -9999 -9999 -9999 -9999 -9999 -9999 -9999 -9999 -9999 -9999 -9999 -9999 -9999 -9999 -9999 -9999 -9999 -9999 -9999 -9999 -9999 -9999 -9999
0.000223 0.045005 0.050827 0.097557 0.05810398 0.006813 5.6e-005 0.06502598 0.03201 0.071619 0.03118867 0.2064301 0.122909 0.239822 0.078395 0.01275898 0.034496 0.09487501 0.1268944 0.000979 -9999 -9999 -9999 -9999 -9999 -9999 0.010472 0.016857 0 0.07362598 0.089005 0.07433085 0.024852 0.09499793 0.2276018 0.045498 0.09439323 0.1737797 0.000276 -9999 -9999 -9999 -9999 -9999 -9999 -9999 -9999 -9999 -9999 -9999 -9999 -9999 -9999 -9999 -9999 -9999 -9999 -9999 -9999 -9999 -9999 -9999 -9999 -9999 -9999 -9999 -9999 -9999 -9999
0.006405 0.026974 0.092934 0.107625 0.093882 0.025135 0.07576198 0.286754 0.12176 0.123769 0.06309396 0.1514165 0.03178 0.10108 0.109689 0.01073798 -9999 -9999 -9999 0.000184 0.000539 -9999 0 0.006732 0 -9999 -9999 0 0.01966698 0.058344 0.143519 0.058343 0.04371898 0.151532 0.07571401 0.09214898 0.111483 0.005165 -9999 -9999 -9999 -9999 -9999 -9999 -9999 -9999 -9999 -9999 -9999 -9999 -9999 -9999 -9999 -9999 -9999 -9999 -9999 -9999 -9999 -9999 -9999 -9999 -9999 -9999 -9999 -9999 -9999 -9999 -9999
0.033827 0.003235 0.171854 0.141387 0.102542 0.126093 0.244525 0.123884 0.106714 0.114332 0.07089598 0.24702 0.09240498 0.079147 0.105693 0.026142 0.001333 0.04554498 0.01007498 0.1202007 0.02858898 0.02531301 0.041322 0.138401 0.005875 0 -9999 0.06100278 0.03515941 0.07250234 0.072859 0.103448 0.029722 0.04502 0.02718381 0.07254736 0.2531556 0.045133 -9999 -9999 -9999 -9999 -9999 -9999 -9999 -9999 -9999 -9999 -9999 -9999 -9999 -9999 -9999 -9999 -9999 -9999 -9999 -9999 -9999 -9999 -9999 -9999 -9999 -9999 -9999 -9999 -9999 -9999 -9999
0.022046 0.06160298 0.09953098 0.054007 0.105566 0.105477 0.02313603 0.079831 0.116267 0.05658738 0.042937 0.167643 0.08043698 0.115207 0.01453998 0.02591196 0.046837 0.124132 0.082004 0.035092 0.0189988 0.1114401 0.07675098 0.07252871 0.03230027 0.005096 0.0200822 0.1436498 0.02693497 0.3776215 0.1026276 0.1187548 0.07243908 0.085044 0.003525167 0.036649 0.08692989 -9999 -9999 -9999 -9999 -9999 -9999 -9999 -9999 -9999 -9999 -9999 -9999 -9999 -9999 -9999 -9999 -9999 -9999 -9999 -9999 -9999 -9999 -9999 -9999 -9999 -9999 -9999 -9999 -9999 -9999 -9999 -9999
0.188388 0.010761 0.050871 0.06402596 0.2188259 0.221589 0.169049 0.191631 0.043618 0.0319036 0.04711752 0.095034 0.029487 0.03800398 0.03420896 0.1061719 0.068213 0.06572298 0.058601 0.107484 0.068631 0.09381296 0.029167 0.05284398 0.045624 0.102772 0.039572 0.1977482 0.1139744 0.1276162 0.15526 0.1959226 0.07381839 0.086568 0.02568198 0.00121441 0.03627618 -9999 -9999 -9999 -9999 -9999 -9999 -9999 -9999 -9999 -9999 -9999 -9999 -9999 -9999 -9999 -9999 -9999 -9999 -9999 -9999 -9999 -9999 -9999 -9999 -9999 -9999 -9999 -9999 -9999 -9999 -9999 -9999
0.09352639 0.09558484 0.107791 0.017753 0.2353666 0.3028254 0.2232133 0.096431 0.06864998 0.0923857 0.1575359 0.05541998 0.04263698 0.077252 0.080042 0.049063 0.06839 0.102709 0.115427 0.07907798 0.03706361 0.09546598 0.000541 0.06912193 0.247229 0.087969 0.088723 0.2024366 0.2110786 0.06253028 0.07754353 0.08229798 0.065238 0.12532 0.004476 0.02351653 0.03266026 0.035467 -9999 -9999 -9999 -9999 -9999 -9999 -9999 -9999 -9999 -9999 -9999 -9999 -9999 -9999 -9999 -9999 -9999 -9999 -9999 -9999 -9999 -9999 -9999 -9999 -9999 -9999 -9999 -9999 -9999 -9999 -9999
0.4551087 0.04644732 0.5253656 0.8623449 0.897621 0.446364 0.2656031 0.102185 0.109375 0.05968282 0.100788 0.03455398 0.00735 0.06231898 0.111704 0.014625 0.008302 0.202943 0.04684298 0.033797 0.09643237 0.08290798 0.05935953 0.300907 0.3830149 0.03571314 0.1001721 0.1780752 0.147342 0.01090298 2.9e-005 0.02937 0.008146 0.027488 0.01996896 0.01143 0.09491539 0.127338 0.073208 -9999 -9999 -9999 -9999 -9999 -9999 -9999 -9999 -9999 -9999 -9999 -9999 -9999 -9999 -9999 -9999 -9999 -9999 -9999 -9999 -9999 -9999 -9999 -9999 -9999 -9999 -9999 -9999 -9999 -9999
0.232826 0.2723118 0.9575471 0.981126 0.3971187 0.196363 0.080937 0.136136 0.03303598 0.05604496 0.041168 0.08504093 0.0771173 0.117492 0.067125 0.04557986 0.1110604 0.09497605 0.062754 0.08584188 0.05387511 0.04254892 0.2065465 0.200525 0.319621 0.1560177 0.05577566 0.05692154 0.09813 0.1928664 0.03458697 0.07761296 0.04932769 0.01075824 0.109354 0.009442 0.082407 0.050283 0 0.01798675 -9999 -9999 -9999 -9999 -9999 -9999 -9999 -9999 -9999 -9999 -9999 -9999 -9999 -9999 -9999 -9999 -9999 -9999 -9999 -9999 -9999 -9999 -9999 -9999 -9999 -9999 -9999 -9999 -9999
0.1006477 0.8790973 1 0.6554673 0.06879333 0.07422932 0.029266 0.22174 0.008492 0.01755498 0.058585 0.055017 0.2109873 0.138188 0.099047 0.004867535 0.200902 0.04523889 0.08087398 0.08186075 0.07288787 0.034359 0.004428 0.065217 0.144093 0.145147 0.02219096 0.01230498 0.06280687 0.3934759 0.3039002 0.1399875 0.183466 0.09164792 0.05938669 0.03919641 0.1398373 0.0077 0.002740578 0.5918369 0.006560748 -9999 -9999 -9999 -9999 -9999 -9999 -9999 -9999 -9999 -9999 -9999 -9999 -9999 -9999 -9999 -9999 -9999 -9999 -9999 -9999 -9999 -9999 -9999 -9999 -9999 -9999 -9999 -9999
0.6972913 0.9881866 0.5572246 0.03435805 0.000124 0.02155953 0.01071698 0.045465 0.06924205 0.04652433 0.1257369 0.147533 0.2044195 0.180017 0.019913 0.04266298 0.02685598 0.0697082 0.1062788 0.3874744 0.228458 0.134083 0.034911 0.05694598 0.132579 0.0243 0.01011298 0.04608074 0.07466359 0.038929 0.159213 0.294881 0.186207 0.0670101 0.056385 0.06040347 0.06591441 0.08103355 0.06283857 0.3587917 3e-005 -9999 -9999 -9999 -9999 -9999 -9999 -9999 -9999 -9999 -9999 -9999 -9999 -9999 -9999 -9999 -9999 -9999 -9999 -9999 -9999 -9999 -9999 -9999 -9999 -9999 -9999 -9999 -9999
0.9709507 0.3390517 0.02696 0.06766496 0.028637 0.05863898 0.027025 0.1211491 0.2006309 0.07087748 0.2303358 0.2746797 0.2968572 0.2812121 0.186769 0.1402434 0.08873457 0.100597 0.3927411 0.1323116 0.1956217 0.1957282 0.1409359 0.1586196 0.06170996 0.04915192 0.08180594 0.07240815 0.03462114 0.04720291 0.04430778 0.1046772 0.08882225 0.08880334 0.05088298 0.000463 0.06597596 0.06841917 0.09580872 0.2282076 0.007938437 -9999 -9999 -9999 -9999 -9999 -9999 -9999 -9999 -9999 -9999 -9999 -9999 -9999 -9999 -9999 -9999 -9999 -9999 -9999 -9999 -9999 -9999 -9999 -9999 -9999 -9999 -9999 -9999
0.1254441 0.01571498 0.02466998 0.02213198 0.111616 0.0507635 0.1942741 0.2263563 0.09405454 0.03133763 0.06600158 0.210502 0.4598427 0.1913607 0.08382352 0.1064295 0.07507574 0.07309046 0.2614702 0.08664282 0.1596196 0.1561262 0.08213701 0.06788991 0.04187294 0.03023293 0.09520449 0.0640764 0.01620898 0.06688498 0.1433169 0.07711682 0.02133398 0.03471693 0.01045398 0.013068 0.00108 8.2e-005 0.008275 0.1585145 0.03174448 -9999 -9999 -9999 -9999 -9999 -9999 -9999 -9999 -9999 -9999 -9999 -9999 -9999 -9999 -9999 -9999 -9999 -9999 -9999 -9999 -9999 -9999 -9999 -9999 -9999 -9999 -9999 -9999
0.009980978 0.03985991 0.009964978 0.002236 0.05964889 0.04733118 0.0386 0.028818 0.042992 0.063434 0.09083596 0.06262546 0.08270215 0.17167 0.155964 0.1177946 0.001294 0.0679091 0.06223105 0.0418562 0.004973 0.002292 0.012499 0.01623998 0.01001098 0.00035 0 0.01085816 0.0273718 0.075619 0.002162 0.02889346 0.06837539 0.01625498 0.026425 0.020431 0.009964978 0.000296 0.021338 0.0690338 0.07966216 0 -9999 0.005997 0 0 0 -9999 -9999 -9999 -9999 -9999 -9999 -9999 -9999 -9999 -9999 -9999 -9999 -9999 -9999 -9999 -9999 -9999 -9999 -9999 -9999 -9999 -9999
0.01992996 0 0.03791125 0.02989493 0.00021 0.03433403 0.01477359 0.1926532 0.1694771 0.05032496 0.074106 0.09201596 0.063109 0.041594 0.133984 0.146606 0.030191 0.05780654 0.2076439 0.07116325 0.006526 7.2e-005 0.002325 0.000966 0 0.000938 0 0.04982489 0.00948 0.030461 0.03355398 0.099421 0.0225 0.02986976 0.2017099 0.105147 0.009046 0.04052 0.06986298 0.019288 0.08988994 0.01426431 0.021202 0.040414 0.03227093 0 0 0 0 -9999 -9999 -9999 -9999 -9999 -9999 -9999 -9999 -9999 -9999 -9999 -9999 -9999 -9999 -9999 -9999 -9999 -9999 -9999 -9999
0.0199144 0.02989493 0.01191364 0.00101 0.002298 0.08799987 0.129355 0.147133 0.07509698 0.012406 0.011779 0.005271 0.05049989 0.007273 0.028629 0.05912158 0.037351 0.06484833 0.05631367 0.005592281 0.01992996 0 0 0.009119 0.01164798 0.000165 0.01037298 0.03286798 0.000210258 0.003277353 0.069904 0.08814646 0.01955208 0.0677922 0.04051198 0.07437498 0.01356 0.029348 0.05211896 0.029698 0.1595016 0.09705117 0.001537 0.009964978 0.005854 0.0378732 0.01592969 0.06022387 0.01992996 -9999 -9999 -9999 -9999 -9999 -9999 -9999 -9999 -9999 -9999 -9999 -9999 -9999 -9999 -9999 0.01092298 0.000448 0 0 -9999
0.0679612 0 5.4e-005 0.001954 0.01082098 0.0304 0 0.013302 0.048456 0.034232 0.02265223 0.003577725 0.005480742 0.0467 0.024355 0.04590034 0.05045998 0.08384759 0.000627 0.02336 0.006446 0 0.01703898 0.001782 0.004944 0.02470766 0.134458 0.05757526 0.06117157 0.2375012 0.0143 0.1077327 0.05576645 0.03488896 0.005899 0.043719 0.102726 0.054346 0.04849 0.1657728 0.0219 0.2434954 0.1242494 0 0.03330098 0.002747 0.009964978 1e-006 -9999 -9999 -9999 -9999 -9999 -9999 -9999 -9999 -9999 -9999 -9999 -9999 -9999 -9999 -9999 0 0.072351 0.03587096 0.01069698 0 -9999
0.0114044 0.0356458 0.03310394 0.003766 0.0062 0.000312 0 0.082925 0.01627698 0.003922 0.031853 0.04105698 0.02658424 0 0.07037085 0.07918498 0.075958 0.1342073 0.06882478 0.0062 0.1217047 0.007668 0.000374 0.09013183 0.057534 0.2277984 0.2607255 0.07888944 0.07898398 0.033628 0.064339 0.05252557 0.01584398 0.06552494 0.067127 0.018665 0.07178598 0.04006698 0.039374 0.01946 0.011951 0.03203925 0.1282323 0.04094723 0.00104 0.0086 0.02450196 0.012822 -9999 -9999 -9999 -9999 -9999 -9999 -9999 -9999 -9999 -9999 -9999 -9999 -9999 0 0.021301 0.031848 0.003562 0.02028296 0.00933 0.01704198 0.000436
0.05798898 0.03574299 0.009066063 0.0826 0.027351 0.009093 0 0.022 0.03900318 0.0144718 0.036422 0.02665 0.001164 0.1181148 0.08662168 0.05437927 0.071338 0.000578 0.02684018 0.1494747 0.06330098 0.01484398 0.02829996 0.026042 0.073891 0.7153602 0.2090243 0.05398241 0.059082 0.08364098 0.058797 0.02598738 0.014464 0.112151 0.050161 0.058205 0.089719 0.010271 0.002586 0.003654 0.06013796 0.01957279 0.1922881 0.0190933 0.04982489 0.0081 0.08999598 0.031809 -9999 -9999 -9999 -9999 -9999 -9999 -9999 0.03328694 0 0.007565 0 -9999 0 0.07160498 0.047887 0.20215 0.012747 0.006224105 0.02598315 0.020511 0.03889
0.01810498 0.009964978 0.04800427 0.1423513 0.009745047 0.03408067 0 0.000175 0.052246 0.0348 0.007103 0.00222 0.03259493 0.03981704 0.2271037 0.03548878 0.01834298 0.005639276 0.03578199 0.01364837 0.00954 0.01982398 0.019974 0.044473 0.4752784 0.8037347 0.4252566 0.06836537 0.080047 0.01223288 0.01974598 0.05517398 0.04911298 0.094 0.028197 0.058771 0.05366296 0.08434587 0.1499361 0.127941 0.140564 0.2403554 0.08457818 0.002919432 0.007680224 0.1478337 0.07561 0.195385 0.001038 0.001355 0.000305 0.009964978 0.009966979 0.0521723 0.01933467 0.04522 0.04220194 0.064766 0.06730798 0.03717 0.07092542 0.06156926 0.023693 0.02492458 0.02079098 0.02606379 0.02894787 0.004691668 0.028962
0.01004898 0.04949494 0.02585058 0.06186758 0.03802391 0.003649292 0.00026 0.01106498 0 0 0.01516498 0.02787298 0.071254 0.243996 0.06927457 0.032254 0.000995 0.05284026 0.0295622 0.016087 0.01920265 0.02847933 0.016895 0.062419 0.2917095 0.8625618 0.2068867 0.04133498 0.02581 0.02511709 0.01950172 0.06832825 0.118264 0.04229 0.169066 0.046853 0.036599 0.06333234 0.108728 0.108394 0.0464857 0.06538201 0.05201209 0.009278 0.023122 0.0019 0.02134296 0.04056498 0.100067 0.092143 0.02609824 0.04152149 0.08560798 0.1885011 0.08723956 0.05399396 0.004542 0.01466 0.08492758 0.2490222 0.1058726 0.00248 0.01980298 0.0119084 0.001078 0.01165598 0.000713 0.05452529 0.037303
0.01992996 0.009964978 0.08626398 0.0281021 0.02546498 0.0051 0.0049 0.0037 0.0195 0.05513449 0.04957521 0.053584 0.026102 0.02414596 0.1338025 0.04475818 0.0368 0.09595741 0.08467505 0.034592 0.015695 0.01443798 0.07123593 0.03789098 0.006973295 0.2533352 0.00079 0.01461511 0.02854191 0.001539823 0.05331709 0.01758517 0.07785261 0.01130679 0.011691 0.08270625 0.07606427 0.01798664 0.02613791 0.03299596 0.01411398 0.073199 0.05077346 0.002651 0.02565688 0.08618681 0.01151898 0.000556 0.06663211 0.2016775 0.04445537 0.1479449 0.02165611 0.001714697 0.08035568 0.05425199 0.3915184 0.1949644 0.344685 0.5871791 0.07713111 0.005532184 0.01570679 0.005488 0.002752 0.03986698 0.02601198 0.005995 0.02577796
