EnvRasters/Baseline_Low/urban.asc
ncols         270
nrows         223
xllcorner     24099.479091542
yllcorner     21023.840179216
cellsize      1003.8986847201
NODATA_value  -9999
[rows 87 to 115 of 223, columns 65 to 129 of 270]
0.09977013 0.002309488 7.440949e-006 0.01844432 0.08087381 0.1772047 0.1104081 0.07968818 0.08990749 0.1203964 0.02962473 0.1309485 0.07003065 0.04318336 0.02657149 0.00339688 0.006484407 0.03274794 0.1317453 0.08393131 0.07354511 0.1090378 0.2244915 0.4024767 0.3756379 0.1765915 0.03985991 0.1803478 0.09247397 0.04956585 0.01989664 0.05054935 0.1324986 0.009964978 0.1320857 0.3954328 0.437317 0.1056776 0.06778761 0.04038883 0.2086857 0.09058481 0.0212149 0.06878849 0.04982489 0.08395688 0.1365062 0.05155847 0.1153109 0.3792861 0.5317608 0.9148383 0.4813509 0.3240094 0.2608612 0.6672375 0.5195852 0.5386845 0.7705023 0.1346818 0.0248767 0.6119179 0.8510485 0.5417442 0.02311198
0.0221905 0.03031235 0.01836677 0.05028537 0.2666419 0.1722267 0.08043505 0.2472042 0.05951492 0.009964978 0.05789115 0.06462188 0.04730237 0.02174782 0.07999813 0.07248569 0.2243358 0 0.06765185 0.1024527 0.05978987 0.255356 0.6957437 0.5830095 0.3595181 0.08299188 0 0.1385502 0.09344982 0.2526986 0.2606682 0.05791246 0.05312987 0.09410233 0.126191 0.0928972 0.0708371 0.1910771 0.07168489 0.06069195 0.01974338 0.0512655 0.1062051 0 0.009964978 0.210986 0.04759685 0.1802853 0.4548174 0.6793447 0.5275466 0.2263885 0.5630035 0.3287784 0.1049287 0.2633314 0.3183985 0.06742588 0.5874769 0.5836401 0.3108007 0.7938618 0.9067643 0.6381696 0.1323624
0.02989493 0.1465817 0.05167701 0.08078112 0.05937678 0.2202231 0.1808622 0.07127078 0.02084712 0 0.04979325 0.09128438 0.0581903 0.04982489 0.01711477 0.02527745 0.1007796 0.006999916 0 0.02140192 0.009964978 0.2806453 0.8125286 0.5010074 0.3755561 0.05458787 0.006112426 0.06000026 0.04652895 0.1228905 0.07420514 0.02989493 0.03985991 0.1879912 0.07140493 0.05815156 0.1487622 0.05065627 0.138433 0.2709446 0.3094713 0.3520803 0.2965917 0.04940168 0.04399806 0.4579041 0.3948335 0.2306003 0.03551912 0.299883 0.2798692 0.359201 0.2286398 0.130454 0.003410361 0.02724514 0.009855262 0.0157853 0.1051197 0.4150809 0.7921468 0.8547943 0.9874826 0.7951437 0.3502133
0.01992996 0.02945711 0 0.0579874 0.1502816 0.01065843 0.009069953 0.03224628 0.05924313 0.06584688 0.01329469 0.01034738 0.03569977 0.02923194 0.1076676 0.08095407 0 0.03985991 0.06367587 0.04133232 0.140689 0.120983 0.4672752 0.1188044 0.1186124 0.06381918 0.3454287 0.09074357 0.0169463 0.114941 0.09524796 0.04190318 0.05031954 0.06765373 0.0503466 0.0244456 0.2971485 0.5324802 0.2827617 0.2221975 0.1289835 0.02833102 0.2689238 0.1611374 0.07936291 0.1472135 0.131988 0.1240965 0.5835817 0.3361935 0.05585096 0.1579156 0.09662534 0.1119285 0.1548016 0 0.1451717 0.1574097 0.4572043 0.5225005 0.7763746 0.08181427 0.7982513 0.9073952 0.4887557
0.01218367 0.09964979 0.04950247 0.1799727 0.1892967 0.05025776 0.05116219 0.03917777 0.0713985 0.09047821 0.05830449 0.01200696 0.08543535 0.03064238 0.02771738 0.00315912 0.009964978 0.07971983 0.04398014 0.06752323 0.07978649 0.3001303 0.06928572 0.07844712 0.4316253 0.19719 0.06906042 0.254601 0.03198762 0.08216047 0.07670589 0.00598116 0.03134084 0.02866713 0.05488718 0.3424066 0.4631976 0.5017918 0.457719 0.2069463 0.3710453 0.5103592 0.2330409 0.1501926 0.01202995 0.06161819 0.1372888 0.3133425 0.6782229 0.7493187 0.586356 0.188249 0.1013372 0.1291994 0.1897001 0.3575724 0.5466905 0.6204427 0.589048 0.2146866 0.7397935 0.6488303 0.8237435 0.5865096 0.004152
0.01827584 0.01313661 0.01950758 0.1000303 0.07008296 0.07876609 0.1078677 0.03931123 0.02972542 0.02142916 0.05234189 0.0502774 0.05499339 0.1300176 0.09382803 0.00351953 0.006445448 0.1522141 0.02227904 0.04176658 0.04982489 0.03384827 0 0.04982489 0.2364962 0.003706508 0.0205233 0.1048225 0.1842626 0.1953255 0.03117822 0.01992996 0.06117477 0.1008436 0.1309785 0.04588691 0.2191928 0.3971688 0.03923827 0.06081173 0.147474 0.00996547 0.03371037 0.1827893 0.3742153 0.122164 0.05346627 0.1800458 0.5630088 0.7121983 0.6840967 0.1757534 0.3349563 0.539327 0.2144767 0.5004467 0.4765997 0.2945723 0.2268711 0.2591107 0.8672944 0.9026428 0.5545475 0.06423073 0.04837852
0.04264136 0.0869216 0.09106017 0.0704109 0 0.1006035 0.1100712 0.5052617 0.1678808 0.05978987 0.09638907 0.02989493 0.04755976 0.06987935 0.003397372 0.0563925 0.07971983 0.04790753 0.06304337 0.03210621 0.08896736 0.2171014 0.1235008 0.03394986 0.1694417 0.1754581 0.1863053 0.1239381 0.2087789 0.2008463 0.2787986 0.1755227 0.01874529 0.02216474 0 0.03985991 0.1982236 0.1418203 0.03899878 0.05107364 0.102774 0.06538188 0.09408401 0.1804483 0.2153918 0.5179253 0.1292864 0.2798217 0.3337965 0.3309416 0.5763091 0.04578601 0.2211287 0.415036 0.2950004 0.3448401 0.1173707 0.06899231 0.3563264 0.2608569 0.4300244 0.7174683 0.08451418 0.01435752 0
0.1573313 0.09018625 0.1283371 0.08929758 0.06052767 0.1974681 0.174105 0.3244134 0.1072661 0.09985001 0.1757267 0.09054904 0.06924933 0.1529525 0.107258 0.0430117 0.03985991 0.0135053 0.06590181 0.2670393 0.09424482 0.2995561 0.05932238 0.06757969 0.2709518 0.2774248 0.1707676 0.08820343 0.03783914 0.1427685 0.08892436 0.06974923 0 0.05755509 0.01390283 0.05978987 0.07247625 0.2027275 0.1007079 0.03985991 0.04167324 0.02808162 0.1317585 0.3892027 0.64682 0.8226488 0.3909497 0.1976293 0.05816748 0.2241286 0.4479301 0.1737467 0.02292039 0.0883828 0.221734 0.09467652 0.3992159 0.09102424 0.3406254 0.4523313 0.1551955 0.3991296 0.08158472 0.1816354 0.3580624
0.09123559 0.03918995 0.02109209 0.0899409 0.0590441 0.1232848 0.0268482 0.272677 0.1054809 0.03985991 0.08887497 0.1797204 0.09995411 0.1522059 0.1671147 0.0531807 0.1543836 0.02715125 0.03367509 0.09713253 0.1536251 0.02999341 0.01934697 0.2975421 0.7573563 0.4074264 0.008509563 0.09562672 0.2640506 0.1329308 0.017806 0.05200202 0.03330434 0.06961537 0.09585141 0.01992996 0.009964978 0.1009885 0.01887188 0.01992996 0.02989493 0.1518889 0.03004126 0.03727747 0.07241198 0.1957575 0.100829 0.2061547 0.08245352 0.09964979 0.09374478 0.101744 0.04388686 0.1103025 0.1570414 0.2244617 0.2630418 0.1603266 0.1551537 0.07162432 0.4026358 0.241913 0.02470162 0.1351297 0.2670844
0.03532252 0.03060571 0.009964978 0.04101126 0.1077878 0.06287637 0.1169479 0.0618664 0.02264475 0.04744674 0.04289877 0.1636591 0.1383698 0.05616838 0.08502728 0.02989493 0.04982489 0.1134609 0.2863029 0.1541609 0.07182757 0.09312975 0.0622107 0.1128913 0.01992996 0.03534005 0.1400403 0.03611184 0.1392315 0.1035287 0.09964979 0.04305813 0.0282995 0.05707255 0.03193537 0.03085337 0.04065097 0.03973382 0.02033838 0.1397099 0.03803863 0.01721843 0.1022487 0.1397584 0.01376483 0.07714614 0.1792287 0.2276269 0.2303119 0.2515413 0.159929 0.2409752 0.4498779 0.2535993 0.01524074 0.01145157 0.3145874 0.118522 0.003246051 0.3883802 0.4849556 0.142568 0.01003743 0.02467378 0.06631188
0.09549633 0.02918416 0.0503739 0.03985991 0.07970358 0 0.03890203 0.03010043 0.02874945 0.009964978 0.01992996 0.06152035 0.10522 0.1038879 0.04558679 0.009964978 0.03723166 0.3605404 0.7933509 0.7340773 0.1654837 0.02434593 0.03171333 0.0328048 0.07224233 0.08211951 0.09964979 0.005951392 0.04620167 0.1887105 0.03653159 0 0.0300107 0.1342262 0.159822 0.03618281 0.01912832 0.001301463 0.01108427 0.04982489 0.01512704 0.03469785 0.02989493 0.04974708 0.04933069 0.05095804 0.3817098 0.2027816 0.5407532 0.15861 0.09453129 0.2547381 0.1695268 0.02752229 0.01465371 0.02242043 0.1722277 0.06767462 0.01585758 0.2601261 0.4358109 0.2863881 0.5011762 0.01464733 0.07961011
0.03956448 0.009964978 0.03931091 0.03985991 0.03985991 0.03202695 0.1305534 0.03665597 0.2221169 0.05683918 0.03985991 0 0.01207043 0.2447202 0.09209014 0.1309354 0.1584767 0.3401526 0.8298749 0.5653835 0.09701258 0.1450995 0.02724531 0.06990303 0.007599656 0.06335964 0.01188379 0.01992996 0.08883512 0.007275131 0.05315321 0.01994126 0.07970852 0.1126756 0.09460527 0.03538842 0.01716572 0.02414011 0.06441978 0.009964978 0.1677683 0.05146124 0.03314968 0.05642005 0.09987839 0.1868352 0.03600279 0.058027 0.04274807 0.05539209 0.1862624 0.1157906 0.02371908 0.0132307 0.315787 0.6675232 0.1795924 0.02136274 0.03783079 0.1118204 0 0.09184676 0.0225579 0.02521258 0.09555094
0.03743113 0.08181139 0.08840603 0.02254176 0.157684 0.1295651 0.02949021 0.3017328 0.3731966 0.248565 0.1245766 0.02476483 0.04681224 0.009964978 0.05996441 0.002611147 0.08295242 0.03410231 0.06357077 0.03299375 0.1867525 0.2104063 0.2027394 0.2368623 0.0237097 0.009964978 0.1873248 0.01095488 0 0.01721852 0.2198609 0.05936109 0.03985991 0.03985991 0.07883335 0.06838259 0.1128469 0.2521641 0.1135221 0.01992996 0.0101155 0.03985991 0.07368622 0.7156573 0.7841914 0.3408971 0.263621 0.08907211 0.07971983 0.1097679 0.1374923 0.01992996 0.08653832 0.06293636 0.08968481 0.1086762 0.1889498 0.463984 0.6126604 0.4447905 0.1127595 0.1105603 0.1350892 0.1500183 0.1408159
0.1896649 0.1159561 0.1704722 0.02697195 0.03993856 0.07287887 0.3118625 0.8296777 0.3943569 0.1638265 0.07896763 0.1048674 0.05784517 0.1038484 0.1627995 0.03318629 0.2049929 0.03114465 0.1128516 0.01709603 0.02877925 0.03200402 0.1018751 0.2305395 0.2730503 0.03422858 0.02024619 0.0007036404 0 0.1466548 0.1053317 0.01992996 0.009964978 0.08010342 0.07429741 0.01374531 0.1361338 0.08001854 0.1169358 0.02989493 0.02905274 0.02009975 0.07039941 0.425356 0.2485562 0.2772599 0.06169637 0.2182444 0.0159305 0.06992906 0.08359151 0.04458222 0.03308551 0.1370319 0.2030484 0.3342487 0.5459093 0.9528783 0.8825734 0.3059627 0.138384 0.04468535 0.04982489 0.1651784 0.1997321
0 0.1692761 0.238489 0.08668085 0.1371841 0.124044 0.06315165 0.4526374 0.07228751 0.06208284 0.02958853 0.04146779 0.2227823 0.001210622 0.1463227 0.01668269 0.08199842 0.04038026 0.1365944 0.07369228 0.3756986 0.2344538 0.08637839 0.2741868 0.3956655 0.3298445 0.09462988 0 0.02802892 0.05605552 0.01992996 0.02098217 0.05873766 0.01100014 0.1616184 0 0.03985991 0.03155995 0.2018141 0.2278757 0.1105652 0.06975926 0.07049667 0.2198272 0.08538935 0.05000718 0.05978987 0.03538479 0.05332969 0.02492281 0.01521775 0.02198206 0.07753199 0 0.01793863 0.2264069 0.8698009 0.8065027 0.3794467 0.7391341 0.5321253 0.04468901 0 0.01513997 0.01992996
0.01992996 0.02794228 0.06382895 0.05687827 0.2747223 0.05960685 0.01030287 0.1818138 0.03059716 0.1142899 0.03524198 0.07435279 0.01385312 0 0.01992996 0 0 0.04689717 0.165869 0.03126664 0.1943757 0.1626481 0.08256168 0.1470021 0.03106915 0.04566425 0.1168778 0.01012924 0.3529985 0.1626501 0.009964978 0.01992996 0.03452307 0.1098229 0.04748887 0.0439046 0.002834084 0.01271731 0.6261705 0.8883563 0.2926384 0.07145013 0.05350698 0.1293806 0.08992965 0.02020826 0.004391955 0.09644297 0.06065897 0.06328925 0.009964978 0.01992996 0.1196262 0.01745023 0.0852658 0.2281137 0.2285236 0.1610251 0.135152 0.6641437 0.1523628 0.009713962 0.0007815982 0.3335809 0.02875696
0.136901 0.01992996 0.05918564 0.1858712 0.04345311 0.1109863 0.1480014 0.03985991 0 0.3519444 0.08613115 0.1692598 0.09898153 0.03407843 0 0 0.1859104 0.2059867 0.1483172 0.002880941 0.0171738 0.06029443 0.05063131 0.171409 0.07307242 0.02989493 0.02989493 0.004437059 0.03856187 0.02562532 0 0.04317794 0.0169186 0.0126324 0.2442214 0.2100483 0.1107533 0.08717456 0.4961351 0.8620611 0.4325699 0.2356008 0.02022041 0.02015112 0.09649625 0.2124223 0.4401622 0.136269 0.09692768 0.1237893 0.01992996 0.02989493 0.08586484 0.1380277 0.1542345 0.1894535 0.03237126 0.06790163 0.08595031 0.07201914 0.03536904 0 0.0009637667 0.1042708 0.0007932718
0.1762412 0.08502488 0.3113929 0.02752291 0.03192461 0.1088225 0.1120333 0.06880403 0.1698571 0.1734334 0.125136 0.300177 0.1345522 0 0.01992996 0.04965174 0.3356515 0.2447296 0.1096213 0.03860969 0.03858523 0.02989493 0.01992996 0.09533376 0.009964978 0 0.04903508 0.1726503 0.02087593 0.1228119 0.1805009 0.04492621 0.03500628 0.1570505 0.2986729 0.03548817 0.05184001 0.33139 0.3446025 0.4828352 0.2946385 0.2872151 0.02514906 0.1008376 0.3155272 0.6574587 0.4322717 0.0838883 0.03379026 0.2273799 0.02989493 0.09951428 0.4988395 0.5825369 0.1849896 0.3461815 0.2228915 0.172132 0.08364786 0.122033 0.02372196 0.009964978 0 0.004845582 0.002741929
0.1242024 0.3251531 0.1533523 0.1626952 0.2865932 0.1884431 0.07551758 0.08291475 0.04492825 0 0.009964978 0 0.07725757 0.1517544 0.2548917 0.326539 0.04914543 0.04686211 0.04982489 0.1632681 0.2317583 0.03549207 0.01725848 0.01892411 0.01992996 0.05014415 0.1153736 0.3235132 0.01992996 0.0322546 0.01384151 0 0.04679875 0.002753874 0.1268113 0.0379973 0.04375302 0.1002788 0.06037382 0.04033618 0.1451511 0.4776005 0.08493077 0.140883 0.2163917 0.2605023 0.1929882 0.1393077 0.1565372 0.4616451 0.1517262 0.09986102 0.117832 0.2265336 0.1474592 0.04180419 0.2195556 0.08747333 0.0003450138 0.2075265 0.1048033 0.01240289 0.037422 0.08655094 0.09873711
0.01193611 0.07043149 0.2451932 0.2067544 0.1176883 0.2682592 0.0809296 0.1300767 0.3067658 0.05825115 0 0 0.1295447 0.01186077 0.1612924 0.3665064 0.1333656 0.1192336 0 0.04201864 0.1971817 0.01371308 0.04932988 0.02062294 0.06995195 0.05451642 0.05546246 0.08201571 0.01309293 0.01992996 0 0.01992996 0.043083 0.009964978 0.0989406 0.1651989 0.003901071 0.0940294 0.03868017 0.01114473 0.1424386 0.06314965 0.03562197 0.06456654 0.09959601 0.02662202 0.2233014 0.3600815 0.2023285 0.7090352 0.4568997 0.1427109 0.1553802 0.03325784 0.01992996 0.01281895 0.07689615 0.06312706 0 0.03358417 0.1626019 0.03004312 0.2207149 0.1469543 0.09678424
0.3829097 0.02013817 0.1290635 0.03196145 0.06153556 0.1963743 0.2597149 0.0206794 0.1746984 0.2622004 0 0 0.2116462 0.00813602 0.03195249 0.1327216 0.06587276 0.06931687 0.009964978 0.1017957 0.01732513 0.02074197 0.05373983 0.08004847 0.0152904 0.03729215 0.09729534 0.1809461 0.1802111 0.06598704 0.2006067 0.2404113 0.04633624 0.06975485 0.1106674 0.0491183 0.0439952 0.06561957 0.01992996 0 0.020488 0.0293369 0.04015884 0.1355357 0.05344623 0 0.02697839 0.1280697 0.2513104 0.6482742 0.2616628 0.2478729 0.1562447 0.08334597 0.03985991 0.08371539 0.06379149 0.2151026 0 0.1742011 0.3379768 0.0241173 0.05075267 0.2748296 0.0925925
0.2407971 0.1084316 0.1295391 0.02989493 0.2234479 0.221735 0.1403389 0.119715 0.3202006 0.7231005 0.09350233 0.1211046 0.545445 0.1303158 0.007717368 0.106586 0.05440388 0.02714952 0 0.2408841 0.04157211 0 0.03985991 0.1160213 0.1792902 0.05112324 0.04856012 0.3499017 0.2757118 0.002161145 0.1521355 0.06736001 0.02894218 0.009964978 0.02722397 0 0.1151877 0.05092074 0.1112565 0.05977251 0.001686024 0.08116334 0.1375559 0.01365257 0.1340039 0.2448172 0.06687522 0.09159169 0.1746742 0.1504866 0.03862911 0.244199 0.5294608 0.249571 0.0348976 0.1124948 0.009964978 0 0 0.242372 0.1921739 0.1450298 0.06523755 0.009964978 0
0.2249867 0.1271175 0.1449298 0.04165959 0.5692323 0.6728618 0.4691291 0.2423469 0.2590579 0.2171436 0.2464621 0.4404854 0.145649 0 0.06591831 0 0.04736012 0.1938439 0.01992996 0.08895467 0.0006724651 0.01992996 0 0.15079 0.06236138 0.03029808 0.1481608 0.04773532 0.1517213 0.05811109 0.02370872 0.1167819 0.09337355 0.24546 0.249963 0.1122231 0.04315608 0.1153892 0.02200427 0.01134952 0.04391684 0.2341096 0.03927319 0.009964978 0.03670385 0.06005247 0.02249428 0.4578633 0.3230228 0.4567813 0.1272675 0.4176632 0.4658804 0.1577494 0.1145636 0.05267665 0 0.01992996 0.02526561 0.1892889 0.04485663 0.01091717 0.2392166 0.06909866 0.02046971
0.2204373 0.3259807 0.1076895 0.05476474 0.3275386 0.8585777 0.3974178 0.2920954 0 0.0970589 0.4237351 0.1624689 0.2133903 0.1035124 0.4472649 0.01166608 0.1862444 0.2611448 0.2161265 0.323687 0.01029936 0.2275928 0.1145281 0.09586477 0.1814766 0.2599131 0.3022453 0.2138254 0.3558297 0.4204431 0.2958754 0.3113616 0.5071557 0.5762301 0.5391132 0.1856139 0.009964978 0.1288938 0.05096767 0.02851039 0.01607227 0.3403937 0.3261057 0.006315898 0.0402756 0.0651496 0.3802273 0.3111981 0.391093 0.4328845 0.3603679 0.5316556 0.8489959 0.1910694 0.03754342 0.007388245 0.03689282 0.03678872 0.1603245 0.483379 0.4801039 0.2820278 0.4585509 0.2121204 0.1337463
0.07947386 0.06549131 0.1007355 0.03049054 0.2396475 0.3780781 0.4577882 0.09211524 0.11329 0.3215464 0.5769944 0.3199397 0.1034576 0.3405767 0.1185932 0.05332471 0.08618549 0.2680972 0.200187 0.1605159 0.08626923 0.1429843 0.1148658 0 0 0.03316035 0.1062406 0 0.009802679 0.2269557 0.09006721 0.2316487 0.1176919 0.504429 0.5693019 0.04549216 0.009964978 0 0.1125674 0.03415308 0.009964978 0.306713 0.4390988 0.1493932 0.248909 0.2353527 0.3124631 0.3395844 0.3148142 0.6248344 0.8168752 0.6877461 0.4953806 0.0737398 0.08712286 0.1195221 0.02504361 0.08150913 0.04982489 0.01065913 0.3955273 0.5296221 0.1886628 0.09967019 0.08334815
0 -9999 -9999 -9999 0.100365 0.2125438 0 0 0.009617316 0.2399638 0.3375495 0.2899988 0.1686324 0.1717554 0.2563947 0.2775524 0.007233678 0.09255777 0.1595026 0.3009102 0.1022999 0.03673847 0.5427607 0.01742198 0.2269572 0.01992996 0.01120014 0.1898443 0.1058553 0.2417758 0.1439526 0.4390107 0.1861798 0.2329001 0.3408425 0.3412509 0.03985991 0 0.1681349 0.01398891 0.1618727 0.3209724 0.5567161 0.4914529 0.5131963 0.6382985 0.4999826 0.6641906 0.8425294 0.5448852 0.4916703 0.1820258 0.3853102 0.2712546 0.5623486 0.1923449 0.1488963 0.4408282 0.2138947 0.03148168 0.0128184 0.2325719 0.1648452 0.2976541 0.2418812
-9999 -9999 -9999 -9999 -9999 -9999 -9999 0 0.2029777 0.357577 0.2188219 0.073815 0.5063003 0.2711879 0.1605989 0.07840584 0.1483833 0.3223348 0.4308969 0.6715604 0.55859 0.1417658 0.8740098 0.2370197 0.3674947 0.5927389 0.5034349 0.4370744 0.4547389 0.2537817 0.6142496 0.3862244 0.08854461 0.1987237 0.2988445 0.1134008 0.3451896 0.2694693 0.261053 0.1613142 0.1635132 0.05023566 0.320669 0.2132236 0.7415544 0.86632 0.5325491 0.9399639 0.8030419 0.50352 0.588461 0.3221523 0.2120963 0.3525148 0.2905485 0.1568234 0.2210457 0.4312277 0.154737 0.2212313 0.1223693 0.1826651 0.2708044 0.3901179 0.4065499
-9999 -9999 -9999 -9999 -9999 -9999 -9999 -9999 0.0680983 0.2231544 0.1607082 0.02863637 0.330885 0.2407295 0.2196863 0.2287959 0.1562331 0.2823879 0.2450886 0.2933694 0.4684608 0.7281657 0.5614016 0.5303705 0.5043408 0.3607927 0.4911606 0.7237819 0.6427583 0.3872931 0.2930264 0.6018873 0.04599935 0.5572362 0.6238541 0.3570516 0.7627208 0.5554541 0.6105825 0.2841154 0.2731249 0.2684491 0.6405427 0.651027 0.6460696 0.3638309 0.5773866 0.9655384 0.8504768 0.7342111 0.8402881 0.4925619 0.2061657 0.5639977 0.6789412 0.1442647 0.3021896 0.143609 0.02674922 0.4924665 0.5330216 0.2071093 0.2593257 0.386844 0.7282603
-9999 -9999 -9999 -9999 -9999 -9999 -9999 -9999 0 0 0 0.03853508 0.2337336 0.3402552 0.2519985 0.2056787 0.1909375 0.08786431 0.4533814 0.2558008 0.3870708 0.422263 0.3158646 0.07118649 0.09250516 0.03126819 0.05946895 0.1221958 0.2367414 0.6014847 0.569087 0.7783753 0.4175658 0.5822992 0.3856876 0.1096148 0.3607055 0.6484182 0.3142502 0.1676229 0.2988603 0.6649666 0.5582771 0.3301402 0.1437483 0.6163651 0.7529973 0.7014511 0.7696512 0.6604853 0.77952 0.3262487 0.356558 0.768463 0.5474106 0.1584044 0.3696636 0.6937952 0.5603806 0.4136563 0.5864378 0.5132366 0.6043653 0.6139103 0.7702189
