EnvRasters/Baseline_Low/urban.asc
ncols         270
nrows         223
xllcorner     24099.479091542
yllcorner     21023.840179216
cellsize      1003.8986847201
NODATA_value  -9999
[rows 87 to 115 of 223, columns 195 to 259 of 270]
0.2178871 0.04702793 0.1165355 0.02694913 0.07425147 0.009964978 0 0.1223242 0.02584456 0.05152784 0.136195 0.3116147 0.02417137 0.009009128 0.2194901 0.4176102 0 0.0005241776 0.0931581 0.09333873 0.01992996 0.1252345 0.06425211 0.2482015 0.05677318 0.2104084 0.0303228 0.04927045 0.06082213 0.1239199 0.003809551 0.001506087 0.01992996 0.009964978 0.02989493 0.09049461 0.02132302 0.06975485 0.09274085 0.1842106 0.04164996 0.3840357 0.3452936 0.2046116 0.1609034 0.3820899 0.7247455 0.2474667 0.2486359 0.06172463 0.05490365 0.23302 0.05000403 0.3548648 -9999 -9999 -9999 -9999 -9999 -9999 -9999 -9999 -9999 -9999 -9999
0.002609136 0.08633158 0.3000796 0.06653821 0.001626945 0 0 0.3864218 0.07703755 0 0 0.1706995 0.4116971 0.117839 0.06692053 0.33061 0.06013829 0.3073033 0.4371778 0.4445865 0.4372479 0.3712916 0.4618487 0.3982152 0.254144 0.3541158 0.1742928 0.2375581 0.2024976 0.03385267 0.07861888 0.02690223 0.06927049 0.02989493 0.205001 0.2214146 0.04934626 0.01881526 0.02104465 0.009964978 0 0.07160751 0.3904489 0.1520069 0.06927701 0.4093887 0.1746032 0.3315088 0.3414888 0.05376033 0.3444403 0.1925711 0.272278 0.2171458 0.01514325 -9999 -9999 -9999 -9999 -9999 -9999 -9999 -9999 -9999 -9999
0 0.07493994 0.2756928 0.2797672 0.1189322 0.2720034 0.2421932 0.07094297 0.2940155 0.2368481 0.01157021 0.2064168 0.1565886 0.1478032 0.1401453 0.2662567 0.144965 0.02906446 0.6571435 0.2941116 0.6433954 0.446165 0.4569037 0.1097001 0.1151069 0.1046194 0.06014405 0.05554028 0.02451224 0.06630964 0.1207021 0.05695217 0.147557 0.09964292 0.2758822 0.6511455 0.09021825 0.01992996 0.1134722 0.009964978 0.009964978 0.05386094 0.1587977 0.2349622 0.06643932 0.03970918 0.008514942 0.08525965 0.1595381 0.04804911 0.2211277 0.2636013 0.1306713 0.006202487 0.02735475 -9999 -9999 -9999 -9999 -9999 -9999 -9999 -9999 -9999 -9999
0.09809081 0.0998711 0.2188284 0.4133104 0.0540521 0.1669008 0.1010217 0.005114701 0.08693621 0.07014648 0 0.081226 0.119496 0.04106296 0.5230319 0.5968927 0.5044718 0.6513441 0.8417889 0.4879584 0.5730276 0.6462412 0.295672 0.2792046 0.2501449 0.1121177 0.04915268 0.07403774 0.06350543 0.09486502 0.02360602 0.1589713 0.007963113 0.06619884 0.1188894 0.1215362 0.0212109 0.06916063 0.1462115 0.01991837 0.1355641 0.1007233 0.116142 0.06270487 0.04650132 0.02329102 0.06450484 0.1077019 0.03321076 0.1879926 0.1807325 0.2226563 0.1464982 0.07874652 0 0.009964978 -9999 -9999 -9999 -9999 -9999 -9999 -9999 -9999 -9999
0.1968613 0.1716975 0.1175815 0.1274254 0.1306432 0.05130274 0.1555932 0.1934081 0.01470259 0.06864052 0.004034963 0.2855396 0.2636046 0.3745865 0.2404419 0.6181743 0.5271676 0.5051855 0.3286893 0.6770307 0.6558184 0.5015926 0.5914235 0.1627887 0.2290432 0.3713332 0.1082651 0.2958528 0.04638091 0.1275075 0 0.08871513 0.04043361 0.01582586 0.1081383 0.1012916 0.03985991 0.06655645 0.000180839 0.009964978 0.4577617 0.1804749 0.05322868 0.02296598 0.1829896 0.1845598 0.06304334 0.1006503 0.2636938 0.185612 0.1626699 0.1050991 0.1097805 0.2026681 0.1619815 0.06746418 0 -9999 -9999 -9999 -9999 -9999 -9999 -9999 -9999
0.08883327 0.2945509 0.05848158 0.01992996 0 0.2059877 0.3213024 0.6057262 0.2643926 0.4469732 0.5456483 0.6310008 0.5413476 0.6426302 0.5105093 0.6481882 0.5507579 0.4680722 0.600207 0.8407968 0.5849578 0.7295463 0.5460528 0.4071942 0.06065636 0.3546109 0.1609995 0.05137345 0.06763563 0.01587659 0.04770816 0.1057633 0.06384388 0.06314173 0.126509 0.1231143 0.07981721 0.08088972 0.02997 0.1113016 0.2583086 0.06899368 0.170903 0.1805557 0.02049147 0.04990274 0 0.1497255 0.2752555 0.08355029 0.1675811 0.05011281 0.2245314 0.3563369 0.2358752 0.06737531 0 -9999 -9999 -9999 -9999 -9999 -9999 -9999 -9999
0.1623058 0.04202563 0.08268428 0.1690408 0.0001607533 0.04712162 0.1139391 0.6220234 0.5010118 0.614191 0.6663169 0.8462552 0.7479059 0.8277874 0.5787282 0.7530802 0.7016461 0.650635 0.8585972 0.9070313 0.6652465 0.5578088 0.26406 0.5070436 0.3445526 0.2079146 0.1737023 0.09388421 0.04562548 0 0.0619066 0.1083556 0.05693394 0.09718488 0.3090014 0.01415388 0.1170306 0.0326895 0 0.1065703 0.0269288 0.1385426 0.3286651 0.670531 0.4065401 0.1120714 0.1072994 0.04242994 0.05118354 0.02379441 0.01372711 0.02989493 0.1411132 0.2597412 0.1490826 0.1269433 0.0358116 0.004048313 -9999 -9999 -9999 -9999 -9999 -9999 -9999
0.1103567 0.1676945 0.1826869 0.2552916 0.1746301 0.337504 0.22731 0.4359218 0.3042177 0.7391625 0.7919756 0.7976602 0.7773012 0.3099337 0.6139283 0.5027098 0.5361561 0.7242789 0.8057217 0.6735472 0.6326937 0.230701 0.3424005 0.3034376 0.513806 0.2421374 0.1159449 0.01717729 0.1018924 0.06855251 0.08370906 0.1404831 0.06526645 0.07106308 0.03396674 0.3134781 0.1832039 0.1565016 0.01074208 0.09098686 0.04891767 0.1291631 0.4929106 0.5354865 0.4769563 0.2154071 0.1389618 0.08805636 0.04874864 0.1347874 0.04219832 0 0.01671522 0.1007253 0.01715763 0.007609038 0 0.07098708 0.04231339 -9999 -9999 -9999 -9999 -9999 -9999
0.2011112 0.03771209 0.1032119 0.123372 0.1800552 0.2242927 0.372333 0.3510165 0.5323822 0.8135958 0.6301891 0.6549442 0.7468692 0.8019653 0.8323265 0.7672023 0.6984799 0.7315995 0.632393 0.6754415 0.1258778 0.2566727 0.3538829 0.220113 0.2520502 0.3557145 0.2344804 0.127585 0.08811089 0.1293238 0.2129278 0.6498104 0.5991156 0.3047017 0.0801781 0.1441769 0.118172 0.1623067 0.1864231 0.1199171 0.09562987 0.2396737 0.2302564 0.2382948 0.2771575 0.4888304 0.2384632 0.15582 0.3864997 0.1595633 0.005710167 0 0.01332462 0 0 0 0 0.0186799 0.03742426 -9999 -9999 -9999 -9999 -9999 -9999
0.053599 0.003193944 0.003662377 0.09469955 0.108781 0.08418139 0.6098069 0.6405413 0.6456729 0.3456997 0.7019036 0.8004473 0.8612071 0.883743 0.9334509 0.8871457 0.8643456 0.8139589 0.6648498 0.5873084 0.4437484 0.5078115 0.6251366 0.09285026 0.1584834 0.07732168 0.4404891 0.3885634 0.2295786 0.2137247 0.6338946 0.4097135 0.3107969 0.5163387 0.1990048 0.2453601 0.3595328 0.1885916 0.1666449 0.07690818 0.01937242 0.06603257 0.03382509 0.1708415 0.04049353 0.2598183 0.7135991 0.6933738 0.4753534 0.04563753 0.03858881 0.005119576 0.04646525 0.01992996 0 0 0 0 0 0 0.009964978 0 -9999 -9999 -9999
0.1195797 0.2397977 0.2034338 0.06464036 0.05303495 0.7153144 0.7206975 0.2937903 0.815098 0.4021412 0.7030306 0.7278571 0.9253854 0.754441 0.9659382 0.7716171 0.8774031 0.8627933 0.9202802 0.5282241 0.4818249 0.2074515 0.3224858 0.4080572 0.3384756 0.2972254 0.8253113 0.6863539 0.4190595 0.2064632 0.2648826 0.1932508 0.321046 0.2440768 0.3727864 0.2181679 0.2757416 0.2016007 0.04904797 0.05990875 0.09651401 0.3476945 0.03684431 0.4389315 0.111049 0.1106472 0.4497432 0.7601491 0.7547525 0.2343037 0.13346 0 0.02556618 0.004328754 0 0 0 0 0 0 0 0 0.009964978 0 0
0.02702244 0.1581819 0.4038929 0.2263663 0.2192544 0.6773539 0.3734099 0.4691844 0.6128303 0.764778 0.6241748 0.6856112 0.6533138 0.5723466 0.9049333 0.7812271 0.9405384 0.9016955 0.7365833 0.5203741 0.4166782 0.8140562 0.309508 0.5911737 0.472077 0.3047801 0.4041235 0.3133174 0.2289286 0.1233157 0.06071014 0.1407949 0.1904963 0.6180292 0.3252561 0.4267359 0.0190509 0.1302155 0.01786564 0.07634391 0.07881726 0.5984381 0.02614717 0.04104356 0.1455117 0.1874973 0.09329902 0.4494396 0.6788995 0.2033113 0.03240046 0.169735 0.004320791 0 0 0 0 0 0 0 0 0 0.02989493 0 0
0.2625391 0.2038582 0.1516597 0.1552063 0.2244637 0.1140421 0.3915707 0.2391513 0.4985574 0.7122198 0.9021455 0.8681425 0.8418767 0.8484482 0.7060917 0.53518 0.2968187 0.4491119 0.7184168 0.7307087 0.2453834 0.5061157 0.550959 0.2686783 0.345121 0.3768989 0.2180406 0.04918312 0.2491233 0.3583041 0.1204327 0.189965 0.122223 0.1535434 0.367476 0.5222026 0.4511737 0.4005128 0.2408976 0.1018738 0.0650979 0.1144382 0.1672947 0.2114197 0.03620231 0 0 0 0.03985991 0 0 0.01617641 0.04982489 0.009964978 0 0 0 0 0 0 0 0 0 -9999 -9999
0.3221301 0.262309 0.2674741 0.6400608 0.2952738 0.1646007 0.5521519 0.7546629 0.8487445 0.8277005 0.9183901 0.8003933 0.7958053 0.8834579 0.665421 0.606429 0.4228397 0.7819754 0.8420514 0.6392392 0.3074632 0.3068486 0.2028693 0.07259011 0.2869751 0.1579148 0.02094641 0.118477 0.1516725 0.08155404 0.08804455 0.02067393 0.03123987 0.4391304 0.6410246 0.9233052 0.8383574 0.7746347 0.6360403 0.1196383 0.1034696 0.04953578 0.006236714 0.09756298 0.04836774 0.03025131 0.02040054 0 0.01992996 0 0 0 0 0.009964978 0.01300463 0 0 0 0 0 0 0 0.009964978 -9999 -9999
0.4406393 0.05508087 0.165685 0.3910005 0.3585935 0.3896517 0.6125293 0.6555798 0.391681 0.4369263 0.9089 0.5263014 0.4183677 0.902142 0.9087517 0.7986431 0.7518595 0.7994675 0.7755466 0.3592323 0.3084761 0.1085829 0.08805715 0.1203639 0.08139968 0.0486076 0.1694046 0.1874666 0.1201093 0.03983917 0.2889872 0.07905318 0.2676924 0.587851 0.8823741 0.9916247 0.8544204 0.7405811 0.5675108 0.1322868 0.02339763 0.01646228 0.02945881 0.08802107 0 0 0.004869423 0 0 0 0 0 0 0 0.0168903 0.01799756 0.004602098 0 0 0 0 0 -9999 -9999 -9999
0.5214009 0.06533434 0.3384918 0.6689342 0.3856282 0.2853042 0.3770284 0.3109747 0.04753458 0.5667742 0.8193083 0.1722026 0.3897308 0.684079 0.989259 0.9640085 0.5540971 0.3908206 0.214612 0.22495 0.2589826 0.2750155 0.4306668 0.1954867 0.009964978 0.07909983 0.1225326 0.2221435 0.1795805 0.03047052 0.2296419 0.25846 0.3308142 0.2898787 0.4063098 0.5918516 0.5475649 0.3950983 0.250336 0.05460179 0 0 0.009964978 0.06975485 0 0.009964978 0 0 0.01478905 0 0 0 0 0 0 0 0.02722524 0.009964978 0 0 0 -9999 -9999 -9999 -9999
0.3532409 0.2604394 0.5604914 0.2911503 0.04982489 0.01992996 0.03498954 0.143678 0 0 0.0246492 0.03294546 0.6619414 0.6289864 0.7725964 0.5012472 0.6176797 0.4069882 0.5363329 0.5125071 0.282957 0.01359481 0.1165111 0.2255312 0.1503956 0.2666228 0.2694675 0.4084719 0.230256 0.1294772 0.1019891 0.5335371 0.2870302 0.1352282 0.009964978 0.2875282 0.4979293 0.0897243 0.245543 0.0176565 0.01992996 0.2035305 0.07545337 0.07303296 0.06671166 0 0 0 0.01982024 0 0 0 0 0 0 0 0 0 0 -9999 -9999 -9999 -9999 -9999 -9999
0.4566773 0.22527 0.3434463 0.1228271 0.006298448 0 0.01184583 0.08208685 0.01834291 0 0 0.02728673 0.3205116 0.2866037 0.01992996 0.3798098 0.1461944 0.5073489 0.4777192 0.633589 0.610567 0.2985482 0.3692649 0.0510804 0.05125744 0.1102654 0.1188847 0.1791703 0.01987167 0.0007880194 0.01111806 0.2279162 0.2395999 0.002641971 0.02219625 0.3922632 0.2420281 0.2259281 0.408635 0.04264502 0.05913553 0.0761677 0.1899693 0.3361658 0.1341809 0.009964978 0 0 0.00525062 0.009964978 0 0 0 0 0 0 0 0 0 -9999 -9999 -9999 -9999 -9999 -9999
0.2571173 0.1030036 0.08194824 0.2029028 0.04352644 0.04982489 0.2471124 0.5155212 0.5671754 0.1204933 0.05957393 0.05536516 0.05495307 0.07785232 0.1888798 0.2095953 0.3585262 0.03572996 0.2171521 0.2322844 0.3746569 0.415083 0.3100184 0.0812363 0.1574186 0.01114706 0 0.2187282 0 0.009964978 0.1010631 0.1420445 0.1960841 0.1265068 0.09802826 0.1564289 0.2300944 0.1213306 0.1469967 0.001671144 0.1098173 0 0.2085707 0.1183654 0.03374815 0.03625556 0.007999531 0 0 0 0 0 0 0 0 0 0 0 0 -9999 -9999 -9999 -9999 -9999 -9999
0 0 0.01601761 0.06019673 0.07971983 0.009964978 0.2023084 0.768298 0.7391636 0.5312691 0.2216117 0.3125059 0.3782577 0.03243529 0.06772404 0.4005368 0.4631889 0.06744118 0.06975485 0.06483985 0.1213307 0.4473751 0.1652922 0.434353 0.0186858 0.04036858 0.153162 0.3804155 0.02905628 0 0.02989493 0.07518476 0.5227895 0.09748956 0 0.03192454 0.2476466 0.2697212 0.03549177 0.005856799 0.1025435 0 0.0305888 0.03110928 0 0 0 0.01992996 0.003495388 0.02123616 0 0 0 0 0 0 0 0 0 0.01992996 -9999 -9999 -9999 -9999 -9999
0 0.01992996 0 0.1095984 0.09951785 0.04608945 0.2188751 0.3633079 0.2499749 0.2725787 0.1445023 0.07971983 0.2371522 0.1072829 0.4219788 0.6164839 0.3076661 0.03397689 0.06678048 0.26068 0.0714468 0.2291356 0.007809284 0.07664791 0.1373649 0.2858826 0.3202889 0.283865 0.008944152 0 0.1208305 0.03958391 0.4564924 0.0726421 0.0942415 0.0756714 0.08698259 0.193166 0.126556 0.2115146 0.109039 0.004935857 0.02126655 0.05857068 0.00245029 0 0 0 0.003760154 0.00140323 0 0 0 0 0 0 0 0 0 0 -9999 -9999 -9999 -9999 -9999
0.009964978 0.0331861 0.02660378 0.02167125 0.280664 0.1577089 0.08835556 0.1696748 0.04249917 0.004880499 0.08474664 0.009964978 0.03985991 0.2982371 0.2284311 0.2843905 0.2128732 0.1598289 0.0329599 0.0003692086 0.07924428 0.3812318 0.2561413 0.1300896 0.1894622 0.2082966 0.1576722 0.02781133 0 0.009964978 0.01054396 0.1090724 0.1310273 0.2545353 0.01882871 0.0009934439 0 0.1197053 0.1145529 0.3979329 0.1774995 0.1697514 0.03432442 0.1339027 0.001520539 0 0 0 0 0 0.009964978 0 0 0 0.01992996 0 0 0 0 0.1016288 0.07774086 -9999 -9999 -9999 -9999
0.1323294 0.01992996 0.1176594 0.1847459 0.102799 0.2797316 0.2482863 0.03415339 0.1087107 0.1637837 0.01134897 0.02832315 0.009964978 0.0488328 0.09133241 0.1637367 0.2033419 0.09958106 0.07694931 0.29211 0.1739264 0.4212827 0.1169107 0.2443135 0.2969972 0.1140411 0.1038128 0.05492002 0 0.05197486 0.1174298 0.0005423399 0.1116153 0.05778935 0 0 0.1972664 0.06732441 0.1435728 0.2103581 0.3144751 0.2842451 0.07990092 0.009964978 0.009964978 0 0 0 0 0 0.01695152 0.05280333 0 0 0.009758128 0.01352524 0 0 0.002338471 0.09086947 0.008780316 0 -9999 0 0
0.3961331 0.345659 0.2076988 0.2198929 0.2953545 0.1387008 0.03795286 0.004693407 0.03537332 0.1462597 0.1584189 0.1394842 0.0130847 0 0.08539657 0.4337136 0.2720258 0.1426615 0.0233428 0.07838769 0.1936586 0.4938204 0.2837006 0.1457794 0.1579099 0.042266 0.1318676 0.008571853 0 0.04015806 0.07222809 0.03711936 0.06975485 0.06873284 0.009964978 0.009964978 0.1295173 0.2366748 0.3433499 0.09133843 0.08954097 0.08614067 0.2664279 0.01640963 0.01992996 0.009964978 0 0 0 0.01992996 0 0 0 0 0.0300264 0.02641006 0 0.01362854 0.08749451 0.008824402 0 0.009964978 0 0 0
0.03808098 0.2195339 0.1012909 0.1926299 0.09012767 0.1289427 0.11355 0.006044331 0.1143164 0.03038143 0.08442952 0.2007846 0.01287651 0.007714147 0.0618634 0.04216194 0.08849153 0.1527502 0.02857517 0.05978987 0.1422612 0.06630702 0.2684059 0.03519962 0.1079671 0.1408831 0.05748501 0 0.02479231 0.1941391 0.04271653 0.016678 0.009964978 0.02994136 0.01257591 0.2720846 0.5174994 0.6402555 0.4979475 0.145873 0.0286876 0.05012922 0.1997258 0.03327965 0.01992996 0.01598763 0 0 0 0 0 0 0.01992996 0.02747309 0.06365386 0.0196944 0.002951808 0.03009751 0.06975485 0 0 0 0 0 0
0.01226555 0.01992996 0.03266394 0.005928372 0.009964978 0.05905716 0.02577406 0.06595732 0.008094952 0 0.1978216 0.1268387 0.1027479 0 0.1438246 0.03361083 0.1663389 0.112598 0.056069 0.07015486 0.1421554 0.08870385 0.2611842 0.1644326 0.1014176 0.3846402 0.00830365 0.03063132 0.04246025 0.1099711 0.1565299 0.1762812 0.07266718 0.1158455 0.2567669 0.7821015 0.6995643 0.3502645 0.1506147 0.3188017 0.01685053 0 0.09954007 0.08960111 0.1684038 0.1089132 0 0 0 0.009964978 0 0 0 0.1874721 0.1198004 0.02939914 0.07994843 0.007091243 0.009964978 0 0 0 0 0 0
0 0.2156609 0.1058316 0 0.2620238 0.07832441 0 0.04390972 0.03734633 0.01538007 0.02485896 0.2640476 0.225043 0.03985991 0.02096361 0.2030744 0.2860915 0.1707457 0.1333963 0.07384527 0.2175143 0.1838186 0.2182399 0.2633445 0.3480339 0.3715249 0.05776421 0.1702078 0 0.02615566 0.1133546 0.2000909 0.08382373 0.03710182 0.07699679 0.3822706 0.1617821 0 0.06753641 0.3490726 0.02137082 0 0.07007825 0.2952188 0.1275538 0.0266175 0 0 0 0.009964978 0 0.08409172 0 0.2029111 0.1662864 0.181359 0.1229167 0.00233695 0.07216812 0.2269457 0.002081773 0.01992996 0.001509244 0 0
0.06110409 0.2063203 0.09001593 0 0.1222451 0 0.07240448 0 0.06230346 0.02914806 0.1570423 0.08225264 0.02983727 0 0 0.3409778 0.141428 0.1670296 0.08308909 0.04259363 0.01577086 0.1592808 0.5616896 0.1867341 0.03713675 0.17731 0.1777234 0.2440629 0 0.009964978 0.06980336 0.07386672 0.05462998 0 0.2052602 0.02634473 0 0.01992996 0 0.001587171 0.02083901 0.009964978 0.08082235 0.05420309 0.1628301 0.08392353 0 0 0 0.08390816 0.1149729 0.05033179 0.0609615 0.2377432 0.08538999 0.1206421 0.03671115 0.0511643 0.07655212 0.3208482 0.1453659 0.05406772 0.1048028 0.009964978 0
0.04256994 0.01513109 0 0.1222021 0.09254054 0.02989493 0.1069651 0.01022228 0.02163443 0 0 0.05978987 0.01524916 0.004519037 0.05715132 0.1880357 0.01785811 0 0.007037079 0.01396822 0.2179737 0.2945539 0.3179275 0.1355567 0.1909055 0.3227464 0.2614765 0.1496461 0 0 0.0398114 0.04793523 0.2108905 0 0.04090441 0 0 0.06975485 0 0.009964978 0 0.01725023 0.1974719 0.1227212 0.02994282 0.1889023 0.0285687 0 0.01948461 0.2497204 0.2346298 0.06514654 0 0.0369807 0.2403528 0.04188554 0.1063229 0.02280724 0 0.06730267 0.1146773 0.3425421 0.05940431 0 0
