EnvRasters/Baseline_Low/urban.asc
ncols         270
nrows         223
xllcorner     24099.479091542
yllcorner     21023.840179216
cellsize      1003.8986847201
NODATA_value  -9999
[rows 58 to 86 of 223, columns 0 to 64 of 270]
-9999 -9999 0.009964978 0.03112575 0.01513348 0.03998442 0.1634333 0.1033904 0.08994916 0.05733534 0.1527582 0.02327677 0.07415917 0.04592118 0.004506746 0.0530237 0.009964978 0.04982489 0.05417434 0.01544477 0.08978328 0.09232194 0.08340415 0.2101459 0.2953492 0.6152656 0.4452657 0.06654537 0.1106083 0.1293966 0.6384789 0.1861254 0.06177237 0.06777193 0.4853296 0.7652656 0.1928221 0.3955644 0.6426838 0.2364057 0.1434688 0.1633985 0.2888494 0.7799433 0.324481 0.2156896 0.3869362 0.132351 0.1378886 0.1565629 0.09495787 0.2439403 0.2275098 0.5410409 0.1090767 0.03832888 0.05975823 0.07585415 0.1292568 0.07211107 0.3092032 0.1909319 0.2120741 0.04055856 0.0210175
-9999 -9999 0 0.0386291 0.08164612 0.03309781 0.05737013 0.03752754 0.04274889 0.07683085 0.04997542 0.0365131 0.01414934 0.03733791 0.02538023 0.009964978 0 0.01992996 0.08968481 0.04842988 0.1097132 0.06747798 0.05020729 0.3961832 0.1724314 0.327853 0.01373068 0.02865319 0.1198947 0.160014 0.4772428 0.2993112 0.0299454 0.1365584 0.2011232 0.4117961 0.1723681 0.4359965 0.8775491 0.896209 0.2850748 0.2135046 0.3870985 0.5552617 0.1670712 0.08466431 0.1497213 0.1047468 0.1554814 0.06753337 0.1291393 0.1691976 0.1250673 0.08722281 0.1206745 0.05983068 0.05942854 0.104818 0.2145536 0.08352447 0.1776735 0 0.2286395 0.07958408 0.1694093
-9999 -9999 -9999 0.009964978 0.05447084 0.04010536 0.03985991 0.04123592 0.03297354 0.04131575 0.01249561 0.06006818 0.03022529 0.005546405 0.02989493 0.01790343 0.124057 0.02989493 0.1743847 0.2343808 0.1070323 0.07005356 0.07005918 0.08150009 0.07967807 0.01992996 0 0.0467229 0.0793464 0.1201268 0.05856977 0.3417196 0.1949759 0.3220721 0.1894356 0.1229603 0.5631568 0.9800701 0.9407569 0.3587774 0.2333058 0.4168917 0.1595142 0.1884272 0.1037373 0.05691519 0.3149679 0.05020729 0.1997446 0.2473333 0.4117388 0.1431617 0.3707007 0.07256526 0.1385114 0.1458723 0.07215514 0.1112554 0.5676015 0.3015393 0.02989493 0.1581122 0.1307276 0.2295241 0.288401
-9999 -9999 0 0.01190485 0.115383 0.04733524 0.04472529 0.03630727 0.01816919 0.03586667 0.1136284 0.01992996 0.01329493 0.005139286 0.3259945 0.02052241 0.09202585 0.04178457 0.02663294 0.2111749 0.0606338 0.09631734 0.07073468 0.03200771 0.02970827 0.01990281 0.0176826 0.1308446 0.1599393 0.04079115 0.1309692 0.2042214 0.1588837 0.1297914 0.1039562 0.1441972 0.4920643 0.9058866 0.9434124 0.8061391 0.5793492 0.2228142 0.1424889 0.08197818 0.2562011 0.1103445 0.1831453 0.11978 0.1621655 0.6059984 0.5932567 0.1186492 0.2212707 0.1263042 0.201487 0.1745723 0.09886409 0.09679344 0.08833846 0.0608739 0.1010463 0.1309282 0.05036741 0.4111979 0.6074755
-9999 -9999 0.01992996 0.07203304 0.1317676 0.005146021 0.1627033 0.02199454 0.07532289 0.009964978 0.07028686 0.08716612 0.04816366 0.0713324 0.05382321 0.07298449 0.05978425 0.04436992 0.03342525 0.05835967 0.02989493 0.04982489 0.03717573 0.1036353 0.1292367 0.1408 0.08842161 0.06323685 0.09062634 0.09775902 0.07152954 0.1685644 0.1224822 0.4275427 0.4046201 0.2019792 0.5233963 0.9215264 0.9765635 0.893992 0.7885324 0.3804631 0.201858 0.2001525 0.2171061 0.1852293 0.2442887 0.162167 0.1993343 0.7956814 0.5387148 0.1175741 0.1458645 0.1337524 0.2534418 0.09465699 0.03545097 0.3112656 0.1491906 0.1448124 0.2461098 0.1594043 0.3115085 0.2386095 0.3725328
-9999 0.04364139 0.1091711 0.01447765 0.03985991 0.03471389 0.07651369 0.05764533 0.02449783 0.1665064 0.1468829 0.2448683 0.03524604 0.03316115 0.06149284 0.03093253 0.04236626 0.05399004 0.02690317 0.1192114 0.08430178 0.06245129 0.03025131 0.1677061 0.1693989 0.1007703 0.0692181 0.04990125 0.1096673 0.2351283 0.5915899 0.1988805 0.109815 0.3015901 0.1893238 0.1868338 0.5411673 0.8916137 0.9371827 0.9173953 0.7794952 0.4988486 0.5122135 0.5374799 0.2285816 0.08058735 0.2420731 0.4410716 0.3590379 0.1224925 0.2456018 0.2160001 0.1720407 0.1648676 0.1914905 0.10379 0.04116957 0.3973522 0.268644 0.5200458 0.2340062 0.3432899 0.6388784 0.2078016 0.1706623
0.001885689 0.01804427 0.04125059 0.2371996 0.06418353 0.02677063 0.08835357 0.1430277 0.04390663 0.09152875 0.1180409 0.06567779 0.1291953 0.04580576 0.04411308 0.02455871 0.08484304 0.09330668 0.0800064 0.07311084 0.1002967 0.04982489 0.05978987 0.08861757 0.04365663 0.07861746 0.2790031 0.1496734 0.09998754 0.1006884 0.190392 0.07298055 0.08782078 0.1023093 0.1442423 0.08859279 0.1231381 0.6248956 0.5558707 0.5721478 0.5657657 0.6493298 0.7971192 0.846412 0.8325848 0.6862875 0.6768703 0.739678 0.1250344 0.09468007 0.1254749 0.154483 0.2006427 0.3126489 0.3551628 0.08589064 0.2181235 0.4358127 0.4427911 0.2440945 0.3238276 0.6230537 0.5149426 0.1877851 0.04153576
-9999 0 0.07748314 0.1222996 0.01556257 0.02989493 0.05479791 0.16079 0.04886697 0.1009404 0.04902277 0.06055473 0.0999315 0.1324196 0.0589666 0.09853331 0.02654235 0.1343007 0.1011881 0.04152787 0.03985991 0.03985991 0.1746375 0.6160221 0.557251 0.1196275 0.3101746 0.0508762 0.04950519 0.02989493 0.1607012 0.08833397 0.03351827 0.05416855 0.1185698 0.08481551 0.1078544 0.3978423 0.1473256 0.2909508 0.3853049 0.2907029 0.6855361 0.8804055 0.9454201 0.5285813 0.4550098 0.6749206 0.3944308 0.3550661 0.4623763 0.3839283 0.7029729 0.6802279 0.3067987 0.4754074 0.1058588 0.3528637 0.136412 0.1468822 0.8117957 0.7748778 0.1766556 0.2023933 0.2554697
-9999 0.009964978 0.07372152 0.04563879 0.04790283 0.0568909 0.05481686 0.06373508 0.05617735 0.05406361 0.05978987 0.09152692 0.02424527 0.04627438 0.3178506 0.1316225 0.045427 0.02348188 0.1269916 0.1000362 0.05571955 0.09225472 0.1171915 0.1189527 0.2273599 0.05994039 0.03020239 0.07872131 0.03923213 0.07021157 0.2546923 0.1474023 0.0819459 0.1020303 0.1601924 0.1419273 0.09215318 0.2561148 0.1261356 0.0926429 0.20174 0.1119052 0.375962 0.8188127 0.826076 0.5006999 0.229904 0.6759479 0.4085869 0.1811194 0.3314287 0.2536781 0.5295328 0.3272096 0.4854902 0.7660694 0.403269 0.6573598 0.4195735 0.3039383 0.4969805 0.5948792 0.4234271 0.3862811 0.201778
-9999 0 0.01326607 0.02462018 0.1506399 0.3100752 0.02969639 0.03040015 0.05008799 0.08037491 0.0804586 0.07431299 0.01636138 0.1328952 0.1421627 0.0613811 0.1152437 0.05510436 0.1082503 0.5173927 0.2329578 0.08632935 0.03022529 0.03943887 0.1105954 0.1903789 0.03952429 0.05082341 0.03950716 0.06199661 0.3351229 0.3721125 0.1762248 0.3654396 0.2914778 0.06319479 0.2211778 0.4085629 0.3351738 0.1454839 0.1831667 0.10207 0.2373802 0.4344776 0.1818948 0.2737542 0.1753916 0.1585584 0.2047449 0.0743527 0.0607218 0.1627641 0.5575066 0.4463816 0.296941 0.6055388 0.3549887 0.8214789 0.6659387 0.07052794 0.2308704 0.1512714 0.5741096 0.3272774 0.1778579
-9999 0 0.02989493 0.03179407 0.0540734 0.1031858 0.03543203 0.1299499 0.1541699 0.03470122 0.02989493 0.06606412 0.05351563 0.04666474 0.05012922 0.07076547 0.4850283 0.225518 0.005457611 0.1616978 0.4578454 0.04140013 0.0704122 0.01041222 0.1498406 0.1283612 0.04982489 0.05065063 0.04278458 0.1722566 0.1962583 0.05777647 0.1080932 0.6459314 0.3674135 0.1130403 0.1288962 0.3833371 0.08480665 0.1463717 0.1397045 0.2282737 0.1512687 0.126165 0.1184876 0.2904499 0.7062663 0.2497988 0.2105015 0.3098113 0.2319977 0.1296817 0.5705501 0.3589745 0.5007986 0.4331551 0.3250323 0.4923591 0.9410404 0.8490051 0.7087469 0.3453355 0.3542132 0.1223972 0.09215279
-9999 0.01992996 0 0.03813922 0.03142222 0.01349105 0.05457348 0.0451975 0.1407917 0.02979477 0.0861242 0.04756377 0.03354427 0.06975485 0.08332989 0.03971139 0.02852149 0.09716342 0.06248986 0.03111034 0.5907611 0.35172 0.04872121 0.132616 0.1090791 0.03971821 0.01992996 0.04298478 0.306654 0.3578885 0.06653331 0.07366759 0.06775068 0.06250992 0.04688066 0.09142218 0.08210491 0.09098608 0.1228031 0.141874 0.1833937 0.2722907 0.2572878 0.1428902 0.1854557 0.3975081 0.4843901 0.1714218 0.2972892 0.3878963 0.4123106 0.3911119 0.1181177 0.3495699 0.8887286 0.5564712 0.1283649 0.3251523 0.7644867 0.7943946 0.7778732 0.5950457 0.5792128 0.1219312 0.1998625
-9999 0.003803508 0.1885774 0.06024472 0.1234557 0.08502186 0.04253024 0.07868551 0.04078451 0.2216913 0.2602834 0.02989493 0.05614054 0.01355664 0.03362824 0.01992996 0.07631288 0.05040752 0.240953 0.1179263 0.295825 0.6355908 0.2537994 0.1673019 0.1803622 0.1608687 0.1940063 0.3683282 0.5015095 0.1860373 0.03170048 0.06120727 0.03707375 0.0527114 0.09448761 0.115403 0.1215939 0.1582497 0.06790132 0.3081107 0.09452514 0.4763759 0.5073063 0.1097369 0.1206112 0.1097264 0.4002928 0.06001613 0.3600163 0.1533268 0.2931969 0.5406744 0.4729758 0.6390694 0.4366346 0.2619521 0.1243564 0.1983685 0.4614824 0.5189336 0.7947962 0.5189902 0.3120335 0.07774889 0.08957116
-9999 0.01395066 0.1947822 0.06517997 0.04059168 0.1108906 0.08245069 0.04293723 0.1758912 0.6982858 0.8878861 0.5377703 0.1099191 0.2184595 0.2267421 0.07240797 0.4113452 0.3071886 0.05002185 0.2013078 0.598529 0.9095671 0.4525497 0.1972418 0.07836027 0.04361965 0.3180267 0.1679534 0.05740899 0.1701272 0.1117011 0.02697069 0.01992996 0.0418962 0.1337657 0.191117 0.07037569 0.4560608 0.446516 0.1001295 0.08866173 0.2677579 0.3629895 0.1830888 0.1761146 0.2475007 0.1318534 0.3480582 0.7757607 0.3697771 0.7414213 0.6796572 0.4810685 0.5166902 0.2866012 0.275944 0.3077141 0.6241078 0.2803252 0.5285715 0.7684854 0.1114007 0.2278943 0.2858088 0.07999207
-9999 0 0.03985991 0.0277343 0.05221413 0.01992996 0.04027179 0.08991106 0.1226889 0.5874771 0.8549041 0.6506028 0.05525455 0.05667557 0.1041733 0.04173144 0.2684443 0.5882558 0.1231824 0.5401292 0.8715069 0.8751916 0.8002568 0.297886 0.1315113 0.2531668 0.1773201 0.2814263 0.0373637 0.05978987 0.2327165 0.3236707 0.03644918 0.05002746 0.03585643 0.2872813 0.6117623 0.1571431 0.481705 0.04332294 0.2384647 0.3354422 0.5563748 0.2652347 0.06713083 0.3497019 0.7249747 0.8291767 0.9601401 0.8930904 0.5831879 0.9502848 0.5565122 0.4577181 0.8682377 0.409047 0.5983255 0.3321865 0.4005378 0.244021 0.04913424 0.2403801 0.2898376 0.1725079 0.2130098
-9999 -9999 0 0.04181676 0.04181533 0.01992996 0.04982489 0.05509126 0.1727566 0.1068752 0.1180988 0.08092929 0.08968481 0.0515978 0.05109033 0.03985991 0.02719933 0.02499256 0.03224661 0.2352088 0.6268991 0.3158261 0.1983978 0.1851895 0.08534094 0.1098774 0.2523264 0.2449249 0.1701827 0.2160516 0.2525397 0.1071716 0.02989493 0.08802315 0.1924369 0.187004 0.3468589 0.2300003 0.1626723 0.08250385 0.5791065 0.4922227 0.739685 0.682496 0.6037355 0.7251324 0.3741983 0.7204036 0.8455113 0.5732226 0.9001036 0.8028699 0.5161102 0.3998764 0.7594667 0.477665 0.2955697 0.3016237 0.1489162 0.1631179 0.4206159 0.2360425 0.2880746 0.159581 0.09674346
-9999 -9999 0 0.02530501 0.04444984 0.08113514 0.08598184 0.07488791 0.09502606 0.05284114 0.01562648 0.07974023 0.03985991 0.04982489 0.02989493 0.02989493 0.009964978 0.04723901 0.02761855 0.101993 0.2643006 0.1560152 0.0699314 0.1761582 0.1515668 0.08349884 0.07550931 0.09530883 0.3563539 0.1745476 0.250401 0.09644539 0.07464743 0.1019725 0.04079719 0.1247283 0.07228507 0.16036 0.02127899 0.03316446 0.6341995 0.3058263 0.3410617 0.7304949 0.6712819 0.717593 0.6833552 0.8191411 0.7973636 0.7730514 0.9050678 0.7481686 0.5889035 0.4018241 0.293512 0.1907638 0.713362 0.7990689 0.5423794 0.1737912 0.05903007 0.1619057 0.5247081 0.1409024 0.06012983
-9999 -9999 -9999 0.005609269 0.02428567 0.1391589 0.1350024 0.09312753 0.07701587 0.05726349 0.05978987 0.04800227 0.2553576 0.03740923 0.06290125 0.05549698 0.02697705 0.4262898 0.1299239 0.06790993 0.07675535 0.1264661 0.03131581 0.06401935 0.2348121 0.01989831 0.02989493 0.02986718 0.04331106 0.06182616 0.1057432 0.07037064 0.1072808 0.1177651 0.09106433 0.1724157 0.09969621 0.1056876 0.03131702 0.1299799 0.09312297 0.361553 0.3832181 0.22413 0.5536653 0.8171734 0.7743795 0.8622465 0.937761 0.8547207 0.7507427 0.7509024 0.4295212 0.2748277 0.1612836 0.2334027 0.3936239 0.2077431 0.3468413 0.0943723 0.1114732 0.10298 0.172254 0.3026335 0.3427571
-9999 -9999 -9999 0.04150384 0.05814595 0 0.03985991 0.04689468 0.02286017 0.02516029 0.05978987 0.03833243 0.1594583 0.07390251 0.05601073 0.03385848 0.107239 0.0620732 0.04982489 0.07259756 0.1910118 0.103124 0.05319104 0.2518962 0.06774893 0.04695871 0.05275496 0.1466773 0.0833075 0.08617211 0.2240292 0.06029677 0.1223078 0.1952236 0.6058378 0.3034882 0.2118347 0.2705878 0.2704616 0.1065454 0.1464598 0.9328599 0.6405118 0.4427512 0.5693271 0.4040614 0.6540614 0.8954673 0.9657471 0.8120166 0.4101744 0.2595935 0.7742767 0.8898339 0.2742136 0.5130905 0.2044646 0.1559961 0.1193956 0.4857619 0.1874113 0.1538878 0.1055102 0.1311541 0.233533
-9999 -9999 -9999 -9999 -9999 -9999 -9999 -9999 -9999 0.01992996 0 0.1454631 0.02989493 0.04982489 0.07928677 0.130112 0.02683145 0.0203553 0.2120802 0.03474689 0.01992996 0.07100038 0.06774101 0.3236343 0.1627341 0.1117827 0.08968481 0.03972742 0.08705092 0.06228705 0.06161649 0.08711633 0.105077 0.1366132 0.6257461 0.2674267 0.2551931 0.7969664 0.5654129 0.1812117 0.4966217 0.9009364 0.9474639 0.3361059 0.575454 0.7440905 0.7427301 0.7618635 0.8057927 0.7344179 0.6032186 0.4164359 0.8081293 0.8541322 0.4857295 0.2296485 0.1258851 0.09365893 0.2997924 0.1940244 0.07602856 0.1388177 0.3766162 0.1871957 0.167461
-9999 -9999 -9999 -9999 -9999 -9999 -9999 -9999 -9999 0 0.009964978 0.2536364 0.02109636 0.02989493 0.06604064 0.1001279 0.04265306 0.001828686 0.1106245 0.02989493 0.02989493 0.04521284 0.067904 0.06091633 0.03985991 0.01067506 0.173279 0.02644439 0.04008108 0.1927055 0.01691961 0.0782307 0.09492988 0.1485317 0.07589229 0.2796879 0.9812651 0.9600937 0.6733606 0.3725738 0.2696393 0.3012437 0.6670268 0.3249683 0.5595761 0.4882317 0.7143803 0.361537 0.5015116 0.7103699 0.191415 0.09538974 0.5401539 0.2461019 0.3168319 0.0685572 0.1294871 0.0754381 0.2076296 0.1501182 0.1494913 0.1792154 0.1951187 0.05654748 0.1880292
-9999 -9999 -9999 -9999 -9999 -9999 -9999 -9999 -9999 -9999 0.07758512 0.2197285 0.1836722 0.162777 0.04660172 0.06653372 0.2436291 0.2377414 0.04304096 0.04375837 0.2195297 0.2595155 0.03238842 0.05891569 0.02714917 0.0827487 0.3026784 0.1021672 0.06837671 0.3231516 0.1191354 0.1937647 0.5068049 0.4269708 0.08420011 0.3977521 0.8140247 0.2432951 0.6412384 0.1377339 0.2786566 0.403479 0.7541273 0.6540965 0.1552738 0.5242772 0.5038453 0.3391419 0.06950753 0.2830524 0.02912359 0.15009 0.1412667 0.05870315 0.1942674 0.1728234 0.0573124 0.1219475 0.08190542 0.06551416 0.1363525 0.02629237 0.08904909 0.3016194 0.4424322
-9999 -9999 -9999 -9999 -9999 -9999 -9999 -9999 -9999 -9999 0 0.01542598 0.05968016 0.1076441 0.01002827 0.02315108 0.08004432 0.1346457 0.03985991 0.03764606 0.02938428 0.04689809 0.03738449 0.04024315 0.001847211 0.0008549823 0.04938067 0.1035404 0.3495994 0.613777 0.6672475 0.8365393 0.7129858 0.3142287 0.2800625 0.2255583 0.1363248 -9999 -9999 0 0.3550328 0.182616 0.1345499 0.2085756 0.3426529 0.5341024 0.3152224 0.1298311 0.180755 0.1935827 0.2551453 0.01399266 0.04618195 0.03647722 0.1685752 0.1328041 0.1614344 0.295914 0.3019356 0.2453694 0.2794055 0.2247703 0.1856935 0.3849156 0.2299026
-9999 -9999 -9999 -9999 -9999 -9999 -9999 -9999 -9999 -9999 -9999 -9999 0.05002746 0.09989879 0.08943581 0.03985991 0.03229697 0.06894924 0.0410126 0.0523398 0.009964978 0.1818686 0.1939285 0.01276992 0.1045794 0.07376307 0.1203082 0.0699997 0.4528067 0.6599301 0.06894676 0.3390455 -9999 -9999 0 0 -9999 -9999 -9999 -9999 0.1704527 0.3874967 0.5673581 0.2173878 0.2495945 0.5404273 0.2153514 0.2997596 0.3118945 0.4781453 0.1555794 0.1171667 0.1170014 0.08781034 0.0274899 0.1256219 0.4235708 0.2647717 0.1891891 0.4369195 0.7567592 0.2079898 0.268684 0.5026664 0.06032234
-9999 -9999 -9999 -9999 -9999 -9999 -9999 -9999 -9999 -9999 -9999 -9999 0.02571121 0.02971604 0.04445795 0.04267466 0.01309884 0.05978987 0.1323086 0.01982833 0.06990303 0.1533204 0.05869499 0.02246721 0.01395193 0.1964166 0.2457546 0.06950551 0.1694429 0.05555174 -9999 -9999 -9999 -9999 -9999 -9999 -9999 -9999 -9999 -9999 0.008674013 0.3133088 0.2063299 0.1926185 0.5485971 0.3579505 0.1320408 0.4870984 0.1661743 0.1180054 0.2594662 0.04922738 0.03089523 0.05319523 0.05623045 0.03101205 0.4982884 0.3856375 0.1047602 0.1239949 0.456243 0.05333962 0.1562113 0.5092587 0.02255817
-9999 -9999 -9999 -9999 -9999 -9999 -9999 -9999 -9999 -9999 -9999 -9999 -9999 0.01992996 0.05595336 0.02631867 0.1520604 0.1285603 0.07500994 0.04982489 0.009964978 0.04204567 0.03276975 0.0538483 0.1443124 0.3789985 0.07443939 0.03985991 -9999 -9999 -9999 -9999 -9999 -9999 -9999 -9999 -9999 -9999 -9999 -9999 -9999 0.1462024 0.7864647 0.556897 0.6075536 0.7746609 0.5660316 0.2370362 0.03490661 0.1141348 0.06345927 0.0957926 0.02989493 0.08253113 0.2568955 0.1184514 0.01546228 0.1210743 0.0856385 0.3683796 0.551044 0.1330349 0.1657176 0.254753 0.103171
-9999 -9999 -9999 -9999 -9999 -9999 -9999 -9999 -9999 -9999 -9999 -9999 -9999 0.02090763 0.02891726 0.03985991 0.2573509 0.0422849 0.01714003 0.02558928 0.05958041 0.03252535 0.03158623 0.02408102 0.3163373 0.0050812 -9999 -9999 -9999 -9999 -9999 -9999 -9999 -9999 -9999 -9999 -9999 -9999 -9999 -9999 -9999 0 0.8297078 0.9661547 0.961601 0.7818397 0.8093402 0.3817167 0.03855216 0.1246216 0.08546163 0.1335183 0.04687667 0.04643069 0.2889713 0.1933681 0.09087774 0.4006912 0.06859004 0.08190334 0.09612469 0.06541025 0.202245 0.1299146 0.2080503
-9999 -9999 -9999 -9999 -9999 -9999 -9999 -9999 -9999 -9999 -9999 -9999 -9999 0 0.01992996 0.04606634 0.04730238 0.0148494 0.08480038 0.01302885 0.1531885 0.0779091 0.1088457 0.09063473 0.1901887 0 -9999 -9999 -9999 -9999 -9999 -9999 -9999 -9999 -9999 -9999 -9999 -9999 -9999 -9999 -9999 -9999 0.2277743 0.8382304 0.8566011 0.8710849 0.2627892 0.3383042 0.3144108 0.1354464 0.1097908 0.0686074 0.3199318 0.07346816 0.01126628 0.05645461 0.07441299 0.04183964 0.05276088 0.03295736 0.1139364 0.06838508 0.06237133 0.1899637 0.270128
-9999 -9999 -9999 -9999 -9999 -9999 -9999 -9999 -9999 -9999 -9999 -9999 -9999 -9999 0.009964978 0.06059869 0.04147702 0.07715255 0.09250993 0.03985991 0.2355175 0.06466506 0.07005416 0.09723087 0.0241587 -9999 -9999 -9999 -9999 -9999 -9999 -9999 -9999 -9999 -9999 -9999 -9999 -9999 -9999 -9999 -9999 -9999 0.2926803 0.8688859 0.5991002 0.2692769 0.06296781 0.06765167 0.1435203 0.201746 0.8144654 0.6505113 0.3465876 0.0377285 0.03656542 0.2216481 0.1933771 0.2722201 0.1120733 0.02556626 0.01137278 0.06619649 0.02852379 0.04884411 0.07971983
