EnvRasters/Baseline_Low/urban.asc
ncols         270
nrows         223
xllcorner     24099.479091542
yllcorner     21023.840179216
cellsize      1003.8986847201
NODATA_value  -9999
[rows 29 to 57 of 223, columns 0 to 64 of 270]
-9999 -9999 -9999 -9999 -9999 -9999 -9999 -9999 -9999 -9999 -9999 -9999 -9999 -9999 -9999 -9999 -9999 -9999 -9999 -9999 -9999 -9999 -9999 0 0.3399141 0.3315845 0.8013185 0.7210661 0.4615979 0.01992996 0.03694177 0.09678737 0.0990693 0.03985991 0.009964978 0.1114217 0.02989493 0.09505191 0.04975538 0.02919594 0.09701306 0.1659559 0.07375687 0.08484357 0.5709666 0.6157838 0.1288369 0.2671489 0.0545257 0.04524858 0.06777709 0.0216939 0.01992996 0.3279549 0.4620609 0.07071422 0.1096495 0.04054795 0.1001148 0.04968915 0.05999727 0.04694597 0.001706562 0.05005115 0.07778701
-9999 -9999 -9999 -9999 -9999 -9999 -9999 -9999 -9999 -9999 -9999 -9999 -9999 -9999 -9999 -9999 -9999 -9999 -9999 -9999 -9999 -9999 0.00897467 0.3894294 0.8980757 0.6374508 0.431462 0.3439209 0.2686926 0.01796112 0.04816449 0.03550287 0.06011026 0.03716203 0.165518 0.04226672 0 0.0266749 0.02274275 0.02478415 0.02895482 0.06483818 0.04489758 0.3150345 0.6380737 0.5864507 0.5659937 0.5382479 0.082396 0.045525 0.07366508 0.2232419 0.1374269 0.07327051 0.1350253 0.1613387 0.1691824 0.08004618 0.0594257 0.0005521962 0.04318046 0.1968843 0.09052126 0.04791014 0.07227826
-9999 -9999 -9999 -9999 -9999 -9999 -9999 -9999 -9999 -9999 -9999 -9999 -9999 -9999 -9999 -9999 -9999 -9999 -9999 -9999 -9999 0.1261814 0.6932396 0.9899499 0.8772762 0.8168102 0.6785949 0.8155442 0.4958794 0.4070892 0.01265453 0.01992996 0.01992996 0.05306132 0.05273411 0.1113523 0.03985991 0.01900257 0.05075228 0.01992996 0 0.08178519 0.02246871 0.49166 0.7630174 0.8600333 0.8644549 0.3773149 0.07370275 0.36836 0.145551 0.09578484 0.06033599 0.07169993 0.07479683 0.03094437 0.01992996 0.05034473 0.1594534 0.1183413 0.1673776 0.4091447 0.1288173 0.006731244 0.05541822
-9999 -9999 -9999 -9999 -9999 -9999 -9999 -9999 -9999 -9999 -9999 -9999 -9999 -9999 -9999 -9999 -9999 -9999 -9999 0.0001649769 0.3059574 0.5896371 0.7055023 0.8944276 0.8914986 0.9287787 0.7321543 0.7197655 0.7981479 0.5483833 0.178 0.02682981 0.009964978 0.03014431 0.05138497 0.2399151 0.05552764 0.009964978 0.06281818 0.01220619 0 0.1523837 0.1693393 0.5237157 0.8476616 0.9770795 0.8883186 0.9293077 0.7422312 0.9371992 0.1892513 0.2165933 0.2403523 0.2248207 0.4672719 0.09223181 0.1424956 0.1272684 0.1022565 0.1564362 0.6254298 0.6253353 0.1543193 0.1705595 0.09704034
-9999 -9999 -9999 -9999 -9999 -9999 -9999 -9999 -9999 -9999 -9999 -9999 -9999 -9999 -9999 -9999 -9999 -9999 0.04137292 0.6753642 0.8900426 0.5215333 0.3400637 0.4717131 0.59671 0.3111555 0.1313893 0.1979024 0.5741409 0.06621488 0.2287242 0.1165149 0.1630403 0.1335947 0.04596389 0.06878841 0.1896408 0.06486818 0.05747582 0.1198977 0.09668458 0.354201 0.655264 0.9302452 0.9190584 0.9606208 0.8581487 0.8867382 0.7787734 0.608678 0.2193663 0.3620106 0.6771788 0.3959613 0.1592309 0.1760236 0.2722619 0.1250364 0.12543 0.4205926 0.6957812 0.8499395 0.5179421 0.3649476 0.526657
-9999 -9999 -9999 -9999 -9999 -9999 -9999 -9999 -9999 -9999 -9999 -9999 -9999 -9999 -9999 -9999 0.03171336 0.4438469 0.5307955 0.2198017 0.1103663 0.269531 0.0504754 0.1503798 0.05341906 0.03863375 0.01165645 0.1182814 0.2557438 0.2594663 0.2974481 0.09059929 0.05766058 0.06873362 0.3112704 0.2543195 0.355311 0.04006014 0.08514313 0.236575 0.4243906 0.4498507 0.8747728 0.8688077 0.9225892 0.8307689 0.8338864 0.9292669 0.5006672 0.3110523 0.08603045 0.1289079 0.1700962 0.2045629 0.04953004 0.04982489 0.03985991 0.01132099 0.03018373 0.2315542 0.3325887 0.3638247 0.7229852 0.5236323 0.4364821
-9999 -9999 -9999 -9999 -9999 -9999 -9999 -9999 -9999 -9999 -9999 -9999 -9999 -9999 -9999 0.1310726 0.4640285 0.7738857 0.1618221 0.05997328 0.04982489 0.109098 0.05072867 0.07875839 0.01992996 0.06773865 0.008174249 0.06151299 0.1032764 0.2846699 0.7380121 0.3992912 0.1834904 0.1186821 0.0820257 0.2096054 0.8020634 0.4589176 0.219225 0.678642 0.8355813 0.3941149 0.7217795 0.90527 0.9362537 0.9322178 0.7905657 0.4852428 0.2043431 0.3378444 0.2183576 0.03076686 0.08166917 0.05120026 0.04056319 0.0409576 0.05987453 0.02343534 0.09016549 0.07052179 0.09988786 0.3379466 0.1655687 0.1457514 0.2999927
-9999 -9999 -9999 -9999 -9999 -9999 -9999 -9999 -9999 -9999 -9999 -9999 -9999 0.03008988 0.4853528 0.5426573 0.09994906 0.135133 0.1202851 0.02019946 0.09102975 0.569617 0.1387735 0.1209022 0.1771218 0.4119856 0.1567084 0.02895573 0.03294478 0.105428 0.3147156 0.1498846 0.4576789 0.2065901 0.2502823 0.4360881 0.4903433 0.2970981 0.200336 0.3006874 0.2227434 0.01551129 0.2524276 0.2840493 0.5596981 0.843852 0.7345159 0.1305322 0.04097866 0.04150673 0.01972821 0.2637783 0.09430391 0.1183693 0.08968481 0.07066709 0.05080958 0.01963106 0.03995839 0.0500725 0.1529991 0.6540307 0.2075788 0.02473881 0.007837357
-9999 -9999 -9999 -9999 -9999 -9999 -9999 -9999 -9999 -9999 -9999 0.008223809 0.1678279 0.3736448 0.3102144 0.02029691 0.01992996 0.02982358 0.08904425 0.03001944 0.03094998 0.118805 0.02038913 0.02989493 0.1017031 0.122606 0.09603304 0.1588323 0.2105795 0.05546582 0.2996397 0.3327651 0.2042624 0.1535014 0.2754873 0.1879561 0.1148335 0.162573 0.3867452 0.04545438 0.04675643 0.1380376 0.2587823 0.4125305 0.2713966 0.1775277 0.255855 0.3316622 0.09992824 0.1069768 0.02020614 0.1075202 0.2832246 0.7615169 0.1505171 0.09872056 0.1180153 0.1299011 0.04760447 0.02992236 0.08289966 0.1169858 0.06071972 0.0287773 0.1165888
-9999 -9999 -9999 -9999 -9999 -9999 -9999 -9999 -9999 0 0.2012419 0.013084 0.3552399 0.8738335 0.4208913 0.03129825 0.0710801 0.02989493 0.03101148 0.2380633 0.0308094 0.02045915 0.02020826 0.01819341 0.05996642 0.173473 0.3474905 0.9035159 0.7453226 0.3409265 0.0805302 0.139062 0.1269433 0.2999664 0.1286559 0.07759587 0.04047358 0.05012239 0.1059622 0.07837881 0.05255382 0.2249391 0.277696 0.7841253 0.320779 0.214748 0.7663809 0.16618 0.2864233 0.1022305 0.03985279 0.01898867 0.2050897 0.1231965 0.0714349 0.1246988 0.07851844 0.2026915 0.02001126 0.03988032 0.1295447 0.02434959 0.03522647 0.08858195 0.001429928
-9999 -9999 -9999 -9999 -9999 -9999 -9999 -9999 0.05811532 0.361693 0.7303962 0.3792176 0.3052977 0.409418 0.04879939 0.02849162 0.04864445 0.02975013 0.03985991 0.02183356 0.0999907 0.08014865 0.09785323 0.09193387 0.05099 0.0779857 0.6318245 0.3128346 0.08861458 0.02103846 0.02140658 0.09652022 0.07956496 0.1172431 0.05751265 0.1182991 0.08630754 0.1126504 0.1182185 0.3378954 0.09821358 0.252921 0.2738691 0.7616459 0.2551139 0.2864757 0.9331996 0.2911303 0.2842787 0.03291829 0.0817775 0.04286735 0.1384763 0.0781525 0.1022253 0.03208729 0.1980793 0.04556372 0.124541 0.1964078 0.1127734 0.009964978 0.01350366 0.1091856 0.04982489
-9999 -9999 -9999 -9999 -9999 0 0.0755055 0.3557709 0.168119 0.4307069 0.2829898 0.5358096 0.645725 0.216646 0.08966996 0.02318254 0.05300825 0.06112778 0.07000713 0.07315618 0.1444002 0.009894509 0.03223003 0.1125165 0.2639759 0.0734423 0.1379055 0.03985991 0.01223908 0.06357671 0.07503507 0.1729884 0.11895 0.1112418 0.09436746 0.07179134 0.04280001 0.123534 0.1515225 0.5539849 0.3491485 0.2294708 0.08866721 0.1128844 0.1279989 0.07916191 0.6771659 0.3592166 0.1356584 0.05711924 0.1214466 0.1109466 0.1260569 0.4192459 0.1744304 0.09193032 0.1043524 0.1395296 0.4400834 0.5094211 0.1656316 0.03595141 0.02766252 0.03985991 0.05366006
-9999 -9999 -9999 -9999 0.1211378 0.1066896 0.2918614 0.6761645 0.46754 0.2984706 0.1134085 0.2592524 0.6717623 0.4375304 0.2124769 0.156548 0.1279702 0.1369894 0.02084798 0.01944872 0.03985991 0.1295779 0.07219405 0.06039644 0.01961756 0 0 0.07274431 0.233522 0.1581277 0.1814678 0.7228667 0.5722659 0.13002 0.04730434 0.1189606 0.06631579 0.08512375 0.08871258 0.235877 0.3282535 0.8420389 0.1988412 0.1581121 0.06283973 0.291771 0.2370246 0.143607 0.1435688 0.109176 0.07908165 0.1150529 0.6390694 0.6068641 0.06673498 0.1068643 0.1380316 0.05754342 0.4386334 0.3778003 0.1997075 0.04078157 0.1809043 0.07772586 0.1919197
-9999 -9999 0.03014108 0.4094082 0.8787419 0.392939 0.2780284 0.7754056 0.471528 0.0369561 0.02807373 0.04494017 0.08492384 0.1142325 0.08961459 0.009964978 0.009964978 0.002428518 0.03914212 0.03835176 0.02989493 0.04235194 0.03707756 0.03249115 0.08607677 0.02033535 0.2359916 0.2932075 0.14846 0.1505433 0.2606696 0.3005072 0.3862151 0.1647595 0.2373193 0.2931024 0.5416499 0.1729919 0.1617117 0.2350503 0.7530212 0.5148981 0.1631666 0.1438168 0.2923357 0.3052915 0.05981028 0.2969999 0.1284071 0.03295696 0.1823118 0.278996 0.6893456 0.4690487 0.2496678 0.4303145 0.1790412 0.1437201 0.1496713 0.3191773 0.04601987 0.01022771 0.05989456 0.4149362 0.2271569
0 0.254009 0.50364 0.694073 0.3902762 0.7003489 0.3580486 0.08483206 0.1027121 0.1020354 0.04008617 0.03715399 0.1650099 0.234676 0.01810671 0.05081043 0.03887438 0.0487043 0.09964979 0.04208878 0.03763105 0.01992996 0.07307592 0.01721338 0.03265412 0.07700873 0.04414099 0.03698257 0.03335302 0.05327128 0.2427989 0.08803117 0.1359079 0.1548692 0.1420296 0.1586749 0.4383475 0.1902367 0.1162274 0.309629 0.4355343 0.2662831 0.1470505 0.1554353 0.1433706 0.3248874 0.06013484 0.04039284 0.102961 0.06433514 0.1107513 0.1304215 0.3229379 0.05499483 0.2133506 0.1147631 0.02914693 0.2055772 0.119669 0.1739131 0.08488284 0.1756777 0.08574707 0.121577 0.01437979
0.5399958 0.8692763 0.2877186 0.5866427 0.2789792 0.1423182 0.04979325 0.06975485 0.2134484 0.08541726 0.02989493 0.109726 0.007614125 0.0527945 0.05214942 0.008971483 0.009964978 0.03177539 0.0180495 0.002463081 0.007501897 0.05615719 0.3525665 0.01373174 0.07993297 0.09337381 0.05879128 0.04982489 0.1334325 0.05862632 0.2248302 0.3468186 0.3604624 0.02388576 0.06975485 0.1304243 0.1003591 0.06211822 0.03816625 0.2158231 0.4002894 0.4705753 0.1828092 0.1645718 0.09900823 0.5506629 0.2684358 0.09258079 0.408422 0.4903704 0.1996102 0.0693802 0.1058402 0.03312965 0.08455513 0.09378516 0.2404485 0.1545441 0.01439927 0.2238071 0.7101531 0.4780018 0.2013186 0.04434484 0.06413805
0.1509217 0.1861551 0.1522028 0.0687056 0.06377994 0.005550566 0.01577578 0.03887927 0.05014962 0.04034641 0.04319376 0.10601 0.0291874 0.01989831 0.09967019 0.03985991 0.05131899 0.03985991 0 0.04982489 0 0.06981588 0.1231361 0.09597216 0.09535629 0.1284242 0.0894853 0.4717759 0.5713026 0.1982967 0.6315313 0.5117519 0.1978397 0.09465773 0.3896025 0.2065671 0.157806 0.2231147 0.1082206 0.1017071 0.1417544 0.329417 0.2020877 0.2857614 0.6238572 0.3236292 0.04170052 0.06260912 0.149212 0.2838355 0.5576224 0.06319581 0.01785995 0.09211449 0.02578561 0.2530886 0.2217595 0.1179607 0.07479079 0.2576315 0.6501795 0.6119986 0.1166236 0.0520012 0.2202666
0.2230222 0.4392231 0.2125082 0.05198886 0.1735354 0.4020503 0.4961941 0.2245077 0.03628389 0.1328692 0.0602748 0.05113332 0.03518803 0.02759409 0.02936831 0.05031987 0.06995742 0.009964978 0.03985991 0.04982489 0.01051659 0.3963646 0.05651754 0.02428848 0.03127648 0.254189 0.2151672 0.2587933 0.521966 0.1320396 0.1107732 0.2114535 0.2597422 0.2316974 0.4776708 0.1112912 0.3366406 0.2418438 0.184718 0.2547124 0.06980512 0.314751 0.03565109 0.214934 0.1862181 0.1390074 0.05095058 0.09176128 0.02671152 0.1210005 0.03567208 0.1719318 0 0.2680849 0.08531053 0.3099819 0.09175596 0.04977223 0.1307758 0.1213268 0.517915 0.7842403 0.371387 0.2816242 0.4841484
0.07191683 0.4905122 0.2290395 0.09605971 0.04686388 0.2096495 0.8353826 0.545567 0.376297 0.09327625 0.08636808 0.01992996 0.0257674 0.03017324 0.1016242 0.2376291 0.03431844 0.03985991 0.01992996 0.02309569 0.05607253 0.1630992 0.05024327 0.068804 0.03645011 0.0621948 0.05239354 0.07773901 0.1300093 0.09214917 0.1265275 0.2421537 0.04664357 0.01736526 0.291862 0.2188612 0.4911593 0.7321594 0.3099699 0.3018121 0.1307005 0.2591271 0.1802563 0.1138667 0.05035035 0.08773954 0.04896175 0.119007 0.05335345 0.1251005 0.4217206 0.1391209 0.03449568 0.06756882 0.2512161 0.1172342 0.02218854 0.06546313 0.1188374 0.1694885 0.5171747 0.6298039 0.4203995 0.1900204 0.1719664
0.08172595 0.02906479 0.01992996 0.04418876 0.119703 0.07048447 0.6974888 0.6626174 0.09932499 0.05327723 0.05089432 0.1181797 0.02122564 0.05020729 0.04814681 0.02989493 0.01992996 0.04982489 0.01992996 0.01992996 0.02514641 0.1640264 0.04994417 0.09461213 0.07002413 0.09478025 0.1135416 0.2711588 0.04761281 0.03533503 0.04164027 0.1177122 0.02284307 0 0.06722306 0.7066223 0.815321 0.8465406 0.2794067 0.0711738 0.1142488 0.1394195 0.14506 0.06488151 0.08975884 0.1609191 0.09347595 0.2357917 0.171974 0.1752265 0.2069521 0.09921858 0.1095515 0.1004828 0.1434371 0.0483703 0.2125491 0.07443132 0.0351466 0.1011559 0.2299651 0.5041538 0.6985212 0.277088 0.1006562
0.02989493 0.01557442 0.03521812 0.03883304 0.03092181 0.08396857 0.2178327 0.07197049 0.0858654 0.01992996 0.04353624 0.03390067 0.008765427 0.03230342 0.002268675 0.07941723 0.01180093 0.01992996 0.03322477 0.03840632 0.02394652 0.2277654 0.1609189 0.07548898 0.07971983 0.1101419 0.09737504 0.238556 0.1142881 0.112692 0.07750822 0.05212936 0.06975485 0.06975485 0.03901725 0.1278694 0.5186368 0.70167 0.2688814 0.2151066 0.1706629 0.09980863 0.1293803 0.05035812 0.09283971 0.3032117 0.07791879 0.07630547 0.3082017 0.6306067 0.0641829 0.1327238 0.1651846 0.08111891 0.1224239 0.07375249 0.1794977 0.03985991 0.02247018 0.1102234 0.1134823 0.2234272 0.07717086 0.05078258 0.140011
0.005864064 0.0711256 0.05525751 0.01215894 0.06880422 0.2054849 0.08826323 0.03798949 0.05044978 0.02927005 0.02871171 0.05767418 0.01278423 0.03745143 0.02233282 0.1475086 0.03590421 0.065258 0.04982489 0.03798367 0.05053619 0 0.009722363 0.1997342 0.2084162 0.140068 0.09192535 0.1504704 0.06109605 0.08315366 0.2463036 0.1800288 0.1500203 0.101634 0.02989493 0.09605819 0.136732 0.3638349 0.2061061 0.08557814 0.1257856 0.1210463 0.1726504 0.07941285 0.1369958 0.4024181 0.2072698 0.1574659 0.4994655 0.513741 0.1893967 0.1944271 0.07381663 0.04982489 0.06096523 0.05950261 0.2032871 0.05395209 0.1512199 0.06049248 0.05653083 0.1838379 0.2273095 0.07021125 0.06989975
0.01406589 0 0.01553716 0 0.06435324 0.03555116 0.01192971 0.06111715 0.01992996 0.02989493 0.04982489 0.04664131 0.03704067 0.03765919 0.01752709 0.009964978 0.008212718 0.1789149 0.1768736 0.1182967 0.4418204 0.04728085 0 0.02029437 0.03587485 0.0492639 0.06259274 0.1274428 0.0760539 0.05541234 0.1513529 0.08803028 0.1988119 0.04282257 0.06729001 0.0962235 0.0659096 0.09855592 0.1097413 0.1285567 0.1616101 0.1632748 0.08759306 0.1833785 0.1953161 0.6691815 0.2193205 0.05018109 0.1040054 0.07307432 0.146962 0.0487002 0.04242584 0.03440569 0.08151788 0.09346496 0.2046366 0.3749352 0.4361499 0.1090343 0.09402992 0.1778608 0.4535364 0.1367805 0.06852929
0.06975485 0.02989493 0.08345806 0.02058453 0.0847372 0.01027544 0.03954946 0.03913657 0.05952461 0.04455677 0.02852332 0.03985991 0 0.03209566 0.01992996 0.01992996 0.02989493 0.02989493 0.02942758 0.4741718 0.7334674 0.2199453 0.2322976 0.1568062 0.02965813 0.001021461 0.1827289 0.3559828 0.07164875 0.2725844 0.2273308 0.2500507 0.7850146 0.2497539 0.152252 0.05075242 0.12551 0.4655057 0.2885107 0.4815648 0.2069162 0.178051 0.0478044 0.09796452 0.6238182 0.2820018 0.03015285 0.04031476 0.06438965 0.03207526 0.04579541 0.1165485 0.2105017 0.2671758 0.0507804 0.1198814 0.13999 0.4908584 0.1225844 0.06006818 0.1430472 0.1088613 0.08720373 0.09268557 0.08974897
0.009964978 0.009964978 0.05760411 0.05588356 0.05978987 0.1710387 0.0489618 0.05158951 0.03961449 0.124911 0.130619 0.05214348 0.0205699 0.03985991 0.009964978 0.002203834 0.009964978 0.03985991 0.06860954 0.444724 0.6420542 0.04975289 0.07627399 0.1679138 0.07040008 0.09334893 0.1702117 0.207091 0.04626774 0.2111586 0.4469458 0.1114417 0.5734062 0.3349286 0.1927598 0.02300339 0.2059595 0.3480688 0.6668913 0.719441 0.4218232 0.1836655 0.06664184 0.110722 0.1841657 0.1244684 0.04125014 0.09766573 0.07610781 0.05489447 0.09585392 0.07134431 0.07374064 0.1678663 0.05637255 0.1138954 0.1152056 0.03495966 0.07989638 0.03985991 0.05940434 0.04962153 0.07965732 0.04625212 0.07395703
0.009964978 0.009964978 0.2011131 0.06931149 0.0349558 0.009964978 0.04453041 0.06712762 0.06883334 0.3675773 0.09093712 0.03753337 0.05683134 0.02322153 0.006673402 0.05199146 0.03985991 0.009964978 0.03985991 0 0.1013918 0.06010126 0.0400812 0.05978987 0.07621185 0.02343793 0.2862475 0.315957 0.2386178 0.1640685 0.1901162 0.1508841 0.2835025 0.1677618 0.04413873 0.1336224 0.1628695 0.2163509 0.09947982 0.2801355 0.1735832 0.1898098 0.0727558 0.1094317 0.1349296 0.06841724 0.1831478 0.2757201 0.2312368 0.09667991 0.08002415 0.1368263 0.1159503 0.03603659 0.05882862 0.1073815 0.06526435 0.1616116 0.1002515 0.07282865 0.04982489 0.05978987 0.0977716 0.08976487 0.1081087
0 0.04562579 0.03585303 0.01468693 0.06469399 0.08456688 0.01992434 0.05685676 0.03779213 0.043983 0.02989493 0.009964978 0.02989493 0.04557233 0.009964978 0.1650342 0.02989493 0.03985991 0.03985991 0.01475367 0.2596426 0.06690142 0.1271532 0.0514969 0.03985991 0.1096148 0.0876311 0.1084874 0.02523542 0.0613131 0.09002048 0.1350543 0.1586286 0.1291302 0.08864393 0.1302776 0.2519574 0.2535177 0.1073274 0.09899795 0.04163755 0.1741413 0.102855 0.1132245 0.376302 0.2169694 0.1756704 0.1291178 0.06825069 0.06966025 0.06428336 0.2141648 0.3406128 0.2121603 0.2085855 0.1121704 0.08218164 0.2708326 0.05825908 0.04272552 0.06542311 0.01429672 0.1515273 0.3639294 0.03200172
-9999 0.02390283 0.01448424 0.104477 0.04690587 0.1446276 0.05512499 0.07168328 0.0619946 0.02252471 0.03726516 0.009964978 0.02989493 0.0341475 0.06578966 0.06823386 0.03546523 0.01992996 0.0214403 0.04608702 0.3164971 0.1211151 0.1245601 0.3928739 0.1595897 0.06272532 0.06458173 0.05410595 0.1765004 0.1105727 0.05972126 0.1047893 0.1892159 0.1368131 0.1105871 0.1063089 0.5074204 0.5572057 0.3818705 0.1515183 0.07971983 0.1848798 0.1422287 0.1422937 0.3097233 0.1197792 0.1234696 0.3546136 0.4492812 0.06172121 0.1047296 0.7686622 0.9527094 0.8747502 0.6799526 0.1183394 0.07152525 0.05423072 0.1916026 0.3973418 0.1129282 0.009964978 0.04003135 0.1783504 0.1834763
-9999 -9999 0.04063282 0.1564724 0.03985991 0.04472175 0.06920125 0.00789037 0.1059504 0.03985991 0.09015655 0.2298467 0.2448067 0.03664304 0.04806364 0.02991534 0.009964978 0.005237557 0.02467778 0 0.1645427 0.04450246 0.05978987 0.05726943 0.09011269 0.10193 0.4614027 0.09214304 0.04883131 0.2755735 0.08998166 0.07649287 0.0623257 0.06824583 0.08154701 0.07395917 0.1033575 0.2968636 0.2112613 0.06582054 0.1821068 0.3102495 0.129169 0.4430254 0.2120258 0.07971983 0.3530491 0.5426435 0.4880716 0.1275292 0.1630105 0.3081844 0.7819172 0.5878309 0.06388289 0.1078145 0.08841568 0.1214386 0.2448124 0.3478633 0.09948135 0.08058977 0.1009709 0.1377266 0.3015441
