EnvRasters/GE_Low/arable.asc
ncols         270
nrows         223
xllcorner     24099.479091542
yllcorner     21023.840179216
cellsize      1003.8986847201
NODATA_value  -9999
[rows 116 to 144 of 223, columns 64 to 127 of 270]
-9999 -9999 -9999 -9999 -9999 -9999 -9999 -9999 -9999 -9999 -9999 0.009438775 0.001120993 0.2184442 0.5826179 0.3211034 0.2536097 0.4542918 0.3296994 0.2699872 0.3448859 0.4432734 0.07326185 0.07307586 0.2764403 0.2313565 0.3164577 0.2261153 0.401986 0.1277566 0.2222802 0 0.004472575 0.1042918 0.1398178 0.03398142 0.01404713 0.3145109 0.1850142 0.01277 0.4142715 0.3652597 0.1968488 0.3549459 0.4766658 0.4532513 0.1432616 0.4303431 0.2090622 0.08367729 0.2957572 0.1348892 0.009978979 0.06849346 0.4233572 0.5430893 0.5124604 0.6245569 0.3285693 0.5245937 0.3994407 0.1489799 0.01164195 0.2450938
-9999 -9999 -9999 -9999 -9999 -9999 -9999 -9999 -9999 -9999 0 0.3353534 0.2060211 0.6511101 0.5365323 0.6915928 0.6145307 0.4169627 0.1099899 0.3350109 0.3218191 0.2717701 0 0.07962213 0.1646824 0.06120206 0.03362698 0.04911555 0.18739 0.1683215 0.1267914 0.03051498 0.2363479 0.2702362 0.1814146 0.5716186 0.03007143 0.7292804 0.7738768 0.4376931 0.30212 0.9295661 0.6042322 0.6298122 0.6137164 0.3376032 0.7160115 0.7591981 0.7538829 0.6135267 0.600625 0.6374997 0.2668078 0.1854578 0.4784078 0.8677331 0.7544294 0.9580117 0.8072684 0.4426209 0.1237558 0.2505701 0.1433762 0.1913662
-9999 -9999 -9999 -9999 -9999 -9999 -9999 -9999 -9999 -9999 -9999 0.1761611 0.4641382 0.3974214 0.3509023 0.1963909 0.2570232 0.5005766 0.3124877 0.2997793 0.2856995 0.2781149 0.07458483 0.02019961 0.3429133 0.005784164 0.1937265 0.084772 0.08821043 0.1018432 0.1826853 0.1644783 0.2249281 0.2805293 0.4490487 0.1386223 0.3577826 0.6119356 0.5634472 0.8772836 0.824597 0.6985343 0.5894631 0.6340309 0.921287 0.4426008 0.3405058 0.7042646 0.6236325 0.851842 0.3031971 0.7054197 0.4896653 0.3439984 0.343088 0.6817207 0.4999721 0.4909891 0.5643291 0.482576 0.2186939 0.1933791 0.104867 0.05149689
-9999 -9999 -9999 -9999 -9999 -9999 -9999 -9999 -9999 -9999 -9999 0.181816 0.5503839 0.5198582 0.6261901 0.6667714 0.1825973 0.5011212 0.6268702 0.7682872 0.3484004 0.5947469 0.3366413 0.202474 0.2796585 0.1175533 0.3519413 0.2324169 0.5733923 0.3325352 0.4551132 0.3488094 0.3318617 0.3643586 0.294879 0.6980425 0.912405 0.7316528 0.5681777 0.7278637 0.7426172 0.562098 0.4419581 0.743457 0.6905941 0.7800547 0.6387593 0.3873731 0.2147879 0.4331345 0.3916243 0.2755646 0.467655 0.4324037 0.381075 0.8193597 0.6766727 0.3865346 0.3025845 0.2742973 0.4303656 0.3978215 0.0788684 0.09026423
-9999 -9999 -9999 -9999 -9999 -9999 -9999 -9999 -9999 -9999 -9999 0.05268081 0.5130864 0.8666185 0.813933 0.620394 0.5208485 0.748997 0.5228587 0.6536722 0.4337012 0.5335276 0.4287638 0.1419589 0.1004612 0.1352141 0.4774552 0.5782545 0.4400164 0.8393872 0.5648921 0.09011959 0.5723414 0.7149954 0.5162487 0.7739387 0.420964 0.7593309 0.909945 0.861103 0.9332129 0.886977 0.6135077 0.7246886 0.764338 0.9323931 0.5860823 0.5100669 0.2477853 0.2840632 0.3488748 0.3724184 0.9269263 0.2964467 0.3509488 0.8287396 0.7454497 0.5245649 0.4002875 0.6176748 0.1465942 0.1672513 0.084319 0.00408458
-9999 -9999 -9999 -9999 -9999 -9999 -9999 -9999 -9999 -9999 -9999 0.0067 0.1634093 0.4835618 0.87831 0.829325 0.833205 0.5968438 0.310009 0.1408171 0.197068 0.4504632 0.2555208 0.2880072 0.07463785 0.04438997 0.1356431 0.01870721 0.2883511 0.4472095 0.6019068 0.4745072 0.6010966 0.5093357 0.66154 0.1263788 0.5195282 0.9383305 0.813163 0.840284 0.9581139 0.8256137 0.5428915 0.8138698 0.9441946 0.5823289 0.09036539 0.1099909 0.3194062 0.4402132 0.16216 0.3275026 0.7386046 0.3494979 0.09672647 0.537011 0.6494308 0.0932871 0.05594049 0.3672115 0.2613881 0.2445993 0.04530723 0
-9999 -9999 -9999 -9999 -9999 -9999 -9999 -9999 -9999 -9999 -9999 0.000564 0.4022129 0.6874499 0.880376 0.8531864 0.7712267 0.144212 0.2291352 0.0103706 0.217437 0.134496 0.327372 0.2700052 0.2392275 0.2109317 0.06786171 0.218192 0.3147717 0.5554807 0.5763158 0.9222199 0.6198069 0.7409258 0.8941112 0.90108 0.2468839 0.955563 0.911312 0.6433718 0.8152491 0.7801512 0.303561 0.766612 0.81585 0.6421245 0.3882536 0.4017207 0.6056615 0.5590786 0.3813294 0.3598726 0.5425836 0.5259954 0.1937089 0.2004242 0.5639937 0.3750915 0.2419355 0.2015209 0.2388657 0.2928282 0.01715077 0.03191003
-9999 -9999 -9999 -9999 -9999 -9999 -9999 -9999 -9999 -9999 -9999 0.02321918 0.7290866 0.4828427 0.8484675 0.862452 0.8001397 0.4624436 0.237703 0.4363445 0.3062951 0.3443295 0.2407289 0.0433239 0.01290551 0.1379749 0.2937044 0.6276962 0.6261311 0.4981564 0.9147956 0.7505336 0.8439487 0.8279389 0.4554761 0.8898019 0.740805 0.8985589 0.952057 0.9787 0.8666794 0.4804758 0.6657071 0.658308 0.7727824 0.6831559 0.5739517 0.5670959 0.7081769 0.3229302 0.413973 0.3112839 0.7565829 0.7178963 0.2342696 0.2549056 0.3228606 0.6777179 0.4819703 0.7926278 0.5457143 0.1773042 0.04653284 0.06288345
-9999 -9999 -9999 -9999 -9999 -9999 -9999 -9999 -9999 -9999 -9999 0.3727945 0.8867605 0.5344908 0.9304864 0.2864465 0.7034618 0.2944784 0.7160106 0.9021185 0.7176479 0.4645864 0.4863894 0.6689707 0.0084 0.6674037 0.8373344 0.9044558 0.9801065 0.9020039 0.6965989 0.8875964 0.8696758 0.7582945 0.8838498 0.8943549 0.341815 0.4822821 0.8556706 0.6543919 0.4194983 0.5690432 0.5076732 0.6420382 0.75033 0.4904851 0.8294538 0.3838224 0.7991173 0.6687748 0.2752204 0.7128341 0.8901945 0.4356489 0.5742208 0.4632496 0.1549718 0.8540643 0.5865651 0.5119636 0.3870579 0.4155353 0.08136598 0.1136881
-9999 -9999 -9999 -9999 -9999 -9999 -9999 -9999 -9999 -9999 0.07239096 0.8763413 0.8725222 0.5899839 0.7898982 0.5060834 0.2609201 0.8172343 0.895043 0.8586279 0.6752911 0.3764936 0.6496428 0.5674892 0 0.6045085 0.6049703 0.7817013 0.4672773 0.7391152 0.6980821 0.9584877 0.593492 0.798432 0.924162 0.738663 0.7434828 0.3227607 0.620747 0.8375089 0.695166 0.835246 0.6647929 0.5945433 0.363506 0.8004262 0.6905571 0.2449284 0.1725473 0.6220233 0.2024193 0.6836843 0.3634409 0.008967374 0.4464082 0.1679808 0.002041634 0.1788154 0.2924341 0.2288703 0.05083753 0.1671972 0.1994261 0.2646299
-9999 -9999 -9999 -9999 -9999 -9999 -9999 -9999 -9999 -9999 0.01885298 0.5942699 0.9045228 0.3525327 0.6421571 0.7923141 0.4653703 0.726724 0.6641878 0.3626238 0.7161684 0.7403061 0.7030848 0.7878722 0.189081 0.5659713 0.4159327 0.4986715 0.7335319 0.8193747 0.4390804 0.8359064 0.7741678 0.7784941 0.7798474 0.9165773 0.775835 0.743108 0.892093 0.932496 0.725326 0.9242979 0.618171 0.4715042 0.67807 0.127591 0.2509368 0.1351964 0.4862 0.730965 0.268348 0.2965107 0.2268974 0.4042832 0.2785642 0.1271627 0.02647914 0.3169836 0.4084008 0.145726 0.003105362 0.1253157 0.230377 0.1819107
-9999 -9999 -9999 -9999 -9999 -9999 -9999 -9999 -9999 -9999 -9999 0.4527204 0.816784 0.3244515 0.5969593 0.4600971 0.7621064 0.5154377 0.6505072 0.3508351 0.4281657 0.6075416 0.7474994 0.5290859 0.6343847 0.383079 0.5297983 0.3600357 0.8722792 0.9088913 0.702483 0.6705539 0.8517936 0.7581406 0.8390155 0.7837327 0.4819779 0.138447 0.684673 0.3659286 0.6490432 0.8707 0.8060769 0.4771965 0.562775 0.4341598 0.6688102 0.3437057 0.8265393 0.6854365 0.5244317 0.3123457 0.6096504 0.7718877 0.3626255 0.48372 0.1247429 0.1288521 0.3600687 0.4229817 0.01667957 0.1007175 0.3265054 0.3716715
-9999 -9999 -9999 -9999 -9999 -9999 -9999 -9999 -9999 -9999 -9999 0.1992566 0.731019 0.490089 0.2686278 0.08294141 0.2403426 0.03354792 0.01964235 -9999 -9999 0.06156304 0.3424009 -9999 0.06635814 0.3052598 0.801741 0.9301159 0.8360676 0.906089 0.777025 0.8167578 0.515738 0.6578287 0.6193997 0.219694 -9999 0.2943579 0.7856829 0.850693 0.927016 0.80133 0.8292489 0.3774061 0.3400023 0.8095733 0.713245 0.8372406 0.7105478 0.9072635 0.4150386 0.952301 0.6534106 0.3235469 0.2584428 0.2315162 0.1262182 0.3385916 0.9200785 0.4803565 0.4648708 0.4006451 0.06036959 0.08520427
-9999 -9999 -9999 -9999 -9999 -9999 -9999 -9999 -9999 -9999 -9999 -9999 0.71045 0.6100512 0.7146535 0.5479376 0.1251136 -9999 -9999 -9999 -9999 -9999 -9999 -9999 -9999 0.09349198 0.329237 0.8185735 0.3916763 0.8133437 0.4382119 0.03928286 0.05019983 0.004262125 0.021699 -9999 -9999 0.035359 0.437434 0.944894 0.8549948 0.7524173 0.9629 0.522707 0.26443 0.948994 0.773086 0.714958 0.9459941 0.6904429 0.4319298 0.585302 0.5406739 0.6524664 0.4802597 0.1266138 0.2437165 0.772606 0.828157 0.726212 0.4475693 0.916946 0.7449234 0.2093797
-9999 -9999 -9999 -9999 -9999 -9999 -9999 -9999 -9999 -9999 -9999 -9999 0.3353256 0.5702572 0.6904134 0.7662986 0.06552384 -9999 -9999 -9999 -9999 -9999 -9999 -9999 -9999 -9999 -9999 0.39557 0.3959434 0.108865 -9999 -9999 -9999 -9999 -9999 -9999 -9999 -9999 0.0003820996 0.1754405 0.4097024 0.6578441 0.5853775 0.4947822 0.7204732 0.786334 0.4554405 0.6190554 0.9087014 0.7474934 0.5715048 0.2070459 0.2983923 0.4445241 0.5956039 0.2842191 0.3827973 0.7025453 0.4161279 0.5433803 0.4147723 0.3293218 0.5959145 0.1905232
-9999 -9999 -9999 -9999 -9999 -9999 -9999 -9999 -9999 -9999 -9999 -9999 0.02358052 0.7228989 0.4602173 0.5011363 0.02366298 -9999 -9999 -9999 -9999 -9999 -9999 -9999 -9999 -9999 -9999 -9999 -9999 -9999 -9999 -9999 -9999 -9999 -9999 -9999 -9999 -9999 -9999 0.0006655229 0.1710408 0.916052 0.7746009 0.7964476 0.683505 0.8922677 0.3012985 0.5035461 0.8193792 0.5106384 0.3340221 0.3314482 0.2001644 0.41508 0.5327183 0.6242836 0.2671049 0.5129271 0.7438201 0.9195147 0.7128796 0.3152131 0.1514759 0.1998406
-9999 -9999 -9999 -9999 -9999 -9999 -9999 -9999 -9999 -9999 -9999 -9999 -9999 0.1648 0.5238475 0.3105102 -9999 -9999 -9999 -9999 -9999 -9999 -9999 -9999 -9999 -9999 -9999 -9999 -9999 -9999 -9999 -9999 -9999 -9999 -9999 -9999 -9999 -9999 -9999 -9999 0.182465 0.503465 0.5578348 0.4465685 0.4390997 0.4855557 0.5207894 0.7089663 0.3007873 0.722082 0.6146566 0.8465713 0.66639 0.8503871 0.8320222 0.7779043 0.7561977 0.5301799 0.65231 0.6894305 0.9773099 0.6891611 0.4804178 0.3069197
-9999 -9999 -9999 -9999 -9999 -9999 -9999 -9999 -9999 -9999 -9999 -9999 -9999 -9999 0.08454698 0.014157 -9999 -9999 -9999 -9999 -9999 -9999 -9999 -9999 -9999 -9999 -9999 -9999 -9999 -9999 -9999 -9999 -9999 -9999 -9999 -9999 -9999 -9999 -9999 -9999 -9999 -9999 0.004032 0.1208101 0.4923916 0.5406085 0.5919667 0.4542731 0.8835052 0.966948 0.9180759 0.9391711 0.5275916 0.5645429 0.8497535 0.71505 0.6914995 0.7766682 0.5307388 0.793321 0.7469599 0.8889828 0.5899346 0.2270919
-9999 -9999 -9999 -9999 -9999 -9999 -9999 -9999 -9999 -9999 -9999 -9999 -9999 -9999 -9999 -9999 -9999 -9999 -9999 -9999 -9999 -9999 -9999 -9999 -9999 -9999 -9999 -9999 -9999 -9999 -9999 -9999 -9999 -9999 -9999 -9999 -9999 -9999 -9999 -9999 -9999 -9999 -9999 0.088981 0.5011472 0.4569508 0.6321823 0.5681539 0.6229115 0.863171 0.9490401 0.9487139 0.9138349 0.8354669 0.869473 0.893446 0.771044 0.780875 0.4104273 0.8106852 0.904079 0.854469 0.5166289 0.5942379
-9999 -9999 -9999 -9999 -9999 -9999 -9999 -9999 -9999 -9999 -9999 -9999 -9999 -9999 -9999 -9999 -9999 -9999 -9999 -9999 -9999 -9999 -9999 -9999 -9999 -9999 -9999 -9999 -9999 -9999 -9999 -9999 -9999 -9999 -9999 -9999 -9999 -9999 -9999 -9999 -9999 -9999 -9999 0.002096 0.9097468 0.3485226 0.1141813 0.5044079 0.2267101 0.60804 0.785917 0.299738 0.64608 0.8491708 0.919198 0.894433 0.783483 0.8124784 0.8628169 0.8657969 0.812078 0.831668 0.650341 0.446868
-9999 -9999 -9999 -9999 -9999 -9999 -9999 -9999 -9999 -9999 -9999 -9999 -9999 -9999 -9999 -9999 -9999 -9999 -9999 -9999 -9999 -9999 -9999 -9999 -9999 -9999 -9999 -9999 -9999 -9999 -9999 -9999 -9999 -9999 -9999 -9999 -9999 -9999 -9999 -9999 -9999 -9999 -9999 0 0.1861451 0.1399418 0.01213 0.16556 0.55014 0.256686 0.4686037 0.1628939 0.0691691 0.01845307 0.6037098 0.583966 0.3575646 0.6267196 0.8296607 0.9287739 0.895521 0.8851561 0.956107 0.7487849
-9999 -9999 -9999 -9999 -9999 -9999 -9999 -9999 -9999 -9999 -9999 -9999 -9999 -9999 -9999 -9999 -9999 -9999 -9999 -9999 -9999 -9999 -9999 -9999 -9999 -9999 -9999 -9999 -9999 -9999 -9999 -9999 -9999 -9999 -9999 -9999 -9999 -9999 -9999 -9999 -9999 -9999 -9999 -9999 0.1171998 0.3730714 0.4847399 -9999 -9999 0.003869 0.6246572 0.5396081 0.2810521 0.5011706 0.4235359 0.6115056 0.7217947 0.7339653 0.85163 0.854296 0.698626 0.6215228 0.5039249 0.5670758
-9999 -9999 -9999 -9999 -9999 -9999 -9999 -9999 -9999 -9999 -9999 -9999 -9999 -9999 -9999 -9999 -9999 -9999 -9999 -9999 -9999 -9999 -9999 -9999 -9999 -9999 -9999 -9999 -9999 -9999 -9999 -9999 -9999 -9999 -9999 -9999 -9999 -9999 -9999 -9999 -9999 -9999 -9999 -9999 0.03750693 0.1314745 0.3900408 -9999 -9999 -9999 0.1204909 0.5094485 0.3995524 0.4564594 0.7045573 0.5096374 0.6162541 0.4194477 0.8233299 0.941882 0.797785 0.7039629 0.618705 0.492184
-9999 -9999 -9999 -9999 -9999 -9999 -9999 -9999 -9999 -9999 -9999 -9999 -9999 -9999 -9999 -9999 -9999 -9999 -9999 -9999 -9999 -9999 -9999 -9999 -9999 -9999 -9999 -9999 -9999 -9999 -9999 -9999 -9999 -9999 -9999 -9999 -9999 -9999 -9999 -9999 -9999 -9999 -9999 -9999 -9999 -9999 -9999 -9999 -9999 0 0.150912 0.7558906 0.7119992 0.6899981 0.9701274 0.7600574 0.4095751 0.7227819 0.760796 0.7056043 0.765648 0.7710689 0.3157972 0.9486258
-9999 -9999 -9999 -9999 -9999 -9999 -9999 -9999 -9999 -9999 -9999 -9999 -9999 -9999 -9999 -9999 -9999 -9999 -9999 -9999 -9999 -9999 -9999 -9999 -9999 -9999 -9999 -9999 -9999 -9999 -9999 -9999 -9999 -9999 -9999 -9999 -9999 -9999 -9999 -9999 -9999 -9999 -9999 -9999 -9999 -9999 -9999 -9999 0.091958 0.08822918 0.2289886 0.1645086 0.3822884 0.6665372 0.8090662 0.6416465 0.4362388 0.224479 0.4128039 0.673207 0.6344334 0.751094 0.8174427 0.7561427
-9999 -9999 -9999 -9999 -9999 -9999 -9999 -9999 -9999 -9999 -9999 -9999 -9999 -9999 -9999 -9999 -9999 -9999 -9999 -9999 -9999 -9999 -9999 -9999 -9999 -9999 -9999 -9999 -9999 -9999 -9999 -9999 -9999 -9999 -9999 -9999 -9999 -9999 -9999 -9999 -9999 -9999 -9999 -9999 -9999 -9999 -9999 0.00984714 0.4031664 0.3880239 0.5004445 0.188141 0.5732392 0.245058 0.551065 0.7939244 0.6658065 0.7564808 0.373571 0.340866 0.791302 0.6854563 0.5718043 0.6135035
-9999 -9999 -9999 -9999 -9999 -9999 -9999 -9999 -9999 -9999 -9999 -9999 -9999 -9999 -9999 -9999 -9999 -9999 -9999 -9999 -9999 -9999 -9999 -9999 -9999 -9999 -9999 -9999 -9999 -9999 -9999 -9999 -9999 -9999 -9999 -9999 -9999 -9999 -9999 -9999 -9999 -9999 -9999 -9999 -9999 -9999 0 0.1035406 0.2253601 0.286869 0.4776123 0.3697101 0.442455 0.3900478 0.2989267 0.3739347 0.4526973 0.6232 0.7419055 0.8273571 0.886416 0.140243 0.2512242 0.5390827
-9999 -9999 -9999 -9999 -9999 -9999 -9999 -9999 -9999 -9999 -9999 -9999 -9999 -9999 -9999 -9999 -9999 -9999 -9999 -9999 -9999 -9999 -9999 -9999 -9999 -9999 -9999 -9999 -9999 -9999 -9999 -9999 -9999 -9999 -9999 -9999 -9999 -9999 -9999 -9999 -9999 -9999 -9999 -9999 -9999 0.03166989 0.251667 0.262688 0.2406982 0.390165 0.5000268 0.1169138 0.397583 0.5154864 0.6933121 0.4615287 0.764308 0.6714787 0.8977956 0.4861879 0.3221887 0.1029418 0.1658329 0.1986602
-9999 -9999 -9999 -9999 -9999 -9999 -9999 -9999 -9999 -9999 -9999 -9999 -9999 -9999 -9999 -9999 -9999 -9999 -9999 -9999 -9999 -9999 -9999 -9999 -9999 -9999 -9999 -9999 -9999 -9999 -9999 -9999 -9999 -9999 -9999 -9999 -9999 -9999 -9999 -9999 -9999 -9999 -9999 -9999 -9999 0.02843298 0.2114077 0.3702382 0.3430484 0.349272 0.6457599 0.4137605 0.251841 0.5296474 0.6278299 0.5788003 0.6288986 0.613352 0.8144448 0.8404801 0.6785839 0.06380942 0.02001502 0.0128
