EnvRasters/GE_Low/arable.asc
ncols         270
nrows         223
xllcorner     24099.479091542
yllcorner     21023.840179216
cellsize      1003.8986847201
NODATA_value  -9999
[rows 29 to 57 of 223, columns 0 to 63 of 270]
-9999 -9999 -9999 -9999 -9999 -9999 -9999 -9999 -9999 -9999 -9999 -9999 -9999 -9999 -9999 -9999 -9999 -9999 -9999 -9999 -9999 -9999 -9999 0 0 0 0.0435286 0.2069874 0.3275868 0.677959 0.692601 0.596403 0.353207 0.3096749 0.695576 0.604965 0.627224 0.5681532 0.518847 0.610941 0.732396 0.4944541 0.614512 0.581228 0.113546 0.04486766 0.5348405 0.3271807 0.317028 0.3547 0.298958 0.5042199 0.685783 0.379482 0.1847144 0.4788824 0.437499 0.429601 0.308227 0.445251 0.438264 0.152367 0.302976 0.199718
-9999 -9999 -9999 -9999 -9999 -9999 -9999 -9999 -9999 -9999 -9999 -9999 -9999 -9999 -9999 -9999 -9999 -9999 -9999 -9999 -9999 -9999 0 0 0 0 0.00082 0.07082505 0.4370241 0.506413 0.5555934 0.718224 0.428504 0.546538 0.321931 0.782993 0.554429 0.7521628 0.5069 0.632647 0.735788 0.5725743 0.436972 0.149762 0.168405 0.023928 0.131967 0.2113959 0.507551 0.556988 0.3927818 0.4255151 0.397985 0.648649 0.4371044 0.4645519 0.355949 0.667711 0.542329 0.638262 0.573753 0.338439 0.499864 0.606062
-9999 -9999 -9999 -9999 -9999 -9999 -9999 -9999 -9999 -9999 -9999 -9999 -9999 -9999 -9999 -9999 -9999 -9999 -9999 -9999 -9999 0.009964978 0 0 0 0 0.01005598 0.000207 0.06772898 0.183877 0.7897686 0.779168 0.543698 0.629942 0.555768 0.7565897 0.634351 0.5438 0.590361 0.3457 0.254888 0.2702086 0.2112609 0.105922 0.007855 0.008 0.01992996 0.422745 0.646408 0.3918984 0.458333 0.645082 0.549964 0.59123 0.288557 0.732574 0.412786 0.586974 0.517403 0.492689 0.470326 0.3598369 0.482922 0.770274
-9999 -9999 -9999 -9999 -9999 -9999 -9999 -9999 -9999 -9999 -9999 -9999 -9999 -9999 -9999 -9999 -9999 -9999 -9999 0 0.009964978 0.2216074 0.1597507 0 0 4.8e-005 0.05553496 0.022748 0.03495596 0.005237 0.531059 0.68174 0.217933 0.568616 0.700895 0.5860742 0.548072 0.63606 0.423055 0.196485 0.203832 0.3248758 0.4383621 0.182863 0 0 0 0.01458223 0.09136654 0.029973 0.2944269 0.4343151 0.5038428 0.3791119 0.308134 0.566239 0.415137 0.595953 0.529897 0.5117451 0.2348083 0.1520743 0.410342 0.577088
-9999 -9999 -9999 -9999 -9999 -9999 -9999 -9999 -9999 -9999 -9999 -9999 -9999 -9999 -9999 -9999 -9999 -9999 0 0.09166498 0.02426498 0.116222 0.1676864 0.1669536 0.1407672 0.1739569 0.241899 0.07502595 0.04227194 0.06138304 0.303019 0.31359 0.465374 0.337862 0.385493 0.301102 0.344933 0.233223 0.40598 0.5856519 0.3612985 0.279815 0.1706689 0 0 0 0 0.02877968 0.03492898 0.1006542 0.2978117 0.1811893 0.1186345 0.2782343 0.479086 0.3117789 0.4285029 0.640029 0.52327 0.3092119 0.08447902 0.04550515 0.1603914 0.2989464
-9999 -9999 -9999 -9999 -9999 -9999 -9999 -9999 -9999 -9999 -9999 -9999 -9999 -9999 -9999 -9999 0 0.0001 0.1713732 0.3489486 0.673259 0.358232 0.7254292 0.7078316 0.678892 0.675286 0.461845 0.5467192 0.5161937 0.3630229 0.2872149 0.538515 0.623131 0.357449 0.213316 0.267362 0.2624969 0.695166 0.542849 0.5445189 0.2979882 0.15445 0.05054611 0.01992996 0.000224 0.009964978 0 0.02284495 0.07398278 0.2809005 0.113108 0.2696933 0.5157993 0.3669675 0.572313 0.4631472 0.538338 0.575439 0.556269 0.334568 0.2063703 0.4027509 0.1104527 0.161512
-9999 -9999 -9999 -9999 -9999 -9999 -9999 -9999 -9999 -9999 -9999 -9999 -9999 -9999 -9999 0 0.07923691 0.1548662 0.4442443 0.6929478 0.623682 0.3602777 0.4787018 0.5744242 0.620683 0.529313 0.467588 0.419928 0.558736 0.4983259 0.1686809 0.2819253 0.5011641 0.411107 0.537629 0.4096811 0.06554984 0.1508469 0.3763829 0.1471854 0 0.146727 0.07307072 0 0.009964978 4e-005 0.01992996 0.09007692 0.290256 0.1941994 0.307302 0.4370889 0.4890837 0.2973103 0.631452 0.6389893 0.625908 0.667102 0.595434 0.308196 0.448832 0.2791111 0.4500083 0.428917
-9999 -9999 -9999 -9999 -9999 -9999 -9999 -9999 -9999 -9999 -9999 -9999 -9999 0 0.001674882 0.2445064 0.5379495 0.550932 0.6332445 0.676491 0.5544645 0.2091683 0.3177412 0.5401453 0.5157453 0.2302622 0.612125 0.517089 0.671821 0.700073 0.4093819 0.3587116 0.2075921 0.1477635 0.3596911 0.229552 0.203856 0.114626 0.2953149 0.1884435 0.141265 0.141417 0.212368 0.01068698 0.01878898 0.02314867 0.02384126 0.144004 0.428413 0.30106 0.440284 0.3771919 0.399744 0.4203053 0.519248 0.6150005 0.524852 0.649 0.507078 0.4140379 0.4599397 0.1455787 0.2726682 0.339288
-9999 -9999 -9999 -9999 -9999 -9999 -9999 -9999 -9999 -9999 -9999 0 0 0.01992996 0.4905123 0.739274 0.737351 0.630723 0.520494 0.57989 0.713733 0.656331 0.619492 0.720634 0.41903 0.553008 0.614392 0.579765 0.5388899 0.670407 0.3438469 0.3084221 0.5258594 0.3872958 0.4824111 0.2481819 0.499459 0.3962529 0.3461838 0.384426 0.162681 0.102943 0.08930094 0 0.2050954 0.1170665 0.3830136 0.249383 0.4433329 0.541051 0.520509 0.455368 0.443883 0.126797 0.3590944 0.549644 0.488353 0.447943 0.4480405 0.515434 0.3126533 0.375229 0.225719 0.300587
-9999 -9999 -9999 -9999 -9999 -9999 -9999 -9999 -9999 0 0.00066 0.038201 0.233106 0.009970979 0.1858136 0.691764 0.478056 0.613401 0.7555813 0.2905341 0.759859 0.590093 0.529672 0.788049 0.578417 0.420275 0.3334039 0.038 0.1087499 0.3102393 0.3982345 0.3213258 0.405215 0.3705509 0.46434 0.258819 0.291294 0.4745319 0.330862 0.272415 0.211413 0.088078 0.164113 0.01437498 0.160656 0.2615712 0.09031825 0.1842348 0.2191519 0.4899109 0.509264 0.632962 0.4107469 0.55561 0.398837 0.54318 0.5111679 0.329662 0.4333127 0.4578637 0.28504 0.181502 0.292761 0.387868
-9999 -9999 -9999 -9999 -9999 -9999 -9999 -9999 0 0 0.012184 0.1098258 0.191939 0.3162629 0.378744 0.488914 0.779261 0.530296 0.799907 0.6924585 0.45606 0.643469 0.801689 0.854906 0.769434 0.674602 0.3051549 0.5177629 0.5635808 0.5708497 0.3116445 0.4269291 0.379496 0.375872 0.3305737 0.3821141 0.19964 0.00812 0.1311917 0.3985287 0.3802 0.3344572 0.3267013 0.1069771 0.3189929 0.3397913 0.03008246 0.13497 0.2445139 0.531657 0.490384 0.460492 0.516743 0.566227 0.322594 0.57594 0.447178 0.474665 0.419575 0.3915709 0.062355 0.002962 0.058738 0.212436
-9999 -9999 -9999 -9999 -9999 0 0.009964978 0.01992996 0 0.000207 0.315148 0.4385609 0.04867581 0.154562 0.343324 0.759081 0.8436838 0.493173 0.606419 0.694883 0.533313 0.688272 0.578003 0.5658448 0.5441899 0.784832 0.651701 0.706329 0.631046 0.421648 0.536718 0.4666897 0.5133656 0.4422766 0.4860169 0.4790629 0.402894 0.21728 0.3082694 0.1590448 0.3234049 0.4493081 0.5813894 0.6086698 0.481766 0.2727911 0.04199284 0.05408724 0.5241587 0.385318 0.4659639 0.381849 0.3701299 0.3538255 0.4872655 0.5813259 0.4529979 0.409557 0.2991656 0.2864833 0.4273857 0.09714198 0.150556 0.1077
-9999 -9999 -9999 -9999 0.02451746 0 0 0 0 0.007454 0.361386 0.4273547 0.1374977 0.1895524 0.6451746 0.465973 0.612073 0.628211 0.796352 0.776805 0.708858 0.6145959 0.606752 0.6423821 0.714772 0.836324 0.93757 0.71088 0.4181392 0.5566727 0.5286299 0.1391659 0.2890066 0.5603175 0.704546 0.417923 0.536606 0.553555 0.3620629 0.5737139 0.4788945 0.066603 0.275926 0.337019 0.4704119 0.331277 0.148599 0.206457 0.399045 0.479636 0.392747 0.362 0.2401357 0.08423372 0.2989142 0.5588111 0.5047038 0.3443067 0.2577561 0.2818075 0.4889436 0.082371 0.2920579 0.3586069
-9999 -9999 0.009964978 0 0.009677477 0 0.000215 0.05959436 0.2342971 0.635416 0.789535 0.751849 0.3021515 0.672574 0.825816 0.885179 0.673055 0.833747 0.59735 0.727381 0.824405 0.512166 0.601396 0.637868 0.579531 0.767447 0.4220739 0.459348 0.38618 0.508947 0.4905919 0.4261311 0.3032959 0.3811386 0.4417868 0.4612937 0.1604234 0.494945 0.3033636 0.4926584 0.1075774 0.1951258 0.084216 0.078255 0.256716 0.171501 0.213965 0.1010889 0.34344 0.150161 0.179897 0.403336 0.107449 0.200291 0.245615 0.1894029 0.47648 0.5169953 0.46424 0.2955988 0.521759 0.6903312 0.3678298 0.3781299
0 0.03985991 0 0 0.01016498 8e-006 0.4236749 0.7811938 0.7090663 0.6658019 0.663384 0.6815978 0.5546639 0.530039 0.655396 0.728055 0.923259 0.749757 0.484773 0.607429 0.811001 0.628943 0.622978 0.799727 0.721503 0.672141 0.800578 0.718861 0.581714 0.58973 0.5440409 0.5071998 0.407018 0.4931249 0.417775 0.4688852 0.3275743 0.391561 0.394576 0.4004253 0.282971 0.3250981 0.5367379 0.33814 0.4831189 0.2879986 0.237233 0.214547 0.3658977 0.367739 0.09670298 0.166721 0.0623 0.161184 0.410774 0.206895 0.518209 0.460611 0.5638 0.5672946 0.3950273 0.4773659 0.365482 0.465779
0.003765494 0.001794062 0 0.0198 0.267417 0.536992 0.5924223 0.579559 0.605948 0.673425 0.864542 0.7407643 0.834437 0.8665828 0.731001 0.764412 0.892918 0.577415 0.872213 0.619307 0.579583 0.548922 0.4745088 0.62188 0.657437 0.6106806 0.586971 0.671309 0.549314 0.56695 0.5121073 0.256422 0.336145 0.744929 0.612075 0.5868092 0.4655222 0.5551404 0.44738 0.424839 0.2834612 0.1868549 0.31242 0.3093692 0.115065 0.08979526 0.2994269 0.3085804 0.2194846 0.05967996 0.028377 0.02270498 0.193113 0.475575 0.518898 0.2789243 0.3388072 0.406675 0.539587 0.4690219 0.1578406 0.2212548 0.4049271 0.594899
0.002984455 0.001420968 0.202152 0.747135 0.553348 0.555399 0.6117127 0.531524 0.8577129 0.797889 0.728231 0.694193 0.735 0.856268 0.649986 0.681469 0.840172 0.678123 0.742176 0.553523 0.4773 0.576938 0.5833989 0.397766 0.659807 0.4164383 0.6249855 0.2549529 0.1530353 0.388212 0.1741816 0.155461 0.432772 0.3959071 0.2215387 0.1713579 0.3719279 0.4619785 0.532005 0.5139169 0.378693 0.3739763 0.3366075 0.198596 0.122629 0.159479 0.318749 0.494742 0.249744 0.197639 0.059026 0.2632589 0.115488 0.478659 0.259074 0.2203809 0.02417493 0.260628 0.408351 0.2904534 0.1329665 0.1469299 0.42837 0.490459
0.327972 0.3454415 0.6360275 0.755181 0.518363 0.3910643 0.2432159 0.640852 0.660231 0.705311 0.8147105 0.7833422 0.751187 0.728701 0.82773 0.619746 0.790672 0.7710599 0.535029 0.510526 0.568683 0.2541438 0.454191 0.482804 0.673796 0.395748 0.3531141 0.3662269 0.1664867 0.3696467 0.3264982 0.4328095 0.3512505 0.4174359 0.308451 0.561081 0.3945818 0.4740254 0.3896265 0.3787241 0.4080009 0.3337956 0.491972 0.295782 0.4448794 0.307346 0.454873 0.437899 0.644618 0.548061 0.1524389 0.120714 0.140069 0.218362 0.511697 0.163239 0.07601836 0.185473 0.413443 0.465542 0.1514761 0.08916998 0.2694779 0.449953
0.466868 0.1271056 0.566661 0.50174 0.583772 0.4582916 0.00168 0.033463 0.4057509 0.6807299 0.681745 0.7505532 0.841223 0.654073 0.7415389 0.5701879 0.800245 0.442552 0.370442 0.661922 0.753596 0.58824 0.6201558 0.5617861 0.51599 0.513763 0.411072 0.201394 0.584257 0.612922 0.4011746 0.4451659 0.304671 0.323208 0.4510129 0.4469223 0.3387062 0.1230245 0.4196283 0.2707598 0.354736 0.3820117 0.4376104 0.519023 0.352848 0.573805 0.328112 0.499791 0.571718 0.446856 0.3211299 0.3065581 0.119256 0.048534 0.202103 0.234306 0.204364 0.419538 0.394316 0.505879 0.2425368 0.1802359 0.237687 0.25862
0.400713 0.624025 0.719378 0.817611 0.526974 0.528889 0.209714 0.066075 0.6950725 0.703556 0.771625 0.652599 0.736641 0.793729 0.793925 0.735348 0.832138 0.630698 0.875378 0.619514 0.658843 0.450774 0.6204921 0.554064 0.613944 0.339765 0.4657991 0.376415 0.630807 0.560279 0.5871574 0.381658 0.162567 0.0909 0.400771 0.1291225 0.05252098 0.02556396 0.285304 0.150891 0.259198 0.5305759 0.581879 0.613538 0.341871 0.250014 0.413478 0.4462009 0.467995 0.5557929 0.465167 0.499065 0.200311 0.329816 0.2986149 0.206233 0.1809011 0.3525038 0.460629 0.538569 0.3810679 0.150332 0.03998744 0.09666
0.862883 0.874929 0.676706 0.865555 0.820878 0.72678 0.444698 0.580691 0.5910105 0.661187 0.704963 0.694229 0.749348 0.765447 0.814834 0.4942352 0.442319 0.652366 0.543645 0.676811 0.458087 0.3872967 0.4803349 0.5129735 0.5646434 0.32108 0.6950234 0.4607002 0.521533 0.554849 0.5951484 0.647428 0.394506 0.347475 0.617132 0.366301 0.2133379 0.1576019 0.3171145 0.373774 0.4932792 0.4529097 0.458939 0.66022 0.632226 0.427004 0.564357 0.593075 0.3637323 0.185213 0.521324 0.48105 0.514313 0.49129 0.47418 0.444324 0.29735 0.314713 0.321704 0.4656484 0.55858 0.3694679 0.4031315 0.464592
0.74932 0.740554 0.833845 0.806253 0.743783 0.4753383 0.725535 0.560399 0.704955 0.782439 0.612222 0.539568 0.387491 0.539558 0.859994 0.5514938 0.57986 0.66481 0.69513 0.662 0.267246 0.144117 0.308986 0.587954 0.4558639 0.498761 0.672474 0.3832242 0.613525 0.6182397 0.4814906 0.506768 0.4546 0.5264588 0.5357184 0.4395964 0.549182 0.4389419 0.4289532 0.442384 0.525506 0.4918629 0.3703004 0.518272 0.451042 0.24481 0.5406309 0.4183376 0.2201439 0.2350589 0.35433 0.422809 0.456854 0.483898 0.54941 0.530208 0.462026 0.388955 0.4812779 0.2889865 0.519618 0.4027334 0.369682 0.524553
0.587047 0.827623 0.856532 0.822036 0.713792 0.6815156 0.79036 0.715275 0.654498 0.6474187 0.672901 0.430097 0.516946 0.368779 0.525748 0.799739 0.63853 0.5192873 0.437841 0.4952398 0.1889263 0.1923837 0.112193 0.05525718 0.3620126 0.6503204 0.525555 0.6302994 0.4964215 0.583046 0.4809369 0.5370029 0.5808429 0.512174 0.409172 0.6213961 0.5745381 0.423377 0.3922053 0.4730097 0.317299 0.3959686 0.3153009 0.414518 0.4881988 0.08755001 0.353621 0.47972 0.65201 0.565096 0.5426725 0.68842 0.547774 0.455138 0.526551 0.458939 0.3546456 0.4034656 0.3060771 0.5883214 0.390108 0.2016169 0.3601195 0.467812
0.565353 0.800301 0.56133 0.807167 0.645972 0.765562 0.748062 0.744233 0.442928 0.7606368 0.5295433 0.717813 0.57137 0.186295 0.239703 0.365828 0.404186 0.5204825 0.554846 0.2768559 0.07298785 0.498722 0.4126319 0.1632434 0.199304 0.149718 0.328411 0.3957075 0.5157922 0.3530103 0.4060767 0.5439597 0.1241909 0.4146675 0.550582 0.765394 0.4820858 0.264018 0.382818 0.2386742 0.4694343 0.467805 0.5032859 0.5231053 0.2378855 0.3611609 0.591746 0.603921 0.5688789 0.392593 0.4536915 0.3779028 0.395343 0.4694172 0.501493 0.439218 0.379995 0.2657439 0.43125 0.7024381 0.5153189 0.407297 0.585506 0.6681469
0.7075009 0.677931 0.679792 0.7245429 0.7508732 0.5039337 0.609014 0.569726 0.688573 0.642366 0.4291289 0.600059 0.493647 0.63621 0.253688 0.113531 0.252909 0.647849 0.62635 0.226583 0.21946 0.541366 0.658923 0.4160872 0.659221 0.360015 0.1593722 0.1993724 0.2655438 0.3582439 0.1681793 0.5467259 0.1550309 0.2957381 0.38972 0.598469 0.4943659 0.404586 0.176997 0.1360742 0.224284 0.406199 0.441342 0.48725 0.440024 0.554832 0.710213 0.637509 0.491452 0.523076 0.52321 0.5321062 0.470471 0.3510536 0.4929252 0.4268315 0.4814623 0.5495487 0.534046 0.685721 0.540754 0.600102 0.541209 0.483927
0.69528 0.726587 0.5398319 0.6532512 0.702172 0.744633 0.605951 0.704731 0.704647 0.3588859 0.709645 0.658141 0.547999 0.652378 0.8043808 0.5941041 0.429992 0.595618 0.389646 0.168656 0.5575591 0.572846 0.636617 0.601759 0.504061 0.661385 0.4964193 0.4051449 0.462129 0.418578 0.4009216 0.5251449 0.4902895 0.5513368 0.5331309 0.5807751 0.4699142 0.407853 0.506258 0.5140964 0.465585 0.356463 0.551303 0.450512 0.377475 0.382734 0.4808913 0.5285879 0.5162445 0.675962 0.64081 0.465892 0.572991 0.661172 0.3027316 0.3264277 0.521898 0.564 0.615555 0.62817 0.476975 0.482791 0.5779648 0.6219497
0.463985 0.752269 0.6744289 0.832323 0.808433 0.633454 0.672159 0.8309737 0.785123 0.701481 0.6956 0.407683 0.904863 0.6647903 0.555445 0.446748 0.590446 0.489309 0.110508 0.431748 0.4195117 0.702844 0.5788159 0.6448049 0.538565 0.574487 0.5214913 0.5072989 0.5833187 0.563516 0.6660379 0.5139189 0.5340969 0.681814 0.552554 0.6743644 0.528182 0.465387 0.475776 0.5701116 0.589836 0.4108378 0.4039901 0.5701987 0.2400502 0.3972319 0.5178399 0.4111479 0.5883711 0.49639 0.489379 0.3983261 0.3414882 0.477672 0.413851 0.459652 0.510809 0.37756 0.461985 0.588873 0.550921 0.555926 0.6779599 0.5055695
-9999 0.153335 0.547151 0.634177 0.788939 0.4367018 0.631844 0.7201573 0.759513 0.834717 0.762194 0.455606 0.673872 0.6123487 0.667269 0.4614737 0.3976023 0.1355 0.0663 0.170409 0.4262569 0.551102 0.7481461 0.3563225 0.562292 0.587514 0.5881385 0.568858 0.474797 0.5222148 0.583632 0.596063 0.5990529 0.620175 0.5983649 0.700931 0.2723701 0.1870249 0.3413902 0.5023428 0.4655579 0.527784 0.412517 0.449037 0.3201719 0.478395 0.554192 0.4306176 0.3869776 0.627443 0.390757 0.09348693 0.03477639 0.01467704 0.1788958 0.46125 0.459664 0.52603 0.3160146 0.3570639 0.568613 0.65705 0.6560029 0.4736999
-9999 -9999 0.582048 0.6734189 0.743986 0.753593 0.674462 0.6390134 0.7312139 0.845146 0.698528 0.4537685 0.4225033 0.611489 0.523029 0.32179 0.086292 0.06 0.4738 0.023394 0.22825 0.737908 0.6081079 0.6946265 0.540021 0.566526 0.3251154 0.580992 0.4186679 0.3357204 0.495779 0.606376 0.654268 0.619123 0.575394 0.5627816 0.6230008 0.502681 0.428879 0.659631 0.5339714 0.391825 0.5453702 0.3470818 0.3554952 0.723412 0.4286032 0.2743556 0.3120416 0.540655 0.47048 0.2095739 0.1310959 0.1866293 0.5031428 0.400556 0.473177 0.422308 0.445973 0.4083281 0.6142276 0.693779 0.587175 0.34106
