EnvRasters/GE_Low/arable.asc
ncols         270
nrows         223
xllcorner     24099.479091542
yllcorner     21023.840179216
cellsize      1003.8986847201
NODATA_value  -9999
[rows 145 to 173 of 223, columns 192 to 255 of 270]
0.3038613 0.021325 0.6469765 0.425556 0.311676 0.1630196 0.2122107 0.2678635 0.23019 0.2228639 0.02989493 0.09381994 0.2568089 0.09759803 0.08721782 0.1319683 0.09985236 0.3040402 0.1539453 0.0249571 0.02989493 0 0.004220396 0.01413333 0 0 0.05978987 0.002937353 0.00282296 0 0 0 0.001670037 0 0 0 0.03240702 0.1587203 0.2570108 0.2920274 0.4610479 0.1450909 0.03213737 0.1942892 0.2325471 0.1786415 0.1762112 0.4559345 0.3482455 0.3157895 0.410841 0.1378277 0.1162142 0.2789104 0.3548751 0.1333504 0.07496498 0.2781621 0.4117345 0.3816378 0.09619171 0.1082553 0.2083261 -9999
0.156156 0.2776411 0.382673 0.1074872 0.2919558 0.4071599 0.3099603 0.3594401 0.244085 0.3822929 0.1562546 0.3297864 0.2510565 0.1140146 0.1068009 0.1774023 0.1626977 0.1345707 0.1179038 0.1217585 0.2206347 0.0427032 0.05428805 0.03697299 0.1245707 0.1959673 0.1761826 0.1270218 0.04948714 0.09226007 0 0 0.1478046 0.09503698 0.03706498 0.06898658 0.1570919 0.2278391 0.07534241 0.2005389 0.4279235 0.2542093 0.2236462 0.1303752 0.349044 0.33492 0.2992339 0.1726008 0.317607 0.1257679 0.09418159 0.04351399 0.1901167 0.2669348 0.1993156 0.06173791 0.1070735 0.3368494 0.1367549 0.210386 0.01998067 0.03737862 0 -9999
0.09562404 0.2386399 0.4191052 0.3092673 0.4444645 0.1999444 0.0745 0.3501743 0.5152349 0.2109933 0.112639 0.170189 0.1924729 0.09314604 0.3215873 0.4472799 0.3260987 0.2346139 0.2835096 0.1153991 0.1702245 0.08305467 0.1218518 0.09370836 0.2430093 0.1512756 0.07341406 0.1797683 0.04166354 0.2972125 0.03342753 2e-006 0.1998941 0.2579521 0.08049493 0.2558438 0.3412033 0.2613284 0.2563 0.3769998 0.3607338 0.3485579 0.394665 0.1816566 0.4140766 0.1491455 0.2156142 0.04194297 -9999 -9999 -9999 0.2608068 0.2642355 0.1559203 0.4074821 0.1155205 0.06801189 0.1775078 0.4081246 0.08784307 -9999 -9999 -9999 -9999
0.3169926 0.3282177 0.5474451 0.2114965 0.2249032 0.06434354 0.05367828 0.1716389 0.1898478 0.1339164 0 0.000616 0.003797295 0.03043094 0.2904034 0.1419199 0.253874 0.08784029 0.1022729 0.031 0.01313198 0.142754 0.08727929 0.1171367 0.005990039 0.1515602 0.2280372 0.3652371 0.4287494 0.3915856 0.2195217 0.009964978 0.148751 0.2202022 0.5536913 0.2131894 0.234374 0.2384949 0.2813554 0.3661979 0.5151838 0.390996 0.1858349 0.08949213 0.2326177 0.5251192 0.2445663 -9999 -9999 -9999 -9999 0.0923728 0.2398562 0.2577684 0.3125311 0.06392723 -9999 0.03263894 0.228017 0.1537966 -9999 -9999 -9999 -9999
0.2479264 0.1366599 0.4513292 0.3630042 0.4785479 0.2846889 0.09653433 0.2217049 0.1499723 0.005295276 0 0 0 0.00688148 0.3988883 0.4827991 0.3779888 0.03024494 0.06606498 0.2959001 0.05273769 0.5974103 0.261127 0.08887396 0.04030991 0.08230519 0.1664562 0.3173186 0.2043436 0.2719535 0.190275 0.1063229 0.2829944 0.3026828 0.4830146 0.2244016 0.1756438 0.2931 0.2504471 0.318213 0.2839288 0.1529665 0.3448706 0.1164786 0.3647936 0.3496242 0.4059694 0.00321389 -9999 -9999 -9999 -9999 -9999 0.03680569 -9999 -9999 -9999 0.02212996 0.2771354 0.1113994 0.01919743 -9999 -9999 -9999
0.1816078 0.2578219 0.2998544 0.3588614 0.6605871 0.2187024 0.03331252 0.0007414508 0.009964978 0 0 0 0 0.01728265 0.3125501 0.3608433 0.1338576 0.0072 0.08973187 0.1645485 0.2302734 0.2025653 0.3291272 0.3581249 0.04730798 0.06155992 0.1195724 0.2959012 0.3975381 0.2323946 0.1310571 0.2962884 0.1498954 0.3692208 0.1596816 0.2358012 0.1178201 0.02094356 0.04091796 0.009995757 3.925444e-005 0.1381805 0.3531151 0.3528951 0.2566462 0.2851565 0.324407 -9999 -9999 -9999 -9999 -9999 -9999 -9999 -9999 -9999 -9999 0.1654962 0.4273085 0.3112984 0.06900144 -9999 -9999 -9999
0.1323826 0.3916254 0.2096012 0.4184402 0.4883396 0.03185434 0 0 0 0 0 0 0 0 0.006364492 0.436234 0.3646969 0.04066498 0.147743 0.2251718 0.109708 0.1282883 0.586789 0.1883984 0.2880134 0.127941 0.006553405 0.1436766 0.1412255 0.09193253 0.02252916 0.1648069 0.009964978 0.2053286 0.17543 0.2622424 0.2318836 0.04419886 0.3078698 0.3157075 0.09788378 0.546105 0.6918659 0.4524089 0.2606981 0.2244572 0.03874959 -9999 -9999 -9999 -9999 -9999 -9999 -9999 -9999 -9999 -9999 0.009363826 0.1271866 0.1817778 -9999 -9999 -9999 -9999
0.182766 0.2163643 0.2508776 0.2342802 0.1387876 0 0.02989493 0 0 0 0 0 0 0.04447072 0.1766127 0.1345949 0.0371 0.02590667 0.1829249 0.0192 0.0056 0.2302549 0.3440062 0.5935903 0.4585328 0.4854698 0.06595929 0.03022529 0.348592 0.09038869 0.1101008 0.04278392 0.009964978 0.02744013 0.1225985 0.05091389 0.3067618 0.04560686 0.3108314 0.1443949 0.1463927 0.3664068 0.1529795 0.1041524 0.175743 0.0096 -9999 -9999 -9999 -9999 -9999 -9999 -9999 -9999 -9999 -9999 -9999 -9999 -9999 -9999 -9999 -9999 -9999 -9999
0.1936792 0.3336745 0.3246311 0.2068733 0.02736017 0 0 0 0 0 0 0 0 0.0827452 0.3170723 0.2928435 0.04701831 0.1711624 0.1476407 0.3307606 0.2305949 0.5353033 0.2092278 0.2855852 0.4277118 0.257063 0.2215949 0.3009269 0.4301393 0.3747305 0.1968122 0.035404 0.07837298 0.2487419 0.5839552 0.1356738 0.4356154 0.1528441 0.03443724 0.02470833 0.04232096 0.7771094 0.02762498 0 -9999 -9999 -9999 -9999 -9999 -9999 -9999 -9999 -9999 -9999 -9999 -9999 -9999 -9999 -9999 -9999 -9999 -9999 -9999 -9999
0.2684283 0.1677311 0.05012815 0.0404354 0 0 0 0 0 0 0 0.04290108 0.03515306 0.1373217 0.5454658 0.5349996 0.1312514 0.1683366 0.583938 0.3514126 0.2318544 0.6186659 0.2970745 0.4023125 0.3461383 0 0 0.03305119 0.3270021 0.2489679 0.09700863 0.1626107 0.09675394 0.08548693 0.2752079 0.1830439 0.273983 0.3598579 0.1019297 0.07578909 0.07318486 0.4139931 -9999 -9999 -9999 -9999 -9999 -9999 -9999 -9999 -9999 -9999 -9999 -9999 -9999 -9999 -9999 -9999 -9999 -9999 -9999 -9999 -9999 -9999
0.1655087 0.05001045 0.0200477 0 0 0 0 0.05469949 0 0 0 0.04678373 0.1547811 0.3632919 0.3847 0.374358 0.7500444 0.5268538 0.4712519 0.3102899 0.09486498 0.2239826 0.1977938 0.0446949 0.06222395 0.0323101 0.0008861504 0.03427963 0.1190907 0.3924898 0.06643795 0.3195345 0.2742273 0.03287434 0.2396974 0.1300851 0.2292609 0.07890432 0.2633444 0.3093876 0.08437867 0.1444506 -9999 -9999 -9999 -9999 -9999 -9999 -9999 -9999 -9999 -9999 -9999 -9999 -9999 -9999 -9999 -9999 -9999 -9999 -9999 -9999 -9999 -9999
0.01992996 0.2460026 0.08492236 0 0 0 0 0.05491527 0 0 0.07583617 0 0.0182337 0.4467878 0.1683052 0.2232562 0.3892047 0.2645171 0.06212996 0.3424278 0.04116 0.009988075 0.09957889 0.06659796 0.3645497 0.4827788 0.3042516 0.4221827 0.3745562 0.2870385 0.3489158 0.1734315 0.0520591 0.1516234 0.2313007 0.1036499 0.179801 0.4152434 0.203844 0.08979598 0.2013083 0.1948177 -9999 -9999 -9999 -9999 -9999 -9999 -9999 -9999 -9999 -9999 -9999 -9999 -9999 -9999 -9999 -9999 -9999 -9999 -9999 -9999 -9999 -9999
0.01081592 0.2163119 0.2163166 0.0142465 0 0 0 0 0 0.06262978 0.05086864 0.07589773 0.1603234 0.09382489 0.1509566 0.01790202 0.1842727 0.373491 0.3236175 0.01300598 0.009964978 0.002552 0.2947477 0.04799514 0.194374 0.2071663 0.1832685 0.3578423 0.2441687 0.200065 0.1404523 0.209507 0.4222949 0.3510584 0.1987515 0.1064288 0.1459577 0.2178245 0.2660704 0.1858591 0.4448532 0.235393 -9999 -9999 -9999 -9999 -9999 -9999 -9999 -9999 -9999 -9999 -9999 -9999 -9999 -9999 -9999 -9999 -9999 -9999 -9999 -9999 -9999 -9999
0.4368548 0.4129567 0.1978781 4.161734e-005 0 0 0 0 0 0 0 0.09086021 0.1520882 0.06637314 0.05235142 0.2492887 0.1539488 0.2251022 0.1962296 0.001273 0 0.06778096 0.1541403 0.3291866 0.5267207 0.2144315 0.5332877 0.06236066 0.1533382 0.163165 0.1040137 0.2316458 0.08029654 0.648965 0.527465 0.2434867 0.166915 0.5691469 0.1282449 0.08786323 0.2122537 -9999 -9999 -9999 -9999 -9999 -9999 -9999 -9999 -9999 -9999 -9999 -9999 -9999 -9999 -9999 -9999 -9999 -9999 -9999 -9999 -9999 -9999 -9999
0.1902933 0.09418909 0 0 0 0 0 0 0 0 0 0 0 0 0.02298343 0 0.02056696 0.1756132 0.09769688 0 0.0023 0.1488216 0.1198273 0.5988758 0.4175684 0.2917137 0.4208761 0.2571213 0.1985244 0 0.2678 0.1938056 0.1189722 0.549403 0.199165 0.2044377 0.1221729 0.07706885 0.05660087 0.141848 -9999 -9999 -9999 -9999 -9999 -9999 -9999 -9999 -9999 -9999 -9999 -9999 -9999 -9999 -9999 -9999 -9999 -9999 -9999 -9999 -9999 -9999 -9999 -9999
0 0 0 0 0 0 0 0 0 0 0 0 0 0 0.1737959 0.1199624 0.0311 0.123817 0 3.7e-005 0.2354359 0.251288 0.3023866 0.3860226 0.3198414 0.1575216 0.2143 0.2247933 0.1531499 0.1307532 0.1546009 0.1066987 0.146033 0.2931996 0.2044903 0.2771802 0.3348854 0.06647598 0.329358 0.309317 0.028732 -9999 -9999 -9999 -9999 -9999 -9999 -9999 -9999 -9999 -9999 -9999 -9999 -9999 -9999 -9999 -9999 -9999 -9999 -9999 -9999 -9999 -9999 -9999
0 0 0.04714841 0.04023494 0 0 0 0 0 0 0 0 0 0 0.1767479 0.1293964 0.159673 0.4595354 0.3017851 0.5326899 0.5111098 0.2513814 0.1522136 0.3514032 0.3472625 0.1409308 0.2021746 0.1829911 0.118049 0.1463767 0.04500575 0.08582555 0.1133256 0.05346498 0.363321 0.2120549 0.367057 0.141599 0.2397005 0.7484303 0.19472 -9999 -9999 -9999 -9999 -9999 -9999 -9999 -9999 -9999 -9999 -9999 -9999 -9999 -9999 -9999 -9999 -9999 -9999 -9999 -9999 -9999 -9999 -9999
0.07815609 0.354608 0.3084407 0.1350487 0.05196595 0.07056569 0.02664719 0 0 0 0 0 0 0 0.09214583 0.3495743 0.3708083 0.1928209 0.3454965 0.552487 0.407219 0.3824602 0.247179 0.3992773 0.4087965 0.3602576 0.2874171 0.2474291 0.1267489 0.02364198 0.005098819 0.1660011 0.07191696 0.01393811 0.3288827 0.176971 0.2106938 0.4166011 0.4395456 0.2071537 -9999 -9999 -9999 -9999 -9999 -9999 -9999 -9999 -9999 -9999 -9999 -9999 -9999 -9999 -9999 -9999 -9999 -9999 -9999 -9999 -9999 -9999 -9999 -9999
0.2369516 0.2568687 0.4555949 0.2704989 0.3844909 0.1633248 0.09981715 0.07887071 0 0 0 0 0 0.009964978 0.2007332 0.2416317 0.276561 0.2718426 0.2666368 0.655 0.5251006 0.428609 0.5143593 0.4059604 0.3288344 0.1772022 0.4477723 0.05113377 0.2236971 0.1248465 0.3934131 0.05411762 0.064 0.12673 0.245 0.4479486 0.4885662 0.3365818 0.6141766 0.2226 -9999 -9999 -9999 -9999 -9999 -9999 -9999 -9999 -9999 -9999 -9999 -9999 -9999 -9999 -9999 -9999 -9999 -9999 -9999 -9999 -9999 -9999 -9999 -9999
0.134841 0.1900893 0.2409152 0.4302502 0.1729109 0.2862236 0.1414845 0.02077908 0 0 0 0 0 0.06736469 0.2389057 0.4838571 0.6210249 0.499889 0.2355757 0.1854748 0.2208949 0.5606899 0.6248124 0.3984478 0.312718 0.6137919 0.55012 0.1449429 0.2015148 0.4452775 0.2694364 0.07016595 0.2696462 0.1306716 0.2336878 0.3447 0.6287124 0.4916523 0.137965 -9999 -9999 -9999 -9999 -9999 -9999 -9999 -9999 -9999 -9999 -9999 -9999 -9999 -9999 -9999 -9999 -9999 -9999 -9999 -9999 -9999 -9999 -9999 -9999 -9999
0.04496307 0.02228132 0.08262376 0.2341767 0.1645749 0.08425918 0.08331268 0.1784657 0.01073661 0 0 0.01081998 0.03829277 0.02183729 0.001176487 0.3421511 0.1962283 0.6463338 0.2219075 0.05099132 0.288465 0.1958 0.4326991 0.4166188 0.4543771 0.3064753 0.5860473 0.2456465 0.4214948 0.2229502 0.1563047 0.1313858 0.357641 0.02322262 0.2359009 0.2228714 0.6757504 -9999 -9999 -9999 -9999 -9999 -9999 -9999 -9999 -9999 -9999 -9999 -9999 -9999 -9999 -9999 -9999 -9999 -9999 -9999 -9999 -9999 -9999 -9999 -9999 -9999 -9999 -9999
0.03985991 0.03985991 0.2811719 0.1991903 0.06026498 0.2264339 0.1861356 0.1377433 0 0 0 0.049398 0.1346433 0.1131413 0.02905304 0.3080552 0.285421 0.1970764 0.10023 0.08748513 0.4378156 0.4927845 0.4172574 0.2800623 0.4082221 0.1695826 0.3690988 0.1736632 0.1524396 0.04002359 0.1956545 0.186666 0.2231859 0.167791 0.2426645 0.2961513 0.2806232 0.000296 -9999 -9999 -9999 -9999 -9999 -9999 -9999 -9999 -9999 -9999 -9999 -9999 -9999 -9999 -9999 -9999 -9999 -9999 -9999 -9999 -9999 -9999 -9999 -9999 -9999 -9999
0.002030284 0.0153 0.2134883 0.1617161 0.1127929 0.1307611 0.1499665 0.09709971 0 0 0.08203052 0.2762957 0.3171548 0.3649898 0.165582 0.1512254 0.3416795 0.4436471 0.2623858 0.1165803 0.1325036 0.4296 0.3306089 0.08910108 0.0094 0.0707273 0.0333 0.2701095 0.1637495 0.2153921 0.3523961 0.3048312 0.3462252 0.4528095 0.2397426 0.2037036 0.2408371 0.1105417 0.0001337341 -9999 -9999 -9999 -9999 -9999 -9999 -9999 -9999 -9999 -9999 -9999 -9999 -9999 -9999 -9999 -9999 -9999 -9999 -9999 -9999 -9999 -9999 -9999 -9999 -9999
0.06097062 0.05657884 0 0 0.3621252 0.341078 0.08529387 0.08439494 0.012445 0.02919305 0.3264829 0.1902546 0.3880775 0.6448892 0.4722091 0.0731 0 0.02497896 0.022571 0.2463249 0.201946 0.3436129 0.3782012 0.180601 0.4523721 0.1448385 0.094086 0.2494173 0.2375227 0.1334783 0.06144951 0.1129579 0.1941579 0.1400119 0.2265825 0.2181731 0.1610291 0.3296338 0.01257175 -9999 -9999 -9999 -9999 -9999 -9999 -9999 -9999 -9999 -9999 -9999 -9999 -9999 -9999 -9999 -9999 -9999 -9999 -9999 -9999 -9999 -9999 -9999 -9999 -9999
0 0.009964978 0 0 0.1072421 0.3003723 0.2492202 0.2723359 0.3637991 0.2213684 0.2557512 0.396612 0.1520562 0.1855846 0.3286047 0.3800649 0.0212 0.003338623 0.1483356 0.2080502 0.6988604 0.3687483 0.167491 0.4005413 0.2184224 0.1771461 0.1228463 0.3821027 0.09354628 0.2767245 0.211265 0.1725836 0 0.01992996 0.009964978 0 0.05544297 0.01088008 -9999 -9999 -9999 -9999 -9999 -9999 -9999 -9999 -9999 -9999 -9999 -9999 -9999 -9999 -9999 -9999 -9999 -9999 -9999 -9999 -9999 -9999 -9999 -9999 -9999 -9999
0 0.008564495 0.0412604 0 0.07938847 0.1586979 0.1978876 0.4552194 0.293246 0.2221721 0.3305841 0.1060513 0.3771417 0.3185376 0.490597 0.4785331 0.04672682 0.009964978 0.2324927 0.2306224 0.437665 0.3653715 0.12783 0.1906656 0.2665398 0.3586178 0.1744504 0.313628 0.4095669 0.14083 0.8217438 0.3132774 0.01209654 0 0.01992996 0.03985991 0.01992996 -9999 -9999 -9999 -9999 -9999 -9999 -9999 -9999 -9999 -9999 -9999 -9999 -9999 -9999 -9999 -9999 -9999 -9999 -9999 -9999 -9999 -9999 -9999 -9999 -9999 -9999 -9999
0 0 0 0 0.009711692 0.1130731 0.3441756 0.3049619 0.2702851 0.2786834 0.07519437 0.193224 0.1329984 0.1541023 0.1797079 0.3056353 0.0678 0 0.06878987 0.1425685 0.2338904 0.3187819 0.1581 0.04588216 0.2122898 0.2753068 0.3714657 0.4043119 0.4071866 0.1444393 0.1941535 0.07503083 0.03812996 0 -9999 -9999 -9999 -9999 -9999 -9999 -9999 -9999 -9999 -9999 -9999 -9999 -9999 -9999 -9999 -9999 -9999 -9999 -9999 -9999 -9999 -9999 -9999 -9999 -9999 -9999 -9999 -9999 -9999 -9999
0 0.05978987 0.009964978 0 0 0 0.0005863738 0.1698413 0.2234432 0.09150974 0.09562452 0.1195438 0.1500161 0.3485206 0.699185 0.2444995 0.05366498 0.0049 0.1532366 0.1236533 0.3205131 0.08082081 0.1896342 0.282165 0.06229803 0.3233756 0.4346395 0.51016 0.2129466 0.157674 0.23353 0.03013865 0.1643027 0.03726217 -9999 -9999 -9999 -9999 -9999 -9999 -9999 -9999 -9999 -9999 -9999 -9999 -9999 -9999 -9999 -9999 -9999 -9999 -9999 -9999 -9999 -9999 -9999 -9999 -9999 -9999 -9999 -9999 -9999 -9999
0 0 0.03964858 0.06130954 0.0008624957 0 0 0.0807042 0.010094 0.002759649 0.06844723 0.1669432 0.3226849 0.1874297 0.2829718 0.01403506 0 0 0.0679528 0.2438943 0.2380361 0.2295942 0.3693082 0.2805158 0.275365 0.1393 0.1268264 0.289812 0.1863822 0.323525 0.09406498 0.05196987 0.08313101 0.1107091 -9999 -9999 -9999 -9999 -9999 -9999 -9999 -9999 -9999 -9999 -9999 -9999 -9999 -9999 -9999 -9999 -9999 -9999 -9999 -9999 -9999 -9999 -9999 -9999 -9999 -9999 -9999 -9999 -9999 -9999
