EnvRasters/GE_Low/arable.asc
ncols         270
nrows         223
xllcorner     24099.479091542
yllcorner     21023.840179216
cellsize      1003.8986847201
NODATA_value  -9999
[rows 145 to 173 of 223, columns 128 to 191 of 270]
0.4463069 0.2758237 0.3801538 0.1480539 0.4953707 0.1740838 0.4475607 0.82413 0.516589 0.1517875 0.2095642 0.4501671 0.3247607 0.1625262 0.3596997 0.747241 0.1040812 0.4235332 0.8138246 0.3859181 0.5054185 0.2305844 0.189859 0.05640094 0.03833056 0.2088624 0.1791392 0.6395694 0.4368924 0.1201737 0.1741111 0.2046467 0.3012 0.784601 0.2142846 0.6698587 0.5704697 0.667779 0.273926 0.009964978 0.143309 0.2680237 0.05609586 0.004401 0.3098467 0.2776569 0.4473644 0.1137975 0.07940347 0.02017496 0.01025598 0 0 0.1046511 0.2439735 0.01283421 0 0.00964089 0.02209114 0.3891913 0.5318641 0.891514 0.8698689 0.663034
0.1688936 0.3533708 0.5061405 0.2713827 0.08345976 0.2915039 0.462844 0.602828 0.7010751 0.3458771 0.434804 0.229927 0.4929785 0.5395107 0.3186557 0.5708501 0.128328 0.1024909 0.2885623 0.725086 0.3020588 0.7083427 0.2747808 0.1819393 0.1601753 0.4850371 0.109108 0.5401114 0.1949552 0.1920572 0.2299836 0.2854731 0.4188 0.503965 0.66883 0.6226949 0.324499 0.5256556 0.082763 0.05101596 0.352478 0.1921566 0.278681 0.07694428 0.2568238 0.1015116 0.1855429 0.1010534 0.2429101 0.01284584 0 0.02106232 0.1308282 0.2929315 0.04563273 0 0 0.310867 0.07153703 0.5109309 0.9748989 0.863262 0.7877579 0.2729095
0.1227141 0.3399031 0.2326405 0.1873319 0.3108955 0.7282468 0.977083 0.7919619 0.4288275 0.4934082 0.2732421 0.2715861 0.767133 0.3907794 0.1176214 0.2915409 0.06100698 0.02989493 0.1740981 0.512922 0.3294197 0.2776614 0.0926968 0.3710822 0.715986 0.6843833 0.1479855 0.02483561 0.1359837 0.1401669 0.1873755 0.2401839 0.7151055 0.4585749 0.6160268 0.5700209 0.8001007 0.4358461 0.1890217 0.05492067 0.452079 0.1197239 0.2873307 0.1205099 0.3556978 0.1667799 0.2947122 0.1133131 0.01720351 0 0.03562914 0.2353047 0.2216056 0.1823082 0 0 0.08107338 0.1515539 0.2189148 0.593711 0.87639 0.7629579 0.2151991 0.1327213
0.1875301 0.5737162 0.4771411 0.1466561 0.3200085 0.4706991 0.3087708 0.3906778 0.2403174 0.3194611 0.1377146 0.3352728 0.2803417 0.1622476 0.1564261 0.07810754 0 0.1025599 0.2238436 0.1106708 0.2295263 0.3237422 0.1192663 0.3743759 0.6721507 0.5565612 0.2408285 0.1205591 0.06579094 0.1544834 0.1499337 0.334509 0.5271273 0.2684248 0.3618546 0.749051 0.5667295 0.3932383 0.4279135 0.579121 0.3395961 0.01026616 0.2789149 0.3539587 0.572042 0.2802542 0.07207663 0.1702861 0.2238881 0.04978654 0.0757935 0.09331164 0.01992996 0.0193293 0 0.1999197 0.3082719 0.1234919 0.1994572 0.3301289 0.061076 0.1197809 0.03953769 0.08903222
0.2661929 0.1422235 0.2858015 0.09906597 0.02677269 0 0.1507547 0.4496754 0.1399582 0.2512376 0.02525678 0.1642061 0.1410022 0.3095385 0.2608867 0.17637 0.06046044 0.02169947 0.1002724 0.08072583 0.1250657 0.1651323 0.000368 0.000212 0 0.002288 0.04603136 0.2426853 0.3513 0.1179595 0.2563893 0.20733 0.08831796 0.07786086 0.187911 0.7094249 0.8272232 0.3686712 0.3447455 0.2764098 0.1695247 0 0.0862905 0.03383988 0.3322212 0.3614219 0.08619525 0.09848343 0.01239547 0.08015204 0.101279 0.01925807 0 0.06990712 0.05005115 0.08524574 0.07998485 0.09433772 0.1135797 0.09498551 0.2726805 0 0.1418369 0.09547456
5.5e-005 0.095325 0.02452039 0 0 0 0.06598805 0.6034644 0.0332 0.08931382 0.004550598 0.0686689 0.1074376 0.153813 0.04473206 0.02086357 0.02050461 0 0 0 0.01993169 0.08112727 0.01580471 0.06125227 0.02476988 0.01846909 0.03591005 0.216324 0.1170945 -9999 0.05518794 0.1069164 0.03832239 0.09948033 0.1487656 0.2279732 0.32607 0.3450305 0.2648919 0.2731834 0.1980952 0.01284541 0 0.1500631 0.2003833 0.2115618 0.15694 0.1460709 0.03911367 0.01580787 0.1583149 0.3941364 0.2152757 0.1033551 0.3032249 0.2393204 0.1266314 0.3105299 0.2464564 0.3154221 0.09041465 0.03509878 0.2092216 0.193032
0 9.2e-005 0.000217 0 0 0 0.01992996 0.1793599 0 0.09564579 0.1662054 0.2420978 0.3166555 0.2172115 0 0 0 0 0.101345 0.2904033 0.4216792 0.54177 0.2034815 0.2368763 0.1726085 0.1302169 0.01772088 0.005016 -9999 -9999 -9999 -9999 -9999 0.000992 0.02208169 0.1578498 0.01550088 0.03286498 0.3637497 0.3051475 0.04880308 0.01163498 0 0.1541549 0.2470471 0.08376498 0.132145 0.06410296 0.01099893 0 0 0.1609246 0.2047605 0.1656685 0.3849717 0.1734 0.18923 0.442387 0.537052 0.4576619 0.4363904 0.2786422 0.3228795 0.2465549
0 0 0 0 0 0 0.0266 0.2836861 0.07097973 0.2466441 0.165009 0.2414865 0.3221093 0.04184428 0 0 0 0.1820719 0.4564676 0.2650267 0.5266262 0.2275505 0.2745404 0.1461167 0.3393136 0.09053995 -9999 -9999 -9999 -9999 -9999 -9999 -9999 0.08029391 0.05818861 0.09463246 0.009974979 0.0158 0.08032995 0.4540299 0.2779 0.177353 0.3464299 0.1777855 0.1486299 0.4262609 0.08504101 0.001823972 0.004495586 0 0 0.009964978 0.08922298 0.2974177 0.2289373 0.1628263 0.08362998 0.1073845 0.2096227 0.597207 0.8934143 0.2062067 0.1344648 0.1901425
0.005824034 0.00328105 0.03360504 0.005384275 0.004580703 0 0.4411135 0.3441987 0.1403193 0.291961 0.08575567 0.2511934 0.514145 0.002500703 0.09661214 0.2105634 0.166053 0.08906517 0.1971404 0.4504635 0.4118766 0.4330282 0.5652279 0.0013364 0.53888 -9999 -9999 -9999 -9999 -9999 -9999 -9999 0 0.09817822 0.2007373 0.129348 0.04158383 0.1011356 0.1348047 0.4140802 0.262341 0.3422779 0.312725 0.4928364 0.533568 0.7029 0.1343 0.1140705 0.1686244 0.02126895 0.2694095 0.09057146 0.1375977 0.3298135 0.144209 0.1047287 0.1873304 0.193588 0.5038419 0.303581 0.1389029 0.4905335 0.41173 0.08996523
0.05646082 0.2926125 0.1845568 0.07987014 0.01327368 0.1237577 0.2014814 0.01148965 0.08202737 0.3278962 0.06142194 0.03430131 0.02989493 0.0772249 0.08142489 0.220116 0.3418771 0.1654437 0.3409911 0.7055011 0.9427332 0.5410192 0.303665 0.1400505 0.103312 -9999 -9999 -9999 -9999 -9999 -9999 -9999 0.01873669 0.2151412 0.2658394 0.42991 0.4129041 0.1503034 0.1438823 0.5072 0.5229324 0.5152 0.18316 0.2799371 0.2654695 0.40084 0.06990798 0.2274961 0.1996085 0.1043978 0.1258013 0.03141639 0.2616337 0.2868549 0.1367198 0.0823494 0.1504885 0.1512741 0.2197632 0.4294677 0.09412881 0.1200224 0.1666851 0.1349398
0.002797913 0.009964978 0.1619771 0.153166 0.03632595 0.08814432 0.1328551 0.07662046 0.2211755 0.2136967 0.3300609 0.1348745 0.3927249 0.2603647 0.5038251 0.6238824 0.7180043 0.3081872 0.2874839 0.5672707 0.3635826 0.338046 0.451259 0.08441931 0 -9999 -9999 -9999 -9999 -9999 -9999 0 0 0.306025 0.7256185 0.4743995 0.3726712 0.5687786 0.2034319 0.1647858 0.4496542 0.3025884 0.2656495 0.3002516 0.504865 0.2747946 0.07134846 0.009964978 0.06459 0.1469754 0.08708619 0.420933 0.422764 0.02657276 0.08802798 0.1833868 0.09911362 0.1160737 0.4857633 0.4593412 0.05231298 0.170436 0.2397903 0.1312562
0 0.09614234 0.08784174 0.14854 0.09502185 0.09305777 0.291795 0.2192637 0.1879981 0.2152391 0.04031312 0.2185679 0.3029496 0.3179049 0.397765 0.69999 0.6139871 0.1628855 0.1208458 0.2340258 0.09345753 0.23433 0.0159 -9999 -9999 -9999 -9999 -9999 -9999 -9999 0.009964978 0.03985991 0 0.282404 0.3214362 0.3615076 0.3403617 0.6425363 0.3509687 0.1586143 0.8014069 0.2844765 0.2428162 0.2626308 0.13375 0.268025 0.04989637 0.1057944 0.1161742 0.1254079 0.1280188 0.2068553 0.2706668 0.3342678 0.3142175 0.1071191 0.3138221 0.2967441 0.5048847 0.4102066 0.3138619 0.3353966 0.2575676 0.08156147
0 0.02461113 0.08931977 0.1128937 0.1453 0.1440845 0.4129124 0.3187583 0.4303914 0.2799233 0.09398435 0.03493076 0.1643057 0.1180939 0.5568171 0.3825714 0.3516921 0.2754053 0.2211265 0.0917671 0.2004168 -9999 -9999 -9999 -9999 -9999 -9999 -9999 -9999 -9999 0 0.01916884 0.009047722 0.04004294 0.3699169 0.2180481 0.1453092 0.3147725 0.2591347 0.2859263 0.5558469 0.03901137 0.1392182 0.3896523 0.3200014 0.2983424 0.2877881 0.2819435 0.2778899 0.2444211 0.2893949 0.1214449 0.2501986 0.3234562 0.2033379 0.1258775 0.4618316 0.3870664 0.1575985 0.1590696 0.1387926 0.2632035 0.2335954 0.1337533
0.06623495 0.02142996 0.1006469 0.07937646 0.1697884 0.439514 0.1837793 0.2923655 0.2330501 0.3857395 0.1799282 0.1863521 0.1198149 0.1254245 0.2915758 0.1495682 0.06365206 0.1351485 0.08533887 0 0 -9999 -9999 -9999 -9999 -9999 -9999 -9999 -9999 -9999 0.01278527 0.242617 0.0009172569 0 0.02195484 0 0 0 0.07065361 0.4043495 0.3754378 0.5685287 0.2690535 0.2328229 0.3272906 0.1751397 0.05619898 0.2018374 0.3088448 0.2787099 0.3913054 0.2608024 0.2956169 0.1582455 0.3914225 0.3290703 0.5628896 0.4480005 0.3429454 0.04240493 0.2461331 0.1917198 0.3305947 0.08909433
0.2508696 0.05368377 0.03784112 0.1873908 0.1958451 0.1509839 0.273685 0.1629466 0.3004771 0.1739464 0.2691545 0.4466073 0.3514939 0.4202965 0.273917 0.07692249 0 0.01992996 0 0 -9999 -9999 -9999 -9999 -9999 -9999 -9999 -9999 -9999 0 0.1744339 0.4040993 0.356974 0.03437579 0 0 0 0 0 0.3070078 0.6299625 0.6339827 0.1973739 0.2355695 0.1785358 0.153676 0.09445224 0.2023238 0.3546938 0.2398446 0.5166872 0.2954553 0.1144492 0.210917 0.07407333 0.04473366 0.2423188 0.326983 0.09290049 0.05845793 0 0.1127943 0.2968533 0.158113
0.1099152 0.1628994 0.3171168 0.2733013 0.6640468 0.5626328 0.09340037 0.4053765 0.2812231 0.2057233 0.2168196 0.2218857 0.03948739 0.3615419 0.2280304 0.03300453 0 0.01992996 0 0 0 -9999 -9999 -9999 -9999 -9999 -9999 -9999 -9999 0.03985991 0.1133989 0.002360737 0.2070232 0.07666663 0 0 0 1e-006 0.06347372 0.4557534 0.3753479 0.4276675 0.1710414 0.1267309 0.03020694 0.261516 0.3389362 0.3870082 0.2331489 0.07412247 0 0.07673652 0.2032216 0.1082811 0.03732093 0.04272669 0.0688282 0.092886 0.0009 0.01219522 0.02604212 0.1098432 0.0547856 0.02696966
0.4584744 0.3491457 0.6007148 0.4592208 0.5474282 0.2401098 0.1866172 0.3628284 0.2958811 0.1797734 0.01003531 0 0.000402253 0.0195277 0 0.01995036 0 0 0 0 0 -9999 -9999 -9999 -9999 -9999 -9999 -9999 -9999 0.01524857 0.01464636 0.009964978 0 0.03527881 0.003516125 0 0 0.01358798 0.06040736 0.1168866 0.2321099 0.1072799 0.1282594 0.03015229 0 0.03418616 0.000192 0.1410885 0.2071502 0 0 0.02124031 0.03868306 0.03498914 0 0 0 0 0 0 0.04634456 0.04154637 0 0
0.4421559 0.3953486 0.1998091 0.2705292 0.5650865 0.3831797 0.1071747 0.07342091 0.001951374 0.04982489 0 0 0 0.01992996 0 0.006246407 0 0 0 0 0 -9999 -9999 -9999 -9999 -9999 -9999 -9999 -9999 -9999 0 0.009964978 0.009201789 0.01901062 0.009964978 0 0.07285064 0.2130249 0.2202823 0.011994 0.1212299 0 0.007068392 0.002807705 0 0 0.04416773 0.4339973 0.04586137 0 0 0.01577122 0 0 0 0.01992996 0.009964978 0 0 0 0 0.008278526 0 0.0139
0.2465683 0.1493814 0.2403872 0.3800196 0.05341151 0.06631853 0.1945692 0.07417723 0.09060194 0.009964978 0 0 0 0 0.001343273 0.0717328 0.05991574 0.004030596 0.09267128 0.04511216 0.01703903 -9999 -9999 -9999 -9999 -9999 -9999 -9999 -9999 0 0 0.09266196 0.1477262 0.01121466 0.130222 0.05599842 0.1702293 0.3109888 0.1797485 0.119084 0.07044911 0.006541 0.0002609545 0 0 0 0 0.02570598 0 0 0.009964978 0.01252529 0.00740467 0 0.009964978 0.01992996 0.1851923 0.01992996 0.02989493 0 0.03986191 0.00185926 0.009964978 0.1441012
0.2960282 0.2112924 0.1186909 0.1675846 0.02123394 0.1035861 0.08648548 0.01090017 0 0 0 0 0 0 0.009964978 0.2785544 0.4145603 0.1358737 0.08502778 0.05276787 -9999 -9999 -9999 -9999 -9999 -9999 -9999 -9999 -9999 0 0.01999396 0.1413796 0.27774 0.1744975 0.01230934 0.01154053 0.04020292 0.07872627 0.02989493 0.1797819 0.2732739 0.003045117 0.03997782 0 0 0 0 0 0 0.08494668 0.227406 0.08539493 0 0.1113841 0.06217714 0 0.01410725 0 0 0.01992996 0.3906777 0.376814 0.05868044 0.09287116
0.07142191 0.04795856 0.02561216 0 0 0 0 0 0 0 0 0 0.07971983 0.06116713 0.05841261 0.2925168 0.2150781 0.1060343 0.006965918 0 -9999 -9999 -9999 -9999 -9999 -9999 -9999 -9999 -9999 0 0.009980978 0.2539491 0.2065809 0.311209 0 0.0186034 2.2e-005 0.04067769 0.111089 0.3620271 0.232382 0 0.03985991 0.007595449 0.1285054 0.01007843 0.00015 0 0.01992996 0.448189 0.465351 0.04335271 0.2328526 0.3632947 0.2528475 0 0.02533439 0.05635923 0 0 0.04178119 0.283091 0.03587363 0.02009996
0.01217411 0.01253845 0.03436342 0.1071783 0.0630487 0 0 0 0 0.09964979 0 0 0 0 0 0 0 0 0 0 -9999 -9999 -9999 -9999 -9999 -9999 -9999 -9999 -9999 0.0202373 0.03708411 0.07226433 0.130879 0.07661021 0.1339177 0.06189943 0.1647593 0.0830216 0.04771061 0.2488916 0.2105478 0 0.016672 0.08480813 0.5423117 0.3845392 0.2157649 0.04007291 0 0.102181 0.1091341 0.01890051 0.4009168 0.3688085 0.1705265 0.01693898 0.3708195 0.4304014 0.4655584 0.07043003 0.033201 0 0.02665298 0.009967979
0 0 0.08977766 0.1539094 0.1940424 0 0 0 0.006040752 0.04055991 0 0 0 0 0 0 0 0 0 0 0 -9999 -9999 -9999 -9999 -9999 -9999 -9999 -9999 0.06655122 0.1622661 0.3055559 0.09197296 0.2859155 0.3438625 0.1153144 0.3824949 0.1116148 0.2973812 0.3417486 0.1079585 0 0.01679322 0.212887 0.05789221 0.3308637 0.3074556 0.1105984 0 0 0 0.003627296 0.1919204 0.1598759 0.03985991 0.02144199 0.4057842 0.5875257 0.07703871 0.2085518 0.3388372 0.1007654 0.1709723 0.003374346
0 0.1698671 0.05825733 0.06591333 0 0 0 0.07569727 0.2900272 0.193168 0 0 0 0 0 0 0 0 -9999 -9999 -9999 -9999 -9999 -9999 -9999 -9999 -9999 -9999 0 0.06261221 0.3530861 0.2518428 0.1549077 0.09890875 0.2532857 0.09889865 0.273733 0.2462333 0.3400161 0.06768129 0.02506498 0.03985991 0.01372988 0.235902 0.09182996 0.6848652 0.4909905 0.2586249 0.09532224 0.1027213 0 0 0.03937956 0.330033 0.009964978 0.08968481 0.2783554 0.12514 0.04434044 0.1699333 0.237923 0.2464237 0.4752826 0.008221674
0.01494552 0.4421771 0.2570051 0.0565326 0.01350547 0.1294059 0.08915012 0.08415379 0.2426056 0.1284346 0.001661387 0.008303592 0 -9999 -9999 -9999 -9999 -9999 -9999 -9999 -9999 -9999 -9999 -9999 -9999 -9999 -9999 0 0 0.03704643 0.1993753 0.1838812 0.048569 0.2624316 0.1346566 0.09552607 0.2188753 0.1980745 0.3419251 0.09326033 0.02989493 0.009964978 0.03609502 0 0.04387331 0.255641 0.02959271 0.2042572 0.4724142 0.141624 0 0.009964978 0.01818702 0.07873683 0.02383554 0.01106398 0.01568382 0.2021624 0.2525148 0.3766122 0.288679 0.3295051 0.2104074 0
0 0.04814456 0.1824333 0.244753 0.09694733 0.1915656 0.1446312 0.1033416 0.2371318 0.14657 0.1030025 0 -9999 -9999 -9999 -9999 -9999 -9999 -9999 -9999 -9999 -9999 -9999 -9999 -9999 -9999 -9999 0 0 0 0 0 0 0.02127478 0.03072349 0.2166899 0.4175894 0.1825628 0.2907462 0.0238 0.05955992 0 0.02989493 0 0.006372252 0.08483132 0.08427045 0.2044729 0.3384075 0.1273 0.02795517 0.2742697 0.2036908 0.2220968 0.4115273 0.3099946 0.2913226 0.2268035 0.2734648 0.2146738 0.2306272 0.2975108 0.4941579 0.00086
0.01992996 0 0.2071356 0.4132566 0.4642788 0.2635199 0.2174367 0 0.2463613 0.05967565 -9999 -9999 -9999 -9999 -9999 -9999 -9999 -9999 -9999 -9999 -9999 -9999 -9999 -9999 -9999 -9999 -9999 0 0 0.01992996 0 0.02975077 0 0 0 0.07897268 0.3238659 0.1735745 0.1751361 0.2332157 0.4158505 0.09570801 0.05067063 0.03508573 0.04599061 0.03009517 0.2504696 0.2350253 0.3259063 0.0526937 0.08493485 0.2252116 0.2562802 0.09506548 0.2742103 0.1504808 0.1548852 0.1736407 0.2315355 0.1485336 0.1419737 0.1168498 0 0
0.008711472 0.0920414 0.3571804 0.4245358 0.08413223 0.3580128 0.3542748 0.08355668 0.1783318 -9999 -9999 -9999 -9999 -9999 -9999 -9999 -9999 -9999 -9999 -9999 -9999 -9999 -9999 -9999 -9999 -9999 -9999 0 0 0 0 0.2094267 0 0 0 0.04013091 0.1459396 0.2060498 0.4385763 0.4973606 0.7076527 0.1547229 0.3176841 0.5267502 0.1210102 0.3862892 0.3646609 0.3441087 0.07174498 0 0.21883 0.1871982 0.02725572 0.000631 0.07123249 0.1108797 0.334024 0.287799 0.2068102 0.2982356 0.3416538 0.304265 0.026335 0.00355994
0.06187079 0.2010202 0.280014 0.3249361 0.02882888 0.1097517 0.08105052 0.1062044 -9999 -9999 -9999 -9999 -9999 -9999 -9999 -9999 -9999 -9999 -9999 -9999 -9999 -9999 -9999 -9999 -9999 -9999 -9999 -9999 -9999 -9999 -9999 0 0 0 1.8e-005 0.04132491 0.03626497 0.183737 0.2266217 0.1530442 0.3303912 0.1335682 0.1380568 0.183375 0.2054616 0.3587129 0.2833391 0.1224635 0 0.007116 0.1798909 0.06027711 0.1204077 0.009964978 0 0 0.2291315 0.2768683 0.250935 0.2484286 0.1967552 0.1349224 0.1219096 0.09286258
