EnvRasters/GE_Low/forest.asc
ncols         270
nrows         223
xllcorner     24099.479091542
yllcorner     21023.840179216
cellsize      1003.8986847201
NODATA_value  -9999
[rows 116 to 144 of 223, columns 130 to 194 of 270]
0.002652081 0.02696445 0.009964978 0.009964978 0.1829385 0.5432666 0.1191555 0.009964978 0.0227824 0 0.242143 0.6075757 0.6261866 0.6095819 0.0798949 0 0.2407493 0.2115171 0.02989493 0.130691 0.3072634 0.009541497 0.09255707 0.1289711 0.4163648 0.2158467 0.009964978 0.03200269 0.05782703 0.03298853 0.02147203 0.01374184 0 0.4036639 0.4153746 0.3571967 0.3527677 0.02434402 0 0.1189177 0.1778095 0.07438059 0.3853303 0.3769224 0.542577 0.2452978 0.08694234 0.02007789 0.01992996 0.03550152 0.07071723 0.01896757 0 0.09853758 0.05407301 0.1409023 0.08186465 0.06280472 0.2068143 0.2243369 0.3216493 0.3262305 0.1675935 0.3275178 0.2030224
0.008258033 0.1502739 0.02318522 0.0016071 0.204845 0.7888861 0.1911502 0.1734696 0.2155147 0.3500894 0.1188086 0.2713947 0.1441436 0.01009562 0.1408211 0.02221445 0.06933402 0.3575083 0.1396082 0.5522031 0.5344914 0.09836382 0.1324294 0.04139433 0.2719637 0.227512 0.6403304 0.5180019 0.6553918 0.4465086 0.0143671 0.06544558 0.06651204 0.2593702 0.8050975 0.4053075 0.3431668 0.1167964 0.4509557 0.2183885 0.4130307 0.4579436 0.9007493 0.2535833 0.1650145 0.2858083 0.7832398 0.8349676 0.1527728 0.3163419 0.09934065 0 0.01992996 0 0 0.08455825 0.1607148 0.1333448 0.1498283 0.548064 0.5936115 0.1671823 0.1578899 0.06179686 0.02817968
0 0.04141841 0.05905338 0.1616088 0.1752807 0.1060892 0.003465781 0.2663727 0.3189195 0.0190348 0.03368736 0.08968481 0.08998983 0.07849257 0.02865737 0.2969453 0.05122341 0.5500153 0.4631897 0.6463392 0.2893041 0.02349614 0.1763331 0.293224 0.5217627 0.2800668 0.2578222 0.5750954 0.359811 0.4676361 0.06860162 0.420813 0.1144161 0.1267747 0.179959 0.2332546 0.6242466 0.1823994 0.2847689 0.1329699 0.2987481 0.4518123 0.7411303 0.4911346 0.4120717 0.4356401 0.09697229 0.1350455 0.02727137 0.2140188 0.01903693 0.03035541 0.02841978 0.08081517 0.02094723 0 0.2161364 0.3494863 0.7700134 0.7905093 0.829258 0.4120415 0.005220297 0.1820219 0.06653707
0.004202683 0.009964978 0 0.02989493 0.009964978 0 0.1719412 0.03065676 0.243598 0.1182258 0.08319274 0.2169386 0.01469557 0.03001125 0 0.02139316 0.09455243 0.93435 0.6985115 0.1175564 0.1676613 0.1279816 0.254883 0.189683 0.06366524 0.17963 0.01422436 0.2977174 0.1326922 0.2641726 0.1965791 0.4385472 0.6745961 0.2110209 0.02241886 0.1152386 0.0276166 0.04207317 0.5673163 0.7049971 0.2439001 0.1404667 0.08164256 0.61888 0.316814 0.007367249 7.598127e-005 0.1238356 0 0.06975485 0.02520603 0.1216764 0.04950701 0.4342802 0.4446664 0.02841929 0.3545001 0.2262636 0.1111144 0.6560575 0.6716824 0.2345115 0.009964978 0.03104581 0.07016308
0.01725602 0 0.02989493 0.09619728 0.1270593 0.009964978 0.1177416 0.1050496 0.3320032 0.4000281 0 0.367038 0.06127903 0.06832249 0.1379769 0.001004857 0.06375715 0.7410182 0.4737917 0 0.1145897 0.2667282 0.2314685 0.1165487 0 0 0.03406522 0.1512673 0.3057668 0.11626 0.009964978 0.2923021 0.3487914 0.2338833 0.009964978 0.03275419 0.1141456 0.2028283 0.2825683 0.401949 0.07396747 0.3024721 0.5556102 0.9151034 0.463104 0.01776798 0.04034158 0.1048013 0 0.0321241 0.02597187 0.03798946 0.1421783 0.138752 0.2116795 0.6602901 0.8798513 0.4940375 0.08629765 0.1904828 0.037813 0.05063492 0.01007857 0.2038845 0.0940184
0.01766298 0.007021551 0.266757 0 0.1197042 0.02187318 0.01357004 0.05261859 0.1180894 0.4429996 0.001095701 0.7119753 0.2848419 0.2118158 0.06759751 0.009964978 0 0.08717696 0.0585463 0.06975485 0.06979462 0.01992996 0.08085219 0.2810274 0.6692122 0.6228439 0.4738743 0.2401858 0.5060138 0.05325103 0.1011934 0.06709287 0.529545 0.4725476 0.2195913 0.1420926 0.02152442 0.1577097 0.4578393 1 0.9946584 0.9890305 1 0.4880601 0.0306757 0.08337022 0.009964978 0 0.009964978 0.007735811 0.08646236 0.06948247 0.04580582 0.2827206 0.7597641 0.2078491 0.3646764 0.3038821 0.3027901 0.1518573 0.1291398 0.06874562 0.0608763 0.1591634 0.06559395
0 0.04711568 0.05777498 0 0.01577839 0.04177637 0.006359914 0.008951607 0.1200292 0.3575115 0.4166307 0.4452349 0.01196142 0.2286137 0.114398 0.03133438 0.009964978 0.03985991 0.1902325 0.3098468 0.05699002 0 0.04982489 0.6939878 1 0.9808438 0.4448077 0.09237526 0.01301343 0.043491 0.1113321 0.3337282 0.9851426 0.9800701 0.9928188 0.7411155 0.01609523 0.4948156 0.8403351 0.5116666 0.6524585 0.9098446 0.608034 0.1999494 0.08356082 0.1939529 0.1374392 0.01992996 0.03985991 0.1131434 0.4111804 0.2793193 0.1037124 0.3638452 0.2429579 0.4019893 0.4492544 0.3609241 0.8728121 0.4208599 0.169552 0.248006 0.01992996 0.02989493 0.03518439
0.08224559 0.06217372 0.01754611 0.2596778 0.3064668 0.02462142 0.07502275 0 0.07952138 0.2981284 0.5421766 0.203177 0.07826193 0.07397179 0.08454948 0.03701729 0.009964978 0 0.009964978 0.01992996 0.01989785 0.09316622 0.1374986 0.6757488 0.7055364 0.5690413 0.03416396 0.009964978 0.001995731 0.1801311 0.4972377 0.5863161 0.9146397 0.9845055 1 0.5997964 0.3649484 0.9011274 0.3531444 0 0.2841955 0.5929269 0.1438833 0.1655399 0.1797605 0.2969395 0.1052543 0.2469101 0.00843195 0.2055718 0.05101678 0.07672723 0.1995656 0.07576983 0.4869608 0.6303824 0.04043559 0.03393899 0.3428476 0.5511081 0.2413734 0.05987454 0 0 0.05897807
0.01814623 0.09964979 0.09166681 0.5203704 0.1690791 0.02989493 0.07971421 0.02322726 0.1061823 0.0413228 0.1955048 0.3884653 0.05590755 0 0.274821 0.4929123 0.4023201 0.06080169 0 0.1288032 0.4632476 0.2600985 0.05473617 0 0.009964978 0 0.02843447 0 0.1113677 0.494045 0.2662877 0.1134832 0.1496777 0.1884141 0.5305458 0.9367625 0.8063053 0.4532822 0.2826225 0.1295447 0.04046805 0.02975783 0.01010176 0.01992996 0.1878001 0.2867327 0.3752244 0.05700343 0.2095273 0.1992677 0.0524791 0.1090632 0.2509239 0.2039316 0.4348805 0.7757885 0.156032 0.009964978 0.1442342 0.2445017 0.2453772 0.004241486 0.02473415 0.0320729 0.09383369
0.2467486 0.4553893 0.2077955 0.5421757 0.1793731 0.1664056 0.3665906 0.3274087 0.9357186 0.1003797 0.04842533 0.06347543 0.2025622 0.4264237 0.5294479 0.4172206 0.0972122 0.1086029 0.0001887228 0.01034005 0.1114681 0.3810025 0.07502383 0 0 0.03931127 0.2626726 0.3807255 0.3234677 0.7167822 0.1431256 0.3573504 0.5092143 0.1489678 0.188626 0.1285717 0.09039085 0 0 0.06915439 0.1204854 0.02082325 0 0.19273 0.1548699 0.03139184 0.09490618 0 0.009964978 0.00250602 0.139814 0.1004068 0.3612323 0.398511 0.9344253 0.7359889 0.1890646 0.1152454 0 0.04096748 0.02422545 0.003733216 0.1938742 0.306608 0.3695577
0.651849 0.8423534 0.2486886 0.9161813 0.3748444 0.201047 0.5906726 0.6492971 0.5831043 0.6352058 0.4499564 0.6223962 0.2897969 0.7607 0.2166341 0.02555316 0.2033885 0.4136736 0.05715886 0.006292798 0.1450178 0.3857919 0.1373043 0 0.1196133 0.2844393 0.2276779 0.2501146 0.613491 0.9325471 0.639209 0.5785607 0.8314851 0.6147271 0.3630995 0.01377323 0.125824 0.09297231 0.2232769 0.3610282 0.1000083 0 0.009964978 0.1206256 0.1122501 0.05713048 0.09565416 0.1965599 0.1925925 0.009964978 0.02405443 0.175905 0.3624742 0.156024 0.9621875 0.801689 0.1708511 0.0004518337 0 0.02985231 0.08875516 0.06154823 0.02359216 0.03864988 0.09573567
0.7682792 1 0.6459559 0.981904 0.253296 0.04524933 0.09873606 0.4582174 0.03335659 0.368577 0.8288767 1 0.6503692 0.7564039 0.8427284 0.3171279 0.5722603 0.9271489 0.3205823 0.007206846 0.0003703826 0.1495588 0.07946104 0.2450025 0.1951498 0.2889173 0.1602657 0.4335143 0.8617479 0.9598412 0.3905074 0.2966601 0.1128381 0.3432028 0.377433 0.1064646 0.01272061 0.2662559 0.06297419 0.02967556 0.07008684 0.068275 0.06437391 0 0.003907415 0.1671912 0.2668503 0.08944372 0.04068726 0.04731964 0.1239272 0.1630778 0.2499028 0.5085215 0.4203269 0.7348808 0.2012757 0.05933804 0.1362914 0.2631945 0.02629378 0.01323163 0.009964978 0.006657559 0.01212552
0.586688 0.6234854 0.6913156 0.08375111 0.04982489 0 0.07072031 0.1778909 0.02209523 0.0370685 0.2009095 0.7391183 0.1618305 0.7618328 0.5522035 0.4800307 0.610039 0.6019053 0.2662386 0.5919603 0.0410285 0.05970575 0.009964978 0 0.009288779 0.1569045 0.1873503 0.7996053 0.6999455 0.4348667 0.1386009 0.4032175 0.75555 0.6945162 0.6291845 0.7143564 0.2900294 0.2269847 0.3417409 0.2908444 0.4485882 0.5191458 0.03405337 0.007972436 0.3241878 0.301231 0.2906336 0.06068529 0.1078217 0.2716462 0.1141725 0.01490907 0.08814529 0.2285716 0.3625048 0.3486556 0.06800799 0 0.3573049 0.4207981 0.02014842 0.07518967 0.2864439 0.479665 0.2313121
0 0 0.0619204 0.2165826 0 0.04820325 0.009964978 0.1421428 0.6832778 0.5371702 0 0.1300476 0.1105538 0.02551335 0.06511068 0.1071862 0.1844167 0.08676521 0.01555984 0.1084922 0.1007724 0.06495649 0.3460217 0.7697521 0.5727471 0.165472 0.1112062 0.647274 0.3472452 0.473254 0.2905504 0.6820787 0.5112658 0.6503178 0.3754296 0.5483101 0.6608081 0.5467298 0.0276076 0 0.1904817 0.2282303 0.2519158 0.2387705 0.02989493 0.03985991 0.3116264 0.1329956 0.2727756 0.287298 0.1213603 0.0520295 0.0491702 0.04795967 0.3535867 0.4122924 0.146396 0.05969151 0.08540468 0.156182 0.03985991 0.7299262 0.455456 0.5602067 0.389346
0 0.01536717 0.1946393 0.06537827 0 0.03151658 0.09964979 0.07533184 0.7808113 0.1837062 0.05620124 0.04982489 0.06975485 0.01992996 0.05294004 0.02667007 0.04850286 0 0 0.004668426 0.01526153 6.368817e-006 0.3040029 0.155754 0.06982046 0.03646584 0.2172085 0.8584404 0.7260514 0.4882104 0.3218454 0.2862719 0.1672509 0.1939902 0.5414257 0.4934296 0.8722742 0.3979369 0.3454825 0.3239358 0.5431222 0.07228928 0.1995035 0.2681037 0.2095689 0.03852081 0.05348673 0.01992996 0.03342386 0.3526444 0.1598509 0.1173751 0.03985991 0.2052904 0.1959014 0.6710442 0.3559358 0.1357288 0.03037634 0.2518158 0.7784998 0.5817798 0.5292841 0.3283291 0.1281948
0 0.004562786 0.278799 0.1797293 0 0.009964978 0 0.009964978 0.2376729 0.7750133 0.7057784 0.06269121 0.01992996 0.009964978 0.00810206 0.05978987 0.01992996 0.009964978 0.10242 0.01222288 0 0.0001136854 0 0.01580437 0.06323199 0.07736945 0.1798484 0.2972184 0.1619024 0.3519355 0.5903013 0.2406363 0.1290189 0.07511233 0.263386 0.6522704 0.7441251 0.5404018 0.361242 0.2199691 0.4348117 0.06102059 0.4992935 0.1765735 0.07614829 0.5966598 0.2788984 0.01992996 0.0551727 0.2563595 0.2331434 0.06927223 0.01251085 0.01537987 0.4401858 0.576114 0.2228961 0.260881 0.2050368 0.5474995 0.5250974 0.8034162 0.3580447 0.2774073 0.30266
0.1063791 0.05198088 0.04969376 0 0 0 0 0.01992996 0.03941921 0.3226492 0.8719079 0.3289549 0.2585854 0.2951038 0.05691342 0.02964475 0.01798519 0.01893007 0.04650688 0.08797468 0.04222193 0.04971121 0.2190631 0.419484 0.3514433 0.8057075 0.6637004 0.3437814 0.6335976 0.1064809 0.5209634 0.1943965 0.4933349 0.4492964 0.06729961 0.02006306 0.05464966 0 0.01038723 0.02831069 0.1971251 0.2229806 0.3002867 0.00776756 0.1498905 0.5132597 0.2908369 0.07732307 0.03647121 0.02571541 0.1182027 0.1294354 0.2481868 0.2130766 0.1277822 0.1235911 0.5584081 0.434854 0.7639294 1 0.9148929 0.3040053 0.1619447 0.6077397 0.6473334
0.5437477 0.2615635 0.2236637 0 0 0 0.02989493 0.001953373 0.08773144 0 0.4872635 0.5190384 0.09446306 0.06042236 0.3598211 0.05317864 0.04537014 0.0572243 0.2317279 0.4190336 0.2882099 0.1588327 0.3478168 0.5820765 0.7001466 0.4510508 0.031398 0.142865 0.1441509 0.4414312 0.3449283 0.02989493 0.2072951 0.859874 0.1050313 0.09259103 0.01360438 0 0.009964978 0.0865287 0.03783571 0.03526561 0.08720687 0.1088594 0.07778154 0.05943062 0.174572 0.02989493 0.009964978 0.03985991 0.07576911 0.6115714 0.5594102 0.7081558 0.3070326 0.5075102 0.79731 0.3655306 0.5769914 0.3299715 0.3361066 0.01239194 0.2984091 0.9286091 0.4561938
0.1494747 0.01873391 0.009964978 0 0 0.0388587 0.05544866 0.514867 0.1322488 0.1690224 0.7350894 0.5574567 0 0.07828287 0.32773 0.03689704 0.04242796 0.03533091 0.1290358 0.2430476 0.07775027 0.07906055 0.2072936 0.3906813 0.5385978 0.4744592 0.2222165 0.7566656 0.2134089 0.2160346 0.5653378 0.3946752 0.3656789 0.821622 0.9174318 0.622798 0.1167779 0.01992996 0.05978987 0.052981 0.01472904 0.05890591 0.2177939 0.05239153 0.003482697 0.1617996 0.0659418 0 0.009964978 0.1785022 0.14487 0.4465177 0.06010468 0.07716036 0.5377694 0.609158 0.4119772 0.4479716 0.1685887 0.3218453 0.1692813 0.1796236 0.7810177 0.460756 0.1223157
0.07971983 0.009964978 0 0.02126706 0.008656383 0.3396926 0.495615 0.8096648 0.4588484 0.4159083 0.3612536 0.2672006 0.09732445 0.6184206 0.04022488 0.00954785 0.1209548 0.4424056 0.3151164 0.5081788 0.0292625 0.3086048 0.6031902 0.3318564 0.2143027 0.2191564 0.2248886 0.7793926 0.3453279 0 0 0.379947 0.3453119 0.2571353 0.04290034 0.3453171 0.1195191 0.03616916 0.01992996 0.02989493 0.138629 0.4682037 0.2625477 0.2583337 0.01373394 0.1038162 0.1874015 0.2023448 0.2300034 0.1507346 0.3034146 0.01780082 0.1112429 0.4132947 0.6209844 0.2089742 0.1652902 0.1771368 0.4622276 0.3264354 0.1919019 0.392978 0.7242308 0.5098403 0.04982814
0 0 0 0.01140121 0.01936314 0.6358509 0.7374436 0.2123428 0.02250386 0.1506476 0.1658879 0.323898 0.6301699 0.2205149 0.1148707 0.05625666 0.1313333 0.1205808 0.1952913 0.07524563 0 0.1859901 0.3129504 0.1971631 0.1215821 0 0.3325825 0.6566566 0.08792982 0 0.1092483 0.03361151 0.1881497 0.1853347 0.1593581 0.2267075 0.2804574 0.1271514 0.08555803 0.2970377 0.8571133 0.3467366 0.5348108 0.1611271 0 0.05838786 0.1109779 0.4236519 0.3239281 0.02445788 0.2209783 0.02245956 0.3177516 0.7604021 0.8333219 0.8822462 0.09509503 0.08385234 0.04247388 0.1822509 0.8450825 0.9896293 0.9015479 0.8741839 0.23004
0.09082714 0.01992996 0.1009612 0.4959147 0.1324947 0.1233022 0.489733 0.3514607 0.01037271 0.09600449 0.2025413 0.3643825 0.155922 0.5595134 0.5867438 0.4510727 0.1847404 0.6752158 0.4937753 0.09736813 0.04982489 0.2198123 0.1235315 0.4171602 0.2458456 0.5107238 0.5838153 0.896334 0.4094874 0.1080552 0.08951328 0.246352 0.3736522 0.2566023 0.2492951 0.04292506 0.04937466 0.2326369 0.4658215 0.3906939 0.4268952 0.1049211 0.07645117 0.05458695 0.01992996 0.2535361 0.02985584 0.1078871 0.05722259 0.1951461 0.1400277 0.8551658 0.4580046 0.9992929 1 0.7746701 0.119438 0.05101834 0.18574 0.4426614 0.9969584 0.4851317 0.1627038 0.5969669 0.270786
0.1974462 0.07859554 0.2919349 0.006163857 0.0833804 0.06447048 0.3204642 0.06737322 0.04359537 0.01639146 0.08928229 0.06443285 0.02989493 0.1793912 0.8516809 0.8470983 0.4902872 0.4585921 0.4271611 0.06430103 0.03985991 0.104097 0.5136452 0.3174289 0.1886017 0.1826458 0.3296452 0.4648851 0.05488311 0.3765116 0.1659801 0.02757222 0.02756526 0.08573116 0.1459895 0.02078965 0.02168262 0.03022081 0.07980982 0.1589656 0.1561426 0.004734489 0.004886556 0.04767779 0.4428161 0.1235233 0.06523587 0 0.01906151 0.01421501 0 0.4177218 0.2510658 0.5443456 0.8603339 0.7369097 0.828422 0.3550769 0.3765404 0.3082825 0.1577516 0.2094877 0.5964564 0.9987575 0.4008932
0.08256696 0.02869689 0.1716145 0.4039046 0.07309797 0.01524935 0.167493 0 0.2253207 0.01987229 0.03113134 0.1617536 0.01992996 0.07101002 0.2477923 0.07867525 0.0678328 0.01647101 0.06324881 0.02795059 0.06135865 0.1655759 0.2790382 0.3688319 0.217402 0.6418573 0.4165485 0.3576595 0.04101625 0.3732346 0.03409511 0.1106631 0.1031027 0.1249284 0.3203915 0.2986773 0.2180877 0.7267197 0.186471 0.07966107 0.08935756 0.5902684 0.3474069 0.04575374 0.1947938 0.3684841 0.06488959 0.04445836 0.01992996 0 0.2195132 0.602582 0.03488627 0.07808278 0.2693386 0.1333699 0.3197993 0.7578454 0.7709101 0.03181083 0.1107956 0.5481404 0.9098608 0.898568 0.2601671
0 0.2088517 0.4932883 0.3731776 0.008780317 0.1275456 0.2510223 0.08996311 0.05996408 0.03219856 0.121281 0.1559832 0.09584064 0.175066 0.02426789 0.03355432 0.03007758 0.001053344 0.02989993 0.1202103 0.2036677 0.3173378 0.2072745 0.04709981 0.08252653 0.0005298294 0.02989493 0.02886503 0.0685688 0.03024406 0.1750603 0.6150214 0.3507937 0.2157325 0.2243302 0.008722644 0.04390701 0.3165562 0.3642878 0.05212692 0.04207152 0.1500969 0.2323051 0.3863757 0.1429677 0.5624321 0.2149275 0.04540863 0.3312976 0.4805527 0.6462433 0.6216022 0.09731293 0.5277761 0.4303814 0.8524591 0.9083427 0.3996656 0.6025558 0.625997 0.5521955 0.6000119 0.6220998 0.4266703 0.04141852
0.3897474 0.09270532 0.1691111 0.1482638 0.09548473 0.005191518 0.05822238 0.009964978 0.009964978 0.001729254 0.09939861 0.1527941 0.03390431 0.2196756 0.2801695 0.06272195 0.1098046 0.08110023 0.06490736 0.7933769 0.2119958 0.04490587 0.2248053 0.5342838 0.2115511 0.1703032 0 0.118853 0.03084464 0.03985991 0.2807888 0.8627688 0.3710312 0.4789215 0.2737457 0.1315233 0.07652502 0.1059768 0.2140877 0.4052062 0.2279258 0.7879915 0.5970454 0.3995859 0.8078455 0.3779944 0.5299153 0.1338442 0.3020087 0.5929956 0.7120438 0.6763317 0.08786181 0.6938053 0.7632489 0.8415926 0.08639968 0.3886926 1 0.9279792 0.566021 0.1597129 0.04037789 0.1391017 0
0.009964978 0.009964978 0.1886953 0.5909659 0.2606546 0.04995448 0 0 0.03175191 0.4637057 0.9356124 0.6868093 0.8002574 0.9567581 0.7804812 0.4922359 0.226831 0.06312869 0.06830452 0.8713347 0.6288061 0.5344949 0.9995578 0.9150044 0.4266635 0.6607916 0.3889578 0.419326 0.03808868 0.03281603 0.1398307 0.5169146 0.4826124 0.3199551 0.5521761 0.3900425 0.2395134 0.09521891 0.3301325 0.6176133 0.2826495 0.04128758 0.2459415 0.6747085 0.4665643 0.9955476 0.8238394 0.2152611 0.03751459 0.5084779 0.2791388 0.2499889 0.2428543 0.3719482 0.2301485 0.1090887 0.6134254 0.6585827 0.7690265 0.2261943 0.01269041 0.1620873 0.2885838 0.1664238 0.03311115
0.006135877 0 0.06862861 0.1911019 0.06506696 0 0.05445137 0.001982007 0.3796447 0.7035052 0.8386783 0.3796106 0.9442307 0.884638 0.987272 1 0.3773652 0.4603375 0.6815041 0.5584713 0.9567193 0.9823673 0.710002 0.7796269 0.3344383 0.1205615 0.03091873 0.1990689 0.2776726 0.4897452 0.3542217 0.4403363 0.3560022 0.1301445 0.3709305 0.5935969 0.5355736 0.5228222 0.5713944 0.2337032 0.2965962 0.3659053 0.5494047 0.04456814 0.2287338 0.9817808 0.9077347 0.5917418 0.3430783 0.2599955 0.3189684 0.7564813 0.4923494 0.05777911 0.2599667 0.1035998 0.2293149 0.7442287 0.2721644 0.3745959 0.2587956 0.3213027 0.3488007 0.1059451 0.08906156
0.877667 0.3820198 0.3128542 0.411685 0.484644 0.1064006 0.234744 0.1202717 0.2457865 0.1431465 0.01851363 0.07356784 0.1338071 0.2147674 0.6832126 0.7210326 0.4655953 0.4033885 0.790726 0.9106636 0.9890835 1 0.9213095 0.9606229 0.9897802 0.6995131 0.534282 0.3724299 0.06148532 0.4799 0.3984496 0.1853012 0.04012167 0.08714614 0.1446209 0.4971535 0.2316789 0.5766733 0.2719227 0.3988361 0.8912394 0.8473938 0.726064 0.6503949 0.4927966 0.8211145 0.41747 0.4451875 0.3808987 0.7434283 0.6249056 0.8922389 0.3252807 0.2458127 0.8922359 0.6505642 0.01064872 0.1062375 0.2882366 0.4623261 0.02989493 0.03046934 0.01861506 0.2352782 0.1469278
