EnvRasters/GE_Low/forest.asc
ncols         270
nrows         223
xllcorner     24099.479091542
yllcorner     21023.840179216
cellsize      1003.8986847201
NODATA_value  -9999
[rows 87 to 115 of 223, columns 65 to 129 of 270]
0 0 4.412164e-005 0.08021247 0.05055488 0.009964978 0 0.01992996 0.2250954 0.1049179 0.0218694 0 0.0546766 0.01992996 0.01699597 0.02319663 0.1025237 0.01867275 0.05600943 0.06934091 0 0 0.08404242 0.1896228 0.04426248 0 0.02756853 0.0682095 0.02397264 0.009964978 0.01721334 0.01739551 0.02568734 0.05194044 0.0233481 0.03718705 0.03884782 0.05978987 0.0682866 0.08118808 0.09982521 0 0 0 0.01212262 0.1150109 0.06003639 0.05306945 0.1294946 0.04982489 0.08775734 0.01516585 0.08587217 0.4174689 0.1944442 0.005764819 0.03585671 0.1588028 0.04026613 0.05366583 0.02096147 0 0 0.1886697 0.7768754
0 0.02824305 0.001651886 0.009964978 0 0 0 0.09548405 0.5128764 0.4984368 0.01797927 0 0.1123089 0.01992996 0.002933983 0 0.007091097 0.03731873 0.06975485 0.02639244 0.03621609 0 0.01992996 0.114969 0.01552739 0 0.6677552 0.06545205 0.02989493 0.01992996 0 0 0.03985991 0.00213285 0.01651181 0.02689317 0.03985991 0 0.05978987 0.0201873 0.500251 0.05960694 0 0.03211686 0.03599623 0.1845748 0.1067624 0.01626353 0 0 0.07495517 0.1195797 0.03964515 0.2010135 0.3577909 0.1468744 0.2666722 0.5015045 0.2779016 0.01579087 0.08638859 0.03733024 0 0.1738873 0.7507483
0 0 0.01011662 0.01992996 0.06975485 0.01992996 0.009964978 0.08466977 0.3463613 0.9108093 0.2790144 0.1771812 0.0123841 0 0.009964978 0 0.02989493 0.003798397 0 0.009964978 0 0 0.01992996 0.05941429 0.02989493 0.1641591 0.6359159 0.01780021 0 0.009964978 0.01992996 0.01992996 0.009964978 0.06589973 0.02165222 0.008799317 0.02109562 0.009964978 0 0.02958699 0.4297751 0.4065536 0.009964978 8.176723e-005 0.001559997 0.01202313 0 0.001666665 0.01233321 0.04756265 0.1314928 0.03129442 0.1735426 0.5047159 0.9139289 0.7604052 0.6902913 0.3106578 0.243938 0 0 0 0 0.02423012 0.2392163
0 0.1205224 0.009813337 0 0 0.02992879 0.1775874 0.0602162 0.09293103 0.535018 0.2037177 0.6819257 0.1022536 0.009964978 0 0 0 0 0.009964978 0.009964978 0.01249965 0.002865969 0.01501624 0.3488226 0 0.1418582 0.1538868 0.0234442 0.01992996 0 0 0.04511807 0.02989493 0 0.01992996 0.03985991 0 0.02989493 0.01992996 0 0.2690759 0.009609869 0 0.009964978 0 0.009964978 0.009964978 0.03985991 0.05355832 0.08996696 0.009964978 0.3549559 0.1970097 0.3988672 0.6963975 0.9456319 0.233244 0.2867648 0.1681897 0.03626733 0.02352254 0.02989493 0 0 0.02387101
0.05225186 0.03891727 0 0.02929184 0.08999617 0.3877805 0.1212335 0.03032158 0 0.04304948 0.02522713 0.4948252 0.03985991 0.02803801 0.05168182 0 0.02327936 0 0.01606265 0 0.03203709 0.02777319 0.1461167 0.08335847 0 0.1497283 0.6478081 0.04296298 0.03985991 0.06975485 0.04982489 0.1043566 0.03843188 0.171929 0.02682911 0 0.03959713 0.3127976 0.06964573 0 0.03022966 0.01883232 0 0 0 0.03985991 0 0 0 0.0917791 0 0.6134698 0.1339926 0.136551 0.1378627 0.224797 0.03559712 0.00976552 0.2136898 0.009964978 0 0.06975485 0.009964978 0.01992996 0.006023925
0.08292586 0.009964978 0.009964978 0.01992996 0.3092107 0.2208604 0.110112 0.009236436 0 0.001603212 0.2093934 0.04187519 0.007679521 0 0 0 0.006615576 0.02638635 0.0536922 0.1138863 0.08413251 0.151806 0.03942269 0.1295447 0.01992996 0.05639667 0.3047149 0 0 0 0 0 0.002604827 0.007770917 0.07256585 0.0511774 0.01150282 0.13617 0.009793313 0 0.02962665 0 0.009964978 0 0 0 0.06411973 0.009964978 0 0 0.03246984 0.5513722 0.1296455 0.05795996 0.01336609 0 0.1721027 0.2086148 0.5676153 0 0 0.007657674 0.01227228 0 0.009964978
0 0 0 0.02989493 0.06044598 0.1494803 0.06902522 0.01992996 0.01171856 0.008211398 0.011782 0.1558552 0.05859953 0.01695907 0.04982489 0.009964978 0.02989493 0.01273803 0.01340286 0 0.04661145 0.002139375 0 0 0 0 0 0.009964978 0.027692 0.08192276 0 0 0.007360152 0.01227792 0 0.001870533 0.008427138 0 0 0 0 0.0002570401 0 0 0.002640265 0.04006014 0.3105347 0 0 0.01836685 0.1838918 0.08311297 0.2694374 0.08626396 0.01562249 0.3556897 0.2183675 0.6656932 0.09759023 0 0.01992996 0.03985991 0.04188094 0.002527747 0.03405334
0.01992996 0.01054458 0.0002205617 0 0.04009509 0 0.0007296332 0.06810217 0.06167357 0.04024231 0.1423452 0.4890794 0.02365804 0.01992996 0.01383078 0.01606415 0.004370362 0.06069962 0.01194751 0 0.009964978 0 0 0.01992996 0.009964978 0 0.009964978 0 0.009964978 0 0 0 0 0.01761702 0 0.01805943 0 0 0 0 0 0.01967292 0.009964978 0.01941786 0.06975485 0 0.2004739 0.01332983 0.1147487 0.01639907 0.1547799 0.4809708 0.6692467 0.2305576 0 0.0671469 0.04643315 0.03661542 0.009964978 0.03743841 0.02020826 0.01210818 0.004484504 0.0009317033 0.005806569
0.01965909 0.009481507 0 0 0 0.01992996 0.004762009 0.09843212 0.008073316 0.2210741 0.8305275 0.3696792 0.1926839 0.0443713 0 0.02145946 0.02895117 0 0 0.02542149 0.004473444 0.009964978 0.02989493 0.006786914 0.003178065 0 0.03519962 0.0445202 0 0 0 0 0 0.0535534 9.156321e-006 0.009964978 0 0 0 0.0007662813 0.02989493 0 0 0.0005120988 0 0 0 0.1767086 0.2089391 0.04293877 0.1434783 0.3743811 0.3635368 0.222655 0.04982489 0 0 0.005968854 0 0.009964978 0.01419079 0.0009362947 0.0396206 0.02989493 0.05978987
0.0003409822 0.04982489 0.05270338 0.383601 0.1255461 0 0.009964978 0 0.4782518 0.4485677 0.2653122 0.1588855 0.2353533 0.2031364 0.009964978 0.08259468 0.05632929 0.02989493 0.02989493 0.06975485 0.01992996 0.0455131 0 0.09448911 0.2089565 0.06490229 0.004852558 0.02989493 0 0.009964978 0.0762997 0.6571546 0.6251625 0.9075814 0.1193658 0.009964978 0 0 0 0.04905861 0.009964978 0 0.009971896 0 0 0.009964978 0 0.01047683 0.4920925 0.02495065 0.1277935 0.04157456 0.09912661 0.04730357 0.05631792 0.05700055 0.003248446 0.08404181 0.09558173 0 0.03029752 0.1040501 0.2095039 0 0
0.03205483 0.1461879 0.4301628 0.2918055 0.009941539 0 0 0 0.1986207 0.1364251 0.009969449 0.001144647 0.04193364 0.009964978 0 0 0.07971983 0 0 0 0 0.1537865 0.01992996 0.04349644 0.08155201 0 0.009964978 0.04982489 0 0.01992996 0.6963782 0.9876324 0.9289739 0.09735006 0.009964978 0.01992996 0.001717932 0 0.00119745 0.009964978 0.009964978 0 0.00995806 0.02989493 0 0 0.009964978 0.1039481 0.1661778 0.03749683 0.0574805 0.09640073 0.009964978 0.01544413 0.08935305 0.00334458 0 0.04455776 0.009009325 0 0.02989493 0 0 0 0.009964978
0.03769475 0.2658277 0.01853496 0.009572033 0.009988419 0 0 0 0.03375388 0.007092363 0 0 0 0.01992996 0.007541704 0 0 0.006760982 0.009964978 0.01992996 0 0 0.1666509 0.1621934 0.009964978 0.1582002 0.003551355 0.02989493 0.09110254 0.02989493 0.0557874 0.5624827 0.2347851 0 0 0.001972552 0.03814198 0 0.03866246 0.009964978 0 0 0 0 0 0.009964978 0.008805295 0.8195425 0.759369 0.1176907 0.1520348 0.0437423 0.01992996 0.009964978 0.07971983 0 0 0 0 0.009964978 0.009964978 0 0 0 0
0 0.01135791 0.07771098 0.01992996 0.08165237 0.1277607 0 0.009964978 0.009964978 0.009964978 0.04124223 0.01153508 0.1694046 0.1235772 0.238052 0.009964978 0 0.1216983 0.1145131 0.009964978 0.07721522 0.1431424 0.09452572 0.2219815 0.08686221 0.08561994 0.05388976 0.2008525 0.7755615 0.1421004 0.02654873 0.006957083 0 0 0 0 0 0.01416556 0.0429396 0 0 0 0 0 0.004566047 0.005398932 0.3287603 0.7144635 0.06048178 0.05962148 0.05163145 0.007892559 0 0.03420162 0.03555323 0.1849457 0.004388942 0.06568175 0.01158983 0.009964978 0 0 0 0 0.009964978
0.03649214 0.07471436 0.04486538 0.03985991 0.01229328 0.1569628 0 0.009372553 0 0 0.06804541 0.4116545 0.01611791 0.04369954 0.02525586 0.009964978 0 0.1424577 0 0.05978987 0.06378583 0.01992996 0.03985991 0.03461957 0.008730757 0.001234222 0 0.130408 0.8169813 0.2993808 0.03959853 0.07613852 0 0 0 0 0 0 0 0 0 0 0 0 0 0.06881329 0.47064 0.1709109 0.02857159 0 0.1061979 0.04534916 0 0.07021071 0.04126118 0 0 0 0 0 0.005622845 0 0 0.009964978 0.02066961
0 0 0 0 0.009964978 0 0 0.0005924259 0 0 0.1087596 0.7893783 0.0250415 0 0.009964978 0 0 0 0.01430405 0.07538076 0.03985991 0.009964978 0 0.009964978 0.01992996 0.05842454 0.07554254 0.0212491 0.1577266 0.03893517 0 0.0534062 0.009964978 0.05252966 0 0 0 0 0 0.001221398 0.02379918 0.2586773 0.09259842 0.0155822 0 0.1732167 0.1695353 0.0112983 0.06995742 0.01646904 0.01342589 0 0.1465699 0.687136 0.1908298 0.008304001 0.001660977 0 0 0 0.064132 0 0 0.01166839 0.1716212
0 0 0 0.05978987 0.01027215 0 0.08912808 0.01992996 0.04280676 0.1664578 0.05602145 0.07573836 0 0.009964978 0 0.07971983 0.02989493 0 0.01992996 0 0.02778172 0.002113215 0 0 0 0 0.0645488 0.1134495 0.02999341 0.06975485 0 0.01310654 0.01992996 0.01722519 0 0 0 0 0 0.008743581 0 0.07307903 0.04496487 0.009983649 0 0 0.0006523355 0.01601654 0.02496415 0.02989493 0 0.007372959 0.04810823 0.0350828 0.3671291 0.06191389 0.0212266 0.01852796 0.001401998 0 0 0 0 0.02088576 0.03498416
0 0 0 0 0.1795201 0.003573128 0.1962832 0.009964978 0 0 0.09054099 0.1338357 0 0.1893828 0 0 0.01992996 0.01992996 0 0 0 0.01992996 0 0.009964978 0 0 0 0.01718227 0.1386867 0.07616103 0 0.00682342 0 0 0 0 0.05978987 0 0 0.02989493 0.001925858 0.01992996 0.03927442 0.05009983 0.07971983 0 0.04982489 0.03985991 0 0 0 0 0.1238884 0.03467205 0.1867002 0.04064876 0 0 0 0 0 0.1920606 0 0.01992996 0
0 0 0.009964978 0.04313668 0.03612545 0 0 0.009964978 0 0 0 0.009964978 0.009964978 0.07490068 0.1542456 0 0.00723301 0.02964381 0.03985991 0 0 0 0.1339454 0.1761832 0 0.01992996 0 0 0.05245183 0 0 0 0 0.01992996 0.01992996 0 0.009964978 0 0 0.01992996 0.1386062 0.03956926 0.03018559 0.00976976 0.01992996 0.009964978 0.01992996 0 0.009964978 0.1605009 0.03732276 0 0.07408489 0.04103358 0.01992996 0.1558666 0.3611344 0.001177881 0 0.01992996 0 0.4955229 0 0 0
0.03568849 0.001279231 0.07309163 0.129295 0.04263405 0.0783672 0.1316166 0.1172338 0.1594397 0 0 0.05978987 0.006301968 0.02802697 0.09964979 0.03985991 0.01992996 0.002983097 0 0 0.009964978 0 0.01374084 0.3128439 0 0 0.04272473 0.101341 0.027268 0 0 0 0 0.01992996 0 0 0 0 0 0 0.00894261 0.009964978 0.01992996 0 0 0 0.04982489 0.009964978 0 0.2083833 0.08207699 0.02797954 0.01400692 0.03222967 0.03728534 0.009344964 0.0006200146 0 0 0 0.009964978 0.01992996 0.009964978 0 0
0.07392628 0.01865073 0.009964978 0.1364226 0.1406374 0.08884847 0.03016905 0 0.1687312 0.03727252 0.03601097 0.02145962 0 0.3519335 0.6023338 0.0473351 0.002489789 0.04982489 0.01992996 0.009964978 0.05512305 0.01992996 0.004119853 0.1165052 0.009964978 0.01503586 0.1886141 0.005025719 0 0 0.02989493 0 0 0.01992996 0 0.01992996 0.03069984 0.01313414 0 0 0 0.009964978 0 0 0 0 0 0 0 0.09964979 0.1035099 0.01690592 0.07933333 0.04115869 0.002574574 0 0.09964979 0 0 0 0 0 0.01992996 0 0.04982489
0 0.1152593 0.1600245 0.1149822 0.2651601 0.009964978 0.03491026 0.004890416 0.1279586 0.05467186 0.02089568 0.01042653 0.06009305 0.786684 0.8334972 0.1093371 0.02321505 0.04293631 0 0 0.1426306 0.05137084 0 0 0 0.1344388 0.2308666 0.004080562 0.01430157 0 0 0 0.01310446 0.08584062 0.08695345 0.3382483 0.1911108 0.09955645 0.05635794 0 0 0.009964978 0.04982489 0 0 0 0 0.009964978 0.009964978 0.01808254 0.137497 0.04982489 0.05986232 0 0.05721614 0.01003751 0.06380804 0 0 0 0 0 0 0.01240415 0.007525802
0.1898392 0.2091057 0.1032679 0.4063564 0.2261516 0.1096148 0.01515083 0.1346712 0.2116429 0.02415967 0.02319801 0.01246734 0.002666737 0.7480425 0.9706334 0.6984358 0.3284641 0.1717135 0 0.01927956 0.0234005 0.009964978 0.009964978 0 0.009964978 0 0.0006538248 0.004662275 0.005628389 0 0 0 0.2489304 0.3780207 0.3923864 0.2727454 0 0 0 0 0 0.0138746 0.01027407 0 0 0.009964978 0 0.3793163 0.0614212 0 0.2163962 0.01140398 0.0698273 0.04982489 0.1819433 0.009984208 0.1055048 0 0 0.001456087 0.008508892 0 0 0 0
0.04643821 0.1142715 0.2602618 0.4771906 0.03496302 0.009964978 0.06544456 0.5595863 0.3475525 0.2024728 0.1500008 0.007509543 0.1355218 0.1893704 0.4946776 0.9995382 0.4510187 0.02717 0.1782833 0.1731115 0.1185447 0.009964978 0 0 0 0.06975485 0 0.03188984 0.01793506 0.1722383 0.3928568 0.07858583 0.4713832 0.1974442 0.009964978 0.1195797 0.009964978 0.1594397 0.1382896 0.01992996 0 0.2799925 0.6009163 0.1710253 0.1287437 0.09506302 0.7150618 0.3909559 0.03461689 0 0.06582263 0.05079546 0.001966856 0 0 0.0246748 0.02306755 0.1061773 0.0146331 0.006248889 0.02989493 0 0 0 0
0.03741543 0.05432163 0.01880333 0.08044256 0.2138032 0.0347434 0.009775216 0.4732703 0.6726184 0.06905417 0.02083321 0.1494409 0.2772402 0.1361353 0.1474645 0.9883339 0.2974528 0.02306331 0.05940621 0.0166962 0.02656641 0.05487639 0.2801037 0.3145413 0.3027123 0.04068542 0.140862 0.2691684 0.3045242 0.1945787 0.1637839 0.2039677 0.1736173 0.1795228 0.05836365 0.2666123 0.1746362 0.02220104 0.0905854 0.03985991 0.0312219 0.1758875 0.2491516 0.3071375 0.4514614 0.679621 0.08849809 0.1404577 0.001487864 0 0.1703468 0.05159893 0.01992996 0.3707477 0.2914854 0.02515009 0.009393569 0.03311163 0.01291636 0.043576 0.009964978 0 0.009964978 0 0
0.3731417 0.1172926 0.08476623 0.1281999 0.009964978 0.1167971 0.1930139 0.7580007 0.4380731 0.0999044 0.06415224 0.414126 0.4335483 0.2039763 0.7257303 0.9452081 0.7014937 0.08004486 0.09718125 0.05352411 0.2045628 0.8377263 0.8712675 1 0.990035 0.9445037 0.732291 1 0.9418625 0.4232193 0.8005909 0.5670932 0.1162295 0.1415499 0.1825133 0.730643 0.5793184 0.08255702 0 0 0.05846291 0.1344884 0.01686309 0.2246148 0.1714953 0.5345298 0.1099904 0.3838447 0.207005 0 0 0.02156974 0.08968481 0.05885268 0.1283817 0.1917428 0 0.06975485 0 0 0 0 0.08968481 0 0
0.01875595 -9999 -9999 -9999 0 0.009964978 0.05437728 0.8682224 0.8359072 0.1720956 0.02739291 0.170927 0.5640929 0.7832592 0.6628044 0.5923724 0.6187937 0.4197925 0.09375516 0.1467177 0.7854745 0.9532964 0.3645362 0.9774305 0.7730423 0.9747206 0.9216802 0.5711342 0.4306251 0.2161907 0.5653495 0.3162888 0.09732766 0.6278951 0.2971762 0.2035235 0.3395019 0.01899593 0.04169612 0 0.009964978 0.02864033 0.0318088 0.2139419 0.09596211 0.02015847 0.009988345 0 0 0.05594433 0.03951393 0.2394118 0.05988358 0.009964978 0 0.2077346 0.1472455 0.01839794 0 0.007491148 0.2169087 0.1494675 0.09014511 0.009964978 0.03985991
-9999 -9999 -9999 -9999 -9999 -9999 -9999 0.05682382 0.3626274 0.2063285 0.1631929 0.01220676 0.02233233 0.3556046 0.5172854 0.5941049 0.181666 0.0550965 0.01018383 0.02967608 0.3827821 0.592177 0.0143255 0.4673757 0.1307529 0.1227159 0.1134262 0.01148205 0.06292181 0.5409697 0.06828548 0.2728969 0.2242272 0.05067018 0.02989493 0.03915609 0.132953 0 0.01809376 0 0 0.1540571 0.3744777 0.0101899 0.01212896 0 0.1295447 0.01895726 0.0009727021 0.05367044 0 0 0.03344582 0.05437415 0.009964978 0.09012344 0.02989493 0 0.01992996 0 0.02747393 0.2325463 0.05089182 0.04982489 0
-9999 -9999 -9999 -9999 -9999 -9999 -9999 -9999 0 0.06468669 0.131159 0.3643593 0.1975645 0.06682517 0.09964979 0.009964978 0.1098434 0 0.09964979 0.09211314 0.08725648 0.04779585 0.07971983 0 0.1554989 0.04526684 0.05493768 0.009964978 0 0.2442821 0.1637074 0.04025193 0.1899781 0.009964978 0.01595707 0.00270978 0 0.04315755 0.008500252 0.009964978 0.1595962 0.3472101 0.0678626 0.03985991 0.04090859 0.2017254 0.1295447 0 0 0.01896405 0.008881538 0.2835908 0.08558762 0.03973913 0.007704161 0 0.009964978 0.1694046 0 0.052848 0.02989493 0.1127159 0.4140188 0.2754444 0
-9999 -9999 -9999 -9999 -9999 -9999 -9999 -9999 0 0.018687 0.07418919 0.05092638 0.05983541 0.004016311 0.06975485 0.2934032 0.05975879 0.220151 0.05610916 0.02092157 0.01042545 0.1081627 0.04670419 0.2846737 0.6613983 0.1350434 0.03474712 0.02989493 0.0145689 0.06917806 0.1889276 0 0.006526524 0.06040733 0.423956 0.4772414 0.3023949 0.200461 0.3362229 0.141977 0.2375864 0.009964978 0.009964978 0 0.2764234 0.1187013 0 0.05939717 0.01992996 0.100668 0.1495402 0.6127392 0.462398 0.01992996 0.05958624 0.1405549 0.1574833 0.01252499 0 0.1230841 0.01992996 0.04372032 0.1044636 0 0.005226254
