EnvRasters/GE_Low/forest.asc
ncols         270
nrows         223
xllcorner     24099.479091542
yllcorner     21023.840179216
cellsize      1003.8986847201
NODATA_value  -9999
[rows 145 to 173 of 223, columns 130 to 194 of 270]
0.333845 0.5492121 0.01676919 0.3207147 0.0381251 0.002208766 0.008089109 0.009964978 0 0.02989493 0 0 0 0 0.1353453 0.302436 0 0.01481088 0.02989552 0.5788848 0.3336296 0.5457668 0.7365717 0.7092953 0.7782418 0.2032027 0.329289 0.3143413 0.1608649 0.419707 0.5588049 0.06976755 0.2384266 0.06339085 0.2495656 0.1419543 0.3517776 0.9159495 0.7517446 0.4056891 0.6575722 0.7249792 0.4696289 0.3807003 0.2004849 0.8400382 0.9160401 0.90938 0.9378351 1 0.990035 0.8204464 0.1908474 0.7907621 0.9906634 0.9195219 0.1128369 0.1044126 0 0.02891181 0.0006595918 0.004635735 0.1805102 0.8324287 0.1469899
0.04159346 0.1201084 0.1113543 0.09606117 0.04038781 0 0.03473877 0.04514437 0.0146455 0.243504 0.1890485 0.07004514 0.08958761 0.01715346 0.2673741 0.3887779 0.2507076 0 0.2065206 0.1582468 0.2779165 0.123479 0.2071819 0.2899058 0.8790026 0.3566128 0.6740426 0.491237 0.4995718 0.220885 0.3350784 0.3084413 0.1805101 0.08239266 0.2970672 0.3442354 0.8663598 0.8651975 0.5302597 0.793071 0.2948336 0.6495852 0.3985427 0.5174602 0.4240554 0.7612942 0.5260376 0.9174309 0.9962775 0.9023952 0.6679329 0.1397604 0.8380294 0.9800701 0.9243682 0.5475881 0.131661 0 0 0.04109536 0.04889774 0.09103528 0.1436536 0.3278444 0.06783494
0.1470514 0 0.02233564 0.05978987 0 0.03985991 0.1243698 0.1208523 0.3130335 0.2266053 0.03357219 0.2428569 0.4409927 0.1309662 0.2601773 0.6090763 0.4994181 0.09126202 0.05687613 0.2034042 0.7223396 0.4393615 0.08945436 0.08088226 0.6949927 0.9275649 0.8284847 0.4852653 0.7175934 0.6237774 0.1977122 0.03914256 0.06614438 0.3029012 0.08670101 0.4154191 0.7500452 0.6699964 0.4281266 0.8357622 0.4825931 0.250549 0.07516336 0.09316613 0.2998345 0.4852567 0.8302813 0.9317895 0.8615743 0.5112209 0.1201283 0.3350748 1 0.9975582 0.4812394 0.2165495 0.4323999 0.2328342 0.06749585 0.03985991 0.07950259 0.3097821 0.4804288 0.3475792 0.09959991
0.05725226 0.1261484 0.1382634 0.2061661 0.1205697 0.05527475 0.03537479 0.1254367 0.3542353 0.1996872 0.09201761 0.3161261 0.153205 0.2572626 0.6814179 0.7309228 0.3431283 0.2661372 0.01118585 0.1357515 0.3733284 0.1346143 0.1176963 0.1830374 0.464913 0.7556411 0.7582577 0.3170306 0.6603016 0.5100145 0.238066 0.05905565 0 0.01371743 0.2045825 0.2431433 0.3138281 0.008225027 0.508325 0.9543646 0.4418368 0.511763 0.1214975 0.1052961 0.4603142 0.2118762 0.1930481 0.3859375 0.1456003 0.3917094 0.7537801 0.9507757 1 0.4027526 0.03537028 0.2196023 0.5099012 0.3977646 0.02989493 0.02737826 0.476359 0.5626878 0.2637694 0.3853981 0.02989493
0.2951669 0.7298914 0.813992 0.3964884 0.4929179 0.1104057 0.5480037 0.01880093 0.5920739 0.5078667 0.515718 0.3315544 0.1523896 0.5512477 0.526134 0.6537504 0.6647777 0.5224541 0.4379013 0.6609008 0.9426485 0.9721374 1 0.9178624 0.4000594 0.3153983 0.1291172 0 0.02113312 0.5423762 0.8412573 0.6226286 0.4958109 0.1317847 0.1081547 0.05591978 0.1622285 0.5026203 0.6540756 0.9855784 0.9061776 0.6279973 0.005527385 0.07119533 0.0857381 0.1168505 0.6774949 0.2582594 0.06567076 0.6606681 0.9935122 0.7892092 0.4027182 0.1378708 0.05072806 0.05098791 0.1472843 0.5408326 0.1653359 0.6017599 0.8076055 0.9046077 0.4416184 0.181415 0.05012922
0.9634394 1 1 0.9664035 0.3502389 0.1407382 0.9228441 0.2186107 0.9313265 0.8512666 0.4241465 0.1555427 0.3828205 0.8322506 0.9229816 1 1 1 0.955739 0.8590829 0.961519 0.907831 0.7738746 0.8326513 0.6704457 0.1220731 0.009964978 -9999 0.03256816 0.009426706 0.2382535 0.2959913 0.3877314 0.2576499 0.1029337 0.2898994 0.3643505 0.09281924 0.1779723 0.8015937 1 0.4776146 0.08932076 0.2361458 0.07912308 0.1665345 0.8891434 0.6978242 0.06704383 0.2315622 0.58695 0.2011387 0.0003225266 0.3948041 0.4905356 0.3653614 0.09805026 0.3686061 0.3627916 0.5317221 0.4481401 0.5041698 0.02633776 0.120236 0.4477172
0.9721858 1 0.9948579 0.5426928 0.1544935 0.6768421 0.9642761 0.574007 0.5882361 0.6346542 0.06089579 0.6071141 0.9966156 1 1 0.9759914 0.6305094 0.1621731 0.3243589 0.08561563 0.1044852 0.1052417 0.07526106 0.5433046 0.1308045 0 -9999 -9999 -9999 -9999 -9999 0.03099217 0.1252508 0.4367954 0.6292944 0.5043365 0.3865369 0.009964978 0.6001457 0.9603131 1 0.2744158 0.008678235 0.07786124 0.149382 0.5814506 0.9334401 0.936129 0.3855619 0.2732114 0.01434 0 0.1957299 0.5906258 0.6721687 0.176736 0.09964979 0.05788756 0.07320543 0.3432289 0.4246499 0.02635621 0.1429733 0.3136388 0.2357072
0.990035 1 1 0.791476 0.1656525 0.555788 0.4913162 0.3355248 0.6293188 0.5801479 0.4539775 0.9214711 0.8072017 0.9968832 0.9774597 0.376777 0.02457097 0.1649668 0.2013946 0.1339823 0.0869087 0.4565809 0.2285662 0.02708137 -9999 -9999 -9999 -9999 -9999 -9999 -9999 0.0467714 0.2650543 0.5414298 0.5814811 0.2990861 0.3426113 0.004336658 0.2770272 0.3723695 0.3251126 0.3179517 0.04551599 0 0.2746861 0.6484339 0.7586734 0.6868458 0.7065586 0.5800532 0.5414554 0.2227034 0.02712964 0.2911607 0.4869936 0.7538237 0.5449895 0.2013192 0.008612686 0.1178744 0.2393831 0.475649 0.6059041 0.3802292 0.02003501
0.8631715 0.9946157 0.9754893 0.9183707 0.1444045 0.3548186 0.5571485 0.517603 0.4134074 0.7225104 0.4304565 0.9584041 0.7306145 0.3368229 0.1245134 0.1793828 0.5153861 0.3157134 0.4247479 0.2233224 0.1610985 0.9484761 0.1823632 -9999 -9999 -9999 -9999 -9999 -9999 -9999 0.04947824 0.3945787 0.1714075 0.3161781 0.3535997 0.1884878 0.2540124 0.0460528 0.256013 0 0 0 0 0 0.796397 0.7206808 0.08871533 0.547926 0.1026998 0.1469464 0.07429685 0.1966142 0.3043555 0.2988787 0.4797613 0.5797292 0.2184568 0.01811485 0.2174331 0.1770557 0.3325905 0.7940255 0.7428098 0.3174556 0.1173672
0.3803217 0.5504633 0.9083453 0.6257967 0.2986117 0.8937829 0.9070452 0.5115773 0.9058672 0.725385 0.9085259 0.5722786 0.424492 0.2441369 0.1055963 0.04780473 0.2919075 0.157061 0.004106672 0.2630012 0.6767057 0.6111614 0.3438229 -9999 -9999 -9999 -9999 -9999 -9999 -9999 0.03293284 0.02200657 0.01504352 0.07297684 0.2168941 0.3515483 0.07050801 0 0.04167281 0.2493526 0.379939 0.5092025 0.432148 0.08304211 0.6987982 0.452104 0.03399673 0.3321575 0.6130155 0.7741619 0.2100262 0.009964978 0.4578776 0.6432154 0.6905212 0.8079514 0.6487568 0.09309435 0.20068 0.3135494 0.2543247 0.5474077 0.2488161 0.5306128 0.8775494
0.4607882 0.3442766 0.4146669 0.2344065 0.3183544 0.6890292 0.2903451 0.3437612 0.08133113 0.1841788 0.2691774 0.5062411 0.3875199 0.2302794 0.08713707 0.2298748 0.2456994 0.2950252 0.5126903 0.2691896 0.1396931 0.03915999 0.03321648 -9999 -9999 -9999 -9999 -9999 -9999 0 0.008936207 0.5360087 0 0.01992996 0.08731216 0.3589463 0.4689844 0.3375317 0.3553759 0.3972418 0.2521935 0.148564 0.3261693 0.5305814 0.6114033 0.3986239 0.06444555 0.3144564 0.3481981 0.1890242 0.07199889 0.4152971 0.701607 0.3875895 0.2480226 0.4109544 0.4040821 0.2272758 0.7191772 0.3367086 0.4392423 0.6960379 0.6981879 0.7955311 0.9596352
0.6528082 0.2030345 0.02776414 0.1964998 0.1220467 0.02989493 0 0.1180983 0.8939259 0.5163052 0.4772455 0.4179568 0.387621 0.2024656 0.3328817 0.7230506 0.644172 0.4358548 0.3336102 0.1445269 0 -9999 -9999 -9999 -9999 -9999 -9999 -9999 0.07096761 0.6685373 0.3535757 0.5412583 0.05029751 0.1634369 0.1757565 0.01992996 0.09571562 0.1752995 0.006265576 0.04641495 0.04921311 0.07905181 0.2487281 0.3023677 0.229182 0.3009282 0.5856431 0.5594508 0.4243497 0.1934657 0.007514886 0.2776918 0.2170572 0.2338553 0.563298 0.5834518 0.2487782 0.1742109 0.1126779 0.2849321 0.2200376 0.823242 0.9800701 0.6241547 0.8249973
0.5388036 0.1958124 0.2000839 0.1966027 0.1325744 0 0.05544137 0.3294624 0.6085317 0.6483209 0.4211238 0.5587369 0.3968397 0.4232712 0.369563 0.5206932 0.2674929 0.4881485 0.170706 -9999 -9999 -9999 -9999 -9999 -9999 -9999 -9999 -9999 0.03083642 0.8410873 0.8389502 0.5473754 0.2356295 0.6410066 0.3433371 0.1479026 0.4585381 0.01992996 0.1049954 0.5358692 0.5563768 0.1159178 0.02956731 0.1444433 0.2680722 0.2494372 0.3917307 0.1493216 0.09284138 0 0.01241507 0.05061752 0.1078429 0.4263543 0.1273863 0.1224956 0.1035232 0.295475 0.0400748 0.3668819 0.3238408 0.8130732 0.9886256 0.4602411 0.6770684
0.1293953 0.02037546 0.1136791 0.09277751 0.1115628 0.03244362 0.02048066 0.1395097 0.2196238 0.5496634 0.6745007 0.5677063 0.4664665 0.2707236 0.2904556 0.6622819 0.9009603 0.998033 0.15977 -9999 -9999 -9999 -9999 -9999 -9999 -9999 -9999 -9999 0.04370572 0.557101 0.9990827 1 0.9596505 0.9665269 0.8290393 0.9126938 0.6535187 0.1830489 0.06975485 0.08212671 0.3047132 0.2861111 0.08520995 0.03573046 0.07387078 0.129358 0.01036315 0.009566805 0 0 0.004321944 0.1782611 0.2660739 0.2555867 0.1928329 0.2348992 0.3701138 0.485325 0.3154228 0.4423993 0.436734 0.6390698 0.2891935 0.2311018 0.7491235
0.1347888 0.240189 0.4463103 0.604752 0.222454 0.1477837 0.4489886 0.5584027 0.1829657 0.3068244 0.3076065 0.2425306 0.1508452 0.6726854 0.8652558 0.9575849 1 0.7826617 -9999 -9999 -9999 -9999 -9999 -9999 -9999 -9999 -9999 0.09852874 0.1138831 0.1330681 0.4008891 0.9689963 0.9850951 0.9962677 1 1 1 0.2619433 0.08205953 0.07738013 0.2080189 0.5693067 0.5524351 0.201107 0.2902866 8.035948e-005 0.06640353 0.08997336 0.3019622 0.3314481 0.2958493 0.5662261 0.6500522 0.6191655 0.3572537 0.6659008 0.8590599 0.7222611 0.8874018 0.6979002 0.2854529 0.4740483 0.7106354 0.8596575 1
0.3414297 0.4119656 0.1637345 0.1420808 0.4345351 0.4088836 0.2465096 0.234875 0.1334744 0.3506852 0.847535 0.4704702 0.6422821 0.9669955 1 0.9800701 0.990035 0.7735596 0.07568506 -9999 -9999 -9999 -9999 -9999 -9999 -9999 -9999 0.3399486 0.8279239 0.8991047 0.5570177 0.8133852 0.9987072 1 1 1 0.4856403 0.02259634 0.009964978 0.01270463 0.1029662 0.4618019 0.9701051 0.6501045 0.2344496 0.01045379 0.5185955 0.7695975 0.8985643 0.9008487 0.3310395 0.7937624 0.9576375 0.9572733 0.6624764 0.5206816 0.9950703 0.9681926 0.7078053 0.4232379 0.7625583 0.9400737 0.9716007 0.9701051 1
0.009964978 0.06975485 0.06975485 0.0488002 0.02377091 0.03985991 0.3402133 0.6849164 0.6855525 1 0.7117084 0.8898746 0.9640204 0.9800496 1 1 1 1 0.7028471 -9999 -9999 -9999 -9999 -9999 -9999 -9999 -9999 0.01061924 0.9526362 0.990035 0.9994174 0.9612803 0.9964839 1 1 0.7532513 0.6264813 0.730095 0.3954195 0.6741696 0.8231959 0.8330759 1 0.9558489 0.9990701 0.7103904 0.666979 0.9811188 0.8657107 0.9505011 0.8995741 0.9387738 1 1 1 0.850557 1 0.9756997 0.8973176 0.8851005 1 0.990035 1 0.990035 0.8114841
0.009964978 0.01763937 0.03999888 0.2334344 0.2384567 0.5222281 0.9683818 0.9448227 1 1 1 0.9800701 0.990035 0.9937536 1 1 0.9883232 1 0.5083771 -9999 -9999 -9999 -9999 -9999 -9999 -9999 -9999 -9999 0.1407172 0.9706861 0.9907982 0.9809894 0.990035 0.8964047 0.914382 0.5588854 0.6059237 0.9652318 0.7961563 0.9569362 0.9933316 0.9962502 1 1 0.8666648 0.2136176 0.8488883 1 1 0.9198648 0.9223279 0.8991975 1 0.9665617 0.9836134 0.9003038 1 0.9402101 1 0.9265622 0.9647779 0.9708084 0.6010432 0.3013949 0.01652087
0.05694138 0.01225874 0.4223619 0.8583079 0.5920849 0.8885787 0.8387521 0.9654925 1 1 1 0.990035 0.9687618 0.9202131 0.8462927 0.9959694 0.5350675 0.4806851 0.2068878 -9999 -9999 -9999 -9999 -9999 -9999 -9999 -9999 0 0.6077757 0.717639 0.7738043 0.9887853 0.849848 0.8483643 0.3181815 0.2413184 0.7692448 0.8191258 0.8955874 0.9336691 0.989774 1 1 1 1 0.9213868 1 1 0.9877009 0.9698788 0.9726654 0.9475795 0.990035 0.8286471 0.7323009 0.8004357 0.9302452 0.9778484 0.9572884 0.8926041 0.9836259 0.6400084 0.1403842 0 0.009964978
0.8216138 0.7307531 0.8371349 0.8012269 0.8398702 0.6704716 0.9214302 0.7619796 1 1 1 1 0.990035 0.5366225 0.09075446 0.7398847 0.7528945 0.7935308 -9999 -9999 -9999 -9999 -9999 -9999 -9999 -9999 -9999 0.4300687 0.9800507 0.2523829 0.1695505 0.4427883 0.9876906 0.9884595 0.9286786 0.8925148 0.9701051 0.6223772 0.6436811 0.9770249 0.9600222 1 1 1 0.9031702 1 0.9531017 0.9025503 0.2574448 0.7507671 1 0.8734846 0.8711904 0.3551035 0.2784565 0.8918059 1 0.9623618 0.5740408 0.3303283 0.7928832 0.7260991 0.380248 0.3730367 0.4350618
0.9728793 1 0.9675626 0.9298303 1 0.7899054 0.9156873 0.7778751 0.9408163 1 0.8892082 0.8702551 0.9415874 0.6779649 0.586494 0.2947427 0.7827036 0.9107339 -9999 -9999 -9999 -9999 -9999 -9999 -9999 -9999 -9999 0.6512265 0.990035 0.4182787 0.3804813 0.3590638 1 0.9714316 0.9882717 0.9593223 0.6754629 0.1005601 0.2845733 0.985725 0.8633881 0.9113517 0.5586507 0.9730346 0.9373901 1 0.9332342 0.4296924 0.3576757 0.9142415 0.69184 0.3219026 0.3956904 0.6206533 0.2931108 0.7977061 1 1 0.9363078 0.3124183 0.9572035 0.8187902 0.9024482 0.7886795 0.6693671
0.9551397 0.7259163 0.2852897 0.246481 0.9964569 1 0.474506 0.8707273 1 1 1 0.9800701 1 1 1 0.9450917 0.9713256 0.9404576 -9999 -9999 -9999 -9999 -9999 -9999 -9999 -9999 -9999 0.6346848 0.9563528 0.8527545 0.7221219 0.8633202 0.7863977 0.9060637 0.4508251 0.7876125 0.7379702 0.4658337 0.5732504 0.8873407 0.9149348 0.1826985 0.06779409 0.3732458 0.3343444 0.8848636 0.9920546 0.8312427 0.8881321 0.9712442 0.2309586 0.1277207 0.3747195 0.962941 0.2719498 0.07878273 0.2797113 0.7173821 0.9622966 0.9889202 0.8785715 0.9026922 0.9003325 0.9027917 0.3200744
0.6980768 0.661911 0.5797634 1 1 0.9840861 0.9825667 0.8818935 1 1 1 1 1 1 0.990035 0.7576819 0.766644 0.7822198 0.172505 -9999 -9999 -9999 -9999 -9999 -9999 -9999 -9999 0.6799818 0.6962035 0.4909597 0.8670913 0.354797 0.1015749 0.3038546 0.1113384 0.5319644 0.08202983 0.383657 0.5277362 0.9701856 0.9057002 0.06951143 0.3093342 0.1999234 0.05023748 0.7312586 0.9849681 0.9799538 1 0.9608777 0.449494 0.7054806 0.9286219 0.9395272 0.09884165 0.1321093 0.8022804 0.4612062 0.3977916 0.7700989 0.6461448 0.9880328 0.9292486 0.9414933 0.6723695
0.8411295 0.7947493 1 1 1 0.7625818 0.3531976 0.4612562 1 1 1 0.9332765 0.9249842 0.8174052 0.5707562 0.179505 -9999 -9999 -9999 -9999 -9999 -9999 -9999 -9999 -9999 -9999 0.1364321 0.8951568 0.1778774 0.007635862 0.4042002 0.2958294 0.1515916 0.4372028 0.3747831 0.3033878 0.4221345 0.4942333 0.7723106 0.8620082 0.9849594 0.6342403 0.8840801 0.1979662 0.07794409 0.5337817 0.6539724 0.8558769 1 0.9955683 0.9639804 0.5321222 0.9601401 0.8618296 0.7088568 0.7164673 0.7826869 0.443425 0.02158174 0.03611204 0.3271245 0.9704355 0.9290644 0.7508088 0.990035
0.09590092 0.7266427 0.9864945 0.6105705 0.8811807 0.6271098 0.4748852 0.8030941 0.9688954 0.9102671 0.2541373 -9999 -9999 -9999 -9999 -9999 -9999 -9999 -9999 -9999 -9999 -9999 -9999 -9999 -9999 0.3164179 0.8971587 0.9629576 0.5951749 0.4022888 0.8506731 0.4679804 0.6490785 0.8990697 0.2352929 0.08050203 0.1941022 0.8212782 0.915069 0.9872603 0.963905 1 0.7925506 0.6706455 0.8914059 0.3365112 0.01694744 0.6475555 1 0.9527189 0.9725212 0.8883505 0.9741404 0.9104581 0.9315206 0.2365432 0.1693016 0.1224461 0.02140521 0.04237029 0.5260876 0.9840373 1 0.7931897 1
0.1474442 0.381656 0.5550141 0.003777355 0.7246474 0.8597146 0.2905441 0.1926238 0.328233 0.3356906 -9999 -9999 -9999 -9999 -9999 -9999 -9999 -9999 -9999 -9999 -9999 -9999 -9999 -9999 -9999 0.5715489 1 1 0.990035 0.9999522 1 0.9466829 0.9094867 0.7485728 0.2514541 0.3257714 0.4733312 0.7055312 0.8444492 0.9721478 0.9701051 1 0.991298 0.8876035 0.8513278 0.7350355 0.3070409 0.6930974 0.9029247 0.4672357 0.7828422 0.7146193 0.1792075 0.2332487 0.316464 0.02416805 0.06037627 0.1509675 0.1652386 0.4556724 0.2950433 0.8247457 0.8514428 0.8870784 0.901116
0.3871604 0.1185287 0.1355 0.1466335 0.3087324 0.9922043 0.4159653 0.02845184 -9999 -9999 -9999 -9999 -9999 -9999 -9999 -9999 -9999 -9999 -9999 -9999 -9999 -9999 -9999 -9999 -9999 0.656392 1 0.9622971 0.997843 0.9702492 1 1 1 0.8516935 0.1939408 0.07422502 0.3838884 0.2228408 0.07544018 0.8183921 0.8968087 0.9132355 0.9474345 0.9599398 0.5702178 0.3860375 0.5428019 0.9459068 0.5944015 0.1807546 0.6131794 0.6526474 0.1542727 0.4171597 0.5770887 0.6060097 0.5844105 0.104941 0.1227974 0.6824508 1 0.9349966 0.9116895 0.8699303 0.9979537
0.03280469 0.06185303 0.5375386 0.211456 0.06661722 0.3283409 0.02394245 -9999 -9999 -9999 -9999 -9999 -9999 -9999 -9999 -9999 -9999 -9999 -9999 -9999 -9999 -9999 -9999 -9999 -9999 0.01588384 0.3254176 0.6273048 0.9073136 0.7576774 1 1 1 0.9601401 0.3627888 0.1781338 0.05067918 0.1985577 0.0975635 0.8266208 0.3837712 0.1013924 0.4979708 0.4112331 0.1151568 0.09800029 0.6486567 1 0.435045 0.4706051 0.9522447 0.9165891 0.5685753 0.8033385 0.5315418 0.1563308 0.117934 0.2264973 0.288502 0.6422625 0.8627118 0.9678835 0.7304488 0.7959315 0.9393662
0.07970437 0.0103809 0.01542528 0 0 0 -9999 -9999 -9999 -9999 -9999 -9999 -9999 -9999 -9999 -9999 -9999 -9999 -9999 -9999 -9999 -9999 -9999 -9999 -9999 -9999 -9999 -9999 -9999 0.3396978 1 1 0.9998489 0.8255572 0.6903056 0.5058535 0.02191481 0.3995706 0.330505 0.734323 0.150313 0.04791364 0.2128409 0.2358451 0.1432566 0.7742091 1 0.9692514 0.1843814 0.5623261 0.5946017 0.6890494 0.9931034 1 0.5941001 0.372918 0.05874976 0.260561 0.5007558 0.7444182 0.7778901 0.8161041 0.9844407 0.9988495 0.8915998
