EnvRasters/GE_Low/forest.asc
ncols         270
nrows         223
xllcorner     24099.479091542
yllcorner     21023.840179216
cellsize      1003.8986847201
NODATA_value  -9999
[rows 87 to 115 of 223, columns 130 to 194 of 270]
0.6802344 0.2677232 0.4192263 0.05165949 0.01747582 0.03003652 0.09177314 0.2539476 0.2148634 0.05995465 0.05233551 0.07074048 0.05120645 0.08148187 0.3133936 0.09095353 0.3830121 0.07798528 0.07892324 0.1678625 0.2193684 0.1082337 0.1295447 0.02226425 0 0.005190941 0.004774038 0.009964978 0 0.006278127 0.02361681 0.06517125 0.009964978 0 0 0.07243241 0.04714733 0.009964978 0.01992996 0.07486778 0.0951831 0.002853754 0.02979975 0 0.01781637 0.001234423 0.03009517 0.0297615 0.07872528 0.01245322 0.05795224 0 0.02989493 0.02989493 0.07919936 0.01992996 0.1758776 0.154349 0.05375843 0.05942558 0.009964978 0 0.009964978 0 0.04370926
0.363083 0.05249872 0.04424551 0.05572563 0 0.01992996 0.04982489 0.5418561 0.7098451 0.4311903 0.0823462 0.2529668 0 0.04114575 0.3969361 0.02968338 0.16803 0.1263485 0.07573251 0.01770778 0.1134246 0.2193437 0.1177776 0.04982489 0 0 0.01992996 0.04290289 0.2148546 0.06338812 0.03582538 0.1285332 0.09524265 0 0 0.004496558 0.01863363 0.03119126 0 0.02305058 0.0629592 0.007206413 0 0 0.06975485 0 0.02301561 0.2079633 0 0.01235225 0.007441962 0.003216528 0.04032039 0.04555855 0.0005204678 0 0.11771 0.009182435 0.09114214 0 0.009964978 0.02989493 0 0.004965954 0.02809829
0.03485884 0.04050632 0.01294734 0.1054343 0.1371748 0.02204634 0.009842146 0.01008781 0.04219064 0.08555707 0.01226315 0.02160355 0.009964978 0.03985991 0.270614 0.1385747 0.373003 0.2002073 0.2748264 0.5435025 0.1616534 0.1061938 0.03500384 0 0.009964978 0.04708338 0 0.05507452 0.04222839 0.06579021 0.1906398 0.01725448 0 0 0.04982489 0.05529331 0.009964978 0 0.009964978 0 0.006795648 0 0 0.03471296 0 0.009964978 0.05868538 0.00798382 0 0 0.01941508 0.01357187 0.03625302 0.06449067 0.015495 0.09920308 0.03539209 0.004914529 0.04982489 0.009964978 0 0 0 0.009161303 0.01371498
0.05449 0.1185679 0.09928617 0.06290761 0.09774824 0.3377884 0.02298801 0.01082242 0.02903749 0.04982489 0.06991582 0.05027081 0.08817062 0.02017559 0.1221007 0.03025131 0.03844184 0.03985991 0.4179097 0.7661349 0.3074254 0 0 0 0 0.05626286 0.4855781 0.04883434 0.009964978 0.1106485 0.1225378 0 0.009964978 0 0 0.03985991 0 0.009964978 0.01992996 5.906532e-005 0.009905913 0 0.001024093 0.02405282 0 0.01203006 0 0.01148355 0.01992996 0 0.02351878 0.03627109 0 0.02292389 0.03683433 0.04982489 0 0.0154759 0.004454057 0 0 0 0 0 0
0.006886498 0.1430232 0.06970884 0.05243825 0.1034623 0.2096405 0.008113139 0.02355161 0.2201317 0.07042699 0.08323774 0.2020495 0.1376277 0.1928632 0.0631969 0.06675657 0.04599873 0.06232358 0.3412727 0.2183339 0.07296152 0.02518466 0 0.01992996 0 0.02616186 0.02366303 0.009964978 0 0.07886581 0.2698813 0 0 0.009964978 0 0.03399363 0.009964978 0.01992996 0.04363696 0.08784104 0.042159 0 0.001336382 0.05109448 0 0.0078999 0 0.0582713 0 0 0.01992996 0 0 0 0.02028512 0 0.1295447 0 0 0.01992996 0 0 0 0 0
0.0567609 0.02076426 0.2534889 0.1119769 0.3351977 0.03013859 0.03126276 0.1381015 0.1654517 0.03297471 0.3522054 0.6026999 0.2828038 0.3142535 0.1946441 0.3169887 0.07050517 0.09799664 0.1927067 0.2520956 0.1513867 0.02502852 0 0 0 0 0.009964978 0 0 0.0550446 0.06453514 0 0.03985991 0 0.08879477 0.2060559 0.01992996 0.01992996 0.04604784 0.03448029 0.06471418 0 0 0.007359014 0 0.009964978 0 0 0 0 0.03985991 0.009964978 0 0 0.02989493 0.05978987 0.08144322 0.008241588 0 0 0 0 0.02749866 0 0
0.09727621 0.112324 0.2531658 0.1593415 0.007102152 0.09340528 0.03960248 0.02900283 0.02989493 0.0229852 0.2777855 0.6565992 0.09731464 0.01992996 0 0.1533653 0.006464052 0.2705223 0.4171372 0 0 0 0 0 0.006317938 0.04519286 0.005515082 0 0 0.01992996 0.02989493 0.005847733 0 0 0 0.01992996 0 0 0.01992996 0 0 0.009964978 0.009964978 0 0 0 0 0.009964978 0 0 0.01519859 0.09763077 0.06033846 0.1347578 0.09430753 0 0 0 0 0 0 0 0.002396278 0 0
0.1230273 0.216958 0.2062585 0.6293218 0.02284319 0.01943086 0 0 0.009964978 0.0528229 0.3009129 0.234792 0.009964978 0 0 0 0 0.0002949458 0.07328663 0 0 0 0 0 0 0.03177485 0.0008840806 0 0.009964978 0 0.01606733 0.004117245 0.009116889 0.04070801 0 0.009964978 0 0 0 0 0 0 0 0 0 0 0 0 0.009964978 0.03524806 0.1032514 0.03873526 0.01929472 0.02989493 0.04007579 0 0.02630764 0.003587301 0 0 0 0.008025894 0 0 0
0.3412136 0.3243149 0.1532024 0.05929287 0.2459037 0.1290065 0.09328291 0.01992996 0.04176901 0.2664341 0.1565779 0.2493011 0.1400143 0.0534429 0 0.009964978 0 0 0 0 0 0 0.008230708 0.005247006 0.3003284 0.208172 0 0 0 0.01634798 0.03375756 0 0.009964978 0.009499287 0.08523332 0.04470588 0 0 0 0.009964978 0 0 0 0 0 0 0 0 0 0.008885271 0 0 0 0.009964978 0 0 0 0.009964978 0.01992996 0 0 0.01190406 0.009964978 0 0
0.04766065 0.06846981 0.213544 0.2245599 0.7311534 0.270829 0.0813847 0.05691104 0.2272854 0.2014862 0.6218532 0.06448949 0.04688271 0.04692838 0 0.009964978 0 0.009964978 0.01992996 0 0 0 0.001734271 0.01140821 0.002988201 0 0 0 0 0.04898821 0.0007529915 0.009964978 0 0.009964978 0.02496682 0.02492929 0 0.01992996 0 0 0 0.01316742 0.01992996 0 0 0 0 0 0.009964978 0 0 0 0 0 0 0 0.009445977 0 0 0 0 0 0 0 0
0 0.06674846 0.1446734 0.5485265 0.5789838 0.1879692 0.06753112 0.3027467 0.009964978 0.1992996 0.1668616 0.01016755 0.02086493 0.1172433 0.06196455 0 0 0 0 0 0.02989493 0.0255172 0.00682832 0.003136658 0 0 0 0 0.06705538 0.1121333 0.02036551 0.009463164 0.03039675 0 0 0.009964978 0 0.001324145 0.01860581 0.0007880901 0.002929213 0.01672752 0 0.01992996 0.009964978 0.003862855 0.01207524 0 0.009964978 0 0 0 0 0 0 0.009964978 0.07027385 0 0.03985991 0 0 0 0 0 0.01992996
0.02029731 0.04091399 0.1254058 0.5853058 0.5381948 0.009964978 0.07919286 0.2696724 0.2033703 0.1249442 0.2130708 0.1014682 0.07878486 0.004323597 0.1147376 0.009964978 0.04507047 0.004754426 0 0.009964978 0 0.1305856 0.003336889 0 0 0 0.007276981 0.009964978 0.07643834 0.08641237 0.07800405 0.1013656 0.00561144 0 0 0 0.0006652382 0.100068 0.01992996 0.001326877 0.02485076 0.07312822 0.009964978 0.03985991 0.1096148 0.06975485 0.1335366 0.03985991 0 0.2590894 0.009964978 0.02072694 0.01992996 0.009964978 0 0 0.01992996 0.03759188 0.02219799 0 0 0.03985991 0.08751505 0.0766635 0.04748549
0.02279062 0.009964978 0.05137343 0.0781713 0.3660368 0.1976846 0.06738622 0.157134 0.5955543 0.5765769 0.01275449 0.1532142 0.1709983 0 0.05930855 0 0 0 0.02626964 0.02355525 0.009964978 0.6407127 0.5076199 0.02601797 0.02416627 0 0 0 0 0.006667187 0.02636353 0.0324236 0.08991106 0.2041864 0.04847181 0.03545602 0.1247977 0.009964978 0 0.009964978 0.002965799 0.01696416 0.01992996 0.01992996 0 0 0 0 0.02819273 0.02989493 0.03493047 0.08350007 0.1038553 0.1127538 0.02001808 0.04956968 0.0008635303 0.03125292 0.009964978 0 0 0 0 0.09201633 0.04982489
0.02629462 0 0.009964978 0.01992996 0.2660721 0.6468912 0.6610998 0.8251663 0.7388148 0.4988911 0.004113267 0.01581669 0.009964978 0 0.05978987 0 0 0.01974943 0 0 0 0.0262967 0.02171721 0 0.2687685 0.04637973 0.09334251 0.009964978 0 0.1427897 0.2793705 0.1769365 0.04982489 0.06048582 0.004736865 0.005100122 0 0 0 0 0 0 0.003278437 0 0 0 0 0.009964978 0 0.01992996 0 0.02599343 0.1139549 0.1883814 0.07762542 0.05495877 0.01813832 0.210457 0 0 0.00848101 0.02782867 0.02027804 0.1096148 0.02731796
0.001356265 0.01857369 0.06975485 0 0.3515604 0.7553005 0.7720507 0.8132029 0.70028 0.1735889 0 0.004833979 0.02506096 0 0 0.07570204 0.01024328 0.00392001 0 0 0.009964978 0.009964978 0.03850269 0 0.6074881 0.1200201 0.017481 0 0.01984239 0.05662045 0.05621498 0.0007733648 0.04089804 0.005050847 0.007453002 0.04116991 0 0 0.03870466 0 0 0 0.01665152 0 0 0 0.009964978 0.001945589 0.01992996 0.01146816 0 0.05790706 0.1532325 0.4668888 0.08747964 0 0.01992996 0.0005991499 0 0 0.001483968 0.001718185 0.04583078 0 0.07313095
0.05978987 0 0.1998742 0.09766205 0.4451219 0.09425715 0.2568838 0.1297297 0.0354698 0.009964978 0 0 0.05978987 0 0.01992996 0 0.04982489 0 0.02954703 0 0.01992996 0.04786728 0.0232448 0.03534709 0.05851553 0.08571443 0.02064424 0 0.03985991 0.03362892 0.04649544 0.02235479 0.03894959 0.007771537 0.1587277 0.009964978 0 0.04215154 0.08792844 0.009964978 0 0 0.02332727 0.009964978 0 0.105022 0.1344837 0.1140325 0.1394268 0.1380065 0.01992996 0.4845615 0.07691828 0.1916572 0.2209101 0.1199882 0.03141837 0 0 0.008808083 0.1779785 0.01835668 0.2365338 0.07992825 0.1025528
0 0 0.1220373 0.1634805 0.3425575 0.320659 0.09401642 0.1298984 0.09189223 0.2447821 0.03235694 0.1242184 0 0.03985991 0.0006614106 0 0 0.009964978 0.07010276 0.01929016 0 0.04298336 0.1264213 0.03090739 0.03060405 0.009964978 0 0.00020666 0.03014721 0.09419372 0.06819366 0.0274701 0.01060993 0.004322196 0.04686201 0.01992996 0.004953141 0.0404799 0.009964978 0 0.01992996 0 0.02649762 0.03486673 0.004993188 0.06537031 0.251173 0.1981234 0.06919229 0.009964978 0.244413 0.3543969 0.4725298 0.05032792 0.05652471 0.04312508 0.02989493 0.09744599 0 0.06843773 0.2345209 0.01133187 0.0366356 0.3236371 0.04590665
0 0.0049607 0.07464941 0.02250851 0.1323685 0.2705615 0.06655631 0.1059947 0.1762502 0.04354669 0.118235 0.1900218 0.05074624 0.07971983 0.08973123 0 0.03985991 0 0.007536795 0.01303296 0 0 0.04478722 0.00935016 0.1413206 0 0.04002249 0.08692501 0.0007972514 0.2789529 0.1677407 0.09888652 0.08797458 0.005702219 0.04530189 0 0.005011837 0 0.01992996 0 0.05149019 0.1677393 0 0.04982489 0 0 0.007562196 0.09332626 0.0759292 0 0.02596562 0.09750382 0.2146091 0.02939191 0.08174431 0.1185185 0.09650212 0.4813564 0.1699728 0.1181208 0.260501 0.2725717 0.4270455 0.4064384 0.03933475
0 0.01992996 0.006134251 0.02370302 0.08073095 0.01249269 0.02697505 0.002628 0.02989493 0 0.1262757 0.03839738 0 0 0.1145984 0.04057267 0.03587461 0.02989798 0 0 0.008613882 0.01131608 0.05201066 0.1514576 0.02989493 0 0.009964978 0.09969621 0.02705788 0 0.009964978 0.009964978 0 0.02508259 0.02931173 0.009964978 0.009964978 0 0.02989493 0.009964978 0.009964978 0 0.001808027 0.01483979 0 0.002755879 0 0 0 0.03472739 0.111049 0.4466577 0.04898918 0.02622852 0.4801149 0.1816261 0.0587158 0.3677009 0.1713288 0.1915295 0.5746108 0.2717605 0.01992996 0.08285984 0.2212066
0 0.009964978 0.04307399 0.03026051 0.01639112 0 0.009964978 0.03723191 0 0 0.00798758 0 0 0 0.04740595 0.007378513 0.1151636 0.3337879 0.09148832 0.2811591 0.05159202 0 0 0.001483804 0 0 0.007694833 0.01251577 0.05867808 0.1235286 0 0 0.01250002 0.02161125 0.06671566 0 0.04982489 0.2036607 0 0.1083963 0.1260358 0.02989493 0.6176295 0.5527431 0 0.01362231 0.03583262 0.009964978 0.001943512 0.1323428 0.02644864 0.08160499 0.01992996 0.06921101 0.07623381 0.03165071 0 0.0907395 0.1118637 0.1574644 0.07659604 0.04540072 0.009964978 0.08161078 0.5949473
0 0.003169988 0.07654984 0.02254223 0 0 0 0 0.04982489 0.009964978 0.002070254 0 0 0.03365184 0.006208069 0.02182072 0.1137886 0.1755484 0.5883757 0.3576448 0.2447507 0.03082965 0 0 0 0.03590694 0.05748246 0 0.04135982 0.06825495 0 0.1691364 0.01214823 0 0.03869756 0.01992996 0.05761871 0.4163392 0.142944 0.8360074 0.1249562 0.07593381 0.3208348 0.226051 0 0 0.007579057 0.00723006 0.02072136 0 0 0 0 0.0682232 0.111705 0.03968973 0.05002512 0.09058219 0.01054015 0.08245686 0.03985991 0.07977986 0.2888317 0.4593671 0.6930005
0.009964978 0 0 0.009964978 0.01992996 0.01677473 0.02989493 0 0 0 0.007894725 0 0 0 0.007542619 0.1101464 0.08644848 0.07223258 0.6319094 0.2171975 0.0573004 0.1257542 0 0.03985991 0.009964978 0.003952979 0.07657199 0.05524288 0.04982489 0 0 0.06968306 0.06697272 0.009964978 0.06399142 0.1295447 0.02989493 0.1195797 0.1878658 0.2569926 0.005762992 0.01848608 0.007065505 0.01623797 0.02985468 0.1109702 0.02506968 0 0 0.06854039 0.03316092 0.03985991 0.001073478 0.01007375 0.08004867 0.02054193 0.01004828 0 0.04982489 0.1219603 0.4760827 0.9807798 1 0.9680873 0.8690932
0 0 0 0.008283918 0.02538762 0.01312021 0 0 0 0 0 0.01178978 0.01139941 0 0 0.01080086 0.01752865 0.1403027 0.01035785 0.07897718 0.1792424 0.4004329 0.06037122 0 0 0.008042309 0.04015752 0.01197478 0.03726062 0 0 0.003844777 0.06684901 0 0.003898391 0.04006014 0.04572627 0.1585629 0.1024238 0.1147396 0 0.007678843 0.03279441 0.009964978 0.08029863 0.1234058 0.02548658 0 0.2522123 0.7341807 0.5231562 0.3159112 0.2842183 0.2334489 0.4815285 0.2896818 0.078976 0.02955836 0.1649087 0.7357389 0.9427571 0.8836042 0.7332289 0.7272952 0.6978118
0.03985991 0 0.004307085 0.01184627 0.009964978 0 0 0 0.01992996 0.009964978 0 0.01810516 0.008530542 0 0 0.1029132 0.04105493 0.1002719 0.2169239 0.1435892 0.0301282 0.03365383 0.00899958 0 0 0.02185263 0.07325833 0.02512751 0.002599295 0.009964978 0.04282726 0.08625522 0.04032215 0.3076644 0.1790662 0.1114427 0.07528693 0.4844257 0.3740452 0.2463779 0 0.2195486 0.5862044 0.1682027 0.003248259 0.04735428 0.06946605 0.5773653 0.9400972 0.5385227 0.1287276 0.1997117 0.4004869 0.6854646 0.5715293 0.0809774 0.3290385 0.4560807 0.04284661 0.385362 0.2278732 0.4437737 0.02479867 0.3644394 0.1946272
0 0.004468012 0 0 0 0 0 0 0 0 0 0.01734932 0.0225106 0.1374596 0.01201504 0.1894347 0.4439075 0.3683013 0.009964978 0 0 0 0.0009653989 0.2092645 0 0 0.3006602 0.1625998 0.07760419 0.04456099 0.1295447 0 0.03846057 0.47416 0.4192523 0.1213616 0.2882748 0.2371873 0.08378543 0.07963306 0 0.1853781 0.6356772 0.54296 0.1148921 0 0.05978987 0.1911067 0.1901545 0.01339166 0.1587888 0.1561231 0.342242 0.6760672 0.6950378 0.004014703 0.2096649 0.5917316 0.2213042 0.02954169 0.2278753 0.009964978 0 0.2380029 0.3000753
0 0.005496966 0 0 0.01375074 0 0.05176803 0.02417908 0 0.009964978 0 0 0 0.05090495 0.01017238 0.009964978 0.2667364 0.0435838 0.01998634 0.02999323 0 0.03985991 0 0 0 0.009964978 0.2302911 0.4176625 0.4090007 0.1293911 0.3572488 0.09319434 0 0.001678606 0.1439815 0.1690084 0.7916061 0.3443002 0.02296406 0.01291702 0.01636595 0.1208968 0.1622827 0.04257206 0.1331138 0.02815677 0 0.1065421 0.3355079 0.5537078 0.2282687 0.3859915 0.4724925 0.4625907 0.355287 0.1777521 0.4200005 0.7784565 0.5959452 0.843715 0.791238 0.2181065 0.1933289 0.04052855 0.07527948
0 0 0 0.003962314 0.01614419 0 0.02050195 0.01316571 0 0 0 0 0.04982489 0.01586882 0.114822 0.1019429 0.3769584 0.3139549 0.0298306 0.0005284399 0.01946731 0 0 0.009964978 0.003870247 0.09414778 0.4005878 0.4364899 0.4552718 0.1377534 0.05254668 0.1186171 0 0.02901784 0.2451088 0.7871655 0.6871517 0.2327322 0.0380942 0 0.0908112 0.3461244 0.0217285 0.007548173 0.231818 0.430757 0.3417383 0.1338278 0.5000341 0.6351538 0.2869853 0.6081806 0.2207947 0.08790181 0.03551058 0.3911036 0.2164901 0.4023139 0.5334993 0.4870068 0.03974815 0.1920431 0.05696041 0.1127087 0.2285489
0 0.01992996 0 0.06579254 0 0 0 0 0 0 0 0.01992996 0 0.009964978 0.1045453 0.19063 0.06909583 0.3857756 0.3496929 0.2000005 0.03981514 0.1456261 0.01992996 0.009964978 0.01992996 0 0.02382026 0.02426267 0.01237856 0.1647353 0.02989493 0.0276776 0.01226125 0.009964978 0.03448643 0.1129539 0.4445446 0.3088372 0.07873262 0.009964978 0.02557052 0.01570964 0.01391943 0.04982489 0.1364387 0.1494 0.2166552 0.7200562 0.5363283 0.3461263 0.04580256 0.09351647 0.04982489 0.03985991 0 0 0.1100796 0.01992996 0.189896 0.5716969 0.4939267 0.3806147 0.2413301 0.1306251 0.09964979
0.02508574 0.07456405 0.005582265 0.004382714 0 0.01352569 0.009964978 0.007260042 0.02263489 0 0.009964978 0 0.02743194 0.06593987 0.03993237 0.08648074 0.009964978 0 0.0691404 0.3823115 0.04565742 0.3775989 0.4440141 0.5737316 0.6741635 0.4397128 0.03985991 0.002641385 0.04264615 0 0 0.02638186 0.04329406 0.145605 0.10621 0.1330692 0.02623652 0.2119125 0.3334292 0.07794251 0.2018277 0.1380616 0.2037065 0.1440389 0.02690554 0.03985991 0.08987392 0.1623241 0.2119744 0.4528363 0.02123015 0.2378593 0.08968481 0.001112209 0.103699 0.1995746 0.1990101 0.05236448 0.2751667 0.4371 0.6067168 0.2279759 0.2453704 0.06134697 0.031325
