EnvRasters/GE_Low/grass.asc
ncols         270
nrows         223
xllcorner     24099.479091542
yllcorner     21023.840179216
cellsize      1003.8986847201
NODATA_value  -9999
[rows 93 to 123 of 223, columns 136 to 203 of 270]
0.104314 0.052649 0.023613 0.000608 3.5e-005 0.000407 0.014451 0.037798 0.30249 0.138773 0.077677 0.12957 0.06058091 0.100201 0.143646 0.004122 0.061052 0.197961 0.009711 0.061068 0.017524 0.09519 0.085626 0.081872 0.200706 0.051844 0.018658 0.057724 0.057148 0.069087 0.046903 0.00583 0.032341 0.027253 0.202919 0.051591 0.071337 0.111453 0.059345 0.002858 0.031572 0.013576 0.030091 0.055898 0.099386 0.03954704 0.1004811 0.14951 0.102143 0.052172 0.247423 0.076976 0.040454 0.038793 0.004999 0.003457 0.004275 0.053038 0.187573 0.028781 0.113157 0.094924 0.034559 0.017651 0.055671 0.091775 0.023745 0.083685
0.057263 0.052712 0.009987 0 0 0.030789 0 0.013739 0.03395 0.12094 0.202429 0.14211 0.022061 0.176172 0.014776 0.160454 0.237577 0.21378 0.019468 0.237799 0.054158 0.181945 0.023333 0.084375 0.192533 0.033311 0.00496 0.052889 0.089757 0.153959 0.221256 0.008586 0.000181 0.000138 0.01773 0.019074 0.045612 0.171861 0.146177 0.018523 0.065754 0.033975 0.145192 0.146812 0.054514 0.09489185 0.2338509 0.128379 0.054848 0.087507 0.040886 0.054988 0.052449 0.01225 0.001445 0.087339 0.112587 0.168706 0.103965 0.102284 0.055835 0.227547 0.031918 0.020476 0.0505 0.016543 0.04147 0.009063
0.167895 0.035144 0.029254 8e-005 0.000282 0.016125 0.04045 0.012916 0.069225 0.00096 0.008151 0.12259 0.191448 0.077278 0.017684 0.192189 0.022833 0.085164 0.055982 0.037449 0.159792 0.160162 0.151259 0.041631 0.082143 0.004369 0.068137 0.053019 0.05544498 0.046831 0.259421 0.139095 0.03812 0.087573 0.238149 0.242621 0.207229 0.129368 0.19647 0.036758 0.05639 0.005057 0.055764 0.143771 0.174266 0.071097 0.013747 0.123813 0.013036 0.04726 0.008346 0.034277 0.108284 0.064535 0.02685 0.042597 0.096787 0.083039 0.245909 0.312112 0.01489 0.106024 0.057196 0.021072 0.064338 0.00705 0.01188 0.014095
0.04018598 0.03697898 0.021385 0.013498 0.056771 0.108411 0.072345 0.046042 0.011008 0.028336 0.172881 0.216937 0.059878 0.143396 0.103802 0.231907 0.235225 0.125309 0.016377 0.086978 0.228212 0.166097 0.010554 0.01687 0.099546 0.126401 0.123845 0.058415 0.107996 0.03735 0.203619 0.009734 0.137085 0.038495 0.062118 0.019697 0.047478 0.027651 0.188057 0.092169 0.055157 0.019551 0.010569 0.046691 0.202057 0.057843 0.172573 0.023169 0.116771 0.056312 0.03914 0.123083 0.15826 0.028953 0 0.005222 0.115342 0.163636 0.016712 0.106124 0.008711 0.000205 0 0.058703 0.013664 0.001998 0.037842 0.02993
0.021116 0.077986 0.116541 0.107888 0.06392 0.045294 0.011075 0.000408 0.055125 0.034177 0.204685 0.193478 0.154282 0.236397 0.063143 0.009273 0.035693 0.135899 0.065717 0.227775 0.22863 0.223582 0.160929 0.12637 0.076605 0.005605 0.02843096 0.045143 0.063713 0.007493 0.000849 0.087845 0.01391 0.008703 0.00289 0.020089 0.104281 0.004337 0.015113 0.235889 0.145767 0.063672 0.028481 0.00275 0.049514 0.067465 0.067345 0.145233 0.101133 0.247321 0.434665 0.184558 0.02597 0.036185 0.010248 0.02574 0.111582 0.024434 6.6e-005 0.000396 0.005256 0.050045 0.052496 0.00726 0.005145 0.010958 0.041623 0.006862
0.129143 0.06194 0.174655 0.007069 0.005785 0.050888 0.109344 0.157942 0.086933 0.171644 0.069765 0.012717 0.055021 0.083456 0.177904 0.002073 0.052958 0.040026 0.107026 0.01807 0.036104 0.146146 0.097494 0.041944 0.12159 0.232796 0.032828 0.152361 0.076738 0.161673 0.014927 0.115867 0.141433 0.32438 0.021611 0.030338 0.231179 0.366017 0.3085299 0.281784 0.254358 0.318449 0.216925 0.114343 0.163197 0.057132 0.028887 0.005486 0.004539 0.001881 0.022575 0.048438 0.026433 0.006873 0.027166 0.114172 0.084821 0.040476 0.000485 0.05635 0.145392 0.194765 0.091298 0.085219 0.050425 0.073591 0.080645 0.025925
0.005871 0.037692 0.06902498 0.053329 0.03471 0.04312 0.082533 0.169352 0.034221 0.049801 0.000108 0.045962 0.175709 0.077424 0.055368 0.010229 0.000111 0.003724 0.009194 0.007071 0.067304 0.006728 0.009092 0.005636 0.006245 0.05767408 0.112368 0.138417 0.08105 0 0.021937 0.002033 0.015743 0.091515 0.17007 0.056716 0 0.001076 0.008824 0.116426 0.095354 0.105885 0.154007 0.105171 0.004553 0.2484325 0.2917322 0.498568 0.132407 0.148584 0.057392 0.101819 0.116345 0.131584 0.005849 0.132043 0.234712 0.055039 0.085816 0.062371 0.104905 0.058161 0.081593 0.155932 0.192149 0.229171 0.132232 0.018822
0.06725398 0.007079 0.001241 0.010314 0 0.004408 0.104276 0.048867 0.198519 0.012117 0.122917 0.042686 0.16257 0.190627 0.176659 0.007034 0.021079 0.047005 0.019449 0.006486 0.053241 0.10572 0.036701 0.059341 0.001095 0.02846786 0.038872 0.063099 0.076088 0.015981 0.050286 0.140538 0.140789 0.332233 0.100186 0.084964 0.05751 0.039096 0.021484 0.22087 0.179394 0.026312 0.169039 0.009434 0.062251 0.102122 0.193397 0.129835 0.126884 0.229877 0.379926 0.02569 0.10609 0.094491 0.002868 0.057201 0.118189 0.100816 0.048007 0.116554 0.195203 0.199075 0.070883 0.00384 0.018829 0.019536 0.005081 0
0.080408 0.008112 0.102472 0.097271 0 0.071561 0.12021 0.164479 0.218475 0.144377 0.118783 0.144725 0.197216 0.077734 0.084983 0.008361 0.042105 0.05754 0.063425 0.024 0.036976 0.184056 0.001714 0.099133 0.107265 0.030049 0.076979 0.095693 0.002072 0.017884 0.198001 0.10909 0.098132 0.003338 0.037111 0.016469 0.092073 0.087687 0.126406 0.104237 0.102754 0.011926 0.045292 0.100137 0.188658 0.010887 0.037063 0.122215 0.101494 0.086107 0.17628 0.012037 0.036989 0.040198 0.11287 0.027078 0.072586 0.000686 0.044289 0.036883 0.387142 0.136763 0.001012 0.056417 0.03541 0.000924 0.000555 0.025145
0.20078 0.095511 0.023021 0.181307 0.001236 0.212795 0.132629 0.215497 0.163053 0.09657 0.018224 0.044371 0.077411 0.011379 0.152764 0.168677 0.082641 0.101278 0.028602 0.024613 0.160497 0.051167 0.065909 0.080648 0.10711 0.018905 0.13212 0.092792 0.074427 0.180396 0.157158 0.010886 0.047562 0.129305 0.127861 0.040788 0.166973 0.222801 0.315961 0.160082 0.175913 0.1642779 0.119136 0.114968 0.186267 0.087641 0.230441 0.077717 0.017918 7.2e-005 0.031795 0.109781 0.049907 0.025696 0.109034 0.121006 0.120385 0.126749 0.029299 0.001716 0.184372 0.017486 0 0 0 0.000167 0.105983 0.010613
0.123536 0.053034 0.09224 0.224005 0 0.085343 0.046333 0.133063 0.074716 0.05264 0.002698 0.027442 0.016354 0.057057 0.139386 0.067772 0.040915 0.074045 0.074101 0.045078 0.138372 0.012331 0.07428 0.023475 0.172497 0.049626 0.176691 0.011679 0.082717 0.174642 0.091176 0.125118 0.130426 0.067323 0.15293 0.015412 0.011749 0.137651 0.142663 0.149323 0.058798 0.200285 0.205807 0.033346 0.061172 0.089136 0.031927 0.007551 0.035089 0 0.016437 0.092482 0.145148 0.089775 0.123522 0.118984 0.04612 0.03055 0.012955 0.002904 0.001209 0 0.020172 0 0.094926 0.044883 0.110022 0.113223
0.224828 0.049997 0.100943 0.043669 0.083752 0.068918 0.027976 0.082816 0.049442 0.18583 0.005104 0.024243 0.002076 0.016415 0.225314 0.007743 0.00722 0.000184 0.063049 0.133909 0.002921 0.054978 0.025288 0.139231 0.013831 0.167712 0.014293 0.111352 0.109712 0.022771 0.217273 0.157052 0.099684 0.020102 0.002888 0.008062 0.049294 0.068807 0.182167 0.179649 0.115292 0.069138 0.058161 0.018966 0.056749 0.120395 0.01968 0.033066 0.075301 0.134773 0.225188 0.291135 0.113774 0.109089 0.259267 0.094814 0.057128 0.00232 0 0.001865 0.19931 0.045122 0.111149 0.046824 0.028167 0.03565 0.114935 0
0.042456 0.020132 0.06551598 0.007139 0.0485 0.074347 0.078441 0.158242 0.01972 0.01614 0.1473419 0.052871 0.002836 0.027077 0.207403 0.274477 0.315799 0.02723098 0.03659 0.13715 0.148826 0.048642 0.018163 0.0406 0.0034 0.009923 0.033729 0.081071 0.064682 0.027565 0.055134 0.00947 0.174684 0.099537 0.108984 0.097165 0.067187 0.036252 0.196471 0.079026 0.090747 0.06745 0.004524 0.060613 0.077153 0.082405 0.017221 0.070306 0.018147 0.03524 0.169467 0.168698 0.139847 0.136481 0.1207 0.053317 0 0.021564 0.163749 0.198823 0.122565 0.124595 0.227635 0.119334 0.022801 0.168978 0.063354 0
0.11533 0.068087 0.16854 0.019704 0.001014 0.118261 0.039327 0.003722 0.007258 0.024635 0.095305 0.06709 0.004441 0.138805 0.060104 0.112541 0.250905 0.019592 0.245605 0.130564 0.05977 0.001131 0.007872 0.012152 0.108882 0.262306 0.089312 0.059228 0.160279 0.148999 0.099275 0.084429 0.076193 0.07489 0.010464 0.078441 0.004857 0.071197 0.051499 0.066431 0.134634 0.094472 0.143659 0.181192 0.151654 0.118623 0.093395 0.025278 0.032878 0.036524 0.052322 0.061422 0.077187 0.04603 0.096754 0.001152 0.011478 0.065571 0.23233 0 0.00335 0.049031 0.113077 0.10287 0.053838 0.2022 0.011787 0.018105
0.186615 0.038332 0.162521 0.00064 0.151115 0.216645 0.210437 0.092624 0.014817 0.095887 0.098229 0.128484 0.026245 0.140695 0.031195 0.05029 0.148149 0.117087 0.147669 0.168364 0.0275 0.00602 0.108799 0.068388 0.178469 0.215969 0.239592 0.186494 0.219016 0.078361 0.016919 0.007501 0.128975 0.005141 0.020688 0.030547 0.019302 0.045138 0.115059 0.164386 0.016933 0.009016 0.144248 0.09722 0.15699 0.010209 0.014231 0.046377 0.025725 0.003906 0.065134 0.012119 0.000492 3e-006 0.009325 0.066755 0.000672 0.147744 0.138688 0.025737 0.055286 0.164524 0.212726 0.058844 0.010122 0.023267 0.23724 0.185131
0.066952 0.149937 0.053516 0.003195 0.207587 0.217603 0.044143 0.091214 0.134441 0.064059 0.091293 0.07424158 0.1639604 0.103202 0.050604 0.209863 0.020961 0.006558 0.181107 0.075803 0.024784 0.077005 0.130886 0.078451 0.111485 0.117035 0.015344 0.170647 0.077873 0.134549 0.177011 0.052744 0.081488 0.007591 0.226485 0.066647 0.06967 0.094208 0.033115 0.006776 0.001108 0.019271 0.084184 0.236043 0.251749 0.012272 0.088305 0.239726 0.091431 0.009474 0.001135 0.000905 0.080891 0.072829 0.045439 0 0 0.00432 0.040561 0.159911 0.064064 0.033252 0.051974 0.233392 0.117774 0.147514 0.161022 0.142758
0.093705 0.076614 0.074632 0.060062 0.125601 0.226497 0.327026 0.103525 0.122075 0.240733 0.022039 0.169497 0.158775 0.131788 0.206309 0.108624 0.080346 0.092443 0.1356 0.062605 0.196888 0.169449 0.058758 0.10579 0.038533 0.091795 0.055115 0.062521 0.157007 0.239243 0.162403 0.044125 0.11419 0.18566 0.060272 0.166947 0.356358 0.084542 0.036725 0.044851 0.005153 0.113205 0.01578 0.105685 0.091652 0.048465 0.08701 0.130419 0.203082 0.202719 2e-006 0.086475 0.152443 0.054259 0 0.037912 0.048632 0.121191 0.158553 0.332776 0.176278 0.234418 0.028396 0.069661 0.2004 0.310639 0.189024 0.196614
0.020345 0.143408 0.109298 0.016597 0.059214 0.088819 0.244373 0.084703 0.079281 0.043009 0.029902 0.118063 0.193319 0.115523 0.045608 0.14331 0.092336 0.14237 0.140305 0.048116 0.067322 0.168313 0.172926 0.057535 0.244136 0.262292 0.009069 0.148894 0.184436 0.159437 0.232063 0.150228 0.033798 0.178704 0.092496 0.153468 0.09676527 0.2015087 0.049781 0.0392 0.006727 0.049265 0 0 0.086413 0.0233 0.068558 0.066699 0.214 0.431652 0.02292996 0.030466 0.199047 0.373296 0.237141 0.018537 0.197269 0.213041 0.257912 0.153147 0.338178 0.294228 0.197152 0.270056 0.255021 0.18181 0.1353 0.260371
0.001083 0.030208 0.062062 0.036968 0.117119 0.258195 0.169807 0.08163 0.196973 0.068567 0.016995 0.022026 0.006547 0.001979 0.019315 0.038711 0.051491 0.016753 0.041253 0.096202 0.030544 0.033217 0.003224 0.004898 0.10887 0.123688 0.136477 0.00245 0.086598 0.252649 0.088588 0.051672 0.271292 0.472495 0.066586 0.22063 0.061936 0.000482 0.004038 0.005686 0.002781 0.05637 0.00271 0.100641 0.163358 0.391835 0.344676 0.105118 0.0508 0.4338 0.047031 0.225239 0.069441 0.182471 0.511389 0.229901 0.262974 0.073843 0.192854 0.283135 0.274664 0.017888 0.000968 0.017694 0.204976 0.119177 0.0849 0.245869
0.033058 0.026202 0.037299 0.010328 0.025392 0.033026 0.007103 0.131717 0.009958 0.024192 0.057814 0.012734 0.082492 0.052875 0.020036 0.037088 0.128131 7.3e-005 0.044424 0.014342 0.054479 0.105561 0.021269 0.081301 0.057982 0.050481 0.10248 0.02688 0.194703 0.263 0.0069 0.019394 0.161797 0.264675 0.055768 0.014167 0.068122 0.085666 0.149563 0.016229 9.8e-005 0.077853 0.060786 0.199535 0.264957 0.333098 0.280651 0.283752 0.022948 0.184287 0.021918 0.029309 0.108857 0.063049 0.02413 0.253583 0.3251 0.307028 0.225502 0.367855 0.215663 0.048039 0.045675 0.039066 0.020879 0.081856 0.25762 0.14783
0.01677 0.037892 0.068535 0.055243 0.091005 0.038878 0.019605 0.020349 0.008617 0.169984 0.032613 0.195078 0.117866 0.056198 0.086839 0.023641 0.092284 0.130313 0.127383 0.014201 0.015289 0.049026 0.02031 0.014283 0.090986 0.0499 0.111019 0.062534 0.07751 0.047683 0.000435 4.5e-005 0.003495 0.005506 0.070544 0.025452 0.10991 0.210383 0.298292 0.100527 0.092247 0.191173 0.184133 0.121432 0.148977 0.220176 0.272895 0.144208 0.146012 0.1918 0.206727 0.04367198 0.110402 0.288545 0.218635 0.109461 0.02716498 0.17724 0.115748 0.316438 0.22427 0.204345 0.058357 0.287608 0.301049 0.211281 0.216901 0.175507
0.133473 0.071631 0.1256 0.04448 0.027544 0.169374 0.069599 0.044208 0.031264 0.164265 0.037985 0.155689 0.03702 0.040404 0.158347 0.290777 0.051023 0.012137 0.102092 0.08684 0.060917 0.021745 0.001256 0.00579 0.014747 0.042884 0.164083 0.046093 0.037171 0.078681 0.071162 0.087954 0.144457 0.06905 0.104748 0.195001 0.160319 0.172777 0.059963 0.137679 0.311775 0.046055 0.274401 0.19715 0.312743 0.26692 0.124892 0.0372 0.225582 0.2646 0.155371 0.413878 0.161941 0.347709 0.254165 0.094544 0.082629 0.171348 0.188066 0.360895 0.334913 0.324581 0.018806 0.327282 0.130035 0.136646 0.043776 0.375976
0.014171 0.090771 0.177432 0.154267 0.048368 0.05084 0.044098 0.030494 0.066089 0.065465 0.088849 0.074217 0.098912 0.077482 0.00217 0.13475 0.084422 0.069837 0.105071 0.076954 0.021749 0.001663 2e-006 0 0 0.005041 0.004737 0.00248 0.030776 0.119337 0.200706 0.006051 0.226799 0.075936 0.125626 0.256765 0.07127 0.080131 0.173456 0.175456 0.226316 0.321168 0.290751 0.155122 0.121375 0.123912 0.308296 0.197899 0.267684 0.255438 0.21986 0.425894 0.271108 0.09798 0.223484 0.498404 0.339662 0.270878 0.372689 0.006491 0.005746 0.000297 0.0707 0.065249 0.052961 0.208843 0.206406 0.494472
0.002423 0.002566 0.043254 0.078333 0.010127 0.04894 0.014346 0.005893 0.122906 0.047927 0.011777 0.060714 0.083811 0.07103 0.086386 0.128125 0.091722 0.023082 0.100082 0.022748 0.01048 0.000146 3e-006 0 0 0.001801 0.008578 0.058137 0.005262 0.053034 0.166066 0.023427 0.120027 0.531421 0.160617 0.265589 0.10746 0.059752 0.088169 0.247508 0.332397 0.447638 0.108963 0.273144 0.335328 0.21065 0.248501 0.160531 0.357539 0.370322 0.362064 0.118287 0.239549 0.064293 0.089838 0.218046 0.43017 0.199987 0.095149 0.104313 0.037268 0.003064 0.407368 0.213641 0.52381 0.14697 0.407301 0.189604
0.113567 0.028482 0.116694 0.045194 0.073942 0.036966 0.031308 0.010896 6.9e-005 0.062868 0.013904 0.042919 0.053145 0.011195 0.044425 0.09859 0.01558 0.044726 0.092708 0.038848 0.101793 0.093814 0.011446 7.2e-005 1e-006 0.163587 0.070715 0.060517 0.034114 0.033504 0.174302 0.242483 0.006128 0.252397 0.219252 0.219613 0.064117 0.190439 0.296748 0.149608 0.098088 0.11592 0.167576 0.187457 0.12416 0.189417 0.264791 0.217156 0.351176 0.371495 0.255447 0.151429 0.420064 0.109225 0.112179 0.176634 0.266265 0.21344 0.190932 0.411872 0.18957 0.037512 0.228768 0.431491 0.326885 0.308762 0.524355 0.213111
0.137251 0.157295 0.17915 0.045493 0.003084 0.009757 0.07231191 0.08020694 0.004292 0.05135 0.05561 0.01566 0.093102 0.00177 0.005545 0.003391 0.008125 0.137167 0.08841 0.026529 0.003116 0.012274 0.042798 0.053952 0.013708 0.027187 0.083414 0.113291 0.049315 0.102521 0.0022 0.127594 0.1108 0.18323 0.156502 0.102996 0.184617 0.117745 0.297139 0.13555 0.081865 0.147585 0.150187 0.244614 0.359602 0.344251 0.370848 0.502076 0.503787 0.429559 0.073274 0.136637 0.037114 0 0.118854 0.153256 0.025942 0.301421 0.376403 0.019172 0.31527 0.043864 0.530096 0.184674 0.165207 0.253153 0.429898 0.051249
0.020713 0.019325 0.043074 0.009719 0.08532698 0.018054 0.093395 0.177786 0.085225 0.160401 0.292507 0.001752 0.005266 0.01529 0.155667 0.171383 0.147652 0.079925 0.060877 0.009542 0.046909 0.014385 0.072477 0.062808 0.067 0.065518 0.002158 0.212313 0.102371 0.086768 0.134285 0.322278 0.219884 0.129062 0.206426 0.174928 0.309326 0.109255 0.050158 0.217225 0.415563 0.373239 0.307685 0.241003 0.210128 0.346625 0.182085 0.008809 0.077471 0.472457 0.279937 0.070192 0.149011 0.035613 0.009676 0.091228 0.218474 0.292552 0.215625 0.349414 0.221571 0.013493 0.325353 0.3202 0.392307 0.254755 0.385173 0.235287
0.001878 0.024509 0.088601 0.020025 0.269674 0.098555 0.112913 0.027961 0.108219 0.074753 0.330115 0.022395 0.106754 0.089419 0.025466 0.262268 0.078742 0.122176 0.214186 0.098336 0.1258 0.054294 0.019861 0.024256 0 0 0.130341 0.341615 0.236217 0.098643 0.349443 0.432574 0.439611 0.363208 0.134036 0.197321 0.157441 0.003986 0.020581 0.147938 0.37854 0.231372 0.04961 0.229617 0.223544 0.134112 0.117158 0.135357 0.19965 0.089968 0.000251 0.3781 0.426466 0.0565 0.137126 0.324083 0.093599 0.152915 0.112255 0.260563 0.621572 0.38127 0.392411 0.44972 0.287655 0.319655 0.065687 0.057887
0 0.006698 0.046946 0.038865 0.125276 0.086114 0.226627 0.193144 0.112453 0.100132 0.086817 0.073181 0.001746 0.008019 0.033571 0.27097 0.210593 0.178746 0.059846 0.048897 0.058889 0.186 0.165916 0.396167 0.08105 0.029049 0.114662 0.114067 0.287552 0.249651 0.164 0.245281 0.248098 0 0.001504 0 0 0.163594 0.105344 0.178853 0.344868 0.21335 0.206189 0.177742 0.319355 0.183095 0.47328 0.156374 0.088671 0.197283 0.198725 0.285131 0.041103 0.083631 0.372204 0.369555 0.402974 0.177502 0.443319 0.295574 0.188415 0.300959 0.43598 0.205004 0.374705 0.376157 0.13557 0.216383
0.000852 0.067431 0.112853 0.03539 0.120895 0.055052 0.1155 0.173023 0.181934 0.297147 0.127866 0.222148 0.142185 0.204739 0.043553 0.175973 0.16623 0.108855 0 0 0.062345 0.381802 0.150676 0.31156 0.273617 0.05927 0.005829 0 0 0.165454 0.136695 0.093885 0.011328 0.076149 0.115331 0.022869 0.031082 0.083 0.167834 0.199299 0.118763 0.068239 0.111368 0.171342 0.221892 0.278263 0.065766 0.073712 0.206086 0.406599 0.229622 0.277491 0.009369 0.028859 0.366805 0.220949 0.163576 0.45841 0.494675 0.268789 0.291125 0.489283 0.60557 0.566044 0.257977 0.2759 0.125 0.39317
0.005477 0.090814 0.092162 0.127505 0.153983 0.036258 0.282465 0.372892 0.425979 0.205804 0.225147 0.222343 0.029547 0.122142 0.15027 0.184715 0.241918 0.0129 0.009728 0.067454 0.100794 0.242883 0.126321 0.057368 0.052391 0.014129 0 0 0 0.130473 0.197993 0.00347 0.000338 0.039974 0.224456 0.19904 0.234331 0.273686 0.392761 0.165391 0.042939 0.160633 0.204381 0.400493 0.224785 0.304821 0.139998 0.291281 0.330666 0.03883 0.469419 0.229078 0.173864 0.160781 0.235564 0.599134 0.493457 0.344627 0.478724 0.421446 0.490958 0.200417 0.26642 0.387939 0.381706 0.106551 0.5435 0.505965
