EnvRasters/GE_Low/grass.asc
ncols         270
nrows         223
xllcorner     24099.479091542
yllcorner     21023.840179216
cellsize      1003.8986847201
NODATA_value  -9999
[rows 0 to 30 of 223, columns 136 to 203 of 270]
-9999 -9999 -9999 -9999 -9999 -9999 -9999 -9999 -9999 -9999 -9999 -9999 -9999 -9999 -9999 -9999 -9999 0 -9999 -9999 -9999 -9999 -9999 -9999 -9999 -9999 -9999 -9999 -9999 -9999 -9999 -9999 -9999 -9999 -9999 -9999 -9999 -9999 -9999 -9999 -9999 -9999 -9999 -9999 -9999 -9999 -9999 -9999 -9999 -9999 -9999 -9999 -9999 -9999 -9999 -9999 -9999 -9999 -9999 -9999 -9999 -9999 -9999 -9999 -9999 -9999 -9999 -9999
-9999 -9999 -9999 -9999 -9999 -9999 -9999 -9999 -9999 -9999 -9999 -9999 -9999 -9999 -9999 0 0.013737 0.061892 0.06516698 0.06633449 0.005109722 -9999 -9999 -9999 -9999 -9999 -9999 -9999 -9999 -9999 -9999 -9999 -9999 -9999 -9999 -9999 -9999 -9999 -9999 -9999 -9999 -9999 -9999 -9999 -9999 -9999 -9999 -9999 -9999 -9999 -9999 -9999 -9999 -9999 -9999 -9999 -9999 -9999 -9999 -9999 -9999 -9999 -9999 -9999 -9999 -9999 -9999 -9999
-9999 -9999 -9999 -9999 -9999 -9999 -9999 -9999 -9999 -9999 -9999 -9999 -9999 -9999 0 0.002136 0.02883196 0.1551597 0.1512269 0.1454413 0.08105095 -9999 -9999 -9999 -9999 -9999 -9999 -9999 -9999 -9999 -9999 -9999 -9999 -9999 -9999 0.001589 0 -9999 -9999 -9999 -9999 -9999 -9999 -9999 -9999 -9999 -9999 -9999 -9999 -9999 -9999 -9999 -9999 -9999 -9999 -9999 -9999 -9999 -9999 -9999 -9999 -9999 -9999 -9999 -9999 -9999 -9999 -9999
0.02611596 0.002244 -9999 -9999 -9999 -9999 -9999 -9999 -9999 -9999 -9999 -9999 -9999 -9999 0.01473974 0.07640855 0.03259198 0.1121662 0.05243941 0.04782011 0.04936596 0.040518 0.043316 -9999 -9999 -9999 -9999 -9999 -9999 -9999 -9999 -9999 -9999 -9999 0.01093798 0.1137623 0.002824 -9999 -9999 -9999 -9999 -9999 -9999 -9999 -9999 -9999 -9999 -9999 -9999 -9999 -9999 -9999 -9999 -9999 -9999 -9999 -9999 -9999 -9999 -9999 -9999 -9999 -9999 -9999 -9999 -9999 -9999 -9999
0.06848 0.035507 -9999 -9999 -9999 -9999 -9999 -9999 -9999 -9999 -9999 -9999 -9999 0.03592698 0.1189682 0.0279679 0.1999533 0.041351 0.06545101 0.01077332 0.03431596 0.07377055 0.05404441 -9999 -9999 -9999 -9999 -9999 -9999 -9999 -9999 -9999 -9999 0.0018 0.027133 0.1801727 0.03079796 0.000875 0.000244 -9999 -9999 -9999 -9999 -9999 -9999 -9999 -9999 -9999 -9999 -9999 -9999 -9999 -9999 -9999 -9999 -9999 -9999 -9999 -9999 -9999 -9999 -9999 -9999 -9999 -9999 -9999 -9999 -9999
0.02183298 0.042813 -9999 -9999 -9999 -9999 -9999 -9999 -9999 -9999 -9999 -9999 0.05622991 0.06197106 0.0234031 0.1720525 0.2342333 0.08250798 0.125023 0.06279492 0.03280494 0.07625598 0.03415584 -9999 -9999 -9999 -9999 -9999 -9999 -9999 -9999 -9999 -9999 0.013959 0.007507 0.09874536 0.04038598 0.014841 0.07027236 0.01199852 -9999 -9999 -9999 -9999 -9999 -9999 -9999 -9999 -9999 -9999 -9999 -9999 -9999 -9999 -9999 -9999 -9999 -9999 -9999 -9999 -9999 -9999 -9999 -9999 -9999 -9999 -9999 -9999
0.06821898 0.004261 -9999 -9999 -9999 -9999 -9999 -9999 -9999 -9999 -9999 0.010752 0.02853983 0.0115965 0.03728306 0.0912599 0.2081535 0.1684211 0.04960995 0.06628196 0.020952 0.151977 0.03154514 -9999 -9999 -9999 -9999 -9999 0 0.04224193 -9999 -9999 -9999 0.00377 0.092554 0.04676836 0.05038667 0.03197125 0.001911688 7.6e-005 -9999 -9999 -9999 -9999 -9999 -9999 -9999 -9999 -9999 -9999 -9999 -9999 -9999 -9999 -9999 -9999 -9999 -9999 -9999 -9999 -9999 -9999 -9999 -9999 -9999 -9999 -9999 -9999
0.078409 -9999 -9999 -9999 -9999 -9999 -9999 -9999 -9999 -9999 0.09379185 0.116186 0.022632 0.2031403 0.08889037 0.08399598 0.08510996 0.02070381 0.05226694 0.06221596 0.028156 0.020608 -9999 -9999 -9999 -9999 -9999 0.000683 0.01992996 0.03220896 -9999 -9999 -9999 0.01268398 0.024816 0.05187363 0.0292706 0.1709659 0.002296 0.008175462 0 -9999 -9999 -9999 -9999 -9999 -9999 -9999 -9999 -9999 -9999 -9999 -9999 -9999 -9999 -9999 -9999 -9999 -9999 -9999 -9999 -9999 -9999 -9999 -9999 -9999 -9999 -9999
0.110296 -9999 -9999 0 -9999 -9999 -9999 -9999 -9999 -9999 0.084341 0.044334 0.08246335 0.07617394 0.12994 0.1192444 0.1762225 0.06211613 0.090222 0.07919092 0.09286498 0.057696 -9999 -9999 -9999 -9999 -9999 0.006978 0.05238575 0.007002158 -9999 0 0.000192 0.019107 0.029318 0.07581592 0.131768 0.07272698 0.1038648 0.001950517 0 -9999 -9999 -9999 -9999 -9999 -9999 -9999 -9999 -9999 -9999 -9999 -9999 -9999 -9999 -9999 -9999 -9999 -9999 -9999 -9999 -9999 -9999 -9999 -9999 -9999 -9999 -9999
0.2611013 0.0786806 0.006711 0.058302 0.02184596 0.041292 0.031366 0.002895 0.007752282 0.02308345 0.035688 0.030383 0.2151459 0.08890261 0.06594094 0.11775 0.152695 0.010528 0.015293 0.06368998 0.1232119 0.008413 -9999 -9999 -9999 -9999 -9999 -9999 0.005203 0.008396 0 0.089567 0.05824814 0.1558488 0.08244894 0.04374 0.01530198 0.05941929 0.03185735 0.01167443 0.009047327 -9999 -9999 -9999 -9999 -9999 -9999 -9999 -9999 -9999 -9999 -9999 -9999 -9999 -9999 -9999 -9999 -9999 -9999 -9999 -9999 -9999 -9999 -9999 -9999 -9999 -9999 -9999
0.4643819 0.200288 0.04212676 0.004013215 0.023392 0.23532 0.135536 0.117621 0.1648852 0.120446 0.04541 0.030883 0.1399295 0.2491053 0.2095836 0.03724137 0.045035 0.01603698 -9999 -9999 -9999 0.07305337 0.03689099 -9999 0.009964978 0.012462 0 -9999 -9999 0 0.053951 0.113019 0.03643584 0.06841319 0.132331 0.11516 0.142275 0.1057193 0.036971 0.002806 -9999 -9999 -9999 -9999 -9999 -9999 -9999 -9999 -9999 -9999 -9999 -9999 -9999 -9999 -9999 -9999 -9999 -9999 -9999 -9999 -9999 -9999 -9999 -9999 -9999 -9999 -9999 -9999
0.027796 0.036912 0.014713 0.045544 0.100789 0.08110398 0.08412998 0.144968 0.073801 0.087091 0.075068 0.0908898 0.1488778 0.113526 0.152717 0.07108098 0.070622 0.06991395 0.131759 0.037475 5e-005 0.5472631 0.2228894 0.03888077 0.1395461 0.043578 0.06750643 0 -9999 0.030736 0.05257804 0.03452779 0.031585 0.04819998 0.02004947 0.021923 0.03351892 0.07390596 0.1012333 0.027245 -9999 -9999 -9999 -9999 -9999 -9999 -9999 -9999 -9999 -9999 -9999 -9999 -9999 -9999 -9999 -9999 -9999 -9999 -9999 -9999 -9999 -9999 -9999 -9999 -9999 -9999 -9999 -9999
0.06205 0.06421298 0.108451 0.070464 0.200801 0.095462 0.220517 0.180139 0.02287898 0.212483 0.1177289 0.2072251 0.239965 0.022184 0.174335 0.09515595 0.009898 0.077086 0.1988154 0.04562415 0.06955421 0.1101282 0.08729465 0.1113939 0.02362792 0.113885 0.1418198 0.1286398 0.04173209 0.047201 0.1109462 0.356144 0.06726731 0.034097 0.1248742 0.07457859 0.02497106 0.019389 0.03684355 -9999 -9999 -9999 -9999 -9999 -9999 -9999 -9999 -9999 -9999 -9999 -9999 -9999 -9999 -9999 -9999 -9999 -9999 -9999 -9999 -9999 -9999 -9999 -9999 -9999 -9999 -9999 -9999 -9999
0.079166 0.12941 0.065702 0.022359 0.109906 0.02671298 0.1512919 0.119586 0.1288 0.192042 0.337525 0.292263 0.107846 0.075602 0.13061 0.07094695 0.036066 0.05993591 0.114963 0.2737087 0.118997 0.020926 0.091705 0.233702 0.106102 0.06319747 0.3771544 0.004484776 0.04333694 0.2431371 0.4308537 0.3563185 0.1515284 0.04229963 0.0498692 0.06076826 0.02937 0.03740482 0.02592509 -9999 -9999 -9999 -9999 -9999 -9999 -9999 -9999 -9999 -9999 -9999 -9999 -9999 -9999 -9999 -9999 -9999 -9999 -9999 -9999 -9999 -9999 -9999 -9999 -9999 -9999 -9999 -9999 -9999
0.04635398 0.05375598 0.075935 0.10879 0.099767 0.113909 0.07686701 0.3042964 0.186119 0.309169 0.281442 0.383693 0.120453 0.108728 0.2346089 0.092627 0.09124098 0.04805682 0.1446444 0.160993 0.113759 0.2713029 0.07084861 0.1815053 0.072938 0.06079249 0.05039998 0.1825553 0.06810942 0.07884545 0.429501 0.135898 0.06444762 0.07474132 0.07787398 0.07764996 0.079351 0.04680906 0.2297882 0.024387 -9999 -9999 -9999 -9999 -9999 -9999 -9999 -9999 -9999 -9999 -9999 -9999 -9999 -9999 -9999 -9999 -9999 -9999 -9999 -9999 -9999 -9999 -9999 -9999 -9999 -9999 -9999 -9999
0.03437233 0.1209068 0.07729098 0.037489 0.03018134 0.01036398 0.02184567 0.5200813 0.248152 0.080932 0.157582 0.16401 0.152086 0.192605 0.10663 0.1130498 0.093755 0.1965512 0.1622614 0.09205998 0.009089 0.1393095 0.1843243 0.07952149 0.06096903 0.063711 0.056462 0.2461512 0.2701439 0.344461 0.260451 0.05402425 0.004022685 0.020919 0.08587198 0.08980798 0.0014 0.112115 0.06555531 0.07400015 0.01024498 -9999 -9999 -9999 -9999 -9999 -9999 -9999 -9999 -9999 -9999 -9999 -9999 -9999 -9999 -9999 -9999 -9999 -9999 -9999 -9999 -9999 -9999 -9999 -9999 -9999 -9999 -9999
0.1319518 0.1297995 0.056875 0.2280359 0.03372056 0.0169 0.4573148 0.3173808 0.120414 0.181125 0.161614 0.180214 0.11414 0.1872 0.076351 0.0175302 0.070448 0.132136 0.111018 0.087699 0.0665259 0.1091725 0.001635519 0.180652 0.08228377 0.050112 0.08891698 0.369548 0.582123 0.4046209 0.09498192 0.1052242 0.02893998 0.1326378 0.1252025 0.1155643 0.04892996 0.012911 0.026509 0.04340098 0 0 -9999 -9999 -9999 -9999 -9999 -9999 -9999 -9999 -9999 -9999 -9999 -9999 -9999 -9999 -9999 -9999 -9999 -9999 -9999 -9999 -9999 -9999 -9999 -9999 -9999 -9999
0.017482 0.028964 0.184917 0.041859 0 0.07650231 0.2211136 0.2200758 0.07244297 0.199715 0.195875 0.2494909 0.097458 0.228192 0.32341 0.212626 0.1080679 0.102007 0.185394 0.08742696 0.07255898 0.1535538 0.06097024 0.054402 0.09013598 0.1550545 0.084774 0.127644 0.30382 0.236513 0.07605384 0.1442236 0.06823695 0.0938931 0.2056334 0.2585001 0.053187 0.04196294 0.02130198 0.01356498 0.03862996 0.0221 0.001292 -9999 -9999 -9999 -9999 -9999 -9999 -9999 -9999 -9999 -9999 -9999 -9999 -9999 -9999 -9999 -9999 -9999 -9999 -9999 -9999 -9999 -9999 -9999 -9999 -9999
0.05710896 0.085413 0.027804 0 0.102846 0.172109 0.271543 0.142311 0.00827 0.046371 0.07994 0.03501598 0.03677886 0.09042507 0.1134973 0.1754039 0.000914 0.062238 0.1689443 0.06184698 0.05541991 0.05318753 0.2294784 0.116961 0.05586777 0.1143735 0.07215298 0.133073 0.013028 0.02650496 0.2633389 0.07105113 0.1893186 0.07724298 0.123843 0.2598612 0.002372 0.02064196 0.1377594 0.04718345 0.128975 0.0457214 0.006364579 -9999 -9999 -9999 -9999 -9999 -9999 -9999 -9999 -9999 -9999 -9999 -9999 -9999 -9999 -9999 -9999 -9999 -9999 -9999 -9999 -9999 -9999 -9999 -9999 -9999
0.017145 0.082637 0.002687 0.09475194 0.3347876 0.1649874 0.09726884 0.180202 0.080255 0.07637285 0.040582 0.09448656 0.08264331 0.04633548 0.07762464 0.160425 0.01735598 0.200132 0.1537563 0.2034084 0.07896948 0.2768995 0.2252517 0.097701 0.04278691 0.000585 0.03368998 0.07539044 0.04507396 0.08417698 0.222184 0.05080835 0.2508919 0.383209 0.7682786 0.5281547 0.1793891 0.009254151 0.118412 0.107163 0.07709931 0.1184952 0.04706378 -9999 -9999 -9999 -9999 -9999 -9999 -9999 -9999 -9999 -9999 -9999 -9999 -9999 -9999 -9999 -9999 -9999 -9999 -9999 -9999 -9999 -9999 -9999 -9999 -9999
0.04962996 0.01847198 0.05391498 0.0044 0.107976 0.058353 0.053314 0.183418 0.160564 0.133954 0.155574 0.151846 0.160995 0.1152249 0.1295734 0.049156 0.2673187 0.2076472 0.0720576 0.5076548 0.2519398 0.102221 0.1863057 0.024306 0.04498926 0.0751011 0.03978697 0.1467813 0.000199 0.003586 0.000149 0.03703129 0.06502294 0.2777231 0.3395067 0.2409608 0.05886091 0.02041783 0.09098288 0.04027604 0.1402531 0.4100074 0.04103712 -9999 -9999 -9999 -9999 -9999 -9999 -9999 -9999 -9999 -9999 -9999 -9999 -9999 -9999 -9999 -9999 -9999 -9999 -9999 -9999 -9999 -9999 -9999 -9999 -9999
0 0.02354098 0.005383 0.063063 0.009964978 0.08071678 0.2224476 0.170266 0.102916 0.079236 0.202859 0.113856 0.203729 0.011661 0.09965698 0.206697 0.154171 0.055795 0.4657545 0.9431216 0.1594354 0.02495471 0.052672 0.05245898 0.003876 0.02039147 0.1191399 0.08940291 0 0.003201 0 0.03198236 0.00089 0.07148436 0.113941 0.07169523 0.07281428 0.0567545 0.003205 0.012965 0.04220498 0.1938269 0.07288185 0 -9999 0.004155 0 0.02989493 0.006484359 -9999 -9999 -9999 -9999 -9999 -9999 -9999 -9999 -9999 -9999 -9999 -9999 -9999 -9999 -9999 -9999 -9999 -9999 -9999
0.1534955 0.04206498 0.03300754 0.02728736 0.003712 0.04656498 0.1100695 0.08434098 0.09903196 0.090814 0.117778 0.174887 0.02884196 0.09573696 0.111622 0.154602 0.1656219 0.239605 0.112542 0.3747145 0.1027169 0.101812 0.05253498 0.0006 0 0.000344 0.05614023 0.05644969 0.000105 0.01000698 0.036233 0.2040445 0.04243296 0.04303292 0.02016516 0.02851496 0.06148781 0.04790436 0.006218 0.04851898 0.04863998 0.138159 0.1272999 0.025195 0.022752 0.03808298 0.05792877 0.003742103 0.0134456 0 0.02206366 -9999 -9999 -9999 -9999 -9999 -9999 -9999 -9999 -9999 -9999 -9999 -9999 -9999 -9999 -9999 -9999 -9999
0.02663496 0.1395279 0.062229 0.009964978 0 0.005425 0.2890614 0.0361 0.07326585 0.112553 0.049935 0.03819498 0.02146098 0.049705 0.0350699 0.01712898 0.2070844 0.2903525 0.217657 0.1723162 0.086964 0.1139669 0.01331745 0.011266 0.025856 0.1048867 0.113957 0.04890016 0.018938 0.002322858 0.09583095 0.2147671 0.089007 0.09780998 0.02046175 0.09690683 0.009672 0.05768755 0.056804 0.04369198 0.1052979 0.02634181 0.03102589 0.1426295 0.1002521 0 0.01340098 0.003463 0 0.09545992 0.02776123 -9999 -9999 -9999 -9999 -9999 -9999 -9999 -9999 -9999 -9999 -9999 -9999 -9999 -9999 -9999 0.00817 0.1883191
0.02989493 0.03887882 0 0 0.02568 0.000452 0.1728355 0 0.08968481 0.054657 0.004952 0.042001 0.1176606 0.018724 0.05032593 0.095089 0.113062 0.100467 0.05537077 0.1744504 0.1471419 0.037198 0.035097 0.028814 0.1603307 0.2459582 0.2170338 0.1111979 0.0587635 0.06489008 0.1770171 0.183288 0.1036794 0.070415 0.03300593 0.08669776 0.04678699 0.01986598 0.015516 0.05373001 0.04633431 0.1091459 0.113777 0.2981847 0.1961373 0.05620962 0.01113598 0.00297 0.01016198 0.01829836 -9999 -9999 -9999 -9999 -9999 -9999 -9999 -9999 -9999 -9999 -9999 -9999 -9999 -9999 -9999 0 0.03977196 0.2274637
0.06914072 0.1305442 0.1557419 0.059998 0.03113691 0.06522711 0.08541726 0.04442996 0.094287 0.489323 0.104706 0.3014199 0.2886363 0.08135791 0.06740423 0.2821476 0.009518 0.1921439 0.2236661 0.151751 0.284494 0.1076799 0.02695034 0.1577899 0.1715667 0.1689295 0.05887509 0.01441673 0.05979319 0.09336539 0.104651 0.05154 0.025736 0.2526211 0.03421 0.018396 0.08320094 0.03264998 0.03501 0.07089493 0.07947796 0.1104317 0.0490275 0.185072 0.2956555 0.1024924 0.03458898 0.054836 0.07492471 0.001116 -9999 -9999 -9999 -9999 -9999 -9999 -9999 -9999 -9999 -9999 -9999 -9999 -9999 0 0.01057617 0.000776 0.066542 0.1130629
0.015961 0.163958 0.1671429 0.1032848 0.132806 0.1621564 0.000234 0.01003334 0.08440096 0.03138 0.1768511 0.200745 0.05853196 0.01227498 0.09832393 0.06644482 0.1222275 0.6276479 0.06274898 0.03353294 0.127114 0.05772744 0.05822142 0.1854021 0.07742593 0.07332334 0.1147289 0.09243436 0.1952005 0.2500094 0.02584876 0.033603 0.049475 0.3720793 0.026241 0.01875398 0.005498 0.035693 0.05265098 0.04223198 0.062322 0.04462898 0.0452833 0.08615342 0.0180421 0.0566317 0.05647926 0.05216498 0.05391889 1.3e-005 -9999 -9999 -9999 -9999 -9999 -9999 -9999 0.07256094 0.0002 0.02089096 0 -9999 0.0006903748 0.2714132 0.05581376 0.016986 0.013567 0.209112
0 0.014116 0.08703116 0.1386327 0.340206 0.1675171 0.09600993 0.03629361 0.03628167 0.01398226 0.011659 0.134826 0.04693045 0.10138 0.4071108 0.2220285 0.9604787 0.3420021 0.028656 0.09080763 0.4271961 0.1192488 0.2288668 0.2371907 0.03421996 0.05808696 0.04301198 0.1176909 0.2628464 0.2788095 0.07753118 0.08089098 0.195343 0.0775478 0.04540994 0.03496093 0.05042589 0.03330116 0.05473577 0.027492 0.1975119 0.01895998 0.025027 0.06858246 0.1024372 0.1502408 0.04567229 0.05479195 0.04863866 0.000277 0.000185 0.07233106 0.07054 0.04719152 0.0001132501 0.01444604 0.1279753 0.1645788 0.2619779 0.1800139 0.06783792 0.5382712 0.8925381 0.3624953 0.1419639 0.05990258 0.0930959 0.3425186
0.009964978 0.02598496 0.0005897644 0.02768976 0.03043878 0.04516362 0.03853809 0.03741976 0.02541617 0.185204 0.196857 0.1835202 0.04156498 0.0253 0.01078356 0.013798 0.193381 0.1730797 0.05471709 0.1149575 0.2307985 0.07447872 0.2288097 0.07494998 0.04557728 0.1190416 0.02411996 0.05357378 0.2286936 0.1566859 0.02600698 0.04579596 0.03309098 0.047926 0.052938 0.05508996 0.02657395 0.06862206 0.09278685 0.09844798 0.08636198 0.09840631 0.1031265 0.022449 0.07191594 0.006399 0 0.005626348 0.0211949 0.01377163 0.09916092 0.01634608 0.2681418 0.3294142 0.2301762 0.01091561 0.1109371 0.1632866 0.04184493 0.033887 0.02391687 0.3366929 0.6928745 0.0759529 0.1062509 0.09118702 0.105962 0.0990725
0.01299268 0.03405328 0.01126463 0.02437107 0.005381 0.06280804 0.009964978 0.08660287 0.08002583 0.1456983 0.2255608 0.1666314 0.1786455 0.1336273 0.09876435 0.05192489 0.09676899 0.1618004 0.137405 0.3574331 0.09525271 0.05426696 0.04775598 0.026175 0.02190398 0.09451868 0.06046125 0.1340144 0.2021708 0.04409733 0.06077091 0.000316 0.02597698 0.042355 0.040221 0.06510293 0.0205763 0.1550998 0.07866438 0.1092111 0.04327418 0.05422296 0.04199395 0.05953873 0.170805 0.03087495 0.02404614 0.009176032 0.05644027 0.02223753 0.09161951 0.03970956 0.341099 0.1310263 0.09959709 0.1382408 0.1049139 0.1756804 0.03985991 0.03338384 0.08992991 0.03945926 0.1881171 0.08127496 0.03047498 0.261497 0.127954 0.1702203
0.06243727 0.0850554 0.04971341 0.01060944 6.3e-005 0.1245793 0.02905038 0.019823 0.01063498 0.1034488 0.2372975 0.1740936 0.1367524 0.0661335 0.04251727 0.145354 0.05141625 0.05876758 0.1426173 0.4472477 0.09028898 0.01368978 0.1058362 0.05217294 0.01641 0.004339649 0.04169016 0.0505479 0.1864376 0.1227629 0.02815652 0.001503229 0.03351811 0.01650698 0.1133631 0.1453692 0.04079328 0.1315235 0.1193642 0.05365909 0.08777737 0.02518896 0.02449898 0.03090696 0.0652103 0.1819292 0.1054327 0.1170974 0.09877227 0.04103339 0.02989493 0.1335731 0.06783302 0.1200072 0.02989996 0.0194 0.0890923 0.09039285 0.01462464 0.1383003 0.0528873 0.1261762 0.2788318 0.04942696 0.07772787 0.1096972 0.04165796 0.1909809
