EnvRasters/GE_Low/grass.asc
ncols         270
nrows         223
xllcorner     24099.479091542
yllcorner     21023.840179216
cellsize      1003.8986847201
NODATA_value  -9999
[rows 93 to 123 of 223, columns 68 to 135 of 270]
0.038771 0.00274 0.231887 0.095052 0.070122 0.15883 0.111795 0.248288 0.183621 0.112963 0.13024 0.06613 0.380481 0.291359 0.226789 0.154943 0.035557 0.317997 0.332788 0.261843 0.165339 0.19574 0.005508 0.228726 0.3394 0.223921 0.148056 0.286583 0.323947 0.166319 0.171429 0.346204 0.323346 0.07891 0.203223 0.042561 0.059327 0.050137 0.123232 0.020904 0.093744 0.250993 0.00507 0.115753 0.064667 0.166834 0.149697 0.00141 0.128856 0.08079296 0.04304991 0.06099798 0.04627688 0.1680741 0.006798 0.02482 0.09316 0.057615 0.040996 0.099646 5.4e-005 0 0.006547 0.126889 0.1501138 0.03739622 0.036274 0.047083
0.173902 0.167537 0.145066 0.048707 0.112159 0.040954 0.173725 0.235447 0.223705 0.335515 0.224985 0.275638 0.42684 0.24898 0.266615 0.137488 0.196811 0.0777 0.17896 0.2424 0.28874 0.106055 0.259058 0.295254 0.201818 0.142766 0.074511 0.215089 0.344727 0.123143 0.215985 0.237415 0.220197 0.153856 0.085203 0.232121 0.0811 0.060696 0.012362 0.23646 0.177979 0.075632 0.007872 0.02943498 0.098571 0.041819 0.098285 0.144972 0.102266 0.02476896 0.1084759 0.035153 0.062695 0.057022 0.00439 0.071598 0.032672 0.185107 0.089253 0.007337 0.048328 0.028163 0.033562 0.1223224 0.1223658 0.01050402 0.040344 0.12515
0.305571 0.182101 0.231596 0.096864 0.099854 0.101606 0.104004 0.013048 0.077189 0.122759 0.212001 0.186385 0.202121 0.219374 0.331994 0.258717 0.211745 0.192263 0.11582 0.231546 0.166464 0.053139 0.058794 0.047544 0.145414 0.045354 0.157293 0.249988 0.127648 0.334676 0.19011 0.195618 0.066826 0.041647 0.162848 0.200998 0.166505 0.16455 0.243077 0.28801 0.155355 0.154907 0.087766 0.098937 0.132385 0.228447 0.292678 0.188747 0.2388533 0.077272 0.18677 0.214241 0.13248 0.118907 0.019799 0.236987 0.284001 0.021925 0.000789 0.003852 0.114717 0.089533 0.134284 0.1066186 0.117932 0.046208 0.004879 0.210241
0.073155 0.352638 0.202556 0.057452 0.056476 0.009644 0.031501 0.091653 0.04047 0.064625 0.085962 0.205795 0.264545 0.23931 0.246294 0.135333 0.207911 0.09527 0.318342 0.162444 0.193584 0.29196 0.149163 0.297621 0.411039 0.231911 0.360181 0.256944 0.090788 0.050659 0.003766 0.276105 0.152878 0.234713 0.264987 0.183537 0.313388 0.32111 0.064449 0.192444 0.248635 0.145117 0.047542 0.108495 0.136683 0.001804 0.164994 0.18927 0.08748917 0.092316 0.082894 0.076601 0.102827 0.096441 0.103927 0.024769 0.17931 0.030621 0.081573 0.031215 0.156038 0.069209 0.037575 0.117526 0.05879596 0.109516 0.083582 0.08241298
0.168373 0.118485 0.126774 0.20886 0.154507 0.021224 0.037712 0.110263 0.044858 0.174312 0.101672 0.037904 0.0684 0.135888 0.104492 0.007581 0.022267 0.22463 0.165949 0.191817 0.299154 0.208664 0.0416 0.281409 0.05903 0.180494 0.119074 0.066347 0.000882 0.019039 0.181298 0.193096 0.247033 0.201349 0.274542 0.355334 0.230108 0.177586 0.076662 0.215588 0.325651 0.244996 0.17856 0.242609 0.193484 0.013594 0.078406 0.163007 0.1524094 0.073511 0.213867 0.179816 0.015392 0.081453 0.037004 0.118094 0.189897 0.031184 0.13269 0.0211 0.036152 0.069612 0.003094 0.030427 0.05558098 0.07432 0.23782 0.1210359
0.071871 0.084536 0.091285 0.235942 0.115118 0.251532 0.087684 0.215248 0.008368 0.106387 0.094001 0.100558 0.219557 0.157361 0.236587 0.008644 0.031889 0.119771 0.191843 0.212964 0.0759 0.0387 0.076947 0.0889 0.101747 0.233842 0.168468 0.051243 0.059004 0.078254 0.140182 0.242991 0.173603 0.37018 0.105937 0.240217 0.156731 0.402762 0.107257 0.174412 0.173956 0.252942 0.189611 0.04721 0.03671 0.05809739 0.2423695 0.180322 0.205672 0.279241 0.066706 0.082339 0.001328 0.063928 0.005437 0.092594 0.018741 0.019369 0.154273 0.140754 0.173315 0.117925 0.101516 0.105649 0.104436 0.156529 0.041939 0.116709
0.139634 0.191123 0.081221 0.118832 0.096183 0.159692 0.120779 0.103341 0.09619 0.211546 0.00717 0.181522 0.120719 0.331 0.127883 0.121688 0.001085 0.11273 0.232215 0.141655 0.18437 0.068604 0.047894 0.339266 0.134655 0.018994 0.145308 0.29955 0.306189 0.056233 0.303917 0.158089 0.171617 0.449932 0.242954 0.063292 0.107361 0.340876 0.326919 0.593841 0.084346 0.013475 0.074228 0.221691 0.084227 0.356818 0.181334 0.175462 0.207527 0.150293 0.146861 0.156575 0.109748 0.095204 0.159111 0.085514 0.103463 0.122822 0.142007 0.036777 0.254153 0.051401 0.078798 0.061367 0.224742 0.0767 0.078242 0.033499
0.190474 0.058209 0.207782 0.099067 0.051664 0.101408 0.001023 0.015361 0.101581 0.086425 0.19034 0.05387 0.077873 0.270593 0.171067 0.157431 0.010223 0.097249 0.105375 0.100504 0.162954 0.069225 0.135836 0.057218 0 0.052805 0.113022 0.048069 0.151339 0.343952 0.256413 0.303683 0.080457 0.308155 0.231419 0.255547 0.193157 0.184618 0.134409 0.21018 0.146773 0.097134 0.3208 0.037258 0.216603 0.424592 0.238827 0.064629 0.372974 0.200662 0.193 0.152358 0.190885 0.086126 0 0.000102 0.147584 0.138672 0.107317 0.124649 0.257475 0.133695 0.043517 0.05514 0.038263 0.029622 0.011109 0.001549
0.17626 0.185516 0.145258 0.150835 0.275227 0.033715 0.203451 0.152666 0.053569 0.076478 0.098366 0.141865 0.238693 0.306177 0.088718 0.258558 0.167072 0.025044 0.109993 0.047508 0.142126 0.023457 0.013936 0.046966 0.00755 0.141635 0.191878 0.162246 0.190447 0.305246 0.151314 0.244858 0.031991 0.280105 0.112331 0.187572 0.093926 0.043545 0.089087 0.125169 0.142269 0.158814 0.251099 0.145685 0.36042 0.333925 0.07729 0.138788 0.192272 0.096892 0.105625 0.019218 0.179339 0 0.000303 0.082429 0.01262 0.052017 0.224333 0.163287 0.121709 0.160689 0.302509 0.013769 0.048447 0.014518 0.014005 0.011103
0.161749 0.092314 0.1527 0.173934 0.283999 0.05871 0.132824 0.101125 0.361055 0.04928 0.041 0.029208 0.121138 0.013094 0.206896 0.23383 0.072551 0.02839 0.121804 0.1038 0.085584 0.126803 0.005949 0.01664 0.329729 0.130415 0.057864 0.060645 0.3140105 0.2453904 0.279095 0.035187 0.094452 0.091143 0.130745 0.059795 0.038109 0.221903 0.162862 0.107504 0.265336 0.25322 0.136276 0.164752 0.369055 0.180487 0.032489 0.078895 0.141291 0.278335 0.217556 0.095385 0.027929 0.05325 0.052371 0.008984 0.004997 0.12182 0.229159 0.157827 0.260337 0.118344 0.053321 0.095967 0.000558 0.040441 8e-006 0.13808
0.11834 0.054569 0.081836 0.229448 0.181994 0.181059 0.332069 0.165566 0.354438 0.034009 0.125643 0.020449 0.09234 0.404965 0.173764 0.171143 0.083142 0.072131 0.171702 0.064572 0.394109 0.218343 0.18271 0.159605 0.096986 0.197609 0.148103 0.060019 0.201689 0.136213 0.058942 0.087753 0.142293 0.169596 0.073244 0.035622 0.000519 0.238679 0.225581 0.270902 0.103182 0.105147 0.295756 0.111125 0.247957 0.176643 0.091207 0.220302 0.253779 0.167154 0.073165 0.054214 0.033413 0.121499 0.000555 0.080779 0.163463 0.167636 0.01741 0.09424 0.17572 0.139034 0.236682 0.040057 0.187844 0.090029 0.025815 0.08958467
0.059991 0.067464 0.166578 0.109638 0.104601 0.019498 0.085764 0.177082 0.192213 0.079598 0.025823 0.051237 0.139367 0.237762 0.208197 0.156218 0.160573 0.029948 0.068963 0.033961 0.191759 0.234049 0.006333 0.056499 0.038469 0.196936 0.189633 0.142269 0.116297 0.236589 0.132664 0.056184 0.221715 0.097371 0.072312 0.359187 0.064593 0.095763 0.075212 0.150933 0.255347 0.165438 0.000825 0.006341 0.113315 0.185137 0.056598 0.066009 0.047674 0.05949698 0.022594 0.1061 0.095685 0.063023 0.046195 0.239712 0.131559 0.091058 0.015925 0.01883 0.036291 0.166596 0.19471 0.062917 0.058773 0.154987 0.0949 0.05431731
0.262769 0.160755 0.304755 0.155417 0.141364 0.045245 0.085529 0.174353 0.1248 0.2014 0.216559 0.063125 0.144669 0.144902 0.386096 0.114868 0.226074 0.127486 0.182765 0.004802 0.126475 0.1462 0.179177 0.267711 0.043269 0.244623 0.070194 0.148402 0.162954 0.276704 0.152634 0.127214 0.212697 0.214272 0.341388 0.25704 0.151204 0.071983 0.117074 0.052899 0.225522 0.037724 0.187302 0.058803 0.059552 0.134155 0.012795 0.110033 0.097532 0.061062 0.077862 0.08958 0.216888 0.091754 0.121028 0.227504 0.20299 0.165848 0.001398 0.001966 0.039993 0.133708 0.132853 0.021092 0.166126 0.06980198 0.1046956 0.009276396
0.067375 0.233908 0.27425 0.326823 0.1329 0.136088 0.3425 0.090898 0.015924 0.299394 0.058903 0.009336 0.170785 0.38862 0.341868 0.043466 0.043404 0.209792 0.055153 0.021861 0.134757 0.139385 0.197093 0.074705 0.114772 0.031175 0.0092 0.064237 0.27077 0.094492 0.103018 0.146399 0.09418 0.063 0.221948 0.194344 0.278907 0.29003 0.254099 0.155932 0.057209 0.058856 0.16312 0.039449 0.205948 0.177664 0.000358 0.093477 0.130965 0.106679 0.087815 0.090722 0.187445 0.269351 0.070646 0.100954 0.087437 0.224254 0.063961 0.149504 0.01642 0.02714998 0.117349 0.100079 0.0161 0.034796 0.025046 0.128149
0.0149 0.325282 0.106688 0.105336 0.101443 0.168849 0.344455 0.005938 0.049685 0.290834 0.09816 0.084283 0.372123 0.181993 0.234597 0.023728 0.311506 0.103915 0.063664 0.177367 0.198091 0.080583 0.120611 0.166436 0.085674 0.110597 0.1180273 0.21232 0.24739 0.080095 0.207092 0.078783 0.090304 0.123648 0.141789 0.150211 0.149392 0.258857 0.205009 0.091532 0.443571 0.162245 0.109397 0.114247 0.093086 0.037466 0.052058 0.051225 0.163381 0.215437 0.192129 0.108871 0.149179 0.136119 0.081751 0.025775 0.024597 0.088049 0.01089 0.305316 0.1677 0.124116 0.09509598 0.038044 0.078693 0.101635 0.089488 0.210095
0 0.120234 0.149486 0.110909 0.022318 0.022374 0.022118 0.128729 0.171029 0.154514 0.001692 0.001067 0.027138 0.121975 0.0052 0.002686 0.151459 0.0102 0.003522 0.00235 0.094847 0.076155 0.189485 0.265345 0.09069 0.101013 0.1090227 0.227309 0.210043 0.131361 0.147951 0.102761 0.010009 0.283372 0.157333 0.293287 0.194774 0.266124 0.057553 0.164308 0.156429 0.185509 0.305457 0.08107 0.030848 0.001729 0.308207 0.362704 0.142357 0.064331 0.223134 0.0911 0.125527 0.052857 0.010991 0.11448 0.036308 0.162925 0.108019 0.3261179 0.128015 0.003395 0.089918 0.038135 0.029794 0.138088 0.004116 0.046398
0.17054 0.141272 0.091999 0.217377 0.009518 0.143274 0.038578 0.083057 0.123944 0.216966 0 0.01466 0 0 0.0324 0.118761 0.054134 0 0.004374 0.002274 0.038522 0.149412 0.117247 0.032649 0.18984 0.168342 0.26296 0.186619 0.230496 0.138055 0.259522 0.317287 0.099855 0.050336 0.070667 0.384574 0.064862 0.271223 0.161095 0.059966 0.0468 0.241156 0.164907 0.088351 0.056956 0.079868 0.112447 0.208985 0.003718 0.242805 0.190905 0.298711 0.272734 0.007363 0.02450398 0.038665 0.141778 0.044098 0.104373 0.20618 0.050084 0.025584 0.040786 0.059306 0.10763 0.173434 0.077912 0.009442
0.104803 0.104755 0.008552 0.176964 0.018363 0.150483 0.161068 0.180137 0.066146 0.131595 0.184617 0.012834 0 0.052279 0.164423 0.138629 0.091471 0.049286 0.155954 0.066089 0.09654 0.024686 0.09053981 0.1159509 0.105887 0.005971 0.093585 0.1835029 0.224041 0.002519 0.114584 0.117454 0.080754 0.077006 0.251033 0.215122 0.344759 0.206665 0.091208 0.044132 0.124395 0.008758 0.001904 0.044239 0.140916 0.075963 0.032212 0.01394 0.008781 0.000718 0.087965 0.245121 0.040809 0.005439 0.018622 0.2214878 0.105639 0.098829 0.151334 0.117675 0.163175 0.087502 0.09287098 0.008977 0.010301 0.029028 0.081242 0.02253
0.008332 0.232065 0.05571 0.118042 0.009888 0.092697 0.042918 0.009090491 0.03261444 0.110295 0.01142 0.09603 0.013464 0.000106 0.093474 0.1535 0.114774 0.187056 0 0.000897 0 0 0.02149666 0.04796719 0 0 0.009725915 0.01693604 0.011385 0 0.02694 0.002959 0.035554 0.088088 0.101595 0.143131 0.234807 0.070495 0.043767 0.080949 0.130318 0.122501 0.151843 0.035847 0.068708 0.052652 0.06286 0.004247 0.018587 0.127434 0.129436 0.214162 0.112829 0.183234 0.12672 0.08079 0.140266 0.091373 0.075959 0.168439 0.078997 0.107465 0.144844 0.165897 0.210999 0.142121 0.083028 0.113056
-9999 0.0466 0 0 0 0.04793693 0.166671 0.337052 0.1759156 0 0 0 0 0.01296 0.098112 0.1347 0.114795 0.026038 0 0 0 0 0 0 0.049719 0.031274 0.000475 0.097622 0.028112 1e-005 0 0.012453 0.052457 0.008998 0.219684 0.268074 0.062562 0.092375 0.295038 0.030045 0.049976 0.013306 0.154697 0.053854 0.00093 0.014602 0.100078 0.110435 0.053337 0.144763 0.111622 0.038976 0.148663 0.127845 0.081765 0.072717 0.06675 0.08358 0.145465 0.125666 0.244617 0.270187 0.044459 0.069661 0.078441 0.01198 0.177115 0.094916
-9999 -9999 -9999 -9999 0 0.041314 0.07001998 0.2877958 0.091682 0.029204 0.11548 0.072137 0.035296 0.162953 0.152762 0.004214 0.001173 0.004207 0.012453 0 0.0256 0.049401 0.026363 0.002231 0.003818 0.005641 0.000892 0.162644 0.151039 0.186998 0.016784 0.000729 0.036629 0.115454 0.133448 0.178635 0.246666 0.086362 0.110463 0.055011 0.004424 0.026835 0.002037 0.115634 0 0.000117 0.169042 0.123687 0.073776 0.114846 0.01288 0.091265 0.03812796 0.047595 0.131077 0.024277 0.032373 0.09474 0.048829 0.180611 0.092285 0.164537 0.096161 0.057447 0.170899 0.096549 0.110234 0.039259
-9999 -9999 -9999 -9999 -9999 0.073172 0.0489 0.137297 0.258517 0.3054882 0.229624 0.204676 0.18846 0.139527 0.2137 0.310304 0.280762 0.187228 0.032508 0.01045 0.084773 0.054072 0.090608 0.043109 0.012513 0 0.038956 0.093469 0.018795 0.020272 0 0.000836 0.000276 0.0007 0.09114192 0.038645 0.096593 0.166 0.033453 0.003098 0.013537 0.016252 0.040889 0.001157 0 6.4e-005 0.004859 0.001218 0.027094 0.00148 0.083338 0.071433 0.068073 0.033922 0.223143 0.092881 0.065598 0.019267 0.010299 0.00568 0.009656 0.08591 0.010815 0.032995 0.006463 0.051694 0.08613998 0.02711
-9999 -9999 -9999 -9999 -9999 0.0146 0.2342 0.4187172 0.6231699 0.3354493 0.1174996 0.416962 0.181578 0.239619 0.3242089 0.116653 0.1344 0.189219 0.008935 0.267285 0.320343 0.01706498 0.165626 0.113274 0.258199 0.238072 0.002406 0.04171 0.071545 0.29022 0.150417 0 0.033853 0.03021498 0.001094 0.057082 0.140408 0.031434 0.033987 0.034514 0.133631 0.039959 0.028314 0.001216 0.039024 0.043731 0.019394 4.7e-005 0.019006 0 0.000149 0.063757 0.061809 0.02393398 0.122514 0.043633 0.007696 0.097415 0.132474 0.092801 0.066983 0.013482 0.184157 0.273971 0.00172 0.002938 0.102138 0.027755
-9999 -9999 -9999 -9999 -9999 -9999 -9999 0.4269668 0.2110504 0.4702848 0.2264936 0.388236 0.268449 0.2149873 0.2331914 0.08807894 0.143068 0.057343 0.1102 0.06206498 0.1765 0.02821396 0.048428 0.139831 0.120861 0.097641 0.000325 0 0.038595 0.100936 0.254613 0.056741 0.000588 0.182074 0.175942 0.01683 0.110566 0.049583 0.177878 0.1370778 0.016688 0.108231 0.044891 0.01881 0.011234 0.063219 0.115489 0.114261 0 0.0006 0.09075 0.046282 0.064012 0.018076 0.09434 0.04786 0.034681 0.072118 1.3e-005 0.01788 0.033418 0 0.000402 0.008631 0.039361 0.017319 0.014789 0.003625
-9999 -9999 -9999 -9999 -9999 -9999 0 0.199334 0.320234 0.114811 0.208271 0.2259614 0.207081 0.057678 0.4656 0.532086 0.32326 0.3071 0 0.01660498 0.030976 7.4e-005 0.000758 0.000637 0.016567 0.017327 0.1641952 0.002272672 0 0.272455 0.020082 0.096671 0.043662 0.107226 0.04899 0.093028 0.253361 0.054145 0.021198 0.270049 0.17403 0.030252 0.040097 0.037781 0.00947 0.145576 0.208835 0.119382 0.095906 0.031746 0.175368 0.05697272 0.03862864 0.002628 0.100571 0.081593 0.089018 0.102569 0.008798 0.00168 0.019108 0.039143 0.063482 0.050079 0.048151 0.003407 0.008838 0
-9999 -9999 -9999 -9999 -9999 -9999 -9999 0 0.045147 0.288404 0.314991 0.2836645 0.51168 0.163538 0.192502 0.262 0.0727 0.1271596 0.2416878 0.001434 0 0 0.048387 0.001915 0.002181 0.02779 0.2139763 0.05755878 0.045467 0.103568 0.238645 0.154321 0.088728 0.2786 0.375812 0.000401 0.093303 0.101199 0.174095 0.216241 0.012513 0.106385 0.084013 0.187391 0.020951 0.105983 0.201751 0.153213 0.224468 0.083921 0.079404 0.01896887 0.1088807 0.101804 0.035822 0.05963 0.062422 0.021548 0.06532 0.000106 0 1.5e-005 2e-006 0.01240898 0 0.000702 0.083422 0.038236
-9999 -9999 -9999 -9999 -9999 -9999 -9999 0.010884 0.081572 0.307403 0.180355 0.082621 0.198066 0.140665 0.082568 0.004992 0.064761 0.001158 0.080134 0.077411 0.00998 0.000251 0.010113 0.05733 0.095192 0.073073 0.052056 0.035306 0.288447 0.551777 0.2861769 0.051783 0.038701 0.149472 0.091196 0.054607 0.117215 0.006282 0.139096 0.127637 0.0171 0.00163 0.193762 0.097498 0.003249 0.004083 0.05646 0.263575 0.354747 0.092528 0.053106 0.065818 0.106328 0.033647 0.071244 0.159003 0.067763 0.068036 4e-005 0.023657 0.003 0.037728 2e-006 0 0 0 0.002903 0.008406
-9999 -9999 -9999 -9999 -9999 -9999 -9999 0.030086 0.280131 0 0.107798 0.253771 0.318047 0.090687 0.182836 0.035701 0.064861 0.033441 0.053936 0.005443 0.010517 0.011704 0.006819 0.114053 0.054991 0.009994 0.096722 0.021831 0.186202 0.107281 0.239461 0.000287 0.001139 0.00372 0.08562 0 0.011177 0.101488 0.160105 0.14691 0.036321 0.016997 0.1277 0.026609 0.169665 0.172135 0.152313 0.123616 0.071672 0.076927 0.031459 0.064753 0.034004 0.273534 0.095756 0.012434 0.09036 0.048624 0.002928 0 0 0 3e-006 2e-006 5.6e-005 0.000228 0.058753 0.015599
-9999 -9999 -9999 -9999 -9999 -9999 -9999 0 0.109576 0.004343 0.033061 0.125024 0.12846 0.123224 0.165051 0.02808 0.200201 0.069447 0.264967 0.023871 0.040607 0.0235 0.00017 0 0.099929 0.039631 0.217651 0.185096 0.079233 0.186999 0.170377 0.33087 0.020524 0.002792 0.172437 0.029834 0.015249 0.14925 0.065249 0.127936 0.016442 0.103571 0.115728 0.029278 0.07234 0.036747 0.056516 0.089539 0.190026 0.121468 0.096864 0.103923 0.035316 0.023432 0.037762 0.106863 0.011362 0.056529 0.001849 0 0 0 0 0 0.00558 0.100459 0.047328 0.004032
-9999 -9999 -9999 -9999 -9999 -9999 -9999 0.000736 0.168642 0.083349 0.047725 0.047196 0.006089 0.14391 0.11872 1e-006 0.12423 0.021458 0.094158 0.09972 0.021936 0.027671 0.019639 0.057299 0.073535 0.019961 0.241071 0.0352 0.1293 0.155211 0.068103 0.040889 0.445002 0.015137 0.059753 0.181918 0.081318 0.14781 0.267225 0.179853 0.14795 0.190221 0.299451 0.091605 0.222432 0.140573 0.225172 0.1029 0.153961 0.10276 0.032184 0.006099 0.096086 0.07419 0.093421 0.018213 0.093769 0.052115 0.006025 0.07971983 0.009233 1e-006 0 0 0.000112 2e-006 2e-006 0
-9999 -9999 -9999 -9999 -9999 -9999 -9999 0.003409 0.151267 0.200581 0.086784 0.065763 0.05227 0.129369 0.150756 0.024284 0.127169 0.037766 0.016373 0 0 0.018665 0.143801 0.203953 0.058937 0.134838 0.046843 0.009805 0.0285 0.062222 0.120098 0.068093 0.110325 0.124466 0.003743 0 0.059024 0.169885 0.179841 0.319992 0.100967 0.14011 0.168927 0.08884 0.209678 0.423933 0.33617 0.18543 0.067602 0.135727 0.192777 0.094577 0.056832 0.135802 0.051864 0.010912 0.017482 0.069477 0.000365 0.000317 0.001183 0.000854 1.6e-005 0 0.000239 0 0.059281 0.02403
