EnvRasters/GE_Low/grass.asc
ncols         270
nrows         223
xllcorner     24099.479091542
yllcorner     21023.840179216
cellsize      1003.8986847201
NODATA_value  -9999
[rows 124 to 154 of 223, columns 136 to 203 of 270]
0.063408 0.063261 0.049688 0.121905 0.041293 0.068126 0.3441 0.252798 0.080806 0.097252 0.118311 0.140017 0.340967 0.358681 0.171678 0.039514 0.057117 0.059895 0.152214 0.365446 0.22673 0.217607 0.101358 0.064729 0 0.004334 0.037117 0.057199 0.190797 0.014592 0.0286 0.3111 0.213485 0.097356 0.460617 0.170367 0.225535 0.134183 0.280028 0.067151 0.353803 0.48344 0.155026 0.221843 0.267509 0.316562 0.194556 0.31041 0.115636 0.005728 0.327658 0.211929 0.182625 0.218663 0.319208 0.51997 0.381271 0.262161 0.2481 0.1108 0.0859 0.355913 0.525524 0.6959463 0.1067066 0.03281494 0.3649366 0.6194653
0.145552 0.260339 0.026263 0.118176 0.212094 0.147099 0.083506 0.094023 0.035203 0.052447 0.183111 0.172136 0.18422 0.330273 0.091928 0.186145 0.312285 0.237946 0.123263 0.231612 0.19648 0.11754 0.040328 0.005062 0.028635 0.032921 0.019088 0.27108 0.06822 0.025936 0.196039 0.270556 0.346295 0.1089 0.065326 0.325437 0.486894 0.12614 0.289348 0.16035 0.0648 0.206032 0.368459 0.365837 0.20172 0.047339 0.007314 0.064353 0.057392 0.118254 0.269113 0.376273 0.339819 0.474127 0.108549 0.000297 0.0176 0.253064 0.415332 0.553064 0.646284 0.553979 0.52474 0.1764 0.0112 0.1185 0.3302663 0.5383382
0.172099 0.000971 0.00173 0.004955 0.125706 0.109366 0.09777 0.02262 0.063413 0.240118 0.027784 0.017737 0.106086 0.320027 0.164051 0.103729 0.266365 0.304284 0.152336 0.166655 0.07299 0.146207 0.033691 0.000597 0.006627 0.010696 0.060175 0.087906 0.117192 0.098875 0.341658 0.016255 0.365868 0.362451 0.301132 0.053809 0.378008 0.162772 0.293384 0.362709 0.163869 0.1502 0.417547 0.533088 0.031495 0.180352 0.126933 0.216439 0.025184 0.009477 0.290143 0.458294 0.28083 0.577795 0.331392 0.0714 0.047 0.423529 0.238809 0.305322 0.421704 0.298548 0.2096 0.01210894 0.4003311 0.360968 0.3433501 0.275933
0.108159 0.120108 0.053583 0.004586 0 0 0.11526 0.049499 0.0515 0.104457 0.181479 0.002866 0.21315 0.13261 0.126183 0.005337 0.00149 0.027484 0.326919 0.281164 0.114646 0.096253 0.101716 6e-006 0.04997 0.038347 0.231871 0.212807 0.159904 0.224219 0.341804 0.315373 0.41149 0.13574 0.157989 0.259212 0.37746 0.346768 0.518725 0.121905 0.114093 0.208037 0.419944 0.245214 0.284263 0.389601 0.087408 0.022433 0.006509 0.070084 0.343751 0.509756 0.177155 0.441636 0.414203 0.546947 0.39484 0.313857 0.295282 0.174077 0.440477 0.2556541 0.3235594 0.4183197 0.3104026 0.3626 0.102968 0.2663703
0.304083 0.147721 0.272333 0.080838 0.035797 0.110891 0.295708 0.067071 0.026882 0.040948 0.112311 0.027289 0.062164 0.045152 0.079725 0.134152 0.218297 0.204854 0.1149 0.2135881 0.2921028 0.031806 0.080811 0.031787 0.053103 0 0.053346 0.063671 0.029136 0.112047 0.199642 0.277405 0.348591 0.462541 0.078814 0.133806 0.290304 0.387634 0.254107 0.028175 0.153305 0.24437 0.407561 0.26759 0.518672 0.441731 0.328145 0.235467 0.163792 0.117105 0.270811 0.762879 0.110672 0.150284 0.00863 0.231406 0.265043 0.184731 0.224385 0.122831 0.341181 0.2949189 0.1151074 0.1422355 0.1128163 0.1940937 0.2250342 0.2405304
0.199758 0.110997 0.025831 0.040942 0.095796 0.268656 0.190568 0.124152 0.028928 0.04123 0.220693 0.086848 0.107131 0.231329 0.139305 0.158358 0.115591 0.153638 0.194528 0.253534 0.28095 0.034244 0.059152 0.058792 0.0828 0.161071 0.270109 0.020889 0.232014 0.084639 0.029087 0.250766 0.533506 0.337263 0.160363 0.354593 0.253703 0.143666 0.327511 0.186961 0.381336 0.322688 0.082407 0.2046 0.35981 0.234295 0.274062 0.30187 0.095168 0.252285 0.143316 0.236479 0.048788 0.053618 0.341214 0.123198 0.167474 0.09288 0.217807 0.51152 0.419489 0.6435059 0.470139 0.3183599 0.581726 0.2642829 0.2375484 0.2348406
0.22059 0.169558 0.026228 0.145097 0.187535 0.201957 0.217497 0.130572 0.240417 0.091474 0.099217 0.108882 0.057228 0.007984 0.020301 0.00385 0.021146 0.139217 0.371279 0.310999 0.20328 0.07146 0.106028 0.118809 0.140504 0.020493 0.029931 0.096596 0.160341 0.228574 0.0292 0.033868 0.30809 0.173916 0.06195 0.158973 0.32798 0.322752 0.33754 0.45089 0.201879 0.340701 0.342256 0.217823 0.231368 0.243738 0.59399 0.488212 0.134862 0.053706 0.191436 0.170232 0.386582 0.226849 0.066525 0.023001 0.224842 0.293595 0.43388 0.515025 0.41624 0.408474 0.3612652 0.6449592 0.4933254 0.1755096 0.1287225 0.08554996
0.071029 0.243902 0.190387 0.01734 0 0.169575 0.418323 0.019223 0.016881 0.137607 0.114927 0.002656 0 0.001097 0.004071 0.007007 0.127232 0.084477 0.014751 0.092133 0.2356625 0.4577802 0.249376 0.163134 0.040376 0.005393 0.08310696 0.278888 0.287388 0.144304 0.020644 0.126442 0.324641 0.156054 0.0126 0.278356 0.174092 0.200636 0.295928 0.23709 0.280218 0.426317 0.398794 0.183383 0.26444 0.08338 0.387751 0.330652 0.2455 0.1101 0.0255 0.224541 0.125447 0.095366 0.243899 0.015611 0.442191 0.429483 0.240907 0.253775 0.3879646 0.5026533 0.2852586 0.6801075 0.4537226 0 0 0.20282
0.052236 0.149598 0.188949 0.128605 0.074575 0.353364 0.289864 0.12412 0.04497 0.198728 0.140656 0.063119 0.101504 0.092058 0.001918 0.065787 0.16111 0.116604 0 0.0147 0.08238444 0.06676117 0.153711 0.18315 0.252435 0.011807 0.057081 0.136719 0.22771 0.193036 0.312994 0.352429 0.457568 0.145 0.1451 0.1518 0.171201 0.12668 0.317863 0.224727 0.14523 0.139863 0.118624 0.172943 0.16651 0.113091 0.10337 0.384979 0.398942 0.221265 0.0641 0.2033 0.160643 0.00392 0.0144 0.313768 0.426097 0.221485 0.2190784 0.1553609 0.3171892 0.645093 0.421065 0.4371788 0.07741205 0 0 0.12023
0.086643 0.02316 0.236152 0.151898 0.08537598 0.055976 0.15859 0.176674 0.093425 0.109193 0.22735 0.139775 0.154457 0.163033 0.135415 0.19469 0.188423 0.107986 0.176788 0.165803 0.000202 0.1581 0.179913 0.332402 0.40052 0.132272 0.071098 0.107003 0.128396 0.074262 0.130019 0.035741 0.0496 0.198171 0.3743 0.068361 0.558922 0.191002 0.478373 0.101653 0.234833 0.247807 0.160257 0.143812 0.211014 0.109111 0.070996 0.056426 0.325602 0.0452 0.0005 0.316654 0.267158 0.377593 0.401332 0.586036 0.426212 0.06773969 0.2440102 0.204156 0.441383 0.574443 0.443341 0.411381 0.301017 0.04542856 0.04982489 0.206004
0.171947 0.1835426 0.1178304 0.096261 0.000268 0.060809 0.42381 0.201009 0.045415 0.00199 0.334865 0.259956 0.138483 0.124731 0.168869 0.179531 0.240878 0.410338 0.164271 0.143885 0.161847 0.076408 0.090302 0.109979 0.239965 0.167348 0.093915 0.021916 0.039498 0.205259 0.49004 0.112153 0.073256 0.159685 0.036766 0.221671 0.327608 0.563758 0.221955 0.165357 0.114012 0.007707 0.1809049 0.4741251 0.292827 0.2492 0.201202 0.090974 0.0016 0.179424 0.5055 0.481974 0.488868 0.354142 0.40359 0.326501 0.0549 0.2687599 0.469745 0.540062 0.373171 0.182443 0.219 0.536757 0.509398 0.3017111 0.1702082 0.3649104
0.266289 0.031465 0.074643 0.14157 0.114459 0.098673 0.167399 0.050003 0.005113 0.00777 0.052746 0.18829 0.007304 0.026738 0.121254 0.084309 0.002947 0.194331 0.236075 0.364984 0.222028 0.09552 0.205631 0.0289 0.228558 0.109793 0.00552 0.100343 0.384196 0.469125 0.448168 0.514591 0.189134 0.56441 0.257112 0.131829 0.0976 0.131459 0.012545 0.177674 0.104189 0.064509 0.20349 0.25701 0.411657 0.567325 0.40648 0.154814 0.10956 0.368312 0.7109 0.462595 0.207636 0.523658 0.462395 0.209519 0.10605 0.271769 0.489017 0.089554 0.237402 0.065943 0.0001 0.1266 0.60878 0.3162193 0.4549312 0.3716525
0.122178 0.10173 0.052269 0.18302 0.234348 0.081592 0.027184 0.023214 0.00607 0.188233 0.242146 0.090083 0.062763 0.531751 0.492361 0.124129 0.229879 0.328487 0.2646226 0.4984984 0.172296 0.126933 0.213374 0.228023 0.290964 0.230248 0.1062814 0.3295335 0.093983 0.3127709 0.11817 0.342826 0.409648 0.166798 0.004032 0.106866 0.01511 0.000701 0.219964 0.456176 0.384588 0.081333 0.205352 0.604586 0.071513 0.249856 0.245304 0.2138 0.03 0.0554 0.486896 0.374069 0.474056 0.5571 0.0838 0.008832 0.016632 0.05565339 0.2381901 0.0363 0.0566 0 0 0.0025 0.0573 0.18169 0.619515 0.4286229
0.135295 0.024212 0.073998 0.14931 0.128936 0.038213 0.05411 0.041765 0.026016 0.083504 0.061188 0.041211 0.242185 0.269292 0.1222 0.148673 0.352837 0.188198 0.164701 0.347479 0.248901 0.054338 0.040837 0.169473 0.194715 0.308509 0.217509 0.06152589 0.23175 0.189269 0.34198 0.154168 0.109846 0.080646 0.059317 0.177891 0.076709 0.276341 0.182096 0.083304 0.265794 0.237345 0.216795 0.252058 0.080181 0.06508 0.16374 0 0 0.108539 0.667059 0.416539 0.435654 0.1232 0.015534 0.357503 0.4871919 0.3188559 0.3933775 0.0264 0.235 0.0035 0.2642 0.048 0.2277 0.1048469 0.04300496 0.185887
0.123289 0.000105 0.111731 0.155365 0.158454 0.097071 0.025695 0.078885 0.008877 0.002974 0.12545 0.037651 0.078637 0.136719 0.052569 0.164648 0.036078 0.184867 0.375158 0.1488 0.1735 0.233855 0.103161 9e-005 0.347061 0.210245 0.273547 0.07131584 0.019433 0.172532 0.197639 0.205794 0.316353 0.16264 0.140216 0.6001559 0.336468 0.277099 0.229228 0.417152 0.43565 0.529187 0.654707 0.246147 0.110749 0.041282 0.50697 0.146114 0.1228 0.0961 0.09877926 0.289477 0.24 0.1648 0.523256 0.511556 0.238882 0 0.225419 0 0 0.349489 0.5559 0.486 0.352845 0.3180948 0.3277306 0.09919745
0.163011 0.083235 0.178628 0.315832 0.215225 0.109212 0.078929 0.062455 0.020296 0.075986 0.264452 0.349849 0.312436 0.342491 0.465505 0.113994 0.166753 0.315729 0.160467 0.104194 0.266049 0.296246 0.24359 0.2843081 0.310806 0.308169 0.2505468 0.2006653 0.090496 0.253507 0.132555 0.028179 0.2457319 0.347197 0.337925 0.150689 0.055056 0.170298 0.532198 0.368336 0.170003 0.39803 0.578659 0.314338 0.220112 0.183585 0.345959 0.276175 0.254729 0.4581 0.4089957 0.149575 0.1473 0.2075 0.6222 0.218804 0.063311 0 0.032266 0 0.025641 0.521215 0.346802 0.2863 0.504114 0.521753 0.129375 0.0083
0.204125 0.128031 0.299483 0.138251 0.39979 0.247871 0.180709 0.176472 0.132959 0.155356 0.295326 0.277149 0.274907 0.12518 0.261257 0.3944 0.545637 0.534722 0.143703 0.021 0.36487 0.307005 0.246359 0.2782279 0.055436 0.127914 0.01732598 0.075634 0.060301 0.252712 0.122122 0.012876 0.186941 0.449933 0.602524 0.367818 0.2627 0.1921 0.518341 0.164416 0.348305 0.364649 0.3715709 0.156376 0.040619 0.17816 0.473076 0.202845 0.2152 0 0.012253 0.384198 0.239936 0.2363 0.0988 0.1179 0.2686 0.352906 0.269626 0.06816 0.206548 0.169783 0.213505 0.458 0.229737 0.09352693 0 0.215823
0.116886 0.017562 0.428833 0.196337 0.054655 0.056564 0.09566 0.028752 0.038041 0.066029 0.475156 0.345779 0.294525 0.032871 0.248128 0.303356 0.424197 0.308157 0.440011 0.343997 0.36836 0.101963 0.336228 0.080711 0.05018 8e-005 0.0234 0.067544 0.162725 0.196635 0.127351 0.267861 0.159347 0.258236 0.275722 0.097967 0.214861 0.17656 0.023704 0.227833 0.122564 0.375377 0.305991 0.034034 0.00247 0.04581 0.280964 0.0548 0.101665 0.084068 0.482611 0.422407 0 0.01631723 0.1173337 0.09128498 0.451545 0.097442 0.037434 0.1134961 0.2548368 0.181185 0.567573 0.145 0 0 0.130065 0.5720019
0.31485 0.268303 0.334196 0.245161 0.043029 0.053156 0.00394 0.00107 0 0.085407 0.216631 0.343432 0.064434 0.001216 0.151266 0.109202 0.0001 0.034953 0.137236 0.088506 0.3600599 0.0622 0.251265 0.015786 0.013202 0.001172 0.03633498 0.161957 0.082425 0.029931 0.1503027 0.26519 0.1793 0.151722 0.157402 0.091521 0.188276 0.076657 0.1055 0 0.033721 0.184267 0.442445 0.146404 0.182808 0.480913 0.294729 0.2649998 0.31098 0.398285 0.207374 0.3429507 0.1651258 0.5491654 0.287047 0.3794251 0.4062129 0.2224722 0.113249 0.365711 0.5577949 0.135928 0.046702 0.0317 0.221951 0.0442 0.1354949 0.5329501
0.570529 0.305917 0.174311 0.2079 0.068653 0.0001 0 0.0799 0 0 0.277979 0.091965 0.090716 0.033584 1.4e-005 0 0 0 0.067614 0.1609 0.32617 0.04256498 0.1177285 0.07763916 0.0682536 0.268825 0.142441 0.189075 0.218722 0.132292 0.1615942 0.1151558 0.214556 0.40577 0.09649 0.313428 0.226808 0.56303 0.292489 0.009195 0.009306 0.163881 0.405041 0.303735 0.301267 0.177407 0.2510222 0.53528 0.338489 0.626839 0.653327 0.2498862 0.5614206 0.2764303 0.380628 0.410394 0.1840209 0.1565696 0.2566 0.147635 0.233627 0.044394 0.03006498 0.0816 0.543978 0.269711 0.3207785 0.3580332
0.271066 0.454486 0.411135 0.418469 0.485492 0.473125 0.3057 0.542 0.269158 0.1642 0.438113 0.361 0.0972 0.0933 0 0 0 0 0.001577 0.214625 0.195954 0.101891 0.241466 0.0970764 0.08269804 0.37219 0.343135 0.373052 0.353435 0.207421 0.270373 0.081365 0.130451 0.31037 0.0032 0.036828 0.095404 0.197683 0.140862 0.0297 0.089829 0.284834 0.4429018 0.23731 0.2410129 0.03873198 0.3235526 0.47565 0.03677787 0.214954 0.579915 0.702251 0.2546803 0.1326651 0.035092 0.06489 0.01726295 0.124524 0.150733 0.132148 0.1500679 0.1435 0.1718 0.0636 0.300099 0.597385 0.0966115 0.05924465
0.314779 0.095954 0.255645 0.451224 0.599187 0.724862 0.499007 0.233089 0.7222893 0.2682565 0.1541 0.5409 0.3431 0.173864 0.450071 0.324996 0.183894 0.075932 0.036225 0.135779 0.128362 0.049587 0.489081 0.2951 0.0518 0.125499 0.334949 0.203199 0.143613 0.163821 0.272217 0 0.045156 0.218504 0.015744 0.039699 0.152666 0.264036 0.095428 0.0276 0.01013698 0.0707564 0.0406662 0 0.009964978 0.060492 0.265494 0.183659 0 0.06636498 0.741813 0.227879 0.3009692 0.06864028 0.116626 0.18973 0.116009 0.090875 0.2003139 0.2435631 0.4705 0.0964 0.1076 0.381509 0.639273 0.313928 0.0046 0.1374552
0.117732 0.375416 0.309883 0.462338 0.216343 0.378714 0.2413859 0.387916 0.287191 0.268464 0.4405299 0.244314 0.4117438 0.1051199 0.341111 0.571343 0.512225 0.132523 0.0023 0.088661 0.129148 0.028677 0.2604 0.4732 0.1943 0.1621 0.1524 0.2762 0.362433 0.096076 0.046437 0.038237 0.095636 0.008019 0.080072 3.1e-005 0.286685 0.3164691 0.2650596 0.1223446 0.141566 0.0697232 0.01282256 0.06442995 0.070641 0.2868058 0.08960246 0.01992996 0 0.128563 0.27024 0.162304 0.011279 0.088338 0.132972 0.369904 0.240819 0.333092 0.513572 0.6014 0.46722 0.334182 0.367842 0.438949 0.28708 0.47282 0.227639 0.367108
0.181629 0.288936 0.327472 0.435484 0.148184 0.256712 0.248969 0.289946 0.102921 0.2256 0.2753 0.346578 0.4023373 0.5086548 0.184667 0.180854 0.150861 0.161062 0.149546 0.05016 0.051953 0.044667 0.0941 0.1549 0.084598 0.45832 0.278005 0.098393 0.094075 0.13023 0.0415 0.2436 0.04969 0.027324 0.095317 0.268823 0.490677 0.5606319 0.3142411 0.2601453 0.11133 0.08388104 0.0982074 0.2550828 0.471098 0.3074762 0 0 0.0043 0.1910089 0.1303357 0.167905 0.009091 0.110288 0.386751 0.3912337 0.3981439 0.3602474 0.355032 0.4302097 0.2567472 0.176545 0.502 0.284619 0.40146 0.390961 0.312256 0.156986
0.556588 0.504256 0.318699 0.348497 0.124767 0.249804 0.418385 0.45874 0.2207 0.1127 0.383203 0.4299624 0.3522684 0.516748 0.332106 0.269619 0.145498 0.2473392 0.2281676 0.05260141 0.1695234 0.08714198 0.1486495 0.1449739 0.246487 0.514582 0.363538 0.200892 0.208431 0.3076 0.2169 0.37227 0.155563 0 0.218001 0.116279 0.26662 0.387001 0.4163087 0.3995599 0.4046749 0.2455 0.4001908 0.465963 0.2323949 0.0356 0 0.4187 0.405348 0.1704434 0.1272477 0.163057 0.00836 0.07688273 0.04523536 0.3167682 0.3482862 0.261 0.4045 0.311692 0.1543721 0.370472 0.2308 0.514442 0.67993 0.375655 0 0.014784
0.3054 0.690436 0.375101 0.330863 0.304974 0.304388 0.392371 0.142763 0.3954 0.257 0.165282 0.373076 0.250822 0.148006 0.018032 0.019488 0 0.04916205 0.5412214 0.2538007 0.2343016 0.026644 0.2566361 0.2039453 0.06121098 0.25839 0.276645 0.113489 0.018901 0.5242 0.3741 0.159382 0.160541 0 0.006389 0.319979 0.408718 0.43937 0.375719 0.455424 0.2230899 0.429408 0.596716 0.19442 0.0018 0.1362 0.5139 0.713351 0.673608 0.1600002 0.211642 0.110005 0.052789 0 0.01386498 0.03092996 0.3114 0.6801 0.408517 0.226904 0.3162459 0.349112 0.700538 0.272056 0.210369 0.064666 0 0
0.0441 0.676842 0.0464 0.079689 0.275556 0.6188409 0.488402 0.12457 0.0716 0 0 0 0.003663 0 0.01271131 0.02647498 0.203599 0.093258 0.2600569 0.472137 0.091047 -9999 0.0664452 0.09180126 0.018786 0.139121 0.439189 0.289764 0.329522 0.304365 0.2505 0.501603 0.419844 0.185325 0 0.328567 0.636634 0.547838 0.719196 0.266943 0.07602489 0.2302 0.485915 0.2825 0.183439 0.534311 0.5264 0.354251 0.2846527 0.1263229 0.338975 0.216002 0.491988 0.253813 0.2820159 0.253296 0.615255 0.585449 0.236096 0.300349 0.183066 0.492933 0.246749 4.4e-005 0 0 0 0
0.0263 0.290541 0.246787 0.119748 0.46374 0.165921 0 0 0 0.0074 0.230471 0.511709 0.19245 0.316328 0.6586496 0.573682 0.511968 0.2118489 0.4105592 0.053484 -9999 -9999 -9999 -9999 -9999 0.098208 0.59272 0.365292 0.2659 0.3865 0.2567 0.627619 0.270895 0.03213 0 0.564004 0.7091 0.8139 0.58522 0.140781 0.01036 0.0516 0.5913 0.476311 0.476301 0.551203 0.367488 0.1359 0.1220661 0.2565077 0.2906228 0.461965 0.454374 0.1971575 0.1581622 0.4619571 0.44148 0.258893 0.482721 0.2019926 0.1000054 0.03159598 0 0 0 0 0 0
0.317312 0.288042 0.21014 0.177586 0.215209 0.019419 0 0 0.0022 0.403716 0.378887 0.287456 0.191582 0.454615 0.408166 0.268566 0.257995 0.12699 -9999 -9999 -9999 -9999 -9999 -9999 -9999 0.005307 0.253317 0.321591 0.01269 0.0079 0.4815 0.4439 0.3953 0.409547 0.3009 0.477442 0.68444 0.4301 0.6248 0.3592 0.1103 0.3111599 0.301 0.3724 0.209646 0.3566514 0.6368366 0.1967089 0.430365 0.1299935 0.1840506 0.1214899 0.093004 0.342162 0.13176 0.244331 0.216315 0.361858 0.12631 0.406122 0.032517 0 0 0.0281 0 0 0 0.009964978
0.2543 0.167747 0.435163 0.021186 0.008264 0.040264 0.123192 0.418526 0.6674 0.706287 0.280641 0.230961 0.188316 0.323887 0.231397 0.056006 0.043932 -9999 -9999 -9999 -9999 -9999 -9999 -9999 0.0001 0.181211 0.422443 0.504311 0.184058 0.2506 0.124918 0.383 0.3196 0.488791 0.623944 0.449253 0.446375 0.2755 0.049 0.142176 0.644194 0.326735 0.5432 0.70766 0.702745 0.4698299 0.5224 0.202673 0.3546853 0.2505289 0.254448 0.4296398 0.400531 0.255338 0.179372 0.0704229 0.03333717 0.3451099 0.2765298 0.2584586 0.007887946 0.0062 0.0042 0.028 0 0 0.00784483 0
0.0061 0.158376 0.02664498 0.2253 0.052 0.3026 0.463124 0.358678 0.41144 0.560644 0.344573 0.09185752 0.022294 0.106698 0.02047189 0.20796 0.132142 -9999 -9999 -9999 -9999 -9999 -9999 -9999 0.0205 0.655774 0.542647 0.387041 0.276649 0.411488 0.366547 0.149932 0.281827 0.1643 0.23412 0.056093 0.28266 0.462406 0.216135 0.30285 0.52218 0.3503 0.204645 0.125117 0.4132258 0.6403929 0.326234 0.2992875 0.2192727 0.03148032 0.102821 0.3367898 0.598765 0.534092 0.398717 0.2574896 0.3028463 0.296533 0.04824004 0.1001883 0 0.0032 0.0218 0.056 0.0047 0 0.002120149 0.00141
