EnvRasters/GE_Low/other.asc
ncols         270
nrows         223
xllcorner     24099.479091542
yllcorner     21023.840179216
cellsize      1003.8986847201
NODATA_value  -9999
[rows 62 to 92 of 223, columns 136 to 203 of 270]
0.002494 0.000465 0.005044 0.045254 0.0380896 0.0820986 0.04475591 0.07206158 0.1137342 0.02647467 0.005473 0.005774 0.03236141 0 0.001625 0 0 0.003468968 0.00154 0.01992996 0.02446798 0.0191831 0.028159 0.001935 0 0.004361 5.8e-005 0.00353 4e-006 0.001037 0 0.015273 0.02469696 0.015454 0.009964978 0.008052 0.041747 0.002398 0 0.00161 0.03036858 0.005334013 0.01491922 0.1089327 0.02855285 0.04558998 0.01992996 0.01142229 0.00655 0.01824698 0.00053 0.000278 0 0 0.03270404 0.05255139 0.176324 0.01217879 0 0.00103989 0.2583266 0.005032653 0.01885136 0.1676954 0.1759581 0.1856751 0.01869798 0
0 0.000232 0.000107 0.011827 0.009964978 0.01008575 0.001719 0.08206622 0.01831289 0.09887765 0.03350961 0.046286 0.002467528 0.02275096 0.000156 0.009964978 0 0.009964978 0.008616 0.02507512 0.03675792 0.008671 0.01259398 0.028452 0.008807 0.001246 0.01279998 0.01381225 0.001632055 0.05985482 0.000138 0.00476 0 0.068928 0.006368 0.006766 0.001592 0.009141 0.001632 0.010923 0.004938 0.02060896 0.0185137 0.02911598 0.03291515 0.01050498 0.06975485 0.007108 0.018091 0.003458 0.068578 0 0.04266318 0.0007059571 0.009570573 0.02036036 0.01383447 0.1676383 0.1206029 0.2252277 0.1999082 0.1501354 0.2759775 0.1801149 0.2873282 0.2260694 0.2018912 0.1864074
0.01738998 0.017226 0.02396069 0.02259722 0.03021636 0.041672 0.002191 0.02158875 0.021622 0.01017098 0.03539345 0.000243 0.008103 0.019669 0.001785 0 0.06237096 0.022846 0.003386 0.04985898 0.03903577 0.02059192 0.01803102 0.01496298 0 0 0 0.006186711 0.007514 0.010846 0.0036 0.03254283 0.013952 0.05249596 0.005301 0.009464582 0.0176144 0.01042998 0.003346 0.004757 0.012302 0.003852 0.011044 0.006333 0.01861083 0.01331098 0.02094696 0.03155298 0.06292096 0.03068196 0.095559 0.008736017 0.01859772 0.02360908 0.01412198 0.002746 0 0.009964978 0.01992996 0.06604661 0.008785703 0.1291178 0.0078444 0.05749051 0 0.000276 0 0
7.2e-005 0.07747407 0.04370569 0 0.02440253 0.02 0.003253 0.007544 0.03715296 0.010044 0.000221 0.05721994 0.06065822 0.01524512 0 0.0743087 0.02078911 0.022097 0.011221 0.05482389 0.004189 0.002531 0.04388 0.01996396 0 0 0.019966 0.02433 0.004779 0.02506596 0.03740798 0.02398453 0.03936956 0.000593 0 0.007999 0.01582798 0.001398836 0.000294 2.1e-005 0.03439634 0.05457864 0.02864698 0.032302 0.013452 0.011266 0.05104998 0.02516495 0.003439 0.04149398 0.05915698 0.06105896 0.04710196 0.037857 0.01212598 0.000773 0 0.0006341504 0.01147144 0.065078 0.012889 0.009483 0.038878 0.04262083 0.03053202 0.0142455 0.159744 0.006343128
0 0.052466 0.04048098 0 0.03982996 0 0 0 0 0.000699 0.010746 0.007255 0.09140304 0.05027563 0.004124 0.000177 0.016649 0.001994 0.010405 0.03232998 0.025343 0.01771998 0.014891 0.000737 0 0.004457 0.01970698 0.068592 0.007085 0.001674 0.001943 1.5e-005 0.004534 0.004312 0.025061 0 0.02334098 0.03421912 0.022955 0.004613783 0.034809 0.183093 0.02735602 0.03218898 0.017248 0.00338 0.023229 0.047664 0.02064 0.004826 0.02012196 0.009964978 0 0.037321 0.016568 0 0.00044 0.004690033 0.02646229 0.051533 0.021386 0.023268 0.02938398 0 0.06226487 0.02141598 0 0
0.009964978 0.001675 0.00168 0.001584 0.009221 0 0.01003898 0.001224 0.012216 0.033293 0.000819 0.005247 0.1617248 0.01418939 0 0 0.002598 0 0 0.03859296 0.005287 0.014883 0.01747447 0.07990474 0.04050894 0.005089 0.005689 0.003794 0.012137 0.001502 0.002133 0.002333 0.000578 0.006906 0.000132 0.003797 0.000201 0.01419398 0.02416196 0.08007115 0.064798 0.067506 0.03059794 0.01427798 0.006595 0 0.007301 0.006952 0.000108 0.01473785 0.005540125 0.00449 0.016529 0.03785998 0.075072 0 0.006402 0 0.000304 4.8e-005 0.01339406 0.02118898 0.003027 0.001105 0.004554 0.009496151 0.01183128 0.008505526
0 0.00096 0.01432 0.002926 0.016758 0.09979779 0.009964978 0.000704 0.000329 0.004402 0 0 0 0.009964978 0.0947151 0 0 0.02094796 0.001595 0.009574 0.001439 0.03173889 0.05102759 0.019691 0.02487296 0.001202 0.012449 0.001361 0.004242 0.005334 0.008641 0.004059 0.000814 0.02345098 0.003969 0.01029452 0.006737457 0.02667198 0.018932 0.001131 0.000332 0.001273 0.09105783 0.022237 0.03635696 0.01109898 0.01994088 0.005209 0 0.03606693 0.004065 0.000322 0.03537995 0.009849003 0.0009987495 0.01949521 0 0 0 0.02281198 0.006220916 0.004356 0.02090798 0.042743 0.019899 0.100056 0.01291495 0.02989493
0.02356898 0.00018 0 0.02083944 0.000288 0.02420606 0.005279026 0.01217498 0 0 0.007732647 0.01219731 0.01825423 0.03157066 0.01489967 0.006660374 0.004406326 0.017054 0.007019 0.006157 0.001206 0.009964978 0.01217814 0 0 0.011594 0.008961 0.01603398 0.003666 0.011516 0.005236 0.010979 0.006768 0.02863996 0.007739 0.00013 0.005299 0.01529998 0.000319 0.01381 0.000636 0.01833498 0.04066896 0.02828396 0.006311 0.01627198 0.01779907 6.7e-005 8e-006 0.01576998 0.002264 0.01150111 0.03309798 0.003412 0 0.005099 0.01555498 0.002101946 0.01174928 0.03975667 0.01505298 0.027828 0.005485485 0.05363298 0.064787 0.103567 0.07036301 0.0074
0.03897181 0 0.003802375 0.02936545 0.006952 0.001426956 0.005360915 0.003943 0 0.009292 0.000368 0 0 0 0 0.00261993 0.002250348 0.021608 0.018149 0.020392 0.011843 0.00427 0.004502843 0.009964978 0.01646398 0.004144 0.005120942 0.01097104 0.017745 0.002994 0.000105 0.001416 0.01829413 0.01627086 0.01230798 0.01010398 0.013172 0.000862 0.005684 2.6e-005 0 0.036235 0.07051898 0.001262 0.02204417 0.016143 0.000162 0.009268899 0.0007810797 0.001105 0.005074 0.00307187 0.01277698 0.01329298 0.024393 0.006875526 0.026674 0.001193 0.058522 0.010797 0.02500896 0.009964978 0.03567745 0.137482 0.01457043 0.03758553 0.001079 0.00057
0.01678598 0 0.009242604 0.04461098 0.005096 0.023226 0.003298 0.024056 0.000462 0 0 0.02826688 0.03273601 0 0 0.00576 0 0.000621 0.01185472 0.009401239 0.0376855 0.03722598 0.004713 0 0 0.009647 0.004540052 0 2.3e-005 0.005236 0.01278798 0.004416 0.02331394 0.00072 0.008088 0.081492 0.00288 0.010241 0.005248 0.06921294 0 0.03572044 0 0.02097498 0.04613781 0 0.001407 0.020788 0.009964978 0.00594 0.0006821169 0.01956384 0.01992996 0.002652 0.020791 0.05401643 0.01463998 0.019097 0.009632 0.005243 0.000192 0 0.03704093 0.129852 0.04177798 0.009761 0.010625 0.007583
0.005704 0.01027798 0.064254 0.013533 0.043068 0.0006745572 0.002945 0.008561 0 0 0.06416484 0.04191369 0.009964978 0.1608065 0.06805687 0.02505506 0.01001498 0.02292798 0.034776 0.009991978 0.03073441 0.006912 0.027558 0 0.017156 0.016131 0.02718193 0.004305 0.01811098 0.02541398 0.02574854 0.002968 0.058579 0.014942 0.013849 0.04238798 0.02149 0.004284 0.01345098 0.004193327 0.025651 0.03068749 0.0003 0.024033 0.005701 0.002281 0 0.014616 0.01449212 0.000152 0.01326398 0.01070098 0.000172 0.02864298 0.014815 0.01950301 0.06598211 0.017979 0.022788 0.000662 0 0 0.03007198 0.06620498 0.01265 0.01702698 0.005382 0.02972898
0.023707 0.000736 0 0.00889 0 0.05511434 0.010757 0.005888 0 0.07649985 0.01392121 0 0.02357498 0.3474157 0.02231569 0.007961898 0.000936 0.044935 0.000328 0.010227 0.008628 0.001795 0.001183 0.009964978 0.02796896 0.03438396 0.01172698 0.005831692 0.037635 0.060354 0.01429344 0.01591663 0.013859 0.009036 0.020977 0.04690296 0.004187 0 0 0.02109163 0.01456099 0.01291 0.009217 0.010978 0.02153596 0.06586 0.000304 0.012013 0.04747582 0.000993 0 0.001535 0.01251598 0.06652524 0.001703 0.016288 0.004122789 0.01067198 0.01092498 0.007413 0.021728 0.026478 0.06856498 0.01040398 0.04770396 0.033903 0.00011 0.003341
0.00276 0 0.009964978 0 0.003118 0 0 0.000186 0.000246 0.1879838 0.0693489 0 5.5e-005 0.009964978 0.00456 0.001284 0.008369695 0.009964978 0 0.0094 0.01260798 0.000424 0.007448 0 0.1700891 0.02121875 0.006828 0.009901287 0.04157698 0.072677 0.013968 0.01956232 0.02033 0.006089 0.003798 0.03580498 0.045028 0.020661 0 0.009541 0.0014 0 0.3662924 0.1299728 0.009692548 0.04210924 0.070572 0.001296 0.013176 0 0.01621098 0.020789 0.01245108 0.02276365 0.02495106 0.006269 0.001807 0.009964978 0.009964978 0.00045 0.002651 0.000473 0.009964978 0.01492898 0.024527 0.016776 0.009964978 5.6e-005
0.01911375 0.08462271 0.034513 0.041127 0.001218 8e-005 0.038344 0.009727 0.0247491 0.03263573 0.026992 0 0.013936 0.00714 0.006702 0 0.02381814 0.06559905 0.03168266 0.09518725 0.009826 0.009964978 0.01992996 0 0.02996567 0.000148 1e-005 0.000611 0.000377 0.001802 0.001708 0.001325 0.006764 0.025276 0.012976 0.011758 0.01887498 0.000482 0.02195007 0.002322912 0.000896 0 0.2363246 0.00756468 0.03077751 0.08100859 0.016885 0.01150098 0.008913399 0.005978 0.01699098 0.006604431 0.0365044 0.011393 0.010968 0.007861 0.000185 0 0.003616 0.023809 0.028277 0.023678 0.00548 0 0.011479 0.007045 0.006855 0.002206
0.06456455 0.03427818 0.021745 0.002813 0.000384 0.01303798 0.014064 0.010722 0.2300914 0.0590749 0.05129587 9e-005 0.003631 0.064344 0 0.01342998 0.02111798 0.018306 0.030444 0.01993096 0.02566858 0.03275032 0.01050498 0.000184 0.00497 0.002103 0.009964978 0 0.000328 0.010753 0.005928 0.010067 0.046463 0.020992 0.002526 0.02105898 0.007821 0.02064 0.01038898 0 0 0.001824 0.003434 0.007292 0.002265 0.009964978 0 0.009964978 0.00513258 0.001325 0 0 0.000454 0.002506 9.5e-005 0.001294 0.01023098 0.000336 0.006498 0.000164 0.000479 0.010641 0.02574598 0.07543362 0.02929532 0.004519 0.002212 0.011917
0.010578 0.005553 0.009964978 0.004067 0.029925 0 0.020294 0.02610886 0.120051 0.009964978 0.04550635 0.2560045 0.2825162 0.081634 0 0 0.003276 0.02058498 0.002125 0 0.05000091 0.008126 0.01452698 0 0.00219 0.005401 0.02657798 0.00094 4.4e-005 0.000284 0.01371661 1.2e-005 0.05636267 0.001232 0.006905 0.02423398 0.010958 0.01880998 1e-005 0.02363896 0.00144 0.004712 0.001344 0.002646 0.006231 0.000258 0 0 0.01130991 0.01906303 0 0 0 0.00105 0.002112 0.01040198 0 0 0 0.018768 0.014167 0.002379 0.003659 0.029488 0.013183 0.02776696 0.002678 0.000582
0 0.004464 0.004607 0.012293 0.039353 0.004277 0.01574931 0.04129929 0.02002843 0.009640366 0.5006771 0.4069026 0.06518064 0 0 0.00014 0.053981 0.00635 0.00016 0.008628 9.6e-005 0.007533 0.007161 0 0.000432 0.002913 0.003532 0.008445 0.009964978 0 0.01617832 0.006292502 0.1998563 0.02780098 0.01933798 0.03027 0.010459 0 0.02006209 0.00933807 0.00756 0.002842 0.01694398 0.017103 0.003426842 0.02081712 0 0.01992996 0.000971 0.000308 0.000543 0.009964978 0.000462 0.000457 0.01595698 0.01559498 0.01375167 0.006055313 0.009964978 0 0.000468 0.003126 0.007315289 0.02962396 0.006034 0.009980978 0 0
0 0.000406 0.016217 0.011227 0.000395 0.01069998 0.000848 0.02053803 0.02124293 0.0196772 0.009964978 0 0 0 0.004008 0.000855 0.004094 0.013912 0.000628 0.000377 0.003645 0.060694 0.006567 0 0.007688 0 0 0 0.04487196 0.009964978 0 0.001097 0.000159 0.01488 0.004018 0.01426598 0.006634997 0.01809198 0.01143579 0 0 0.008 0.009413 0.02023817 0.03831374 0.114765 0.00078 0 0.009964978 0.01992996 0.000275 0.006025 0.024125 0.02531398 0.003293 0.003061 0.002665 0.06701994 0.1291829 0.002826 0.04379 0 0.00502169 0.022636 0.01429598 0.000805 0.00023 0.030621
0 0.016383 0.009723 0.01992996 0.03985991 0.0056 0.004395 0.002075 0.3576621 0.02090983 0.009999978 0.00111 0.01077898 0.00084 0.009802769 0.005279 0.002456 0.007216 0.011066 0.016167 0.005215 0.029891 0.031026 0.00039 0.002304 0.007906 0 0.04564359 0.07241996 0.007248 0.02315796 0.006559 0.000924 0.082163 0.082956 0.03098394 0.007893981 0.014576 0.022224 0.007229 0.004692 0.000388 0.09117498 0.022722 0.009564 0.008671 0.02885898 0 0 0.01596613 0.09593842 0.004437 0.013367 0.02145001 0.005303156 0.02045798 0.001884 0.006078 0.07376269 0.000187 0.02037 0.000762 0.004095 0.017545 0.013973 0.02158296 0 0.06246958
0 0 0.09933881 0.02160413 0.01622298 0.00353 0.04942037 0.03057446 0.03160259 0.000876 0 0.000884 0.001245 0.00088 0.06234208 0.001976 0.002941 0.016273 0.041063 0.039278 0.01567729 0.04003296 0.011845 0.01070698 0.000105 0 0.01258998 0.02542234 0.05624196 0.046422 0.1606937 0.08144595 0.056868 0.002371 0.02815519 0.001952751 0 0.003166 0 0.002727 0.024112 0.00515 0.002274 0.0019 0.001201 0.011509 0.01622898 0 4.7e-005 0.001523009 0.1196449 0.006989 0 0.002845349 0.01012744 0.005957 0.035942 0.03282198 0.015542 2e-006 0.005488 0.00816 0.002538 0.011518 0.019168 5.7e-005 0.009964978 0.09114414
0.02989493 0.01992996 0.01036877 0.005247 0.000249 0 0.0085 0 0.06265993 0.04790989 0.009964978 0 0.006408 0.01225898 0.023346 0.01538798 0.005003 0.013338 0.028431 0.010462 0.007371668 0.02653498 0.024939 0.002076 0.001448 0.000446 0.08034783 0.000437 0.01171598 0.007282918 1.3e-005 0.054988 0.009456 0.00051 0 0.002630522 0.011364 0 0.009964978 0.00472019 3.6e-005 4.4e-005 0.009973979 0.01255298 6.5e-005 0.009998 0.008925 0 0 0.004356 0 7.4e-005 0.01957935 0.01413061 0.000237 0 0.01496698 0.001268 0.01146578 0.008620176 0.016326 0 0.001404 0.000112 0.002397 0.001059 0.00047 0.014509
0 0.009964978 0.000372 0 0 0.01140998 0.009434 0.000227 0.01119991 0.009964978 0 0.004518 0.021932 0.0220113 0.010584 0.018494 0.00015 0.001577 0.03367814 0.1376155 0.01447698 0.003209 0.002081 0.005605 0 0.03345777 0.06932503 0.00044 0.02031073 0.07542332 0.000242 0 0.002674 0.02104398 0.009964978 0.007334457 0 0 0.009986979 0.05653268 0.000917 0.095748 2.9e-005 0.002659 0.000459 0.004902 0.004269 0 0.04735694 0.033405 0.00102 0 0.000416 5.2e-005 0.01237764 0.03345155 0.000839 0.02221498 0 0.003705 0.00691 8.2e-005 0.002105 0.000127 0.000731 5e-005 0.00098 0.064494
0.00063 0.00154 0.03143696 0.009964978 0 0.0007396215 0.02592334 0.001002 0.01058898 0.01992996 0.02084542 0.1109408 0.00112 0.01375966 0.000846 0.004133 0.01408598 0.002025 0.000512 0.00514 0.011907 0 0 0 0.000356 0.03505796 0.000735 0 0.096967 0.298573 0.004108 0 0.005616 0.004888 0 9e-006 0.013713 0.003874 0.01050098 0.009964978 0.002163 0.035813 0.003432 8.8e-005 0 0.050946 0.02009596 0 0.001584 0 0.001148 0 0.001101 0.01046898 0.003505721 0.01493 0.056088 0.054577 0 0.00038 0.000167 0.006748 0.06825998 0.020034 0.04086591 0.018435 0.011689 0.000622
0.002678 0.0007 7.2e-005 0.004855 0.002378 0.001171 0.026458 0.028143 8.1e-005 0 0.003674886 0.008215628 0.004906 9.8e-005 0.001521 0.002264 0.001086 0.01263019 0.015494 0.004717 0.007393 0.005778 0.000945 0.010088 0.002335 0.006753 0.02463 0.004938 0.011624 0.007456 0 0.003512 0.01522298 0.000352 1e-006 0.003044 0.003296 0.047606 0.03032494 0.000754 0.011593 0.035925 0 0.00396 0 0.00084 0.000522 0.009964978 0.019238 0 0.001026 0.005133 0.008407 0.006842 0.004172 0.065374 0.01358 0 0.00014 0.006644331 0.02343461 0.003255 0.000945 0.011242 0.019 0.050932 0.065633 0.009523065
0.02011496 0.002343 0.003287 0.01218498 0.001419 0.002372 0.006632 0 0.1405925 0.002376 0.01068198 0.000192 0.001787 0.01299398 0.001316 0 0.07745949 0.2402741 0.015506 0.016151 0.022138 0.006607 0.06450752 0.007936346 0.004704 0.01208898 0.049034 0.005095 0.001977 0.003677 0.001527 0.01199 0.010909 0.008175 0.001043 0.014897 0.001799 0.009966979 0.000566 0.005019 0.006624 0 0 0 0.000172 0 0 0.003158 0.000585 0.009232401 0.01596456 0.00356 0.000539 0.006667 0.01488803 0.01004594 0.000432 0.000144 0.002554 0.00743 0.003291 0.000288 0.009964978 0.005087 1e-006 0.001158 0.002212 0.0003
0.1426649 0.1284497 0.0608849 0.000288 0.000184 0.02070096 0 0.002556 0.09969396 0 0.00235 0.009964978 0.000343 0 8.9e-005 0.02071996 0.005796105 0.006040406 0.001817 0.008737 0.004046 0.028916 0.01484298 0.005153 0.006377 0.005452 0.010754 0.006246 0.006858 0.000742 0.000198 0.016031 0.006478 0.004108 0.007633 0.002027 0 0.002816 0.05055794 0.002872447 0.008704531 0.009511 0.007302 0 0 0 3e-005 4.5e-005 0.01017998 0.000838 7.9e-005 0.02870096 0.01837598 0 0.001989 0.001024 0.00063 0.013019 0.003985 0.013864 2.4e-005 0.011017 0 0.000407 0.013112 0 0.003858 0.01625998
0 0 0 0.001222 0.01023498 7.2e-005 0 0 0 0.000575 0.002427 0.000238 0.000941 0.002901 0.003051 0 0.000784 0 0.006088 0.006215 0.00132 0.010717 0.002244 0.002281 0.01306483 0.01402798 0.004353 0.001932 0.003904 0.000638 0.000252 0.00441 0.003566 0.012208 0.000556 0.000721 0.004115 9.5e-005 0.00744 0.01342813 0.004896 0.036024 0.000123 0 0 0.009964978 7e-005 9e-005 0.002519 0.02305 0.006743 0.002234 0.00539 0.003394 0.002081 0.001104 0.008197 0.003054 0 0 4e-005 0.003952 0.005738 0 0 0 0.012013 0
0 0 6.6e-005 0.002162 0.000472 0.03271856 0.01734833 0.004356 6e-005 0.02008996 9e-005 0.000368 0.01018598 0.000589 0 0.005044 0 0 0.00741 0 5.4e-005 0.007022 0.009226 0.00521 0.01517712 0.011093 0.008241 0.008184 0.000815 0.00427 0.007148 0.000504 0.007525 0.012451 0.003117 0.002025 0.005401 5.2e-005 0.000106 0.01803581 0.000381 0.01204398 0.009964978 0.009964978 0.008973 0.081624 0.003169 0.002619 0.007183 0.003284 0.00472 0.007695 0.002924 0.01254798 0.004115 0 0.002526 0.009964978 0 0 0.00102 0 0.005242 0.005053 0.01735798 0.00691 0 0.010072
0.000613 0.001956 0.004043 0.004146 0.04254332 0.06918944 0.000245 0.000512 0.003731 0.001416 0.003115 0.004002 0.01018198 0 0.000324 0.008997 0.000304 0 0.003228 0.001768 0.02072396 0.02510239 0.003589 0.007303 0.002449 0.004762 0.00376 0.002659 0.004798 0.01849298 0.000575 0.001528 0.005424 0.01443198 0 0.00088 0.006366 0.009628 0.007793 0.008836 0.005341 5e-006 0.008993 0.018198 0.00021 0.021142 0.005871 0.000547 0.01059498 0.002073 0 0.01043298 0.000162 0.018493 0.003337 0.006151 0 0.0039 0.002935 0.009964978 0.009964978 0.01160098 0.00709 0.003616 0.002543 0.00014 0 0
0 0.003419 6.6e-005 0.02989493 0.01012898 0.00075 1e-005 5.7e-005 0.003299 0.009964978 0.003197 0.000754 0.009138007 0.00117 0.003795 0.004019 0 0 0.003195 0.02174608 0.04929592 0.003215567 0.008227 0.007067 0 0.001602 0.01029 0.001559 0.008464 0.000224 0.001926 0.003538 0.003153 0.01512 0.001062 0.01344 0.004561 0.036396 0.043496 0.004317 0.005861 0 0.008721 0 0.000545 0.007998 0.014062 0.05453377 0.005385099 0 0.004178 0.001021 0.002999 0.038375 0.042512 0.002031 0 0.006773 0 0.002669 0.012758 0 0.01004998 0.009964978 0.000207 0 0.0003 0
0.004806 0.01809998 0.02249096 0.004698 0.009964978 0 0.000378 0 0.01180344 0.04488046 0 0.000168 0.001016972 0.03985991 0.017402 0 0.019327 0.017117 0 0.01471765 0.03282315 0 0.02461808 0.01740186 0.001615 0 0.002828 0.0021 0 0.00142 0.005182 0.005967 0.003301 0.002017 0.001876 0.000348 0 0.00174 0.005574 0.010153 0.001302 0.003156 0.02038396 0 0 0.004653 0 0.00185 0.01020858 0.01856545 0.038408 0.003856 0.000737 0.07327 0.057327 0 0.003093 0.003379 0 0.004299 0.006071 0.001617 0.00406 0 0.003643671 0.02601829 0.001476 0
