EnvRasters/GE_Low/other.asc
ncols         270
nrows         223
xllcorner     24099.479091542
yllcorner     21023.840179216
cellsize      1003.8986847201
NODATA_value  -9999
[rows 62 to 92 of 223, columns 0 to 67 of 270]
-9999 -9999 0.003015 0.077635 0.03721142 0.03276349 0.083717 0.001007 0.015861 0.009964978 0.03326498 0.018905 0.076652 0.076578 0.15756 0.045922 0.066099 0.08324406 0.070341 0.119908 0.05109598 0.09123198 0.03564835 0.04711163 0.106569 0.123561 0.05257858 0.1152293 0.1652947 0.152905 0.180211 0.146254 0.148585 0.04327311 0.08349019 0.09600079 0.028615 0.01414305 0 0.04019791 0.08086883 0.03964849 0.010208 0.097254 0.045365 0.141334 0.209306 0.118792 0.09404571 0.01992996 0.032929 0.090119 0.160495 0.1212 0.113983 0.128215 0.08716287 0.0116507 0.01776327 0.05549153 0.06020224 0.1476423 0.052901 0.08135907 0.02521187 0.147716 0.1849889 0.1221994
-9999 0.018429 0.02163 0.05593329 0.009526622 0.018609 0.01025 0.014526 0.072273 0.011733 0.01659998 0.020042 0.032677 0.113336 0.044467 0.07341998 0.05183998 0.03423672 0.07188998 0.115178 0.064245 0.03819098 0.006916 0.068338 0.078015 0.07133693 0.058855 0.154152 0.2231716 0.2025383 0.037984 0.09851598 0.1484039 0.09624796 0.09514398 0.081528 0.047827 0 0 0 0 0.06473435 0.04386359 0.026745 0.09232398 0.164164 0.131669 0.050802 0.06654425 0.05467298 0.078429 0.187656 0.1062719 0.084361 0.117152 0.06558598 0.02919596 0.03029396 0.030534 0.08511849 0.1192231 0.03658127 0.01019698 0.04750481 0.02261721 0.02120109 0.010854 0.004016
0 0.03983298 0.114089 0.06354498 0.028577 0.069488 0.061121 0.06163496 0.03255 0.043593 0.075053 0.04085 0.111511 0.11716 0.050118 0.032605 0.011429 0.04625098 0.05227889 0.052625 0.050584 0.02720398 0.028501 0.037049 0.0562766 0.1154164 0.04201398 0.02722298 0.139788 0.276122 0.139105 0.0870547 0.1507752 0.083009 0.08214498 0.05776098 0.165398 0.04164296 0.013958 0.03358193 0.016026 0.02054596 0.04890957 0.06619952 0.0625571 0.01214765 0.004819 0.0041 0.152238 0.1396624 0.054054 0.06439989 0.103059 0.04752384 0.03695908 0.029144 0.001287 0.04656396 0.1189699 0.1248141 0.1258925 0.02424896 0.000428 0.050131 0.003232 0.01607789 0.033451 0.023469
-9999 0 0.027524 0.01684098 0.042668 0.124941 0.021034 0.05552098 0.08468498 0.023238 0.152104 0.03957298 0.020533 0.01733098 0.06003998 0.090533 0.02345741 0.001287256 0.02684567 0.1143302 0.036792 0.022036 0.03092398 0.02125708 0.018146 0.03465208 0.02911898 0.100795 0.090774 0.03087 0.140257 0.040478 0.053508 0.048711 0.107317 0.103635 0.127635 0.06387798 0.04304027 0.09599756 0.009333 0.04203498 0.012923 0.001641 0.0135749 0.099801 0.1058468 0.08447488 0.1171025 0.1148134 0.05568807 0.02721806 0.005802149 0.00644 0.079631 0.03222596 0.004322 0.002056 0.04398742 0.137655 8e-006 0.01201298 0.056997 0.11565 0.1268798 0.035313 0.013255 0.05541198
-9999 0 0.05678 0.05039027 0.07491001 0.040999 0.027608 0.038237 0.041268 0.045182 0.03766298 0.027077 0.044128 0.014797 0.002874 0.062251 0.03285482 0.04102447 0.09735698 0.04856143 0.011442 0.05444498 0.03580698 0.04558688 0.03600094 0.03815086 0.020765 0.036419 0.09155736 0.04375459 0.00763 0.06862914 0.04851528 0.04128098 0.021758 0.05705298 0.05764298 0.07089296 0.04133398 0.03592696 0.02350998 0.06828298 0.02798198 0.003005 0.02218833 0.036706 0.0361551 0.008084881 0.00878807 0.2062342 0.1603708 0.2188467 0.05558228 0.004023 0.07856396 0.01689398 0.04167401 0.08368283 0.1099484 0.04669992 0.004505 0.018251 0.021619 0.03646798 0.06467098 0.024496 0.03931898 0.05025596
-9999 5.1e-005 0.1248479 0.0575017 0.07178492 0.022919 0.06522598 0.026127 0.03964903 0.07119991 0.017643 0.006978 0.027512 0.04337898 0.000741 0.019226 0.06204898 0.062408 0.020679 0.01581048 0.05474489 0.083324 0.075067 0.027234 0.06157496 0.079934 0.0997 0.039883 0.06157496 0.045066 0.02087 0.09503423 0.0211503 0.024847 0.026578 0.117955 0.031505 0.09155798 0.013956 0.1009931 0.09191585 0.06592496 0.023127 0.018816 0.1632476 0.09124596 0.077053 0.123855 0.020569 0.190458 0.114561 0.062284 0.03479084 0.0947472 0.1627554 0.1085851 0.1177624 0.02667461 0.000189 0.068329 0.05298396 0.05313398 0.04729898 0.019041 0.011372 0.008746 0.01069898 0.033296
-9999 0 0.01911335 0.033232 0.05699498 0.015934 0.014892 0.010561 0.02027796 0.06350898 0.049345 0.010516 0.02943 0.033157 0.026598 0.024063 0.01659398 0.0316259 0.021298 0.037953 0.05998607 0.027623 0.005835 0.01007646 0.01741598 0.039495 0.026428 0.051295 0.027073 0.07195898 0.03745998 0.10731 0.012069 0.000993 0.027086 0.043664 0.07158796 0.018181 0.013732 0.03860098 0.010976 0.07132498 0.017441 0.010791 0.062523 0.063218 0.000279 0.0544 0.001302 0.101745 0.078042 0.110434 0.001198 0.1701079 0.01157759 0.07311189 0.07998995 0.024881 0 0.02013896 0.021965 0.01201 0.02155 0.06449596 0.0154815 0.08037245 0.046124 0.115804
-9999 0 0.02261261 0.012834 0.00852 0.034617 0.020318 0.02348462 0.03531644 0.05557052 0.069405 0.04750298 0.052173 0.069717 0.053111 0.017586 0.023594 0.04766705 0.032093 0.045253 0.1096091 0.041482 0.002562 0.01045952 0.016835 0.05089 0.1220954 0.03595648 0.029008 0.02928598 0.04822 0.031059 0.061746 0.05900698 0.06869 0.03088123 0.02894575 0.07533198 0.171668 0.06558498 0.07309396 0.070539 0.08564598 0.048415 0.073588 0.034067 0.02025798 0.02317598 0.05642896 0.060398 0.014106 0.052059 0.1389578 0.1090569 0.000948 0.003105 0.05538698 0.032689 0.005538 0.04000992 0.03312198 0.02491198 0.02633596 0.02525105 0.02001096 0.010427 0.011461 0.020593
-9999 0.000228 0.006015 0.00892013 0.02087177 0.017787 0.008064 0.07703236 0.058279 0.043617 0.02244247 0.03114551 0.02355898 0.030551 0.005069 0.05598798 0.017095 0.09049996 0.138929 0.03248322 0.08292559 0.01069748 0.013677 0.002925 0.069847 0.165937 0.06895391 0.018993 0.02077796 0.07512298 0.050122 0.04598632 0.058946 0.01203298 0.047548 0.000559 0.016437 0.03305016 0.03078054 0.019394 0.1447839 0.016661 0.018444 0.0729 0.118365 0.04146098 0.028517 0.121676 0.02087469 0.1184213 0.01589 0.06374613 0.1292568 0.02406898 0.01116598 0.016831 0.059789 0.09706794 0.03041298 0.02026996 0.00024 0.01936698 0.07998798 0.1437459 0.036882 0.014377 0.00045 0.008501
-9999 0.027956 0.036829 0.06017485 0.02642419 0.03276308 0.01838879 0.022176 0.021332 0.000443 0 0.019314 0.079378 0.026562 0.016211 0.031271 0.002332 0.06659596 0.110579 0.089404 0.02972386 0.04140507 0.03180996 0 0.081056 0.105593 0.01976098 0.03229317 0.02123481 0.11337 0.200246 0.02681966 0.03782998 0.03311798 0.035619 0.03365881 0.06708915 0.01910049 0.05867712 0.05556698 0.07504795 0.02287298 0.02562198 0.03687698 0.019031 0.204487 0.100913 0.055721 0.000453 0.0704204 0.01626858 0.09638033 0.016065 0.02947098 0.050256 0.052699 0.015561 0.02138544 0.07167894 0.02938096 0.008108 0.001072 0.000258 0.019513 0.028189 0.02977196 0.009612 0.018598
-9999 0.001877 0.024698 0.046075 0.02248798 0.0124759 0.03919119 0.040552 0.0707 0.0153795 0.009964978 0.01429198 0.048442 0.07447 0.02015498 0.03891198 0.03836398 1.6e-005 0.023111 0.041117 0.03020339 0.0727242 1e-006 0.010687 0.02389498 0.08516385 0.028344 0.02530998 0.02483698 0.052089 0.020057 0.071186 0.057851 0.075326 0.03783277 0.02782321 0.06613393 0.05473261 0.01966547 0.07944671 0.04907761 0.01339998 0.01358898 0.03949798 0.05676 0.07552 0.01202898 0.001836 0 0 0.05371545 0.01982024 1.3e-005 0.040421 0.01057598 0.02446106 0.01752114 0.04549049 0.0136 0.06751629 0.024164 0.009261 0.05545196 0.036624 0.000693 0.000182 0.05479698 0.032531
-9999 -9999 0.003787 0.08875896 0.02446296 0.012081 0.004353 0.02141098 0.04929942 0.02904502 0.02849 0.032488 0.01650798 0.09312697 0.057778 0.089032 0.046122 0.02828698 0.00779 0.034724 0.058113 0.2666852 0.2098066 0.0821848 0.05230698 0.03152196 0.010422 0.02766196 0.109481 0.098902 0.045584 0.010513 0.017401 0.033644 0.014638 0.007664 0.01482298 0.030468 0.03064351 0.03947443 0.04179096 0.02923896 0.03574385 0.001983 0.01233098 0.005772 0.02280698 0.01879998 0.008792484 0.06259717 0.04682853 0.1521162 0.248964 0.002187 0.01775 0.04474163 0.1262371 0.05080198 0.012243 0.08147269 0.02380596 0.05404698 0.026853 0.040161 0.04898 0.039146 0.023535 0.008242
-9999 -9999 0 0.02806798 0.02685951 0.035432 0.035235 0.097111 0.023836 0.113308 0.041819 0.022516 0.101877 0.073618 0.036069 0.000814 0.001926 0.009209 0.02792498 0.03575498 0.05831077 0.09959364 0.04892804 0.09423231 0.012676 0.03229598 0.012298 0.050628 0.016164 0.011571 0.027443 0.030251 0.033924 0.07726598 0.024611 0.041542 0.104155 0.082326 0.180281 0.09672 0.003073 0.155562 0.08723798 0.002565 0.02352 0 0 0.01462501 0.1082453 0.04072207 0.0005 0.1575071 0.04361915 0.032836 0.029733 0.023679 0.000691 0.013993 0.015581 0.01480798 0.11114 0.024003 0.03032096 0.000853 0.032742 0.024959 0.008196 0.000233
-9999 -9999 -9999 0.007828 0.04267747 0.05586096 0.016518 0.017116 0.007903 0.027729 0.023892 0.131793 0.02613 0.101885 0.162312 0.010621 0.000524 0.000624 0.2319834 0.041706 0.0473 0.04537596 0.08717051 0.010233 0.004917 0.038004 0.001292 0.05190698 0.004929 0.025041 0.057585 0.06203198 0.02152272 0.05913624 0.08247151 0.03058146 0.04342096 0.092234 0.113878 0.020204 0.09136298 0.0992453 0.03480949 0.1453474 0.02559933 0.004463948 0.0794915 0.08752008 0.02054327 0.06025082 0.0825275 0.03147627 0.0940472 0.04692069 0.004839 0.021101 0.008532 0.03347496 0.007338 0.077064 0.055035 0.044947 0.008878 0.005897 0.009214 0.00124 0.012856 0.081315
-9999 -9999 -9999 0 0 0 0 0 0.006493 0.001387 0.021568 0.065557 0.03438598 0.060308 0.031447 0.040485 0.039402 0.02291611 0.2059417 0.011141 0.001254 0.023905 0.04037205 0.05129303 0.04772973 0.07264733 0.007634 0.011831 0.016134 0.102689 0.07850298 0.021103 0.053353 0.029395 0.008392 0.020918 0.07362296 0.07665396 0.066168 0.04725398 0.02786672 0.00352 0.01887118 0.02523336 0.007143648 0.0892155 0.01231687 0.005997 0.009964978 0.000603 0.009219 0.05393496 0.02127796 0.07773069 0.035761 0.008528 0.006984 0.062427 0.0297 0.017351 0.06479198 0.01323752 0.01457646 0.005447 0.035754 0.011585 0.011922 0.09395194
-9999 -9999 -9999 -9999 -9999 -9999 -9999 -9999 -9999 0.025069 0.010552 0.00871 0.047488 0.015708 0.012338 0.004744 0.048885 0.008416 0.0057 0.015454 0.02175892 8.1e-005 0.012407 0.02175124 0.01402 0.08027656 0.025458 0.09033598 0.021241 0.02148 0.055589 0.091762 0.006562 0.04289576 0.000683 0.030503 0.006613 0.002029 0.02882 0.03294298 0.03367026 0 0 0.1254275 0.1165562 0.05577424 0 0.01028298 0 0.01995796 0.01197998 0.002443 0 5e-006 0.05878389 0.000123 0.030444 0.067534 0.016249 0.04547098 0.010127 0.04463094 0.005468 0.04082498 0.05452296 0.02430998 0.08615489 0.1631474
-9999 -9999 -9999 -9999 -9999 -9999 -9999 -9999 -9999 0 0.08237296 0.075281 0.02511798 0.009236 0.027358 0.011956 0.016566 0.03664798 0.02248998 0.01394921 0.0285718 0.00831 0.01246698 0.008249 0.021183 0.02173298 0.03598988 0.019387 0.00654 0.013601 0.07616398 0.07658698 0.02295253 0.03716664 0.031421 0.01713798 2.2e-005 0 0.01100498 0.003813 0.07165919 0.1206921 0.08664506 0.05325032 0.03514971 0 0.01554498 0.01292789 0.01003398 0.01481841 0.02596642 0.03185757 0.000496 0.011823 0.07405686 0.03231403 0.065942 0.032608 0.00207 0.043518 0.023862 0.022158 0.116917 0.072263 0.014696 0.09371525 0.1084247 0.05706742
-9999 -9999 -9999 -9999 -9999 -9999 -9999 -9999 -9999 -9999 0.009964978 0.052019 0.033389 0.00046 0.02710198 0.020954 0.02427 0.026943 0.03376 0.07144096 0.002186 0.015021 0.025944 0.010026 0.005753 0.00374 0.03442499 0.01636818 0.007934 0.01148 0.01645103 0.01222595 0.01011298 0.0226 0.033063 0.03470796 0.02667289 0.06733475 0.06555101 0.05463783 0.03163089 0.003994 0.02963145 0.006753284 0.007271 0 0.02244996 0.01495209 0.03003298 0.03078573 0.04988277 0.129402 0.092245 0.009662 0.02253381 0.1005954 0.05009698 0.048522 0.016551 0.014174 0.025145 0.06742498 0.065145 0.03522164 0.1445161 0.09916468 0.008796 0.0509
-9999 -9999 -9999 -9999 -9999 -9999 -9999 -9999 -9999 -9999 0 0.007322 0.02067298 0.01438998 0.02097712 0.02013019 0.04074452 0.097133 0.050568 0.04891998 0.020548 0.02979398 0.017955 0.017778 0.011191 0.022863 0.013118 0.05374971 0.005527 0.000474 0.004416 0.00509986 0.0528869 0.06785026 0.06197547 0.05406256 0.1391947 -9999 -9999 0.009422 0.04139398 0.000504 0.0102125 0.004075695 0.01074498 0.04405196 0.04030301 0.025312 0.025411 0.035867 0.033828 0.053309 0.07501398 0.067866 0.031684 0.06306753 0.026317 0.02087137 0.000322 0.014052 0.001632 0.005015 0.05484289 0.1748529 0.03933571 0.03985991 0.02579498 0.010113
-9999 -9999 -9999 -9999 -9999 -9999 -9999 -9999 -9999 -9999 -9999 -9999 0.008759 0.01757098 0.01543 0.00879 0.020748 0.025179 0.03192811 0.008401 0.007666 0.016679 0.031281 0.022374 0.05035264 0.06029227 0.03624996 0.013246 0.05447952 0.02967739 0.08506431 0.08483723 -9999 -9999 0.07866874 0.09521043 -9999 -9999 -9999 -9999 0.009636 0.007939 0.009651308 0.02320783 0.003082129 0.01528 0.06071696 0.05067898 0.003203 0.000594 0.007456 0.006898 0.01880298 0.05891319 0.03058779 0.00487667 0.04833321 0.009314613 0.006423 0 0.004561352 0.01536861 0.1163593 0.02463608 0.029349 0.01094998 0.0046 0.0092
-9999 -9999 -9999 -9999 -9999 -9999 -9999 -9999 -9999 -9999 -9999 -9999 0.011888 0.002616 0.000124 0.025612 0.013857 0.00483 0.02283883 0.009891 0.016773 0.000117 0.0002 0.013886 0.007033 0.013777 0.07485 0.03669784 0.2078804 0.06487109 -9999 -9999 -9999 -9999 -9999 -9999 -9999 -9999 -9999 -9999 0 0.09173781 0.00580367 0.09155698 0.03785326 0.02856998 0.044603 0.006881 0.013294 0.03185 0.03864176 0.016603 0.06481598 0.032023 0.004587 0.005053 0.05117024 0.0388906 0.03585796 0 0.009964978 0.1327069 0.02785052 0.00148 0.032421 0.017902 0.009964978 0.102876
-9999 -9999 -9999 -9999 -9999 -9999 -9999 -9999 -9999 -9999 -9999 -9999 -9999 0 0.002521 0.012309 0.03273 0.010318 0.022461 0.018213 0.005085 0.028589 0.016208 0.008548 0.032723 0.08143263 0.1178095 0.134008 -9999 -9999 -9999 -9999 -9999 -9999 -9999 -9999 -9999 -9999 -9999 -9999 -9999 0.02267898 0.000576 0.014978 0.007863652 0.001411 0.005216 0.014293 0.02611362 0.03826408 0.02642022 0.03131902 0.030737 0.060963 0.000172 0.007939 0.037394 0.06334935 0.002275 0.03845874 0.1311807 0.1378982 0.003914 0.000108 0.000392 0 0.003859 0.02437098
-9999 -9999 -9999 -9999 -9999 -9999 -9999 -9999 -9999 -9999 -9999 -9999 -9999 0.000279 0.00043 0.014828 0.007198 0.02165 0.000534 0.003282 0.007835 0.02015 0.029445 0.018153 0.07633898 0.02409892 -9999 -9999 -9999 -9999 -9999 -9999 -9999 -9999 -9999 -9999 -9999 -9999 -9999 -9999 -9999 0 0.000495 2e-006 0.000589 0.001353 0.007776 0.007388 0.02254533 0.01947688 0.020503 0.06345996 0.014007 0.010364 0.011858 0.016194 0.013187 0.07676542 0.09186827 0.08288134 0.001831 0.03807379 0.006622554 0.002732 0.01229 0.010984 0.006159 0.025992
-9999 -9999 -9999 -9999 -9999 -9999 -9999 -9999 -9999 -9999 -9999 -9999 -9999 0 0.002739 0.043395 0.013012 0.01960098 0.011694 0.015285 0.004505 0.001446 0.008792 0.05180678 0.1087723 0.0610655 -9999 -9999 -9999 -9999 -9999 -9999 -9999 -9999 -9999 -9999 -9999 -9999 -9999 -9999 -9999 -9999 4e-006 0 0 0.009519 0.02135598 0.01307 0.00732 0.009205 0.01151898 0.009142 0.02323198 0.016856 0.010957 0.023694 0.016772 0.08264437 0.00201 0.000957 0.013417 0.004836 0.01851697 0.02572894 0.01302998 0.012773 0.003645 0.01859798
-9999 -9999 -9999 -9999 -9999 -9999 -9999 -9999 -9999 -9999 -9999 -9999 -9999 -9999 0.02134496 0.021709 0.021161 0.039995 0.014987 0.072145 0.01636 0.02381343 0.08807098 0.4096551 0.02844011 -9999 -9999 -9999 -9999 -9999 -9999 -9999 -9999 -9999 -9999 -9999 -9999 -9999 -9999 -9999 -9999 -9999 0 0.00038 0.003577 0.015443 0.018969 0.010693 0.008064 0.015788 0.001568 0.006847 0 0.07017998 0.025773 0.08061328 0.09635824 0.03194198 0.013858 0.003072 0.0023 0.01880798 0.007562 0.00395 0.005597 0.003199 0.009247 0.001494
-9999 -9999 -9999 -9999 -9999 -9999 -9999 -9999 -9999 -9999 -9999 -9999 -9999 -9999 -9999 0.00218 0.008464 -9999 0.001185 0.022412 0.018916 0.3516593 0.6425638 0.1337286 0.01003743 -9999 -9999 -9999 -9999 -9999 -9999 -9999 -9999 -9999 -9999 -9999 -9999 -9999 -9999 -9999 -9999 -9999 0 0.001937 0.003981 0.00306 0.010622 0.002878 0.009139 0.002829 0.002963 0.001339 0.02348996 0.0232822 0.1368856 0.01504978 0.005971 0.004474 0.011834 0.002033 0.007492 0.000518 0.012235 0.00772 0.00394 0.003783 0.005416 0.004779
-9999 -9999 -9999 -9999 -9999 -9999 -9999 -9999 -9999 -9999 -9999 -9999 -9999 -9999 -9999 -9999 -9999 -9999 -9999 0.001665 0.001275 0.05333108 0.020577 0.03495684 -9999 -9999 -9999 -9999 -9999 -9999 -9999 -9999 -9999 -9999 -9999 -9999 -9999 -9999 -9999 -9999 -9999 -9999 -9999 0 0 0.001588 0 0.006048 0.003108 0.00634 0.007436455 0.06906474 0.1260336 0.005159887 0.09001116 0.008004 0.009066 0.005888 0.021851 0.008005 0.001929 0.004081 0.003443 0.004196 0.000814 0.003216 0.006147 0.001569
-9999 -9999 -9999 -9999 -9999 -9999 -9999 -9999 -9999 -9999 -9999 -9999 -9999 -9999 -9999 -9999 -9999 -9999 -9999 -9999 -9999 0.01409466 0.0590218 -9999 -9999 -9999 -9999 -9999 -9999 -9999 -9999 -9999 -9999 -9999 -9999 -9999 -9999 -9999 -9999 -9999 -9999 -9999 -9999 -9999 -9999 -9999 0 0.004236 0.01258219 0.04130391 0.09873827 0.008902262 0.005646 0.06023099 0.06467037 0.004043 0.001834 0.00521 0.071587 0.013759 0.003747 0.013962 0.009422 0.014381 0.004506 0.004551 0.002353 0.007736
-9999 -9999 -9999 -9999 -9999 -9999 -9999 -9999 -9999 -9999 -9999 -9999 -9999 -9999 -9999 -9999 -9999 -9999 -9999 -9999 -9999 -9999 -9999 -9999 -9999 -9999 -9999 -9999 -9999 -9999 -9999 -9999 -9999 -9999 -9999 -9999 -9999 -9999 -9999 -9999 -9999 -9999 -9999 -9999 -9999 -9999 0.012686 0.06001613 0.04918443 0.006026 0.008214 0.008372 0.021447 0.1298952 0.002992 0.000318 0.01801 0.004618 0.011719 0.01505898 0.01005 0.002153 0.01631698 0.000221 0.005467 0.007288 0.00099 0.001829
-9999 -9999 -9999 -9999 -9999 -9999 -9999 -9999 -9999 -9999 -9999 -9999 -9999 -9999 -9999 -9999 -9999 -9999 -9999 -9999 -9999 -9999 -9999 -9999 -9999 -9999 -9999 -9999 -9999 -9999 -9999 -9999 -9999 -9999 -9999 -9999 -9999 -9999 -9999 -9999 -9999 -9999 -9999 -9999 -9999 -9999 0 0.000506 0.005664 0.001542 0.005721 0.03359094 0.002766 0.1096521 0.001941 0.01577798 0.008959 0.01461998 0.007626 0.007782 0.001142 0.003197 0.006758 0.003835 0.00755 0.006005 0.006411 0.001416
-9999 -9999 -9999 -9999 -9999 -9999 -9999 -9999 -9999 -9999 -9999 -9999 -9999 -9999 -9999 -9999 -9999 -9999 -9999 -9999 -9999 -9999 -9999 -9999 -9999 -9999 -9999 -9999 -9999 -9999 -9999 -9999 -9999 -9999 -9999 -9999 -9999 -9999 -9999 -9999 -9999 -9999 -9999 -9999 -9999 -9999 0 7.7e-005 0.003465 0.005007 0.005090163 0.004515 0.014879 0.1002652 0.01968098 0.001261 0.010354 0.03264 0.021635 0.016683 0.001761 0.012447 0.014022 0.001954 0.004662 0.002123 0.000946 0.001408
