EnvRasters/GE_Low/other.asc
ncols         270
nrows         223
xllcorner     24099.479091542
yllcorner     21023.840179216
cellsize      1003.8986847201
NODATA_value  -9999
[rows 0 to 30 of 223, columns 136 to 203 of 270]
-9999 -9999 -9999 -9999 -9999 -9999 -9999 -9999 -9999 -9999 -9999 -9999 -9999 -9999 -9999 -9999 -9999 0.004222755 -9999 -9999 -9999 -9999 -9999 -9999 -9999 -9999 -9999 -9999 -9999 -9999 -9999 -9999 -9999 -9999 -9999 -9999 -9999 -9999 -9999 -9999 -9999 -9999 -9999 -9999 -9999 -9999 -9999 -9999 -9999 -9999 -9999 -9999 -9999 -9999 -9999 -9999 -9999 -9999 -9999 -9999 -9999 -9999 -9999 -9999 -9999 -9999 -9999 -9999
-9999 -9999 -9999 -9999 -9999 -9999 -9999 -9999 -9999 -9999 -9999 -9999 -9999 -9999 -9999 0.00034 0.08783 0.07370809 0.0466184 0.044959 0 -9999 -9999 -9999 -9999 -9999 -9999 -9999 -9999 -9999 -9999 -9999 -9999 -9999 -9999 -9999 -9999 -9999 -9999 -9999 -9999 -9999 -9999 -9999 -9999 -9999 -9999 -9999 -9999 -9999 -9999 -9999 -9999 -9999 -9999 -9999 -9999 -9999 -9999 -9999 -9999 -9999 -9999 -9999 -9999 -9999 -9999 -9999
-9999 -9999 -9999 -9999 -9999 -9999 -9999 -9999 -9999 -9999 -9999 -9999 -9999 -9999 0 0.03524996 0.1937179 0.09933962 0.074083 0.010779 0.001581 -9999 -9999 -9999 -9999 -9999 -9999 -9999 -9999 -9999 -9999 -9999 -9999 -9999 -9999 0.001661 0 -9999 -9999 -9999 -9999 -9999 -9999 -9999 -9999 -9999 -9999 -9999 -9999 -9999 -9999 -9999 -9999 -9999 -9999 -9999 -9999 -9999 -9999 -9999 -9999 -9999 -9999 -9999 -9999 -9999 -9999 -9999
0.028258 0.014654 -9999 -9999 -9999 -9999 -9999 -9999 -9999 -9999 -9999 -9999 -9999 -9999 0.02710283 0.0946207 0.032311 0.1146012 0.044343 0.03030098 0.07759198 0.049347 0.006772 -9999 -9999 -9999 -9999 -9999 -9999 -9999 -9999 -9999 -9999 -9999 0.020983 0.04427 0.000214 -9999 -9999 -9999 -9999 -9999 -9999 -9999 -9999 -9999 -9999 -9999 -9999 -9999 -9999 -9999 -9999 -9999 -9999 -9999 -9999 -9999 -9999 -9999 -9999 -9999 -9999 -9999 -9999 -9999 -9999 -9999
0.118932 0.069863 -9999 -9999 -9999 -9999 -9999 -9999 -9999 -9999 -9999 -9999 -9999 0.000405 0.044438 0.2286739 0.09662547 0.05819767 0.1658487 0.027031 0.099416 0.085786 0.001186 -9999 -9999 -9999 -9999 -9999 -9999 -9999 -9999 -9999 -9999 1.8e-005 0.035105 0.06544596 0.015712 0.00225 0.009163 -9999 -9999 -9999 -9999 -9999 -9999 -9999 -9999 -9999 -9999 -9999 -9999 -9999 -9999 -9999 -9999 -9999 -9999 -9999 -9999 -9999 -9999 -9999 -9999 -9999 -9999 -9999 -9999 -9999
0.05813598 0.063584 -9999 -9999 -9999 -9999 -9999 -9999 -9999 -9999 -9999 -9999 0.042766 0.03828498 0.143322 0.2033155 0.150407 0.1147899 0.04329267 0.108658 0.05314298 0.159277 0.006609 -9999 -9999 -9999 -9999 -9999 -9999 -9999 -9999 -9999 -9999 0.000193 0.014137 0.071095 0.031677 0.031358 0.07453996 0.001783 -9999 -9999 -9999 -9999 -9999 -9999 -9999 -9999 -9999 -9999 -9999 -9999 -9999 -9999 -9999 -9999 -9999 -9999 -9999 -9999 -9999 -9999 -9999 -9999 -9999 -9999 -9999 -9999
0.05785798 0.009029 -9999 -9999 -9999 -9999 -9999 -9999 -9999 -9999 -9999 0.000842 0.2008046 0.1205906 0.09669698 0.217984 0.068526 0.1057388 0.075817 0.06324 0.227957 0.10253 0.001275 -9999 -9999 -9999 -9999 -9999 0 0.013741 -9999 -9999 -9999 0.012473 0.061684 0.03306 0.034384 0.02153798 0.06088587 0.000101 -9999 -9999 -9999 -9999 -9999 -9999 -9999 -9999 -9999 -9999 -9999 -9999 -9999 -9999 -9999 -9999 -9999 -9999 -9999 -9999 -9999 -9999 -9999 -9999 -9999 -9999 -9999 -9999
0.09708 -9999 -9999 -9999 -9999 -9999 -9999 -9999 -9999 -9999 0.07143998 0.074485 0.1081705 0.118426 0.114721 0.08199794 0.119068 0.176976 0.154624 0.04484002 0.054748 0.016341 -9999 -9999 -9999 -9999 -9999 0.002076 0.01241298 0.055144 -9999 -9999 -9999 0.04517091 0.084014 0.084971 0.0522891 0.1096878 0.002528 0.02035196 7.2e-005 -9999 -9999 -9999 -9999 -9999 -9999 -9999 -9999 -9999 -9999 -9999 -9999 -9999 -9999 -9999 -9999 -9999 -9999 -9999 -9999 -9999 -9999 -9999 -9999 -9999 -9999 -9999
0.028874 -9999 -9999 0 -9999 -9999 -9999 -9999 -9999 -9999 0.07929996 0.052342 0.08066895 0.1536074 0.099787 0.09996098 0.05513498 0.05737898 0.100167 0.1904977 0.1050006 0.004725 -9999 -9999 -9999 -9999 -9999 0.029001 0.02443 0.04303494 -9999 0 0.011036 0.05106398 0.012279 0.017852 0.083804 0.172979 0.123756 0.128682 5.7e-005 -9999 -9999 -9999 -9999 -9999 -9999 -9999 -9999 -9999 -9999 -9999 -9999 -9999 -9999 -9999 -9999 -9999 -9999 -9999 -9999 -9999 -9999 -9999 -9999 -9999 -9999 -9999
0.04086094 0.01995396 0.000127 0.045785 0.036255 0.084222 0.03937498 0.005627 3.8e-005 0.06334998 0.030798 0.070692 0.02893465 0.1836624 0.078399 0.200296 0.074059 0.01217998 0.029994 0.093724 0.1201663 0.001467 -9999 -9999 -9999 -9999 -9999 -9999 0.012378 0.014242 0 0.06988998 0.090415 0.07550585 0.026019 0.09789293 0.2309519 0.045812 0.09469023 0.1741287 0.001056 -9999 -9999 -9999 -9999 -9999 -9999 -9999 -9999 -9999 -9999 -9999 -9999 -9999 -9999 -9999 -9999 -9999 -9999 -9999 -9999 -9999 -9999 -9999 -9999 -9999 -9999 -9999
0.03417094 0.03544198 0.007605 0.027301 0.077134 0.102688 0.077178 0.020336 0.07055498 0.228332 0.118242 0.098447 0.06192696 0.1417332 0.020474 0.08245398 0.103133 0.01032198 -9999 -9999 -9999 0.000184 0.001859 -9999 0 0.004679 0 -9999 -9999 0 0.01863398 0.05423 0.130324 0.053702 0.04392198 0.143045 0.07899293 0.09062798 0.118237 0.003205 -9999 -9999 -9999 -9999 -9999 -9999 -9999 -9999 -9999 -9999 -9999 -9999 -9999 -9999 -9999 -9999 -9999 -9999 -9999 -9999 -9999 -9999 -9999 -9999 -9999 -9999 -9999 -9999
0.027893 0.097702 0.037746 0.002117 0.164627 0.135389 0.09784298 0.123836 0.235445 0.119609 0.095565 0.106482 0.05720198 0.225733 0.09044098 0.067512 0.08689 0.025934 0.002316 0.03752998 0.01001498 0.1201067 0.02870698 0.02770509 0.039397 0.09542596 0.007308 0 -9999 0.05851895 0.02357843 0.07209276 0.058298 0.08766498 0.03307 0.046249 0.0272289 0.05502236 0.2598566 0.036253 -9999 -9999 -9999 -9999 -9999 -9999 -9999 -9999 -9999 -9999 -9999 -9999 -9999 -9999 -9999 -9999 -9999 -9999 -9999 -9999 -9999 -9999 -9999 -9999 -9999 -9999 -9999 -9999
0.06690095 0.092232 0.022669 0.05559198 0.09780098 0.043103 0.08309914 0.09888298 0.016355 0.067866 0.116923 0.05724946 0.030212 0.135072 0.05297798 0.087165 0.003377 0.000758 0.040236 0.090282 0.050269 0.035912 0.0210198 0.108486 0.07573998 0.06351271 0.02543427 0.004078 0.01927311 0.1332687 0.03025605 0.3769261 0.08077062 0.09979585 0.07110008 0.078671 0.004367083 0.030617 0.07355089 -9999 -9999 -9999 -9999 -9999 -9999 -9999 -9999 -9999 -9999 -9999 -9999 -9999 -9999 -9999 -9999 -9999 -9999 -9999 -9999 -9999 -9999 -9999 -9999 -9999 -9999 -9999 -9999 -9999
0.1226006 0.06431 0.185619 0.01169 0.04201 0.034968 0.2178847 0.183315 0.174828 0.161721 0.036094 0.03087752 0.0433736 0.074337 0.026279 0.03725398 0.02231298 0.08322094 0.06546 0.04689198 0.073934 0.090168 0.054044 0.08202898 0.032859 0.04120798 0.044118 0.086206 0.037176 0.1881575 0.1134723 0.1271962 0.132672 0.1415195 0.06696539 0.080016 0.02547998 0.001214422 0.03627634 -9999 -9999 -9999 -9999 -9999 -9999 -9999 -9999 -9999 -9999 -9999 -9999 -9999 -9999 -9999 -9999 -9999 -9999 -9999 -9999 -9999 -9999 -9999 -9999 -9999 -9999 -9999 -9999 -9999
0.01741 0.01257098 0.0814504 0.08485392 0.112265 0.016503 0.233057 0.290704 0.2259753 0.085755 0.05932498 0.09043878 0.1143568 0.04684198 0.02881098 0.068598 0.070715 0.046401 0.056278 0.102174 0.119815 0.07469498 0.06008869 0.08383898 0.000785 0.06291094 0.216576 0.066302 0.074931 0.2022173 0.2123116 0.06228128 0.07221653 0.08162198 0.063866 0.119868 0.006543 0.0205966 0.03294919 0.038203 -9999 -9999 -9999 -9999 -9999 -9999 -9999 -9999 -9999 -9999 -9999 -9999 -9999 -9999 -9999 -9999 -9999 -9999 -9999 -9999 -9999 -9999 -9999 -9999 -9999 -9999 -9999 -9999
0.023545 0.04700764 0.4442187 0.04433025 0.5361793 0.8629987 0.8966812 0.4463634 0.265599 0.100192 0.078742 0.05917474 0.089841 0.03077498 0.002515 0.05641598 0.105559 0.012698 0.00872 0.205969 0.03807398 0.024357 0.08542929 0.069407 0.05096462 0.247051 0.292625 0.03314714 0.1003342 0.1738553 0.14605 0.01107698 1.3e-005 0.026839 0.007043 0.029063 0.01992996 0.01332292 0.09492931 0.128895 0.073236 -9999 -9999 -9999 -9999 -9999 -9999 -9999 -9999 -9999 -9999 -9999 -9999 -9999 -9999 -9999 -9999 -9999 -9999 -9999 -9999 -9999 -9999 -9999 -9999 -9999 -9999 -9999
0.08101698 0.06994 0.230322 0.2716063 0.9575472 0.9811258 0.3967991 0.195551 0.077994 0.13474 0.03265298 0.05621296 0.039076 0.08509094 0.07043839 0.111985 0.053579 0.04460491 0.1125175 0.09049413 0.060291 0.08513605 0.04721911 0.03297992 0.1838444 0.156068 0.213181 0.1482807 0.05379558 0.05490146 0.099385 0.1999607 0.03273115 0.05709103 0.04920579 0.01012332 0.108987 0.008525 0.080935 0.05142 0 0.01798683 -9999 -9999 -9999 -9999 -9999 -9999 -9999 -9999 -9999 -9999 -9999 -9999 -9999 -9999 -9999 -9999 -9999 -9999 -9999 -9999 -9999 -9999 -9999 -9999 -9999 -9999
0.04598518 0.007716 0.09368196 0.8790957 1 0.6553898 0.06527333 0.05387845 0.01329 0.218055 0.0083 0.01717598 0.056936 0.049557 0.1435983 0.134492 0.094767 0.004605484 0.1595659 0.03753081 0.07963798 0.05219665 0.06836587 0.030349 0.005144 0.044322 0.140993 0.13707 0.02269296 0.01094898 0.06232496 0.3961326 0.299757 0.1366024 0.1837879 0.09064884 0.05845269 0.03935457 0.1405827 0.009081 0.002740606 0.5918376 0.006764748 -9999 -9999 -9999 -9999 -9999 -9999 -9999 -9999 -9999 -9999 -9999 -9999 -9999 -9999 -9999 -9999 -9999 -9999 -9999 -9999 -9999 -9999 -9999 -9999 -9999
0.003571779 0.01599418 0.6967069 0.9881866 0.5588518 0.03588291 0.000218 0.02097244 0.000605 0.03271 0.05932415 0.02659454 0.1251612 0.1475336 0.1998268 0.170064 0.019304 0.03989798 0.02374898 0.07203919 0.1060429 0.3882228 0.23089 0.100663 0.024658 0.04255098 0.107326 0.022631 0.01011398 0.04616274 0.07560659 0.03132 0.138364 0.288337 0.186411 0.06182418 0.057768 0.0605513 0.06633998 0.08102858 0.0582306 0.3544039 6e-005 -9999 -9999 -9999 -9999 -9999 -9999 -9999 -9999 -9999 -9999 -9999 -9999 -9999 -9999 -9999 -9999 -9999 -9999 -9999 -9999 -9999 -9999 -9999 -9999 -9999
0.001622373 0.5116017 0.9709975 0.3390409 0.026686 0.06768296 0.029861 0.05701298 0.024906 0.1202001 0.1946009 0.0703444 0.2308355 0.2742203 0.2799771 0.2207792 0.1194581 0.1103157 0.06961468 0.0908982 0.3913102 0.1235874 0.1933048 0.1767874 0.1328521 0.1441306 0.05676896 0.03828794 0.06830993 0.06983832 0.03225606 0.03982191 0.03059478 0.09909328 0.08729525 0.08802725 0.05076498 0 0.06603295 0.07133514 0.09104666 0.2291117 0.008287487 -9999 -9999 -9999 -9999 -9999 -9999 -9999 -9999 -9999 -9999 -9999 -9999 -9999 -9999 -9999 -9999 -9999 -9999 -9999 -9999 -9999 -9999 -9999 -9999 -9999
0.2250683 0.5650507 0.1283244 0.01434798 0.02505898 0.02317198 0.110236 0.05702758 0.1825272 0.2264884 0.09442745 0.03108955 0.06599654 0.207268 0.4580063 0.1696356 0.06945944 0.1049483 0.07119563 0.07142238 0.261304 0.07826176 0.1413775 0.1231121 0.08537883 0.06944092 0.04198494 0.03065493 0.07648985 0.03538696 0.001605 0.05776398 0.1298949 0.06792275 0.01750998 0.03349394 0.01036498 0.012973 0.001356 0.000182 0.008564 0.1586737 0.03174452 -9999 -9999 -9999 -9999 -9999 -9999 -9999 -9999 -9999 -9999 -9999 -9999 -9999 -9999 -9999 -9999 -9999 -9999 -9999 -9999 -9999 -9999 -9999 -9999 -9999
0 4.7e-005 0.01130398 0.03993791 0 0.000391 0.05984689 0.04697509 0.038584 0.028448 0.039965 0.065127 0.09045196 0.06123538 0.08116415 0.165694 0.152195 0.1154745 0.000898 0.06629802 0.06177614 0.0418562 0.002036 0.00141 0.005855 0.00544 0.009964978 0 0 0 0.01772 0.060791 0.003138 0.02675046 0.06837539 0.01577998 0.026179 0.020005 0 0.000128 0.021231 0.06913447 0.07966216 0 -9999 0.006407 0 0 0 -9999 -9999 -9999 -9999 -9999 -9999 -9999 -9999 -9999 -9999 -9999 -9999 -9999 -9999 -9999 -9999 -9999 -9999 -9999
0.03882218 0.05522489 0.01992996 0 0.03791134 0.02990694 0.000239 0.03433419 0.01477059 0.1861502 0.1499131 0.05040596 0.074815 0.101424 0.061798 0.027447 0.122848 0.126986 0.025297 0.05080663 0.1360588 0.06533317 0.006895 0 0.00205 0.00092 0 0.001564 0 0.04982489 0.009536 0.027452 0.020127 0.08922 0.02205 0.03111384 0.1906409 0.104485 0.005272 0.035425 0.07142598 0.015116 0.08991503 0.01334831 0.019466 0.038278 0.03316193 0 0 0 0 -9999 -9999 -9999 -9999 -9999 -9999 -9999 -9999 -9999 -9999 -9999 -9999 -9999 -9999 -9999 -9999 -9999
0.02391804 0.2127454 0.01985857 0.02989493 0.01191356 0.002377 0.001229 0.0877457 0.126598 0.10065 0.05799298 0.005939 0.013886 0.00778 0.03026194 0.007482 0.030922 0.05676466 0.033769 0.06661624 0.05351368 0.004829281 0.02030796 0 0 0.009266 0.01164798 0 0.009964978 0.001091 0.0002332736 0.004889505 0.048798 0.09489848 0.01831314 0.06688111 0.03882198 0.07608998 0.012393 0.023101 0.01307898 0.024042 0.1594715 0.0970515 0.001024 0.009964978 0.007032 0.0387122 0.01592969 0.05978987 0.01992996 -9999 -9999 -9999 -9999 -9999 -9999 -9999 -9999 -9999 -9999 -9999 -9999 -9999 -9999 -9999 0.01096298 0.007142
0.01272634 0.288652 0.05799614 0 0 0.001713 0.01071398 0.0304 0 0.003083 0.04907 0.02789 0.01632998 0.002551 0.007041825 0.046714 0.02603 0.03152025 0.041573 0.07969867 0.000188 0.01747 0.004475 0.000143 0.01648298 0.001548 0.004918 0.01474278 0.1304073 0.05930926 0.06116556 0.2382831 0.012421 0.1062267 0.05088539 0.03055396 0.008221 0.043079 0.101197 0.031827 0.022161 0.1647648 0.022692 0.2441352 0.1242497 0 0.03463798 0.006373 0.009964978 0.00091 -9999 -9999 -9999 -9999 -9999 -9999 -9999 -9999 -9999 -9999 -9999 -9999 -9999 -9999 -9999 0 0.057886 0.03462096
0.2005113 0.1014771 0.01140432 0.03520788 0.03303894 0.003818 0.006138 0.000312 0 0.081932 0.01139898 0.005274 0.035754 0.05423298 0.02654415 1.1e-005 0.07379285 0.08865698 0.067708 0.1242143 0.06852286 0.006138 0.1216547 0.007647 0.000747 0.08958283 0.057412 0.2278407 0.2597062 0.06769255 0.07610998 0.033654 0.063271 0.05121766 0.01517198 0.06174093 0.064526 0.019775 0.07451598 0.027291 0.036158 0.018159 0.016206 0.03284116 0.1282322 0.04094743 0.00138 0.0088 0.02405296 0.016279 -9999 -9999 -9999 -9999 -9999 -9999 -9999 -9999 -9999 -9999 -9999 -9999 -9999 0 0.021278 0.031305 0.003714 0.02038396
0.09536086 0.03967812 0.05664598 0.0357429 0.009066064 0.081389 0.026932 0.009107 0 0.017125 0.03955518 0.0172828 0.036073 0.016891 0.001494 0.118669 0.08662195 0.05333444 0.063887 0.000272 0.0240351 0.1494747 0.05726798 0.01451498 0.02547496 0.019628 0.07886726 0.7155224 0.2087946 0.05392642 0.054587 0.07961198 0.052336 0.0255383 0.012311 0.109093 0.045798 0.052492 0.069572 0.005829 0.000771 0.002193 0.06063296 0.02039579 0.1922081 0.01909311 0.04982489 0.008195 0.09223498 0.031822 -9999 -9999 -9999 -9999 -9999 -9999 -9999 0.03258793 0 0.007085 0 -9999 0 0.07047198 0.043936 0.197945 0.012506 0.006017137
0.007397081 0.01283598 0.007941 0.009964978 0.04800436 0.1409404 0.01066013 0.01533277 0 0.00015 0.051107 0.033907 0.007082 0.002182 0.03248693 0.03981681 0.2271036 0.03645462 0.005891 0.004186356 0.034867 0.01101137 0.008731 0.01696098 0.015784 0.041533 0.4700976 0.8037348 0.4252566 0.06734228 0.071109 0.01214797 0.01906398 0.05477998 0.05095298 0.097566 0.02587 0.05739 0.05262496 0.08421387 0.1501021 0.120414 0.1425104 0.2396809 0.08457826 0.002919432 0.007680223 0.1477797 0.07402 0.195617 0.00134 0.00313 0.00044 0.009964978 0.009972978 0.05304664 0.01923284 0.046183 0.04420494 0.067363 0.06865598 0.03717 0.07092559 0.06026526 0.021535 0.02553067 0.009931 0.02735476
0 0.02989994 0.01010498 0.04949494 0.02580949 0.0617585 0.03569283 0.003616208 0.000338 0.01017398 0 0 0.01516498 0.02778498 0.070894 0.243812 0.06960466 0.03243 0.001018 0.05145734 0.0303902 0.015498 0.01980765 0.02644933 0.017258 0.063191 0.2923751 0.8625616 0.2068624 0.03746498 0.01979 0.02340001 0.01906575 0.06603431 0.126754 0.041858 0.170811 0.050279 0.036852 0.06270742 0.071612 0.097963 0.04644431 0.06508756 0.052012 0.009278 0.023122 0.0019 0.02164896 0.04081498 0.100661 0.09148 0.02637332 0.04152183 0.08575606 0.1859148 0.08595247 0.05269496 0.006863 0.012179 0.08562077 0.2422816 0.1061386 0.002139 0.02006098 0.01190831 0.000905 0.01125398
0 0.0017 0.01992996 0.009964978 0.070067 0.01994296 0.02530998 0.004896 0.004655 0.003589 0.0195 0.05510649 0.04991138 0.053184 0.025797 0.02388996 0.1338023 0.04475827 0.0368 0.09590825 0.08322105 0.029717 0.015419 0.01455598 0.06475893 0.03296298 0.006586277 0.2515147 0.000694 0.01450211 0.02790199 0.0006218545 0.05508511 0.01661312 0.07657874 0.01237683 0.017199 0.08450641 0.07513027 0.01851755 0.02302998 0.02103598 0.01353598 0.071566 0.05218554 0.006475 0.02555995 0.086321 0.01192098 0.001412 0.0666322 0.1956368 0.03450831 0.1479446 0.02133202 0.00171469 0.06962262 0.050893 0.3915184 0.1951425 0.3447225 0.5871791 0.07743103 0.002051 0.009106 0.00495 0.002401 0.02835398
0.02617339 0.02989493 0.009964978 0 0 0.01992996 0.01277039 0.006186 0 0.013638 0.015346 0.053506 0.02432089 0.003065 0.038615 0.02115896 0.0054 0.07016663 0.05232135 0.1718035 0.01710398 0.005795 0.07419698 0.03316498 0.1734748 0.06416699 0.008336 0.027032 0.01352712 0.0268338 0.02109382 0.003753047 0.0183632 0.03116394 0.04325658 0.01544122 0.023558 0.04517803 0.06270205 0.01413633 9e-005 0.03252498 0.010075 0.09975787 0.06415689 0.1840275 0.2402501 0.2723168 0.2111831 0.3743304 0.5605622 0.02501883 0.008001176 0.000875 0.004867 0.001994 0.009121 0.01049098 0.000864 0.04606176 0.2879232 0.1400524 0.0916262 0.08428621 0.1026673 0.01587048 0.09198554 0.04608694
