EnvRasters/GE_Low/other.asc
ncols         270
nrows         223
xllcorner     24099.479091542
yllcorner     21023.840179216
cellsize      1003.8986847201
NODATA_value  -9999
[rows 93 to 123 of 223, columns 68 to 135 of 270]
0.001636 0.005346 0.012045 0.009103 0.002025 0.001398 0.00575 0.010409 0.001918 0.001954 0.009539 0 0.008358 0.003451 0.011891 0.000586 0.002376 0.02222696 0.01343898 0.009604 0.00654 0.003322 0.00034 0.006161 0.01173774 0.01108824 0.00493 0.009202 0.007213 0.02018498 0.01541 0.00185 0.006202 0.000756 6.4e-005 0.004452 0 0.011935 0.010422 0.0038 0.0005 0.03417345 0.04899278 0.000162 0.034867 0.021251 0 0.07766072 0.001556 0.000506 2.1e-005 4.8e-005 0.01010498 0.007467 0 0.005606 0.006744 0.000977 0.000725 0.00481 0.00016 0 0.003705042 0.01474365 0.0290086 0.00018 2.1e-005 0
0.005504 0.010566 0.001826 0.007305 0.001741 0.002328 0.005482 0.002315 0.003996 0.00355 0.000686 0.001992 0.006451 0.0049 0.009403 0.00065 0.00992639 0.01052216 0.005281 0.004621 0.002082 0.00201 0.009213 0.004397 0.000659 0.009108 0.005289 0.00896 0.03215 0 0.003164 0.015193 0.004515 0.008499 0.003285 0.006179 0.0334 0.005982 0.000624 0.026058 0.000918 0.02952067 0.1649709 0.006956194 0.05632392 0.003341 0.05905703 0.05617019 0.003924 0 0.009964978 0.001712 0.000258 0.004653 0.002099 0.00176 0.009089 0.005963 0.005669 0.005652 0.002961 0.00354 0.02409977 0.08818185 0.0565767 0.01212994 0 0.00676
0.008524 0.003106 0.013256 0.028195 0.002094 0.010074 0.003531 0 0.001759 0.01848878 0.003682 0.00203 0.0079 0.002875 0.003775 0.01137 0.03836906 0.02573936 0.001707 0.006066 0.004048 0.000984 0.002832 0.000221 0.003189 0.006955 0.00309 0.002883 0.002718 0.003936 0.002677 0.00706 0.002096 0.00638 0.003504 0.005412 0.004072 0.001210137 0.009964978 0.007698 0.000468 0.4416304 0.2580285 0.00111 0.000901 0.001277 0.0042664 0.257241 0.01861524 0.01321884 0.009311116 0.01077498 0.002139 6.5e-005 0.000704 0.012193 0.001299 7.4e-005 0.006927 0.03219677 0.008435 0.06823968 0.0329401 0 0.02682292 0.002531 0 0.003926
0.001182 0.01018 0.008284 0.007253 0.007772 0.000139 0.000828 0.001691 0.01125598 0.07698061 0.04245633 0.009159 0.006055 0.01033798 0.003047 0.02689843 0.03102532 0.008743 0.009578 0.01563198 0.01095 0.002422 0.01146 0.009359 0.004078 0.004492 0.006141 0.001807 0.004282 0 0 0.00152 0.01183398 0.01442698 0.005677 0.001164 0.001599 0.01191084 0 0.02109196 0.015417 6e-005 0.000465 0.003824 0.000205 0.00038 0.009274 0.08524484 0.1272311 0.00047 0.001505 0 0.00351 0.001529 0.003255 0.000529 6e-005 0.000964 0.001961 0.006575207 0.002854 0.002526 0.001 0.007519 0 0.002806 0 0.06113235
0.002488 0.012336 0.016175 0.004244 0.002262 0.01060467 0.001044 0.001222 0.00477 0.061031 0.03287698 0.001046 0.000945 0.001128 0.001792 0.04982489 0.000795 0.003999 0.007178 0.01618898 0.009216 0.004807 0.000405 0.008143 0 0.007562 0.003898 0.011942 0 0 0.002108 0.005029 0.003872 0.000863 0.00833 0.007011 0.01092098 0.003202 0.009124 0.005152 0.002786 0.003446 0.003374 0.00077 0 0.000748 0.000697 0.07128052 0.04497571 0.03478194 0.003187 0.004224 0 0.000851 0.006506 0.001425 0.002675 0.006216 0.030654 0.003162 0.00154 0.003596 0 0.006278 0 0.002581 0.006175 0.02315163
0.005216 0.000758 0.00385 0.005645 0.005821 0.006008307 0.00745 0.020042 0 0.021885 0.010087 0.012677 0.005131 0.007324 0.003109 0.02999094 0.02748243 0.005558 0.009293 0.000638 0.000464 0.00297 0.006948 0.002646 0.003942 0.003446 2e-005 0.007583 0.00167 0 0.001405 0.00568 0.000663 0.006406288 0.01815998 0.005479 0.000213 0.00796 0.00668518 0.007274 0.00303 0.009517 0.006864 0.001056 0.000348 0 0.007616 0.03995636 0.003187 0.012814 0.003815 0.01977198 0 0.000418 0.000551 0 0 0.00731 0.020539 0.005579 0.004157 0.000455 0.01206998 0.02184896 0.001994 0.005859 0.000186 0.00385
0.024257 0.005291 0.016808 0.001338 0 0.002652 0.006373 0.001697 0.000779 0.002921 0.000969 0.01099498 5.2e-005 0.003315 0.001612 0.011335 0.001838 0.02630696 0.01104398 0.007381211 0.03997199 0.01992996 0.000646 0.008761 0.000422 0 0.001582 0.00474 0.003553 0.00173 0.008024 0.001748 0.007229 0.03199198 0.001173 0.00082 0 0.005509 0.028314 0.017355 0.002625 0.02961818 0.007026 0.01904936 0 0.002629173 0.04157192 0.1480478 0.00393 0.006485 0.010343 0.019489 0.0281436 0.00019 0.007903 0.02270196 0.02384496 0.005433 0.009243 0 0.013869 0.009964978 0.003573 0.000204 0.01523498 0.01420298 0.02011496 0.000735
0.006868 0.002735 0.01305598 0.000261 0.000144 0.002706 0 0.001282 0.00237 0.000405 0.004247 0.006118 0 0.005856 0.001937 0.006221 0.03612696 0.06662196 0.003054 0.003985 0.01474166 0.04292546 0.007118736 0.000772 0 0 0.01207998 0.000926 0.001107 0 0.00248 0.009343 0.000408 0.006427 0.003145 0.01914198 0.003276 0.005626 0.006823 0.004296 0.004488 0.004284758 0.005687 0.3698938 0.05990859 0.01387898 0.0753913 0.1698443 0.1163555 0.02512462 0.03107198 0.004097 0.003758334 0.000304 0 0 0.0900653 0.0026 0.000486 0.001884 0.004916347 0.07090292 0.1232293 0.00205 0.01143498 0 0.001225 0
0.012522 0.018689 0.003203 0.001767 0.001328 0.000162 0.004992 0.003819 0.000312 0.005901 0.001431 0.012968 0.004997 0.002523 0.002962 0.02087326 0.04621292 0.006418 0.01431498 0 0.007423 0.06815495 0.05947148 0.02245108 0 0.001308 0.02369396 0.00911 0.002231 0.007376 0.002254 0.003004 0.002321564 0.02381841 0.013429 0.002032 0.000315 0 0.001222 9e-005 0.003233 0.01596898 0.005561 0.1094681 0.003449 0.006322 0.1693596 0.01719395 0.03814984 0.1090568 0.000477 0.002927 0.002673 0.000315 0.03985991 0.01673898 0.08055334 0.00832 8e-006 0 0.001698 0 0.01205498 0.005285 0.007884 0.003706 0.00374 0.0046
0.01451798 0.004467 0.004192 0.005 0.012725 0 0.005817 0.003774 0.01618952 0 0.0054 0.00453 0.0033 0 0.003669 0.08742745 0.00568 0.005216 0.009964978 0 0.00052 0.000836 0.002178 0.09579973 0.001309 0.004437 0.001716 0.001458 8e-005 0.003975 0.04927962 0.4820535 0.2700189 0.003198 0.000363 0 9.5e-005 0.02012496 0.006438 0.000977 0.01812298 0.009805 0.000432 7.5e-005 0.006142 0.010448 0.2236692 0.001542 0.009099 0.08243463 0.004058 0.007321 0.001124 0.006337 0.03833398 0.035482 0.000226 0.009397 0.004589 0 0.01986498 8.8e-005 0.005626 0.009033 0.001365 0.003473 0 0
0.009355 0.00125 6.3e-005 0.005234 0.012722 0.001859 0.015465 0.000182 0.02297644 0.001588 0.00096 0.001028 0 0.013151 0.000819 0.01601705 0.002139 0.002067 0.005245 0 0.009686 0.007764 0 0.00369 0.004128 0.002769 0.007785 0 0.006094 0.000135 0.01844903 0.1536353 0.08557247 0.1311447 0.5178339 0.2419433 0.009964978 0.000144 0.00157158 0.011177 0.036193 0.02320898 0.005144 0.000366 0.004278 0.010658 0.1103822 0.004584 0.003883 0.09978081 0.002267 0.00116 0.00392 0.021197 0.006834 0.02907 0.019615 0.006907 0.003532 2.5e-005 0.014191 0 0 0.011523 0.002993 0.012307 0.013066 0.01017798
0.004428 0 0.005678 0.001829 0.004914 0.000966 0.00103 0.004498 0.02100998 0.01436498 0.000242 0.00099 0.002857 0.02134011 0.03412881 0.002173 0.004794 0.000927 0.006225 0.0012 0.00569 0 0 0.001577 0.000434 0.004385258 0.000345 0.014461 0.002024 0.006385 0.000784 0.00099 0.001508 0.272829 0.3489262 0.004626 0.08968481 0.1749345 0.01734655 0.001284 0.01182588 0.1639819 0.04210797 0.05679059 0.232289 0.01861898 0.1026076 0.007 0.00204 0.130087 0.09447309 0.05565889 0.003908 0.00112 0.010108 0.005957 0.004845 0.013759 0.00239 0.00155 0.005666 0.000496 0 0.003507 0.08465285 0.019504 0.01796998 0.002688
0.006176 0.002765 0.001928 0.0001 0.004538 0 0.01289998 0.0009869999 0.0029 0.006324 0.005287 0.002989 0.06808478 0.05886449 0.002747 0.001186 0.009018 0.001846 0.019549 0.003111 0.00306 0.002444 0.004184 0.002672054 0.05506684 0.0250227 0.001813 0.01627 0.003824 0.001911 0.001056 0.005118 0.008498 0.02352656 0.02918798 0.029206 0.004859 0.00054 0.00529 0.000927 0.02212304 0.5085814 0.1079198 0.02889821 0.4987725 0.4002278 0.02917718 0.06239074 0.001784 0.004575448 0.003354 0.08847621 0.005698 0.02003997 0.004015 0.004214 0.006902 0.005932 0 0.00467 0.017972 0.004973 0 0.01034498 0.02420998 0.021799 0.007356 0.005165
0.00103 9.3e-005 0.00359 0.07201687 0.004746 0.02313096 0.001338 0 0 0.009586 0 0.02179472 0.04518843 0.03510134 0.006123 0 0.003957 0.004144 0.003054 0.003782 0.007802 0.006392 0.00386 0.01049298 0.001757 0.003268 8e-005 0.013812 0.024656 0.001146 0.004372 0.001616 0.004038816 0.1717225 0.04049277 0.012008 8.3e-005 0.005641 0.007732 0.011264 0.018752 0.002265 0.000811 8.3e-005 0.008254752 0.003239 0 0.1548535 0.009035 0.012187 0.04384223 0.06208418 0.001586 0.01342321 0.007503 0 0.00144 0.004952 0 0.011008 0.003088 0.006686 0.007536 0.00443 0.00046 0.004618 0.010471 0.00102
0.03001086 0.02803663 0.001558 0.000548 0.007429 0.007316 0.014404 0.005254 0 0.001164 0 0.01283598 0.05155837 0.001028 0.008504 0 0.006282 0.00216 0.002258 0.005139 0.001269 0.002192 0.000639 0.02657596 0.015133 0.04840198 0.003385 0.00502 0.009627 0.003459 0.004958 0 0.05875447 0.3807471 0.006665 0.002194 0.003992 0.001938 0.001547 0.003389 0.03109 0.006889 0.00184 0.002231 0.001324 0.000161 0.01992996 0.02866388 0.05226332 0.06016308 0.06201375 0.001916 0.008566 0.009209747 0.007091 0 0 0.009732 0 0.004955 0.001752 0.003785 0.002575 0.00088 0.0046 0.001732 0.009965 0.005641
0.1093195 0.1736461 0.02644439 0.003007 0.000272 0.03669393 0.004544 0.01314998 0.003188 0.003751 0 0.01390585 0.04677257 0.000595 0.000912 4.8e-005 0.01019 0.001362 0.008885 0.007408 0.01105738 0.01640962 0.09345581 0.007175 0.019526 0.054846 0.003855 0.003893 0.002736 0.02149796 0.000817 0.00556 0 0.007176 0.005476 0.012564 0.011295 0 0.01423879 0.010261 0.00719 0.003332 0.003891 0 4.9e-005 0.000496 0.001617 0.02868801 0.07453375 0.07367694 0.01464188 0.003601 0.002741 0.00164 0 0 0.005697 0.00475 0.000475 0.02089298 0 0 0.001357 0.01987998 0.00141 0.002506 0.000126 0.001338
0.010506 0.002922 0.04459091 0.1341641 0.08407931 0.00289 0.04494079 0.03735745 0.009169618 0.003565 0.00076 0.04943559 0.0004617547 0.001606 0.015771 0.03739281 0.001668 0.002408 0.008402 0.004427 0.013857 0.004364931 0.02989493 0.001656 0.073799 0.057008 0.011173 0.000624 0.002993 0.004325 0.000323 0.00791 0.002772 0.000648 0.003069 0.000532 0.004284 0.02763396 0.01712216 0.04982489 0.02779496 0.0005 0.000432 0.000224 0 0.000496 0.0168192 0.09746822 0.129797 0.06608962 0.04353483 0.007878 0.001987 0.000406 0 0.001848 0.008069 0 0 0.03194396 0.002963 0.001056 0 0.0101 0 0.002397 0.00156 0
0.00155 0.02113596 0.01035731 0.009528 0.036302 0.04393606 0.02093998 0.00162 0.003138 0.01329098 0.01952537 0.1059971 0 0.002406 0.005982 0.004167102 0.002387 0.004895 0.000482 0.000384 0.001632 0.002131 0.002360416 0.09901737 0.001817 0.001601 0.02069796 0.001592 0.000792 0 0 0.002413 0.03152794 0.002238 0.006313 0.003478 0.001701 0.02322996 0.01260363 0.000494 0.005251287 0.000684 0.03029094 0.003558 0.013517 0.02063287 0.07238661 0.000427 0.02046196 0.02185038 0.1765545 0.07949114 0.003681 0.007293 0.06825154 0.0629211 0.09091816 0.08117325 0.07877793 0.01455931 0.001708 0.002401 0.001221 0 0.012767 0.030525 0.017 0.00031
0.001791 0.01234498 0.01295064 0.000422 0 0.1306265 0.07146029 0.04006062 0.01994496 0.04005791 0.02217355 0 2.6e-005 0.04263131 0.03537063 0.04232488 0.000344 0.003472 0 0 0 0.009964978 0 0.08946708 0 0.03272472 0.1295375 0 0.0732597 0.147006 0.02989493 0.009964978 0.1147297 0.000374 0 0.004242 0.006364 0.003224 0.01962731 0.000902 0.01359669 0.02559064 0.04976113 0.08222659 0.0982607 0.1233709 0 4.4e-005 0.01030798 0.000192 0.07753685 0.02781507 0.04944757 0.001541 0.05162939 0.003829 0 0.002751 0.00164 0.09514355 0 0.004908 0 0.001776 0.001924 0.02056198 0.03764 0.000886
-9999 0.009964978 0 0 0 0 0.06038162 0.1146514 0.1230297 0.1132249 0.01001473 0 0.02790813 0.2881998 0.05614805 0.4297393 0.001534389 5.4e-005 0.009964978 0.000402 0 0 0 0.02243681 0.01769483 0.2006044 0.4450587 0 0.1503193 0.5149994 0 0.1670175 0.1218501 0.01057398 0.003653 0.017205 0.035426 0.029085 0.006318 0.005913 0.000273 0.06340219 0.002833 0.05503341 0.004175437 0.03996491 0.009808493 0.002953968 0.01139198 0.002388 0.005013 0.005806 0.06276412 0.06232887 0.03571064 0.003074 0.005183 0.000724 0.0744818 0.06167245 0.001711 0.00517 0 0.003843 0.004986 0.005349 0.006477 0.015893
-9999 -9999 -9999 -9999 0 0.07686939 0.06386531 0.01208497 0.02130296 0.002977679 0.1506613 0.1079778 2.9e-005 0.000527 0.002509 0.1169173 0.03924084 0 0 0 0 0 0.03693903 0.05645425 0.0271634 0.1356268 0.1211944 0.05846998 0.1431593 0.3663467 0.6201332 0.3705309 0.4007395 0.08030812 0 0.002418 4.1e-005 0.011446 0.006705 0.000888 0.008764468 0.07221457 0.03424013 0.07296287 4.60104e-005 0 0.003298341 0.0001291774 0.000152 0.003484 0.003211 0.05213404 0.02044081 7e-005 0.01224798 0 0 0.01127698 0.09406722 0.02463794 0.002146 0.000117 0 0.01487698 0.013825 0.001664 0.1282367 0.000699
-9999 -9999 -9999 -9999 -9999 0.001104 0.000725 0.03985991 0.09810269 0.01045658 0.2128043 0.02462395 0.05686824 0.08002415 0.1034341 0.04182359 0.1691422 0.06999285 0.08291983 0.1013711 0.09131916 0.07010013 0.08520801 0.004796899 0.002446 0.02623185 0.2060778 0.2840273 0.000708 0.02298215 0.1882336 0.2011924 0.5694124 0.08395409 0.1527413 0.1570677 0.136773 0.08388271 0.04281454 0.03985991 0.03958951 0.000572 0.000341 0 0 0.000319 0 2e-006 0 0.05300089 0.01223098 0.004801 0.000915 0.0019 0.01239398 0.001971 0.001406 6e-005 0.02112397 0.1007208 0 0.001059 0 0.02548528 4.8e-005 0.01073298 0 0.003543
-9999 -9999 -9999 -9999 -9999 0 0.00075 0.000253 0.2501869 0.3768361 0.1518961 0.00032 0.01088998 0.001159 0.007804221 0.2015383 0.5062788 0.001293 0 0.04611233 0.05021689 0.01141988 0.0011 0.01362398 0.01302616 0.02038896 0.02411046 0.09745033 0 0.000252 0 0 0.000424 0.01341645 0.008064508 0.000836 0.07799897 0.02843431 0.000544 2.8e-005 0 0.000446 0.000528 0 0 0 3.2e-005 0.0005387649 0.008174715 0 0.001485 0.000973 3.6e-005 0.000648 0.000326 0.0004 0 0.003759 0.01144198 0.06171587 0.001786 0 0.000105 0.04592657 0 0.000994 0.000154 0.00052
-9999 -9999 -9999 -9999 -9999 -9999 -9999 0.07409618 0.1321618 0.1612707 0.1018698 0.05144623 0.02228962 0.0004689925 0.06325509 0.1520511 0.1232463 0.1174668 0.01184248 0.2533065 0.08738986 0.03840501 0.000988 0.01005498 0.06253484 0.0762336 0.109815 0.02146433 0.009964978 0 0.006192 0 0 0 0.001899 0.009964978 0.00254 0.002853 0.02296098 0.1043578 0 0.002459 0.0006 0.002119 0.000243 0.008884 0.005053 0.04052005 0.00150936 0 0 0.010569 0.004776 0.03083993 0.004258 0.001524 0 0.001152 0.0034 0.07544392 3.9e-005 0 0 0.0001 0.000638 0 0.00032 0.006917
-9999 -9999 -9999 -9999 -9999 -9999 0 0.05443162 0.0284411 0.01049305 0.01544718 0.02163738 0.0200274 0.009964978 0.01116498 0 0.031806 0.01844389 0 0 0.00063 0.01993296 0.000663 7.2e-005 0.0998873 0.01132998 0.01992996 0 0.05978987 0.006429 0.001851 0.001725 0.08562008 0 0.000115 0.00134 0.000242 0 0.000948 0.000907 0.002151 0.01216398 5e-005 0.002607 0.00136 0.000475 0.003215 0.001099 0 0.001311 0.002919 0.01111698 0.01612498 0 0.003136 0.01462598 0.01177098 0.006255976 4.1e-005 0.1197823 0.000982 0 0.000187 0.000357 0.01007498 0.0143401 0.001716 0
-9999 -9999 -9999 -9999 -9999 -9999 -9999 0 0.003059 0.000556 0.003399 0.01016298 0.002931 0.000738 0.009964978 0.000366 0 0.00138 0.000672 0.000506 2.7e-005 0 0.00023 0 0.07083334 0.001664 0.04073291 0.003094 0.001647 0.000837 0.001181 0.007065 0.01622871 0 0.005462 0 0.0015 0.004356 0.00253 0 0 0.009210302 0.000156 0.003249 0.002174 0.002016 0.00037 0.001528 0.01184398 0.000199 0.002105 0.000798 0.003002 0.001868 0.00047 0.001791 0.001573 0.004279002 0.001233 0.0699113 0.000156 2.8e-005 0.000264 0.000237 0 0.005712856 0.001763 0.000364
-9999 -9999 -9999 -9999 -9999 -9999 -9999 0 0.000924 0.001207 0.001864 0.000588 0.015576 0.00279 0.002837 0.000324 0.002934 0.000458 0.00528 0.000351 2.9e-005 0.01839128 0.1725613 0.000662 0.01000498 0 0.000225 0.000875 0.007192 0.018443 0.007066 0.000115 0.002122 0.00451037 0.01243924 0.00068 0.000442 0.001287 0.010235 0.00796 0 0.009825677 0.004403 0.000475 0.000596 0.006399 9.6e-005 0.004867 0.001705 0.00389 0.004209 0 0.00038 0.000968 0.00072 0.001734 0.000552 0.000896 0 0.08043826 0 0.000736 0 0 0 0 0.000473 0
-9999 -9999 -9999 -9999 -9999 -9999 -9999 0 0.002972 0 0 0.009964978 0 0.00246 0.209314 0.000199 0.000396 0 0.0389897 0.0516201 0.00036 0.001154 0.002041 0.002483 1.6e-005 0.01515288 0.007020079 0.001134 0.00076 0 0.0041 0.1992734 0.5805048 0.3210306 0.0218334 6e-005 0 0 0.00072 0.002603 0.01050498 0.010386 0.000936 0.02148496 0.00118 0.000555 0.01105998 0.004924 0 0.000636 0.001489 0.000824 0.003138 0.004446 0.014062 0.007315 0.001089 0 2.9e-005 0.1036042 0.017302 3.4e-005 0 0 0 1e-006 2.6e-005 6.6e-005
-9999 -9999 -9999 -9999 -9999 -9999 -9999 0 0.03063093 0.002753 0.006894 0.003511 0 0.004471 0.1411952 0.03985991 0.000904 0.03539503 0.03273184 7e-005 0.000254 0.000172 0.000683 0 0.000732 0 0.001221 0.00114 0.003726 0.01048098 0.01860956 0.1710085 0.06507033 0 0 0.002203 0 0 0.018958 0.003434 0.002673 0.002447 0.002984 0.009995978 0.00062 0.002135 0.01336598 0.001108 0.007771627 0.008262352 0.000152 0.000147 0.004483347 0.004865497 0.000162 0.002018 0 0.000527 0.01296492 0.02989493 0.09830719 0.06922917 0 0 3.7e-005 0.00106 0 0
-9999 -9999 -9999 -9999 -9999 -9999 -9999 0 0.000245 0.002076 0.006264 0 0.008442163 0.00124 0.01171598 0.000304 0.000411 0 0.001554 0.00066 0 0.009964978 0.000499 0.000812 0.001491 0.00154 0.00167 0 0.00563 0.00358 0.00132 0.000396 0.007535 0 0 0.005712 0 0 0.01035 0 0 0.006013 0.007206 0.000334 0.000801 0.006066815 0.01841514 0 0.002969 0.00226 0 5.4e-005 0.001511635 0.03025048 0.000278 0 0.001372 0.005637807 0.07741804 0.004413013 0.000891 0.01450321 0 0.03985991 0.01476153 5.6e-005 0.02421998 0.04815082
-9999 -9999 -9999 -9999 -9999 -9999 -9999 0 0.0004 0.009891 0 0 0.001522815 0.01018498 0 0.000409 0.000175 0 0 0 0 9e-005 0.007414 0.000801 0.002356 0.014576 0.006708 0.001568 0.000126 0.000264 0.005942 0 0 0 0 0 0 0.004598 0.001342 0 0.01021198 0.002872 0.002791 0.001253 0.009271 0.002473 0.002728 0.000297 0.005775 0.002034 0.005337 0.003509 0.003747 0.053918 0.04368196 0.05512499 0.3412798 0.3295275 0.04431701 0.01613519 2.7e-005 6e-005 0.000448 0 0.03372258 0.0701062 0.02777135 0
