EnvRasters/GE_Low/urban.asc
ncols         270
nrows         223
xllcorner     24099.479091542
yllcorner     21023.840179216
cellsize      1003.8986847201
NODATA_value  -9999
[rows 116 to 144 of 223, columns 65 to 129 of 270]
-9999 -9999 -9999 -9999 -9999 -9999 -9999 -9999 -9999 -9999 0.07838888 0.1685146 0.1678932 0.2016492 0.2543531 0.3241692 0.3021695 0.3473401 0.3863801 0.3090224 0.343566 0.6905412 0.2569571 0.3474042 0.367744 0.5376799 0.5293468 0.2772292 0.3134699 0.6479929 0.9785357 0.9603031 0.8403248 0.6563632 0.6133331 0 0.1922276 0.4018329 0 0.1706695 0.6127018 0.6476009 0.321142 0.2576723 0.4832084 0.7253914 0.5821599 0.6284057 0.84342 0.6316541 0.6407062 0.9095469 0.481855 0.3828966 0.2023785 0.03971369 0.05932334 0.4961222 0.5148661 0.5090409 0.8169712 0.98993 0.6243883 0.7519066 0.6906677
-9999 -9999 -9999 -9999 -9999 -9999 -9999 -9999 -9999 0 0.1230596 0.3659441 0.2018726 0.1738553 0.03521555 0.08286866 0.07984152 0.09123258 0.02116375 0.2336714 0.4013611 0.9713788 0.5168353 0.7840964 0.8156492 0.9562686 0.9553032 0.6388363 0.738435 0.6900194 0.9576524 0.6690421 0.3485747 0.7937397 0.3355723 0.5706068 0.07744793 0.1283806 0.2878664 0 0 0.3230488 0.02769882 0.1951786 0.6621952 0.2514842 0.1896245 0.1917281 0.06181304 0.07365773 0.2791021 0.5742314 0.7791825 0.35951 0.05245473 0.1150515 0.03583019 0.01413399 0.4632289 0.5548149 0.5123554 0.8775377 0.5712568 0.5981674 0.8459576
-9999 -9999 -9999 -9999 -9999 -9999 -9999 -9999 -9999 -9999 0.0795465 0.4585053 0.261449 0.2326896 0.04823245 0.1846747 0.1268908 0.1348175 0.1143521 0.4741663 0.5457384 0.5900108 0.8970218 0.6364434 0.9907658 0.7433038 0.7699481 0.5656642 0.7916566 0.6039031 0.7478144 0.7035037 0.08884675 0.3042994 0.6255843 0.4880584 0.02806993 0.0596112 0 0.009964978 0.1904662 0.1257376 0.01992996 0.009985383 0.4266833 0.4030246 0.06051674 0.1785393 0.0493893 0.3806018 0.1230239 0.2982815 0.5671756 0.2579127 0.3981128 0.4520174 0.4958872 0.4627348 0.5384063 0.6838716 0.6519718 0.8073745 0.8803478 0.963476 0.9133099
-9999 -9999 -9999 -9999 -9999 -9999 -9999 -9999 -9999 -9999 0.03879981 0.3708961 0.1416585 0.1636521 0.08412636 0.5978067 0.2806129 0.3029791 0.1515564 0.6138593 0.4143988 0.5792484 0.6519046 0.6365158 0.7694747 0.4810567 0.5602297 0.2795546 0.5016502 0.5624862 0.6177245 0.3482257 0.01844787 0.2759265 0.1464732 0.01046302 0.08775861 0.3278391 0.2215777 0.1407222 0.4184617 0.4371258 0.03946801 0.283385 0.1769186 0.0594303 0.192179 0.6388537 0.4794024 0.4909814 0.5042551 0.2049969 0.3257839 0.0912802 0.0838637 0.2427833 0.451615 0.6619855 0.4323268 0.3446208 0.4193152 0.4978302 0.6552639 0.9402101 0.919149
-9999 -9999 -9999 -9999 -9999 -9999 -9999 -9999 -9999 -9999 0.001060104 0.208395 0.06990833 0.0293707 0.05781144 0.1461265 0.1400822 0.03328175 0.2893213 0.409208 0.4062596 0.397417 0.705226 0.8779371 0.7320686 0.4668259 0.3285811 0.4121712 0.09707051 0.2327473 0.7726487 0.1787552 0.05241008 0.1668026 0.03316955 0.006054768 0.009964978 0 0.02775976 0 0 0.2036788 0.1445492 0.253574 0.05226587 0.253165 0.5688208 0.5539149 0.3118019 0.3707136 0.4817864 0 0.3555104 0.4299496 0.08590765 0.08095738 0.1375511 0.4814487 0.2527311 0.5157381 0.6580009 0.922294 0.7112002 0.7190608 0.9481049
-9999 -9999 -9999 -9999 -9999 -9999 -9999 -9999 -9999 -9999 1.235358e-006 0.6853406 0.541297 0.05159513 0.03062737 0 0.293778 0.3417643 0.6780642 0.5948197 0.4902861 0.4843564 0.7342861 0.8717279 0.9009286 0.8181519 0.9395779 0.6987245 0.4568806 0.1324672 0.1850084 0.2698014 0.1021757 0.03604296 0.2621783 0.3991889 0.03246365 0.009964978 0.04982489 0 0 0.3674426 0.02727534 0.04974283 0.3085476 0.8120571 0.8551403 0.6566626 0.531765 0.7784576 0.5416318 0.07467453 0.5013966 0.7179783 0.3238069 0.09656845 0.815028 0.8918545 0.2901325 0.3828443 0.5209287 0.9176225 0.8401858 0.8367819 0.7656912
-9999 -9999 -9999 -9999 -9999 -9999 -9999 -9999 -9999 -9999 0.0002532347 0.2988249 0.2187846 0.02091729 0.105816 0.1724457 0.6919765 0.5582228 0.940533 0.5459051 0.5033026 0.621374 0.4090817 0.6761861 0.6949565 0.9220493 0.7810548 0.6149299 0.3557505 0.1841647 0.01017575 0.2420246 0.06743565 0.01361871 0.01992996 0.26662 0 0 0.1395097 0.01992996 0.1014501 0.4315984 0.03067781 0 0.1299492 0.36076 0.5167341 0.1074701 0.2952242 0.208952 0.2831341 0.2296614 0.3818136 0.7991849 0.7587956 0.256999 0.5882261 0.665424 0.8124086 0.576222 0.3614534 0.5976267 0.861934 0.753684 0.9617625
-9999 -9999 -9999 -9999 -9999 -9999 -9999 -9999 -9999 -9999 0.01076429 0.08888549 0.2492827 0.03881257 0.02318122 0.1450547 0.3843033 0.254878 0.5301196 0.5501876 0.153401 0.06802273 0.003552693 0.01486137 0.5498409 0.5516716 0.2057944 0.2428367 0.3691042 0.03929911 0.1696062 0.0947076 0.02922689 0.2883179 0 0.01992996 0.005969 0 0 0.03130682 0.4044599 0.2210506 0 0.0549233 0.05071446 0.04003781 0.2381209 0.07160044 0.2690424 0.08532703 0 0.09539924 0.1098351 0.6306633 0.5747228 0.2755678 0.09094994 0.4565928 0.2191158 0.09301484 0.4299848 0.6909649 0.9152871 0.8109913 0.8246556
-9999 -9999 -9999 -9999 -9999 -9999 -9999 -9999 -9999 -9999 0.03942024 0 0.1917339 0.01451446 0.4113743 0.003573823 0.5269545 0.1467601 0.01992996 0.04285274 0.3906227 0.2215394 0.06978458 0 0.03967333 0.0647551 0.02062406 0.07495055 0.05104142 0.09577178 0.07048176 0.009964978 0.07792465 0.01992996 0.01992996 0.06022969 0.2879064 0.001509695 0.02904594 0.4269264 0.2972008 0.1502282 0.06986507 0.1053372 0.2016965 0.0589471 0.1797839 0.02389485 0.1998653 0.1406861 0.02481966 0.02088811 0.07638855 0.3391524 0.1891259 0.031842 0.0346223 0.2573203 0.2276139 0.2904924 0.5034055 0.5791112 0.7549948 0.8179619 0.8434731
-9999 -9999 -9999 -9999 -9999 -9999 -9999 -9999 -9999 0 0.02036964 0.009964978 0.1160452 0.01891076 0.1319569 0.1570557 0.03302208 0 0.03753952 0.03439096 0.3419628 0.2142458 0.2426583 0 0.03059573 0.2244039 0.02699572 0.00196186 0.161058 0.1274257 0 0.2234872 0.02449622 0 0 0.08815133 0.4169039 0.03504181 0 0.01774481 0 0.09804671 0.03290088 0 0.1009698 0.1108548 0.3837593 0.04982206 0.02311577 0.007510465 0.1604848 0.116147 0 0.3301043 0 0 0.03345554 0.06159364 0.2342933 0.4173633 0.7008458 0.5533977 0.43951 0.6372972 0.513997
-9999 -9999 -9999 -9999 -9999 -9999 -9999 -9999 -9999 0 0 0 0.3816213 0.05351948 0.1173116 0.2208712 0 0.05644622 0.3415397 0.09613618 0.01964918 0.09547771 0.051748 0.003307473 0.1757908 0.2053488 0.1374147 0.005984688 0.02810021 0.3519104 0.1018499 0.2122007 0.1229151 0.07451071 0.0114469 0.02189712 0.07366921 0.0071869 0.009964978 0.06108662 0.02007814 0.09865618 0.2162695 0.03015137 0.009964978 0.07259814 0.1460689 0.009964978 0.01986579 0.01303611 0.03440616 0.1135142 0.07247768 0.4973884 0.0539539 0.09929682 0.2653257 0.2101044 0.04775901 0.7143582 0.8447893 0.7030376 0.4792138 0.4230606 0.2184978
-9999 -9999 -9999 -9999 -9999 -9999 -9999 -9999 -9999 -9999 0 0.04346896 0.1543211 0.0002320748 0.001947675 0.0211184 0.04411382 0.1636282 0.3986016 0.2015558 0.02989493 0.009964978 0.08514576 0.05115895 0.03974844 0.0275752 0.3649311 0.07174909 0.01335482 0.009964978 0.2261537 0.07408313 0.1464703 0.0887701 0.01425299 0.002227885 0 0 0.3860264 0.1483944 0.009964978 0.0008186841 0.04297768 0.06323283 0.0725913 0.02478276 0.334933 0.02322553 0.1303216 0.09187578 0.2004524 0.07005356 0.1009982 0.5019259 0.2822107 0.04349554 0.03339596 0.06834224 0.0125795 0.3910633 0.7900074 0.1166863 0.1394288 0.5009908 0.4191815
-9999 -9999 -9999 -9999 -9999 -9999 -9999 -9999 -9999 -9999 0 8.904147e-005 0.1315475 0.06975485 0.08864875 0.2042959 0.02942126 0 -9999 -9999 0 0 -9999 0.005618072 0.02427686 0.01613966 0.03879217 0.129582 0.009964978 0.009964978 0.09393697 0.06973274 0.02571327 0 0.009964978 -9999 0.009964978 0.009964978 0.06231313 0.009964978 0.009964978 0.03099988 0.3361042 0.04919449 0.05232514 0.002106 0.05541265 0.009696451 5.204928e-005 0.1703752 0.02249093 0.07047524 0.332794 0.4708971 0.5910594 0.1510814 0.03375435 0.012455 0.1188704 0.2927984 0.2745963 0.004208533 0.1187069 0.3982964 0.1714705
-9999 -9999 -9999 -9999 -9999 -9999 -9999 -9999 -9999 -9999 -9999 0.01232149 0.217895 0.06026841 0.1845965 0.04982489 -9999 -9999 -9999 -9999 -9999 -9999 -9999 -9999 0 0.05978987 0.04766454 0.4961074 0.01839257 0.07755525 0.06013719 0 0.00566834 0 -9999 -9999 0 0.009964978 0.01992996 0.0009423327 0.03547579 0.009964978 0.04982489 0.01126323 0 0 0.009964978 0 0.08758991 0.287089 0.04425235 0.04917134 0.1455768 0.38276 0.762674 0.4947036 0.06034648 0.08411109 0.1597725 0.4184232 0 0.04661101 0.3716187 0.02380488 0.2377097
-9999 -9999 -9999 -9999 -9999 -9999 -9999 -9999 -9999 -9999 -9999 0.03238157 0.2210165 0.1388306 0.03057406 0 -9999 -9999 -9999 -9999 -9999 -9999 -9999 -9999 -9999 -9999 0.06278451 0.1359178 0.01733721 -9999 -9999 -9999 -9999 -9999 -9999 -9999 -9999 0 0.0950363 0.4488049 0.04384388 0.08266141 0.03135784 0.008666729 0.0002761469 0.1644531 0.09338328 0.0003366663 0.02756266 0.06242779 0.02989493 0.09208753 0.2471353 0.1735827 0.1021924 0.1373761 0.04427204 0.003644528 0.2231212 0.1714182 0.2598587 0.2215143 0.6464691 0.1769875 0.1236685
-9999 -9999 -9999 -9999 -9999 -9999 -9999 -9999 -9999 -9999 -9999 0 0.009964978 0 0.009964978 0 -9999 -9999 -9999 -9999 -9999 -9999 -9999 -9999 -9999 -9999 -9999 -9999 -9999 -9999 -9999 -9999 -9999 -9999 -9999 -9999 -9999 -9999 0 0.224189 0 0.03141927 0.2118952 0.0183582 0.04905854 0.50205 0.1749512 0.1311157 0.06277421 0.314208 0.02989493 0.07156116 0.3809803 0.03107459 0.02582392 0.1283318 0.1746049 0.09956082 0.02072397 0.009383083 0.401286 0.7281013 0.413123 0.1468398 0.03078837
-9999 -9999 -9999 -9999 -9999 -9999 -9999 -9999 -9999 -9999 -9999 -9999 0 0.07344869 0.03616608 -9999 -9999 -9999 -9999 -9999 -9999 -9999 -9999 -9999 -9999 -9999 -9999 -9999 -9999 -9999 -9999 -9999 -9999 -9999 -9999 -9999 -9999 -9999 -9999 0.01145019 0.01844475 0.1604966 0.6034333 0.4781431 0.1810976 0.4035591 0.1161956 0.380855 0.1037697 0.3049155 0.07971983 0.0005606992 0.006418541 0.08080078 0.08559164 0.009964978 0.1053327 0.1489778 0.1280617 0.006055091 0.05767494 0.3860174 0.1244014 0 0.03396326
-9999 -9999 -9999 -9999 -9999 -9999 -9999 -9999 -9999 -9999 -9999 -9999 -9999 0 0 -9999 -9999 -9999 -9999 -9999 -9999 -9999 -9999 -9999 -9999 -9999 -9999 -9999 -9999 -9999 -9999 -9999 -9999 -9999 -9999 -9999 -9999 -9999 -9999 -9999 -9999 0.1899772 0.4060989 0.07271761 0.3796373 0.3837429 0.2761783 0 0 0.02009971 0 0.2044609 0.01354668 0.06923847 0.1276579 0 0.09662984 0.3007444 0.01222536 0 0 0.1768409 0.1258436 0 0.00966573
-9999 -9999 -9999 -9999 -9999 -9999 -9999 -9999 -9999 -9999 -9999 -9999 -9999 -9999 -9999 -9999 -9999 -9999 -9999 -9999 -9999 -9999 -9999 -9999 -9999 -9999 -9999 -9999 -9999 -9999 -9999 -9999 -9999 -9999 -9999 -9999 -9999 -9999 -9999 -9999 -9999 -9999 0.009964978 0.009964978 0.03360443 0.153621 0.1229865 0.005802976 0 0.03026209 0.009597824 0.05194965 0.008536661 0 0 0.009964978 0 0.485953 0.1620027 0.009964978 0 0.05950408 0.1542304 0.01180645 0.1746822
-9999 -9999 -9999 -9999 -9999 -9999 -9999 -9999 -9999 -9999 -9999 -9999 -9999 -9999 -9999 -9999 -9999 -9999 -9999 -9999 -9999 -9999 -9999 -9999 -9999 -9999 -9999 -9999 -9999 -9999 -9999 -9999 -9999 -9999 -9999 -9999 -9999 -9999 -9999 -9999 -9999 -9999 0 0 0.02148382 0.04827103 0.01992996 0.2824167 0.009964978 0.009964978 0.02989493 0.0005255115 0.05772804 0.009964978 0.01308975 0.0610204 0.1361233 0.0307252 0.082041 0 0 0.03985991 0.3736161 0.2725935 0.681334
-9999 -9999 -9999 -9999 -9999 -9999 -9999 -9999 -9999 -9999 -9999 -9999 -9999 -9999 -9999 -9999 -9999 -9999 -9999 -9999 -9999 -9999 -9999 -9999 -9999 -9999 -9999 -9999 -9999 -9999 -9999 -9999 -9999 -9999 -9999 -9999 -9999 -9999 -9999 -9999 -9999 -9999 0 0 0.009964978 0 0 0.08628751 0.02078147 0.02904342 0.01992996 0.01992996 0.002061828 0.150933 0.2765888 0.2238219 0.1332354 0 0 0.01992996 0.01425019 0.006877868 0 0.1327198 0.1503726
-9999 -9999 -9999 -9999 -9999 -9999 -9999 -9999 -9999 -9999 -9999 -9999 -9999 -9999 -9999 -9999 -9999 -9999 -9999 -9999 -9999 -9999 -9999 -9999 -9999 -9999 -9999 -9999 -9999 -9999 -9999 -9999 -9999 -9999 -9999 -9999 -9999 -9999 -9999 -9999 -9999 -9999 -9999 0 0.1152494 0.05256881 -9999 -9999 0 0.03002919 0.07813864 0.09032377 0.009964978 0.1620583 0.1335403 0.09115843 0.06477063 0 0.01992996 0.007418753 0.1003894 0.2028242 0.09066962 0.003885895 0.2055805
-9999 -9999 -9999 -9999 -9999 -9999 -9999 -9999 -9999 -9999 -9999 -9999 -9999 -9999 -9999 -9999 -9999 -9999 -9999 -9999 -9999 -9999 -9999 -9999 -9999 -9999 -9999 -9999 -9999 -9999 -9999 -9999 -9999 -9999 -9999 -9999 -9999 -9999 -9999 -9999 -9999 -9999 -9999 0.03860503 0.2564805 0.09513508 -9999 -9999 -9999 0.02593767 0.1601601 0.03359845 0 0.02989493 0.02114896 0.08503033 0.2595074 0.06124805 0 0.01167941 0.03411745 0 0 0 0.1143351
-9999 -9999 -9999 -9999 -9999 -9999 -9999 -9999 -9999 -9999 -9999 -9999 -9999 -9999 -9999 -9999 -9999 -9999 -9999 -9999 -9999 -9999 -9999 -9999 -9999 -9999 -9999 -9999 -9999 -9999 -9999 -9999 -9999 -9999 -9999 -9999 -9999 -9999 -9999 -9999 -9999 -9999 -9999 -9999 -9999 -9999 -9999 -9999 0 0 0.04992337 0.04127884 0.09806909 0 0.01992996 0.03260441 0.03315092 0.001797148 0.04469288 0.09334772 0.02989493 0.1309785 0 0 0.4405523
-9999 -9999 -9999 -9999 -9999 -9999 -9999 -9999 -9999 -9999 -9999 -9999 -9999 -9999 -9999 -9999 -9999 -9999 -9999 -9999 -9999 -9999 -9999 -9999 -9999 -9999 -9999 -9999 -9999 -9999 -9999 -9999 -9999 -9999 -9999 -9999 -9999 -9999 -9999 -9999 -9999 -9999 -9999 -9999 -9999 -9999 -9999 0.009964978 0.1572628 0.08044296 0.2734426 0.4257731 0.03045484 0.009223578 0.02989493 0.009964978 0.01992996 0.009964978 0.03376965 0.05715102 0.000233237 0.008531192 0.01054063 0.03262268 0.06472874
-9999 -9999 -9999 -9999 -9999 -9999 -9999 -9999 -9999 -9999 -9999 -9999 -9999 -9999 -9999 -9999 -9999 -9999 -9999 -9999 -9999 -9999 -9999 -9999 -9999 -9999 -9999 -9999 -9999 -9999 -9999 -9999 -9999 -9999 -9999 -9999 -9999 -9999 -9999 -9999 -9999 -9999 -9999 -9999 -9999 -9999 0 0.0116719 0.04568049 0.1196735 0.3001916 0.1724061 0.01793077 0.03263552 0.01992996 0.007702086 0.02084728 0 0.01803788 0 0.1001631 0.05092226 0 0.1399913 0.0958648
-9999 -9999 -9999 -9999 -9999 -9999 -9999 -9999 -9999 -9999 -9999 -9999 -9999 -9999 -9999 -9999 -9999 -9999 -9999 -9999 -9999 -9999 -9999 -9999 -9999 -9999 -9999 -9999 -9999 -9999 -9999 -9999 -9999 -9999 -9999 -9999 -9999 -9999 -9999 -9999 -9999 -9999 -9999 -9999 -9999 0 0 0.1176917 0.09922465 0.02989493 0.02992538 0.1593255 0 0.04469032 0.3963981 0.1419208 0.02007282 0.009964978 0.03770542 0.03337703 0.1902056 0.2240344 0.1213639 0.3454258 0.03830332
-9999 -9999 -9999 -9999 -9999 -9999 -9999 -9999 -9999 -9999 -9999 -9999 -9999 -9999 -9999 -9999 -9999 -9999 -9999 -9999 -9999 -9999 -9999 -9999 -9999 -9999 -9999 -9999 -9999 -9999 -9999 -9999 -9999 -9999 -9999 -9999 -9999 -9999 -9999 -9999 -9999 -9999 -9999 -9999 0 0 0 0.01992996 0 0 0.04799065 0.3272802 0.02383433 0.000674569 0.03443325 0 0 0 0.0944698 0.2029325 0.02152948 0.1228408 0.1603783 0.03155563 0.05812918
-9999 -9999 -9999 -9999 -9999 -9999 -9999 -9999 -9999 -9999 -9999 -9999 -9999 -9999 -9999 -9999 -9999 -9999 -9999 -9999 -9999 -9999 -9999 -9999 -9999 -9999 -9999 -9999 -9999 -9999 -9999 -9999 -9999 -9999 -9999 -9999 -9999 -9999 -9999 -9999 -9999 -9999 -9999 -9999 0 0.02976161 0.1616446 0.01306145 0.01992996 0.01068096 0.02757481 0.02194452 0 0 0.0009144058 0.009964978 0 0 0.01804704 0.01207649 0.04602605 0.00887895 0.07669185 0.02190294 0.02792195
