EnvRasters/GE_Low/urban.asc
ncols         270
nrows         223
xllcorner     24099.479091542
yllcorner     21023.840179216
cellsize      1003.8986847201
NODATA_value  -9999
[rows 29 to 57 of 223, columns 65 to 129 of 270]
0.09265419 0.4437138 0.364277 0.2130337 0.1753969 0.01722903 0.3489219 0.4342216 0.09561996 0.005535279 0.02533512 0.04109763 0.08379574 0.006549764 0.1287927 0.04677507 0.0796506 0.01497955 0.0728581 0.08158739 0.03985991 -9999 -9999 -9999 -9999 -9999 -9999 -9999 -9999 -9999 -9999 -9999 -9999 -9999 -9999 0.03911816 0.03567775 0 0 0.1781129 0.2709631 0.09434044 0 0.03985991 0.01286174 0.2370526 0.05545717 0.1311529 0.376818 0.5452237 0.4195638 0.4783169 0.4696241 0.1295555 0.2368415 0.504415 0.7448733 0.4612173 0.3410294 0.633757 0.673776 0.7128921 0.7439227 0.8142866 0.9600937
0.1020156 0.2968045 0.1328711 0.09616365 0.09981401 0.04661271 0.1297213 0.01992996 0.09163794 0.05555712 0.1058565 0.1685934 0.3994177 0.1465584 0.07696766 0.09020637 0.1986989 0.03784417 0.1249734 0.02596663 0.02280516 -9999 -9999 -9999 -9999 -9999 -9999 -9999 -9999 -9999 -9999 -9999 -9999 0 0.1008028 0.2194605 0.143835 0.4490673 0.2068805 0.07591201 0.1029718 0.2363735 0.147611 0.06418844 0.0170332 0.09219892 0.1085658 0.08993708 0.1531472 0.1311674 0.09448975 0.1955193 0.05876307 0.3199927 0.3660242 0.4773151 0.9998879 1 0.7334869 0.1053688 0.2889889 0.2708785 0.41696 0.5815109 0.8332107
0.09714444 0.1563721 0.08103142 0.05420825 0.1145502 0.1236194 0.1109195 0.02495498 0.174316 0.1978781 0.0880449 0.08844444 0.4635051 0.1571129 0.08570863 0.02257241 0.06390898 0.6843682 0.2598405 0.227332 0.07201689 -9999 -9999 -9999 -9999 -9999 -9999 -9999 -9999 -9999 -9999 -9999 0 0.07707403 0.2402993 0.1977101 0.2193535 0.3106282 0.4192784 0.2950322 0.3673797 0.560109 0.3095171 0.12548 0.1770339 0.2041818 0.04619187 0.05118977 0.1063543 0.02462776 0.0846691 0.09305251 0.2325397 0.6735253 0.6230505 0.1506877 0.2958522 0.7183076 0.5229884 0.07271833 0.1794381 0.9450069 0.4693895 0.8087975 0.9561377
0.09635521 0.1614347 0.06146853 0.04439298 0.07441586 0.137586 0.1717974 0.3485721 0.489264 0.150464 0.134686 0.04448497 0.1149374 0.05588127 0.1045096 0.03644232 0.1520852 0.5805894 0.3105465 0.06783636 0.01995036 -9999 -9999 -9999 -9999 0.0009914038 0.04003412 0.009919719 -9999 0.03140828 0 0 0.03593012 0.2979745 0.2509205 0.2670359 0.3771995 0.3739157 0.1592418 0.3178141 0.204466 0.203066 0.2986131 0.8310401 0.306605 0.1164791 0.2039654 0.3687553 0.636314 0.2537756 0.2228726 0.3825831 0.9773539 0.8425999 0.8968358 0.4916808 0.4823954 0.8289067 0.5799096 0.3278019 0.2528515 0.9332893 0.6069078 1 1
0.448716 0.3366635 0.1455974 0.05964813 0.1219111 0.1158364 0.05661489 0.1154662 0.1913763 0.1604371 0.1861979 0.1389967 0.1659912 0.1551229 0.08314347 0.1616081 0.03081965 0.08160993 0.3439021 0.01035867 0.2340859 0.4357525 0.08436122 0 0.1479347 0.06170339 0.0485212 0.01880961 0 0.02838159 0.02257312 0.007395589 0.201992 0.08077622 0.1520597 0.1146209 0.4303125 0.742528 0.4152563 0.2769291 0.3118435 0.1325146 0.152833 0.5342496 0.3700544 0.1190397 0.1225093 0.1041865 0.2412189 0.164039 0.3883207 0.824324 0.9854873 0.4964167 0.6188918 0.3990018 0.504661 0.8244235 0.8889436 0.3689215 0.1311438 0.2586916 0.9520742 0.990035 1
0.3517075 0.5023875 0.4918239 0.09084428 0.05395254 0.08842441 0.08386915 0.1535554 0.2448902 0.2556789 0.1628434 0.06521336 0.1221274 0.2124523 0.1441619 0.1420442 0.1029932 0.1928403 0.4687553 0.4369109 0.830013 0.8419978 0.7553923 0.2129658 0.1054644 0.06152668 0.1632339 0.2337109 0.09964979 0.1396804 0.4270824 0.1166467 0.07722767 0 0.1495391 0.1018188 0.3168351 0.756959 0.5915383 0.442797 0.4383122 0.1250097 0.1270417 0.1288795 0.1378815 0.2411875 0.1881386 0.1887194 0.2196764 0.1346566 0.5328828 0.6398341 0.3095951 0.3053174 0.1425463 0.1647548 0.469586 0.5690647 0.8780534 0.3712491 0.3187257 0.4141558 1 1 1
0.1270515 0.2037332 0.7240457 0.743718 0.8933703 0.7901134 0.1863118 0.1171774 0.2094947 0.4066121 0.1697085 0.2053371 0.3761178 0.4234886 0.109814 0.05849271 0.1049595 0.2606424 0.03135003 0.6667145 0.9482451 0.5923105 0.7128245 0.3004473 0.2696151 0.1398147 0.1537945 0.162055 0.1116052 0.06813715 0.07615169 0.03985991 0.01950851 0.01414569 0.1568287 0.1284378 0.3237509 0.1211189 0.326249 0.1448212 0.1864226 0.60763 0.2721266 0.1784081 0.3098254 0.1344316 0.3671335 0.589413 0.1896593 0.3885084 0.3725201 0.2303125 0.05949039 0.1182988 0.1056577 0.1461211 0.5099425 0.6493852 0.1628823 0.3115032 0.7165887 0.7893193 0.9527819 0.929621 0.8533728
0.1179938 0.03788919 0.5810878 0.7845346 0.945383 0.9360864 0.4243354 0.2299171 0.5466303 0.5532136 0.1633204 0.03046585 0.3109065 0.05546537 0.06374481 0.1223899 0.5646942 0.6186613 0.1215398 0.579878 0.7842272 0.6369066 0.8506883 0.2442569 0.2092012 0.1193642 0.2603699 0.1069739 0.03045893 0.07122858 0.1058643 0.122603 0.2961082 0.4090017 0.4212361 0.3968906 0.02484132 0 0.02049528 0.3378992 0.1517105 0.2585087 0.2217287 0.1890354 0.5418732 0.2675542 0.6235856 0.4936069 0.5093814 0.277429 0.2114245 0.4933742 0.2106716 0.08899768 0.1794417 0.2598942 0.2448488 0.4492355 0.5524733 0.6012853 0.9943148 1 0.9701051 0.8810444 0.990035
0.2000011 0.03266193 0.1715806 0.06543501 0.2259821 0.6256115 0.118871 0.04982489 0.0674992 0.009964978 0.02751855 0.1082223 0.08104065 0.2888921 0.07280178 0.2507137 0.6773033 0.4901685 0.6234035 0.5599013 0.5058235 0.9933729 0.9829896 0.1608087 0.5755135 0.6077383 0.306392 0.08441287 0.1125241 0.656266 0.8135123 0.5905145 0.1230691 0.2820595 0.1534388 0.02989493 0.1108001 0.03867461 0.06437242 0.3198041 0.3007036 0.2880259 0.3815583 0.5328237 0.9861033 0.8321171 0.7525747 0.6810125 0.652924 0.2395072 0.1651688 0.4445144 0.1041372 0.08121379 0.1558171 0.4213202 0.6742733 0.1658604 0.9710684 0.9922753 0.9849663 1 1 0.9647791 1
0.1272244 0.2047626 0.07860458 0.04320684 0.005996847 0.04820535 0.053767 0.1308307 0.3423677 0.05147023 0.1054728 0.09511746 0.02553425 0.07862075 0.1578221 0.0289498 0.1063141 0.1739711 0.4147104 0.4138705 0.6778997 1 0.6112757 0.09626589 0.5568055 0.2357951 0.1156025 0.2070872 0.06325574 0.1346146 0.006603972 0.009964978 0 0.04418148 0.01430768 0.02989493 0.0838609 0.0808257 0.3747739 0.1607732 0.3425938 0.1651911 0.2428924 0.7887116 0.9943354 0.998933 0.8955735 0.4957356 0.3706386 0.4120063 0.03517531 0.2300011 0.1350525 0.1416937 0.2037811 0.2836866 0.741927 0.08890198 0.8278273 0.7715215 0.7217549 0.8442946 0.9386833 0.703939 0.9086846
0.119887 0.3120671 0.1835756 0.02984495 0.009964978 0.1319953 0.5890594 0.7658365 0.4698817 0.1318642 0.1007738 0.1027607 0.23215 0.1730726 0.02864376 0.3047718 0.4167365 0.3768589 0.4965335 0.6607627 0.7635087 0.7294202 0.3698816 0.20285 0.01645785 0.2468526 0.4275184 0.8615965 0.4679151 0.1684529 0.05772295 0.05128628 0.02482129 0.1695341 0.1605089 0.2944564 0.2030766 0.632521 0.3317331 0.1392449 0.2431166 0.2170137 0.365701 0.5462593 0.9938774 0.9994891 0.7575275 0.4099186 0.3360795 0.3340978 0.2549988 0.1590016 0.1089322 0.02989493 0.09689079 0.3097704 0.1834055 0.03022825 0.8043982 0.6108984 0.8772446 0.9260948 0.8450708 0.6851508 0.9666128
0.04536017 0.1365573 0.1626939 0.01391719 0.08724919 0.07402179 0.2182099 0.4821931 0.4086697 0.04617719 0.2737681 0.1183433 0.1475546 0.2192964 0.08363687 0.01061398 0.3900847 0.03050763 0.492037 0.5511055 0.3151523 0.2220474 0.1635194 0.002376593 0.004414873 0.5153602 0.7966941 0.9561233 0.08981673 0.008892078 0.02253327 0.6025868 0.5050932 0.1201864 0.1007973 0.118765 0.1119391 0.3534569 0.4483009 0.3199375 0.5470221 0.6448253 0.4700354 0.5447412 0.6028363 0.6426112 0.8797606 0.5457348 0.4301497 0.2242157 0.1657446 0.07422329 0.07931801 0.04439427 0.1729284 0.7492206 0.1702907 0.04734617 0.8011035 0.4802644 0.436393 0.8847209 0.6429317 0.2824543 0.6325049
0.08542615 0.045849 0.01401332 0.179777 0.07997525 0.03144319 0.2261574 0.2257818 0.04367139 0.009964978 0.3220553 0.1574817 0.5846223 0.138493 0.06056399 0.1952944 0.7149813 0.3792582 0.6065134 0.7145181 0.881171 0.2070925 0.1280786 0.05479403 0.1331719 0.3076714 0.2479279 0.301464 0.01773904 0.1453672 0.2992295 0.2085598 0.1735031 0.03985991 0.0694137 0.07535375 0.118146 0.2209709 0.07713586 0.5839695 0.5773331 0.3370571 0.1716322 0.3473741 0.3902419 0.7990918 0.6540185 0.938536 0.9452873 0.4195191 0.4301777 0.2324211 0.06123392 0.1637186 0.2793144 0.7598099 0.03330048 0.1672715 0.8177976 0.7996309 0.6588103 0.9954731 0.5969653 0.3940197 0.2151776
0.1420257 0.121247 0.1467605 0.3932948 0.260691 0.1153244 0.09492725 0.3675272 0.1195797 0.08164195 0.2609333 0.6157963 0.5074232 0.1048223 0.1850865 0.2079736 0.5392197 0.3740374 0.5379786 0.7007405 0.8997959 0.1382626 0.08615727 0.2183235 0.3803984 0.3626034 0.1922783 0.2551322 0.239612 0.1317776 0.04104275 0.3147144 0.07974247 0.2729818 0.2488632 0.1895111 0.05292519 0.2153513 0.2590967 0.2992515 0.2668287 0.2708913 0.2287452 0.3076185 0.4379616 0.198301 0.1373852 0.1561307 0.8529672 0.8318115 0.9157816 0.4304103 0.3892157 0.5653818 0.5315024 0.4621214 0.03452482 0.2829345 0.8369821 0.09536514 0.5360944 0.9548413 0.5912856 0.08239184 0.5462191
0.150833 0.09717428 0.2568232 0.5999198 0.8609419 0.3120525 0.1130765 0.2553021 0.1624415 0.06975485 0.2141255 0.4255107 0.4785086 0.321181 0.5151607 0.7616757 0.565944 0.684022 0.8093555 0.6796132 0.5704172 0.1711252 0.1478156 0.1814787 0.2441979 0.3358366 0.1414027 0.1960498 0.2070928 0.4003653 0.2540329 0.1220713 0.2350388 0.1799773 0.4534412 0.751386 0.391107 0.3089318 0.09205218 0.128149 0.6017292 0.647162 0.5448122 0.1801986 0.2161081 0.2604588 0.1931249 0.4032754 0.7793457 0.4998941 0.4475297 0.1521885 0.1258691 0.3545435 0.2125343 0.1301669 0.2526837 0.6038607 0.793991 0.4011231 0.6632256 0.4907882 0.4411228 0.4573072 0.4904842
0.03046762 0.1361063 0.1936801 0.2593454 0.2422128 0.2005723 0.1762961 0.2399906 0.5698188 0.3668614 0.04596149 0.1295025 0.1431905 0.6365756 0.8888324 0.7283118 0.6320456 0.7738126 0.7863245 0.7870519 0.6230022 0.3552055 0.182566 0.14121 0.04231812 0.176512 0.2786917 0.3131884 0.1773021 0.1896014 0.1644979 0.4141094 0.7535536 0.6596427 0.7814399 0.9636033 0.3474477 0.2871724 0.2218366 0.4566978 0.6950704 0.7267743 0.2065392 0.5716357 0.6053556 0.2999893 0.5386499 0.4043986 0.217661 0.1666902 0.2266063 0.03657917 0.02498833 0.2333716 0.1415978 0.05553553 0.03594098 0.7410786 0.8148303 0.450917 0.9522903 0.627807 0.370813 0.244811 0.151709
0.1549455 0.0614152 0.08968481 0.0472253 0.209608 0.04190227 0.08579051 0.6336644 0.3988724 0.6916344 0.3941454 0.3502919 0.3672075 0.4625519 0.7920114 0.8218249 0.608517 0.8878153 0.990035 0.4802415 0.09712724 0.06777696 0.5841835 0.6125412 0.2863874 0.3713712 0.2645578 0.3834381 0.3028479 0.1931711 0.1874959 0.4828381 0.6648321 0.9502771 0.8689395 0.319537 0.230112 0.1970856 0.1091183 0.1358814 0.2733192 0.05147379 0.02989493 0.06730929 0.43402 0.1300196 0.04773283 0.1002247 0.09149149 0.03630446 0.2469858 0.4356338 0.3220937 0.7435783 0.3057024 0.5519906 0.1881317 0.5893325 0.4078105 0.4012775 0.9540717 0.7213529 0.7966844 0.8004283 0.2470295
0.05431718 0.1138197 0.07237187 0.01586118 0.2893975 0.1822022 0.1514333 0.631073 0.3118322 0.7020376 0.4730411 0.4526208 0.604721 0.7788771 0.8101659 0.925106 0.7280362 0.6622621 0.7642187 0.7199484 0.1814585 0.5323876 0.8683342 0.7056594 0.5690063 0.1675883 0.1323561 0.1459043 0.5094995 0.1146119 0.06518526 0.1328673 0.4263732 0.5872061 0.8947162 0.696212 0.6367295 0.2325625 0.03162527 0.2704977 0.3494987 0.3363752 0.4124051 0.8715198 0.9800564 0.8307613 0.2383802 0.07865355 0.09066857 0.1775383 0.5388183 0.9866208 0.8235852 0.7412607 0.03664634 0.1739024 0.1706551 0.3165444 0.5096014 0.927064 0.9701051 0.7676051 0.2818297 0.3372692 0.1125593
0.1407949 0.2162796 0.2156935 0.009964978 0.2819252 0.2737153 0.07085756 0.1611138 0.03990634 0.4733195 0.2414426 0.6564285 0.8811324 0.9744579 0.9511896 0.9254096 0.6274363 0.8992533 0.7964252 0.8831652 0.6921752 0.464614 0.6593583 0.2315109 0.4399514 0.0600994 0.3691775 0.16209 0.1632144 0.1753826 0.08641478 0.2831458 0.2106134 0.191476 0.5249212 0.8566496 0.231729 0.2836 0.4320833 0.0350877 0.1184078 0.2520243 0.106707 0.4965093 0.793272 0.4522127 0.1052314 0.0122347 0.1405054 0.3301224 0.7235879 0.2644094 0.6424093 0.7126959 0.2813053 0.1152687 0.2609531 0.6662751 0.4069396 0.5501525 0.802236 0.7810935 0.4876062 0.3898624 0.4594408
0.08798044 0.2060203 0.6146952 0.147466 0.3579058 0.3896186 0.09739261 0.07692184 0.1925457 0.02378142 0.1714019 0.7268826 0.9467189 0.9757885 0.9775296 0.7329355 0.8072088 0.8992804 0.9800701 0.8483402 0.6591592 0.2423255 0.0679755 0.4136802 0.124249 0.2955351 0.4232785 0.2220904 0.160632 0.1330478 0.1564946 0.1482828 0.143501 0.1743558 0.2856041 0.08733968 0.1783633 0.781053 0.8734905 0.09224524 0.0493979 0.4923492 0.2928181 0.4845743 0.5340106 0.111164 0.2355056 0.2430165 0.5456643 0.2952532 0.1124907 0.06967179 0.006940281 0.3483925 0.8310923 0.4618273 0.2626508 0.7070404 0.4024804 0.6688051 0.2885208 0.0633821 0.5750802 0.3661298 0.7089244
0.09472445 0.1378313 0.1807911 0.1811677 0.2622634 0.474281 0.03876506 0.1120355 0.5038654 0.5505679 0.2918253 0.3006864 0.4329656 0.9539441 0.9410141 0.9473496 0.8573016 0.9704096 0.8934641 0.5877614 0.7199109 0.625621 0.4188862 0.2630646 0.07599751 0.3207905 0.4623475 0.1930617 0.1706187 0.2836389 0.0233762 0.02382647 0.009964978 0.1992143 0.3318223 0.220637 0.7514516 0.9712887 0.7608831 0.2808147 0.3078779 0.08376667 0.1530043 0.3322555 0.2912279 0.6975166 0.1580084 0.2244344 0.4373209 0.1294822 0.06718266 0.4135247 0.2486234 0.1448677 0.4820554 0.4654422 0.5996074 0.5461813 0.4372143 0.8661256 0.5096247 0.1031027 0.2264391 0.2568708 0.01448204
0.07899605 0.2156134 0.1259973 0.1371931 0.4189232 0.6157259 0.2450292 0.231955 0.1914685 0.3324348 0.6438239 0.5209305 0.3160194 0.8897286 0.934923 0.9701051 0.9301727 0.900748 0.8399057 0.6406063 0.8873045 0.5560337 0.3453586 0.3068033 0.2328053 0.1963194 0.1368134 0.2264371 0.2871816 0.1693012 0.048007 0.1753586 0.1107662 0.2971379 0.2198625 0.5620615 0.543007 0.726692 0.3133723 0.1272119 0.09730073 0.4306676 0.5842025 0.2417025 0.2125951 0.46172 0.06708504 0.07542549 0.456439 0.531025 0.1380025 0.4043222 0.06962355 0.2367242 0.408601 0.1405317 0.315157 0.6423082 0.687491 0.9871794 0.7709097 0.300302 0.07507551 0.1411955 0.05804894
0.05155892 0.1962565 0.1125349 0.1281993 0.2591168 0.2456615 0.3361811 0.2268256 0.3657951 0.6161357 0.7577674 0.398451 0.635836 0.7095189 0.908619 0.9601401 0.9549938 0.9367608 0.7757753 0.1337289 0.3533075 0.2853547 0.2538183 0.1296118 0.3075378 0.1138622 0.1353388 0.191765 0.2786466 0.2897203 0.2892671 0.6772946 0.5080537 0.4149312 0.0514955 0.2377737 0.1774637 0.3522334 0.1892888 0.2810419 0.2224496 0.7341725 0.4927838 0.2533703 0.08149371 0.1293934 0.5052994 0.09669973 0.3108316 0.7632899 0.272229 0.03206203 0.1816757 0.1058466 0.2974661 0.3016345 0.1911675 0.368932 0.6815701 0.8420488 0.7615495 0.7177815 0.3005135 0.4793441 0.2544446
0.3610774 0.164162 0.3908673 0.5022168 0.1427767 0.05978987 0.5441129 0.6442971 0.6744902 0.2250345 0.1976584 0.4592718 0.3770026 0.8631017 0.9617005 0.9669001 0.9334502 0.9862734 0.8679498 0.3756808 0.5556809 0.6802897 0.3744544 0.01255745 0.4533459 0.3996833 0.3121081 0.3438623 0.6235762 0.5461478 0.1603566 0.3542169 0.2785289 0.4387809 0.1391634 0.1798035 0.1002582 0.06067986 0.0812425 0.0103734 0.2500205 0.5675113 0.297597 0.3126486 0.2547358 0.5243897 0.3045309 0.08461715 0.2353037 0.3184843 0.09134102 0.05125394 0.4041214 0.319849 0.128168 0.3114128 0.07372503 0.7055922 0.3377833 0.5349219 0.4570123 0.2050761 0.193471 0.2454936 0.2574377
0.08821329 0.06071081 0.3354582 0.6344712 0.1072853 0.09775987 0.2003065 0.3193991 0.3800168 0.2190493 0.2045366 0.6365121 0.7439658 0.5356882 0.9926834 1 0.8460848 0.990035 0.9956478 0.3369963 0.6369825 0.8242279 0.5674267 0.4024584 0.7554804 0.5329931 0.2492244 0.3998176 0.3426555 0.05058957 0.01667488 0.09182221 0.1559484 0.1581826 0.1985484 0.3329718 0.08894432 0.08993997 0.4565887 0.4350618 0.6724045 0.8685097 0.7086136 0.6300733 0.7007056 0.5275436 0.6750349 0.4346692 0.3702387 0.2257403 0.1778676 0.1356126 0.2102724 0.03985991 0.1826799 0.6388338 0.2049576 0.4570324 0.04951991 0.6375738 0.274537 0.1249694 0.2470539 0.6199511 0.2769876
0.1482781 0.132384 0.2056244 0.1378486 0.209892 0.3350913 0.09764612 0.5338817 0.8080925 0.6926404 0.5214086 0.9088505 0.7279102 0.8710473 0.9183727 0.9167109 0.7683936 0.9315251 1 0.5850422 0.3616689 0.4125402 0.2426539 0.188737 0.2917655 0.298014 0.3585519 0.06425246 0 0.0114041 0.0609915 0.5354165 0.04420494 0.196391 0.8746933 0.642886 0.09109556 0.220198 0.4210675 0.2209572 0.2370182 0.8848373 0.8862691 0.7101147 0.7463838 0.6114109 0.6276029 0.3464385 0.210591 0.2554366 0.5273077 0.3831258 0.2079453 0.07087193 0.137148 0.6545674 0.2934093 0.3142597 0.2340753 0.5175791 0.121609 0.1704181 0.0345921 0.1068654 0.1990623
0.1083294 0.1608044 0.07357476 0.0825989 0.2305812 0.6323218 0.5127258 0.8669479 0.699516 0.6907014 0.2162242 0.5883347 0.1683729 0.4138924 0.87141 0.7868972 0.4820453 0.9239684 0.8805872 0.8730184 0.39267 0.3554345 0.284103 0.4243826 0.3543792 0.8081725 0.7401506 0.2776421 0.3818525 0.5701183 0.07077146 0.2545137 0.3788679 0.01874416 0.5748609 0.5111654 0.2889952 0.1618109 0.3025199 0.6078286 0.1938199 0.4302922 0.8946525 0.3096798 0.2549351 0.1751594 0.2088816 0.5791314 0.8921314 0.4807787 0.5154395 0.744189 0.2475154 0.08447643 0.2426671 0.5661806 0.7081155 0.8300452 0.6218923 0.8749093 0.5694883 0.2576636 0.1449083 0.2245513 0.2828653
0.03325696 0.04975823 0.2728332 0.3136142 0.2705323 0.06186738 0.2081804 0.7872443 0.5786302 0.6369241 0.5402069 0.2061846 0.4127603 0.2718973 1 0.6059093 0.342766 0.7770576 0.5410516 0.5384073 0.8223062 0.4053731 0.4474356 0.2212474 0.270686 0.5627147 0.9596321 0.730245 0.09241582 0.5269231 0.3697479 0.2637451 0.5918702 0.3422244 0.2896766 0.459392 0.3198296 0.07935315 0.5601723 0.2258451 0.258405 0.3418704 0.1815362 0.6493538 0.5653358 0.3165867 0.2913531 0.3333993 0.467023 0.4525528 0.1516184 0.1888182 0.1592358 0.122772 0.2430991 0.8030879 0.8722519 0.4041849 0.1005305 0.629137 0.5890545 0.2094292 0.1247234 0.321845 0.425655
0.3765982 0.6413682 0.6584916 0.1046121 0.3226709 0.1611682 0.08820906 0.2761776 0.3284172 0.9287403 0.9747231 0.1902266 0.3769155 0.2371393 0.5321497 0.08249424 0.7620271 0.6421252 0.6101418 0.3275699 0.743136 0.2933073 0.442007 0.3758953 0.3103836 0.4482102 0.6096237 0.2924302 0.2508813 0.4106113 0.1399474 0.4559138 0.3095892 0.1840883 0.1411924 0.2715873 0.2868592 0.1887067 0.2202066 0.2355437 0.09657509 0.3924219 0.2153146 0.6920099 0.8061513 0.65757 0.3841269 0.5744269 0.1724488 0.1629191 0.1105838 0.2567919 0.292108 0.4970081 0.1570671 0.3449299 0.5765691 0.3402335 0.2616255 0.1719972 0.3042977 0.01702912 0.04345154 0.1637692 0.1986989
