EnvRasters/GE_Low/urban.asc
ncols         270
nrows         223
xllcorner     24099.479091542
yllcorner     21023.840179216
cellsize      1003.8986847201
NODATA_value  -9999
[rows 58 to 86 of 223, columns 130 to 194 of 270]
0.1844798 0.531303 0.5120662 0.3109137 0.7315095 0.333456 0.6569154 0.3932413 0.3729402 0.287384 0.1810277 0.247559 0.2318778 0.2639724 0.3205054 0.2997757 0.1882001 0.5659531 0.2224066 0.353945 0.3964979 0.4190722 0.447585 0.3756222 0.6966454 0.3383577 0.7639123 0.9371318 0.7934052 0.4429182 0.1076291 0.07264324 0.2902845 0.3350596 0.2895013 0.3438792 0.4956481 0.3740561 0.2344566 0.05541045 0.0480063 0.1748247 0.55395 0.9027675 0.2176913 0.2758884 0.06028564 0.07386101 0.2189446 0.1157509 0.1159866 0.1919781 0.4963344 0.6506558 0.1636356 0.1571486 0.72755 0.495765 0.4652909 0.5461297 0.3741995 0.2529882 0.09323931 0.2778621 0.6305733
0.2372456 0.5931103 0.6850152 0.3324855 0.5090451 0.5297181 0.4526212 0.6858236 0.5400641 0.8442635 0.3934769 0.2133944 0.376125 0.9349253 0.5558136 0.2881329 0.08789021 0.2071545 0.1979309 0.4107749 0.3657804 0.2183018 0.1137969 0.03850922 0.077674 0.09975021 0.7716421 0.5196158 0.5605378 0.4424275 0.5448954 0.3489904 0.5152456 0.4306044 0.3216936 0.4532606 0.6526673 0.7246922 0.528861 0.2263494 0.3787614 0.3989289 0.7103203 0.9069242 0.3455461 0.03647103 0.2988113 0.6915517 0.6024825 0.2434866 0.1905897 0.2493642 0.4435498 0.08900867 0.1095615 0.2141874 0.2208301 0.02908044 0.3315227 0.5767336 0.09742976 0.009964978 0.03890308 0.1344245 0.8281713
0.3656035 0.5708633 0.5549446 0.2664715 0.875274 0.4308851 0.1141648 0.1745777 0.2718558 0.5228276 0.5867686 0.412445 0.2169865 0.4051449 0.538827 0.2085974 0.07217662 0.190646 0.5515448 0.2286183 0.2054293 0.2560689 0.4837082 0.5305924 0.258022 0.309862 0.3277192 0.05727839 0.3968748 0.3218603 0.1357494 0.2187242 0.6056289 0.4117238 0.27838 0.491707 0.4306892 0.5270073 0.3175891 0.07531929 0.02606085 0.1182326 0.3177137 0.1664992 0.6198397 0.1616816 0.1642039 0.2533402 0.3503883 0.5653265 0.512076 0.04437718 0.09837022 0.08483958 0.01327039 0.1622325 0.2156775 0.1694555 0.5351374 0.4136765 0.003010958 0.02198819 0.01049814 0.2340225 0.7065853
0.478602 0.6947904 0.1895827 0.3740615 0.733798 0.3928099 0.2109794 0.04052315 0.1401279 0.1336301 0.4574459 0.7364273 0.8277767 0.6817732 0.5388951 0.2272364 0.3341171 0.09185001 0.1709491 0.3541879 0.4609394 0.7959683 0.7478174 0.6526838 0.4624275 0.366588 0.2156576 0.1352204 0.2942828 0.1004348 0.2004424 0.09313793 0.3523872 0.2481997 0.2522227 0.4102052 0.167958 0.1829348 0.1080418 0.02977137 0.1495856 0.1312329 0.02274657 0.0687443 0.5241578 0.3468564 0.1476348 0.1049162 0.1863267 0.09068757 0.009964978 0.06106033 0.577137 0.436323 0.3038881 0.2509984 0.3920183 0.190514 0.3240916 0.2272571 0.1569895 0.2837139 0.5953574 0.8458487 0.4700495
0.221049 0.5845427 0.4822465 0.2230129 0.2425656 0.08898196 0.1562618 0.3414066 0.3304501 0.2687913 0.5357187 0.3799486 0.1097463 0.31802 0.5154697 0.04115913 0.1329968 0.356496 0.1010936 0.7937383 0.4838622 0.4485501 0.7248186 0.1054362 0.2232575 0.200729 0.1822121 0.4710782 0.4118461 0.07135151 0.08362921 0.2820656 0.2396284 0.1855072 0.1878004 0.1488321 0.2544572 0.1632629 0.2368099 0.2805945 0.3817697 0.3719033 0.07848276 0.104419 0.1245017 0.2545355 0.2983799 0.744445 0.1852339 0.05237868 0.04375998 0.2876479 0.3082713 0.6171888 0.6149594 0.5791681 0.5600124 0.5403653 0.9597963 0.3843536 0.3083605 0.8202089 0.5550826 0.955887 0.9800701
0.7808759 0.3309969 0.3319062 0.2052488 0.06828486 0.1688283 0.144392 0.2390969 0.7016697 0.5302413 0.318507 0.1737702 0.2177096 0.1773469 0.537675 0.4652593 0.3044296 0.2539705 0.2233323 0.1919722 0.4870219 0.7668424 0.560812 0.3849783 0.3096266 0.1103651 0.2722469 0.3045835 0.1617752 0.06487914 0.2753251 0.09469809 0.2606242 0.4118129 0.3122369 0.232856 0.5562534 0.6505179 0.269689 0.05444071 0.08477001 0.241883 0.134113 0.01819668 0.1831887 0.06867095 0.171375 0.653583 0.1588574 0.4457242 0.3677791 0.8514216 0.1679325 0.128608 0.1041453 0.301023 0.1413131 0.318352 0.2945864 0.6298166 0.7640879 0.756087 0.9011795 0.8323618 0.8524308
0.9621715 0.566287 0.3205385 0.4161338 0.5458047 0.3745591 0.1224237 0.500237 0.5232161 0.3685497 0.4906399 0.1078672 0.2405488 0.3791152 0.1538946 0.2818693 0.1587795 0.4056953 0.4079 0.09743351 0.5657431 0.3981685 0.06192628 0.03347924 0 0.1190049 0.1183902 0.2754954 0.05981101 0.3342343 0.1295463 0.01992996 0.1506702 0.4944919 0.3341282 0.197836 0.197253 0.1097187 0.1493073 0.1115666 0.02909287 0.02989493 0.2575961 0.3312302 0.4795543 0.09651656 0.2039698 0.2395623 0.1858161 0.4637509 0.1271393 0.7001404 0.1520148 0.05483529 0.1508591 0.1714288 0.01008948 0.05968016 0.04940005 0.234372 0.2561795 0.7465158 1 0.9800701 0.9671764
0.9513509 0.7937865 0.3948691 0.1060189 0.4099939 0.8891997 0.6795864 0.3448662 0.336928 0.4265134 0.1490865 0.07016199 0.09972224 0.3107387 0.3318426 0.1208798 0.2935103 0.5905514 0.8344906 0.6633446 0.5607855 0.06531479 0.2714417 0.2972627 0.1676836 0.2376439 0.3561564 0.09524187 0.1256624 0.1600814 0.174938 0.1018354 0.1733216 0.3566519 0.2806321 0.04637892 0.08093163 0.2826042 0.1980478 0.2115078 0.1162315 0.02566189 0.04760908 0.1227121 0.2015281 0.02592231 0.05141038 0.1198249 0.1175609 0.1764236 0.2318458 0.2267706 0.1451984 0.1690792 0.09439342 0.2451602 0.2284998 0.548714 0.3941371 0.04753307 0.3696018 0.2993256 0.9938228 0.9387191 0.8521198
0.9103733 0.6747006 0.634396 0.7344958 0.8123353 0.7329091 0.04136128 0 0.06524303 0.1608103 0.01000718 0.05544157 0.02517152 0.03326893 0.08043862 0.287078 0.3749404 0.5762153 0.2981698 0.5839547 0.4400802 0.6096056 0.6476811 0.1753256 0.2672126 0.07391662 0.1894275 0.2237303 0.120859 0.1694268 0.3924903 0.2328649 0.1670464 0.2418791 0.2814408 0.1381857 0.2010853 0.1238176 0.2270814 0.4422948 0.4931639 0.2089366 0.2378493 0.1356272 0.1880203 0.09936149 0.09958649 0.01303825 0.07397574 0.1024488 0.02632217 0.07262165 0.1563265 0.2228567 0.1128532 0.07872527 0.3514866 0.6093802 0.076162 0.1670546 0.1334041 0.1757701 0.8423376 0.917156 0.5818958
0.7928798 0.8631508 0.9420559 0.9928565 0.9994477 0.961518 0.1715495 0.02632378 0.2791744 0.4977419 0.3396114 0.2550725 0.3658856 0.5601101 0.2081369 0.2708963 0.945962 0.6900487 0.3729336 0.7358749 0.6112536 0.4986624 0.2845589 0.4525518 0.4289753 0.0408909 0.1956526 0.2067589 0.2244556 0.1979167 0.6702925 0.62081 0.09120646 0.03794986 0.04024253 0.1823504 0.140502 0.05335322 0.006405004 0.1304493 0.2169405 0.02989493 0.01163884 0.3442501 0.388727 0.2514994 0.2568555 0.2661819 0.1860996 0.007574374 0.2569146 0.1450405 0.3279343 0.4983789 0.1530381 0.1551144 0.2826731 0.2708361 0.2402519 0.2190431 0.3858025 0.7368999 0.5693344 0.3734988 0.8053128
0.6878367 0.7956869 1 1 0.9833367 0.8418291 0.3065094 0.4471034 0.7754999 0.3001156 0.274391 0.3031663 0.5252391 0.7689621 0.7330161 0.3346609 0.3688173 0.6623003 0.7916769 0.8230773 0.8679782 0.5711274 0.4694096 0.4064869 0.5328863 0.1938167 0.3099398 0.5447637 0.3033945 0.131933 0.1272069 0.1612881 0.3027135 0.1144744 0.297408 0.08967339 0.09661699 0.1859172 0.1486297 0.07206716 0.1989966 0.1737541 0.06208916 0.1759674 0.1334333 0.1643792 0.2410385 0.4695008 0.03296209 0.07717494 0.2062162 0.1323548 0.2140491 0.2766174 0.4183729 0.2251507 0.1333016 0.04207786 0.4368902 0.4644983 0.3159914 0.5740386 0.2725302 0.2208361 0.5245374
0.9725341 0.8704553 1 0.8999387 0.6411496 0.3231989 0.4335926 0.9806869 0.6186476 0.2064677 0.1829244 0.3794096 0.1084408 0.1185268 0.4790133 0.4543034 0.5444483 0.671387 0.9518508 0.953868 0.9641207 0.8721331 0.6370157 0.7094172 0.4805056 0.2922335 0.1973923 0.1867442 0.3940826 0.1256549 0.1583572 0.1209198 0.0476755 0.1735769 0.2404648 0.09427121 0.2933581 0.2357341 0.06511572 0.2806906 0.09742171 0.06953542 0.2029155 0.06017227 0.01654204 0.09196915 0.1883523 0.3031839 0.05858288 0.04982489 0.1254002 0.4669246 0.3512094 0.3783608 0.1134864 0.24579 0.2271392 0.1119767 0.1599466 0.2485327 0.7109433 0.3774122 0.160769 0.1635495 0.3980579
0.7619542 0.9201434 0.930382 0.7637233 0.6784171 0.7674274 0.4869284 0.861709 0.4319297 0.4533188 0.5830657 0.2673132 0.05352681 0.1190009 0.03247336 0.0768106 0.7761741 0.9480729 1 1 0.990035 0.8537972 0.4886128 0.2402488 0.1193379 0.1753796 0.1421385 0.228358 0.5801736 0.1578113 0.171236 0.4011319 0.3208503 0.107415 0.2807133 0.2055088 0.1535519 0.159798 0.1238597 0.1240196 0.1203631 0.1257691 0.2487827 0.117614 0.1728562 0.2329819 0.2317475 0.1373478 0.1555071 0.05460886 0.01849785 0.08182417 0.1925245 0.2634633 0.06362789 0.1274894 0.5668359 0.2243546 0.4424188 0.2909272 0.4952886 0.7803739 0.4292007 0.227176 0.208111
0.6502297 0.9767259 0.7438456 0.7135687 0.8398997 0.688641 0.5595711 0.5953491 0.08136585 0.2808923 0.06434453 0.1164687 0.1620204 0.4840648 0.4323498 0.2374039 0.888938 0.8463817 0.9297399 0.9758775 0.9731765 0.6897666 0.5790824 0.209199 0.1905275 0.4864838 0.1616555 0.1520654 0.2411764 0.08106679 0.1707574 0.2217821 0.105032 0.07636034 0.1430289 0.1797214 0.5027605 0.2053376 0.2227015 0.05878334 0.1311409 0.1354219 0.2108165 0.1458883 0.4098028 0.1909487 0.3014254 0.04906015 0.1844595 0.2595067 0.07336126 0.06749024 0.1676678 0.5555002 0.02844026 0.1582308 0.1836064 0.2584521 0.3665923 0.3451762 0.26111 0.369233 0.2079008 0.2313 0.09956609
0.8446609 0.9521673 0.861998 0.6337245 0.9447933 0.9660115 0.5370656 0.4229496 0.2345611 0.06637834 0.1183425 0.1337199 0.3779598 0.7433865 0.6204332 0.6066614 0.4602741 0.8007836 0.9537638 0.7460986 0.4233931 0.6422644 0.7365175 0.5930997 0.2122332 0.2215098 0.06760702 0.2357827 0.08666984 0.2638377 0.2079808 0.08932135 0.1718671 0.02665983 0.3575722 0.1400347 0.2987176 0.05325835 0.11394 0.301383 0.1783445 0.113802 0.0277846 0.08413558 0.0956302 0.3499079 0.2466703 0.2636636 0.03267061 0.03835598 0.06841478 0.338763 0.2751826 0.6416938 0.0618005 0.07127472 0.1859495 0.1923171 0.3699708 0.3553866 0.3007303 0.2633548 0.1638587 0.3488723 0.1885186
0.9159794 0.8903852 0.985496 0.9054334 0.8549343 0.5132714 0.09816673 0.7412047 0.3585383 0.2000584 0.4275258 0.5010152 0.2342585 0.03138043 0.08987314 0.2772471 0.3080594 0.5174292 0.5584927 0.3524516 0.871598 0.285268 0.5419718 0.190688 0.6847813 0.2161943 0.06767998 0.1455156 0.002382479 0.1639809 0.2288388 0.3020455 0.08794001 0.03885844 0.1120002 0.06720976 0.3624687 0.07695345 0.03985991 0.227213 0.2211998 0.2348894 0.1163637 0.2833478 0.1403303 0.06260724 0 0.08553147 0.1016002 0.1972341 0.3029456 0.03056461 0.04018899 0.0104364 0.001668682 0.1612108 0.3179165 0.1028226 0.1450387 0.0193014 0.07071323 0.2808824 0.1639478 0.2421842 0.4747473
0.9501751 0.9601401 1 0.992302 0.9514927 0.5939499 0.1136234 0.5448887 0.4054211 0.09038353 0.5162317 0.3182621 0 0.00799075 0.2425371 0.1642328 0.545149 0.0499796 0.2206068 0.304783 0.617331 0.3549789 0.349469 0.08671531 0.185338 0.313423 0.0936172 0.4997222 0.4537861 0.3735023 0.05788869 0.06493415 0.07241198 0.3894938 0.1751515 0.3356178 0.4136459 0.07693487 0.06892727 0.2112326 0.09123154 0.3000917 0.4280409 0.3587301 0.02709642 0.07310474 0.01423909 0.04163768 0.09826451 0.121813 0.1485005 0.1011325 0.3473932 0.3029207 0.1759796 0.4182355 0.05975823 0.3104801 0.1727512 0.1434532 0.1813881 0.3049857 0.3599955 0.7008501 0.3694412
0.9701051 1 0.9601401 0.9679014 0.7169412 0.5705687 0.7577364 0.7841132 0.7178697 0.4723575 0.02739809 0.02224739 0 0.04862868 0.2510065 0.5336586 0.4274885 0 0.4400436 0.4569239 0.591181 0.2602765 0.3870924 0.1442429 0.1621265 0.2104658 0.003880342 0.2628211 0.3520655 0.4997538 0.531924 0.203188 0.03626054 0.3951328 0.3694651 0.1227622 0.1360315 0.06086665 0.2260495 0.3413059 0.1069861 0.3296219 0.007914074 0.001277835 0.07736877 0.0899839 0.3278449 0.5609199 0.0834996 0.2877169 0.2138338 0.2291691 0.2760541 0.464443 0.5728223 0.130513 0.2291656 0.4955751 0.3594884 0.1692521 0.1273213 0.01740967 0.335374 0.2996001 0.3546339
0.9019858 0.9111335 0.8209376 0.9158107 0.9054046 0.7931622 0.1676371 0.3419616 0.0485941 0.06372976 0.0004284136 0.007902578 0.07169916 0.1141398 0.09411459 0.6140858 0.1013782 0.2285146 0.4906439 0.6372117 0.6608088 0.1151067 0.3586914 0.2150156 0.1328582 0.06272663 0.3672798 0.3079278 0.2368607 0 0.1825736 0.3885973 0.1883907 0 0.2690755 0.2233448 0.2533331 0.1423437 0.2577333 0.3385409 0.01334109 0.01234296 0.06975485 0.1817532 0.1291405 0.06305943 0.05241056 0.2249259 0.2665826 0.2036033 0.01037338 0.2812948 0.9896197 0.7171326 0.8708252 0.3241425 0.1734643 0.3819242 0.1056406 0.06730326 0.07973323 0.06718604 0.05973442 0.06260515 0.08881715
0.5492324 0.02584463 0.05726463 0.373774 0.9216935 0.7665994 0.3833938 0.5538498 0.5758925 0.2921358 0.009536565 0.0007218748 0.2120036 0.5774428 0.1466603 0.1260968 0.07750539 0.1050617 0.08688603 0.1103008 0.1339322 0 0.1354693 0.07315675 0.1998161 0.1217206 0.21652 0.00394363 0.268999 0.1902109 0.01185332 0.519161 0.3512641 0.3022131 0.6035345 0.8426412 0.7754053 0.1131173 0.07785092 0.06374052 0.3327499 0.3315521 0.01992996 0.09815343 0.01415247 0.1282597 0.03303032 0.1625049 0.01001324 0.4867142 0.3010623 0.5493249 0.9703282 1 0.917878 0.4403414 0.3674114 0.06573655 0.1032826 0.293694 0.3029769 0.1054336 0.02256798 0.363924 0.1873616
0.7860693 0.03275837 0.03004546 0.05344998 0.3396747 0.1337227 0.01505954 0.519682 0.2519136 0.1661192 0.04408299 0.2614788 0.3154427 0.3523538 3.801111e-005 0.595329 0.05196477 0.01509942 0 0.02182331 0 0 0.03838339 0.02772015 0.2495123 0.248688 0 0.03134863 0.1789604 0.01271928 0.1759266 0.06981053 0.06074369 0.2649939 0.9004339 1 0.785777 0.5613881 0.009187713 0.02610725 0.2219208 0.2009736 0.004535643 0.09760714 0.361385 0.08133213 0.4587876 0.5772583 0.1723203 0.05852821 0.1798325 0.3553185 0.7725295 0.7282023 0.3557313 0.6603299 0.2543447 0.0960823 0.3712558 0.4222871 0.4641725 0.2727398 0.2349324 0.5550501 0.5541347
0.1582819 0.01268953 0.1073679 0.1039614 0.3353005 0.1603081 0.1618087 0.4312334 0.5866271 0.04908747 0.08463719 0.4360648 0.07123867 0.2086415 0.1280739 0.4628873 0 0 0 0.009964978 0 0.001460718 0.03623882 0.009964978 0.003122101 0 0.0364874 0.1048439 0.07376177 0.009964978 0.2166006 0.1853133 0.3589196 0.09113257 0.5415906 0.793278 0.8721034 0.5476606 0.4453064 0.1072581 0.1675135 0.1010001 0.32499 0.2475617 0.02421194 0.009964978 0.1330143 0.05854029 0 0.04130057 0.1880939 0.04546823 0.327155 0.2182563 0.4880669 0.3617882 0.01102578 0 0 0.03565589 0.03361233 0.1004528 0.2160783 0.228003 0.2371064
0 0.04656731 0.1579164 0.8875444 0.9200647 0.9065234 0.1805227 0.301056 0.1743157 0.1200273 0.6084272 0.4653773 0.07931188 0.1997565 0.08003481 0.2222723 0.2761681 0.04887547 0.0277729 0.1342995 0 0.2566363 0.1151211 0.03182492 0.01233185 0 0 0.2458227 0.3589119 0.003301875 0.1063161 0.01509112 0.1017819 0.2942925 0.1435286 0.769064 0.06087856 0.23973 0.153175 0 0.09672216 0.08609029 0.1363271 0.2435428 0.01992996 0.0207353 0.000691358 0 0.1219108 0.3499449 0.009465054 0.0409558 0.3730869 0.4978666 0.4150316 0.1261309 0.03609001 0.03387111 0.2248051 0.1154539 0.007584095 0.04356516 0.05985766 0.1277397 0
0 0.5034648 0.3500144 0.4941165 0.7010422 0.876811 0.7043295 0.5099241 0.4556343 0.0649836 0.3292736 0.4022416 0.1794612 0.3785355 0.1803989 0.1782649 0.06556948 0.5516617 0.1696357 0.6323656 0.3143541 0.4585571 0.3131749 0.3478481 0.321998 0.1131937 0 0.162577 0.1101252 0.002354844 0.1775422 0.194361 0.4810252 0.2218304 0.194184 0.02978522 0.09964417 0.07674404 0.01906126 0.1590704 0.1759485 0.0004804405 0 0.01576547 0.003333487 0.300656 0 0.03007247 0.3523215 0.3161955 0.02989493 0.1295805 0.2816348 0.02860407 0.4875467 0.0551482 0.07408932 0.2150133 0.1816435 0.03304809 0.1081402 0.004438109 0.2096301 0.1583069 0.0494294
0.2308743 0.2677338 0.8926122 0.5519679 0.6650409 0.6775512 0.8366588 0.8758754 0.1985092 0.0422671 0.02988016 0.3469726 0.183141 0.2599058 0.1618741 0.5577922 0.09642005 0 0.03152427 0.1201496 0.2448085 0.3997332 0.0833687 0.1261201 0.1677147 0.1203396 0 0.1564041 0.0267551 0 0.1852484 0.3826265 0.6514776 0.3883025 0.2258581 0.1974739 0.4395068 0.08657147 0.1513469 0.2211251 0.02489522 0.280502 0.2809864 0.05494029 0.08037698 0.1313806 0.2588049 0.01992996 0.07977122 0.2075587 0.03893564 0.01871221 0.2642449 0.01608921 0.0306159 0 0.003280813 0.3494061 0.3452876 0.2055178 0.009964978 0.08164182 0.1504081 0 0.1979609
0.1805951 0.6658763 0.8819715 0.8648349 0.8581463 0.2392189 0.644273 0.6453281 0.3186694 0.09333938 0.2079499 0.1997799 0.0916773 0.2098069 0.1710489 0.3165182 0.008910315 0.06634747 0.3069429 0.1612381 0.0124632 0.1552088 0.2440274 0.4636308 0.5369555 0.09882387 0.1195797 0.009964978 0 0 0 0.2781731 0.2639859 0.0692998 0.1515251 0.1424803 0.1420313 0.01612835 0.1758009 0.4723677 0.02630258 0.03720337 0.2836381 0.1048989 0.08094068 0.4231404 0.487556 0 0 0.0706045 0.009964978 0.002045445 0.1175343 0.01199097 0.2994238 0.1231751 0 0.2264632 0.2900286 0.1773561 0.06096771 0.3929264 0.02062093 0.2992344 0
0.05968798 0.1122909 0.5006404 0.5010251 0.5495464 0.3595507 0.4690867 0.1697269 0.2489627 0.5301576 0.01070607 0.08952596 0.5994391 0.2398339 0.06907871 0.0765674 0.3263997 0.2020444 0.1038772 0.2852183 0 0.01928347 0.4317963 0.5672406 0.5130497 0.00181524 0 0 0 0.02836692 0.2152541 0.2867849 0 0 0 0.009964978 0.2091288 0.009964978 0.359272 0.1099006 0 0 0.1075174 0.3355078 0.6815356 0.9403003 0.3493401 0 0.04984558 0.4450161 0.04982489 0.03885744 0.2599435 0.0005240113 0.1963548 0.1258697 0.02989493 0.03985991 0.04593331 0.04474277 0.4893676 0.3714936 0 0.08870872 0
0.009964978 0.0590995 0.2112808 0.3541439 0.8802358 0.6885738 0.2286805 0.1066247 0.1655371 0.1576304 0.1116637 0.05240878 0.3677256 0.1614108 0.1867474 0.04198703 0.3091326 0.4241502 0.3445704 0.04628227 0.02302673 0.02679816 0.2043398 0.5053415 0.01763793 0.114258 0.209067 0.1704203 0.1407495 0.2751914 0.1856771 0.1771326 0.07027278 0 0 0.03985991 0.07948113 0.2918053 0.4980149 0.01442947 0 0.1843265 0.1189185 0 0.2015481 0.6645047 0.08288259 0.04982489 0.2356244 0.5166075 0.04583228 0 0.3187752 0 0.1268572 0.003653112 0.1757165 0.1507234 0.3500983 0.0578437 0.1997713 0.1374155 0.06049377 0 0.00682732
0 0.1212511 0.4216744 0.7612883 0.8463593 0.4569521 0.2859552 0.3373254 0.5188743 0.1562311 0.4818532 0.7865266 0.3229029 0.01992996 0.1253022 0.4706348 0.3631487 0.3419565 0.744449 0.2571879 0.1027627 0.02087977 0.2417645 0.1481823 0.06635932 0.07507659 0.02989493 0.154607 0.03981075 0.02202608 0.02393635 0.1714543 0.2685365 0.009964978 0.07836276 0.1486082 0.03456564 0.2292176 0.1427575 0.1778753 0.1749584 0.231755 0.1724966 0.01994683 0.1299134 0.1958939 0.1011465 0.07364167 0.1937806 0.1702884 0.0476334 0.01010073 0.08993731 0.02326068 0.417293 0.03388636 0.005973553 0.3089409 0.08474331 0.03380206 0.1317993 0.004503968 0.008189845 0.1046964 0.4343792
