EnvRasters/GE_Low/urban.asc
ncols         270
nrows         223
xllcorner     24099.479091542
yllcorner     21023.840179216
cellsize      1003.8986847201
NODATA_value  -9999
[rows 58 to 86 of 223, columns 65 to 129 of 270]
0.2700893 0.8820202 0.6940061 0.4414821 0.8846835 0.5778016 0.05957856 0.1817911 0.0754749 0.4804192 0.4056912 0.5551278 0.3257452 0.3077338 0.04128051 0.3643233 0.8971471 0.5574781 0.2838484 0.1364896 0.4928221 0.1822922 0.05774904 0.6680765 0.5036078 0.3092211 0.2172331 0.1447677 0.1537488 0.6044711 0.3823358 0.2518969 0.1687576 0.1869007 0.1696781 0.1484899 0.07844373 0.6222965 0.6726027 0.06610191 0.1153989 0.3092121 0.2434862 0.2246504 0.8940936 0.415859 0.3209724 0.1497848 0.1837771 0.2014022 0.5209824 0.1269876 0.2271196 0.1538687 0.2026588 0.2327306 0.3210789 0.4411508 0.1881757 0.2769493 0.2614407 0.04847262 0.1120812 0.2980604 0.116142
0.7069549 0.9086118 0.9105096 0.2878371 0.3641084 0.1290531 0.1671225 0.1473407 0.1091654 0.295887 0.8011408 0.4297571 0.1861323 0.2115738 0.1089436 0.6869011 0.5761351 0.2811182 0.3596233 0.09580298 0.2411414 0.2346822 0.2937773 0.6880516 0.3998476 0.4284517 0.2199918 0.1443345 0.1135038 0.08909639 0.2379931 0.4550662 0.3995652 0.4563788 0.4615563 0.07682479 0.2439032 0.5078743 0.2632141 0.3130739 0.5960988 0.4419127 0.2904474 0.1879323 0.4353413 0.2778902 0.3340326 0.7178241 0.1403494 0.3561833 0.4266205 0.08386605 0.1084697 0.08353676 0.1370904 0.1154135 0.2780083 0.1842984 0.1831691 0.4708208 0.1273397 0.3382519 0.4152092 0.1297481 0.3553575
0.593303 0.7570871 0.4120865 0.1978081 0.03363155 0.1720178 0.3849164 0.1282574 0.2990685 0.4889072 0.356276 0.1236162 0.003791557 0.09411526 0.4987588 0.4626426 0.4046547 0.497428 0.1105517 0.1165378 0.2822921 0.3765609 0.2253211 0.1982936 0.3659094 0.2538296 0.1288726 0.2348964 0.2534489 0.4546022 0.2796379 0.2633766 0.7477465 0.9780279 0.6356171 0.1917106 0.375126 0.8051142 0.1471964 0.5822901 0.3420289 0.2322317 0.2679501 0.1492805 0.04836795 0.4665743 0.4862815 0.9172351 0.6722956 0.1363139 0.3435765 0.2094736 0.1449441 0.1479388 0.3214979 0.2354715 0.3455884 0.4530155 0.08165921 0.2690091 0.3288563 0.5947697 0.222463 0.03306211 0.1642723
0.3099614 0.1505641 0.5544781 0.61988 0.2170296 0.3294045 0.6643788 0.4277874 0.5999353 0.7228939 0.2306772 0.04944039 0.1048677 0.6546891 0.1161434 0.08444569 0.321176 0.1515481 0.2758716 0.3605617 0.1144298 0.2601684 0.4634011 0.1139623 0.02950641 0.1489356 0.2601839 0.7125242 0.3322335 0.1581437 0.2845438 0.3587237 0.5809257 0.6296989 0.1959749 0.1803802 0.7346455 0.927978 0.6667059 0.4403192 0.2313014 0.2951494 0.393067 0.1978379 0.5489717 0.3452215 0.1952942 0.2901343 0.3636313 0.3376818 0.8079577 0.6287604 0.3393271 0.08551559 0.1737425 0.304688 0.3469692 0.4837649 0.5599854 0.2035488 0.4566357 0.1023837 0.1632546 0.1262085 0.09036221
0.1364001 0.03889805 0.1990714 0.1823335 0.3045695 0.3750096 0.2630737 0.2702504 0.2894053 0.3049556 0.0722396 0.4552381 0.4586694 0.1075448 0.09302115 0.1099411 0.1394715 0.205212 0.07683539 0.2708555 0.3598307 0.7063704 0.1556502 0.13493 0.1513921 0.2604485 0.1615117 0.3089163 0.1769875 0.3884887 0.2893065 0.2357872 0.1021515 0.4112631 0.2202867 0.1845338 0.705916 0.9252378 0.8531313 0.497688 0.3632805 0.6348816 0.3459646 0.2284464 0.3786914 0.1235045 0.4785845 0.2482896 0.1888328 0.1773531 0.6366228 0.6662862 0.2388618 0.1653988 0.1142574 0.4966719 0.8222495 0.3490021 0.5680295 0.1564621 0.5831664 0.4656821 0.2212649 0.5827561 0.4056026
0.2144833 0.2731885 0.2586858 0.1076595 0.1792859 0.09380506 0.177136 0.1542035 0.3821597 0.3944305 0.3503458 0.1972144 0.1300815 0.165342 0.1316761 0.05339299 0.1571933 0.1669907 0.2348599 0.6436338 0.3018614 0.1608092 0.2659586 0.03621533 0.315261 0.3160145 0.03749725 0.4342633 0.2988718 0.145905 0.2560694 0.6263596 0.4266133 0.5325663 0.6898388 0.7010703 1 0.9673333 0.952947 0.7405998 0.3197163 0.4923897 0.1878907 0.3155727 0.2982146 0.07503978 0.6229705 0.1936668 0.09168343 0.09473038 0.152205 0.2399749 0.1421432 0.2367221 0.0794144 0.3689796 0.4888959 0.9311549 0.8345919 0.2163184 0.8794968 0.6299097 0.620445 0.8534631 0.778653
0.1438256 0.2086604 0.208465 0.03642717 0.2225007 0.2779288 0.07351801 0.2120122 0.6521791 0.8477544 0.678511 0.5018157 0.2330006 0.09057137 0.07575513 0.3221505 0.06028769 0.322725 0.414616 0.3066035 0.1517204 0.1938446 0.1775204 0.1738351 0.1339519 0.205853 0.2885674 0.5604596 0.2557906 0.1656744 0.2642927 0.7274516 0.7150192 0.4058351 0.4402329 0.3852281 0.8595574 0.9643532 0.7713534 0.6926242 0.3879869 0.2019015 0.04424972 0.356827 0.385319 0.1100117 0.1664688 0.136049 0.008515335 0.3879121 0.4977916 0.08334672 0.153864 0.2146234 0.2308094 0.1770712 0.445098 0.9652451 0.7568743 0.5354416 0.8986683 0.9098915 0.3011849 0.6795403 1
0.09969357 0.3242147 0.1353355 0.1038444 0.5930063 0.2258076 0.2647074 0.2581652 0.2122206 0.3980385 0.1956614 0.2235023 0.4958541 0.09678907 0.06206623 0.2444728 0.02671832 0.2025665 0.084341 0.3815379 0.4216583 0.2666565 0.1120029 0.4334379 0.6775471 0.6426132 0.2750126 0.1572699 0.2235562 0.3711005 0.2995653 0.5662712 0.7558725 0.591126 0.5403345 0.8525733 0.4760925 0.3859639 0.5256836 0.7924915 0.4058658 0.2631129 0.2799506 0.3492357 0.2979257 0.3972139 0.4234788 0.541231 0.07341129 0.08299438 0.157817 0.29179 0.2141519 0.5367642 0.3120039 0.07550284 0.528046 0.9653599 0.6852379 0.2187141 0.7830958 0.5419887 0.8708625 0.9349925 0.962333
0.1436632 0.4665274 0.1121193 0.05369348 0.1267253 0.1745211 0.4417285 0.3623492 0.3059097 0.4440994 0.5521519 0.02475037 0.07977083 0.3691119 0.07266415 0.1318087 0.03370023 0.08864827 0.0249501 0.1567101 0.3474725 0.1994229 0.02289796 0.1235745 0.3478012 0.2524708 0.2248354 0.002516734 0.4707206 0.5273418 0.2495077 0.3037567 0.6003155 0.6571019 0.488962 0.3223944 0.7571213 0.9163913 0.8713657 0.603516 0.4876792 0.6062074 0.9318866 0.3586632 0.2160534 0.3716913 0.1511324 0.4649107 0.7565547 0.41005 0.6669546 0.248283 0.06124945 0.1168321 0.5945655 0.5371847 0.589316 0.4125131 0.7173084 0.8453995 0.7365206 0.6774479 0.8438066 0.8763937 0.9665232
0.3549404 0.6793557 0.0440283 0.06423716 0.07980784 0.2757323 0.1061088 0.1735169 0.1228917 0.2797982 0.7533085 0.06690028 0.06198194 0.2045351 0.3199804 0.0589118 0.1759727 0.04648816 0.3864462 0.09252855 0.1644182 0.09254578 0.1174037 0.1215844 0.09242939 0.2694359 0.5176016 0.4957377 0.3236394 0.4710079 0.1302557 0.08512377 0.2854021 0.4126625 0.672322 0.5459802 0.6873217 0.5615627 0.5947743 0.2758487 0.3230462 0.1546461 0.5996232 0.4369255 0.2512343 0.1930912 0.3695428 0.4801847 0.8460258 0.6197738 0.4265465 0.2222093 0.3028336 0.05901024 0.4592285 0.8436221 0.8917999 0.3541804 0.8785416 1 0.990035 0.7636696 0.6133384 0.9042634 0.8684279
0.1105891 0.1004646 0.1037308 0.2080654 0.1499402 0.1228628 0.2603181 0.1651906 0.1059485 0.1405909 0.4412637 0.09310828 0.2250816 0.1477196 0.2124829 0.1253253 0.2642617 0.04465406 0.3427888 0.2899325 0.248249 0.3344795 0.3878625 0.2672904 0.5933859 0.438426 0.6122282 0.2138753 0.3399875 0.2887594 0.2888963 0.1325245 0.0768057 0.5017003 0.6770673 0.4110721 0.3186731 0.6099575 0.9074318 0.6495314 0.4000291 0.5801415 0.3910536 0.2383135 0.7151309 0.1999312 0.314295 0.2786759 0.2913654 0.4953806 0.7043347 0.789846 0.5400284 0.2143974 0.5647845 0.4003164 0.8383586 0.9544428 0.9999821 1 0.9790926 0.8966872 0.7922776 0.7613586 0.8562457
0.1952876 0.08412099 0.18521 0.1377928 0.1168389 0.08606073 0.2122071 0.1473734 0.2753924 0.1715035 0.06713764 0.05421416 0.3016033 0.2204901 0.2430306 0.2411898 0.1189857 0.2869277 0.2360933 0.5543312 0.2510426 0.417078 0.5092561 0.4026642 0.2386796 0.02034553 0.7329956 0.3616068 0.174998 0.1054833 0.3284267 0.2064653 0.338219 0.6440884 0.2622706 0.2720881 0.3121499 0.109385 0.3758982 0.990035 0.8309511 0.745402 0.4393176 0.1906181 0.3476806 0.3690217 0.5338944 0.2570696 0.01305349 0.07929338 0.338991 0.5280144 0.6811748 0.9684032 0.7943825 0.1697222 0.9040775 0.9003502 0.9800701 0.9701051 0.926134 0.8903739 0.8489102 0.8398012 0.8294756
0.03989724 0.092314 0.1423171 0.1504212 0.02390219 0.09741174 0.090749 0.5269235 0.2443033 0.2193006 0.3745482 0.2185118 0.087735 0.2475823 0.07455333 0.5327259 0.3569471 0.1026293 0.136241 0.2317291 0.2213769 0.8319198 0.7882329 0.4456721 0.09080061 0.2695051 0.2189095 0.1947108 0.1930632 0.1971221 0.1133083 0.4123372 0.2708471 0.2962171 0.2273646 0.4214028 0.4193036 0.1840933 0.5376575 0.7865454 0.4588828 0.5410574 0.5574712 0.7163394 0.3404909 0.4070817 0.696502 0.7612786 0.4007106 0.5752891 0.524927 0.4745961 0.4544223 0.8662575 0.9215191 0.638823 0.7460738 0.9703597 1 0.9460187 0.8630503 0.9366249 0.878428 0.955508 0.9258519
0.07324836 0.08405217 0.1054644 0.1860446 0.105686 0.130302 0.6869128 0.9020692 0.4860544 0.5663751 0.1563109 0.1656876 0.02713491 0.2185412 0.2498078 0.295894 0.1475731 0.3528061 0.1039889 0.3076842 0.5912293 1 0.6415993 0.3118241 0.05353666 0.004289025 0.06665894 0.09548688 0.2504604 0.1613878 0.01782607 0.2029301 0.08283106 0.2247379 0.4001206 0.6788688 0.2641327 0.2271556 0.4905297 0.1788499 0.9049088 0.6575243 0 0.3027034 0.4737546 0.8558502 0.8794359 0.6388584 0.2360573 0.4186047 0.1449489 0.7351042 0.9443654 0.8568702 0.9601401 0.9653623 0.9902455 1 0.9800701 0.9005865 0.9851059 1 1 1 0.7251113
0.3230645 0.04925375 0.05454386 0.1428022 0.1896807 0.5182205 0.9806039 0.7831755 0.4864926 0.3441417 0.2054567 0.133926 0.122703 0.1919272 0.01037677 0.07812076 0.1747207 0.2259274 0.1418723 0.1447572 0.3416888 0.6508725 0.4764706 0.2543097 0.1587628 0.1402362 0.4136976 0.2754883 0.1073978 0.2067863 0.07449118 0.1845318 0.3655959 0.08281897 0.04922935 0.0809878 0.1270357 0.2704978 0.607494 0.3101951 0.5471792 0.4897387 0.4488949 0.2487023 0.4412706 0.2690796 0.2001606 0.1112504 0.176027 0.6540652 0.1647495 0.8864701 0.7856061 0.7647945 0.9298466 0.9903316 1 1 0.9885992 0.9406354 1 1 0.9701051 1 0.9899102
0.1962164 0.06406862 0.0650933 0.1109847 0.1406497 0.6326737 0.8883088 0.728945 0.7660432 0.1815545 0.1433447 0.2119541 0.1617769 0.2212906 0.2278483 0.2807809 0.1724303 0.2720563 0.05574992 0.249095 0.2039399 0.4927995 0.1346647 0.2123135 0.2509342 0.2602764 0.1969543 0.07971983 0.04505011 0.3081525 0.1222159 0.3062939 0.2744361 0.0428911 0.0007076915 0.3606788 0.2605997 0.3558619 0.3750091 0.2790815 0.2441374 0.2566212 0.2539716 0.479545 0.285442 0.5531285 0.5898034 0.08143818 0.1924896 0.2626934 0.4928293 0.8001267 0.3993 0.8225107 0.8633612 0.8918214 1 0.9850616 0.9800701 1 1 1 1 1 0.9402101
0.07002027 0.1136074 0.1149461 0.4691662 0.4235685 0.262723 0.5876146 0.8535802 0.4587145 0.3003947 0.3048028 0.2337413 0.2441851 0.1910999 0.05784682 0.2042239 0.07142328 0.1148392 0.1307915 0.2200287 0.1609245 0.3544129 0.2882149 0.08324592 0.01363386 0.09329602 0.353518 0.1234906 0.08462224 0.03970745 0.05867151 0.5566187 0.173126 0.2127959 0.460537 0.4865344 0.9660683 0.6859858 0.423757 0.4959818 0.7523288 0.3196364 0.4930658 0.4943838 0.4323553 0.1228651 0.1578404 0.1330092 0.4972924 0.4694192 0.5773713 0.7291012 0.9628365 0.9596072 0.9206163 0.9800701 1 0.9850435 1 1 1 0.975935 1 1 1
0.2908505 0.1204159 0.1739551 0.5191187 0.0618938 0.3722035 0.907682 0.2776023 0.1056598 0.09219945 0.1724321 0.2545802 0.2663192 0.1978369 0.1177063 0.2346619 0.2526589 0.3774197 0.2853419 0.4705416 0.4810119 0.1790239 0.07749063 0.08783864 0.05705323 0.2606991 0.1534922 0.2286572 0.156845 0.1164076 0.271607 0.2108751 0.1686274 0.2639948 0.426705 0.8055121 0.7472621 0.2606448 0.11715 0.544046 0.5445719 0.2433807 0.3228276 0.3747563 0.6103784 0.3572268 0.4647697 0.4177127 0.7500184 0.5970176 0.6292546 0.629383 0.8795702 0.7768912 0.9959658 0.990035 0.9493569 0.9948035 1 1 1 0.9842051 1 1 0.9469305
0.1788035 0.2794978 0.3033321 0.469488 0.08873281 0.08096636 0.250116 0.09148405 0.03927645 0.1483954 0.1407437 0.0886158 0.1870049 0.1510012 0.1963327 0.113197 0.1443418 0.1544367 0.2093279 0.08458555 0.3457472 0.1171692 0.1812982 0.2297965 0.1304803 0.1204874 0.4207562 0.3276726 0.2113005 0.2197133 0.459594 0.06464772 0.2006044 0.3797526 0.1326617 0.3350704 0.6123782 0.6405326 0.5089353 0.4619265 0.1013829 0.2772086 0.3452394 0.2631634 0.294113 0.07926665 0.103324 0.09183944 0.5021278 0.4015308 0.1877375 0.289339 0.427862 0.7604555 0.900919 0.982786 0.9127493 0.9753015 1 1 0.9358781 1 1 1 0.8887292
0.1004811 0.2258931 0.07830554 0.2045163 0.2045546 0.03027733 0.2083194 0.1927148 0.3068604 0.1861419 0.3144345 0.03947844 0.0487771 0.1054888 0.1004533 0.2627209 0.1383914 0.3876489 0.2914045 0.02042998 0.1565032 0.3130493 0.5225461 0.2805558 0.04337803 0.1715039 0.3639396 0.1747021 0.2502129 0.2388626 0.03309186 0.1846386 0.6700368 0.09970776 0.5138047 0.08353348 0.2958575 0.256316 0.1440378 0.1569071 0.02294915 0.04935643 0.2843058 0.1366158 0.1729164 0.06806875 0.5851638 0.3123477 0.1410611 0.06314745 0.3115359 0.4859262 0.4797726 0.7903391 0.9365521 0.8868082 0.9818941 0.8007004 1 1 0.901081 0.9971824 0.990035 0.9962982 0.9888152
0.1590232 0.1849307 0.1951463 0.06673544 0.07365511 0.08117511 0.1186981 0.2235836 0.1822239 0.0458017 0.05750502 0.2523852 0.1263712 0.02999341 0.1782933 0.08714904 0.3117282 0.615931 0.6769199 0.2484314 0.1387156 0.3029862 0.2885792 0.1595346 0.2109258 0.1541122 0.006668222 0.09961814 0.3432082 0.4140108 0.08988909 0.493616 0.2199357 0.1118443 0.1690101 0.2176352 0.2697377 0.01047018 0.3893197 0.139713 0.09494379 0.05449386 0.04550457 0.1373694 0.4070582 0.694271 0.2885891 0.1089232 0.06825545 0.2056042 0.7096444 0.439241 0.19168 0.1775395 0.8604903 0.8620204 0.994404 1 1 1 0.725942 0.7109292 1 0.9738069 0.9532421
0.4832449 0.1614773 0.006223205 0.0621253 0.07919338 0.3403842 0.2440843 0.1479204 0.1267102 0.150397 0.06477486 0.2580754 0.1710652 0.07467791 0.1399442 0.1060813 0.2116248 0.6938473 0.6007881 0.02811303 0.07163977 0.09401473 0.09299593 0.2038537 0.2585088 0.1821019 0.462837 0.58 0.4168421 0.2888579 0.1324015 0.2309411 0.2712311 0.1971594 0.09152535 0.2306454 0.4125986 0.02794383 0.2333238 0.1582113 0.1595121 0.1161881 0.3552414 0.3315841 0.2016032 0.4087054 0.1350968 0.1618516 0.1720773 0.1755957 0.2418838 0.130083 0.5176145 0.6264901 0.9498708 0.8200173 0.9526834 1 0.9800701 1 1 0.3592628 0.9406266 1 0.5811906
0.4092093 0.09006556 0.1171545 0.06064374 0.180067 0.151422 0.07399204 0.082933 0.04228029 0.1312784 0.03226348 0.07176553 0.1092987 0.03105773 0.1231768 0.1804817 0.2322763 0.1352599 0.09205922 0.1482725 0.2746837 0.1050126 0.2374326 0.4611119 0.08724126 0.4101348 0.1808321 0.3369337 0.6025186 0.2186102 0.3001283 0.2395938 0.04602717 0.1676093 0.1067777 0.0768117 0.3745955 0.1228375 0.1673986 0.2167906 0.3695396 0.2769751 0.2462369 0.3489158 0.1087459 0.1042719 0 0.04216097 0.2587633 0.05532317 0.02696641 0.2317639 0.2235657 0.7474213 0.9915944 0.7818998 0.8001959 0.9501751 0.9325441 0.7197422 0.9739271 0.4987272 0.1552005 0.3667794 0.2900059
0.2175185 0.1718853 0.04732086 0.05965519 0.2071367 0.1701505 0.106324 0.1099915 0.155068 0.06232476 0.2529657 0.1376729 0.04120294 0.02693881 0.04660089 0.2129456 0.1324582 0.03778329 0.2315049 0.2232181 0.1204782 0.1012934 0.1588818 0.1107791 0.1869298 0.5662016 0.5515805 0.2795767 0.1433756 0.05432722 0.106328 0.1654639 0.1657905 0.08967919 0.09101875 0.2091314 0.1146609 0.05413169 0.06855595 0.1553663 0.2991357 0.09041373 0.3483885 0.2076921 0.009964978 0.04964485 0.2781567 0.09608578 0.1506676 0.180287 0.1249694 0.6405397 0.4910857 0.6179789 0.6509415 0.3029325 0.507601 0.9094022 0.8221004 0.6159142 0.9800701 0.5014687 0 0 0.003523202
0.05262444 0.186272 0.08662827 0.03246341 0.0219946 0.2519651 0.2664229 0.1647954 0.2933601 0.2805573 0.191465 0.204315 0.01758394 0.1900938 0.07280879 0.220112 0.01501394 0.00452528 0.2620303 0.1656231 0.1808964 0.07486424 0.1395077 0.2809615 0.769644 0.930696 0.753826 0.1879582 0.3094097 0.06624663 0.214605 0.2049548 0.007974956 0.008261221 0.08968481 0.08881532 0.1470295 0.1858848 0.3795824 0.3360675 0.08967919 0.1655367 0.2636788 0.1009506 0.01043964 0.0498453 0.03029767 0.1555895 0.09447682 0.0373942 0.1692324 0.5528784 0.3292536 0.447597 0.4484252 0.1434068 0.693733 0.8507429 0.7788631 0.2928476 0.845332 0.3725793 0 0 0.09121203
0.04805677 0.05001026 0.1114949 0.146049 0.1944048 0.4630186 0.4837767 0.2268211 0.4278114 0.2170537 0.1931136 0.1955764 0.1526411 0.002931906 0.06667074 0.1630439 0.1698714 0.04161991 0.06210647 0.08878214 0.1592291 0.2526039 0.2516679 0.1369756 0.5444286 0.6540342 0.5150049 0.2076178 0.2936961 0.1144604 0.1679562 0.0340656 0.0589405 0.0832049 0.0967088 0.2050218 0.3669723 0.111159 0.09178816 0.09699336 0.05986607 0.1269859 0.348413 0.1520622 0.1689694 0.252529 0.156092 0.2272991 0.2273229 0.138353 0.2440243 0.2270529 0.579232 0.6644544 0.5126854 0.4881544 0.8114793 0.4593595 0.5563356 0.311062 0.4920101 0.4133833 0 0 0.04491787
0.1063988 0.1277758 0.1398414 0.2352407 0.4758778 0.8216917 0.9540791 0.8693215 0.6478959 0.6867962 0.5132683 0.3445968 0.1617443 0.1992354 0.02898791 0.09612849 0.1309426 0.0627994 0.03936801 0.04193253 0.0600942 0.03682261 0.04228438 0.2941083 0.1213618 0.2633644 0.2093826 0.2518174 0.5815308 0.395068 0.271037 0.207447 0.6118545 0.135167 0.1502625 0.1049003 0.1470732 0.11872 0.05978987 0.02989493 0.06969343 0.1691827 0.04037321 0.108613 0.1299106 0.1191216 0.1756727 0.0762153 0.1001407 0.2119687 0.171271 0.2534526 0.8562312 0.8038331 0.5674653 0.3914882 0.2176271 0.3556817 0.5807316 0.8582519 0.8919618 0.828707 0.03383768 0 0.1851975
0.1710359 0.1881472 0.01992996 0.1258708 0.4020794 0.7283984 0.8950542 0.8910773 0.2630775 0.05159896 0.1923421 0.1786873 0.2112818 0.109841 0.1110988 0.3628715 0.3618746 0.08154562 0.0680964 0.03432145 0.06356355 0.04173087 0.03985991 0.1022327 0.108899 0.08526608 0.03396995 0.07087062 0.3681756 0.3768943 0.1306863 0.2563298 0.2545845 0.117253 0.3497366 0.211082 0.03326236 0.07160199 0.07143187 0.1098647 0.1156982 0.3130944 0.01032135 0.09160826 0.06863139 0.2138156 0.09394458 0.1919669 0.1829607 0.3940505 0.8013106 0.6615257 0.8256061 0.8759152 0.8760841 0.1101243 0.1492858 0.8409364 0.8392521 0.9144994 0.6790539 0.4694974 0.6465725 0.03613052 0.04982489
0.1432602 0.0404029 0.1598274 0.09979796 0.1081574 0.3238283 0.3481708 0.2684727 0.3324724 0.2303077 0.1890604 0.4458933 0.2847004 0.1184566 0.05450549 0.2835767 0.339056 0.01992996 0.05978987 0.0728782 0.1308864 0.1833856 0.04839673 0.5135616 0.3049903 0.1386797 0.090611 0.05357543 0.2484992 0.06998252 0.1602941 0.1276979 0.2566339 0.2868648 0.2896613 0.2649317 0.3274561 0.1471865 0.01642817 0.1096612 0.08907416 0.1199785 0.1789343 0.06256681 0.08851029 0.1739784 0.1302788 0.1415435 0.1235517 0.2771588 0.7597027 0.89227 0.5234658 0.6368744 0.6553198 0.4725286 0.1968843 0.7020337 0.7938686 0.5615684 0.5117532 0.5061348 0.8868037 0.1509496 0.06688338
