EnvRasters/GE_High/barley.asc
ncols         270
nrows         223
xllcorner     24099.479091542
yllcorner     21023.840179216
cellsize      1003.8986847201
NODATA_value  -9999
[rows 34 to 67 of 223, columns 76 to 151 of 270]
0.002353 0.000129 0.000923 0.000328 0.002357 0.020463 0.010384 0.001607 0.008156 0.000521 0.00099 0.001047 0.001499 0.000332 0 0.001444 0.000367 0.000315 0.003203 0.00429 0.004548 0.000969 0.005777 0.010176 0.021037 0.001083 0.000382 1e-006 0.001786 0.01279 0.021618 0.017699 0.011016 0.005411 0.014945 0.000542 0.002363 0.00959 0.012001 0.000325 0.00223 0.003421 0.007149 0.034106 0.026906 0.00508 0.006162 0 0 0 0 0 0 0 0 0 0 1.8e-005 0.003327 0.005777 0.002374 0.016848 0.001396 0.000541 0.000136 0.000272 0 0.000905 0.006267 0.005246 0 0.000872 0.036475 0.001477 0.000817 9.7e-005
0.022149 0.004807 0.000696 0.002722 0.010321 0.001531 0.003792 0.000985 0.010007 0.000591 0.000548 0.00063 0.001255 0.015821 0.000559 0.008298 0.014353 0.008929 0.004893 0.052416 0.005987 0.000786 0.012166 0.019122 0.028941 0.000683 0.001474 0.004585 0.008458 0.012326 0.008329 0.004806 0.016318 0.005044 0.001669 0.000129 0.00615 0.017367 0.000602 0.00026 0.01388 0.011115 0.023568 0.028874 0.010795 0.000831 0.000155 0 0 0 0 0 0 0 0 0.007923 0.002129 0.001421 0.000433 0.000583 0.000918 0.000256 0 0.000841 0.000281 0.000185 0.000518 0.000546 0.000225 0.000302 0 0.00018 0.011073 0.000636 0.000147 5.8e-005
0.016331 0.009665 0.006384 0.007952 0.019517 0.00044 0.013691 0.043452 0.003261 0 0.000176 5.4e-005 0.004588 0.009335 0.003495 0.004157 0.00533 0.011282 0.044492 0.047284 0.013411 0.010187 0.017773 0.001851 0.004642 0.000701 0.000614 0.004062 0.013703 0.004168 0.000204 0.001173 0.001727 0.002806 0.001567 0 0.000628 0.006066 0.000531 0.000186 0.000872 0.004658 0.024574 0.014958 0.000635 4.3e-005 0 0 0 0 0 0 0 0 0 0.010183 0.01336 0.003988 0.001207 0.003332 0.000623 0.000314 0.002702 0.013865 0.009057 0.003939 0.003955 0 0.000195 0 0 0 0 0 0.011581 0.003625
0.000146 0.008604 0.025385 0.006808 0.006582 0.000642 0.000214 0.004317 0.001707 0.00054 0 3.9e-005 0.023502 0.007108 0.001151 0.002889 0.001444 0.028832 0.014439 0.001207 0.000216 0.023964 0.003334 0 0 0.000449 0.017289 0.009541 0.011132 0.003612 0.001698 0.00054 0 0 6.3e-005 0.00016 0.000115 0.000104 0.001766 0.007675 0.005953 0.011282 0.010012 0.001471 0.000727 0 0 0 0 0 1.5e-005 0 0 0 0 0 0.00036 0.006752 0.00145 0.015449 0.001072 0.000216 0.001716 0.023114 0.005728 4e-005 0 0 0 0.000262 0.000271 0 0 0 0 0
7e-005 0.004753 0.002598 0.003428 0.000735 0.00085 0.001557 0.000146 0.000341 0 0 0.001205 0.005872 0.001492 0.000103 0.001247 0.005299 0.007926 0.004938 0 0 0.004618 8.5e-005 0 0 0.000743 0.01157 0.003367 0.012354 0.001429 0.006189 0.00737 0 0 0 5.5e-005 0 0 0.000493 0.004845 0.001897 0.002186 0.005705 0.00154 0.004562 0 0 1.6e-005 0 0 0.000215 0 0.00322 5e-006 0.00191 0 0 0.001298 0 0.001773 0.008842 0.002955 0.002263 0.011795 0.000816 0 0 0 0.000184 0.005382 0.003214 8.3e-005 0 0 0 0.004323
0.002886 0.008892 0.00707 0.000185 0.000793 0.002421 0.00013 0 0 0 0 0.00346 0.002149 0 0 0.000157 0.00314 0.012041 0 0.000177 0.000173 0 0 6.4e-005 9.3e-005 0.004157 0.004449 0 0.000331 0.009663 0.006107 0.000847 0.000494 0 0 0.000628 0.000591 0.000154 0 0.000784 0.002779 0.003129 0.01222 0.004394 0.015356 3e-005 0 0.000105 0.000628 2.7e-005 7.1e-005 0.000376 0.001469 0.000825 0.008966 0.000258 0.001406 0.005598 0.001994 0.006807 0.020808 0.030702 0.000964 0.005653 0.000966 0 0 0 0.004027 0.00489 0 0.002801 0.011267 0 0.002351 0.013455
0.048538 0.008046 0.00717 3.3e-005 0.001992 0.000654 0.000159 0.00228 0 0 0.000695 0.013205 0.013079 0.002255 0 0 0 0.000224 1.6e-005 0.005863 0.004446 0 0.001764 0.004201 0.005547 0.004832 2.9e-005 0.000357 0.000944 0.00409 0.000106 0.000581 0.004903 0.021457 0.001121 0.001273 0.004925 0.000342 0.001798 0.00039 0.007404 0.005437 0.003395 0.000436 0.000304 6.6e-005 0 0.000101 0.000211 0 4.9e-005 5.6e-005 9.3e-005 8.2e-005 0.001328 8e-005 0.000112 0.008289 0.002753 0.010066 0.020555 0.000829 8.5e-005 0.000819 0.000634 0.000154 0 0 0 0 0.001979 0.007152 0.009437 0.000397 0.022984 0.027564
0.005444 0.003019 0.007026 0.000416 0.000753 0.000457 0.010556 0.016377 0 0 0.004413 0.029988 0.018654 0.00493 0 0 0.000217 0.006687 0.003433 0.010205 0.002018 0 0.000188 0.000774 0.007468 0.000459 0.003878 0.005158 0.003533 0.004714 0.006598 0.001651 0.011063 0.012568 0.000343 1.3e-005 0.00011 0.000794 0.004921 0.002267 0 0.001555 0.00471 0.007098 0.002832 0.000513 0.000855 0 0 0.000559 0 0.00162 0.000174 7e-006 3.9e-005 0.000372 0.001127 0.00079 0.001677 0.002757 0.017112 0.005456 0.000306 0 0.003216 0.008577 0.002664 0.000106 0 0 0.000577 0.002737 0.000235 0.001759 0.000929 0.005606
0.001252 0.008282 0.003183 0.000946 0.001209 0.000674 0.008573 0.003841 0 0.000251 0.003125 0.010525 0.002146 0.001123 0.000967 0.000226 0.002301 0.011193 0.012155 0.000844 0 0 0.002757 0.000325 0.000501 0.005884 0.000424 0.001331 0.000487 0.003748 0.024098 0.000825 4.2e-005 0.005713 0.001126 0 0 0.00021 0.000545 2.8e-005 0.000952 0.000579 0.003792 0.012075 0.003886 0.001079 0 0.000244 0.001814 0.001738 2e-005 0.001145 9.8e-005 0.000116 0 0.000423 0.00014 0 1e-006 0.001123 0.025113 0.003228 0.000232 0 0 0.025134 0.003555 0.000286 0 0 8.6e-005 0.004034 0 0.001983 0.006313 0.007064
0.00056 0.002143 0.006098 0.001326 0.001783 0.014187 0.001181 0 0.001234 0.00408 0.002378 0.00476 0.015999 0.014289 0.002614 6e-006 0.001249 0.000818 0.000828 0.001347 0.007986 0.001859 0 0 0.00365 0.010134 0.008041 0.00266 7.9e-005 0 9.2e-005 0.000228 0.013198 0.005696 0.004273 0.000133 0.005163 0 0 3.4e-005 0.000629 0.000457 0 0.000621 2.4e-005 0 0.00063 0.001862 0.00198 0.000953 0.01254 0.000784 0.001059 0.001358 0.00031 8.6e-005 0.002652 0.002417 0 0.000457 0.002396 0.000355 0.002609 0.000405 0.003653 0.00265 0.005363 0.000203 7.2e-005 0 0.000241 0.003883 0 8.6e-005 0.002214 0.007131
0 0.005098 0.004025 0.000511 0.001641 0.002846 0 0.000425 0.001504 0.000516 0.000976 0.000425 0.001873 0.010331 0.018549 0.017207 0.01035 0.003098 0.005952 0.012471 0.005833 0.001951 0 0 0.001716 0.02512 0.015991 0.002083 0.00056 0.002365 2.2e-005 0.00183 0.003222 0.000598 0.001433 0.004777 0.002091 0.000528 0.000298 0.000437 0.000231 0.000263 0.000498 0.007185 0.002857 0 0 0.000121 0.001058 0 0.002369 0.001136 0.036101 0.003191 0.001677 0.003764 0.016483 0.004862 0 0 0 0 0.000832 0.00311 0.003356 0.020624 0.00645 0.002723 0.001431 0 0.000885 0.000291 0 0.000907 0.015592 0.006426
0.005885 0.002624 0.014597 0.00039 6e-006 0 0 0 0.004673 0.001552 0.009014 0 0 0.005548 0.007225 0.000498 0 0.003978 0.006162 0.017039 0.000525 0.000432 0 0 6.5e-005 0.005108 0.002073 0.000943 0 0.001781 0.000475 3.5e-005 0.000319 0.000229 0.004015 0.006497 0 0 0.010027 0.004788 0.000781 0.020486 0.000323 0.007761 0.002741 6.8e-005 5.5e-005 0 0.000396 0 0 0 0.00083 0.001538 0.016355 0.000277 0.00026 0 0 0 0 0 0.007483 0.014465 0.015637 0.01991 0.007576 0.000745 0 0.001656 0.006269 0.002451 0.002866 0.002207 0.003913 0.014955
0 6.6e-005 0 0 0 0 8.5e-005 0.000305 0.000244 0.01253 0.002081 0 0.002703 0.001621 0.000314 0 0.000456 0.006979 0.009748 0.005982 0.015351 0.002926 0.001782 3.2e-005 0.000201 0 0 0.000203 4.1e-005 0.002183 0.001535 0.00313 0.001107 0 0.001864 0.006808 0.001449 0.000557 0.009647 0.002188 0 0.000159 0.000537 0.001598 0.02016 0.00156 0 3e-005 0 0 0 0 0 9.2e-005 0.007289 0.001934 1e-006 0 0 0 0 0 0.001287 0.012132 0.072986 0.017559 0 9.4e-005 0.000909 0.00065 0.005297 0.000215 0.001144 0.005246 0.020516 0.00222
0.000674 0.001442 0 0 0 0 0 0 0.00114 0.016653 0.009953 0.004001 0.00826 0.006984 0.007813 0 0.006206 0.015419 0.000572 0.000429 0.004586 0.000932 0.00052 0.001001 0.001018 0.000197 0 0.000399 0.002095 9e-005 0.01371 0.024114 0.00653 0.000371 0 4e-006 0 0.005708 0.030347 0.005986 0.028105 0.008176 0.024601 0.013581 0.015155 0.007703 0.000468 0.000151 0 0 0 0 0 0.000165 0.001817 0.003283 0.000125 0 0.001206 0.013963 0.007052 0 0 0.005954 0.012079 0.003462 0 0.000243 0.004463 0.001486 9.4e-005 0.00159 0.005284 0.008678 0.002327 0.012017
0.001117 0 0 0 0 0 0 6.2e-005 0.000457 0.002504 0.00569 0.010236 0.001906 0.001263 0.014014 0.017045 0.010415 0.000916 1.2e-005 0.001554 0.013251 0.003073 0.001206 0 0.006496 0.000155 0 0.000129 0.000114 0.00415 0.022547 0.02149 0.006005 0.005693 0.000427 0 0 0.000722 0.017121 0.039507 0.04942 0.027013 0.016741 0.004744 0.012551 0.004232 1.6e-005 0.003936 4.5e-005 0 0 0 0 0.000132 0.005288 0.007186 0.000341 0.001462 0.01167 0.014507 0.041187 0.001075 0.000304 0.000105 0.000404 1.7e-005 0.000389 0.000473 0 0 0 0.000152 0.003641 0.008039 0 0.008061
0 5.5e-005 0 0 0 0 0 0 0.000275 0.000151 0.007528 0.007789 0.001338 0.00012 0.006073 0.004838 0.001105 7.8e-005 0.003445 0.039485 0.008926 0.000203 0 0.000488 0.000314 1.2e-005 0 0.000667 0.000109 0.000975 0.006961 0.001073 0.002071 0.009388 0.000167 0.001155 0.001771 0.005129 0.021685 0.010662 0.012156 0.011228 0.020677 0.001852 0.016 0.002721 0 0.001843 8.1e-005 0 0 0 0 0.001561 0.003334 0.001978 0.029991 0.020732 0.013745 0.003675 0.002942 0.002171 0.005343 0 4e-006 0.010484 0.004034 0.00269 0.002904 0.004209 2.9e-005 0 7.4e-005 0 0 0.000142
3.5e-005 2.3e-005 0 0 0 0 0 0 0 3.3e-005 0.001138 0.00107 0.000452 4.6e-005 0 0.001048 0.005181 0 0.000966 0.000785 0.000739 0.003347 0.000277 0.001549 0.003656 0.000131 0.001611 0.000923 0.0009860001 0.001128 0.003139 0.000277 0.001783 0.00204 0.004441 0.024413 0.010479 0.000388 0.016034 0.009497 0.032544 0.063515 0.031643 0.005494 0.008713 0.03326 0.019305 0.000898 0 0 0 1.6e-005 0 0.000171 0.000501 0.002115 0.018452 0.006068 0.003889 0.001543 0.001243 0.01233 0.021014 7.7e-005 0.006321 0.033807 0.013338 0.001565 0.002508 0.00164 0 7.2e-005 1e-005 0 0 0
0.000384 0 0 0 0 0 0 0.001314 0.002624 0.000494 0 0 0.003657 1.4e-005 9.3e-005 0.004745 0.00174 0 5.9e-005 0 0.001152 0.021979 0.001312 0.006767 0.005941 0.000817 0.01422 0.012215 0.000764 0.001063 0.000473 0.005696 0.001151 0 0.002501 0.01943 0.008208 0 0.003111 0.004831 0.024547 0.01688 0.045427 0.007023 0.000959 0.002772 0.009517 0.001167 8.2e-005 0 0 0.000714 0.00033 0.000445 0.000903 0 0.00995 0.010513 7.1e-005 0.005606 0.000354 0.001449 0.005605 7e-006 0.013453 0.039636 0.011637 0.020164 0.000124 0 0 0 0.003241 0.006965 0.000253 0
0.006444 0 0 0 0 0 0 3.5e-005 0.005341 0 5.4e-005 0.001485 0.000172 0.000452 0.008713 0.028676 0.00448 0.000104 0.001986 0.003095 0.002856 0.00325 0.002876 0.001512 4.7e-005 0.006036 0.003499 0.000391 0.00025 0.000334 0.000495 0.001311 9.3e-005 0 6.8e-005 0.00736 0.003925 0 0.003182 0.011473 0.002784 0.000137 0.000331 0.00188 9.5e-005 0.004255 0.016165 0.030683 0.001167 0.003157 0.002783 0.00522 0.017876 0.003236 0.00017 0.000208 0.001671 0 5e-005 7.5e-005 0.000266 0 0 0 0.000404 0.011041 0.00814 0.003617 8.3e-005 0 0 0 0.002395 0.007336 0.000243 0
0.001249 6e-006 0 0 0 0.001064 0 0 0.006102 0.001876 6.6e-005 0 0 0.000486 0.006681 0.042491 0.001029 1e-006 0 9.2e-005 2e-006 6e-006 0.01191 0.007896 0.00014 0 0.000564 0.003222 0.001303 0.000288 0 0 0.00053 3.2e-005 0.000211 0.000272 0.000953 0.000415 0.001724 0.00603 0.02652 0.0025 0.000802 0.008681 0.001837 0.011242 0.019294 0.048304 0.002204 0.023196 0.05447 0.019443 0.002879 0.000165 0.001752 0.01085 0 0 0 4.8e-005 2.5e-005 0 0 0 0 0.002336 0.004248 0.016351 0 4e-006 0.00083 0.003363 0.000182 0.000289 0.000219 3e-006
2.4e-005 5.4e-005 0.000142 0.000141 0 0 0 0 7.1e-005 0.00742 0.005011 9.9e-005 0 0.007392 0.011942 0.016517 0.001626 0 0.000614 0.001978 0.002088 0.001499 0.003433 5.5e-005 0.011337 0.014768 4.7e-005 0.013137 0.026721 0 0 0 0.002776 0.000457 0.001922 0.001771 0.02875 0.010936 2e-006 0.003673 0.013948 0.032869 0.003181 0.003866 0.000253 0.003466 0.003804 0.01159 0.005374 0.029564 0.057826 0.081553 0.036905 0.009848 0.006531 0.006828 0 0 0 0 0.00025 2.5e-005 0 0 0.001058 0.002681 0.002476 0.003518 0.001613 0.001318 0.009231 0.001401 0.005467 0.002379 0.001747 0.001096
0.003838 0.00091 0.000532 0 0 0.000122 0.000158 0.000468 0.002099 0.000833 0.00194 0.002917 0.004017 0.010641 0.002724 0.003586 0.000613 0.003142 0.000566 0.002028 0.001475 0.003881 0.000302 0.00097 0.002941 0.003247 0.00926 0.010225 0.000617 0 0 8.2e-005 0.003535 0.005353 0.015426 0.022888 0.005341 0.002643 0.00195 0.010112 0.001451 0.005094 0.019125 0.008256 0.004665 0.001534 0.000687 0.000723 0.001522 0.014214 0.042225 0.053659 0.015185 0.040831 0.006766 0 0 0 0 0.000139 0.001794 3.9e-005 0 0.000195 0.000115 0 3.3e-005 0.000195 0.000895 0.001925 0.00718 0.006688 0.018562 0.002933 0 2.8e-005
0.0028 0.00191 0.002026 0 0.00052 0.000837 0.000345 0.000676 0.003545 0 0 0.003129 0.010087 0.001547 0.000365 0 0 0.002872 0.00172 0.000123 0.00137 0.000985 0.000257 0.001634 0.0017 0.000413 0.000775 0.001046 0 0 0.000631 0.016747 0.010666 0.000382 0.01139 0.01737 0.002503 0.002466 0 0.001504 0.003681 0.016234 0.001766 0.002676 0.000504 0.001763 0.035909 0.022818 0.006478 0.001754 0.00388 0.002586 0.002288 0.009838 0.02959 0.002692 0 0.002477 0.027484 0.0025 0.001536 0.004746 0.000526 0.000993 0.001969 0 0 0 0 0 0 0.000352 0.001761 0.00154 0.000254 0.002811
0.000871 0.001832 0.007698 0.000598 0.000165 0.000115 0.002558 0.002572 0.029516 0.00182 0 0.002355 0.002603 0.000264 0 0 0.002116 0.001624 0.006904 0 0.000267 0.0018 0.006674 0 0.001434 0.000416 0.000374 0.000363 0 0 0.00355 0.032082 0.009941 0 0.000409 0.000418 4.3e-005 0 6.4e-005 0.000144 0.004303 0.006713 0.000475 0.004882 0.00146 0.004478 0.019939 0.008488 0.007973 0.010889 0.005029 0.021627 0.004232 0.018171 0.020479 0.009752 0 0.003316 0.031121 0.00576 0.000308 1.8e-005 0.002773 0.008794 0.013733 0.000907 0.006194 0.01392 0.002747 0 0 0 0 0 8.3e-005 0.00208
0 0.003114 0.009965 0 0.000158 0 3.2e-005 0.002181 0.019747 0.001644 0 0.002733 0.002037 0 0.003314 0 1.2e-005 0.003655 5.3e-005 0.000646 0.002279 0.001602 9e-005 0 0.002314 0.004933 0.003399 0 6.1e-005 0.000168 0.001109 0.001796 0.007886 0.000691 8.4e-005 0.003336 0.000499 0.003499 0.019112 0.008107 0.040085 0.040431 0.002545 0.000304 0.001051 0.004768 0.007183 0.001285 0.00585 0.014972 0.00149 0.005429 0.002885 0.03386 0.013148 0.014919 0.001563 0.011739 6e-006 0 0 0.003096 0 0.001423 0.003549 0.000375 0.007012 0.059012 0.076056 0.030269 0.04494 0.002238 0.005432 0.001788 0.004998 0.00725
0.000821 0.000387 7.1e-005 0.000635 0.000512 0.000399 0 0.005778 0.003051 0.000771 0.000535 0.000618 0.00101 0.005939 2.7e-005 0.003474 0.001799 0.006845 0.00188 0.003517 0.001107 0.000426 0 1.1e-005 0.000294 0.001163 0.005473 0.008404 0.002111 0.001401 0.010693 0.00117 0.011033 0.020578 0.003536 0.021738 0.00331 0.009808 0.026921 0.049738 0.080489 0.010322 0.005688 0.001585 0.000402 0.000611 0.001821 0.002393 0.004494 0.003128 0.003096 0.010464 0.039412 0.00291 0.005343 0.006825 0.002897 0.00971 0.000995 0 0.000549 0.006911 0.000365 0 0 0.000717 0.004441 0.000499 0.014248 0.012411 0.006947 0.002184 0.002572 0.00631 0.00922 0.005743
0.006451 7.3e-005 0 0.001865 0.002695 0.001315 0.000647 0.007716 0.005629 0.005393 0.004543 0.002462 0.00357 0.01054 0.000256 0.001833 0.000398 0.00081 0.00695 0.00229 0.007506 0.00027 2.5e-005 0.000326 0.002521 0.004275 0.00244 0.006976 0.00843 0.003923 0.008127 0.000634 0.000786 0.009971 0.014578 0.004593 0.000219 0.000758 0.012064 0.039631 0.005976 0.01226 0.028262 0.000575 0.0003 0.000587 0.043909 0.029416 0.021005 0.009479 0.003161 0.017337 0.016088 0.022246 0.003124 0.001128 0.007884 0.023156 0.000262 0.005744 0.009686 0.002961 0.000209 0 4.6e-005 0.000113 0.004994 0.000481 0.001971 0.001302 0.000431 0.001659 0.00016 0.004797 6.8e-005 0.000583
0.000217 1.2e-005 3.5e-005 1.3e-005 0.002706 0.003062 0.013538 0.033143 0.000924 0.012347 0.002569 0.001166 0.003349 0.0037 7.5e-005 5e-006 0.0001 0.017035 0.00195 0.000184 0.000553 0 0.002095 0.003214 0.001006 0.000784 0 0.002369 0.000426 0.000746 0.005856 0.003624 0.003521 0.013281 0.014304 0.001332 0.001212 8.4e-005 0.004579 0.000968 0.001616 0.015081 0.013877 0.010249 0.000147 0.011896 0.033341 0.031904 0.022237 0.009243 0.005808 0.010114 0.031305 0.028445 0.001101 0.000445 0.004779 0.015224 0.004902 0.005407 0.015339 0.029359 0.01704 0.001288 0.000562 0.000326 2.9e-005 0.000112 3.6e-005 0.001552 0.004692 0.001583 0.000209 0.008941 0.002915 2.5e-005
1.8e-005 0.001409 0.00773 0.000147 0.001295 0.002541 0.00119 0.003491 0.000886 0.010495 0.001251 0.014102 0.001817 0.006433 0.003534 0.0074 0.008768 0.01664 0.000655 0.001841 0.000364 0.009103 0.001787 0.000812 0 0.000163 0 0.000109 0.000614 6.4e-005 6e-006 0.017816 0.004755 0.009294 0.020643 0.005401 0.00434 0.002365 0.019225 0.001615 0.001467 0.027203 0.017591 0.021204 0.000934 0.002308 0.00286 0.011973 0.034934 0.0042 0.005758 0.018639 0.008452 0.003575 0 0.000252 0.011816 0.051561 0.052398 0.007275 0.022566 0.026841 0.017 0.004152 0.000166 0.002597 0.007074 0.003128 0.000817 0.013141 0.013598 0.006913 0.00831 0.016993 0.006142 0.003826
0.003487 0.001563 0.014759 0.005975 0.006705 0.001704 0.000171 0.000223 0.000662 0.011853 0.000383 0.002839 0.048185 0.032263 0.016298 0.003643 0.001484 0.005522 0.001242 0.006835 0.001012 0.00206 0.001497 0.005222 0.002991 0 0 0 0.000425 0.007866 0.000395 0.000853 0.001967 0.005551 0.002575 0.002544 0.007273 0.002988 0.037363 0.005063 0.000114 0.0246 0.035471 0.059193 0.004052 0.020801 0.000142 0.006435 0.017312 0.002121 0.006791 0.029948 0.000595 0 0.001823 0.008556 0.006615 0.03457 0.024807 0.031145 0.026103 0.023297 0.001787 0.019709 0.035039 0.040134 0.036534 0.007995 0 0 0.00092 0.024038 0.011972 0.00473 0.023162 0.006569
0.00269 0.008905 0.019276 0.010051 0.013469 0.025537 0.012852 0.001772 0.003402 0.008378 0.018397 0.014167 0.011733 0.018164 0.033931 0.00521 0.000938 0.008209 0.002052 0.007916 0.005414 0.000154 0.003395 0.005054 0.006787 0 0 0 0.002267 0.002242 0.000662 0.004154 0.003151 0.000366 0.000272 0.003735 0.02837 0.025481 0.020853 0.006145 0.000832 0.023488 0.032998 0.006117 0.001308 0.00225 4.3e-005 0.003412 0.014047 0.000578 0.002834 0.114424 0 0 0.001641 0.003658 0.020858 0.093303 0.043096 0.01646 0.055004 0.030064 0.034897 0.005202 0.006766 0.030105 0.016831 0.005516 0.000862 0.000451 0.001231 0.005349 0.023321 0.013131 0.013715 0.03064
0.007819 0.016842 0.004859 0.019225 0.002846 0.038683 0.01767 0.006601 0.010146 0.014848 0.015149 0.012461 0.010169 0.00551 0.017534 0.005097 0.006885 0.004763 0.002182 0.007633 0.005889 0.000235 0.000661 0.00428 0.000229 0 0 0 0.000315 0.001557 0.002689 0.018664 0.007519 0.001327 0.001135 0.01165 0.003898 0.003103 0.013247 0.013198 0.013749 0.017477 0.003741 0.002941 0.000109 0.000533 0 0.00656 0.054645 0.002801 0.026008 0.002774 0 0 0 6e-005 0.040114 0.090529 0.075901 0.006549 0.02627 0.027787 0.028858 0.013241 0.00275 0.001231 0.024332 0.030312 0.00217 0.00089 0.002628 0.002679 0.001106 0.011912 0.021548 0.011401
0.001232 0.000363 0.022061 0.121102 0.00708 0.007844 0.020223 0.038881 0.008675 0.013442 0.030678 0.017056 0.024559 0.002273 0.003468 0.000443 0.004317 0.000425 0.001947 0.000197 0.000758 0.002463 0.003271 0.003953 0.008687 7.1e-005 0 0 0.000607 0.007895 0.003674 0.000967 0.003395 0.00433 0.006266 0.011287 0.002165 0.0005 0.005231 0.004056 0.035297 0.023527 0.006875 0.022125 0.003024 0.000899 0.002012 0.000949 0.002073 0.002297 0.003504 0.003762 0 0 5.8e-005 0.000301 0.001354 0.0245 0.007894 0.014047 0.087645 0.076072 0.04061 0.023269 0.002505 0.000776 0.009251 0.01865 0.001101 0.020185 0.001514 0.003486 0.030979 0.021241 0.014434 0.002613
0.00612 0.003471 0.017012 0.020881 0.019876 0.017077 0.083848 0.005156 0.003388 0.008296 0.007903 0.002417 0.006168 0.01558 0.002137 0.000383 0.007592 0.005911 0.013113 0.002184 0.000113 0.006021 0.006117 0.002371 0.006487 0.00107 7.3e-005 0 0.000146 0.007539 0.001981 0.00234 0.001815 0.01258 0.003811 0.000484 0.000262 4.7e-005 8.3e-005 0.009995 0.012404 0.01211 0.030029 0.007251 0.002177 0.000506 0.004682 0 1.2e-005 0.002627 0.00721 0.003734 0 0 2.8e-005 0.00023 0.000777 0 0 0.000703 0.193711 0.175828 0.020757 0.00626 0.03143 0.002531 0.005521 0.000691 0.00646 0.055304 0.000299 0.002967 0.003258 0.00023 0.000239 0.003522
