EnvRasters/GE_High/barley.asc
ncols         270
nrows         223
xllcorner     24099.479091542
yllcorner     21023.840179216
cellsize      1003.8986847201
NODATA_value  -9999
[rows 68 to 101 of 223, columns 152 to 227 of 270]
0.006634 0.006672 0.016108 0.014323 0.007187 0.000976 0.016585 0.008312 0.000821 0.015837 0.008402 0.024886 0.010386 0.010094 0.017277 0.007202 0.000567 0.021787 0.030797 0.023471 0.012572 0.004868 0.002159 0.004736 0.014951 0.003121 0 0.003121 0.009667 0.017884 0.012127 0.004028 0.009893 0.004125 0.006636 0.001271 0.004045 0.001132 0 1.8e-005 0.000703 7.1e-005 5.5e-005 0.000154 0.000196 0.003912 0.018554 0.00353 0.003804 0.003276 0.001426 0.003875 0.006309 0.003443 4.2e-005 0.001492 0.000181 3.8e-005 0 0.00035 0.000297 0.00044 0.000269 6.9e-005 0.000398 0.044402 0.000556 -9999 -9999 -9999 -9999 -9999 -9999 -9999 -9999 -9999
0.030029 0.002579 0.012933 0.007789 0.014686 0.00571 0.003811 0.006023 0.001359 0.004748 0.015796 0.010932 0.00362 0.011046 0.007571 0.006962 0.003386 0.0064 0.018989 0.006155 0.008083 0.029277 0.011178 0.003905 0.010567 0.003733 0 0 0.00017 0.00264 0.005619 0.00033 0.004785 0.000485 0.000894 0.000874 0.002723 0.006192 0 0.000888 0.001246 0.007642 0.000203 0 0.00083 0.003392 0.001066 6.9e-005 0.000439 0.00096 0.005862 0.002364 0.014087 0.003417 0.004057 0.006193 0.004965 0.000175 0.000274 0.008929 0.000537 0.00064 0.001716 0.004155 0.001207 6.5e-005 -9999 -9999 -9999 -9999 -9999 -9999 -9999 -9999 -9999 -9999
0.010423 0.009946 0.014584 0.019124 0.005683 0.013975 0.002796 0.018503 0.008265 0.004627 0.006579 0.001876 0.007206 0.004902 0.009477 0.004093 0.008455 0.008666 0.006838 0.017204 0.01586 0.01122 0.014764 0.016582 0.024203 0.002453 0.000921 0.006259 0.004457 0.003701 0.001391 0.007877 0.007764 0.009769 0.001501 0.001242 0.001317 0.017084 0.003841 0.002166 0.013816 0.014148 0.001188 0.00167 0.006092 0.000766 0.000158 0 3.4e-005 0.006053 0.000163 0.001421 0.012026 0.002609 0.00941 0.005144 2.4e-005 0 0.011396 0.026263 0.014308 0.024732 0.000383 0.002099 0 -9999 -9999 -9999 -9999 -9999 -9999 -9999 -9999 -9999 -9999 -9999
0.010802 0.026483 0.028412 0.024716 0.011639 0.006944 0.021522 0.057871 0.017363 0.012308 0.004465 0.002418 0.024006 0.025086 0.002726 0.015617 0.00243 0.008575 0.000812 0.014007 0.013098 0.018679 0.009374 0.018302 0.009232 0.011937 0.001673 0.004532 0.009306 0.010257 0.007632 0.009962 0.012667 0.000158 0 0.001383 0.006823 0.027546 0.019442 0.005569 0.016368 0.00366 0.003605 0.006419 0.008635 0.00153 0.018195 0.001541 4.2e-005 0.000849 0.00208 0.005424 0.00321 0.001498 2.7e-005 0.008128 0.000689 0.002276 0.019393 0.055988 0.056484 0.00172 7.2e-005 0.000122 -9999 -9999 -9999 -9999 -9999 -9999 -9999 -9999 -9999 -9999 -9999 -9999
0.003327 0.005608 0.015414 0.058934 0.013924 0.014185 0.022494 0.019329 0.020978 0.026362 0.010629 0.004239 0.01217 0.027792 0.000488 6.3e-005 0.00816 0.00491 0.002815 0.00758 0.005338 0.00461 0.00429 0.001863 0.00061 0.00357 0.002775 0.005968 0.001994 0.002447 0.006909 0.002596 0.007205 0.000491 0.002176 0.001346 0.003853 0.009064 0.003664 0.008851 0.008932 0.003681 0.027673 0.010368 0.001798 0.002655 0.030006 0.007683 0.003031 0.006616 0.010852 0.018316 0.002652 0.001252 0.002628 0.003593 0.01131 0.031822 0.013283 0.047571 0.025293 0.006556 0.00408 -9999 -9999 -9999 -9999 -9999 -9999 -9999 -9999 -9999 -9999 -9999 -9999 -9999
0.044321 0.002904 0.003535 0.023756 0.034704 0.04026 0.023027 0.023677 0.06928 0.037768 0.03578 0.001096 0.00489 0.003382 0.003081 0.007627 0.012211 0.008223 0.030069 0.006159 0.022347 0.008448 3.4e-005 0.000547 0.002228 0.000825 0.021322 0.007127 0.00132 0.000575 0.005911 0.005953 0.005863 0.001399 0.001302 0.001755 0.003438 0.00938 0.021683 0.019255 0.000372 0.00202 0.003051 0.001385 0.000322 0.00537 0.005344 0.006504 0.052596 0.068814 0.003274 0.001102 0.000679 0.001528 0.001752 0.006952 0.003434 0.001406 0.004397 0.040725 0.018077 0.006356 0.006851 -9999 -9999 -9999 -9999 -9999 -9999 -9999 -9999 -9999 -9999 -9999 -9999 -9999
0.014229 0.01121 0.040387 0.033252 0.034104 0.026814 0.005792 0.00914 0.087858 0.014771 0.013907 0.005354 0.0213 0.003617 0.008189 0.023007 0.014379 0.009848 0.018935 0.00797 0.017682 0.001715 0.000181 0.002407 0.00714 0.000162 0.001303 0.001607 5.8e-005 0.005174 0.001779 0.021685 0.032239 0.007634 0.00965 0.000495 0.001985 0.001054 0.007375 0.005892 0.000885 0.001591 0.004793 0.000348 0 0.011438 0.005619 0.000873 0.032458 0.02827 0.011941 0.008859 0.02799 0.001058 0.00088 0.006672 0.0004 0.008782 0.007257 0.035048 0.058903 0.007637 0.027879 0.001143 -9999 -9999 -9999 -9999 -9999 -9999 -9999 -9999 -9999 -9999 -9999 -9999
0.003678 0.023421 0.012169 0.016597 0.015409 0.025931 0.001616 0.017892 0.02916 0.008887 0.024379 0.015038 0.025036 0.012478 0.018778 0.025019 0.015842 0.019801 0.026417 0.002973 0.000966 0.000576 0.001431 0.000372 0.002908 0.00383 0.008627 0.002754 0.009251 0.018061 0.007807 0.006221 0.00485 0.011178 0.006261 0.002017 0.005718 0.0132 0.004804 0.004857 0.000735 0.00379 0.001306 0.000188 8.1e-005 0.025406 0.002379 0.000147 0.008025 0.024534 0.032786 0.007781 0.013207 0.002672 0.01047 0.015552 0.003123 0.037406 0.02059 0.058063 0.039716 0.049251 0.029947 0.010422 -9999 -9999 -9999 -9999 -9999 -9999 -9999 -9999 -9999 -9999 -9999 -9999
0.013472 0.038135 0.027825 0.002946 0.003177 0.012292 0.032727 0.111697 0.058205 0.008164 0.005615 0.036464 0.00997 0.003479 0.005128 0.038953 0.016795 0.007171 0.001907 7.3e-005 0.001045 0.01574 0.007483 0.002681 0.028003 0.007912 0.002883 0.000742 0.026496 0.004559 0 0.000736 0.001267 0.005506 0.00616 0.00634 0.008064 0.001634 0.005023 0.011255 0.007666 0.001941 0.000519 0.000309 0.001386 0.007915 0.000624 0.003208 0.008008 0.009293 0.0013 0.000173 0 5.4e-005 0.0051 0.024565 0.027267 0.051219 0.039381 0.047313 0.016904 0.042109 0.115615 0.058725 0.002222 0.00038 -9999 -9999 -9999 -9999 -9999 -9999 -9999 -9999 -9999 -9999
0.018903 0.03099 0.044872 0.044697 0.016562 0.08381 0.027993 0.091647 0.120697 0.020899 0.00401 0.008855 0.016299 0.001318 0.004481 0.059893 0.012174 0.001318 0.001037 5.5e-005 0.004433 0.025656 0.010608 0.00327 0.015601 0.009619 0.006562 0.000755 0.000743 0.000786 0 0 0.001122 0.01072 0.005918 0.010661 0.008757 0.001759 0.002436 0.00618 0.002008 0.000198 0 0.001587 0.002177 0.003939 0.001652 0.014857 0.000841 0.004051 0.003293 0.00856 0.002328 0.006901 0.038276 0.028033 0.037926 0.059414 0.014855 0.009573 0.036711 0.036667 0.063779 0.137638 0.053243 0.010434 0 -9999 -9999 -9999 -9999 -9999 -9999 -9999 -9999 -9999
0.049367 0.024553 0.063435 0.042581 0.058859 0.034314 0.009593 0.019247 0.052749 0.020757 0.029654 0.010308 0 0 0.002138 0.009135 0.049362 0.01085 0.001751 0.000456 0.009426 0.012637 0.008115 0.002926 0.008806 0.004066 0.007555 0.006849 0.001485 0.015896 0.00057 0.00056 0.003411 0.010416 0.021846 0.031102 0.002676 0.006097 0.001773 0.000473 0.000165 0 0.001497 0.005363 0.002954 0.00606 0.018254 0.019184 0.005508 0.025162 0.008972 0.049396 0.062921 0.010241 0.034098 0.044893 0.022884 0.012261 0.059581 0.097467 0.041962 0.011422 0.008902 0.067795 0.07405 0.006891 0 -9999 -9999 -9999 -9999 -9999 -9999 -9999 -9999 -9999
0.024926 0.052848 0.097093 0.114709 0.055619 0.044349 0.019498 0.045406 0.018942 0.047488 0.021289 0.007417 0.002217 0.004755 0.003256 0.023638 0.031431 0.02614 0.024786 0.002835 0.021841 0.056545 0.011732 0.007019 0.007351 0.012983 0.015775 0.005831 0.005117 0.013632 0.003415 0.024311 0.012812 0.007026 0.008448 0.006226 0.007754 0.002558 0.012694 0.017828 0.001853 3.5e-005 0.001851 0.013053 0.010517 0.055434 0.004615 0.00756 0.002609 0.018192 0.016929 0.054446 0.054007 0.024021 0.033894 0.049638 0.029953 0.021794 0.04781 0.080138 0.045943 0.008103 0.002326 0.006391 0.01102 0.044865 9.5e-005 -9999 -9999 -9999 -9999 -9999 -9999 -9999 -9999 -9999
0.059041 0.014781 0.148737 0.123607 0.181004 0.128455 0.014784 0.012341 0.03749 0.035428 0.014842 0.005671 0.006469 0.00524 0.055832 0.023283 0.018557 0.076951 0.055564 0.007624 0.105639 0.051224 0.068833 0.023546 0.032211 0.017932 0.005133 0.007109 0.013407 0.015085 0.003703 0.005215 0.021462 0.027237 0.020531 0.012238 0.0006 0.000963 0.012615 0.006027 0.001538 0.002879 0.001506 0.004661 0.001905 0.000744 0.009467 0.006095 0.012384 0.002391 0.00054 0.000372 0.003929 0.00215 0.000207 0.063 0.04129 0.036102 0.024517 0.014108 0.049056 0.038257 0.015251 0 0.001003 0.050766 0.001616 0 -9999 -9999 -9999 0 0 -9999 -9999 -9999
0.116849 0.038952 0.04029 0.081405 0.148519 0.078225 0.038095 0.041987 0.048945 0.020446 0.003108 0.023814 0.050121 0.038962 0.025509 0.013483 0.057782 0.078878 0.019244 0.037562 0.071624 0.041901 0.033659 0.024949 0.067436 0.040078 0.005428 0.008577 0.017566 0.027922 0.003156 0.028252 0.013206 0.038328 0.025417 0.036412 0.005256 0.005584 0.014827 0.004461 0.002464 0.012175 0.009451 0.001169 0.000539 1.5e-005 0.009914 0.051573 0.034252 3.3e-005 0 0.000208 0.01641 0.006038 0.004582 0.053209 0.042952 0.044526 0.007828 0.008248 0.046943 0.053364 0.023227 0.000372 0.01166 0.035505 0.002693 -9999 -9999 -9999 0 0 0 0 -9999 -9999
0.089087 0.119979 0.101477 0.084681 0.11752 0.029198 0.079241 0.076919 0.037002 0.036566 0.003045 0.028094 0.053797 0.10404 0.064635 0.112597 0.097887 0.049217 0.040952 0.030465 0.042361 0.081313 0.044599 0.050457 0.063635 0.050223 0.019838 0.008939 0.01278 0.032269 0.009667 0.028376 0.032191 0.037943 0.041581 0.010658 0.003916 0.007993 0.007784 0.008886 0.010821 0.020076 0.004333 0.005072 0.02756 0.003604 0.004256 0.012243 0.03031 0.01102 0.013075 0.000479 0.007145 0.008854 0.003181 0.0268 0.077667 0.095442 0.073835 0.01055 0.063947 0.009467 0.000727 0.001404 0.011818 0.001382 0.002254 -9999 0.000124 0 0.001563 9.6e-005 0 0 0 -9999
0.197936 0.102632 0.052603 0.096226 0.083848 0.069102 0.119196 0.10435 0.049819 0.064878 0.006851 0.048918 0.067067 0.060559 0.109974 0.171313 0.148407 0.039369 0.140884 0.107944 0.045278 0.058584 0.043494 0.008057 0.015457 0.056562 0.069779 0.065647 0.052536 0.071888 0.037275 0.030643 0.010818 0.031516 0.039288 0.015788 0.012562 0.034016 0.017581 0.02408 0.024146 0.011969 0.007702 0.005528 0.00579 0.008014 0.027388 0.032715 0.002848 0.008263 0.036164 0.002378 0.013444 0.006657 0.02563 0.056564 0.148011 0.159579 0.072831 0.003897 0.002738 0.016357 0.004197 0.000348 0.002217 1.2e-005 0.00014 0.000691 0.001161 0.000657 0.002687 0.000409 0.000374 0.0009860001 0 0.000456
0.120345 0.107966 0.099242 0.127508 0.113429 0.092349 0.104149 0.14381 0.056685 0.028829 0.140182 0.110303 0.07134 0.030426 0.082262 0.098479 0.113207 0.145024 0.179993 0.17298 0.07375 0.036828 0.007538 0.000134 0.030915 0.087667 0.064689 0.053987 0.097683 0.065919 0.04336 0.050137 0.02686 0.036476 0.035852 0.021381 0.004385 0.014735 0.001695 0.018215 0.003702 0.009148 0.015354 0.012482 0.016843 0.029891 0.0263 0.026891 0.016391 0.005163 0.004653 0.001945 0.002554 0.042109 0.023962 0.004174 0.002407 0.001209 1.3e-005 0.00108 0.00106 0.004252 0.001316 7.7e-005 0.005614 0.002795 0.001014 0.000346 0.002292 0.000737 0.001418 0.004205 0.00123 0.000373 0.000903 0.00256
0.116853 0.109475 0.13091 0.122514 0.084567 0.05576 0.064398 0.02127 0.067645 0.086892 0.105735 0.104637 0.107457 0.068184 0.173454 0.111596 0.044906 0.126028 0.132176 0.161864 0.12412 0.095176 0.083455 0.014172 0.095124 0.064759 0.071306 0.025475 0.121157 0.096181 0.039901 0.0742 0.024694 0.010638 0.006754 0.009403 0.002173 0.001881 0.008134 0.016716 0.016353 0.023414 0.077676 0.033965 0.023113 0.050178 0.013972 0.012165 0.02583 0.028509 0.064613 0.019898 0.034013 0.080278 0.020595 0.000999 0.000175 0 0 0 0.00344 0.002775 0.019766 0.001886 0.001239 0.000266 0 0 0.0002 0.000251 0.023196 0.001246 0 0.003305 0.012918 0.01028
0.069738 0.071085 0.069768 0.077442 0.062702 0.111572 0.074457 0.042744 0.114154 0.056031 0.068919 0.087755 0.143302 0.088977 0.072776 0.05721 0.082278 0.044475 0.088059 0.103845 0.125241 0.131551 0.108707 0.066231 0.077338 0.062895 0.01916 0.021254 0.036541 0.058156 0.031849 0.019833 0.010466 0.01677 0.014667 0.016251 0.029167 0.02799 0.00155 0.001302 0.040499 0.010885 0.024161 0.012871 0.022715 0.011891 0.014724 0.01796 0.03088 0.080628 0.084908 0.172744 0.097539 0.030449 0.002069 0.009296 0.002505 0.000814 0.000645 0.014695 0.086206 0.05001 0.008703 0.003614 0.001197 0.000292 0.000933 0.007645 0.000839 0 0.00431 0.000725 0.000599 0 0.000113 0.020358
0.043053 0.087021 0.1077 0.045569 0.073415 0.018231 0.032501 0.048497 0.038192 0.069092 0.180521 0.055452 0.062395 0.094343 0.079915 0.02656 0.1459 0.111419 0.076494 0.140436 0.133802 0.146985 0.023872 0.05662 0.019482 0.058986 0.027874 0.003345 0.049766 0.147969 0.052575 0.014358 0.017982 0.049253 0.047075 0.001171 0.007033 0.019962 0.066612 0.024563 0.093797 0.029915 0.005285 0.069922 0.149047 0.050116 0.190342 0.1356 0.100588 0.127662 0.033129 0.187298 0.205229 0.106091 0.018479 0.033905 0.032413 0.082627 0.005876 0.065744 0.133635 0.02283 0.014345 0.010563 0.000814 0 0.005435 0.065827 0.001357 0.002453 0.002492 0 0 0 0 0.006885
0.164713 0.157674 0.088569 0.12803 0.10577 0.024259 0.105676 0.088294 0.021085 0.027405 0.114799 0.110239 0.090229 0.03439 0.088736 0.103555 0.106558 0.078025 0.097113 0.085134 0.080974 0.135584 0.068165 0.023573 0.041602 0.082205 0.088233 0.031546 0.102654 0.165901 0.058703 0.090525 0.102109 0.096616 0.071198 0.013908 0.016642 0.013323 0.077648 0.043839 0.01088 0.025288 0.028302 0.115601 0.069932 0.015589 0.14009 0.25921 0.122604 0.142986 0.022538 0.165313 0.177022 0.085943 0.044454 0.013539 0.093997 0.172757 0.121412 0.146751 0.072224 0.002638 0.000477 0.001856 0.000407 0 0.01475 0.027366 0.005489 0.013431 0.001058 0 0 0 0 0.000131
0.175567 0.165004 0.048472 0.163561 0.09698 0.0471 0.034249 0.043079 0.089783 0.032485 0.087455 0.046924 0.020783 0.030645 0.046493 0.116133 0.147565 0.067088 0.147683 0.075278 0.025455 0.029461 0.012713 0.011405 0.090483 0.166893 0.158681 0.053056 0.025708 0.030789 0.008586 0.044469 0.038132 0.041042 0.020062 0.008394 0.01249 0.103355 0.061515 0.017556 0.093227 0.015119 0.012788 0.032287 0.117164 0.061111 0.05131 0.107358 0.050549 0.093092 0.143696 0.044616 0.074712 0.086636 0.035884 0.07141 0.174613 0.148624 0.081045 0.129641 0.092282 0.002284 0.000912 0 0 0 0.008282 0.006446 0.001876 0.009816 0.000801 0 0 0 0.00038 0.000812
0.134232 0.122753 0.103978 0.093943 0.052802 0.040059 0.070051 0.064322 0.161603 0.078252 0.070535 0.085476 0.029041 0.074393 0.144738 0.160829 0.141868 0.089167 0.151085 0.125143 0.037547 0.003313 0.031073 0.030979 0.125561 0.124598 0.016473 0.009482 0.009744 0.002152 0.050849 0.101709 0.029595 0.024964 0.061381 0.003676 0.006305 0.088354 0.097424 0.053517 0.10607 0.039514 0.039452 0.013577 0.028091 0.026091 0.028862 0.137748 0.129761 0.124123 0.130836 0.138729 0.081634 0.135402 0.087915 0.16425 0.218737 0.043569 0.03202 0.044658 0.022325 0.000616 0.000604 0.000185 0 0 0 0 0 0.000331 0.001197 0.000279 0 0 5.6e-005 0.000524
0.102999 0.120769 0.154506 0.033874 0.040661 0.13905 0.058875 0.090879 0.14231 0.087267 0.051164 0.070806 0.018443 0.05465 0.151396 0.142468 0.106342 0.077613 0.100501 0.027082 0.015854 0.003103 0.015781 0.09718 0.134664 0.162004 0.01883 0.090128 0.069641 0.017584 0.084652 0.049042 0.008316 0.016086 0.016735 0.002375 0.069663 0.0581 0.097967 0.118077 0.175862 0.07973 0.127342 0.081787 0.037758 0.138002 0.186254 0.13581 0.169288 0.098148 0.122974 0.146378 0.162191 0.121601 0.024501 0.101339 0.049772 0.059703 0.028016 0.029603 0.003086 0.012362 0.000612 6.8e-005 0 0 0 0 3.6e-005 0 0 0 0.000264 0 0 0
0.034389 0.025279 0.114647 0.035929 0.064481 0.073481 0.014269 0.062845 0.135906 0.134771 0.125987 0.085633 0.076294 0.098437 0.028918 0.105807 0.100922 0.145475 0.05886 0.054251 0.031931 0.067978 0.008729 0.05862 0.092494 0.140139 0.059955 0.056187 0.112134 0.117587 0.146368 0.095664 0.018805 0.005723 0.005367 0.023478 0.097497 0.18997 0.101359 0.127914 0.066836 0.081162 0.158635 0.086868 0.039255 0.175717 0.174084 0.136526 0.065761 0.07267 0.030183 0.075969 0.035333 0.047208 0.01383 0.027519 0.002598 0.022153 0.013342 0.017432 0.002232 0.000127 0 0 0 0 0 0 1e-006 0 0 0 0 0 0 0
0.163667 0.09536 0.17506 0.123761 0.198324 0.057086 0.041495 0.006314 0.016088 0.104255 0.096239 0.09639 0.165233 0.174529 0.081173 0.070944 0.046181 0.197419 0.114781 0.113109 0.045285 0.030737 0.005174 0.000288 0.083007 0.141536 0.168912 0.080561 0.032727 0.071301 0.049228 0.043087 0.034437 0.065638 0.039708 0.01865 0.081669 0.095554 0.12928 0.145037 0.176381 0.139264 0.100783 0.072328 0.097249 0.098668 0.156011 0.221604 0.133178 0.10278 0.017209 0.024585 0.007994 0.008706 3.9e-005 0.005278 0.000451 0.011567 0.000885 0.001148 0.001225 7.5e-005 0 0 0 0 0 0.001217 0.000443 0 0 0 0 0 0 0
0.140082 0.150167 0.117873 0.016186 0.050192 0.017928 0.105677 0.048606 0.041636 0.122902 0.136862 0.108191 0.03832 0.041427 0.136731 0.081535 0.125863 0.171011 0.1761 0.192077 0.077253 0.007703 0.021536 0.080311 0.059095 0.116133 0.071795 0.104856 0.04527 0.004447 0.013963 0.084592 0.115502 0.162465 0.063551 0.0357 0.044172 0.134211 0.041649 0.014319 0.073826 0.103355 0.028991 0.087846 0.106039 0.051817 0.123105 0.145177 0.058867 0.102732 0.021831 0.050421 0.004129 0.000742 0.000367 0.000507 0.004756 0.000119 9.7e-005 0.003494 8.4e-005 1.3e-005 0 0 0.00059 0.000721 0 0.000719 0.000254 0 0 0 0 0 0 0
0.168393 0.150019 0.025331 0.018013 0.024489 0.040374 0.057495 0.06602 0.040269 0.151055 0.110576 0.111717 0.070186 0.149719 0.13937 0.093264 0.081416 0.069886 0.077305 0.129145 0.132146 0.070066 0.05692 0.052876 0.030785 0.110974 0.054062 0.023307 0.083679 0.055608 0.207933 0.028815 0.139802 0.193412 0.139201 0.015524 0.013717 0.03681 0.033534 0.1124 0.01841 0.058849 0.030145 0.030214 0.08215 0.078919 0.145346 0.172139 0.022937 0.01318 0.009816 0.005302 0.007924 0.000694 0.003246 0 2.7e-005 0 8.4e-005 0 0 5e-006 0 0 0.000578 0.003922 0.000938 0.00017 3.1e-005 0 0 0 0 0.000574 0 0
0.132051 0.076902 0.132909 0.117793 0.1054 0.109285 0.120176 0.06223 0.056346 0.044304 0.11207 0.098305 0.06597 0.130186 0.123828 0.08344 0.12953 0.087576 0.11538 0.16883 0.17936 0.167749 0.112831 0.051601 0.032334 0.011108 0.036349 0.110183 0.131694 0.153792 0.105518 0.191669 0.117399 0.126635 0.129067 0.070844 0.014045 0.020602 0.145422 0.090142 0.028612 0.091904 0.123254 0.030717 0.004887 0.020078 0.097512 0.071315 0.070927 0.003318 0.020156 0.014616 0.027133 0.006864 8e-006 0 0 0 0 0 0.001086 0.00059 4.5e-005 1.9e-005 0 2.1e-005 0 3.2e-005 0.001824 7.3e-005 0.001079 0 0 0 0 0
0.125525 0.060223 0.043759 0.071731 0.120114 0.084939 0.120724 0.029479 0.081148 0.131074 0.145232 0.073006 0.04285 0.132301 0.101011 0.060614 0.161834 0.096296 0.111699 0.168173 0.085353 0.134996 0.095262 0.032289 0.045731 0.001222 0.033162 0.149293 0.087063 0.134334 0.128247 0.114998 0.112573 0.018934 0.028362 0.08334 0.084437 0.022043 0.024594 0.029507 0.019097 0.132901 0.145716 0.01651 0 0.001526 0.009579 0.008675 0.00049 0.006662 0.051654 0.005545 0.021033 2.5e-005 0 5.7e-005 2.3e-005 0 0 0 0.000262 1.6e-005 0.000587 0.000134 0 0.000121 0 0 0 0 0.000304 0 0 0 0 0
0.164544 0.116263 0.058745 0.101385 0.065411 0.024644 0.01538 0.060222 0.043773 0.080511 0.155749 0.101612 0.107427 0.150089 0.08677 0.011692 0.036804 0.040011 0.108202 0.092605 0.040679 0.010529 0.002303 0.00718 0.000775 5.1e-005 0.016532 0.013405 0.02858 0.085127 0.193593 0.152917 0.063031 0.046327 0.117109 0.098439 0.064163 0.02658 0.009115 0.08592 0.141336 0.125221 0.065797 0.001344 0.00036 0.001287 0 0 8.7e-005 0.008552 0.004773 0.001318 0 0 1.5e-005 4.4e-005 9e-005 0 0 0 0 8e-006 3.6e-005 9.2e-005 1.3e-005 0.002293 2e-006 0 0 0 0.002022 0 0 0 0 0
0.126124 0.184969 0.135251 0.028786 0.043387 0.018378 0.01093 0.130158 0.166036 0.091664 0.03035 0.049528 0.092382 0.124143 0.098844 0.100477 0.112145 0.096917 0.098737 0.08449 0.217998 0.221305 0.202576 0.061466 0.05488 0.077159 0.017806 0.04513 0.095335 0.069045 0.014508 0.00985 0.016517 0.002604 0.001648 0.03349 0.02445 0.051549 0.021321 0.014542 0.00209 0.011506 0.002906 0.003849 0.014168 0.009885 0.00244 0.009695 0.035069 0.001711 0.000194 0.000122 0 0 0 0 0 0 0 0 0 0 0.000122 0.001813 0.000583 0 0.002265 0.000827 0 0 0 0 0 0 0 0
0.147106 0.142622 0.065882 0.006626 0.023325 0.044639 0.02836 0.099537 0.112844 0.117313 0.112191 0.053202 0.106777 0.024116 0.02488 0.08647 0.0973 0.008469 0.007657 0.049287 0.152009 0.181214 0.182716 0.118963 0.12928 0.159921 0.102728 0.091616 0.104413 0.113625 0.029396 0.009079 0.113762 0.038224 0.001632 0.009784 0.045599 0.062786 0.191335 0.104505 0.019841 0.033819 0.064892 0.00506 0.001694 0.003104 0.000912 0.009679 0.033515 0.00043 0 0 0 0 0 0 0 0 0 0 0 0 0.000292 0.000426 5.1e-005 0.000456 0.001769 0.000329 0 0 0 0 0 0 0 0
0.052201 0.053334 0.000991 0.016614 0.120293 0.08571 0.113346 0.153929 0.086717 0.114551 0.107501 0.015794 0.145448 0.081963 0.015008 0.084895 0.087703 0.025436 0.111752 0.161415 0.057462 0.029463 0.032584 0.055077 0.119377 0.044285 0.052877 0.06482 0.081191 0.064273 0.013369 0.014744 0.13116 0.126228 0.023746 0.005351 0.019841 0.026294 0.095454 0.042356 0.021903 0.029 0.022843 0.008352 0.003598 0.01712 0.000226 0.007388 0.003428 0.000497 0.001461 0.000801 0 0 0 0 0 0 0 5.9e-005 0 0 0 0 0 0 9e-005 0 0 0 0.000261 0 0 0 0 0
