EnvRasters/GE_High/barley.asc
ncols         270
nrows         223
xllcorner     24099.479091542
yllcorner     21023.840179216
cellsize      1003.8986847201
NODATA_value  -9999
[rows 102 to 135 of 223, columns 76 to 151 of 270]
0.004322 0.008358 0.002183 0 4e-006 0.00074 0.001846 0.029416 0.054077 0.014245 0.003849 3e-006 0.006757 0.003067 0.006147 0.005106 0.020174 0.00847 0.012985 0.002627 0.003192 0.019852 0.012454 0.002098 0.028511 0.050825 0.028197 0.01115 1.4e-005 0.008654 0.015009 0.002341 0.009359 0.001793 0.001194 0.002547 0.012027 0.007588 0.003038 0.022704 0.029122 0.002702 0.048524 0.041935 0.021975 0.014994 0.066479 0.082532 0.005186 0.053393 0.116205 0.089061 0.006025 0.031076 0.064716 0.040534 0.104395 0.096507 0.066559 0.129023 0.01707 0.036935 0.078674 0.045321 0.028926 0.003396 0.038246 0.106564 0.020598 0.050674 0.119327 0.094178 0.135778 0.012802 0.006938 0.008787
0.000425 0.022567 0.002641 0.00711 0.028725 0.003886 0.009313 0.019805 0.066194 0.041643 0.008591 0 0.000364 0.058277 0.098482 0.054629 0.11597 0.04936 0.06394 0.026423 0.025727 0.066339 0.041693 0.015959 0.05166 0.022123 0.020929 0.008725 0.000811 0.018053 0.017715 0.020947 0.013413 0.003351 0.000107 0.001435 0.013629 0.044842 0.007091 0.001187 0.003661 0.006755 0.046759 0.056708 0.070959 0.064747 0.01892 0.060703 0.070133 0.064166 0.038252 0.007541 0.005198 0.070306 0.116488 0.029071 0.057519 0.07383 0.070026 0.066457 0.019667 0.005774 0.008413 0.007233 0.010545 0.003226 0.031154 0.057401 0.101406 0.028406 0.097355 0.082335 0.078843 0.047421 0.065562 0.092575
0 0 0.000917 0.024284 0.04253 0.002555 0.006887 0.009166 0.051803 0.066592 0.004459 0.000879 0.007843 0.087627 0.137795 0.123172 0.106462 0.077953 0.009978 0.020335 0.078709 0.029666 0.022366 0.013364 0.044622 0.02245 0.018295 0.016665 0.004059 0.001949 0.014835 0.003308 0.00046 1.1e-005 5.5e-005 0.005131 0.009787 0.053125 0.001027 0.003204 0.015393 0.0049 0.00293 0.033273 0.020648 0.01595 0.062467 0.047623 0.062314 0.03983 0.001445 0.028146 0.033922 0.084839 0.118905 0.101794 0.080714 0.084848 0.00317 0.05969 0.025607 0.083313 0.021335 0.021567 0.006792 0.005175 0.006671 0.060337 0.174608 0.118558 0.074433 0.020822 0.003193 0.167133 0.08651 0.15749
0 0 0.000341 0.005469 0.010234 0.008798 0.016859 0.045805 0.036819 0.022288 0.00521 0.021678 0.02569 0.074907 0.057743 0.028976 0.017821 0.043666 0.003222 0.003827 0.07121 0.046987 0.054633 0.028239 0.057003 0.015664 0.013976 0.041065 0.000204 0.001265 0.002118 0.004439 0.000532 7e-006 0.00454 0.043545 0.017184 0.013025 0.00571 0.012323 0.027106 0.025889 0.019009 0.044329 0.025349 0.004675 0.033416 0.065218 0.019886 0.003604 0.009639 0.105451 0.086054 0.0857 0.060889 0.115287 0.07117 0.089088 0.010222 0.045732 0.102123 0.130495 0.010849 0.054109 0.067273 0.038117 0.024495 0.046922 0.116372 0.197134 0.079912 0.003667 0 0.06934 0.056231 0.054604
0.032857 0.002792 0 0.000568 0.000291 0.000157 0.008969 0.039833 0.087161 0.033319 0.025186 0.006398 0.020318 0.033086 0.006143 0.004033 0.002373 0.021976 0.000638 0.003167 0.035394 0.026363 0.040441 0.054564 0.034826 0.006723 0.006632 0.023742 0.007214 0.006603 0.035415 0.031032 0.017241 7.8e-005 0.00767 0.016322 0.01553 0.012381 0.001084 0.010558 0.061873 0.013442 0.004543 0.024526 0.021432 0.004661 0.025343 0.040308 0.02208 0.022853 0.002 0.018336 0.072919 0.083504 0.061951 0.046812 0.145589 0.106125 0.056953 0.053841 0.054394 0.027125 0.017383 0.128559 0.115277 0.062736 0.078544 0.120693 0.133624 0.1198 0.074894 0.070776 0.059823 0.033241 0.01702 0.170014
0.156965 0.020437 0.000777 0.000614 0.005354 0.007659 0 0.021429 0.018334 0.014593 0.014226 0.004269 0.039181 0.074606 0.048224 0.0001 5.7e-005 0.001147 0.012927 0.000472 0.00667 0.058077 0.01864 0.037798 0.028256 6e-006 0.001568 0.03722 0.016463 0.006364 0.076344 0.054102 0.01293 0.007706 0.022505 0.072546 0.046111 0.021166 0.000118 0.014081 0.013302 0.015039 0.000488 0.002084 0.01095 0.058865 0.028055 0.014413 0.012858 0.02777 0.118579 0.028641 0.015816 0.034296 0.011393 0.017914 0.118237 0.044902 0.03896 0.087823 0.121554 0.100749 0.044618 0.115304 0.038479 0.002787 0.005602 0.03132 0.087241 0.0343 0.055649 0.060788 0.015721 0.016581 0.042869 0.066759
0.043792 0.0183 0.002978 0.000105 0.000506 0.009699 0.000196 0 0.001391 0.095036 0.109594 0.111261 0.057109 0.046527 0.026332 0.002617 0.001232 0.002692 0.00073 0.001933 0.002177 0.007493 0.003829 0.020492 0.028646 0.000503 0.023742 0.010127 0.046556 0.069535 0.100187 0.043644 0.039011 0.029255 0.005565 0.016067 0.03588 0.07799 0.005626 0.004423 0.02126 0.003434 1.2e-005 0 0.001739 0.049812 0.116489 0.055575 0.010027 0.014022 0.044068 0.015218 0.060565 0.113943 0.065129 0.042254 0.047499 0.004905 0.038637 0.160239 0.144005 0.11613 0.034145 0.108003 0.060773 0.005221 0.001293 0.010073 0.076335 0.111203 0.108455 0.08044 0.007996 0.047487 0.132257 0.018326
0.008145 0.024829 0.01337 0.00635 0 0.008866 0.001029 0 0.001149 0.093964 0.098557 0.151544 0.071156 0.01212 0.030727 0.033675 0.012634 0.009564 0.001339 0.009284 0.002778 0.000874 0.004865 0.015631 0.061895 0.02836 0.001603 0.003109 0.029403 0.017406 0.00563 0.015019 0.09609 0.027904 0.022668 0.003536 0 0.029078 0.003715 0.000898 0.001426 0.005571 0.000738 0.002049 0.048972 0.11639 0.115797 0.088741 0.016259 0.049497 0.02209 0.013527 0.083551 0.026552 0.026615 0.01703 0.004023 0.00093 0.008192 0.071014 0.055753 0.061947 0.034498 0.068302 0.052029 0.004626 0 0.005524 0.086483 0.024522 0.089721 0.037842 0.03064 0.071081 0.038768 0.059077
0.002606 0.001764 0.011927 0.004009 0 0.006007 0.000294 0.000124 0.002339 0.065841 0.060431 0.05965 0.028343 0.01674 0.029769 0.016626 0.016039 0.014679 9.2e-005 2.5e-005 0.000272 1.6e-005 0.000511 0.000172 0.019988 0.029809 0.00303 0.007924 0.010182 0.027024 0.007431 0.00988 0.025015 0.002696 0.007114 0.00013 0.00176 0.004732 0.003372 0.001357 0 0 0.000535 0.008917 0.056022 0.129468 0.106569 0.016577 0.009208 0.013207 0.000706 0.006313 0.03541 0.036201 0.026891 0.004716 0.018449 0.011135 0.004436 0.017213 0.012879 0.005247 0.003956 0.001971 0.045413 0.027934 0.013777 0.023426 0.062275 0.065162 0.071664 0.059563 0.075246 0.091662 0.114222 0.038624
0.000332 0.003987 0.010627 0.001555 0.000136 0.000216 0 0.000276 0.006382 0.007589 0 5.2e-005 0 0 0 1e-006 0 0 6.8e-005 0 0.000115 0 0 0 0.00046 0.001254 0.002351 0.011662 0.014016 0.086248 0.03059 0.020916 0.037393 0.013194 0.000138 0.000327 0.002604 0.001861 0.000313 0 0.000443 0.000545 0.013385 0.018596 0.039977 0.087493 0.020945 0.028915 0.054921 0.005087 0.001962 0.000744 0.027664 0.131576 0.041567 0.001464 0.014844 0.016742 0.024618 0.063335 0.006819 0.093528 0.068167 0.016639 0.021002 0.017403 0.021907 0.035422 0.013106 0.037307 0.03011 0.114838 0.162575 0.125245 0.071494 0.122602
0 0 0 0 0 0 0 0 0.001366 0.001184 0 0 0 0 0 0.00079 0.003391 0.012442 1e-005 0.002854 0.000402 0.000549 0.00084 0.01168 0.005545 0.005693 0.024662 0.00483 0.000542 0.012385 0.007877 0.002556 0.000583 0.000114 0.00098 3.7e-005 0.00186 2e-006 0.000571 0.000261 0.000147 0.00076 0.008737 0.007027 0.029381 0.056081 0.012426 0.051792 0.067271 0.006077 0.000722 0.000634 0.000857 0.002162 0.004544 0.011465 0.069131 0.08669 0.030426 0.048306 0.129619 0.214194 0.110507 0.076162 0.014049 0.080288 0.076799 0.083048 0.08657 0.139132 0.050878 0.079222 0.024093 0.05724 0.057277 0.030166
0 0 0 0.001008 0.00203 0.018277 0.001199 0.000507 0.000643 0.000866 3.9e-005 0 7e-005 0.001311 0 0.000463 0.006405 0.001984 9.2e-005 0.003282 0.002043 0.003875 0.000512 0.022605 0.031421 0.005073 0.031125 0.031976 0.000213 0.005331 0.018856 0.000659 0.005504 0.000169 5.7e-005 0 0 1.5e-005 0.000435 0.001603 8.9e-005 9e-006 0.009199 0.010574 0.009475 0.040393 0.031005 0.084783 0.021638 0.011234 0.004063 0.001066 0.003653 0.000739 0.002644 0.000808 0.002435 0.004618 0.001375 0.028895 0.043603 0.030678 0.008714 0.063302 0.074948 0.013035 0.086695 0.124929 0.172372 0.148459 0.030491 0.016191 0.008244 0.001669 0.045018 0.009844
0 0 0 0.002024 0.000602 0.000608 0.000101 0.004232 0.00082 0.00028 0 0 0 0 7.1e-005 0.00183 0.002287 0 0.000264 0.00037 0.00694 0.023688 0.003124 0.002305 0.000797 0.002366 0.003906 0.000482 0.001079 0.007481 0.002956 0.000867 4.2e-005 0 0.004142 0.002908 0 3.4e-005 1e-005 5.7e-005 0 0 0.0011 0.001478 0.003045 0.002906 0.005184 0.009245 0.005195 0.003383 0.001799 0.000132 0.00398 0 0.002138 0.003563 0.000926 0.000453 6.5e-005 0.0058 0.064687 0.021379 0.000443 0.003093 0.039313 0.005305 0.009754 0.014739 0.101399 0.008746 0.042477 0.057542 0.00892 0.001492 0.048721 0.012535
0 0 0 0 0 2.1e-005 0 0 0 0 0 0 0 0 0.00022 0.007896 0.003341 0.004152 0 0 0.000787 0.004347 0.001355 0.00383 0.021054 0.008183 7.2e-005 0.00531 0.000363 0.001324 0.000221 0.000864 0.002931 0.017938 0.006932 0.001725 8.1e-005 0.000308 0 0.000116 0 0 6e-006 0.000681 0.000585 0.000767 0.002541 0.005198 0.003982 0.001121 0.00112 0.000648 0.000596 0 0.005876 0.018856 0.000563 0.00547 0.016986 0.016046 0.018527 0.004501 0.002459 0.00083 9.2e-005 0.017025 0.01171 0.00603 0.010717 0.007686 0.006899 0.077649 0.017116 0.029673 0.090625 0.028689
0.000102 0.000529 9.1e-005 0.000142 7.4e-005 0.000328 0 0 0 0 0 0 0 0 5.1e-005 0.002035 0.005207 0.000325 0 0 0 0.000607 3e-006 0 0 0.00348 0.002284 0 0.00195 0.008099 0.001802 0.003786 0.022977 0.00834 0.001235 0.012029 0.005165 0.000137 0.000143 6e-005 0 0 0.036501 0.034361 0.006712 4.1e-005 0.004389 0.003614 0.002556 0.001257 0 8.8e-005 0 0.00021 0.000192 0.000356 0.003167 0.003631 0.014234 0.031373 0.005366 0.000345 0.003541 0.00038 0.011177 0.00346 0.000384 0.000338 0.002822 0.002394 0.008741 0.030313 0.012006 0.006349 0.019407 0.02754
0.004959 0.004986 0.025192 0.036983 0.011517 0.012938 0 0 0 0 0 0.000624 3.6e-005 0 0 0.000191 0.001219 1.5e-005 0.002799 0 0 0 5.4e-005 0.015385 9e-006 0.000316 0.000459 0.000176 0.00433 0.051441 0.021814 0.035704 0.028338 0.012183 0.093148 0.089188 0.062264 0.005414 0.002603 0.006313 0.001867 0.000173 0.015268 0.067671 0.026665 0.025204 0.077723 0.023682 0.000563 0.001931 0.000552 0.001066 0 0.000385 0.001002 0.002316 0.001679 6.6e-005 0.000395 0 0.002747 0.00075 0.004148 0.000894 0.002915 0.018311 0.000562 0.001545 6.9e-005 0.00023 0.006903 0.004595 0.000198 0.000114 0.019885 0.008017
0.025056 0.013443 0.011609 0.002167 0.007465 0.020232 0.002617 6e-005 0 0.000543 0.000112 0.000102 0.006878 0 0.001712 3.2e-005 0.002422 0.00228 0.003224 0.00372 0.003357 0.000136 0 0.000691 0.0006 0.001155 0.003793 0.071255 0.095622 0.021734 0.00082 0.020548 0.009014 0.002835 0.028341 0.048744 0.019912 0.021487 0.00582 0.000496 0.004022 0.000793 0.019601 0.044881 0.028136 0.029057 0.051144 0.032549 0.005363 0.000514 0.000244 2.2e-005 2e-006 0 2e-006 1e-006 0 0 0.001751 0.000299 0.00109 0.001844 0.000704 0.013834 0.006946 0.028912 0.002869 0.004227 0.002007 0.003171 0.003038 0.003426 0.004644 0.012687 0.011371 0.019238
0.02596 0.045286 0.004224 0.006744 0.001769 0.010176 0.037969 0.013201 0.003701 0.00123 0.002228 0.000553 0.001375 0.000492 0.002195 0.004484 0.041691 0.01555 0.033678 0.007616 0.007347 0.000212 0 0.000289 0.000623 0.007868 0.023331 0.078081 0.078921 0.030601 0.001713 0.104421 0.029908 0.001457 0.009046 0.013871 0.005701 0.014146 0.021527 2e-006 3.9e-005 0.007969 0.026422 0.032538 0.045587 0.001705 0.005453 0.003651 0.005506 0.001891 0.000497 5.2e-005 7.5e-005 0 1e-006 0 0 0 1.6e-005 0.000253 0.000438 2e-006 0.000102 0.007124 0.028264 0.000184 0.000924 0.004801 0.003906 0.008494 0.010726 0.004901 0.014349 0.037839 0.009911 0.000691
0.040817 0.151249 0.108836 0.040815 0.041605 0.005735 0.028067 0.014747 0.001137 0.000907 0.000129 0 4.6e-005 0.000544 0.001146 0.009657 0.009586 0.101357 0.024126 0.000267 0.003528 0.000835 0 0 0.000384 0.009542 0.071697 0.122313 0.167865 0.079066 0.014529 0.051029 0.010057 0.005283 0.026784 0.012312 0.009804 0.013503 0.005463 0 0.000947 0.002159 0.006324 0.011913 0.035038 0.00797 0.006573 0.003435 5.3e-005 0 3.3e-005 0 0 1e-006 1e-006 0 0 0 3.6e-005 0.000426 2e-006 1.6e-005 0 0.001045 0.005817 9.1e-005 0.004481 0.000412 0.000209 0.009993 0.025533 0.029812 0.004206 0.063822 0.094587 0.008863
0.010852 0.043507 0.010522 0.09891 0.105808 0.032423 0.005804 0.003014 0.007555 0.006526 0.001629 0.001028 0 0 0.00017 5.7e-005 0.0021 0.023006 0.026914 0.02726 0.015822 0.040838 0.074658 0.002536 0.008663 0.057256 0.073823 0.072995 0.078249 0.088617 0.00413 0.059061 0.085423 0.058328 0.001309 0.003253 0.003111 0.014486 0.003496 0.000815 0.002472 0.002875 7.1e-005 0.01446 0.013946 9.1e-005 0.000193 0.000574 9.6e-005 1e-005 1e-006 0 0 0 0 0 3.5e-005 0.000156 0.000727 7e-005 4e-006 0.00029 0.001514 0.004314 0.004707 0.000286 0 0 0.000102 0.010275 0.076758 0.032872 0.042586 0.124238 0.10718 0.053468
0.014691 0.032561 0.082157 0.129084 0.13663 0.006544 0.007023 3e-006 0.009693 0.005715 0.00073 0 0.000207 0.004619 1.8e-005 0.002037 0.005183 0.035543 0.025453 0.130178 0.027858 0.054696 0.069262 0.004225 0.0062 0.099081 0.139177 0.067727 0.129389 0.076293 0.012385 0.081141 0.054613 0.025094 0.009492 0.015624 0.030686 0.011461 0.000202 0.000152 0.003178 0.007282 0.002569 0.000827 0.000162 0 0.000252 0.005973 0.009649 0.004205 0.000346 0 0.005389 0 0 0 0 7e-006 0 0 0 0.001623 0.013015 0.022452 0.008303 0.000692 0 0 0.003353 0.006208 0.016342 0.005501 0.014699 0.060961 0.081085 0.010314
0.04043 0.007353 0.08904 0.009087 0.032035 0.004139 0.003685 0.022018 0.021549 0.040039 0.000926 0.001071 0 0.002864 0.005881 0.022525 0.022523 0.03827 0.070997 0.084521 0.03168 0.021102 0.006509 0.033412 0.042414 0.074806 0.151979 0.144421 0.080025 0.025125 0.062918 0.103808 0.050536 0.011666 0.020886 0.0139 0.026389 0.002013 0 0.000358 0.006123 0.022042 0.00033 0.003125 0.001954 0.020744 0.015892 0.060312 0.052475 0.009528 0 0 0.00149 0.000265 1e-006 0 0 2.6e-005 0.002494 0.002246 0.000243 0.009732 0.004622 0.015443 0.003087 0.000409 0.000251 0 0.001624 0.004871 0.020132 0.001085 0.003606 0.036471 0.022264 0.000532
0.052408 0.009306 0.007788 0.007242 0.02044 0.002039 0.003912 0.014689 0.035779 0.013542 0.006123 0.006885 0 0.10202 0.115993 0.045243 0.102069 0.153514 0.085741 0.040086 0.093441 0.075965 0.053784 0.021078 0.010107 0.022233 0.081091 0.041393 0.025111 0.031429 0.024142 0.061483 0.087005 0.043548 0.062636 0.003819 0.018386 0.005013 0.007663 6.1e-005 0.019401 0.012461 0.021189 0.004265 0.014814 0.148875 0.07939 0.066238 0.023143 0.020685 0 0.000268 0.000438 0.001038 0 0 0 7.5e-005 0.003949 0.011688 0.005959 0.017694 0.002054 0.002968 0.000242 0 0.004061 0.000118 0 0.000283 0.006107 0.002118 0.007783 0.013547 0.014146 0.001356
0.002959 0.007429 0.087267 0.018287 0.016052 0.079883 0.032705 0.0094 0.004142 0.011581 0.049631 0.002317 0 0.062685 0.101546 0.054902 0.053595 0.072266 0.079399 0.149376 0.060459 0.067985 0.128384 0.082144 0.09855 0.013291 0.039211 0.106926 0.075573 0.089928 0.04883 0.071541 0.077555 0.12526 0.044541 0.006376 0.002707 0.001001 0.005122 0.000551 0.014155 2e-005 0.010358 0.000245 9.4e-005 0.037157 0.016879 0.026457 0 0 0 0.000587 0.000143 0.00029 0 0 0.002681 0 0.003402 0.008411 0.00849 0.005685 7.2e-005 0.014013 0.001847 0.000203 0.000498 0.007014 0.020808 0.063139 0.035707 0.003001 0.008025 0.005596 0.032473 0.022508
0.000461 0.001424 0.023487 0.036254 0.032668 0.145862 0.064079 0.006905 0.001056 0.001203 0.025031 0.001278 0.004869 0.009635 0.054579 0.016333 0.017228 0.064299 0.025694 0.120893 0.095653 0.032125 0.061433 0.087469 0.083901 0.09183 0.169559 0.16596 0.101169 0.094405 0.011188 0.043078 0.11151 0.014114 0.001047 0 0 0 0 0.000473 0.000462 0.01005 0.003111 0.004966 0.000487 5.6e-005 0.000873 0.001594 0 0 0 0.002233 0.000645 0.000204 0.000551 0.000644 0.015699 0 0.000752 0.002669 0.000499 0.001308 0.00287 0.013305 0.000954 0.000776 0.001543 0.009025 0.058544 0.094794 0.056365 0.004827 0.058924 0.008204 0.035571 0.044987
0.093737 0.002252 0.016714 0.012139 0.006688 0.01887 0.007624 0.000551 0.000316 0.000804 0.005098 0.010898 0.039598 0.021988 0.067587 0.009706 0.012678 0.087409 0.096377 0.110147 0.137946 0.040634 0.099783 0.105575 0.062915 0.022731 0.08932 0.025958 0.034188 0.062884 0.005259 0.030196 0.085034 0.003018 0.005871 0 0 0 0.00087 0.001019 0.00074 0.017076 0.003905 0.010808 0.003263 0.000522 0.001362 0.000427 0.000151 0.000433 0 0.002928 0.002277 9.3e-005 0 0 0.01539 0.000567 0.006557 0.004181 0.005328 0.003025 0.005019 0.004563 1e-006 0 0.001586 0.002097 0.009759 0.062698 0.008713 0.00539 0.032952 0.045742 0.072422 0.13143
0.099043 0.030129 0.016361 0 5.7e-005 0.000154 0 -9999 -9999 0.002276 0.004441 -9999 0.004356 0.019377 0.110942 0.162828 0.083051 0.118303 0.114781 0.115806 0.07142 0.037806 0.06026 0.031893 -9999 0.022714 0.068974 0.040317 0.00393 0.007212 0.000892 0.002248 0.010717 0.025164 0.004779 0 0 9e-005 0.004358 0.020244 0.005073 0.001042 0.002388 0.001753 0.000811 0.003005 0.000742 0.025019 0.012533 1.1e-005 0 0.000646 0.001761 0.000181 0.000533 0.000442 0.000309 0.0295 0.027679 0.000454 0.003225 0.011824 0.00065 0.002058 0.00218 0.000811 0.000762 0.000445 0.005142 0.008384 0.008011 0.041938 0.05138 0.049814 0.094304 0.060357
0.072109 0.029678 0.038654 0.025259 0.00106 -9999 -9999 -9999 -9999 -9999 -9999 -9999 -9999 0.006783 0.040636 0.10929 0.038478 0.127728 0.052662 0.004234 0.005735 0.000261 0.002193 -9999 -9999 0.003325 0.031881 0.010607 0 0.000386 4e-006 0.000118 0.007456 0.075354 0.027735 0.001064 0.016455 0.026443 0.006883 0.018053 0.030151 0.023191 0.012177 0 0.004853 0.024705 0.000639 0.014922 0.000115 0.000517 0.002144 0.001125 0.000206 0.002321 0.008951 0.030938 0.010455 0.001213 0.00729 0.000513 0.000309 0.001701 0.000131 0.00039 0.001365 0.003977 0.001562 0.01227 0.071068 0.043838 0.015783 0.134716 0.05688 0.071232 0.113763 0.06108
0.019498 0.006129 0.010484 0.020535 0.001637 -9999 -9999 -9999 -9999 -9999 -9999 -9999 -9999 -9999 -9999 0.018534 0.035532 0.020428 -9999 -9999 -9999 -9999 -9999 -9999 -9999 -9999 0 0 0 0 0 0.001059 0.043305 0.055124 0.020302 0.004933 0.063135 0.068152 0.004016 0.006282 0.005551 0.013369 0.016496 0.000766 0.005 0.007357 0.00333 0.026141 0.002716 0.000497 0.00041 0.001557 2.9e-005 0.002259 0.010891 0.02874 0.035448 0.025728 0.025784 0.000971 0.000187 0.006884 0.001633 0.001546 0.0001 0 0.004042 0.010736 0.030551 0.018799 0.068072 0.10494 0.200053 0.19649 0.179439 0.219126
6e-005 0.001849 0.001182 0.007475 1.2e-005 -9999 -9999 -9999 -9999 -9999 -9999 -9999 -9999 -9999 -9999 -9999 -9999 -9999 -9999 -9999 -9999 -9999 -9999 -9999 -9999 -9999 -9999 0 0 0.000222 0.001831 0.009147 0.07917 0.138439 0.01483 0.022427 0.101777 0.058629 0.024968 0.033773 0.012428 0.02438 0.058929 0.070412 0.008112 0.016337 0.056205 0.19365 0.088783 0.006484 0.000119 0.000711 0.002337 0.006822 0.003809 0.021475 0.024652 0.044208 0.028795 0.017988 0.000275 0.000845 0.020868 0.005347 7.4e-005 0 0.003353 0.032342 0.075935 0.007431 0.05892 0.156802 0.160428 0.132567 0.070392 0.112444
-9999 0.000487 0.001433 0.001286 -9999 -9999 -9999 -9999 -9999 -9999 -9999 -9999 -9999 -9999 -9999 -9999 -9999 -9999 -9999 -9999 -9999 -9999 -9999 -9999 -9999 -9999 -9999 -9999 0 0.000462 0.015276 0.014048 0.041567 0.042832 0.049188 0.058864 0.026102 0.08059 0.080843 0.163644 0.084845 0.09252 0.097094 0.110463 0.03799 0.03251 0.071215 0.122289 0.166246 0.069562 0.005016 0.002698 0.005594 0.013068 0.02734 0.015263 0.005492 0.009719 0.009931 0.005075 0.00029 0.004066 0.019854 0.007468 0 0.000841 0.002103 0.04764 0.175507 0.035309 0.060116 0.112255 0.05872 0.038151 0.044518 0.003286
-9999 -9999 0.000373 0 -9999 -9999 -9999 -9999 -9999 -9999 -9999 -9999 -9999 -9999 -9999 -9999 -9999 -9999 -9999 -9999 -9999 -9999 -9999 -9999 -9999 -9999 -9999 -9999 -9999 -9999 0.00042 0.002616 0.052767 0.057556 0.064797 0.03551 0.062539 0.131253 0.165402 0.245073 0.073527 0.065374 0.118085 0.080707 0.064817 0.099816 0.055443 0.118984 0.115511 0.058442 0.014729 0.001318 0.000193 0.000423 0.003472 0.101783 0.074692 0.030827 0.048146 0.001939 0.023461 0.032014 0.017948 0.003411 0 0.012689 0.009822 0.132406 0.097572 0.01323 0.018883 0.090325 0.032219 0.009184 0.017962 0.016966
-9999 -9999 -9999 -9999 -9999 -9999 -9999 -9999 -9999 -9999 -9999 -9999 -9999 -9999 -9999 -9999 -9999 -9999 -9999 -9999 -9999 -9999 -9999 -9999 -9999 -9999 -9999 -9999 -9999 -9999 -9999 0.001748 0.013207 0.050836 0.098023 0.077527 0.049531 0.214696 0.205967 0.175291 0.106842 0.112766 0.135116 0.135657 0.119982 0.102629 0.029362 0.121393 0.212654 0.114759 0.05014 0.01908 0.00545 0.001921 0.01184 0.078091 0.097668 0.009368 0.003216 0.013565 0.016414 0.022512 0.00502 0.003782 0 0.02374 0.009192 0.037818 0.08464 0.123465 0.00689 0.006093 0.009586 0.000769 0.01278 0.041579
-9999 -9999 -9999 -9999 -9999 -9999 -9999 -9999 -9999 -9999 -9999 -9999 -9999 -9999 -9999 -9999 -9999 -9999 -9999 -9999 -9999 -9999 -9999 -9999 -9999 -9999 -9999 -9999 -9999 -9999 -9999 9.6e-005 0.043969 0.009919 0.012389 0.056098 0.010196 0.023682 0.052664 0.02967 0.026644 0.09788 0.02414 0.03637 0.090839 0.082655 0.133069 0.182605 0.166204 0.102123 0.009079 0.006267 0.001894 0.003161 0.000687 0.001286 0.016549 0.026075 0.009993 0.007771 0.010108 0.00183 0.002664 0.000606 0.012482 0.056102 0.025945 0.054755 0.212145 0.049795 0.0582 0.011154 0.010893 0.007912 0.044453 0.052004
