EnvRasters/GE_High/barley.asc
ncols         270
nrows         223
xllcorner     24099.479091542
yllcorner     21023.840179216
cellsize      1003.8986847201
NODATA_value  -9999
[rows 102 to 135 of 223, columns 152 to 227 of 270]
0.014404 0.00758 0.014504 0.011402 0.031081 0.068644 0.024794 0.092417 0.145117 0.186384 0.124989 0.044911 0.075116 0.058834 0.016044 0.058809 0.019932 0.006028 0.055836 0.161501 0.156897 0.010562 0.004951 0.009534 0.001077 0.000609 0.001868 0.00547 0.013897 0.011155 0.012626 0.073718 0.08336 0.137074 0.098039 0.009926 0.002777 0.002905 0.021531 0.037275 0.037807 0.065749 0.01798 0.004003 0.000331 5.6e-005 0 0 0 0.000377 0.003261 0.000658 0 0 0 0 0 0 0 0.001129 0.000317 0 0 0 0 0 0 0 0 0 0 0 0 0.000622 0.001372 0
0.123562 0.068716 0.019908 0.020409 0.003342 0.009487 0.04178 0.125495 0.054109 0.16053 0.034482 0.065936 0.099066 0.108857 0.064805 0.071194 0.08492 0.013464 0.080506 0.159223 0.197517 0.047569 0.034604 0.101687 0.055235 0.019117 0.006691 0.021901 0.034375 0.032006 0.07066 0.147514 0.073166 0.139566 0.076864 0.00486 0.002193 0.00505 0.002066 0.004964 0.011345 0.041488 0.038494 0.009254 0.003568 0 0.000295 0 0.030339 0.047521 0.012447 0.004488 0 0 0 0 0 0 0 0.001665 0.000148 0 0 0 0 0 0 0 0 0 0 0 0 0.00054 1.6e-005 0
0.201358 0.124423 0.066726 0.067306 0.007325 0.005868 0.129045 0.086444 0.110887 0.112257 0.13834 0.020387 0.078111 0.019454 0.042773 0.023187 0.06279 0.03933 0.07183 0.101884 0.183933 0.180687 0.084822 0.084538 0.094505 0.083074 0.086192 0.108502 0.075857 0.012638 0.013202 0.080478 0.082447 0.034843 0.005292 0.000227 0.002213 0.003138 0.00808 0.001848 9.4e-005 0.008348 0.00083 0.001051 0.000811 0 0.001281 0.002739 0.05326 0.11323 0.036865 0 0 0 0 0 0 0 0.007401 0.042469 5e-006 0 0 0 9.8e-005 0 0 0 0 0 0 0 0 0 0 0
0.057954 0.136362 0.046972 0.012812 0.008272 0.134755 0.149159 0.150798 0.167111 0.156919 0.119839 0.027143 0.176828 0.219054 0.100609 0.110034 0.023138 0.025149 0.008606 0.102681 0.052435 0.11759 0.028032 0.026064 0.069647 0.119491 0.158086 0.108326 0.112285 0.034606 0.001672 0.016583 0.077116 0.108711 0.029587 0.000729 0.007313 0.003154 0.000967 0 0 4.7e-005 0.001545 0.000237 0 0 0.002132 0.030241 0.062043 0.031022 0.000675 0 0 0.002043 0.001543 0 0 0 0 0 0 0 0 0 0.000175 3e-006 5.4e-005 0 0 0 0 0 0 0 0 0
0.109644 0.164159 0.040564 0.021725 0.022869 0.105158 0.118294 0.071314 0.078409 0.064222 0.110789 0.045873 0.048765 0.060075 0.089248 0.038763 0.052904 0.093867 0.027979 0.029498 0.045309 0.010271 0.031269 0.068513 0.035898 0.035065 0.027769 0.010321 0.013471 0.025646 0.031648 0.010189 0.048403 0.063276 0.027155 0.037477 0.000497 0.001008 0.000819 1.2e-005 0 0.000138 0 0 9.3e-005 0.008073 0.007555 0.01701 0.024858 0.023354 0.001503 0.001018 0.000467 0.006787 0.000846 0 0 0 0 0 0 0 0 0 0 0.000413 7.3e-005 0 0 0 0 0 0 0 0 0
0.056321 0.077496 0.025019 0.03662 0.004165 0.007893 0.034861 0.049305 0.044698 0.063589 0.076207 0.027018 0.053971 0.12142 0.149366 0.049909 0.017801 0.013541 0.001525 0.072873 0.092586 0.061429 0.018829 0.017378 0.127103 0.166036 0.068409 0.063545 0.000509 0.008723 0.004066 0.00875 0.013495 0.004976 0.006766 0.003849 2e-006 1e-005 0.000455 0.000522 0 0.001285 0.000875 0.00081 0.009912 0.023285 0.025483 0.009263 0.010669 0.015717 0.007049 0.001618 0.006162 0.001309 0 0.00027 0 0 1e-006 0.000616 0 0 0 0.005301 0.002074 0 0 0 0.000317 6.6e-005 0 0 0 0 0 0
0.066166 0.13967 0.035112 0.028441 0.001488 0.01795 0.047739 0.076156 0.032751 0.121951 0.135441 0.019435 0.126954 0.07442 0.083738 0.112953 0.01634 0 0.000286 0.035186 0.072847 0.051002 0.073707 0.065506 0.169688 0.149961 0.0068 0.000376 0.007581 0.005919 0 0.000404 0.002344 0.000197 1.8e-005 7e-006 0.001438 0.009504 0.009095 0 0 0 0.005386 0.042348 0.093513 0.160941 0.171922 0.028064 0.008346 0.032072 0.021423 0.000258 0.000274 2e-006 0.000822 0 0 0 0.00333 0.005224 0.001115 0 8.8e-005 0.010224 0.001508 0 0 0.005879 0.000831 0 0 0 0 0 0 0
0.101273 0.066384 0.032501 0.086605 0.04328 0.020877 0.023824 0.063074 0.050686 0.027752 0.066592 0.030782 0.023423 0.04665 0.06526 0.1454 0.00974 0.000636 0.000885 0.00248 0.010113 0.00862 0.092018 0.102003 0.147231 0.079264 0.010969 0.009264 0.010246 0.02073 0 0.000263 0.001633 0.001541 0 0.001138 0.000388 0.00113 0 0.003375 0.020672 0.017013 0.006259 0.033468 0.08859 0.081212 0.109051 0.102407 0.011297 0.001426 0.000877 0.004636 0.002561 0.000254 0.001338 0 0 0 0.000221 0.001167 0 0 1.8e-005 0 5e-006 0 0 5e-006 0.000309 0 0 0 0 0 0 0
0.118816 0.083014 0.051334 0.076934 0.066452 0.116523 0.078462 0.069461 0.007393 0.006382 0.017975 0.014691 0.000591 0.00033 0.007253 0.008605 0.006917 3.8e-005 0 2.5e-005 0.002862 0.005772 0.03657 0.095368 0.019584 0.04057 0 0 0.000514 0.003023 0.004764 0.003885 0.000435 0 0 0.003468 0.022624 0.007805 0.002275 0.006745 0.050113 0.015108 0.002511 0.001423 0.002559 0.030172 0.006047 0.010255 0.018207 0.001602 0.000495 0.000459 0.00106 0.005644 0.007349 0.000666 0 0 0 0 0 0 0 0 0 0 0 0 2.5e-005 0.000151 0 0 0 0 0 0
0.205294 0.1579 0.157952 0.012709 0.011586 0.135978 0.189298 0.201522 0.01732 4.8e-005 0.00101 3e-005 0 8.6e-005 8.7e-005 0.006727 0.002601 0.000813 1.1e-005 0.001457 0.003169 0.005242 0.022492 0.023127 0.004523 0.021802 0.00035 8e-006 3.2e-005 0 8e-005 0.003066 0 0 0 0.005006 0.035167 0.032895 0.004232 0.006395 0.0076 0.0201 0.002629 0.00199 0.014836 0.089105 0.006653 0.028811 0.026552 0.000204 0 0 0.001428 0.0037 0.000976 0 0 0 0 0 0 0 0 0.000786 0 0.001598 0 0.000471 0.001128 0.000351 0 0 0 0 0 0
0.129852 0.145159 0.164779 0.025579 0.014076 0.081269 0.10815 0.03793 0.010864 0.001442 4.4e-005 0.000612 0 0 0 0.004619 0.009437 0.000971 0.022111 0.009161 0.006424 0.004825 0.003214 0.001688 3e-006 0.00051 0 0 0 0 0.000543 0.00355 0.000212 0 0 0.000208 0.004786 0.004199 0.000276 0.001129 0.003063 0.00393 0.00058 0.002073 0.0113 0.027993 0.000818 0.001606 0.001174 0 0 0 9.7e-005 0.002602 0.006955 0.000235 0 0 0.0002 1e-006 2.8e-005 0 0 0.000816 2e-006 0.009129 0.000426 0.000492 0.001477 2.4e-005 0 0 0 0 0 0
0.004993 0.010013 0.009209 0.083774 0.077287 0.009814 0.009835 0.006479 0.009367 0.001162 0.002831 0.001337 0 0 0 0.00559 0.005202 0.004813 0.049186 0.005791 0.05799 0.031723 0.009245 0.002627 0.001216 0.00018 0.001511 0.002618 0.000388 0 0 0.006516 0.000469 0 0 0 0.002044 0.001838 0.00075 0.019584 0.042295 0.0207 0.000925 0.003283 0.004642 0 0 0.001182 0.002483 0 0.0027 0.000212 0 0.001888 0.01205 0.016855 0.007337 0 0.000447 5e-006 4.8e-005 0 0 0 0 0.000623 7e-005 5e-006 3e-006 0 0 0 0 0 0 0
0.01616 0.064449 0.059897 0.048993 0.068894 0.012238 0.000715 0.003026 0.001338 0.000279 0.005318 0.001537 0.001296 0 0.004045 0.000956 0.000718 5.6e-005 0.001735 0.017057 0.061749 0.062149 0.05438 0.025913 0.012187 0.000269 0.001462 0.009783 0.013219 0.000249 0 0 0 0.002868 0.000419 0.004326 0.006963 6.5e-005 0.002844 0.03737 0.052524 0.019062 0.01413 0.026327 0.00259 0 0 0 0.000144 0.001754 0.012307 0.003947 0 0.004705 0.005459 0.014369 0.004696 0 0 0 0 0 0 0 0 0 0 0 0 0 0 0 0 0 0 0
0.036671 0.025463 0.007547 0.028425 0.060234 0.002872 2e-006 0 0 2e-005 0.003547 0.001714 0.001321 0.005492 0.01025 0.000759 0.000777 1e-006 0.007863 0.016485 0.048955 0.133289 0.081214 0.007855 0.005161 0.001722 0.002174 9.8e-005 0.00017 0 0.000451 0.002578 0.025118 0.013043 0 0.000294 0.001206 7.2e-005 0.001899 0.006095 0.007865 0.005842 0.015437 0.005943 0.007313 0.001608 0 0 0.001974 0.006458 0.014092 0.002922 5e-005 0.000509 0.000973 0.000406 0 0 0 0 0 0.000123 0 0 0 0 0 0 0 0 0 0 0 0 0 0
0.089449 0.04269 0.040273 0.010508 0.001103 1e-005 0 1.6e-005 0 0 0.007009 0.006864 0.010838 0.03313 0.005622 0.004066 0.000479 0.000669 0.001965 0.047423 0.058516 0.053986 0.005619 0.004502 0.012466 0.006715 0.001732 0.000786 0.000901 0.013022 0.00927 0.008237 0.014889 0.000948 0.00151 0.012008 0.000266 0.000854 0.00085 0.001569 0.002151 0.021714 0.007675 0.003749 0.026159 0.004211 0.000776 0 0.00051 0.020163 0.029315 0.003464 0.000179 0.000104 0 0 0 0 0 0 0 0.002149 0.010702 1.6e-005 0 0 0 0 0 0 0 0 0 0 0 0
0.045228 0.001813 0.041887 0.005592 0.005059 0.002596 0 0 1e-006 0.000303 0.001472 0.000426 0.009226 0.052089 0.010393 0.002055 0.000272 0.000107 0.000222 0.007908 0.001419 0.01424 0.002889 0.003485 0.001406 0.002266 0.001363 0.008617 0.009114 0.028462 0.051217 0.011322 0.0045 5.1e-005 0.000581 0.006375 0.001018 0.000175 0.000461 0.00518 0.024506 0.022752 0.000857 0.003116 0.059827 0.046242 0.002936 0.000231 0.00299 0.024508 0.006145 0.000604 0.001196 0.002215 2.6e-005 0 0 0 0 0 8.1e-005 0.001414 0.010024 0.00147 0 0 0 0 0 0 0 0 0 0 0 0
0.036624 0.003733 0.00595 4.8e-005 0.008063 0.001592 0.007327 0.000897 0.000303 0 0 0.000114 0.001515 0.033629 0.009897 0.000105 0 0 4e-006 0.002602 0.002203 0.011449 0.002202 0.001529 2e-006 0.000605 0.000387 0.003337 0.001374 0.015961 0.020802 0.009141 0.000663 0 0.001574 0.00695 0.00075 0 0.000138 0.006772 0.053056 0.00924 0 0.042841 0.022933 0.00177 0.001218 0.000318 0.009062 0.039087 0.00495 0.019788 0.02844 0.025191 0.000721 0 0 0 0 0 0 0.000468 0.000847 0 0 0 0 0 0 0 0 0 0 0 0 0
0.001759 0.014003 0.049304 0.002793 0.02319 0.005487 0.009686 0.011237 0.000254 0.001494 0.003532 0.00199 0.001324 0.038369 0.064436 0.002063 4e-006 0.00121 0.000914 0.000701 0.00348 0.00595 0.050427 0.009287 0.001449 1.5e-005 0.002278 0.000194 7.1e-005 0.000896 0.067147 0.034471 0.002067 0 0 5.1e-005 0.000445 0 0 0.014567 0.016084 0.009992 0.016251 0.012386 0.001102 0.00377 3.6e-005 0 0.003862 0.008016 0.003056 0.058813 0.043729 0.009297 0.000794 0 0 0.000664 0.000807 5.2e-005 0 0 0 0 0 0 0 0 0 0 0 0 0 0 0 0
0.000667 0.007756 0.002501 0.000455 0.000192 0.009861 0.004201 0 0 2e-006 0.011997 0.003138 0.000754 0.002451 0.000373 0.000529 0.00259 0.002403 0.017575 0.016512 0.000221 0.001893 0.014574 0.010363 0.026252 0.010478 0.019847 0.000941 5.6e-005 0.0079 0.057244 0.038657 0.002338 0 0 0 0 0 0 0.000423 0.070515 0.085329 0.033968 0.020411 0.009322 0.014447 0 0 0.000296 0.001297 0.000343 0.011426 0.002348 0.000151 0 0 0 0 0.000723 0 0 0 0 0 0 0 0 0 0 0 0 0 0 0 0 0
0.010294 0.001833 0.00756 0.000349 0.000337 0.001274 0 0.000724 0.000169 0.000264 0.000564 0.000296 0.000581 5.7e-005 0.00341 0.00421 0.002759 0 0.000839 0 0 0.004531 0.002247 0.007035 0.003447 0.035237 0.087968 0.024533 0.001113 0.000208 0.011651 0.007827 0.000195 0.000955 0.000687 0.001504 0.002376 0.000943 0.001508 0.014252 0.026432 0.098258 0.014606 0.021942 0.084552 0.013918 0.002693 0.046351 0.006797 0 0 2.9e-005 0 0 0 0 0 0 0 0 0 0 0 0 0 0 0 0 0 0 0 0 0 0 0 0
0.001374 0 0 0 9.8e-005 0.001285 0.002664 0.0275 0.009382 0.000249 0 0 0 0.003879 0.004699 0.001437 1e-005 0.002958 0.001288 0 0.000137 0.001077 0.004558 0.008069 0.019149 0.085201 0.079872 0.016941 0.010088 0.000632 0.001635 0.000926 4.3e-005 0.000589 0.000226 0.000734 0.000667 0.009104 0.006603 0.028171 0.058013 0.030593 0.020468 0.064989 0.015992 0.000225 0.000522 0.014646 0.00991 0 0 0 0 0.00103 0.000529 0 0 0 0 0 0 0 0 0 0 0 0 0 0 0 0 0 0 1e-006 0 0
0.00015 0 0 0.000134 0.000109 0.002627 0.007334 0.030767 0.01454 0.000923 0 0 0 0.003843 0.01246 0.000649 0.00586 0.001146 0.00338 0.001216 0.007832 0.008301 0.002891 0.003743 0.033671 0.032648 0.016894 0.005462 0.037944 0.022357 0.001301 0.003554 0.001386 0.017313 0.001038 0.008876 0.03741 0.023783 0.063718 0.007426 0.001586 0.003314 0.002069 0.008302 0.001512 0.030594 0.010297 0.000652 0.002489 0 0 0 0 0.001912 0.000189 0.000256 0 0 0 0 0 0 0 0 0 0 0 0 0 0 0 0 0 0.002605 0 0
0.003684 0.000672 0.000157 5.8e-005 0.000458 0.002874 0.027866 0.003177 0 4.1e-005 0.001286 0.009984 0.00577 0 0 0 0.000868 0.001266 0.003736 0.003818 0.002557 0.000611 0.000217 0.004105 4.3e-005 0.001295 0 0.006551 0.019246 0.026361 0.023155 0.010445 0.018422 0.023674 0.013057 0.006992 0.0676 0.046359 0.041093 0.0013 0 0 0 0 0.000212 0.004741 0.000875 0 0 0 0 0 0 0 0 0 0 0 0 0 0 0 0 0 0 0 0 0 0 0 0 0 0.000325 0.000777 0 0
0.019708 0 3.4e-005 0.009088 0.003864 0.001317 0.024342 0.000283 0.000568 0.000931 0.000206 0.008678 0.061283 0.044665 0.003953 0.000118 0 0.000388 0.028716 0.009629 0.0031 0.000582 0 0.001638 0 0 0 0.004838 0.060282 0.196551 0.084592 0.0472 0.001641 0.015318 0.039586 0.031054 0.026474 0.04056 0.020131 0 0 0 0 2.3e-005 3.5e-005 0 0 0 0 0 0 0 0 0 1.2e-005 0.00046 0.000422 0 0 0 0 0 0 0 0 0 0 0 0 0 0 0 0 0 0 0
0.037403 0.006747 0.000297 0.024852 0.007505 0.003841 0.010942 0.003281 0.003455 0.000472 0.001879 0.009079 0.078637 0.039023 0.005468 0.001207 0.005903 0.004542 0.029478 0.047143 0.012977 0.000293 1.7e-005 0.002673 0 0 0 0.00182 0.051288 0.124458 0.058815 0.061146 0.001696 0.013469 0.017314 0.000494 0.009225 0.006587 0.000575 0 0 0.003234 0.002804 0.001117 0.006992 0 0 0 0 0 0 0 0 0 0 0.01647 0.026839 0.005123 0 0 0.000171 0 0 0 0 0 0 0 0 0 0 0 0 0 0 0
0.076113 7.8e-005 0.000321 0.001134 0 0.000418 0 1e-005 0.000528 0.005025 0.01175 0.003309 0.036205 0.027613 0.002643 0.001569 0.033386 0.103903 0.025353 0.004842 0.002061 0.002312 0.004036 0.010707 0.000456 0.001129 0.000926 0.000183 0.002978 0.010819 0.035626 0.073178 0.029233 0.001322 0.003596 0.001882 0.000117 5e-005 0.000748 0 0.004652 0.004359 0.000542 0.001071 0.001297 4.9e-005 0 0 0 0 0.000488 0.000192 0 0 2.8e-005 0.011247 0.00216 0 0.000357 0.000741 0.000605 0 0 0 0 0 0 0 0 0 0 0 0 0 0 0
0.045695 0.00756 6.4e-005 0.000492 0.001164 0.000762 0.000267 0.001418 0.001222 0 0.000214 0.002169 0.039169 0.001861 0 0.010527 0.016272 0.005441 0.001066 0.00015 0.014608 0.002714 0.000414 0.008764 0.007587 0.017517 0.001444 0 0 0.002074 0.015779 0.016627 0.008346 0.001567 0.004209 1.2e-005 0.000264 5.9e-005 0.002752 0.000401 0.000762 0.000934 0.000676 0.003266 0.000631 4.8e-005 0 0 4.2e-005 0 0.000644 0.002938 2.5e-005 0 0 0 0 0 4.2e-005 1.5e-005 6e-006 0 0 0 0 0 0.000186 3e-006 1e-006 0 0 0 0 0 0 0
0.047468 1.2e-005 0.000844 0.001122 0.005568 0.000201 0.016345 0.038974 0.000743 0.000298 0 0.000938 0.016583 0.002324 2.3e-005 0.000333 0.001024 0.003901 0.001947 0.000615 0.01158 0.020167 0.002128 0.001001 6.4e-005 0 0 0 0.000469 0.005954 0.026274 0.02893 0.022529 0.003769 0.012895 0.000617 0.001567 0.036578 0.016738 0.007477 0 0.000499 0.000362 0.001301 9.1e-005 0.001064 0.000131 0 0 0 0.002761 0.008821 0 0 0 0 0 0 0 0 6.2e-005 0 0 0 0 5.4e-005 0.000379 0.001472 7e-005 0 0 0 0 0 0 0
0.144518 0.02012 0.004049 0.000413 7.3e-005 0 0.005902 0.019438 0.010183 0 0 0.003232 0.000595 1e-006 0 0.053179 0.015126 0.00287 3.9e-005 0.000228 0.006246 0.009007 0.010245 0.000147 0 0 0.000208 0.013038 0.038115 0.060528 0.001582 0.007128 0.010834 0.004013 5.4e-005 0 0.001198 0.01176 0.014735 0.030606 0.00103 0.000175 0.003453 0.000502 3e-005 3.4e-005 0 0 0 0 0 0 0 0 0 0 0 0 0 0 0 0 0 0 0 2e-006 0.002178 0.000124 0 0 0 0 0 0 0 0
0.083911 0.040118 0.000355 0.007914 0.002552 4.2e-005 0.004026 0.003379 0.00555 0.00018 0.00074 0.000223 0.000159 9.8e-005 0.006963 0.015803 0.000359 0.000209 0 0 0.000116 0.009807 0.011877 0.003262 0.000165 0.000227 0.001124 0.011593 0.025134 0.141342 0.033066 0.000933 0 0 0 0.001068 0.033639 0.02221 0.013669 0.00348 0.000652 0 1.1e-005 0 0.000664 0 0 0 0 0 0 0.000687 0 0 0 0 0 0 0 0 0 0 0 0 0 0.00402 0.001122 0 0 0 0 0 0 0 0 0
0.002907 0.000649 0 0.000222 0.00013 0 0.000201 0.000106 0.000561 1.6e-005 3e-006 0.000546 0 0 0.005409 0.005272 0 0 0 0.000643 0.006891 0.034328 0.013766 0.002531 0.001183 0.000908 0.00134 0.019309 0.010794 0.084467 0.077625 0.001295 0 0 0 0 0.000682 0 0 0.000592 0 0 0 0 0.001112 0.000514 0 0 0 0 0 0.000322 0.000424 0.006812 0.001439 0.000574 2e-006 0.000637 5.5e-005 0 0 0 0 0 0 0 0 0 0 0 0 0 0 0 0 0
0.001436 0 0 8e-005 0.00036 0 0 0.001839 0.010064 0.025062 0.011009 0.001794 0.002409 0 5.8e-005 0.001322 0 0 0 5.4e-005 0.001561 0.018073 0.019744 0.097909 0.008432 0.002151 0.000946 0.002336 0.006587 0.009768 0.01034 6e-006 0.000198 0 0 0 0 0 0.000433 0.000899 0 0 0 0 0 6.4e-005 0 0 0 0 0 9.4e-005 0.000728 0.011309 0.016346 0.019166 0.000772 0.005411 4.2e-005 0 0 0 0 0 0 0 0 0 0 0 0 0 0 0.003036 0.004246 0
0.008757 0.001827 0.001043 0.001657 0.003594 5.7e-005 0.000971 0.01203 0.011411 0.028564 0.01244 0.015688 9e-006 0.000206 0.000358 3e-006 0.001084 0.000511 0.001976 1.3e-005 2e-006 0.001604 0.043961 0.037696 0.002086 0.000266 0.019863 0.010136 0 9.1e-005 0 0 0 0 0 0 0.001489 0.006116 0.000399 0 0 0 0 0 0 0 0 0 0 0 0 0 0.001412 0.000115 0.000157 0.000939 0 0.000106 0 0 0 0 0 0 0 0 0 0 0 0 0 0 0 0.000746 0.002359 0
0.016462 0.023339 0.038994 0.008772 0.002522 0.00134 0.001399 0.045344 0.093078 0.063666 0.02947 0.002399 0.005753 0.003267 0.001111 0.000978 0.009109 0.008292 0.010784 0.001342 0 0.002506 0.00966 0.000717 8.2e-005 0.004984 0.015567 0.003827 0 0.000156 4.2e-005 0 0 0 0 0 0.001178 0.000117 0 0 0 0 0 0 0 0 0 0 0 0 0 0 0.004865 0.001093 0 0 0 0 0 0 0 0 0 0 0 0 0 0 0 0 0 0 0 0.000631 0.003529 9e-006
