EnvRasters/GE_High/commerc.asc
ncols         270
nrows         223
xllcorner     24099.479091542
yllcorner     21023.840179216
cellsize      1003.8986847201
NODATA_value  -9999
[rows 68 to 101 of 223, columns 77 to 153 of 270]
0 0.009964978 0 0.01992996 0 0 0.008255808 0.01604396 0.02989493 0.05978987 0.02989493 0.009964978 0.009964978 0.01020393 0.03542167 0.009964978 0 0.009964978 0.001958988 0 0 0 0.04186421 0.006529781 0 0.009964978 0.04276678 0.01702309 0.01992996 0 0.009964978 0.02424867 0.02598699 0 0.002277316 0.00703823 0.01289173 0.06688011 0.01236115 0.3063691 0.4779192 0.1131514 0.07419016 0 0.2530448 0.02081131 0.01077438 0.02830222 0.05198755 0.1246703 0.03732239 0.03638481 0.09656277 0.09508167 0.05826737 0.1109998 0.2388464 0.006630988 0.01997638 0 0 0.02919239 0.04716859 0.0001871099 0.009964978 0.04982489 0.03985991 0.02989493 0.002399116 0.009964978 0.01992996 0.1697828 0.1984755 0.007393537 0 0.009964978 0
0.01992996 0.02679425 0.02303064 0.01158384 0 0 0 0.05542006 0.009964978 0.01847798 0.02795285 0.02996865 0 0 0.02412925 0 0 0.001716494 0.02621945 0 0.009964978 0.03290681 0.006953105 0.04982489 0 0 0.03450651 0.01531838 0.2574492 0.05846968 0.01992996 0.05122301 0.03985991 0.07244009 0.3042784 0.1198801 0 0 0.009964978 0.03347908 0.1787465 0.2347076 0.07921924 0.009785132 0.03527892 0.009964978 0.02989493 0 0.0238252 0.0259997 0.001976464 0.06341316 0.04480663 0.2797983 0.443034 0.106611 0.03617941 0 0.05718476 0.08213715 0.03454674 0.3347584 0.1367128 0.01432266 0.009964978 0.02626313 0.01359679 0.02989493 0.05202375 0.1948424 0.2768398 0.05823302 0.3890636 0.0367482 0.1450859 0.2030996 0.09123427
0 0.009964978 0 0.04602629 0.01214472 0 0 0.01992996 0 0.2031984 0.1556882 0.2992739 0.03149446 0.1678051 0 0 0.002546302 0 0.009964978 0.01992996 0 0 0 0 0.05978987 0 0.06975485 0.01495896 0.01752725 0.01954043 0.005906958 0.014023 0.01326544 0.03142536 0.2872052 0.1056886 0 0.02564815 0.03793088 0.02865393 0.03113594 0.3351157 0.2318565 0.09031716 0.0148276 0 0 0.009964978 0 0.009964978 0.01992996 0.009964978 0.03912786 0.4444979 0.2846626 0.1705429 0.1100094 0.2324862 0.07228842 0.01868148 0.001060688 0.009964978 0.01992996 0.009964978 0 0 0 0 0.01647616 0.0409069 0.09439158 0.3330636 0.2392503 0.02701054 0.01209158 0.04642739 0
0 0.007358752 0.04246614 0 0 0.02100585 0 0 0.009964978 0.1242481 0.01588973 0 0.009964978 0 0 0 0.01738366 0 0 0 0 0.00131755 0 0.01992996 0.009964978 0.01992996 0.009964978 0.01069061 0.07025941 0.05931844 0 0 0.01992996 0.0531159 0.04905878 0.03985991 0.009964978 0.002553273 0.003622547 0.03885312 0.07952426 0.2891061 0.3689356 0.05978987 0.01992996 0 0.01992996 0 0.009964978 0 0.009964978 0 0.005129359 0.04366748 0.2347102 0.2182935 0.322003 0.5899693 0.1482313 0.01068967 0.138449 0 0.009964978 0.03985991 0 0 0 0 0.01114236 0.1488621 0.199608 0.233967 0.1621694 0.01935734 0.04225058 0.007316288 0.009964978
0 0.009964978 0 0 0 0.008889082 0.009964978 0 0.009964978 0.0719751 0.01992996 0.01992996 0.009964978 0 0.01992996 0.03193964 0.008525001 0.001878283 0 0 0.0168114 0.02173097 0 0.01992996 0 0.02507276 0.07457703 0.01992996 0.01992996 0 0 0 0 0 0 0.007949072 0.002015906 0.02468226 0.002230638 0.009964978 0.06690836 0.08430394 0.009964978 0.01992996 0 0 0 0 0 0 0 0 0.1227862 0.1911917 0.1147164 0.02230223 0.02217651 0.03794605 0.06100573 0.004282708 0 0 0 0 0 0.07971983 0.04982489 0 0 0.1966993 0.2048853 0.0966112 0.03513378 0.01775242 0.07740115 0.1031474 0.02954661
0 0 0 0 0.008922334 0.001042645 0 0.009964978 0 0 0 0 0.0113049 0.01859004 0 0 0.001822376 0.005659589 0 0.009964978 0.01992996 0 0 0 0.02045554 0.0003182651 0.0304661 0 0.01254841 0.007381543 0 0 0.03973075 0.08504086 0.009964978 0 0 0.002632391 0.0003496513 0.01992996 0.0101155 0.03425894 0.1395173 0.02936417 0 0.009964978 0 0 0 0 0 0.009964978 0.01672051 0.07870761 0.106771 0.1248113 0.02986329 0.02989493 0.009964978 0 0 0 0.009964978 0.009964978 0.009964978 0.009964978 0 0 0.009083025 0.00974006 0.08110972 0.04978525 0.2118782 0.5507469 0.1030986 0.06131367 0
0.009964978 0 0 0 0 0 0 0.009964978 0 0.01438856 0.009964978 0 0 0 0.01222584 0.007704116 0 0 0 0.03985991 0.009964978 0 0 0.02490374 0.1205546 0.2503061 0.08368736 0.06780299 0.02109956 0 0.01696495 0.08143517 0.01029538 0.004442711 0 0.02989493 0.05024031 0.00176682 0.009964978 0.006523554 0.03996412 0.0368771 0.04887756 0.01992996 0 0.009964978 0 0 0 0 0 0 0.01377323 0.04302101 0.009964978 0.1199044 0.0127496 0.0700852 0.02456505 0 0 0.04982489 0.0206819 0.009964978 0.0001794132 0 0 0 0.0008819537 0.009964978 0 0.02317724 0.0854789 0.2998111 0.1465911 0.008110916 0
0 0.009964978 0 0.009964978 0 0.01992996 0.01992996 0.009964978 0 0.0055414 0 0 0 0 0.009964978 0 0 0 0.009964978 0.02885624 0.09435461 0.01451227 0.03531262 0.1802483 0.1493865 0.07813274 0.01992996 0.05314954 0.03731754 0 0.01992996 0.01006345 0.02853555 0.01992996 0.02989493 0 0.01514838 0.020181 0.009964978 0.03016344 0.06968331 0.1465404 0.06900793 0 0 0 0 0 0 0 0 0 0 0 0 0.009964978 0.009964978 0 0.01775081 0.1366693 0 0.009964978 0.01917801 0 0.009785566 0 0.01955725 0 0.03731045 0.03985991 0 0.01992996 0.02989493 0 0.02989493 0.03985991 0
0.01992996 0 0 0 0.009964978 0.009964978 0.009964978 0 0 0 0 0.004021977 0 0.02353555 0.02327531 0.005989172 0.04383572 0 0.009964978 0.00335807 0.01294078 0 0 0.03898123 0.005333938 0.06354836 0 0.01992996 0 0 0.01911146 0.01111617 0.1010092 0.009964978 0 0 0.06213817 0.009964978 0 0.02305898 0.05599947 0.126394 0.07605451 0 0 0.009964978 0 0 0 0 0.01757467 0.006192854 0 0.004603533 0.01447993 0.02989493 0.02989493 0.04759604 0.04409903 0.0167978 0.01992996 0 0 0 0 0 0.0003727125 0 0.06233933 0 0 0.0084314 0.0379043 0.0007546116 0.009210367 0.05978987 0.009964978
0.009964978 0 0 0 0 0 0 0.01992996 0 0 0.01992996 0.01590798 0 0.0462193 0.01658461 0 0 0.009964978 0 0 0.01992996 0.009964978 0.01992996 0 0 0 0 0 0 0 0.01078348 0.009964978 0 0 0.02989493 0.009964978 0 0.009964978 0 0 0.06975485 0.04247738 0.0317281 0.04806235 0.004525183 0.01992996 0 0 0.03676838 0.01305651 0.0559523 0 0.009964978 0.02006358 0.01067785 0.00537183 0.004593148 0.007949096 0.02994136 0 0 0 0.01992996 0 0 0 0.03817073 0.000999351 0.009964978 0 0 0.01164452 0.01177463 0 0 0 0.009964978
0.009964978 0 0 0 0 0.04175833 0.08922601 0.001015394 0.01387116 0 0 0.01992996 0 0 0 0 0 0 0 0.004849483 0.005115496 0 0.001434353 0.009964978 0.01992996 0 0.03985991 0 0 0 0.009265358 0 0.009964978 0.09964979 0 0 0 0.01060729 0.07081095 0 0.009964978 0.008797084 0.148558 0.2365039 0.05710087 0 0 0 0.04725384 0.07654259 0.02396448 0 0 0.003201749 0 0 0 0.01992996 0.02804082 0.001074519 0.009125578 0.01267216 0.1253216 0.04408299 0 0.009964978 0.04051173 3.801111e-005 0.01930617 0.009964978 0 0 0 0 0 0 0
0 0 0 0 0.04040474 0.1152238 0 0 0.0050434 0 0 0.01992996 0 0.05126946 0.1060538 0 0.009964978 0.04102477 0.01134789 0.002105359 0.009964978 0 0.008530625 0.009964978 0.01992996 0.01029379 0.0001370278 0 0.01992996 0 0.0006996205 0.009964978 0.009964978 0.01992996 0.03985991 0.009964978 0 0.0001084818 0.03805302 0.009964978 0.009964978 0.1067493 0.3266737 0.1713321 0.1717781 0.02261125 0.009964978 0 0 0.07967359 0.04161993 0 0.009964978 0.00676323 0 0 0.008820238 0.003612195 0 0.006009075 0.02848763 0.02235087 0 0 0 0 0 0 0.02055375 0 0 0 0 0 0 0 0
0 0 0 0 0 0.02230144 0 0 0 0 0 0.03985991 0 0.1647872 0.09641862 0.01992996 0 0.01793238 0.009414786 0.007859619 0.009964978 0 0 0.009964978 0 0.006658917 0.002840219 0.04982489 0.01992996 0.01824809 0.01164685 0 0.03985991 0 0 0 0 0 0.009964978 0 0 0.03580255 0.09248947 0.1215229 0.3162667 0.0146519 0.01992996 0 0.03985991 0.00428352 0.0245869 0.04024231 0.004925636 0 0 0.02610854 0.03121388 0.03209653 0.004090899 0 0.01992996 0 0 0.02989493 0.01992996 0.01992996 0 0 0 0.01992996 0 0 0.009964978 0 0.002047853 0.007917126 0
0 0 0 0 0 0 0.01559837 0 0 0 0 0 0.02133488 0.0362956 0.03985991 0.00331725 0 0.00970479 0.01022517 0.009964978 0 0.009964978 0.009964978 0 0 0 0 0.009964978 0.03985991 0 0.01992996 0.03909139 0 0 0.0001260299 0.009838949 0.009964978 0 0 0.01694938 0 0.2002804 0.1268954 0 0 0.04343763 0.01144588 0.03985991 0.02989493 0.03998442 0 0 0 0 0.009964978 0 0.009964978 0.03471479 0.3151968 0.02424465 0 0.01992996 0 0 0 0 0 0 0 0 0 0.01278123 0.1566234 0.009964978 0.04777894 0.009964978 0.05012316
0 0.01741062 0.009552413 0 0 0 0.01429656 0 0.009964978 0 0 0 0.01211203 0.1051627 0.03808739 0.006647728 0 0 0.009964978 0 0 0 0 0 0.001021512 0 0.009964978 0 0.009964978 0.009964978 0.009964978 0.0007685291 0 0 0 0 0 0 0 0.002980575 0.04716846 0.1048651 0.259183 0 0.009964978 0.03531228 0.004906357 0.02989493 0.009964978 0.01552194 0 0 0.002116092 0.01136647 0 0.04629015 0.02622758 0.01992996 0 0.0540692 0.1434508 0 0 0 0 0 0.009964978 0 0 0 0 0 0 0 0.01201093 0 0.00261848
0.009964978 0.002931906 0.01992996 0 0 0 0 0.009964978 0 0.002977299 0.006987679 0 0.05406777 0.2002221 0.01993448 0.005309902 0 0 0 0 0 0.01992996 0 0.009964978 0.01890844 0.0008597472 0 0.04982489 0 0 0.009964978 0.009964978 0.01992996 0.01912804 0.02222587 0.1367675 0 0 0.009964978 0.006042199 0.1985181 0.1376613 0.003662821 0.009964978 0.005880152 0.01451262 0.02102178 0.03413642 0.009964978 0.02443083 0 0 0.003878179 0.008919864 0.02354429 0.02996739 0.009964978 0.0177151 0.002214858 0.01188947 0.04982489 0 0 0 0.01992996 0 0.0006578034 0.02923713 0.01906859 0 0 0.009964978 0 0 0 0 0
0 0 0 0 0 0 0 0 0 0 0 0.009964978 0.005722102 0.01992996 0 0.009964978 0 0 0.009964978 0 0.02989493 0 0 0.01491815 0.03490674 0.009105232 0 0 0 0 0 0 0.009964978 0.001248203 0.01992996 0 0 0.009964978 0 0.1503462 0.3339057 0.2307717 0.006901916 0 0.05390972 0.004358442 0.007757315 0.01244587 0 0.0821046 0.001922691 0 0 0 0.02694927 0.01007531 0 0.02989493 0.03433124 0.02983727 0.03985991 0 0.009964978 0 0 0.0004279482 0.00953703 0 0.02079133 0.01992996 0.009964978 0.008813011 0 0 0 0 0
0 0 0 0.05162684 0.008163038 0 0 0 0 0 0 0 0 0 0 0 0.01556702 0.05418783 0 0.006567071 0.003397907 0 0 0.03985991 0 0 0.009964978 0.03985991 0 0.06975485 0.009862617 0.0299973 0 0.009964978 0.001219041 0.0286759 0 0.009964978 0.001841947 0.2047892 0.07163855 0.03314017 0.01668473 0 0 0.01453161 0.1153716 0.01500695 0 0.008681099 0.1082306 0.007949961 0 0 0.01992996 0 0.01844436 0.04692176 0.01991259 0.01806313 0 0.1392631 0.001587353 0.09066119 2.347849e-005 0.0004844741 0 0 0 0 0.07971983 0.06974923 0 0 0 0 0
0.01918918 0 0 0.05387118 0.01588367 0 0 0 0 0 0 0.02195411 0.01237503 0 0 0 0 0 0.009964978 0 0.01992996 0.007383917 0.04244098 0 0.04982489 0 0 0.009964978 0.009964978 0 0 0 0 0 0 0.009964978 0 0.03178078 0.1960929 0.1090868 0 0 0.009964978 0 0 0.06451265 0.1194215 0.01992996 0.009964978 0.01992996 0.0143449 0.01580466 0.02373735 0 0.009964978 0.03985991 0.1345877 0.1164813 0.008908776 0 0 0.03851919 0 0.05064156 0.07097424 0.00901857 0 0 0.01992996 0.01992996 0 0.0410175 0.03985991 0 0 0 0.004296023
0.009964978 0 0 0 0 0 0.009964978 0 0 0 0.009964978 0.007099555 0.01836117 0.01992996 0 0 0.009964978 0 0 0.007009481 0.002955498 0 0 0 0.02989493 0 0 0 0 0 0 0 0 0.01992996 0 0 0.05108031 0.3661503 0.4027855 0.04931056 0.03579365 0 0.01634313 0.009964978 0.0346517 0.01517319 0 0 0 0.01454747 0.02991534 0 0.01612257 0 0.01992996 0 0.1283999 0.01019125 0.06975485 0.009964978 0.009964978 0.001485627 0.01000619 0.08404211 0.08699827 0.04268884 0.1084321 0.1893346 0 0 0.01992996 0 0.08968481 0 0 0.009964978 0
0 0 0 0 0.009964978 0 0 0 0 0.009964978 0.1161224 0.00782824 0 0 0 0.01992996 0.01992996 0 0.009964978 0 0 0 0 0 0.009964978 0.009964978 0 0.01992996 0 0 0 0 0 0 0 0.009964978 0.009964978 0.002938767 0.2336331 0.004314033 0.04718668 0.009964978 0.02351678 0 0.009964978 0 0.005625659 0.00433932 0.04982489 0.07809349 0.1421182 0.2232579 0.008296914 0.04982489 0 0.03985991 0.0684588 0.04024231 0.03865932 0.1036815 0.03184831 0.008479351 0.02140039 0.1337883 0.0331805 0.2879725 0.1100152 0.05652966 0.002329843 0.06692719 0 0.01992996 0 0.009964978 0 0 0
0 0 0 0 0 0 0 0 0.009964978 0 0.1621386 0.07265003 0 0 0 0 0 0.003142169 0 0 0 0 0 0 0 0 0 0.009964978 0 0 0.009964978 0 0 0.0288212 0.03865606 0 0 0.1395097 0 0 0 0 0 0 0 0 0 0.009964978 0.02989493 0.009964978 0.173568 0.2981519 0.0264601 0.02989493 0.009964978 0 0.009964978 0.002619446 0.04931966 0.04790673 0.008517511 0 0 0.02102443 0.1409786 0.155816 0.0501282 0 0.01957367 0.0004978226 0 0 0 0 0 0 0
0 0 0.01703116 0 0 0 0 0 0.009964978 0.01930003 0.06079156 0.009593215 0 0 0.009964978 0 0 0.01678779 0 0 0 0 0 0.03152209 0.002629727 0.04309135 0.04005259 0.01992996 0 0 0.02957028 0 0 0.001073731 0.001203851 0.01992996 0.03299781 0.05278468 0 0 0 0 0 0.005233161 0.004731818 0.009964978 0 0.06629239 0.04697014 0.006654586 0.1140763 0.02150713 0.01606136 0.009964978 0 0.03985991 0.02989493 0.03724047 0 0 0 0.01992996 0.0112776 0.1507773 0.02859227 0.01992996 0.03955661 0.000141539 0.0402162 0.05941093 0.02331086 0.006584073 0 0 0.009964978 0 0
0 0 0.002898795 0 0 0 0 0 0 0 0 0 0.009964978 0 0.002636839 0.06632992 0 0.009964978 0.009964978 0 0 0 0 0.02826778 0.11695 0.08616664 0.04991895 0 0.009964978 0.01992996 0.000324653 0.01992996 0 0 0 0 0.1112683 0.05408358 0.05394445 0 0 0 0 0 0.02570166 0.09212417 0.3794 0.04088302 0.06160908 0.1770804 0.05333546 0.1167688 0 0.009964978 0 0.0191103 0.0367898 0 0 0.1363544 0 0.001645315 0.03854729 0 0 0.03985991 0 0.00982344 0 0.0203089 0 0.009164031 0.02624294 0 0 0 0
0 0.009964978 0.01992996 0 0 0 0 0 0 0 0 0 0 0 0.04450137 0.1157264 0.009964978 0 0 0 0 0 0 0 0.03985991 0.01116451 0 0 0 0 0 0.009964978 0 0.01426348 0.01358039 0.03027808 0.07811035 0.009964978 0.0683886 0.004306369 0.02474459 0.06494021 0 0.003717604 0.002606424 0 0.03549029 0.009964978 0.1743412 0.1195797 0.07769082 0.06181887 0 0 0 0 0.07666359 0 0.009964978 0.03305024 0 0.01016755 0.06280149 0.1660456 0.0858455 0.06116388 0.1604085 0 0.01992996 0 0 0.02073091 0.04351191 0 0 0 0
0 0 0 0 0 0.009964978 0 0.002999543 0.002800624 0 0 0 0 0.05978987 0 0 0.009964978 0.02799633 0.00189861 0.009964978 0 0.009964978 0 0.009964978 0.0116508 0.03835064 0 0 0 0 0 0.002231842 0.007733136 0.03119935 0.0007466491 0.05270873 0 0 0.1007646 0.01805298 0 0.02989493 0 0.1941129 0.05154159 0.01589303 0.03791909 0.02178709 0.02651797 0.08814876 0 0 0 0 0 0.01342074 0.01691099 0.009964978 0 0 0.009964978 0.04328681 0.1345093 0.09461755 0.04638967 0.1958187 0.1716876 0.023943 0.01670189 0 0 0 0.009964978 0 0 0.06975485 0
0 0 0 0 0 0 0 0.002153679 0.002011132 0.03581296 0.004046959 0 0 0.008960663 0.01819697 0.009964978 0 0.01992996 0 0 0 0 0 0 0.01855388 0 0 0.03985991 0 0 0 0.02989493 0.07971983 0 0.01992996 0 0 0 0.009270764 0.01065919 0 0 0.01992996 0.01707595 0 0.004036932 0.01992996 0.004453317 0.04361413 0.1657264 0 0.02989493 0 0 0 0.006509219 0 0 0.03985991 0.009964978 0 0.1193537 0.1089391 0.07556315 0.1195797 0.09352377 0.3404441 0.332136 0.009944396 0.01992996 0 0.004726195 0.005238784 0 0.02989493 0 0
0 0 0.01992996 0 0 0 0 0 0 0 0 0 0.01992996 0.08798959 0.0143975 0 0.01191145 0.01159539 0 0 0 0 0 0 0 0 0 0 0 0 0 0 0.009404032 0.003387001 0.01654296 0 0 0.05787567 0 0 0 0 0 0 0.05041101 0.05920376 0.009964978 0 0.009964978 0.07459187 0 0.009964978 0 0 0 0 0.009964978 0 0 0 0.009964978 0.0444373 0.05696544 0.04982489 0.009964978 0.03985991 0.09053935 0.01587381 0 0 0 0 0 0 0 0 0
0.009964978 0.007709089 0 0 0 0 0.01629479 0.006173668 0 0 0.009964978 0 0 0 0 0 0.02484379 0.02140422 0 0 0 0 0 0 0 0.01992996 0 0 0 0 0 0 0.0005609464 0.009964978 0 0.009964978 0.008409497 0.01016755 0 0 0.01992996 0.009964978 0 0 0.00715098 0.002813999 0 0.008037936 0.01189202 0 0 0.009964978 0.02989493 0 0 0 0 0 0 0 0 0.02846893 0.1292178 0.02276804 0.007126892 0 0 0.03985991 0.01017689 0 0 0 0 0 0 0 0
0.02771944 0.06422126 0 0 0.01371537 0.04767646 0.2229763 0.05405054 0 0.009964978 0 0 0 0 0 0 0.009964978 0 0.009964978 0 0 0 0 0 0 0 0 0 0 0 0 0 0 0 0.03985991 0 0.001555481 0.0116766 0 0.009964978 0.009964978 0 0 0 0 0 0 0 0 0.01892386 0.001006101 0 0 0 0 0.001107165 0.01226507 0 0.002756653 0 0 0.04982489 0 0 0.02989493 0.04982489 0 0.008553197 0.04570577 0.02524895 0 0 0.005759196 0.02413574 0 0 0.01992996
0 0 0 0 0.01000365 0.1431052 0.1625896 0.02777598 0.01992996 0 0 0 0 0 0 0 0 0 0 0.009976285 0.03984861 0.009964978 0 0 0 0.009964978 0.001295926 0 0.009964978 0 0 0 0.009964978 0 0 0 0 0 0.005845501 0.04397939 0 0.01992996 0 0.006784765 0.009964978 0 0 0.009964978 0 0 0 0 6.302361e-005 0.009901955 0.06975485 0.0005585778 0.005999146 0 0.007208325 0.002089214 0.007875765 0.01274092 0.007189039 0 0 0.03985991 0.03985991 0.06975485 0.01992996 0 0 0.009964978 0 0 0 0.009964978 0.009964978
0 0 0 0 0 0 0 0 0.009964978 0 0 0 0 0 0 0 0 0 0.009964978 0.006852987 0 0 0 0 0.002027337 0.007937642 0 0 0 0 0 0.1477564 0.04214478 0.03985991 0.009271835 0 0 0.009964978 0.009964978 0 0.009964978 0.04720597 0.009964978 0 0 0.08592083 0.02989493 0.02820138 0 0 0 0 0 0.06075577 0.08477638 0 0 0 0 0.009964978 0 0 0 0 0 0 0 0.05502535 0.05018127 0.01437313 0 0 0 0 0 0 0
0.01819247 0 0 0 0 0 0 0 0.02989493 0 0 0.009964978 0.07478138 0.009964978 0 0 0 0.0001833153 0.009781663 0 0 0 0 0 0 0 0 0 0 0 0 0.04434634 0.04601259 0 0.01065812 0 0 0 0 0.03479949 0.01297338 0.06989595 0.01029533 0.0800762 0.06032663 0.1790117 0.09370057 0.02989493 0.03125372 0 0 0.0005133951 0.009451584 0.002270121 0.04755477 0.003697063 0 0 0 0 0.009964978 0 0 0 0 0.009964978 0 0.01526953 0.004660429 0 0 0 0 0 0 0 0
0.04670979 0 0 0 0.009964978 0 0.009964978 0.02989493 0.03057607 0.07292283 0 0.06735315 0.0178504 0.009964978 0 0 0 0 0 0 0 0.001660863 0.01826909 0 0 0 0.03379335 0.03220761 0.04982489 0 0.009964978 0.01992996 0 0 0 0 0 0 0 0.02198197 0 0 0 0.03677218 0.2165032 0.2246278 0.0740162 0.09964979 0.07836104 0 0 0 0 0 0 0.03616285 0 0 0 0 0 0 0 0 0 0 0 0.009964978 0 0 0 0 0 0 0 0 0
