EnvRasters/GE_High/commerc.asc
ncols         270
nrows         223
xllcorner     24099.479091542
yllcorner     21023.840179216
cellsize      1003.8986847201
NODATA_value  -9999
[rows 34 to 67 of 223, columns 77 to 153 of 270]
0 0.009964978 0 0 0 0.02899823 0.09058151 0.01310397 0.03985991 0.05268593 0.0420277 0.009964978 0.001259607 0.008705372 0.001291279 0 0 0 0.009964978 0 0 0 0.02989493 0 0 0.01992996 0.1237346 0.0205045 0.03074201 0 0.007300598 0 0.04699786 0.002827031 0 0.009964978 0 0.03761047 0.07843187 0 0.005391288 0.04543337 0 0 0.2769856 0.1024531 0.06701763 0.01992996 0.1289967 0.05756551 0.09364665 0.1587213 0.1124125 0.1296141 0.05484829 0.06975485 0.05978987 0.005017044 0.07147238 0.137247 0 0 0 0.2122184 0.07137489 0 0 0.05556077 0.05999353 0.004097898 0 0 0.01366694 0.009964978 0.009964978 0 0.01992996
0 0.02989493 0 0 0.01992996 0.03985991 0 0.006825991 0 0.007320448 0.02751065 0 0.01992996 0 0.0086737 0 0 0 0 0 0 0 0 0.009964978 0 0 0.009964978 0 0.002326067 0.009964978 0.007659283 0.009152644 0 0 0 0.01992996 0 0.074471 0.09847104 0 0 0 0 0 0.1669512 0.1557209 0.06935604 0 0.1968307 0.08998505 0.1521222 0.164308 0.07797 0.07848284 0.07182723 0.04982489 0.05474411 0.07994572 0.1693433 0.004619276 0.07118634 0.1722006 0.003576176 0.01845482 0.007301783 0.002663196 0.0277363 0.06528722 0.01472013 0.009964978 0.009964978 0.01992996 0.02958828 0.0501032 0.0954965 0 0
0 0.009964978 0 0 0 0 0.01992996 0 0 0.03985991 0 0.01992996 0 0 0 0 0 0.0001949944 0.0003823941 0 0 0.004388908 0.005576071 0 0 0 0 0.009964978 0 0.009964978 0.04186274 0.003779585 0.006742852 0 0 0.01512438 0.1308271 0.0009851468 0.02989493 0.01992996 0 0.008619203 0 0 0.02797639 0.1583776 0.1818026 0.1468917 0.1423473 0.1072904 0.05798035 0.0142407 0.164118 0.2141145 0.2627936 0 0.03985991 0.009964978 0 0.03985991 0.0304332 0.03731084 0.01335899 0.02140509 0.01515007 0.03831119 0.06427339 0.04229232 0.009964978 0 0 0 0.01992996 0.006011937 0.01414662 0 0
0 0 0 0 0 0.01992996 0.009964978 0.009964978 0 0 0 0.001579858 0.02831508 0.009964978 0.01258794 0.03723696 0 0.05003852 0.08889379 0.009964978 0.009964978 0.009964978 0 0 0.009964978 0 0 0.01649214 0.01139819 0.009964978 0.04982489 0.02547993 0.162683 0.09998014 0.2557496 0.09458651 0.03877774 0.03543506 0 0 0 0.01131075 0 0.01053867 0.0233033 0.0659068 0.3563963 0.06691561 0.03985991 0 0.1132749 0.1735829 0.1765118 0.2941293 0.1385396 0.04083002 0 0.005535834 0.01439412 0.009964978 0.01935443 0.02070806 0.009025109 0.01992996 0.009964978 0.001845091 0.1235242 0.02219143 0 0 0 0 0.01017881 0.08389913 0.09167245 0.0291245 0
0 0 0 0 0 0 0 0 0 0 0.009964978 0 0.01213543 0.007794529 0 0 0 0 0 0 0 0 0 0 0.009964978 0.008605345 0 0.009964978 0.03784406 0.009964978 0 0.03782157 0.2739909 0.1063819 0.292022 0.1288807 0.0193612 0.05481851 0 0.02989493 0 0 0 0.0009357871 0.03135713 0.03547449 0.1308919 0.009964978 0.02303914 0.02505752 0.06421037 0.08402057 0.01156985 0.1186274 0.1100752 0.03479465 0.06099056 0.04912744 0 0 0.04043544 0 0.0009398692 0 0 0.009964978 0.02595052 0.03518436 0 0.02888699 0.05083284 0.02989493 0 0.01992996 0.01827266 0 0.05202755
0 0 0 0.009964978 0.009964978 0 0 0 0 0 0.02989493 0 0 0 0 0 0 0 0 0 0 0.01973579 0 0.009964978 0.009964978 0.03856711 0.009964978 0 0.02395043 0.009964978 0.0173676 0 0.05597934 0.2052075 0.2419848 0.09873351 0.01992996 0.02989493 0.009964978 0 0 0 0.009964978 0.005699513 0.05409036 0.01135964 0.3209756 0.04241556 0.4801596 0.5986317 0.177179 0.04391721 0.058185 0.03985991 0.01992996 0.01556878 0.07209837 0.1236396 0.02647277 0.003422169 0.009560375 0.03985991 0 0.009964978 0 0 0.01992996 0.1034599 0.03076033 0.04982489 0.01992996 0 0 0 0.001316938 0.008648041 0.00471898
0.02078177 0 0 0 0 0 0 0 0 0 0 0 0 0 0 0 0 0 0 0.009964978 0 0.00019417 0 0 0.01992996 0.01145473 0 0 0.04514537 0.02796353 0.03746848 0.1086312 0.03985991 0.1782922 0.218803 0.167631 0.1436935 0 0 0.009964978 0.009964978 0.009964978 0.01992996 0.01992996 0 0.03949325 0.2428314 0.01309403 0.2898518 0.4483403 0.1505316 0.02583764 0.05978987 0.1111563 0.0366319 0.02428317 0.03779469 0.009484764 0 0.07796814 0.3201891 0.3476496 0.0847232 0 0.02989493 0 0.07971983 0.03778415 0.009964978 0 0.009964978 0 0.01992996 0 0 0.009964978 0
0.07434484 0 0 0.009964978 0.2035703 0.04855756 0 0 0 0 0 0 0 0.01202366 0 0.003812103 0.006152875 0.004498829 0.02539611 0.009964978 0 0 0 0.009964978 0 0.01112766 0 0.04344649 0.04462761 0.02654089 0.01491877 0.05080846 0.01707009 0.3828401 0.1671375 0.6243395 0.5972247 0.08847263 0 0 0 0 0.009964978 0 0 0.009964978 0 0.006835929 0.05039319 0.1681145 0.06852704 0.01474184 0.03027733 0.2922485 0.08855961 0.01232665 0.01920889 0.009964978 0 5.258908e-005 0.04574699 0.1617617 0.06616395 0.01992996 0.04854097 0.0112489 0.06975485 0.01204074 0.009964978 0 0 0 0 0 0 0.03985991 0
0.01448814 0.009802774 0.000612524 0.01427423 0.06118175 0 0 0 0 0.009964978 0 0 0.009964978 0.02783625 0 0.02989493 0.02989493 0.009964978 0 0.009964978 0.000309451 0.019797 0 0 0.02898126 0 0 0.00161071 0 0.009964978 0.006581616 0.01554963 0.01282484 0.003198179 0.003458419 0.007861675 0.1435697 0.06543202 0.009964978 0.03146229 0.008397629 0.03985991 0.01441002 0.009964978 0 0.009964978 0.1694046 0 0.3607655 0.217367 0.01872136 0 0.09710737 0.032191 0.04895508 0.009964978 0.06811425 0 0.1178288 0.01252781 0.009964978 0.1368192 0.2259398 0.05305241 0 0 0 0 0.009964978 0 0.009964978 0 0 0 0 0.03563894 0
0.03985991 0 0.005030281 0.01962198 0.005569748 0 0 0.01352182 0.01992996 0 0.009964978 0.01245483 0 0 0.009964978 0.009964978 0 0.009964978 0 0.001102119 0.01962051 0.01009794 0.02989493 0.1985613 0.03041095 0 0 0 0.07801766 0.03299366 0.03440398 0.01282796 0.01992996 0.009964978 0.009964978 0.009964978 0.01392348 0.01428781 0.03985991 0 0 0 0.005519941 0 0 0 0.009964978 0.009964978 0.3740346 0.06496332 0.01992996 0.1208912 0.1226737 0.04487445 0.5461642 0.0618934 0 0.01992996 0.05892537 0 0.109203 0.05081835 0.05976857 0.08235315 0.03985991 0.009583939 0.0103734 0.03029676 0.0698425 0.01695614 0.0009080366 0.006079498 0 0 0 0.004220979 0
0.005503025 0.0007165525 0.07414524 0.01530613 0.01992996 0 0 0.02867848 0.01758958 0.01992996 0 0.007475126 0 0.02197178 0.06358726 0.001495318 0.009964978 0.009964978 0.009964978 0.1184776 0.01018512 0.06276656 0.05681318 0.1412905 0.09729717 0 0 0.03833644 0.03673837 0.04394507 0.001375778 0.01262789 0.07971983 0.01992996 0 0 0 0 0 0 0 0 0 0 0 0.05746936 0.01413105 0.04101292 0.2267114 0.009223961 0.01992996 0.009964978 0.008101945 0.009964978 0.08449115 0 0.009964978 0 0 0 0.03852919 0.01150335 0.009964978 0.01096459 0 0.01991299 0.009981942 0.01101876 0.03897736 0.07204059 0.0003887017 0.03248368 0 0 0 0.009964978 0.01992996
0.004461953 0.02989493 0.08477482 0.04982489 0 0.03183786 0.05619629 0 0.009964978 0 0.05978987 0.00900937 0.01613805 0.1559217 0.08736358 0.0383646 0.01992996 0.009964978 0 0.01992996 0.00974484 0.09323402 0.1142835 0.03233795 0.02073986 0.007896333 0.002068646 0.03141841 0.02176572 0.002122028 0 0 0.1340313 0.009964978 0 0 0 0 0.01546014 0.08742505 0.08823465 0 0 0.01992996 0.003843681 0.1059221 0.04578098 0.1885837 0.1136464 0.04982489 0 0.03985991 0.02989493 0.03291303 0.07526071 0 0 0 0.01796514 0.001964821 0.08563828 0.03349479 0.001077865 0 0 0.05558623 0.1004592 0.04693758 0.03757388 0 0 0 0.00669003 0.1096148 0 0 0.01992996
0.03193037 0.04914637 0.06469985 0.02989493 0 0.01161563 0.1070959 0.04024849 0.003539979 0.07624061 0.03985991 0.04460743 0 0.009964978 0.02989493 0 0.01684067 0.004495297 0 0 0.009964978 0.009964978 0.02732337 0.1126737 0.4051524 0.02196462 0 0.008586409 0.0191126 0.0008173529 0.009964978 0.06990252 0.07339749 0.02877315 0 0 0 0 0.01443479 0.04900774 0.2662819 0.2896115 0.006748013 0 0 0.08027243 0.1323941 0.5546888 0.1893181 0.01992996 0.009964978 0.009964978 0 0.01992996 0 0 0 0.1973167 0.001982882 0 0 0.009964978 0.009964978 0 0.0003655612 0.1022112 0.008323926 0.002077841 0.01225101 0.009964978 0 0.01221665 0.01098826 0 0 0.005929712 0
0.02785154 0 0.0129297 0.01696523 0 0.004289058 0.08732577 0.02754042 0.166408 0.103129 0.01992996 0.009964978 0 0 0.02989493 0 0.008558973 0 0 0 0 0 0.1893312 0.353708 0.004925571 0.02714766 0.05555431 0.00137857 0.009964978 0 0 0.009964978 0.02273985 0.01992996 0 0 0.001208519 0.004873958 0.009964978 0 0.1945444 0.267633 0.1410505 0.009081269 0 0.01380939 0.1221116 0.1498267 0.1577969 0.08015692 0.006410942 0.157445 0.2841964 0.01359165 0.06267777 0.05101484 0.2649891 0.1156957 0.009964978 0.009964978 0 0.009964978 0 0.02989493 3.334372e-005 0.001243372 0.04150097 0.05978987 0.009964978 0 0 0 0.03555343 0.02423644 0 0.004035267 0
0.05012922 0.008765969 0.02989493 0.009964978 0.01992996 0.03557086 0.03581475 0.1734498 0.03064225 0.01258464 0 0.03985991 0 0 0.07971983 0 0 0.009964978 0 0 0 0.009964978 0.07583214 0.01505324 0.009355891 0.1917884 0.5453465 0 0 0.03985991 0.02563194 0.1002709 0.2556288 0 0.006883604 0 0.02281475 0.02092766 0 0 0 0.0123026 0.04107929 0.006066761 0 0.02605053 0.009964978 0.3755329 0.1490111 0.02425877 0.02751113 0.08820895 0.09142878 0 0.009964978 0.01874001 0.07591151 0.04165266 0 0 0.009964978 0 0 0 0 0 0 0 0.007844253 0.009964978 0.002441797 0.02449964 0.07971983 0.1029531 0.01632586 0.04982489 0
0.01992996 0.1197018 0.1620321 0.1659359 0.03237059 0.02323301 0.05978987 0.009964978 0.0128985 0.05978987 0.009964978 0.01992996 0 0.00544152 0.07427831 0 0 0.01992996 0 0 0 0 0 0.009964978 0.06974923 0.07043862 0.1161874 0.009624021 0.0003409573 0 0.02419295 0.1345551 0.05761896 0.01992996 0.003081375 0 0 0 0.009964978 0.009964978 0 0.01494611 0.02238798 0.02312407 0.147657 0.2807142 0.2113737 0.1326105 0.1536966 0 0 0 0 0.02989493 0.01992996 0 0 0 0.1825475 0.03349021 0.04069297 0.02989493 0.009964978 0 0 0 0.009964978 0 0.009933335 0 0.03267505 0.2050497 0.03333575 0.06005693 0.01994506 0 0
0.003152716 0.1135592 0.1553988 0.1612222 0.1070492 0.06369717 0.04561921 0.07642178 0.09751255 0.02574083 0.003257258 0.009964978 0 0 0.01992996 0.006180294 0.003784685 0 0 0 0 0.008162398 0.04182289 0.01992996 0.03050965 0.009964978 0 0 0 0.009964978 0 0 0 0.03985991 0 0 0.01530745 0.1341672 0.01992996 0 0 0 0.03501181 0 0.1113534 0.1886489 0.1141641 0.05401398 0.06458496 0 0 0 0 0.06075881 0.230022 0.08958452 0.009964978 0.01992996 0.2587199 0.391531 0.07996968 0.01992996 0.01943751 0 0.009964978 0.009964978 0.03835253 0.02989493 0.00215237 0.03985991 0.009964978 0.3492056 0.3030054 0.2152233 0 0 0.01589823
0 0.1031847 0.128862 0.284199 0.05030577 0.1243328 0.1214239 0.0421743 0.02000241 0.003407782 0.00670772 0.005275276 0.03458464 0 0 0.009964978 0.01992996 0 0 0.04982489 0.01795317 0.01194177 0.009804585 0 0.02955525 0 0.01992996 0 0.0005358989 0.03017324 0.01911576 0 0 0 0 0 0.01277935 0.007150611 0.009964978 0 0.009964978 0 0.01992996 0.009964978 0 0 0.1633397 0.04049888 0.07231058 0.009964978 0.005509879 0.03169537 0.01052912 0.2702219 0.4132391 0.1550428 0.02989493 0 0.01992996 0.04987132 0.009964978 0 0.1001422 0 0 0.1295447 0.09332753 0.007829645 0.02989493 0.01572329 0.06399654 0.02119373 0.002964736 0.04677084 0.01294828 0.0147872 0.04950655
0.001335387 0.1062726 0.1049771 0.1594525 0.1020326 0.1792859 0.0641289 0.01992996 0.05604378 0.03130992 0.005142211 0 0.009964978 0 0 0.03196987 0.04966437 0.003347497 0 0 0 0.009964978 0.009964978 0 0.01030466 0 0 0 0 0.03985991 0 0.0244012 0.006270278 0.006296594 0.03069368 0 0.03985991 0.02346504 0.01639488 0 0 0.03985991 0 0.009964978 0.009964978 0.09721252 0.07699305 0.114266 0.2064244 0 0.02438506 0.0457585 0.1017137 0.08445749 0.02906608 0.06419045 0.05136914 0.03242448 0.07134932 0.07925501 0.0005956383 0.01927304 0.009964978 0.0392261 0 0 0.01992996 0.009964978 0 0.01992996 0.01992996 0.002840236 0 0.01640015 0.01694665 0 0.009964978
0.1432687 0.2463939 0.2062529 0.1031123 0.1029281 0.1150585 0.1024495 0.0469675 0.02491683 0.01494308 0.009964978 0 0.01992996 0.2192295 0 0.02782 0.01440494 0.002338039 0 0 0 0.009964978 0 0 0 0 0 0 0.01099533 0.1000062 0.1822888 0.1781984 0.3569346 0.0006827489 0.08473701 0.1067845 0.01992996 0 0.009964978 0 0.01551928 0 0.009964978 0.009964978 0.009964978 0.2077537 0 0.03343976 0.01310409 0 0 0.0174669 0.01635779 0.01922661 0.05695529 0.1860973 0.1613721 0.1190193 0.1589194 0.009873898 0.0002453881 0.01002626 0 0.03052875 0 0.01992996 0 0 0 0 0 0 0.007087478 0.004708029 0.005256949 0 0.02938668
0.09491369 0.1839508 0.1318019 0.2783251 0.3826152 0.02989493 0.02561357 0.01992996 0.009964978 0.009964978 0.01327783 0 0.00274032 0.01665565 0.003274303 0 0 0 0 0.01992996 0 0.009964978 0.09019485 0.009964978 0 0.1589897 0.07672156 0.01992996 0 0.08968481 0.1831367 0 0.31092 0.1795632 0.272223 0.006796374 0.009964978 0.009964978 0 0 0.05102972 0 0 0.01992996 0 0.02574032 0 0.1322787 0.009964978 0 0 0 0 0 0.01992996 0.02935368 0.1785556 0.01111559 0 0 0.04979325 0.01992996 0.009964978 0.01992996 0 0.008955591 0 0.04982489 0.0181919 0.009964978 0 0.02989493 0.002877501 0.009964978 0.03165983 0.004770454 0.02616332
0 0.138201 0.4494012 0.3258193 0.07580656 0.08421011 0.04533461 0.05978987 0.01992996 0.01564654 0.01093555 0.01992996 0.04708457 0.07228136 0.08968481 0.03985991 0 0.03985991 0 0.04982489 0.01992996 0 0.05927983 0.0200102 0.02989493 0.05178536 0.02141775 0.1694046 0.07120159 0.01848322 0.02986329 0 0 0 0 0.04982489 0.02386336 0.006031576 0 0.03985991 0.03310078 0 0 0.05180723 0.06746348 0.4742067 0.04093129 0.08268211 0 0 0.009964978 0 0 0.01904591 0.1000322 0.0967495 0.3070778 0.3013256 0.009527622 0 0.009751235 0.07971983 0.02989493 0.04982489 0.01992996 0.01984626 0.04982489 0 0.001738062 0.01405425 0.01584068 0.009964978 0.009964978 0.04019581 0.03298866 0.006373588 0
0.009964978 0.004315582 0.0520714 0.1979786 0.04432651 0.149779 0.07949405 0 0.06975485 0.04360393 0.01992996 0 0 0.09156359 0.0678184 0.01992996 0 0.009964978 0 0.01992996 0.009964978 0.009964978 0.09964979 0.02981469 0.0006197959 0.009345183 0.01992996 0 0.00175903 0.008205948 0.02651086 0.04781358 0.01499041 0.009964978 0 0 0.1147456 0.0213515 0 0 0 0 0 0.04790473 0.1133896 0.09733521 0.005931316 0.02989493 0.009964978 0.01992996 0 0 0 0.009964978 0.1274905 0.3641496 0.1010539 0.03731892 0.009964978 0 0 0 0 0.009964978 0.08705965 0.02102304 0.01017949 0.06274132 0.1611729 0.0143145 0.03907629 0.01399018 0.009964978 0.006914473 0 0.01003743 0
0.03602755 0.01373241 0.02169659 0 0.08947614 0.04507372 0.1405263 0.06042455 0.1545167 0.038555 0.08386517 0.1716123 0.01710635 0.007367302 0.08981364 0.01992996 0.009964978 0.03985991 0 0 0.0209098 0 0.0001412629 0.009823715 0 0.03985991 0 0 0 0 0.009964978 0.06975485 0.0321885 0.04982489 0 0.009964978 0.01337758 0 0.009964978 0 0.009964978 0.1096148 0 0.0086844 0.1796297 0.02707073 0.02275416 0 0 0 0 0.009044808 0.0009201702 0 0 0.05820809 0.01954732 0.02897643 0.009964978 0.01111344 0.04036909 0.009964978 0 0 0.01259014 0.03985991 0.009964978 0.0105659 0.07421967 0.009964978 0.001113968 0.03115485 0.01992996 0.02298046 0.009964978 0.003518939 0.01992996
0.003832365 0.009964978 0.004430919 0 0.009964978 0.03497646 0.1295447 0.009964978 0.04353507 0.01992996 0 0.2183831 0.05426173 0 0 0 0.009964978 0.01992996 0.009964978 0 0.01075142 0 0 0 0.009964978 0.1423729 0.06689166 0 0 0 0 0.01972462 0.09343901 0.006416112 0.009964978 0 0 0.009964978 0 0 0.005827335 0.004137643 0.02989493 0.01992996 0.08591136 0 0 0.01992996 0 0 0 0.009964978 0 0 0.009964978 0.04198783 0.01947668 0.01866609 0.0008939133 0.02874647 0.08143996 0.008057061 0 0 0.009964978 0 0.009964978 0.02989493 0 0 0.009964978 0.04051393 0.01927594 0 0 0.0264168 0.009964978
0 0.009964978 0.01561792 0.009964978 0 0 0 0 0 0.009964978 0.04814146 0.2914508 0.01263207 0.009964978 0 0 0.02989493 0 0 0 0.0978835 0 0.009964978 0 0.009964978 0.01992996 0.03383521 0.01598969 0.04982489 0.1195797 0 0.003426709 0.02423587 0 0.01992996 0.027038 0 0.009964978 0.02607511 0.009964978 0.009964978 0 0.009964978 0.009964978 0.0253056 0 0.009964978 0.02989493 0 0.01899969 0.06072014 0.009964978 0.009964978 0.002423713 0.07016405 0.05770604 0 0.00125263 0.009071065 0.01992996 0.01207587 0.02025145 0.04726025 0.01992996 0 0.009964978 0.01415621 0.06556361 0 0 0.009964978 0.04982489 0 0.009964978 0.01653878 0.006869309 0
0 0 0.024242 0 0 0.009964978 0.005991713 0.003973266 0.009964978 0 0.01733014 0.0277709 0.001679954 0.009964978 0 0 0.002029974 0.02989493 0 0 0.03020827 0.0295816 0.02989493 0 0 0.1963103 0.09204969 0 0.01992996 0 0 0 0.01219733 0.01992996 0 0.05729949 0.07510216 0.01992996 0.003819823 0.006069514 0.003895464 0 0 0.007338869 0.01259109 0.02989493 0.01992996 0.01992996 0 0.009964978 0 0 0 0.007541265 0.009964978 0 0 0.03860728 0 0 0.009964978 0.005489259 0.170106 0.1121701 0.03321513 0.09301381 0.02989493 0.009964978 0.01992996 0 0.005616734 0.0242782 0.009964978 0 0 0.009964978 0.01992996
0 0.02989493 0 0 0.009964978 0 0 0 0.009964978 0 0.0236719 0 0 0 0.06975485 0.05894591 0.0207683 0.001842185 0 0 0 0.05134926 0.009964978 0.009964978 0.07971983 0.4014228 0.09745048 0.03907367 0 0 0 0 0 0.03746017 0.007278975 0 0.01992996 0.0266364 0.04598944 0.03373039 0.01992996 0 0.005301145 0.009964978 0.05978987 0.004520423 0.009964978 0 0.009964978 0 0 0.02587394 0 0.009964978 0.009964978 0 0 0.02132749 0 0.0008510287 0 0 0.01344392 0.339917 0.1948031 0.03266207 0.009964978 0.03985991 0.004499809 0.009494632 0.004314258 0 0 0 0 0 0.03985991
0 0 0 0.005651263 0.004313716 0.009964978 0 0.03985991 0.01458001 0.1223899 0.00876284 0 0 0.0129466 0 0.02989493 0.007940625 0.1276223 8.026123e-005 0.01128106 0 0.02837056 0 0 0.09479437 0.2437472 0.01992996 0.02922757 0 0.01992996 0.009964978 0.03985991 0 0.01723285 0.02771281 0 0.009964978 0.003258533 0.02629247 0.1622649 0.09120857 0.009964978 0.004663833 0.009964978 0.07447784 0.01540953 0 0 0 0.01992996 0 0.2147214 0.2719356 0.1505175 0.1285198 0 0 0.008567444 0 0.00911395 0 0 0 0.04012792 0.1307651 0 0 0.06975485 0.0008726092 0.000748649 0 0 0.01992996 0 0.04982489 0.009964978 0
0.009964978 0 0.009964978 0.003347461 0.007575145 0 0 0.05978987 0 0 0 0 0.06846634 0.1079217 0 0.009964978 0 0 0.0109618 0.07740692 0.009964978 0.0109111 0.01355256 0.07685342 0.08210447 0.2464292 0.09929471 0.05127851 0 0.06975485 0 0 0 0 0 0 0.009964978 0 0.003602467 0.1446943 0.01039635 0 0 0.008145615 0.02545024 0.05136595 0.01992996 0.06571962 0.04005011 0.009964978 0.05464819 0.4487462 0.3049048 0.3802021 0.05450306 0.03056068 0 0 0.05798343 0.05163134 0.01992996 0.05019625 0.009964978 0.009964978 0 0.02917328 0 0.01868782 0.07700013 0.02264965 0 0.009964978 0.009964978 0.1043838 0.2062586 0.08896454 0
0.03985991 0.009964978 0 0.01271119 0.006261141 0.01992996 0 0 0.03985991 0 0 0 0 0 0.01992996 0 0.002293758 0 0.009964978 0.3499023 0.09992809 0.01757749 0 0.03913875 0.1445135 0.1450491 0.1000049 0.04329245 0.006532445 0 0 0 0.009964978 0 0 0.007340186 0 0 0.009964978 0 0 0.01768411 0.002245848 0 0 0 0 0.04300332 0.04052405 0.01000247 0.007553727 0.3441108 0.2615113 0.255651 0.1385752 0.07068426 0.009964978 0 0 0.0009382646 0.009964978 0.02952358 0 0 0 0.000721656 0 0.006856734 0.004350381 0 0.01810967 0.009964978 0 0.007311921 0.008957251 0 0
0.01943956 0.009964978 0 0.02989493 0 0 0 0 0 0.009964978 0 0 0.07633498 0.009964978 0.009964978 0 0.008042426 0.009593774 0.009964978 0.02989493 0.07971983 0.009964978 0.01128824 0.06975485 0.03288292 0.01694197 0.02950259 0 0.009156251 0 0 0.005118273 0.004846706 0 0.02596121 0.02648848 0 0 0.009964978 0 0.007753117 0.04207177 0 0 0 0.004602039 0.02989493 0.04627321 0.009964978 0.01088901 0.0289709 0.04592586 0.2393367 0.3791376 0.08707548 0 0 0.00147915 0.01992996 0.01899169 0 0 0 0 0 0 0 0.02989493 0 0 0.1052629 0.1336307 0.009964978 0.01261804 0 0.02666373 0.02989493
0 0.009964978 0 0 0 0 0 0 0 0.009964978 0 0 0.03327978 0 0 0 0.02989493 0.01992996 0 0 0.009964978 0 0.01860669 0.00281378 0.08649459 0.2892865 0.08927362 0 0.0008087272 0.01992996 0.03005231 0.06802844 0.009964978 0 0 0.03577573 0.07099481 0.1179302 0.4646069 0.1050465 0.01612284 0.01992996 0.009964978 0 0.009964978 0.07511779 0.08413408 0.07769125 0.02961217 0.01992996 0.1793696 0.06671171 0.4955618 0.1314442 0.05354716 0.01992996 0.09740993 0.05252756 0 0 0 0 0 0 0 0 0 0 0.09165193 0.1019871 0.009964978 0.01205113 0.06525072 0.02203003 0.02989493 0.04309112 0
0 0.009964978 0.06975485 0 0 0 0 0 0 0.009964978 0 0 0 0 0.009964978 0.03985991 0 0 0 0 0 0 0.06073744 0.0004833349 0.01992996 0.1144027 0.1754595 0 0 0 0.009964978 0.001569045 0.02808605 0 0.007687663 0.06660753 0.1156063 0.03037351 0 0.01137123 0.01117888 0 0 0.04982489 0.09484813 0.01992996 0.1743846 0.05704195 0.05908766 0.2263067 0.008839346 0.1961476 0.2799072 0.02464186 0.2670946 0.07452939 0.04181666 0.009964978 0.2006894 0.01992996 0 0.02523855 0.005666422 0.005256085 0.004708894 0 0.009964978 0 0.01886791 0.08404332 0.02989493 0.009964978 0.06219393 0 0 0 0.009964978
