EnvRasters/GE_High/dcdsfrs.asc
ncols         270
nrows         223
xllcorner     24099.479091542
yllcorner     21023.840179216
cellsize      1003.8986847201
NODATA_value  -9999
[rows 132 to 164 of 223, columns 148 to 221 of 270]
0.01811512 0.009964978 0.001941657 0 0.1431803 0.3752722 0.341774 0.8050247 0.5817822 0.2694182 0.5357043 0.0763666 0.4705578 0.1778696 0.4933349 0.3825044 0.03753777 0.009964978 0.0383591 0 0 0 0.02245085 0.07647313 0.1459343 0 0.02456786 0.319651 0.03045566 0 0 0 0.03848289 0.01132514 0.1139642 0.009964978 0 0.05889009 0.4258134 0.09563303 0.6090651 0.5742103 0.516242 0.1759124 0.002096603 0.3990792 0.5578655 0.4040199 0.09281903 0 0 0.06975485 0.7785559 0.9921153 0.7299017 0.2133438 0.1655018 0.3282927 0 0 0.2536793 0 0.09964979 0.03402214 0.01580275 0.005952165 0.07075832 0.4532778 0.1094853 0 0.01992996 0 0.007903971 0.03176815
0.2092645 0.3044766 0.257834 0.05505316 0.2286006 0.4688389 0.3224408 0.4053326 0.02707448 0.1167616 0.08876229 0.3898406 0.2309234 0 0.1412635 0.8089876 0.04823586 0.02318888 0 0 0 0.07656372 0.0008908518 0.003971681 0.0202886 0 0 0 0.02614574 0 0 0 0.05583742 0.4548878 0.2648394 0.01422084 0.1136604 0.2624431 0 0.03694352 0.0888554 0.06140784 0.05986885 2.3391e-005 0.1719456 0.3929633 0.1268445 0.3052172 0.05081448 0.01992996 0.03985991 0.0021285 0.2640871 0.3283206 0.2308594 0.0630932 0.03539199 0.04771011 0 0 0.1142713 0.02507659 0.06457217 0.01992996 0.0666092 0.09206115 0.03022529 0.1336621 0.0931652 0.0063175 0.003647478 0.001642346 0.04425467 0.07258783
0.07578041 0.0388727 0.01570086 0.03287421 0.1105494 0.05789501 0.1635475 0.372455 0.1003633 0.6505107 0.1102993 0.1397956 0.4123823 0.3946752 0.2811842 0.7027646 0.8842591 0.4014499 0 0 0.03985991 0.02308607 0 0.04377547 0.1106175 0 0 0.02395418 0 0 0 0.06966841 0.09575826 0.3103979 0.02550465 0 0.301853 0.4630958 0.0263815 0.2021597 0.01876666 0.3032531 0.06767482 0.08683313 0.3104416 0.1448391 0 0 0 0 0 0 0 0.2603098 0.365869 0.07770699 0.1948302 0.2347596 0 0.02989493 0.009964978 0.01478332 0.01514766 0 0.0820998 0.07757865 0.009964978 0 0.006614007 0 0 0.01239213 0.09846806 0.03783617
0.3151164 0.3403636 0 0.2589016 0.2652997 0.03302471 0.09055814 0.1187967 0.03574876 0.6852461 0.2043875 0 0 0.2902622 0.1607376 0.08385742 0.04290034 0.3054571 0.08251069 0.03616916 0 0.009964978 0.138629 0.3755608 0.1952937 0.1447804 0 0.00594076 0.1096148 0 0.01992996 0 0.08968481 0 0 0.08235903 0.2833813 0.1107852 0.1268705 0.07953391 0.1611684 0.1247448 0.1300231 0.2344467 0.2510361 0.3149713 0.0199332 0 0 0 0 0 0 0.001864659 0.00810032 0 0.1516563 0.0542768 0 0.03985991 0 0.009964978 0 0.1736625 0.2430524 0.1347854 0.01267894 0 0 0.009964978 0 0.009964978 0.009964978 0.02989493
0.08989922 0.01525318 0 0.1421319 0.1286517 0.1063899 0.03189725 0 0.181831 0.4813378 0.01219298 0 0.05380085 0 0.05727305 0.06705586 0.03808047 0.05529255 0.1661938 0.09563389 0.0556631 0.1834746 0.7875497 0.1405646 0.3698971 0.008822689 0 0.01992996 0.004481711 0.0701893 0.00504882 0.006074151 0.07971983 0.002529606 0.1883396 0.1352958 0.136461 0.1143954 0.01819796 0 0 0.05906544 0.6070595 0.8123279 0.4044277 0.49071 0.1697608 0 0 0 0 0 0.2259263 0.005929036 0 0.1702179 0.2700254 0.03212628 0.0762475 0 0.00441133 0.139788 0.1918551 0.3296045 0.3842112 0.005922597 0.2954088 0.06345991 0 0.02013707 0.01288378 0.009964978 0.009964978 0
0.4625773 0.05853066 0 0.1695691 0.05371316 0.367499 0.2262521 0.4745371 0.5092448 0.7364407 0.1953245 0.09809023 0.02576568 0.07987313 0.1607091 0.1219455 0.1019041 0.00890097 0.01062131 0.02589682 0.1372764 0.01020418 0.1585778 0 0.004989109 0 0 0.009964978 0 0 0.01992996 0.03378576 0.07988143 0.8072882 0.08668797 0.1022352 0.368099 0.3795889 0.03839245 0.0002309055 0.09906725 0.06861023 0.04246152 0.129728 0.1105975 0.4766065 0.1114728 0 0 0 0 0.08845739 0.4060293 0.03244065 0.04728361 0.1157844 0.0553412 0.4385588 0.03909563 0.0242972 0.06083304 0 0.1204128 0.5413 0.02884858 0 0.08441942 0.1140868 0.03661154 0.08655889 0.01992996 0.09232225 0.01218073 0
0.4020362 0.02899484 0 0.009520677 0.34159 0.1673629 0.06925494 0.07154258 0.1923608 0.3885202 0.01797114 0.217072 0.1557 0 0.002418346 0.01992996 0 0 0 0 0.03165145 0.02185572 0 0 0 0 0.07427707 0.02475794 0.005136992 0 0 0 0 0.3173359 0.04236081 0.2920479 0.5470142 0.5775536 0.4578063 0.1268449 0.30521 0.0909176 0.08810824 0.1601093 0.5064713 0.4653496 0.1472681 0 0 0 0 0.169706 0.2325403 0.1521981 0.05706642 0.08312005 0.06966624 0.2330116 0.01192347 0.03985991 0.004554562 0.005132042 0.1614466 0.8063685 0.1831648 0 0.009964978 0.009964978 0.009964978 0.04750464 0.00232025 0.0314631 0.1530183 0
0 0 0 0.1380063 0.16866 0.1810361 0.09423106 0.6114697 0.3843783 0.3078346 0.04101625 0.3134447 0.003728898 0.009964978 0 0.1195797 0.05413723 0.2388874 0.1760086 0.6444471 0.01447177 0.008569376 0 0.4044224 0.1987476 0 0.04493152 0.1966101 0.00536653 0.004598449 0 0 0.08106368 0.4881169 0.02069484 0.009134452 0.02063534 0.05833879 0.03155734 0.3224709 0.5111361 0.01098958 0.02037565 0.5478286 0.6783102 0.01899594 0 0 0 0 0.03802664 0.09077749 0.066112 0.0196039 0.1615185 0.9194713 0.4835207 0.04183626 0.09974826 0.02479166 0.07052654 0 0.04877603 0.09147886 0.06814256 0.1837799 0.2270073 0.01598993 0.007418474 0.01251148 0 0 0 0
0.0113439 0.08639499 0.01118452 0.09555688 0.1436026 8.912807e-005 0.01953568 0 0.01992996 0 0.03985991 0.02027908 0.07473101 0.6028611 0.3114462 0.02989493 0.1460002 0.008722644 0.03734013 0.3065913 0.3503838 0.006824869 0 0.110237 0.1807867 0 0.08300123 0.252968 0.1135774 0 0.2059502 0.4235273 0.3598613 0.3370256 0.002207838 0.192336 0.2765281 0.6613774 0.4095542 0.2906527 0.03234732 0.3023206 0.5019595 0.2500623 0.5210612 0.128214 0 0 0 0.1694046 0.03405916 0.02556894 0.02279149 0.2286878 0.7400547 0.2581609 0 0.1747685 0.1580774 0.05102541 0.01003743 0.03511142 0.03581927 0 0.1273679 0.05916867 0.007070061 0.2282517 0 0.009964978 0 0 0 0
0.04549256 0.742996 0.1381708 0.0009949948 0.1541706 0.2770369 0.1084708 0.1204783 0 0.06877137 0 0 0.2441711 0.8501416 0.3484398 0.3499862 0.2239003 0.1016283 0.003372074 0.08968481 0.1841927 0.3336663 0.05680849 0.4699331 0.2481376 0.3009751 0.6120334 0.2633633 0.2478112 0.08533002 0.2357238 0.3736502 0.6131661 0.5450772 0.00776502 0.669304 0.4734963 0.5666795 0.006863121 0.05890012 0.3843986 0.7483501 0.5260305 0.1002417 0.0196953 0.03919877 0 0.001678215 0.1079365 0.03850986 0.02989493 0.1838995 0.1244121 0.2369028 0.5802914 0.01399974 0.09992809 0.1662607 0 0.1634906 0.004259133 0.1594925 0.1471234 0.2801419 0.009964978 0 0.007434398 0.0423905 0 0 0 0 0 0.009964978
0.0200884 0.3874891 0.589182 0.5217703 0.4363493 0.3650523 0.3628759 0.6112364 0.3089683 0.3482227 0.01849774 0.03281603 0.03693882 0.5169146 0.4549557 0.2826457 0.5047286 0.3650602 0.2096184 0.03645058 0.2961273 0.5281185 0.1042221 0.002518642 0.1736914 0.2829963 0.1552332 0.7004233 0.6916674 0.06414466 0 0.2432889 0.1401073 0.1279382 0.09056462 0.2825389 0.1485439 0.01774636 0.3813787 0.4992333 0.7684696 0.177767 0.01166838 0.08981457 0.04982489 0 0.001712202 0.04016424 0.01791343 0.02743554 0.3919493 0.3584059 0.2979006 0 0.1725766 0.01593929 0.007950295 0.101789 0.05594706 0.1019737 0.04572859 0.02402626 0 0.003353667 0.3015308 0.2762853 0 0 0.00822522 0.001739759 0 0 0 0.009876973
0.6530663 0.1871419 0.4428922 0.8458496 0.5316759 0.5107058 0.333869 0.1205615 0.03091873 0.1610683 0.1879878 0.2846879 0.345928 0.4403363 0.2541142 0.05497007 0.3138529 0.45107 0.4197195 0.4664782 0.5066082 0.09596049 0.2766662 0.3659053 0.3937003 0.01981465 0.12106 0.7560075 0.2980649 0.007427027 0.06975485 0.133733 0.2519379 0.3574516 0.2426499 0.02374045 0.2212817 0.01614434 0.1240909 0.6470608 0.2021174 0.2422524 0.08904927 0.110406 0.1721944 0.05501134 0.08535089 0.06142519 0.2956613 0.2457685 0.5827048 0.1993203 0.02428486 0.01992996 0.1394885 0.01554893 0.0314816 0.0116858 0.2834916 0.1423811 0.1037902 0.009964978 0.01057122 0.1325789 0.6857315 0.2860943 0 0 0 0 0 0.002852361 0 0.009964978
0.7061104 0.4301952 0.9143663 1 0.8224661 0.9017525 0.9897802 0.6891825 0.4453646 0.2783073 0.02311816 0.3641499 0.2746952 0.152271 0.009964978 0.0225894 0.09472357 0.4430393 0.1272524 0.5449073 0.2592677 0.1235343 0.4804496 0.3210019 0.2354368 0.05180621 0.115402 0.1368047 0.1689565 0.3558701 0.1986472 0.626043 0.5146682 0.5425035 0.07616495 0.1490553 0.8089111 0.6107043 0.00106784 0.0312289 0.1980775 0.214158 0 0 0 0 0 0.4777329 0.3780414 0.3288468 0.03329288 0.1540501 0.0583077 0.01960729 0.03285614 0.04523567 0.02989493 0.01554526 0.09406951 0.02821854 0.1132394 0.02989493 0.1904649 0.530379 0.7888287 0.09244987 0.02431212 0.1353292 0.1038302 0.006968661 0 0.01684937 0.1497029 0
0.001680727 0.5489899 0.2627728 0.3777171 0.4957302 0.6791051 0.7782418 0.1932223 0.3081832 0.2805226 0.1043642 0.3314779 0.4906286 0.06976755 0.1865343 0.009964978 0.170539 0.1033591 0.3150055 0.8860545 0.664125 0.2499387 0.5127692 0.4992279 0.3774784 0.2234011 0.07184561 0.6827683 0.2397551 0.616191 0.3752474 0.8363371 0.7947624 0.2615359 0.08901792 0.6299013 0.9613709 0.8395801 0.08116555 0.02729384 0 0 0 0.003133864 0.1220013 0.3422703 0.01227573 0.134138 0.08682925 0.6524329 0.54167 0.01735843 0.01428386 0.03143645 0.1408954 0.04500145 0.0254141 0.1041306 0.06572653 0.2618009 0.07984637 0.009964978 0.2109674 0.7097252 0.4505054 0.1857659 0.06569608 0.01874467 0.02111525 0.02292627 0.02954455 0.05017528 0 0
0.1679676 0.1312712 0.2086573 0.04296246 0.1376754 0.1396312 0.709282 0.2770297 0.6051111 0.3801902 0.4412139 0.1896458 0.29364 0.19371 0.1329262 0.009964978 0.1633738 0.2768424 0.7145549 0.8552325 0.4720729 0.5134568 0.03630475 0.3833264 0.3654707 0.3481221 0.1195322 0.3781242 0.1293616 0.2618335 0.8799611 0.801178 0.2520696 0.04026834 0.5791699 0.9593213 0.9243682 0.1149496 0.0001572152 0 0 0 0 0 0.05989058 0.06079714 0.009964978 0 0 0.05338911 0.1854132 0.02989493 0.03985991 0.003474479 0.06858415 0 0.02989493 0.08574251 0.1035921 0.03910203 0 0.06124721 0.06911904 0.06734101 0.08170042 0.453476 0.504168 0.06721392 0.2018405 0.02989493 0.04982489 0 0 0
0.04660682 0.08706144 0.672739 0.3876105 0.01046657 0.0006093925 0.6555319 0.897911 0.7985898 0.4321159 0.672763 0.5718839 0.1911193 0.03638912 0.009107941 0.2530763 0.07673603 0.2577166 0.6466673 0.4827624 0.3234417 0.4526519 0.09383108 0.1053966 0 0.00838735 0.006667081 0.08375765 0.5377355 0.7245765 0.6963223 0.3919476 0.06277242 0.256025 0.783103 0.9734575 0.3562455 0.0004864952 0.1708693 0 0 0 0 0.07877213 0.3905234 0.005027796 0.01490216 0 0.1608678 0.2606559 0.05460508 0.04982489 0 0.05759935 0.06223502 0.1295447 0.009964978 0.006785539 0.01656835 0 0.03985991 0.008507636 0.1007092 0.0542238 0.005177672 0.4253648 0.173752 0.05084608 0.02686084 0.04048855 0.0001961222 0.01280693 0 0
0 0.1145338 0.241756 0.03641622 0.07598633 0.1026865 0.2016971 0.1823428 0.7333051 0.2583764 0.3323881 0.4906489 0.2295129 0.05905565 0 0 0.06882527 0.06448133 0.1166394 0.004995781 0.508325 0.8834439 0.1040483 0.2842406 0.02989493 0.0148828 0.2064354 0.1214071 0.04522868 0.2120072 0.1234255 0.05672432 0.7155133 0.8878471 0.9455261 0.1977615 0 0.05978987 0.1316364 0.2153727 0 0.001879512 0.2641304 0.2356689 0.0810676 0.09434582 0 0.2499597 0.3519354 0.08901542 0.0873669 0 0 0.2328257 0 0 0 0.08917054 0.0737292 0.009964978 0 0 0.0344016 0 0.01992996 0.03791154 0.001948372 0.02356189 0.6218398 0.140075 0 0.006926906 0 0
0.08669803 0.3025478 0.2163749 0.7844468 0.7624727 0.8769625 0.3675389 0.2084226 0.07929231 0 0.01019737 0.2318047 0.7742718 0.6126636 0.4621555 0.1255801 0.0806935 0.02545104 0.09554841 0.4073645 0.5215499 0.6773997 0.5858667 0.3347077 0 0.007029933 0.03282998 0.0687681 0.4505862 0.02897156 0.0285596 0.2207276 0.992403 0.5510302 0.3379424 0.07759783 0 0.009964978 0.09429187 0.07875068 0.009964978 0.2547995 0.5270602 0.5295346 0.2490782 0.007169866 0.009964978 0.1189915 0.009964978 0.1002831 0.0458857 0.01499448 0.2537673 0.2740031 0.3492244 0.1316472 0.2129988 0.5629001 0 0 0.08584353 0.0160154 0.03380949 0 0.03985991 0.01992996 0.009464276 0.05588734 0.3892165 0.08429603 0.06233046 0.009964978 0 0.01167263
0.8108223 0.6244854 0.6272538 0.6234561 0.5782973 0.5889593 0.5692619 0.1136286 0 -9999 0.002673226 0.007291752 0.2382535 0.2860263 0.3877314 0.24349 0.07479989 0.2249297 0.2647007 0.01267568 0.07593381 0.7212879 0.9185719 0.2708412 0.02380655 0.006088383 0 0.05066746 0.7930297 0.579702 0.00396032 0.06187117 0.3939598 0.1843419 0 0.1427102 0.256269 0.03985991 0.02625703 0 0.1295447 0.07455274 0.06562727 0.1817765 0.01659125 0.02657125 0.01328867 0.02051823 0.05387628 0.1325181 0.1229536 0.4864043 0.225743 0.3364161 0.1411562 0 0.004932595 0.01944778 0 0.08146074 0.02843466 0.05978987 0.009964978 0 0 0.01992996 0 0.01041681 0.201166 0.2281468 0.09809094 0.02989493 0.01577319 0.05404652
0.06207616 0 0 0.0280545 0.02662617 0.3909281 0.08388133 0 -9999 -9999 -9999 -9999 -9999 0.03099217 0.09371962 0.4161826 0.5418464 0.4844066 0.366607 0 0.5044321 0.8730206 0.957405 0.2129664 0 0.009964978 0.09331894 0.5814506 0.8437554 0.8706474 0.3370633 0.1741502 0.003786415 0 0 0.117034 0.1933504 0.08096144 0.04982489 0.01636307 0 0.05192255 0.233608 0 0.04020373 0.03053524 0.0198249 0.009469562 0.03896023 0.6582893 0.7326798 0.2114905 0 0 0 0 0 0 0.01754115 0.01591443 0 0 0 0 0.01992996 0.009964978 0.009128049 0 0.005850755 0.1492529 0.1983872 0.1029516 0.09384158 0.0414639
0.05746956 0.03162327 0.06392947 0.3984963 0.009782039 0 -9999 -9999 -9999 -9999 -9999 -9999 -9999 0.01687646 0.08968481 0.0177645 0.1674092 0.2104846 0.3038079 0 0.2770272 0.2860824 0.2680138 0.295525 0.04551599 0 0.2148962 0.6384689 0.6802456 0.5280571 0.5096289 0.486338 0.5278473 0.07971983 0 0.01992996 0.1542116 0.4253924 0.1547126 0.0932517 0 0 0.130449 0.3133639 0.1202132 0.07829098 0.02003501 0.1678733 0.6457325 0.9496375 0.54681 0 0 0 0 0 0.05418154 0.2291945 0 0 0.009964978 0 0.04982489 0.02989493 0.0196794 0.0002505619 0.07059178 0 0 0.01312206 0.170812 0.2049491 0.03985991 0.04982489
0.1217054 0.01784299 0.1015862 0.8782405 0.06331948 -9999 -9999 -9999 -9999 -9999 -9999 -9999 0.02412268 0.311067 0.07642788 0.1275814 0.305496 0.1420384 0.2182766 0.006192888 0.256013 0 0 0 0 0 0.4834825 0.6845829 0.0785696 0.4565264 0.06514236 0.01396291 0.01008706 0.01992996 0.2018034 0.1218784 0.04234846 0.04344908 0.1098776 0 0.1975032 0.1711314 0.146467 0.2244958 0.4378125 0.02989493 0 0.04982489 0.7986382 0.4040325 0.06735892 0.08983935 0 0 0 0 0.2695191 0.01252003 0 0 0 0.01809733 0.001832626 0.009964978 0 0 0 0 0 0.08862224 0.2079267 0.01652962 0.01992996 0.002874232
0 0.1633514 0.6223213 0.2074351 0.08921191 -9999 -9999 -9999 -9999 -9999 -9999 -9999 0 0 0 0.001987787 0.0211754 0.3152475 0.03121579 0 0 0 0.1415412 0.4491201 0.2502576 0.07119101 0.5791776 0.452104 0 0.3020884 0.2645595 0.4408693 0.02964082 0 0.1679799 0.4101786 0.4743438 0.5147252 0.3692649 0.02752048 0.1491953 0.2362301 0.1036252 0.2168186 0.05923378 0.1008635 0.08520609 0.1523027 0.1755568 0.5600361 0.4788561 0.1876011 0 0 0 0.05993082 0.1120624 0 0 0 0 0 0 0 0.00528885 0 0.0008785729 0.03898134 0.04126907 0.1543179 0.01831884 0.04780709 0.03985991 0.06688062
0.001009235 0.2089212 0.0157171 0.01337612 0.03321648 -9999 -9999 -9999 -9999 -9999 -9999 0 0.008936207 0.3721539 0 0 0.03155676 0.1224186 0.1962052 0.1877428 0.03691263 0.03284222 0.0578744 0.004850041 0.1035831 0.2285636 0.1492671 0.3633232 0.009400262 0.1355816 0.08670503 0.003880171 0.0215214 0.1347302 0.451978 0.2451065 0.04456902 0.1247441 0.04773476 0.02989493 0.5681089 0.2968487 0.07778124 0.09048433 0.2093359 0.3648711 0.289261 0.7501975 0.7663167 0.5835457 0.8931614 0.1427819 0.3652397 0.01917411 0 0.05931027 0.02399656 0 0 0 0 0 0 0 0.01464111 0 0.1268543 0.05199772 0.01992996 0.02595934 0.07971983 0.02989493 0.01992996 0.04281519
0.01126048 0.06845935 0 -9999 -9999 -9999 -9999 -9999 -9999 -9999 0 0.4339484 0.2170912 0.5058135 0.04033253 0.09785333 0.04787229 0 0.02648233 0.09530136 0 0 0 0 0.09808093 0.04982489 0.04370933 0.1804948 0.5517052 0.4198272 0.2421843 0.02601476 0 0.02790855 0.04850718 0 0.07706279 0.2644546 0.007348347 0.002000818 0.08159838 0.1796626 0.04841475 0.4174773 0.5361906 0.09049508 0.6905831 0.9491066 0.8296444 0.3870615 0.2769174 0.6128323 0.2437856 0 0.1436696 0.9786342 0.1642617 0 0.03985991 0.009964978 0 0 0.009964978 0.01133606 0.06017181 0.09578859 0.02025469 0.05281301 0.004392792 0.0044419 0.06531295 0 0 0
0.1619924 -9999 -9999 -9999 -9999 -9999 -9999 -9999 -9999 -9999 0 0.4983327 0.8389502 0.5473754 0.1821008 0.3878313 0.1052908 0.02663323 0.4164932 0 0.03985991 0.1893346 0.1415811 0 0 0 0.01396573 0.1491591 0.05654047 0 0.00572609 0 0 0 0.0386848 0.08005018 0.04322161 0 0.01299003 0.04876339 0.001604837 0.05526367 0.03563008 0.5560946 0.5259877 0.05592708 0.6322253 0.9857535 1 0.6200895 0.2869186 0.4088125 0.04811488 0 0.05848607 0.3409115 0.004684986 0 0 0.00938989 0.01054007 0 0 0.02158781 0.04641403 0.07588357 0.04537209 0.1208032 0.02366864 0 0 0 0 0
0.15977 -9999 -9999 -9999 -9999 -9999 -9999 -9999 -9999 -9999 0.03892454 0.4408062 0.9507689 0.9539291 0.4609453 0.4161462 0.473616 0.1590006 0.4873477 0.07617872 0.01992996 0 0.296878 0 0 0 0 0.00966776 0.009964978 0 0 0 0.0006147773 0.03482906 0.07785207 0.08968481 0.06422903 0.009964978 0.009964978 0.04845576 0.1497467 0.07129261 0.04705521 0.3552382 0.03842169 0.1865707 0.6596382 0.9219596 0.7599943 0.7963181 0.6143853 0.3108988 0.03983305 0.1994554 0.532869 0.04576539 0 0 0 0 0 0 0.04629695 0.04925279 0.006068258 0.03443749 0.06975485 0 0.009964978 0 0 0.02989493 0 0.009964978
-9999 -9999 -9999 -9999 -9999 -9999 -9999 -9999 -9999 0.009869251 0.02936517 0.09827559 0.2263583 0.8193828 0.9242752 0.8242752 0.5405278 0.5560444 0.6866236 0.2228992 0.02989493 0.009964978 0.009964978 0.06891944 0.3180313 0.01992996 0.2091842 8.035948e-005 0.01657864 0.07805687 0.05096184 0.0102693 0.04681813 0.1609215 0.08618066 0.1255794 0.0835771 0.04708824 0.07829031 0.4910402 0.6174806 0.2292078 0.05517521 0.3376981 0.1733131 0.2755438 0.9198642 0.8465991 0 0 0 0.153502 0.0771733 0 0.003802042 0 0.03985991 0 0 0.01992996 0.009964978 0 0.004100055 0 0.05807064 0.07082824 0.04982489 0.002406031 0.01752393 0 0.03985991 0 0.04376156 0.01602832
0.07341822 -9999 -9999 -9999 -9999 -9999 -9999 -9999 -9999 0.3092329 0.7477302 0.5493116 0.3144285 0.1835417 0.3978522 0.307377 0.8160244 1 0.3957267 0 0 0.005885813 0.02367682 0.2685573 0.6060509 0.3319139 0.1213706 0 0.1036296 0.3734411 0.0308295 0.09106761 0.0700852 0.02654976 0.1706246 0.1258191 0.1090319 0.06795322 0.1956471 0.2495112 0.1848312 0.2039988 0.3831861 0.5445951 0.1772558 0.0412058 0.275573 0.4112879 0 0 0 0.1329615 0 0 0.1060505 0 0 0 0 0 0.02989493 0.01992996 0 0.009964978 0.009964978 0.01516806 0.07469769 0 0 0 0.01349218 0.006437775 0 0.04448226
0.5959509 -9999 -9999 -9999 -9999 -9999 -9999 -9999 -9999 0 0.8741257 0.9585088 0.4757724 0.2864615 0.4160002 0.09047928 0.414931 0.2661851 0.2787573 0.2714649 0.1514653 0.3234192 0.53341 0.6754647 0.8307608 0.8507426 0.6452993 0.3108387 0.4776214 0.3133241 0.5147544 0.5732793 0.5762904 0.8529508 0.9066704 0.8552464 0.8992906 0.206693 0.7419183 0.6622268 0.5916154 0.4646153 0.7703813 0.6403893 0.08700392 0 0 0 0 0 0 0.02808905 0 0 0.07331913 0 0 0 0 0 0.02989493 0 0 0.009964978 0 0.004761897 0.04488205 0.01992996 0 0.009964978 0.04166178 0 0 0
0.1218292 -9999 -9999 -9999 -9999 -9999 -9999 -9999 -9999 -9999 0.03940619 0.6455231 0.57637 0.3101864 0.5886766 0.2145983 0.7902732 0.2976842 0.3375061 0.2900814 0.1451435 0.1653298 0.9676039 0.9962502 0.990035 0.9631612 0.3198326 0.08536273 0.4749504 0.9519184 1 0.7733371 0.7942252 0.7161952 1 0.9460083 0.9466788 0.3169974 0.3921033 0.05461628 0.8383867 0.6161215 0.5410461 0.739912 0.01801698 0.009964978 0 0.05003137 0 0.1594397 0 0.09149069 0 0 0 0 0 0 0.02989493 0 0.009964978 0 0 0 0 0 0.009964978 0.003316873 0.02657806 0 0.104438 0.1019361 0.0167429 0.1900213
0.2050758 -9999 -9999 -9999 -9999 -9999 -9999 -9999 -9999 0 0.02456052 0.2379081 0.3366534 0.5348177 0.2168037 0.5479315 0.1777241 0.01788597 0.02285458 0.2894177 0.7882947 0.4180411 0.7951127 0.7433882 1 0.9969065 0.8132135 0.833286 0.9003502 1 0.9777061 0.3492596 0.5865451 0.8636315 0.4116237 0.09098662 0.04502496 0.4334126 0.1333563 0.009964978 0.2455402 0.5454481 0.03318114 0.1650803 0.02376078 0 0 0.07951335 0.04533664 0.02441821 0 0 0 0 0 0 0 0 0 0.01992996 0 0 0.009964978 0 0 0 0 0.009964978 0 0.01442253 0.05978987 0.2433794 0.02935044 0.009964978
-9999 -9999 -9999 -9999 -9999 -9999 -9999 -9999 -9999 0.2816506 0.2463413 0.07077316 0.06727574 0.2662735 0.2407261 0.2968486 0.3389491 0.5755569 0.2003672 0.2418494 0.2656747 0.5684812 0.8801743 0.4221779 0.1604964 0.383588 0.4908113 0.829764 0.7013145 0.5211082 0.1229575 0.1621825 0.5848857 0.4931501 0 0 0.1641781 0.4508897 0.2657244 0.009964978 0 0.2044565 0.3259551 0.104145 0.05665374 0.0436507 0.07711428 0.002605553 0 0 0.02989493 0 0 0 0 0 0 0.03985991 0 0 0 0 0 0 0 0 0 0.009964978 0 0.005507432 0 0.003931445 0 0
