EnvRasters/GE_High/dcdsfrs.asc
ncols         270
nrows         223
xllcorner     24099.479091542
yllcorner     21023.840179216
cellsize      1003.8986847201
NODATA_value  -9999
[rows 33 to 65 of 223, columns 148 to 221 of 270]
0.07614327 0.09243423 0.23469 0.02422486 0.005300124 0.1157991 0.300713 0.07678569 0 0.009964978 0.07897187 0.07312971 0 0 0 0.009964978 0.01972184 0.05617427 0.03014721 0.1624048 0.2482941 0.009964978 0 0.08156902 0.03801072 0 0.04739769 0.02343048 0.006725146 0.02746501 0.004646033 0.008264626 0 0 0 0 0.05912499 0.182684 0.111836 0.006208725 0 0 0 0 0 0 0 0 0.009964978 0.01016755 0 0.01441522 0.02544469 0 0 0.02308471 0.08005468 0.04337374 0.3411545 0.5494735 0.1209968 0.07724836 0.02240143 0.03974479 0 0.01878886 -9999 -9999 -9999 -9999 -9999 -9999 -9999 -9999
0 0 0.02989493 0.03985991 0.0101155 0.04481103 0.01481707 0.07971983 0.009964978 0.01992996 0.03985991 0.04632043 0 0.04903692 0.1303327 0.07971983 0.007813768 0 0.009964978 0.07582601 0.05112458 0 0.0003514422 0.0007908263 0.009964978 0.01675397 0.02310594 0.009964978 0.0007686337 0.01022007 0 0.001700352 0.04253257 0.04982489 0.04982489 0.02958005 0.0003148877 0.003209748 0 0.02368621 0.001284818 0.09836497 0 0 0 0.009517537 0 0.137133 0.01651485 0.02621055 0 0.01992996 0.02789486 0.004950169 0.02989493 0.1758551 0.01992996 0.01318469 0.4462661 0.2153598 0.1156426 0 0.01992996 0.0100801 0.03985991 0.0404899 0.01992996 0 -9999 -9999 -9999 -9999 -9999 -9999
0.02989493 0.01992996 0 0.01992996 0.05433922 0.1568011 0.1084328 0.02304664 0.1183648 0.06201397 0.03573412 0.06707925 0.2217854 0.150764 0.04220407 0.01625434 0 0 0.02175764 0.1999021 0.02348896 0.005857951 0.00970967 0.02315002 0 0 0 0 0.02989493 0 0.1168072 0.0681994 0.04186131 0.009964978 0 0.03713338 0 0 0.01992996 0 0.009964978 0.009964978 0.009964978 0 0.1846699 0.03491275 0.009964978 0.06465979 0.05481023 0.009964978 0 0.1294952 0.01702942 0.02532445 0.04982489 0.1111625 0.01992996 0.01671025 0 0.1065678 0.06743661 0.03049725 0 0.02837043 0.01148948 0.05865145 0.0614394 0.008927771 0.03500843 0.008381265 -9999 0 0 0.007366326
0.05941311 0.01034174 0.009964978 0 0.04062238 0.08456209 0.02325859 0.06151737 0.2095949 0.08002415 0.01756778 0.02637569 0.04782441 0.127948 0.04103452 0.05598414 0.0122815 0.004744741 0.03328749 0.03829248 0 0.03985991 0.04983949 0.02744932 0.003290182 0 0 0 0 0.008924392 0.1199024 0.0698695 0.1387264 0.04982489 0 0.04258645 0 0 0 0.02258292 0.04207047 0 0 0.01992996 0.05988422 0 0 0.01616972 0.05357951 0 0 0.1201027 0.009442003 0.1268288 0.07447011 0.04758006 0.1119399 0.07296723 0 0.01992996 0.009964978 0.00936267 0.01992996 0 0.02939675 0.06875906 0.2681729 0.1544078 0.3506814 0.3659702 0.06664131 0.007173798 0.01992996 0.002598652
0.06009419 0.1462684 0.07937025 0 0.01670774 0.2039626 0.005017402 0.02460905 0.02989493 0.004340776 0 0.04982489 0.03898237 0.04766544 0.04593312 0.009964978 0.02757842 0 0.002768663 0.0007861471 0 0 0.02903577 0 0.009964978 0.02989493 0.01992996 0.1194561 0.09567931 0.183609 0.02989493 0.01917849 0.0007514722 0.009964978 0.01992996 0 0 0.08794345 0.08501375 0.1103541 0.03425705 0.009964978 0.009964978 0.00310864 0.02199262 0.01992996 0.143341 0 0.107888 0.2147257 0.01992996 0.06590815 0.04370661 0.05311602 0.05410775 0.02656269 0.1217993 0.04385601 0.05135283 0.02119765 0.009964978 0 0 0.08780688 0.1206345 0.02137825 0.2500813 0.2567818 0.2245887 0.2713857 0.3153646 0.01052965 0 0
0 0.003568301 0.01601772 0.03296093 0.2566544 0.182752 0.004947576 0.01525087 0.04982489 0.005624202 0.03985991 0.009964978 0.05978987 0.006873358 0 0 0 0 0.01271382 0.003661331 0.01992996 0 0 0.02760883 0.002847773 0.007673811 0.02222112 0.03907271 0.02161247 0.01992996 0 0.03679337 0.02989493 0 0.01757693 0.03724664 0.009964978 0.1737894 0.04188754 0.01992996 0.009964978 0.009964978 0.009964978 0 0.05461857 0 0.04067377 0.02989493 0.05568555 0.006277045 0.01992996 0 0.009964978 0.03894844 0.1514561 0.1068959 0.009964978 0.07546601 0.1283211 0.07813552 0.003583862 0.01992996 0.04982489 0.009351318 0.0006136606 0.0298887 0.05915843 0.09869982 0.04843976 0.2137192 0.2536185 0.04120134 0.144112 0.1406618
0.05989047 0.04568525 0.05373713 0.009964978 0.0137657 0.07046492 0 0 0.005703166 0.01422679 0.006816376 0.1663192 0.1096148 0.01325355 0.01992996 0 0 0 0 0 0 0 0.01706412 0.05271113 0.009964978 0 0.008257512 0.0809259 0 0.01924646 0.02061346 0.06285641 0.0680468 0 0.1104213 0.0250544 0.02670177 0.009964978 0 0.009964978 0.03985991 0.01992996 0 0 0.06369729 0.006057554 0.005319775 0.06409114 0.02989493 0 0.04982489 0.08313628 0.03928909 0.01102464 0.02484645 0.02989493 0 0.009964978 0.07710204 0.08800842 0.04982489 0.06871471 0.01100512 0 0.05978987 0.06998406 0.04026839 0.01091495 0.04978763 0.1054283 0.3308345 0.04018187 0.07204232 0.1075887
0.02741476 0.05261623 0.1140492 0 0.02186351 0.01029533 0.0326634 0.04479253 0 0.01441901 0 0.05605889 0.06975485 0.02988932 0.01992996 0 0.009964978 0 0 0 0 0.01992996 0.01844732 0.08718387 0.1727988 0.06178681 0.03009184 0.0202423 0.009964978 0.04852074 0.09644143 0.1199473 0.1315571 0.127771 0.08238281 0.008866604 0 0 0.001593998 0.007559731 0.007449067 0 0 0 0 0 0 0.06491695 0.01484931 0.01992996 0.05566237 0.1501857 0.06305377 0.08015428 0.01304938 0.101886 0.0349245 0.2116571 0.1822425 0.08488572 0 0.009964978 0 0 0 0 0 0 0.03219648 0.03985991 0.03180192 0.1022998 0.009964978 0.02989493
0.08678472 0.1483528 0.1854783 0.06811766 0 0 0 0 0.03920815 0.1096872 0 0 0.04441025 0.04199161 0.03985991 0 0 0 0 0.001846009 0 0.06713119 0.04237385 0.1452625 0.04317943 0.009964978 0.1494668 0 0.06923546 0.05102927 0.1331976 0.02991341 0.009964978 0.001921862 0 0.05978987 0.1096148 0.01992996 0.01076473 0.02245736 0 0 0 0 0 0.01006343 0.05978987 0.01558226 0 0.04982489 0 0.08523678 0.02431635 0 0 0.02262918 0.03205099 0.05807893 0.06831352 0.1244037 0.04013822 0.0103734 0.0003635195 0.02098512 0 0.009964978 0.01992996 0 0 0.01992996 0.05201814 0.1028645 0.01792216 0
0.1823609 0.4000294 0.02017896 0.03122852 0.004566557 0 0 0 0.1102665 0.01328573 0.04197766 0.06975485 0.009964978 0.02343589 0 0 0 0.01992996 0 0.008118969 0 0 0.06876764 0.01079043 0.009964978 0.0002268962 0 0 0.009964978 0 0.01992996 0.02732993 0.01992996 0.02989493 0 0.009964978 0 0 0.01992996 0 0 0 0 0 0 0.05970597 0.005024553 0.009964978 0.009964978 0.09964979 0 0.02102325 0.1285131 0.01242782 0.02846307 0.03581927 0.06167446 0.06025539 0.03269729 0.02073592 0.01019123 0.08983462 0.1710486 0.09900144 0 0.009851321 0 0.04847854 0 0.0686728 0.1217836 0.2113128 0.2187779 0.3292162
0.09568125 0.08943041 0.1276368 0.1654301 0.09282942 0.01552119 0.02322686 0.05649297 0 0.009964978 0 0.004020791 0.009964978 0.006459049 0.1850491 0.02596309 0.02100602 0.009964978 0 0 0.02740936 0.04234549 0 0.009139528 0.009964978 0.01970306 0.02007316 0.009964978 0 0.04077616 0.2641047 0.2281033 0.06240883 0.04875468 0.03241693 0.00382046 0.04359728 0 0.009964978 0 0 0 0 0 0 0.05475076 0.02989493 0.009964978 0.0141657 0.02989493 0.009964978 0.01992996 0.003315899 0.09739071 0.06101796 0 0.009964978 0.08779461 0.1329974 0.2277453 0.001895404 0.01992996 0.06842072 0.02071598 0.1197539 0.1486225 0 0.03124129 0.009964978 0.06106506 0.1826423 0.2294067 0.2117697 0.36709
0.09324737 0.004131201 0.09931815 0.09916165 0.1244031 0.004408767 0 0 0.03463878 0.006581462 0.03702911 0.02112572 0.01747224 0.04322708 0.05800314 0.0859249 0.002722951 0.03247878 0 0.01747837 0.002451587 0 0 0.04982489 0.0281131 0.001781834 0.009821774 0 0 0.01114834 0.1722547 0.08455031 0.02872063 0 0.1653339 0.01051136 0.04172068 0 0 0.009964978 0 0 0 0 0 0 0.009964978 0.03985991 0.06555413 0.009964978 0 0 0.006649079 0.02290192 0 0 0.05972021 0.05211183 0.01992996 0.1190718 0.0691885 0.05118418 0.08998913 0.1991246 0.06006818 0.1149485 0.2143821 0.03672258 0.0276778 0.001186265 0.01135944 0.009964978 0.5085713 0.2590944
0.1394589 0.2007401 0.03115217 0.04140602 0.03542332 0 0.009964978 0.004199785 0.04088126 0.1123197 0.1268545 0 0.01345815 0.02549232 0.003384973 0.06590921 0.01992996 0.031598 0.005678071 0.007851705 0.07186812 0.009964978 0.02066316 0.1149543 0.1911186 0.0205216 0 0.009964978 0 0.01992996 0 0 0.01032642 0.008148029 0.02217339 0.08744137 0.08257286 0.05512634 0.1171529 0.08156515 0.1400592 0.07971983 0 0 0 0 0 0.009964978 0.1292049 0.03257801 0 0 0.009964978 0.006993013 0.01992996 0.05741477 0.04998273 0.08174931 0 0.3261421 0.1221641 0.1083516 0.02176338 0.06849356 0.1026745 0.1780831 0.2411035 0.1179719 0 0.009964978 0.009964978 0.08697908 0.2245626 0.07738094
0.07067904 0.287945 0.05030044 0.09930849 0.01399463 0.01956389 0.02153986 0 0.02922444 0.05577419 0.005669164 0.009964978 0.09139688 0.03814784 0.0564049 0.02377559 0.008498541 0.02705714 0.02291103 0.03985991 0.01992996 0.01119861 0.4010141 0.7091025 0.413635 0.009964978 0 0.02989493 0.009964978 0.1100725 0.04879081 0.06857999 0.1011053 0.02989493 0.02989493 0.2546152 0.1000233 0.06189768 0.09386626 0.07344206 0.005416214 0.009159307 0.006187888 0.008674975 0 0 0.03863095 0.0776259 0.08625389 0.03183968 0 0.03985991 0.008007579 0.0019574 0 0.08229019 0 0.1017721 0 0.01693799 0.1072474 0.0207115 0.03907837 0.1309813 0.008418641 0.02219369 0.2242331 0.3117504 0.009964978 0.009964978 0 0.009964978 0.1420102 0.01742947
0.1113617 0.1917717 0.01707262 0.08088333 0.1355675 0.07732169 0.1822304 0.1865202 0 0 0.01992996 0 0.009964978 0.05348489 0.189262 0.09575837 0.271139 0.1176383 0.1089099 0.0486478 0.009964978 0.1525046 0.2320031 0.1361007 0.07846335 0.01116932 0.03009373 0.06139544 0.04821932 0.0504012 0.08968481 0.02110482 0.002363454 0.05002512 0.07576918 0.1812722 0.01992996 0.02276541 0.07975878 0.06502594 0.08082744 0.1053236 0.1136962 0.09823911 0.06856319 0 0 0 0.1308761 0.02312696 0.006528136 0 0 0.009964978 0 0.007394614 0.009964978 0.09550245 0.01215959 0.08947793 0.001448883 0.01848107 0.02140618 0.01799132 0.02989493 0.07447592 0.09062582 0.07784893 0.03638455 0.04879832 0.1043374 0 0.2665023 0.1524298
0.01210151 0 0.02028955 0.1092552 0.1894541 0.03857465 0.01444827 0.009964978 0 0.02989493 0 0.09703736 0.2498428 0.03619992 0.1215956 0.2120186 0.2085668 0.3515063 0.03634729 0.08358486 0.05156587 0.04101826 0.02216083 0.07220029 0.09020001 0.2279424 0.1488085 0.02989493 0.04982489 0.09980434 0.05940427 0.04008053 0.02552129 0.02989493 0.06975485 0.05100438 0.04649641 0.08081145 0.07994322 0.01936184 0.02317671 0.08492632 0.1059744 0.05028236 0.01864979 0.005395749 0 0 0.05343913 0.02989493 0.0577647 0.001941476 0.01992996 0 0 0 0.04935965 0.01084268 0.1072101 0.03244347 0.03731138 0.03985991 0.01486209 0.1146826 0.02232713 0.2421969 0.104178 0.03026497 0.1889013 0.1281056 0.05756797 0.04280867 0.1588936 0.02514122
0.009964978 0.03985991 0.01992996 0.01992996 0.08603497 0.207352 0.3353958 0.2692197 0.02989493 0.02577936 0.06311172 0.1074996 0.2416284 0.2567316 0.02195696 0.07769283 0.2779557 0.2015265 0.009964978 0.03985991 0.009964978 0.004882662 0.09665784 0.07803546 0 0.01992996 0.04141688 0 0.02961406 0.0414421 0.01047274 0.01023086 0.002028251 0.01992996 0.03275483 0.04724564 0 0.03985991 0 0.04669278 0.05198936 0.0400081 0.06820675 0.05748705 0.09600811 0.0516257 0.07494532 0.06209133 0.2512145 0.1087269 0.02188388 0 0.009964978 0 0.01941398 0.0005159766 0.009964978 0.05978987 0.1713075 0.002934583 0.1257521 0.02858495 0.1703186 0.009964978 0.0402274 0.1944021 0.05477697 0.08968481 0.0459488 0.1047835 0.03435228 0.06679814 0.02989493 0.009964978
0.01696768 0 0.006661929 0.01269388 0.02347262 0.02664267 0.274738 0.1794027 0.09530795 0.04420175 0.03068867 0.2814369 0.1690147 0.01501212 0.1210141 0.01992996 0.09125319 0.1379122 0.3265294 0.07791352 0.06354775 0.04494223 0.01992996 0.01048919 0.02034238 0.01053728 0.1279878 0 0.02008025 0.009574384 0.0721172 0.08763727 0.02713316 0.06990116 0.1283653 0.06607538 0.1082053 0.05468868 0.02989493 0.04164034 0.01177696 0.05270439 0.07437962 0.1117023 0.1104562 0.01992996 0.1619375 0.05729558 0.005485693 0.1093803 0.07327794 0 0 0 0 0 0 0.009964978 0.06084992 0.0513895 0.3083059 0.204146 0.1529801 0.1110411 0.05224494 0.126728 0.4417722 0.06625457 0 0.03694687 0.1407783 0.01992996 0 0
0.009964978 0 0.01326803 0.0402513 0.07772296 0.02522885 0.004344013 0.09163345 0.02413371 0.01636088 0.2007063 0.2030496 0.05286338 0 0.09821538 0.02989493 0.08783579 0 0.02159228 0.03006914 0.06848523 0.009964978 0.103018 0.09173219 0.04888826 0.04989735 0.03043559 0.05183194 0.09003481 0.1394903 0.07750566 0.05420401 0.02684689 0 0.02162176 0.03701654 0.02682793 0.005101185 0.08697245 0.01162576 0.03581411 0.07551761 0.01370334 0.02794341 0.1069844 0.1653751 0.1203333 0.1322679 0.1680697 0.2405986 0.06036205 0 0 0 0 0 0 0 0.1075353 0.07803074 0.09014603 0.07643609 0.01992996 0.0583635 0.09491225 0.02018224 0.04032534 0.1195742 0.2936786 0.1610841 0 0.009964978 0.04657631 0.1980965
0.01652527 0.04677084 0.01992996 0.006546592 0.0362251 0.0398161 0.03558273 0.1333573 0 0.01495013 0.1018122 0.04982489 0 0.009964978 0.0491766 0.04509684 0.009964978 0.01279013 0.04158315 0.3270883 0.2826073 0.1325323 0.106938 0.1686231 0.2592643 0.1403213 0.08955258 0.05772281 0.02221653 0.1224423 0.1878935 0.1644956 0.04698104 0.04270377 0.009964978 0.04045895 0.05533673 0.004978099 0.09557823 0.1016064 0.01418144 0.02628151 0.05343832 0.08056638 0.07887327 0.05159763 0.1479713 0.06001201 0.07393184 0.02337828 0.009116514 0.01851516 0.04334184 0.003595218 0.03953088 0.1103599 0 0 0.009964978 0 0.03280733 0.08234658 0.009964978 0.09964979 0.1477758 0.0701315 0.009964978 0.1263127 0.1079874 0.4052441 0.06199539 0 0.005638529 0.02613823
0.04390724 0.02890166 0.02916385 0.02914384 0.03847414 0.0358894 0.06000138 0.04392558 0.07499462 0.01494481 0.04887618 0.08604184 0.146676 0.08411688 0.06861594 0.106165 0.01901165 0.08777796 0.05389053 0.2850941 0.2077688 0.1864309 0.02065544 0.2281761 0.0478246 0.02989493 0.004415 0.05830755 0.05776318 0.162995 0.1525823 0.200738 0.03985991 0.03846354 0.06975485 0.09834515 0.0621876 0.0249349 0.02572724 0.04422456 0.03995839 0.03655877 0.1096184 0.1000242 0.08538702 0.1597601 0.07076439 0.009964978 0.08550781 0.09931612 0.07374774 0.02980799 0.0377835 0.2966541 0.1304428 0.1579829 0.0930776 0.1389125 0.0758502 0.03624521 0.03470343 0.03985991 0.1006454 0.1096148 0.06932615 0.02973317 0.09973454 0.3013434 0.3444801 0.5066779 0.2639411 0.0385654 0 0
0.02576157 0.03985991 0.01681262 0.06511451 0.1160901 0.1413258 0.2557569 0.02381345 0.07654346 0.09995411 0.09303737 0.2013383 0.1514588 0.1118067 0.09348764 0.1352958 0.03339872 0.0400081 0.02049189 0.09011065 0.02410575 0.01992996 0.1419821 0.02037886 0.02279622 0.1526692 0.1019513 0.1104202 0.1426004 0.1236351 0.05259575 0.08458719 0.02606617 0.0700871 0.0962477 0.08968481 0 0.01764315 0.09704507 0.09703701 0.1738053 0.08273072 0.06634659 0 0.04754246 0.1907338 0.2014298 0.05363367 0.08978774 0.0438305 0.1821933 0.01187514 0.04289008 0.09816726 0 0.01992996 0.2753907 0.1711332 0.1834146 0.1140194 0.159217 0.03165768 0.2173573 0.06990416 0.1532251 0.04585959 0.08999575 0.03165868 0.243345 0.0796781 0.09727236 0.04115443 0.009964978 0
0.07459295 0.07465301 0.05535211 0.06490874 0.080607 0.07851066 0.08186356 0.02906801 0.08584394 0.1590443 0.0602105 0.07964897 0.0254547 0.009964978 0.08965316 0.02351897 0.01628421 0.02571328 0.06992435 0.1047697 0.1535071 0.1423722 0.06676815 0.1359313 0.1211535 0.2011093 0.08739212 0.08913168 0.02297436 0.006945098 0.04951029 0.03468328 0.05583099 0.02859142 0.08788451 0.05312004 0.03344736 0.05241603 0.09648445 0.06612813 0.1482394 0.03759167 0.03985991 0.2369166 0.2906368 0.2104832 0.04863832 0.1412926 0.1235741 0.1799644 0.0766294 0.08389483 0.08601435 0.01992996 0 0.04982489 0.007205358 0 0.0118838 0.0137931 0.2847918 0.08396236 0.05093465 0.1480745 0.04109289 0.0408612 0.1789739 0.2342776 0.269884 0.04584394 0 0.08856122 0.06975485 0.005701653
0.1222988 0.08483073 0.0628868 0.01565396 0.1563647 0.1239639 0.01355425 0.0398543 0.08197694 0.1020185 0.04982489 0.009964978 0.005647293 0.07861722 0.08081682 0.1185081 0.2062494 0.2988867 0.2701108 0.1488342 0.1843757 0.3448358 0.02988961 0.08227061 0.0542458 0.06646394 0.01459743 0 0.003306146 0.1136076 0.0328755 0 0.01898516 0.001303514 0.02646967 0.03191916 0.09191722 0.05790025 0.08993147 0.1256973 0.2274496 0.3195344 0.3143792 0.4442653 0.2396716 0.04186296 0.02440841 0.01992996 0.02932264 0.04959837 0.08333677 0.1491549 0.1309128 0.1028122 0.07869242 0.04242713 0.09447566 0.009964978 0 0.04982489 0.1047823 0.02839009 0.08803952 0.2268986 0.1273518 0.08027942 0.1245894 0.4237503 0.05127192 0.008927514 0 0.03880316 0.01992996 0.01658127
0.02037016 0.01514599 0.004442241 0.009964978 0.04829151 0.08942943 0.03586692 0.03163036 0.1771946 0.1342988 0.01992996 0.05670566 0.1203706 0.03218833 0.07595427 0.1591743 0.2563717 0.1347692 0.03397163 0.0186495 0.02106173 0.2401878 0.2725795 0.1577637 0.04848388 0.04669075 0.0227384 0.009964978 0.06403181 0.01616785 0.07390387 0.06401351 0.03555655 0.00448369 0.02855416 0.05978987 0.1417029 0.09962455 0.01606386 0.129789 0.2227502 0.05017565 0.2463965 0.2064682 0.07165462 0.01992996 0.03450156 0.01075557 0.01992996 0.06530929 0.04741498 0.05628345 0.1181437 0.0064619 0.02157398 0.1007111 0.14837 0.07582672 0.04954222 0.03308661 0.09459455 0.04654336 0.3136309 0.1161963 0.1618712 0.1454675 0.3172404 0.4765729 0.02437274 0 0.009964978 0.151655 0.009964978 0.05144856
0.1559242 0.1525945 0.06399789 0.09411829 0.05532932 0.02218306 0.0112976 0.04252028 0.01904397 0 0.05717097 0.01673444 0.2536595 0.2086564 0.02053811 0.08073375 0.01342522 0.06011195 0.009585229 0 0.05978987 0.001696341 0.1184767 0.2435232 0 0.03985991 0.1947975 0.06697818 0.09350455 0.08183691 0.03985991 0.06002031 0.1354778 0.1918516 0.1834737 0.01992996 0.05787094 0.006695687 0.03088096 0.03977834 0.09462748 0.08298638 0.06950007 0.03629039 0 0.009964978 0.004567763 0.02498206 0.01522809 0.0548346 0.02989493 0.05978987 0.009964978 0.1096148 0 0.08182432 0.1223535 0.2443987 0.08474939 0.02989535 0.3008273 0.143533 0.02988193 0.009803214 0.03369342 0.004870852 0.06466475 0.05425971 0.1594397 0.02989493 0 0.009964978 0.007252022 0.002712957
0.2212288 0.2107792 0.1096148 0.1253681 0.2137986 0.1622689 0.1794085 0.1213541 0.06436587 0.1987028 0.1777374 0.04624588 0.006490598 0.03416412 0.02989493 0.1592228 0.04573857 0.06975485 0.007095477 0 0.01411678 0.0082867 0.01992996 0.01147561 0 0.02989493 0.04858256 0.07426717 0.09431022 0.05138315 0 0.07004981 0.0419899 0.06820787 0.06859705 0.2219212 0.2072987 0.1370833 0.1583927 0.3215754 0.02586754 0.06302369 0.2585166 0.1795 0.1186081 0.06066864 0.009964978 0.02467704 0.08503058 0.0103734 0.04011219 0.01026931 0.03170306 0.01694838 0.0007487895 0.06221423 0.04802324 0.04426297 0.06975485 0.07338894 0.05620221 0.06828727 0.09565426 0.03889241 0 0 0.01019819 0.02005907 0 0 0 0.009105177 0 0
0.1680305 0.4170635 0.4320382 0.4124712 0.3959093 0.2066962 0.2043864 0.1500224 0.3206822 0.5708362 0.1741885 0.02180114 0.01438468 0.01566078 0.0603533 0.2153863 0.04287382 0 0 0 0.007491458 0.009964978 0.05978987 0.02838431 0 0 0.02338764 0.1330771 0.3053797 0.06517229 0.03482467 0.03445736 0.03985991 0.03985991 0.1514728 0.1732503 0.2417911 0.1411062 0.07536375 0.144926 0.01494053 0.09952626 0.3298092 0.4332404 0.1974861 0.1091347 0.01992996 0.09115434 0.1002814 0.06913004 0 0.01992996 0.009964978 0.002172465 0.07390793 0.1460119 0.01730498 0.06044813 0.179726 0.09650129 0.07771301 0.008378518 0 0.1085927 0.02614971 0 0.03825842 0.2417509 0.01992996 0 0.007111802 0.01367796 0 0
0.2990076 0.2180947 0.1451701 0.07312448 0.1498836 0.117054 0.03361738 0.04662221 0.03309762 0.0744153 0.05494163 0.1424403 0.1198836 0.3764301 0.1104661 0.2187883 0.05256732 0 0 0 0 0.03664596 0.08288362 0.03416701 0.03985991 0.1195797 0.01029461 0.05026598 0.05473891 0.01514044 0.05975384 0.03036776 0.0956656 0.01394916 0.04629323 0.09182157 0.009964978 0.1108824 0.1061869 0.1264088 0.01192297 0.01858062 0.1010613 0.1044106 0.1027306 0.02290092 0.06021254 0.1499656 0.1171898 0.01496729 0.1182681 0.1898568 0.1045236 0.04229262 0.09204125 0.02169489 0.04982489 0.006188123 0.01646211 0.1911055 0.08962407 0.03985991 0 0.1407645 0.3129295 0.02411464 0.109205 0.2715993 0.1837743 0.05209374 0.04982489 0.02989493 0 0
0.01992996 0.02474142 0.1502422 0.2512995 0.1228781 0.2485401 0.07475072 0.2221207 0.05978987 0.01911944 0.04061276 0.1642076 0.2212497 0.2062725 0.06697276 0.06904373 0.0966026 0.1310021 0.1273417 0.09807774 0.02766219 0.0385835 0.02694944 0 0 0.001103408 0.008162217 0.03092698 0.009532576 0.02084381 0.1385746 0.111289 0.1927251 0.03918572 0.0747434 0.03614053 0.01992996 0.05194617 0.07742953 0.05683433 0 0 0.07615076 0.08174384 0.0266188 0.0001072978 0 0.02201044 0.1075343 0.07595894 0.02000014 0.09170573 0.1021978 0.02989493 0.009964978 0.003313213 0.01992996 0.03713964 0.1195797 0.1195808 0.06305378 0.1185463 0.02144751 0.05605312 0.009014336 0 0.07685492 0.0133529 0 0.009964978 0 0 0 0
0.1218454 0.539135 0.1017452 0.01837416 0.1347312 0.05281511 0.1732434 0.2102719 0.1266216 0.2409959 0.3125951 0.03028622 0.06457917 0.2538694 0.1253966 0.2203225 0.1425281 0.151223 0.03696657 0.009964978 0 0.07293456 0.06006818 0.006506963 0.03985991 0.01008948 0 0.03062839 0.0001874156 0.08061851 0.1254255 0.0102693 0.05482128 0.0109435 0.199814 0.09955528 0.04982489 0.1589426 0.1400815 0.2808053 0.06823684 0.009964978 0 0.1368631 0.02763498 0 0 0.06173116 0.0785926 0.06975485 0.04982489 0.1303227 0.211316 0.01746326 0.003619882 0.05647666 0.009964978 0 0.009964978 0.04783934 0.07009376 0.1461776 0.0728405 0.1113044 0.04072881 0.06378442 0.059305 0.01055027 0.1543969 0.1066497 0 0.009964978 0.009964978 0
0.04601839 0.3452163 0.09229002 0.1405808 0.2125106 0.2656392 0.5452746 0.4265009 0.3221509 0.2549466 0.2596999 0.04060124 0.4296653 0.4807003 0.1732944 0.07210425 0.04502211 0.01428015 0.01561478 0 0 0.02989493 0 0.09509095 0.1024096 0.08013343 0.02539382 0.009231527 0.005174632 0.03359919 0 0.009964978 0.009964978 0.009964978 0.06634011 0.06685405 0.1573086 0.08887188 0.2421686 0.2663778 0.1601805 0.03866423 0.03937935 0.0303755 0 0 0 0.0203212 0.1448113 0.07321289 0.04305197 0.07499896 0.07552405 0.07214913 0.1135656 0 0 0.004222542 0.02567239 0.01992996 0.09145193 0.05502837 0.08790064 0.04006014 0.06745888 0.04869154 0 0.1345742 0.1456337 0.1867599 0.002090517 0.009964978 0 0
0.002236672 0.02221868 0.1351485 0.6036237 0.2267202 0.2210821 0.2700714 0.1251828 0.01954378 0.005896813 0.08411594 0.25609 0.3834497 0.3428532 0 0 0.01992996 0.02341072 0 0.03985991 0.03985991 0.03985991 0.05978987 0.1598726 0.06865472 0.1992137 0.04633211 0.12849 0.04328948 0.0003058254 0.006309014 0.01362094 0 0.01992996 0.01100678 0 0.1572601 0 0.06857431 0.09835428 0.01192119 0.003502214 0.1264853 0.1892126 0 0.02078684 0.009108092 0.03243832 0.06001613 0.12152 0.2765762 0.09252625 0.01992996 0.1096148 0.0658849 0.1525263 0.03186261 0.01921681 0.02064311 0.03519456 0.1253579 0.1894554 0.1405723 0.06975485 0.05875199 0.04514396 0.05346232 0.01720785 0.1037847 0.0482478 0.01840401 0.01149093 0 -9999
