EnvRasters/GE_High/dcdsfrs.asc
ncols         270
nrows         223
xllcorner     24099.479091542
yllcorner     21023.840179216
cellsize      1003.8986847201
NODATA_value  -9999
[rows 33 to 65 of 223, columns 74 to 147 of 270]
0 0 0 0.009964978 0 0 0.003399887 0.000707612 0 0 0.009964978 0 0.05974614 0.002329548 0 0.001791356 0 0 0 0 0.05978987 0.01992996 0 0 0 0 0.0009355512 0.03855441 0.02832919 0.01635605 0 0.009964978 0 0 0 0 0 0.01394535 0.009964978 0 0.005328389 0 0 0 0 0.009894949 0.01003501 0 0 0.009964978 0.009964978 0.06528202 0 0 0 0 0.009964978 0.01904606 0 0.1138313 0.04560913 0.01992996 0.01522465 0.04003412 0.03538986 0.009964978 0 0 0.03985991 0.1054333 0.2008376 0.009964978 0.1278567 0.2641243
0 0 0 0 0 0 0.01481652 0.001005938 0.01992996 0 0.009964978 0 0 0.008850951 0.02872315 0.04358191 0 0.01146445 0.01102204 0.05789631 0.06255832 0 0.04309366 0.106381 0.04945063 0.01992996 0.02451113 0.006689311 0.03007148 0.09325872 0 0.02989493 0 0.009964978 0.009964978 0.009964978 0 0 0 0 0.004636589 0.01892889 0.001001071 0.009964978 0 0 0 0.01992996 0.01992996 0.009964978 0.03530964 0.002120268 0.07213844 0 0 0 0 0 0 0 0.01992915 0 0.03985991 0.009964978 0.2200697 0.1725489 0.05508064 0.090717 0.007189725 0.1721799 0 0.0915198 0.1974144 0.2063651
0.009964978 0 0.01746753 0.0124274 0 0 0 0 0.009964978 0.009964978 0.03985991 0 0.035433 0.01992996 0.03985991 0.07564825 0.02845316 0.09815031 0.03121865 0.1325806 0.08434062 0 0.06003457 0.03985991 0.0003742619 0 0.004841417 0.03971855 0.1190594 0.004566957 0.01584153 0.0638783 0.009964978 0.01992996 0 0 0 0.00818901 0.03167091 0 0.0154643 0.009964978 0.009964978 0 0 0 0 0 0.009964978 0.05600907 0.01451526 0.009964978 0.07521597 0 0.01992996 0.04345773 0.006367164 0 0.01992996 0 0 0 0 0.009964978 0.1531147 0.1817101 0.1522482 0.2372957 0.142277 0.1273669 0 0.1077798 0.1471805 0.03721153
0.05880033 0.03985991 0.06058255 0.03510461 0.01992996 0.009964978 0 0 0.01992996 0.02989493 0 0 0.09411173 0 0 0.05356165 0.0599144 0 0.09613992 0.1876037 0.05978987 0.02989493 0.009720283 0.009964978 0.01992996 0.01458014 0.05349286 0.0110897 0.04134266 0.02989493 0 0 0 0 0 0 0.03985991 0 0.008623457 0.001341522 0.01989831 0.009964978 0 0 0 0 0 0 0.04696144 0.1428564 0.1295447 0 0 0.009964978 0.02989493 0 0 0.009964978 0.00479706 0.05499281 0.01062926 0.01926568 0 0.03985991 0 0.006849274 0.01308068 0 0 0.0583804 0.008899163 0.009964978 0.02989493 0.03295192
0.2838599 0.03778094 0.0570032 0.1147264 0.001637615 0.03875288 0.03100197 0 0.009964978 0 0 0 0 0 0.03142275 0.05617528 0.008190483 0.08221266 0.1432198 0.1187625 0.000805985 0.01992996 0.03015441 0.01987715 0 0 0.201454 0.1001543 0.01895285 0 0.02601583 0.03985991 0 0 0 0 0.009964978 0.01992996 0.009964978 0.009109952 0.07195374 0 0.009964978 0 0 0 0.009964978 0.001761755 0.03806651 0.01672638 0 0 0 0 0.01347222 0 0.009964978 0.007025978 0.02574862 0 0 0 0.006118463 0.01381149 0 0 0.01745689 0.08219289 0.02414556 0.01584313 0.06953676 0.009964978 0.03985991 0.07258439
0.1095692 0.008004975 0.02747875 0.04982489 0 0.009222281 0.08863682 0 0.009964978 0 0 0 0 0 0.01992996 0.002153617 0.01992996 0.05257797 0.07696675 0.03542431 0.03946235 0.1250388 0.1144405 0.0215465 0.05498988 0.0351607 0.1252199 0.01898897 0.01992996 0 0.09518952 0.04334182 0.02288128 0 0.009964978 0 0 0 0.009964978 0.01992996 0.05297833 0 0 0 0 0 0 0.06740942 0.07863308 0.07063994 0.11187 0.1804247 0.1116157 0.01766089 0.0984116 0.0638753 0.09002362 0.0223839 0.004631368 0.02989493 0.009964978 0 0 0.05978987 0 0.009964978 0.02989493 0 0 0.07182302 0.07813488 0 0.009964978 0
0.003855703 0 0.01434116 0 0 0 0.07131536 0.0002301778 0 0 0 0.02311892 0.03985991 0.01810053 0.03455966 0.06984536 0.01949112 0.003013319 0.0368466 0.06692187 0.09094908 0.1708412 0.104249 0.09971597 0.06557909 0.05978987 0.009964978 0.01992996 0.008703821 0.006587167 0.0750388 0.009964978 0 0.0534645 0.05615027 0 0 0.006309607 0.01992996 0.05978987 0 0.009964978 0.009964978 0 0.01992996 0 0 0.1616699 0.1208746 0.006824689 0.08267233 0.06444533 0.004971809 0.02989493 0.04422039 0.01103183 0.09139746 0 0 0 0 0.009964978 0 0.009482303 0.009964978 0 0.01992996 0.009964978 0.09479015 0.3298574 0.4646612 0.03846144 0 0.03027637
0 0.01992996 0.005629602 0 0 0.009964978 0.07971983 0.01992996 0 0 0.00342982 0.07310105 0.01992996 0.05378864 0.1025233 0.2078372 0.04719044 0 0 0.1928173 0.2239958 0.1491144 0.09918337 0.01551312 0.04065058 0.01913929 0.09377883 0.0357659 0.01997638 0.03682042 0.04108613 0.009964978 0.02989493 0.007396998 0 0 0.06565308 0.02093765 0 0 0 0 0 0 0 0 0 0.09737423 0.02636991 0 0.1930848 0.04309053 0.009964978 0 0.01463774 0.03979915 0.01232043 0.009964978 0 0.06055073 0.3720065 0.02670698 0.05998534 0.03242569 0 0 0.009964978 0.2133131 0.09735344 0.0845003 0.1472769 0.0248747 0.06432814 0.1040274
0 0 0.03423031 0 0 0 0.004609043 0 0 0 0.003516032 0 0.08968481 0.06975485 0.06233881 0.01992996 0 0.09132711 0.1195797 0.2411276 0.04012082 0.02989493 0.01992996 0.02097077 0.1740827 0.01421382 0.009964978 0.02499479 0.02285221 0.05978987 0.0416732 0.02989493 0.04806271 0.02426012 0.1484946 0 0.003322679 0.003426775 0 0 0 0 0.009964978 0 0 0 0.04386816 0.06594355 0 0 0.09964979 0.06860804 0 0 0.02203845 0.0787091 0.03230395 0 0 0.04243426 0.2237292 0.1314308 0.1817842 0.09694629 0 0.009964978 0.074915 0.0897294 0.2190859 0.01803866 0.03212684 0.05977531 0.005441274 0.006051287
0 0 0 0.009964978 0.009964978 0 0.05518083 0.06405498 0 0 0.006448946 0 0 0 0 0 0.009964978 0.008322679 0 0 0.009964978 0 0 0 0.02989215 0.02610656 0.01317798 0.03834857 0.03459889 0.01992996 0.2204624 0.09794742 0.09009323 0.01011316 0.16075 0.06081328 0 0 0 0 0 0 0 0 0.00943658 0.04874999 0.02588669 0.0758417 0.01992996 0.003489444 0.143816 0.148946 0 0.01958667 0.1629769 0.0544874 0.009964978 0.01192619 0.1873734 0.009235764 0.08619199 0.2303928 0.09088363 0 0 0 0.01070772 0.03391244 0.04982489 0.04183158 0.1395097 0.1497464 0.02962324 0.03985991
0 0 0.01992996 0.009964978 0 0 0.000758737 0.01490611 0 0 0.009964978 0 0 0 0.03985991 0.009964978 0 0.01185628 0 0.009964978 0.006181935 0.00489362 0 0.03366812 0.05606028 0.1195797 0.0005753675 0.009964978 0.02989493 0.08968481 0.1043168 0.1302316 0.08288995 0.05429219 0.0180895 0 0 0 0 0.03985991 0.01722186 0.06456072 0.4692141 0.4216701 0.08123484 0.2913238 0.1745806 0 0.01992996 0 0.02618036 0.04101797 0.009964978 0.002409539 0 0 0.009964978 0 0 0.03985991 0 0.05249011 0.1268795 0.009964978 0 0.04792162 0.001189923 0.117008 0 0.02167865 0.02989493 0.009964978 0.01184571 0.1487111
0.04808081 0.01170906 0 0.009964978 0.009964978 0.000409118 0.005488307 0.01888495 0 0 0 0.009964978 0 0 0 0.009964978 0 0.02240523 0.01556339 0.0113562 0.01003743 0 0 0 0.009921389 0 0.009964978 0.02989493 0 0.05781736 0.03186745 0.009964978 0.0686693 0.05176025 0.06312431 0.06044098 0.07984035 0.009964978 0.009964978 0.03189442 0.2325262 0.4743744 0.1690332 0.346935 0.4782822 0.5222909 0.2727353 0.01992996 0 0 0.02364453 0 0.02989493 0.02831319 0.009137181 0.02510523 0.04818228 0 0 0.009964978 0.007461615 0.04019026 0.02013019 0.06176265 0.009454202 0.0007133493 0.008370123 0.1226631 0.008517335 0 0 0 0.03985991 0.0724759
0.01992996 0.01992996 0 0.009964978 0.01992996 0.01040063 0.004676902 0 0 0 0 0 0 0 0 0.003914062 0.006050916 0.01992996 0.009964978 0.0238783 0.02466912 0.03441626 0.01032135 0.003790509 0 0 0.03906582 0 0.02989493 0.1676143 0.06158021 0.02989493 0.03781034 0.0517122 0.1400047 0.05999123 0.3394179 0.2116919 0.0978876 0.3287524 0.3758768 0.159226 0.04426979 0.1909177 0.1118546 0.1320014 0.03877169 0.02813571 0 0.01992996 0.1096148 0 0.009964978 0 0 0.004985035 0.02137724 0.04982489 0.009964978 0 0 0.06781606 0.04179871 0.009964978 0.0292758 0.001129913 0.01043924 0.01057402 0.001447643 0 0 0 0.009964978 0.02164308
0 0.009964978 0 0 0 0.005153472 0 0 0 0 0 0.01992996 0.01992996 0 0.009964978 0.02989493 0.002238776 0.009964978 0.03985991 0.02537362 0.004521321 0 0 0.009964978 0 0 0.0007940947 0 0.02989493 0.008434876 0.02146006 0.009964978 0.02197953 0 0.009964978 0.01992996 0 0.1370028 0.2933895 0.4651367 0.4504006 0.3522779 0 0.02989493 0.003164918 0.03163574 0.07077956 0.1917464 0.07572 0.0150667 0.001791583 0 0.04982489 0.0647574 0.07971983 0 0.009964978 0.01134272 0.05978987 0 0 0 0 0.03985991 0 0 0.08738928 0.1800746 0 0.01992996 0 0 0.009964978 0.03985991
0.06656951 0.08590864 0.04571041 0 0 0.004811507 0 0 0 0.01992996 0.01381163 0 0 0.002987854 0 0 0.06701003 0.020436 0 0.009964978 0.03100906 0.009964978 0.009964978 0 0.009964978 0 0.009964978 0.04982489 0 0.008773189 0.01115677 0.009964978 0 0 0.0003388993 0.007044781 0.05978987 0.1393018 0.2443363 0.4148776 0.07767297 0.09964979 0.1809091 0.003762285 0 0.07170954 0.09633056 0.1037098 0.2547076 0.3225981 0.03175891 0 0 0.01496243 0 0 0.009964978 0.0101155 0.05978987 0 0.09200551 0 0.03998288 7.091637e-005 0.0393806 0.1170606 0.1813528 0.0697296 0 0.02989493 0.001372673 0.01019123 0.01833103 0.04154241
0.04394766 0.09299324 0.03400941 0 0 0 0 0 0.02989493 0.009964978 0.02271588 0.01329739 0 0.02690708 0 0.01484193 0.01024328 0.0147747 0.009964978 0 0.03502326 0.03361747 0 0.009964978 0 0.03985991 0 0 0 0 0 0.1192308 0.0003489195 0.03985991 0.01008604 0.01242521 0.08084049 0.04199717 0.2299832 0.02502655 0.2312414 0.009964978 0.001355107 0.003308116 0.03480071 0.03150877 0.09803595 0.0183452 0.0668522 0.281335 0.01665808 0.01992996 0.2549023 0 0.009964978 0.05159727 0.3218875 0.0326471 0.09966535 0.07426842 0.1662854 0.001488425 0.03795138 0.05153954 0 0.2310194 0.2399656 0 0.009964978 0.009964978 0.06144881 0.01021726 0.008053762 0.03055014
0 0 0.02989493 0.01992996 0 0 0 0 0.009964978 0.01992996 0.08621701 0.05240965 0 0.009964978 0.009964978 0.05111828 0.02648217 0.01655421 0.009964978 0.009964978 0.02323058 0.006664352 0 0.05978987 0 0 0 0 0 0 0 0.009964978 0.009964978 0.01772778 0.02764071 0.009964978 0 0.008272569 0.2541134 0.01992996 0.09575605 0 0 0.08682029 0.1972583 0.02779679 0.0314901 0.07133961 0.02818741 0.03885504 0 0.1246889 0.2929877 0.06752389 0.152729 0.2060415 0.1552545 0.05813711 0.04380435 0.02142136 0.009275105 0 0.01992996 0.158416 0.1404596 0.05986368 0.009964978 0.009964978 0 0 0.02989493 0.02787269 0.05978987 0.03729116
0 0 0.009964978 0.06975485 0 0 0 0 0 0.02989493 0.1003837 0.01011408 0 0.04982489 0 0.1141844 0.06212296 0.0131982 0 0 0 0.01992996 0 0 0.02425298 0.02557191 0.009865131 0.009964978 0 0 0.009964978 0 0.0004238404 0.01174332 0.1081996 0.1518021 0.07751898 0.1352204 0.3545219 0.05141693 0.01385872 0.0217579 0 0.0950738 0.009964978 0.1247951 0.04431204 0 0 0.02989493 0 0.05668538 0.07342097 0.02338456 0.06424511 0.1416185 0.001901765 0.01992996 0.009964978 0.01223309 0.03075574 0.01992996 0 0.009966937 0.03014234 0.06950549 0 0.02989493 0 0.009964978 0.03168639 0.01828902 0.09964979 0.1002663
0 0.02127501 0.0185849 0 0.009964978 0 0 0 0.009964978 0 0.02989493 0.01598367 0.1011258 0.1402617 0.06001613 0.004663678 0.0842875 0.003253463 0.006440535 0.003524444 0.009964978 0.009964978 0 0 0.009964978 0.2838447 0.14503 0 0.009964978 0.009964978 0.1071137 0.03729621 0.01949815 0.009964978 0.1496716 0.4464575 0.2877128 0.02312667 0.3624895 0.1527784 0 0.01810201 0.1893346 0.05075376 0.2205551 0.1422321 0.01014153 0 0.02989493 0 0.01339654 0.01992996 0.02989493 0.07971983 0.01256377 0.1229806 0.09391388 0.04157389 0.01727122 0.1389664 0.1488141 0.0007337269 0.05031574 0.0499514 0 0.009964978 0.04982489 0.009964978 0.01067334 0.02675911 0.03274858 0.03887799 0.02989493 0.03480947
0.06652311 0 0.009964978 0 0 0 0 0 0 0.02989493 0.01992996 0.04181989 0.04424894 0.02550133 0.02476784 0.005761771 0.02420562 0.03623934 0.02041645 0.003134083 0 0.02989493 0.0008518032 0.01992996 0.06050456 0.3874857 0.1502617 0 0.01992996 0.06975371 0.07269681 0.08227558 0.05978987 0.1018056 0.1490119 0.3587966 0.2262189 0.04584447 0.2973699 0.009964978 0.009964978 0.1191251 0.1715073 0.2137292 0.381862 0.04781092 0.03523124 0.07971983 0 0 0.02646337 0.04310369 0 0 0.007366184 0.2231311 0.1394423 0.07800585 0.009964978 0.07896804 0.01071677 4.334766e-008 0.03063978 0.1592989 0.03960723 0.2092645 0.01123938 0.008690577 0.001070599 0.1001268 0.006393076 0.009964978 0.01992996 0.05322958
0.02316169 0.01992996 0.009964978 0.01202392 0.02257835 0.007316584 0 0.01992996 0 0.004352197 0.05543768 0.04372489 0 0.009964978 0.02989493 0.00274594 0.007395586 0.03985991 0 0.04982489 0.02899641 0.01354478 0.06806667 0.251603 0.158841 0.2700028 0.01177906 0.009964978 0.04953741 0.03800162 0 0.01717221 0.001178539 0.07449913 0 0 0.002525965 0.02712601 0.03903027 0.09558939 0.01992996 0.1856073 0.2630845 0.3471249 0.4034522 0.104872 0.03985991 0 0.01414 0 0.1368798 0.006721202 0 0 0.0178387 0.1156268 0.1367527 0.03644778 0 0 0 0.01106911 0.1584544 0.1694511 0.1795927 0.1189515 0.09007071 0.0592726 0.04682601 0.03564404 0.05515779 0.06302831 0.01449064 0.04982489
0 0.01653084 0.01226496 0.05408963 0.04589733 0.02683016 0.01992996 0.06238627 0.01651042 0 0.04982489 0.03644612 0.05933869 0.04982489 0.05303365 0.03711398 0.02649051 0.04026834 0.02015621 0.04443311 0.08978328 0.01987229 0.02741824 0.2027405 0.07364552 0.03123125 0 0.03947734 0.05105032 0.07978918 0.009736081 0.07036287 0 0.05171124 0 0.009964978 0 0.03422828 0.003264739 0.03069059 0 0.08296027 0.07255755 0.08848727 0.07031801 0 0.005803449 0.04402144 0.06862122 0.03089282 0.1232118 0.0322554 0.00325856 0 0 0.06583402 0.09964979 0.0260991 0 0 0 0.02141325 0.07901157 0.01976264 0.03242715 0.2765056 0.0324017 0.01890462 0.03095075 0.05253275 0.05502437 0.1034603 0.09188568 0.05395826
0.01366698 0.1417182 0.08664893 0.01687925 0.0412793 0.04982489 0.03985991 0.073625 0.01688295 0.05519672 0.04370504 0.03182529 0.03759928 0.03265878 0.03665116 0.009964978 0.009964978 0.01432832 0.05478391 0.04050596 0.0405479 0.07854095 0.009964978 0 0.1211169 0.06001759 0.01004623 0.0503036 0.02971755 0.01081598 0.05226055 0.06969783 0.02989493 0 0 0.03273584 0.08968481 0.005631639 0.01992996 0 0 0.008385826 0.005500995 0 0.02479912 0.1190952 0.03985991 0 0 0.02585565 0.01992996 0.006602322 0.0166714 0 0.009964978 0 0.00900286 0.002887831 0 0.01992996 0 0.06897604 0.1208204 0.1693655 0.08029891 0.09219487 0.08991111 0.08554853 0.02893198 0.02747456 0.02848395 0.07335763 0.02629215 0.07498331
0.006262974 0.07057209 0.1528839 0.01992996 0.1992996 0 0.009964978 0.03985991 0.039422 0.144622 0.1349268 0.01727226 0.02955656 0.05654954 0.03282339 0.06328247 0.1096148 0 0.06344149 0.0421352 0 0 0.009964978 0 0.07765523 0.05942336 0.02989493 0.009964978 0.009964978 0 0.02898065 0.02989493 0 0 0 0.01708906 0.02989493 0.009964978 0.01992996 0.01608161 0.4117279 0.3778109 0 0 0.04135151 0.04938237 0.02392738 0 0 0.009964978 0.009964978 0 0.006572712 0.03985991 0 0 0.09062263 0.06105278 0.01175495 0.02024516 0.03014721 0.01038073 0.07154425 0.1283053 0.05319778 0.120451 0.08629977 0.009230616 0.02381693 0.04814448 0.01295788 0.009964978 0 0.01935534
0 0 0.01992996 0 0 0.02364255 0.05408752 0.03789732 0.009964978 0.07874104 0.2016163 0.03432525 0.01994281 0.05772 0.07329877 0.003087797 0.04253133 0.01992996 0.03886299 0.02821024 0.1046579 0.06643149 0.01231503 0.009964978 0 0.009964978 0 0.03139477 0.04832506 0.07965496 0.07738368 0.02989493 0 0 0 0.009964978 0 0 0 0.2352307 0.3750007 0.3347484 0.005314816 0.01461514 0.00605359 0.01387637 0 0.009964978 0.009964978 0 0.03985991 0 0.02332222 0.21956 0.01143922 0 0.01704342 0.1281083 0.1893694 0.1002252 0.0600942 0.08869532 0.02883933 0.03914262 0.1019177 0.08734221 0.0623915 0.1071897 0.06975485 0.02110673 0.009964978 0.009964978 0.02989493 0
0 0.009964978 0 0.009964978 0.009964978 0.01006345 0.03206408 0.007395346 0 0.0408387 0.1075347 0.0428129 0.03996922 0.06854203 0 0.01684216 0.01725855 0.009964978 0.142302 0.2065033 0.06079889 0.04438382 0.2126725 0.01088716 0.009964978 0.0008814665 0.05999681 0.129554 0.009585953 0.1242408 0.04441369 0.09375025 0.02989493 0.01274905 0.01714589 0 0.003749097 0.01618086 0.04982489 0.02996739 0 0.009964978 0 0.01787237 0.03740065 0 0.01508511 0.2236784 0.05201991 0.02769991 0 0.1134554 0.2760481 0.06606318 0.05171185 0.0248667 0.04982489 0.02989493 0.03897389 0.03376028 0.03248951 0.09306622 0.1551847 0.08009326 0.03441268 0.1176604 0.3430442 0.05150184 0.05978987 0.05860186 0.0241913 0.04385505 0.05795126 0.02507826
0.009964978 0.009964978 0 0.1336324 0.04832793 0.07722759 0.01992996 0.02989493 0.1096148 0 0.01673562 0.2462384 0.05387623 0.006354788 0.009964978 0.009964978 0.03076418 0.03189406 0.1063142 0.2171786 0.2361778 0.04880797 0.06586909 0.01900778 0 0.01904849 0.1103218 0.01900664 0.01202282 0.06750922 0.009964978 0.0386425 0.03729496 0.009964978 0 0 0.009964978 0.009964978 0 0.04302352 0 0.02989493 0 0.01992996 0.03441179 0.009964978 0.02582049 0.03436534 0.02989493 0.04816854 0.008243887 0.3108801 0.3078004 0.01992996 0.009964978 0.0249582 0.009964978 0.009964978 0.0204847 0.1068265 0.2441559 0 0.0727355 0.03178268 0.03759874 0.03011096 0.1513459 0.1389667 0.1071529 0.001188013 0.1131365 0.06794164 0.1514266 0.06761511
0 0 0.002620709 0.02680636 0.1052227 0.04757929 0.03518186 0.01006111 0.004581919 0.05589468 0.04939437 0.04410193 0.006982765 0.02553592 0.1275766 0.02774763 0.02207164 0.01251543 0.09305005 0.2038467 0.02155574 0.1379105 0.04284763 0 0 0.009964978 0.02989493 0.01992996 0.0317299 0.1282766 0 0.03546328 0.05691098 0 0.03603457 0.04568726 0 0 0 0.01057331 0.07911149 0.003695921 0.002469639 0.05263362 0.05698114 0.01992996 0.01992996 0.1220182 0.01571395 0.3213482 0.009964978 0 0.02989493 0.1181703 0.4269004 0.0003402719 0 0.05054638 0.009446463 0.07222249 0.03860785 0.009964978 0.3136316 0.3192006 0.01727842 0.04296396 0.03675586 0.1736604 0.3297763 0.2518022 0.2208565 0.3665584 0.02566799 0.2667393
0.003513014 0.0363469 0.1191267 0.1178341 0.02311463 0.1053435 0.3615617 0.1577535 0.06475495 0 0.09626711 0.1225027 0.006182719 0.02985311 0.1588258 0.02989493 0.007102235 0.007414524 0.01753565 0.01941634 0.1499883 0.07657073 0.130141 0.03185271 0.009964978 0.009964978 0.01014162 0.02989493 0 0 0.009964978 0.0537413 0.0691193 0.02855422 0.0500334 0.004137636 0.09897866 0.1247883 0.04528743 0 0 0.002277459 0.001521959 0.009964978 0.1963771 0.03281741 0.1370918 0.0675166 0.08429222 0.05087361 0 0 0.009964978 0 0.08238267 0.009964978 0.009964978 0.009964978 0.1944194 0.2802771 0.04457256 0.1628671 0.02634137 0.2258385 0.05458292 0.09990206 0.2644387 0 0.05937302 0.1232764 0.1622594 0.2877195 0.009964978 0.2233716
0 0.02686724 0.03020538 0.02989493 0.1195797 0.4783166 0.3348132 0.1653952 0.02893925 0.06648424 0.04313053 0 0.04254379 0.03717604 0.04426566 0.0088011 0.1594397 0.06724684 0.02243796 0.04946742 0.1000073 0.02015512 0.1669354 0.1068322 0.01125926 0.01863567 0.02971829 0.009964978 0 0 0.009964978 0.02029682 0.0007837244 0.04543408 0.131967 0.01992996 0.01545755 0.01992996 0.0470552 0.04896564 0.05068415 0 0 0.07278647 0.03283547 0.05978987 0 0 0 0 0 0.009964978 0 0.009964978 0 0 0.02989493 0.001163893 0.145153 0.1799116 0.08114039 0.4389193 0.2089628 0.1334371 0.1395097 0.09964979 0.1527165 0.02776106 0.1530208 0.176612 0.1600012 0.1389481 0.01992996 0.1793696
0 0.01299267 0.009964978 0.01146175 0.02569328 0.06409958 0.08166859 0.02052325 0.01992996 0.006954604 0.01297535 0.01745016 0.1162156 0.05025657 0.07454524 0.1503104 0.04230681 0.159488 0.06987587 0.03985991 0 0.04266166 0.0386549 0.002508613 0.02861871 0 0 0 0 0.02989493 0.009964978 0.05978987 0.02767402 0.1210152 0.06812738 0.04410683 0.3549697 0.03764917 0.01734503 0.10043 0 0.03985991 0 0.09548958 0 0.02989493 0.05978987 0 0 0 0.009964978 0 0.01996258 0.009932358 0 0 0.01259495 0.01729998 0.1371795 0.07450666 0.168146 0.2318748 0.0466879 0.0842346 0.009964978 0 0.09822088 0.09014024 0 0 0 0.1298632 0.05807315 0.01806324
0 0.03370397 0.04982489 0.03347476 0.009964978 0 0 0.1446455 0.001745982 0 0 0.01763233 0.04800145 0.03768722 0.1264953 0.04619896 0.01024495 0.1855942 0.1530364 0 0.0004673389 0.10935 0.009964978 0.02988932 0.0009144818 0.009964978 0 0 0 0.009552233 0 0.0281586 0.009964978 0.1178458 0.01933783 0.04024231 0.5818732 0.1188139 0.009964978 0.2087816 0.02364539 0.05641038 0.07837525 0.08787287 0.01992996 0.2698402 0.1099321 0.005024044 0 0.027729 0.03912123 0.06138378 0.009964978 0.0442046 0.0188657 0 0 0 0.01588219 0.04321982 0 0.1061976 0.01666537 0 0.06031175 0.1286925 0.2604838 0.0351828 0.1041598 0 0.0288814 0.04987132 0.1123305 0.03901089
0.007362832 0.1276796 0.03484547 0.02989493 0.1295447 0.01203314 0.02374125 0.1504038 0.03972201 0.04186743 0 0.02440412 0.07971983 0.05978987 0 0.006194245 0.01055714 0.0127736 0.1495508 0.04019026 0.06092587 0.1162472 0.009964978 0.01870319 0.03007148 0.02063063 0.009964978 0.06985696 0.03985991 0.1931618 0.03644544 0.1985837 0.1175719 0.0311925 0.04994939 0.02794115 0.3054671 0.02272896 0.05617854 0.03353135 0.01685716 0.0463122 0.04120449 0.04589328 0 0.1033468 0.1547523 0.08161274 0 0.07536066 0.01176173 0.04823099 0 0.0266145 0 0 0 0.08602211 0.2115333 0.2856245 0.04982489 0.002781804 0.07476961 0.009964978 0.01940808 0.1072907 0.2513165 0.2056155 0.3517069 0 0.0209435 0.001351854 0 0.03985991
