EnvRasters/GE_High/dcdsfrs.asc
ncols         270
nrows         223
xllcorner     24099.479091542
yllcorner     21023.840179216
cellsize      1003.8986847201
NODATA_value  -9999
[rows 66 to 98 of 223, columns 74 to 147 of 270]
0.02986329 0.00307058 0.08968481 0.09263859 0 0.0140505 0.009964978 0.005483478 0.07039776 0.009013223 0 0.03371271 0.06004215 0.09692495 0.001998668 0.1925721 0.1100185 0.03705129 0.1322176 0 0.04193424 0.003093482 0.09987219 0.009964978 0.008873948 0.03915925 0.009964978 0.0228939 0.0168639 0.009964978 0.04982489 0.1051693 0.04876542 0.009758013 0.09979908 0.001953786 0 0.01747609 0.01992996 0 0 0 0.01992996 0.01204907 0.04170744 0.01873905 0.07723967 0.02588006 0.130201 0.005467036 0 0.02989493 0.05050812 0.0494527 0.009964978 0 0 0.04921789 0.2082975 0 0.003221932 0.04917397 0.1571753 0 0 0.1085115 0.1850196 0.3857865 0.2311627 0.426905 0.3339351 0.01371681 0 0.01992996
0.007620445 0 0.03662195 0.07334591 0.004047438 0.2472728 0.03650259 0.06874191 0.0254244 0.02989493 0 0.008474099 0.04722822 0.06851128 0.04099358 0.07607859 0.04996447 0.03268285 0.007905483 0.02928155 0.007890654 0.001225368 0.02565496 0.02109883 0.02499081 0.0148691 0.013039 0.03678589 0.04982489 0.04922592 0.2024611 0.1439962 0.009964978 0.009964978 0.1096872 0.02989493 0.009964978 0.03732078 0.02999499 0 0 0.02989493 0 0 0 0 0 0 0.009717159 0.03014275 0 0 0.01992996 0.1462203 0 0.03765394 0.05881068 0.0527929 0 0 0.0005523048 0.02097006 0 0 0 0.04982489 0 0.09961398 0.0901944 0.1055214 0.03305106 0.009964978 0 0
0.01992996 0 0.01320294 0.01338511 0.1049806 0.1815053 0 0.01753406 0.01236088 0.01992996 0 0.004483323 0.04407495 0.06722394 0.06222863 0.02994705 0.1096148 0.02696744 0.05978987 0.06360999 0.1080659 0 0.05577039 0.07477751 0.007491649 0.01077891 0 0.009964978 0 0.01056395 0.05493067 0.09686099 0.05978987 0.02865296 0.06136454 0.05546359 0.2675191 0.08470248 0.04642067 0 0.01992996 0 0 0 0 0 0.005287828 0.005209756 0.009964978 0 0 0 0.07095855 0.03163461 0 0.01420956 0.04876547 0 0 0 0.01666328 0.03014772 0 0 0 0 0 0.0558692 0.01410931 0.01073514 0 0.05499518 0.03985991 0.007776733
0 0.02189363 0.01796628 0.01992996 0.04351988 0.07151292 0.1237567 0 0.04982489 0 0.004193334 0.0259302 0.03004546 0.1395097 0.01622205 0.01004835 0.04982489 0 0.1398594 0.003718491 0.1181767 0.04146024 0.04982489 0.01150196 0 0.08914547 0.05108884 0 0.01020076 0.01992996 0 0.03985991 0.009081722 0.0520724 0.1657738 0.1000885 0.1063289 0.06680445 0.1873078 0.2686559 0.09097137 0.02034025 0.001090829 0 0.009964978 0 0.2890568 0.02021149 0.07971983 0.009964978 0.01992996 0.04982489 0 0 0.009964978 0.02989493 0 0.009964978 0 0 0.06975485 0.009964978 0 0 0.07093515 0.2159273 0.148261 0.009964978 0.2630757 0.2841414 0.142879 0.01475967 0.04512601 0.00469888
0.01992996 0 0 0.01992996 0.009964978 0.0161026 0.01399491 0.009964978 0.1005808 0.09964979 0.06246602 0.03173567 0.01609489 0.0401096 0 0 0 0.0239564 0.06543566 0.0262986 0.0314379 0.03684742 0.06729162 0.04828791 0.05978987 0.06656405 0.04174489 0.004442767 0.02555213 0 0.009964978 0.02989493 0.02887032 0.0495452 0.03175491 0.001794098 0.06671391 0.03293588 0.02250478 0.05837651 0.008570587 0.05651516 0.05355224 0.01896725 0.0009627063 0 0.02453466 0.07422855 0.009964978 0 0 0 0 0.02989493 0 0 0 0.009964978 0 0.009964978 0 0 0 0.137821 0.3436578 0.07272234 0.009964978 0.06255383 0.5729517 0.1658128 0.5761906 0.03348428 0 0.01992996
0 0 0.009964978 0 0.04982489 0.003827355 0.009964978 0 0.05626321 0.0823155 0 0.009964978 0 0.09964979 0.04076002 0.07881972 0.09964979 0.08111627 0.1154436 0.002488633 0 0 0 0.08968481 0.01354938 0.01840813 0.02373414 0.03548726 0.04003241 0.0102381 0.1093416 0 0.05383184 0.6214809 0.0859138 0 0.01817667 0 0.009964978 0.07787251 0.02171961 0.01992996 0.01992996 0.01992996 0.04189422 0 0 0 0 0 0 0 0 0 0 0 0 0 0.06214614 0 0.009964978 0.02989493 0.1868731 0.2137031 0.2214311 0.0642279 0.03855352 0.05658779 0.09418795 0 0.01992996 0.05686544 0 0.01550389
0.2513768 0.03297279 0.009964978 0.006750961 0.1089608 0.003540322 0.009964978 0 0.01546678 0.03985991 0.028985 0.03080487 0 0 0 0.01992996 0.03985991 0.04681578 0.007033936 0.01262454 0.03775092 0.06404357 0 0.01992996 0 0.07765726 0.06424317 0.1245896 0.03052122 0.01055039 0.0890994 0.0685792 0.05907192 0.2602849 0.2260075 0.01992996 0.001753291 0 0.009964978 0.02262011 0 0 0 0.01269069 0.03782561 0.03019148 0.009668429 0 0 0 0 0 0 0 0 0 0.04337393 0.006450957 0.007608707 0.04982489 0.01992996 0.001648001 0.01338797 0.2701136 0.4129732 0.1838737 0.06618755 0 0.02015007 0.009964978 0.007774595 0.02504477 0.088025 0.1016953
0.1595194 0.02789836 0.0427025 0.003214017 0.01628233 0.04896091 0.03753688 0 0.01921204 0.01080739 0.009835314 0.04944653 0.0003748921 0.009590087 0.03985991 0.01992996 0.009964978 0.03315305 0.04280574 0.1096573 0.04016424 0.04250589 0.01676408 0.01992996 0.009964978 0.01108912 0.03068076 0.09964979 0.1192828 0.02989493 0.009964978 0.1263711 0.1739305 0.04091617 0.03477962 0.02989493 0.009964978 0 0.01992996 0 0 0.04586443 0.05066758 0.007239264 0.02020844 0.02558782 0 0 0 0 0 0 0 0 0 0 0 0 0.01450404 0.02231907 0.00530376 0.07355889 0.004512938 0.2061935 0.03708924 0 0.0573212 0.07222352 0.01992996 0 0.02989493 0.04819908 0.1884707 0.2162917
0.08938632 0.009964978 0.02989493 0.009964978 0.02194499 0.05088192 0.03009751 0.009964978 0.03372951 0.1998477 0.06031954 0.1101228 0.01451868 0.01992996 0.02528503 0.04231103 0.01992996 0.01882861 0.07461724 0.06709529 0.01992996 0.06529452 0.03359936 0.08598039 0.03985991 0.04870075 0.03907409 0 0.005608456 0.004356523 0.006060964 0.04430533 0.02343434 0.05628549 0.08480012 0.03985991 0.1303078 0.02577376 0.01992996 0.009964978 0.05978987 0.1525925 0.0633519 0 0.0003305351 0.05352298 0.009964978 0 0 0 0 0 0 0 0 0 0 0.01992996 0 0.00769802 0 0.04149668 0.02989493 0.1239363 0.08120501 0.01689457 0.01300037 0 0.04968926 0 0.008399173 0.03146074 0.2224484 0.3660474
0.1042266 0.01732366 0.01504564 0.002147893 0.01475838 0.05480307 0.01371072 0.009964978 0.0410894 0.1092328 0.03493747 0.01992996 0.01537626 0.02989493 0.02593979 0.07586878 0.03337603 0 0.01992996 0.009964978 0.02989493 0 0 0.04151932 0 0.05096382 0.01198259 0.009964978 0.05978987 0.009964978 0.02989493 0 0.06975485 0.01911708 0 0.01783384 0.1217267 0.02159163 0 0 0.07864893 0.04792291 0.1327487 0.009852735 0 0 0 0 0 0 0 0 0 0 0 0 0 0 0 0.009964978 0.02197748 0.06985333 0.0253016 0.04431879 0 0.01992996 0.03904628 0.3595742 0.114306 0.1949715 0.01154885 0.02989493 0.2878972 0.6385962
0.07767247 0.005024534 0.0677835 0.02883236 0 0.01291833 0.01936434 0.08884699 0.1189963 0.02025066 0.08617064 0.05791953 0.06975485 0 0.009964978 0 0.1659236 0.01323226 0.01992996 0 0 0.0537715 0.08906452 0.02071235 0.004963679 0.1234421 0.0378423 0.005850635 0.01407932 0 0.03955014 0 0 0.1948095 0.004328342 0 0.04150556 0.009964978 0.01992996 0.03279815 0.07694952 0.01293786 0.02324115 0.01653507 0.009964978 0.01992996 0 0 0 0 0 0 0 0 0 0.008683484 0.06107137 0.04900657 0.09934258 0.01992996 0.01788243 0.1148347 0.7478684 0.3603179 0.03089588 0.007450069 0.0579946 0.2093946 0.01204451 0.0686591 0.0778318 0.1237569 0.4807022 0.3998855
0.009950473 0.03218305 0.02272405 0.03287119 0.07971983 0.003340482 0.0113231 0.03165641 2.770613e-005 0.01992996 0.1925113 0.1363542 0.01463194 0 0 0 0.009964978 0.0066977 0.04982489 0.03985991 0.02989493 0.09061445 0.05091576 0.03363552 0.2350817 0 0.009964978 0 0.009964978 0.1832786 0.2131053 0.06288714 0.009964978 0.04061216 0.009155068 0.008441392 0.08124342 0.009964978 0.02918023 0.02532086 0.05980832 0.01039943 0.05108238 0.06159887 0 0.009964978 0 0 0.1694046 0 0 0.08332105 0.002817607 0 0 0.004484875 0.3549544 0.9726837 0.8796765 0.5046239 0.009964978 0.1196619 0.5424339 0.05896779 0.008964036 0.009964978 0.05978987 0.06592435 0.0435743 0 0.0599608 0.5285634 0.04496693 0.09099779
0.009964978 0.02989493 0 0.08586868 0.1995519 0.0206104 0.08609875 0.02810576 0.01992996 0.1816106 0.02917991 0 0.015263 0 0.009964978 0.02267518 0.02714972 0.04982489 0 0 0.03097325 0.2567288 0.01086567 0.3099289 0.06587511 0.01119114 0 0 0.01043644 0.08041211 0.1786055 0.009811863 0 0.01811001 0.04172629 0 0.009964978 0.01869864 0.08065283 0.2025049 0.1296261 0 0 0 0 0 0.009964978 0 0 0 0 0.2242331 0.2108045 0 0.009964978 0 0.1401794 0.764272 0.9220033 0.8542062 0.5576571 0.546437 0.7340955 0.03788292 0 0 0.07441531 0.264394 0.2360315 0.1070197 0.352419 0.05426336 0.07971998 0.3881271
0 0 0 0.04196674 0.02015621 0.07976638 0.03398477 0.009964978 0.01992996 0.009562477 0.06145186 0.05863639 0.008332969 0.01992996 0 0.02989493 0.03985991 0 0.01992996 0.01992996 0.1323389 0.09014712 0.03985991 0.1049269 0.07735221 0.009500411 0.01161844 0 0.04935343 0.03647058 0.04017194 0.07248475 0.009964978 0 0.019115 0.01992996 0.04688932 0.02140559 0.03985991 0.2771786 0.02980523 0 0 0 0.006345042 0 0 0 0 0.009964978 0 0 0.6193537 0.05937338 0 0.2704131 0.8116686 0.7932945 0.8926321 0.8960387 0.5027301 0.5546403 0.6067111 0.04976666 0.03100914 0.04982489 0.03835198 0.08309495 0.3869419 0.06005133 0.2396884 0.09007259 0.5966766 0.950363
0.03152448 0 0 0.08115703 0 0.01686739 0.009742544 0.009964978 0.02633756 0.005052587 0 0 0.03480528 0.02989493 0.009964978 0.01323068 0.0537904 0.1166379 0.02639353 0.009964978 0.05540169 0.0117217 0.01992996 0.2426076 0.1867461 0.09146411 0.1891006 0.04675151 0.01303836 0.009964978 0 0.02989493 0 0 0.001800842 0 0.0213899 0.06778666 0.04009026 0.08115238 0.08193871 0.09655743 0.03985991 0.05978987 0.02354989 0 0.03931727 0.1243864 0 0.02030902 0.08968481 0 0.5012728 0.8348345 0.3940224 0.4523092 1 0.9374113 0.4994896 0.0392367 0.02338039 0.06605151 0.2003123 0.03088826 0.09972224 0.2205346 0.06240521 0.1270884 0.2484063 0.112647 0.04069392 0.03054291 0.1538443 0.2272763
0.05500821 0.1828198 0.01992996 0.1966947 0.2230557 0.1607873 0.02520309 0.07820582 0.4082634 0.1083626 0.05361452 0.1002692 0.05682165 0.01019123 0.007203834 0 0.06858025 0.07055585 0.1914106 0.05713014 0.1630034 0.1125217 0.009964978 0.05176287 0.009964978 0.03646414 0.00339577 0.01693465 0.01296029 0.009964978 0 0 0.1070066 0.04125552 0 0.08690205 0.03020377 0.001803872 0 0.04299112 0.1644483 0.1777093 0 0 0 0.009964978 0.2511017 0.2661886 0 0.06308467 0.1454027 0 0.4895104 0.955688 0.9243744 0.8914226 0.9856479 0.2839007 0.009964978 0.1165157 0.1248025 0.009964978 0.0461764 0.09767129 0.1030379 0.3104908 0.1325163 0.03182999 0.08102841 0.07981831 0.07036635 0.2088726 0.0889594 0.05177049
0.3326269 0.3878837 0.05266528 0.1380181 0.2382158 0.5869343 0.1270046 0.8340448 0.2167081 0.1242189 0.1146253 0.0611346 0.00381401 0 0.02866117 0.009964978 0.01601415 0.07971983 0.03985991 0.04394509 0.4636107 0.2841223 0.04456912 0.07793003 0.003900327 0.02277973 0.1804506 0.03614793 0.2325347 0.03985991 0.0101277 0 0.02114253 0 0 0.002430256 0.07038654 0.03976227 0.1006187 0.2774583 0.1342748 0 0 0.002290303 0.01763965 0.01992996 0.07840478 0.08762448 0.08739705 0.009964978 0.07444344 0.01507786 0.5617956 0.8743768 0.9298368 0.8467743 0.6970441 0.4758738 0.02989493 0.05209302 0.1154002 0.08077521 0.03942182 0.03148673 0.0472286 0.04176833 0.009200329 0.1595113 0.1593065 0.1698475 0.07897379 0.108707 0.01158459 0.03219118
0.2800152 0.07861982 0.007599982 0.1434471 0.3974268 0.0935444 0.08991591 0.179069 0.0242827 0.2019403 0.0190818 0.01474459 0 0.01992996 0.0311287 0.106292 0.1376569 0.05499293 0.053235 0.02989493 0.2291486 0.1241328 0 0 0.02989493 0.07687006 0 0.08004574 0.1584045 0.009964978 0.04966218 0 0.009964978 0 0 0 0.02989493 0 0.02989493 0.0101155 0.009964978 0 0.009964978 0.02989493 0.009964978 0.04291502 0.02683984 0.03532799 0.1081867 0.2303389 0.009964978 0.1699663 0.5117779 1 1 0.8494121 0.7459288 0.2874323 0.03312687 0.007341698 0.002623281 0.3106644 0.1321536 0.008373179 0.009964978 0.1442469 0.2844185 0.1385968 0.3788005 0.1000278 0.02222075 0.3910956 0.3436057 0.04755377
0.01992996 0.007906651 0.08208483 0 0 0 0.02749553 0.1128916 0.05978987 0.009964978 0 0 0 0.03985991 0.03985991 0.1996912 0.248637 0.22018 0.03998442 0 0.08461881 0.09610803 0.02989493 0.05978987 0.03985991 0.02989493 0.009964978 0 0.05070505 0.05978987 0 0 0 0 0 0 0 0.009964978 0.0281987 0.1017047 0.009964978 0 0 0 0.02645509 0.05619388 0.02357565 0.1420522 0.1091935 0.129474 0 0.01518435 0.1522594 0.9063724 0.9522166 0.7948726 0.9004521 0.7206809 0.1469858 0.09940332 0.01992996 0.04796641 0.001858483 0.0213022 0.033431 0.04884687 0.2282305 0.1398395 0.03949687 0.1922303 0.3486066 0.3082122 0.2503187 0.009257879
0.1773098 0.02198829 0 0.009964978 0.110487 0.02604787 0.009964978 0.01992996 0.009964978 0 0 0 0 0 0.02398434 0.3563424 0.07343127 0.04769328 0.03632531 0.009964978 0.05546257 0.01017555 0 0.009964978 0.01992996 0.06975485 0.0212469 0.06975485 0.04894474 0.01992996 0 0.01992996 0.009964978 0.01980157 0.000128386 0.02054035 0.01931957 0 0.01166121 0 0.009964978 0.009964978 0.017031 0.0604334 0.05649493 0.02981124 0.09483438 0.08350197 0.07522216 0.00455888 0 0.05514836 0.04912118 0.2949034 0.9325117 0.9476891 0.9689342 0.8455997 0.3099831 0.1500092 0 0.02425092 0 0.09632439 0.1267474 0.2306314 0.009389932 0.06995695 0.06898712 0.03100247 0.2692299 0.04159436 0.1079876 0.02989493
0.09960255 0 0 0.009964978 0.0003730601 0.0623916 0 0 0 0.03985991 0 0 0 0.009964978 0 0 0.00591551 0 0.01708978 0.01992996 0.03985991 0.0126816 0.02929172 0.01463304 0.000561646 0.009964978 0.09941243 0.06256618 0.01738462 0.01251032 0 0.0299571 0.01992996 0 0 0.02989493 0.009964978 0.001310831 0.02700675 0.03985991 0.01992996 0 0.005088636 0.103903 0.1696536 0.05726232 0.1094202 0.08976321 0.07998475 0.00505313 0.0982977 0.01624691 0.0153102 0 0.1649108 0.8510864 0.9907454 0.4071006 0.003088972 0 0.06080987 0.1909657 0.1775036 0.009964978 0.04286843 0.3574173 0.0001633174 0 0.01258533 0.4443783 0.2150878 0.01739114 0.1010207 0.1244397
0.07321366 0.009964978 0 0.007421357 0 0 0.009964978 0.02989493 0 0 0.03704126 0 0 0.02989493 0.1195797 0.009964978 0 0.0021247 0.03386346 0.01400766 0 0.01721334 0.007430527 0.02568734 0.03201048 0.02162602 0.01012295 0.02888284 0.04982489 0.0682866 0.08118808 0.08994842 0 0 0 0.01212262 0.1150109 0.06003639 0.03313949 0.09773606 0.01992996 0.04982489 0.0008893105 0.04184916 0.287087 0.1346386 0 0.009964978 0.07336663 0.02033618 0.04384897 0.01592292 0 0 0.1846077 0.7270505 0.6802344 0.1835797 0.323543 0.01179957 0.00751084 0.01541204 0.07097755 0.2107669 0.1021932 0.02989493 0.02244057 0.05081052 0.04124147 0.05868207 0.1569494 0.08098855 0.1719291 0.06042925
0.4627838 0.01797927 0 0.0125086 0 0 0 0 0 0 0.02639244 0.006321153 0 0 0 0 0 0.6677552 0.06545205 0 0.009964978 0 0 0.02989493 0.00213285 0.008268918 0.02689317 0.01992996 0 0.03985991 0.0201873 0.500251 0.05960694 0 0.02101305 0.008178117 0.06705321 0.1067624 0.007965215 0 0 0.0151653 0.06975485 0.01992996 0.09094953 0.0872029 0.03106923 0.08972782 0.04052062 0.1332606 0.01579087 0.04399901 0 0 0.1580193 0.7308183 0.353118 0.00921038 0.03428053 0.01992996 0 0 0 0.2471684 0.324563 0.3100907 0.08151197 0.2438361 0 0.03118077 0.2972262 0 0.07971421 0.03842186
0.7299115 0.1115656 0.1472863 0 0 0 0 0 0 0 0 0 0 0 0 0 0.1184651 0.6117067 0.003956649 0 0.009964978 0.009964978 0 0.009964978 0.05765702 0.009964978 0 0.009964978 0 0 0.02958699 0.4297751 0.4065536 0 8.176723e-005 0.0006220066 0 0 0 0 0 0.03465959 0 0.1395097 0.32864 0.5382207 0.5393261 0.06503196 0.06579161 0.1076256 0 0 0 0 0.01426514 0.2392163 0.03485884 0.03054134 0.01294734 0.04671746 0.02856255 0 0 0 0 0.05843998 0.01226315 0 0 0 0.1708987 0.1084682 0.3071796 0.09256075
0.3790833 0.007777438 0.5763401 0.009964978 0 0 0 0 0 0 0 0.002534674 0.002865969 0 0.06975485 0 0.1099737 0.1036277 0 0.01992996 0 0 0.03515309 0.01992996 0 0.01992996 0.01992996 0 0 0.009964978 0 0.2688657 0.009310615 0 0 0 0 0 0 0 0.0477306 0 0.3020021 0.1750424 0.282863 0.6731037 0.6646345 0.2009388 0.11049 0.1681897 0.02630235 0.003592584 0 0 0 0 0.05449 0.06815029 0.08290619 0.02898924 0.05788833 0.1988769 0.01038766 0 0.009964978 0.01992996 0.01763179 0.003396156 0.0276927 0 0.06231078 0.01751408 0.02035533 0.01992996
0 0.001815728 0.2396969 0.01992996 0.00267666 0.0172533 0 0 0 0 0 0.002142152 0.01238716 0.02989493 0 0 0.07375798 0.590278 0.01980505 0.009964978 0 0 0.04456674 0 0 0 0 0 0.2527449 0.0397508 0 0.01940818 0 0 0 0 0 0 0 0 0.03198922 0 0.5163884 0.1339926 0.09964979 0.001754067 0.03511402 0.03386296 0 0.1039821 0 0 0.03985991 0 0.009964978 0 0.003701217 0.04864886 0.01791963 0.02254331 0.05849753 0.04982489 0 0 0.1992996 0.03146929 0.06449029 0.1015611 0.09845587 0.1308691 0.03010893 0.05246271 0.02650539 0.02873545
0 0.1793696 0 0 0 0 0 0 0 0.009964978 0.02464077 0.02039043 0.03468863 0 0 0 0 0.07931081 0 0 0 0 0 0 0 0 0.009964978 0 0.07620848 0 0 0 0 0 0 0 0 0.04541048 0 0 0 0.02250486 0.4690841 0.1248568 0 0.009964978 0 0.1440158 0.1232905 0.2663701 0 0 0 0 0 0 0.0375928 0 0.02989493 0.05975823 0.2708713 0.0001097193 0 0.05187945 0.08763026 0.01119406 0.1972391 0.4865799 0.2598904 0.3114653 0.1446754 0.2471137 0.06342234 0.04499886
0 0 0.0159984 0 0 0 0 0 0 0 0 0.009964978 0 0 0 0 0 0 0 0.01772702 0.06199281 0 0 0 0 0 0 0 0 0 0 0 0 0 0 0 0.002840496 0.2694541 0 0 0 0.07342277 0.05380261 0.1032493 0.06644071 0.01562249 0.2828726 0.1285736 0.3938816 0.04437084 0 0.009964978 0 0.04188094 0.002527747 0 0.05218486 0.07775318 0.2036401 0.1169379 0.007102152 0 0.009964978 0.009964978 0 0 0.1997515 0.573163 0.007577263 0 0 0.1496044 0 0.190126
0 0.02822282 0.282951 0 0.009964978 0 0 0 0 0 0 0 0 0 0.009964978 0 0 0 0 0 0 0 0 0 0 0 0 0 0 0 0 0 0 0 0 0.06975485 0 0.07092913 0 0.07971983 0 0.1494747 0.3876653 0.4567815 0.1864236 0 0.03034919 0.03367162 0.03172847 0 0 0 0 0.004484504 0.0009317033 0 0.09313234 0.1115066 0.2057852 0.08050545 0.002898492 0 0 0 0 0.004606054 0.2001372 0.1529839 0 0 0 0 0 0.0002949458
0.08572884 0.7518651 0.188133 0.1926839 0.0443713 0 0.007090131 0 0 0 0.009964978 0 0 0 0 0 0 0.02523465 0.01462527 0 0 0 0 0 0.0535534 9.156321e-006 0 0 0 0 0.0007662813 0 0 0 0 0 0 0 0.01193612 0.1401446 0.02453426 0.03525561 0.3412318 0.2847543 0.1431286 0.009964978 0 0 0 0 0 0.004225814 0.0009362947 0.0396206 0 0.04982489 0.2823286 0.1690912 0.08319037 0.01196342 0.2354489 0.1020351 0.07859041 0 0 0.09877192 0.132998 0.0910288 0.01992996 0 0 0 0 0
0.1463291 0.1592427 0.07410014 0.1278122 0.1732414 0 0.0228048 0 0 0.009964978 0.009964978 0 0.01992996 0 0.08100941 0.1976078 0.009964978 0 0 0 0.009964978 0.0762997 0.6571546 0.6251625 0.9075814 0.07950586 0 0 0 0 0.02912865 0 0 6.917688e-006 0 0 0 0 0.00482722 0.3782201 0 0.01992996 0.01373752 0.008999406 0.01286809 0 0 0 0.01953792 0.03237858 0 0.03029752 0.05422518 0.2095039 0 0 0.01776572 0 0.1303332 0.05873693 0.6194128 0.2378432 0.03158817 0.04261862 0.03985991 0.06741717 0.3766347 0.02026031 0.02664843 0.03985991 0 0 0 0
0.0004117319 0.001011388 0 0 0 0 0 0 0 0 0 0 0.01992996 0 0.01992996 0.0103672 0 0 0 0 0 0.5735191 0.9876324 0.919009 0.09735006 0 0 0 0 0 0 0 0 0.00995806 0 0 0 0.009964978 0.09058569 0.1011529 0.02753185 0.009964978 0.02989493 0.009964978 0 0.02989493 0 0 0.01783835 0 0 0.01992996 0 0 0 0.009964978 0 0.03985991 0.05553082 0.254485 0.2111735 0.04982489 0.039343 0.212943 0.009964978 0.1295447 0.1438906 0 0.0009349682 0.04816879 0.02158605 0 0 0
0 0 0 0 0 0 0 0 0 0 0 0 0 0.1566859 0.05257861 0 0.01992996 0 0 0.07352306 0.009964978 0.0491018 0.5296263 0.2347851 0 0 0 0 0 0 0 0 0 0 0 0 0 0.008805295 0.7485128 0.448619 0.07264221 0.01438878 0 0 0 0 0 0 0 0 0 0 0 0 0 0 0 0.009964978 0.009964978 0.345486 0.04329312 0.009964978 0.07919286 0.2342588 0.1236505 0 0.006847258 0.04297763 0.04888992 0.004323597 0.07539623 0 0 0
