EnvRasters/GE_High/grain.asc
ncols         270
nrows         223
xllcorner     24099.479091542
yllcorner     21023.840179216
cellsize      1003.8986847201
NODATA_value  -9999
[rows 32 to 63 of 223, columns 72 to 143 of 270]
0.446934 0.229308 0.534998 0.568681 0.65584 0.520432 0.63678 0.455798 0.648317 0.655899 0.236688 0.471828 0.554599 0.11018 -9999 -9999 -9999 -9999 0.038122 0.327676 0.204976 -9999 0.153671 0.028161 0.0054 0.600394 0.503226 0.45121 0.518435 0.305458 0.293156 0.582273 0.351651 0.440414 0.323408 0.322089 0.018748 0.309598 0.395798 0.376981 0.215857 0.060139 0.288797 0.400269 0.360284 0.005889 0.006439 0.009143 0.181834 0.270609 0.025289 0.032396 0 0 0 0 0 0 0 0 0 0.023968 0.200895 0.078316 0.119296 0.081145 0.007923 0.0001 0.146751 0.053864 0.170122 0.362721
0.622104 0.483232 0.640799 0.516935 0.49771 0.555389 0.469085 0.554858 0.522377 0.733491 0.616209 0.315869 0.741569 0.362377 0.029813 0.19197 0.602966 0.347025 0.279059 0.526585 0.04326 0.010961 0.525526 0.482352 0.635808 0.520999 0.539578 0.651487 0.612918 0.181926 0.077648 0.231315 0.342483 0.317138 0.23427 0.086435 0.075266 0.170091 0.418738 0.480686 0.272919 0.221307 0.590969 0.353927 0.021805 0.00256 0.223094 0.220507 0.296135 0.202513 0.121114 0 0 0 0 0 0 0 0 0 0.001 0.1137 0.050159 0.124315 0.223102 0.189339 0.26061 0.385379 0.009364 0.003724 0.185752 0.188556
0.525304 0.318519 0.538328 0.460141 0.441841 0.580452 0.451382 0.519869 0.557927 0.618708 0.677717 0.289304 0.315663 0.028761 0.017046 0.158636 0.309461 0.440492 0.508256 0.380438 0.166843 0.387131 0.318167 0.221394 0.390119 0.336941 0.191098 0.303118 0.285466 0.375557 0.076935 0.048269 0.31467 0.256781 0.428478 0.222423 0.257832 0.250034 0.348868 0.455861 0.31076 0.200402 0.500397 0.051306 0.194828 0.361262 0.28543 0.350398 0.376952 0.209345 0.162601 0.023214 0 0 0 0 0 0 0 0 0 0.0199 0.198201 0.186929 0.014713 0.219443 0.204757 0.147837 0.026494 0.082748 0.093498 0.124002
0.479217 0.475844 0.394869 0.506849 0.413185 0.225535 0.247401 0.593263 0.552441 0.644066 0.359448 0.539935 0.190135 0.016745 0.07889 0.070799 0.124704 0.211953 0.45002 0.336608 0.417274 0.302715 0.270266 0.468923 0.434368 0.672599 0.733845 0.576198 0.306505 0.38784 0.161406 0.264955 0.364634 0.422864 0.141339 0.361191 0.401125 0.413375 0.601261 0.328673 0.172065 0.291842 0.243101 0.447354 0.376639 0.441524 0.457514 0.334301 0.389315 0.165052 0.006974 0 0 0 0 0 0 0 0 0.119803 0.062166 0.088764 0.080569 0.142242 0.087666 0.137271 0.011757 0.202934 0.175475 0.043175 0.230024 0.060872
0.358606 0.087126 0.115236 0.306458 0.549018 0.316851 0.364655 0.535452 0.523716 0.281051 0.187255 0.415477 0.084509 0 0.008096 0.00486 0.066523 0.237657 0.375063 0.4336 0.275011 0.067517 0.513707 0.440221 0.563349 0.32899 0.304231 0.147469 0.199843 0.119195 0.487763 0.499773 0.335865 0.343823 0.30544 0.20589 0.369758 0.218979 0.384355 0.245311 0.256095 0.202578 0.131125 0.368369 0.190718 0.341713 0.513222 0.470565 0.341155 0.29573 0.010546 0 0 0 0 0 0 0 0 0.16288 0.383086 0.158621 0.202024 0.251477 0.244579 0.343456 0.237058 0.113397 0.142412 0.096972 0.229329 0.193305
0.551255 0.299782 0.194182 0.41236 0.389776 0.302208 0.465117 0.533774 0.258272 0.085703 0.208382 0.161822 0.256361 0.022835 0 0.014895 0.444338 0.155667 0.128242 0.262054 0.26607 0.26489 0.176236 0.027983 0.094169 0.525649 0.322414 0.156158 0.220687 0.302677 0.522746 0.544616 0.321946 0.382813 0.299251 0.26206 0.146367 0 0.02388 0.077911 0.088887 0.021332 0.033052 0.307518 0.24358 0.450054 0.28709 0.408493 0.30001 0.212457 0 0 0 0 0.000451 0 0 0 0 0 0.121025 0.645911 0.445138 0.233346 0.073346 0.324402 0.352038 0.370595 0.181926 0.054278 0.249235 0.314084
0.370908 0.328806 0.490553 0.559363 0.567581 0.658805 0.594537 0.506219 0.616596 0.704469 0.436135 0.229637 0.083453 0 0 0.243763 0.558511 0.156281 0.415924 0.38481 0.642288 0.665807 0.540682 0.271726 0.612513 0.72462 0.435369 0.138617 0.543238 0.676827 0.630723 0.282786 0.26425 0.132466 0.453685 0.246678 0.041039 0 0.000156 0.018493 0.244605 0.239002 0.264392 0.531349 0.396307 0.52985 0.422607 0.479455 0.372006 0.019011 0 6.4e-005 0 0 0.003956 0 0.020622 4.6e-005 0.027529 0 2.2e-005 0.131786 0.079683 0.085307 0.288258 0.277695 0.487185 0.503122 0.345574 0.151882 0.097534 0.01489
0.08155 0.183089 0.628447 0.352704 0.476809 0.467773 0.33714 0.057469 0.213048 0.427938 0.057914 0.26044 0.006088 0.04421 0.025432 0.310494 0.308031 0.585969 0.588788 0.382041 0.313084 0.729664 0.492932 0.531985 0.584919 0.634153 0.402413 0.318211 0.300928 0.378862 0.088288 0.337538 0.214458 0.31333 0.351963 0.222358 0.084522 0.000999 0 0.038142 0.274186 0.229321 0.384867 0.368388 0.473984 0.535206 0.573803 0.564069 0.434762 0.06464 0.0117 0.000492 0.065725 0.023718 0.027086 0.03889 0.028894 0.00759 0.115991 0.009732 0.026699 0.161345 0.167828 0.129575 0.301557 0.589297 0.546171 0.548494 0.070956 0.038621 0 0.045256
0.302726 0.170715 0.419047 0.314156 0.453204 0.460461 0.486696 0.345905 0.666322 0.281429 0.056112 0.0949 0.00896 0.077992 0.224903 0.403998 0.354306 0.336188 0.179659 0.000403 0.001223 0.146799 0.179374 0.508587 0.132727 0.305311 0.277481 0.467988 0.482718 0.548153 0.218228 0.276288 0.409676 0.190854 0.187594 0.267364 0.142298 0.17571 0.09439 0.023434 0.201799 0.342555 0.301885 0.396695 0.422354 0.559668 0.702421 0.48959 0.106693 0.000173 0.010884 0.00189 0.125464 0.303647 0.080883 0.233253 0.507231 0.155294 0.142214 0.005048 0.00631 0.194936 0.178441 0.286086 0.43139 0.168642 0.115727 0.20665 0.017252 0.000616 0.052411 0.090281
0.475647 0.606509 0.4088 0.267927 0.327943 0.152115 0.597549 0.777649 0.468252 0.103524 0.226447 0.214216 0.048112 0.006197 0.387492 0.513357 0.556097 0.571082 0.42021 0.415164 0.408475 0.464335 0.393159 0.318936 0.344253 0.512753 0.28933 0.704592 0.597656 0.57784 0.31173 0.36703 0.165173 0.167918 0.238697 0.463614 0.201492 0.265766 0.055649 0.096812 0.039233 0.030827 0.231377 0.25502 0.375792 0.608267 0.50295 0.320405 0.048454 0.001984 0.001198 0 0.007523 0.096219 0 0.215229 0.391194 0.381376 0.004615 0.015884 0.177831 0.114862 0.421939 0.371257 0.441786 0.125747 0.010632 0.009412 0.035423 0.17205 0.215552 0.060334
0.362662 0.640517 0.57517 0.401691 0.211668 0.160008 0.568819 0.53294 0.464334 0.230678 0.276026 0.132369 0.001188 0.019567 0.656338 0.671007 0.411036 0.284478 0.178859 0.54362 0.394857 0.258504 0.420135 0.420918 0.434759 0.663063 0.223662 0.520415 0.466688 0.689718 0.352998 0.371687 0.069737 0.153435 0.280596 0.227808 0.163489 0.216 0.437074 0.501839 0.583151 0.066034 0.01017 0.029641 0.347636 0.446746 0.102315 0.215044 0.072994 0.011445 0.027434 0.094564 0.447259 0.268386 0.019049 0.239278 0.513305 0.252561 0.032347 0.011975 0.021665 0.016054 0.114769 0.133285 0.29329 0.377732 0.011099 0 0.000311 0.336545 0.24723 0.447134
0.393699 0.411463 0.38588 0.425434 0.347756 0.258077 0.47571 0.310121 0.07491 0.183297 0.03378 0.000291 0.07291 0.283388 0.441507 0.421066 0.367427 0.263059 0.279515 0.534848 0.511494 0.364946 0.218422 0.315788 0.510877 0.494461 0.134188 0.028 0.209432 0.324975 0.30678 0.336413 0.103667 0.000192 0.010414 0.082354 0.57113 0.451961 0.363158 0.415874 0.307594 0.028964 0.001552 0.028054 0.122623 0.078325 0 0.011993 0.031676 0.0739 0.190895 0.168086 0.346088 0.21384 0.203322 0.298957 0.376977 0.30321 0.112828 0.008748 0.062487 0.107546 0.070611 0.267782 0.294925 0.153627 0.054339 0.039963 0.072406 0.391712 0.541885 0.569887
0.325532 0.119201 0.185842 0.728633 0.424333 0.467201 0.237229 0.007644 0.041254 0.025554 0 0.102078 0.186428 0.194757 0.246861 0.416775 0.322942 0.656046 0.421088 0.411783 0.420164 0.357353 0.391337 0.46122 0.361644 0.149416 0.039571 0.006554 0.013814 0.377631 0.365033 0.437734 0.118155 0.152367 0.011242 0.159502 0.062394 0.030879 0.120832 0.125211 0.125238 0.029804 0.005346 0.02902 0.146295 0.029661 0.007324 0.112174 0.141731 0.0351 0.117132 0.035791 0.082277 0.024454 0.209448 0.251242 0.414721 0.315052 0.34068 0.204992 0.525473 0.289061 0.29135 0.274605 0.306401 0.066663 0.042961 0.285367 0.30949 0.339778 0.417794 0.405099
0.178748 0.347907 0.139755 0.30638 0.189263 0.207253 0.222335 0.004868 0.001157 0 0.00011 0.005403 0.236735 0.334023 0.327258 0.156219 0.07396 0.220799 0.292008 0.358789 0.23618 0.444251 0.526471 0.434403 0.280067 0.114638 0.001016 0.001483 0.020171 0.093958 0.390432 0.129206 0.273383 0.139117 0.164516 0.135549 0.080684 0.027929 0.131514 0.109067 0.06331 0.1445 0.122149 0.17385 0.086373 0.179179 0.047165 0.374181 0.211727 0.041147 0.02059 0 0.0387 0.008843 0.185591 0.044102 0.112797 0.416776 0.259169 0.189993 0.284705 0.329557 0.202612 0.193023 0.103713 0.094513 0.202386 0.470059 0.281492 0.346623 0.507558 0.256126
0.147247 0.167292 0.038371 0.063679 0.096083 0.027367 0.00174 0 0 0 0.009962 0.104108 0.10658 0.293286 0.170892 0.010625 0.125261 0.150677 0.338153 0.581683 0.550079 0.186325 0.468652 0.484717 0.341064 0.217959 0.188649 0.010344 0.002105 0.032484 0.253693 0.476424 0.369545 0.352212 0.241894 0.196736 0.01646 8e-006 0.050996 0.137366 0.08124 0.148355 0.119547 0.032906 0 0.001734 0.091341 0.421752 0.290799 0.249651 0.006726 0.00099 0 0 0.03465 0.239108 0.187621 0.48078 0.320147 0.375072 0.507246 0.276526 0.000437 2.8e-005 0.08576 0.23988 0.101765 0.238887 0.36508 0.286097 0.007006 0.4043
0.538936 0.362456 0.032479 0.22347 0.090434 0.039898 0.010393 0.000585 0 0 0.025244 0.14619 0.027796 0.171708 0.240356 0.175797 0.268252 0.274073 0.438069 0.279595 0.489306 0.340721 0.410096 0.720682 0.30257 0.498831 0.547566 0.034821 0.069861 0.253651 0.23832 0.187809 0.59934 0.542379 0.407712 0.49715 0.387815 0.017929 0.206394 0.2321 0.023383 0.156719 0.215859 0.065002 0.224562 0.17595 0.199314 0.122747 0.303808 0.26642 0.026241 0.006303 0 0 0 0 0 0.045915 0.112317 0.128053 0.201205 0.027109 0.00522 0.066686 0.125226 0.170359 0.15584 0.271129 0.26765 0.336885 0.199873 0.231603
0.284098 0.35556 0.521779 0.101939 0.022768 0 0.000392 3.6e-005 0 0 0.001846 0.009433 0.050432 0.099503 0.323656 0.372647 0.16166 0.426692 0.296784 0.193452 0.554649 0.606251 0.593883 0.632849 0.573508 0.624076 0.56056 0.397919 0.702218 0.144319 0.032506 0.035939 0.517937 0.395624 0.194248 0.280854 0.292347 0.266457 0.431798 0.226795 0.082373 0.065483 0.271029 0.419395 0.523552 0.754999 0.357679 0.053639 0.154471 0.041682 0.110131 0.07449 0.001455 0 0 0.035046 0.262152 0.000396 0.073715 0.091678 0.003057 0.004209 0.094192 0.133192 0.208489 0.169142 0.276408 0.221143 0.245567 0.351503 0.490762 0.365334
0.299702 0.160198 0.219319 0.224076 0.000166 0.000537 0 0 0 0 0 0 0.123596 0.099531 0.167786 0.202979 0.28331 0.420398 0.303904 0.240104 0.453025 0.476008 0.387317 0.648455 0.587536 0.599985 0.509502 0.238885 0.283977 0.017141 9.6e-005 0.071048 0.400869 0.336764 0.393023 0.452199 0.265264 0.290208 0.101808 0.484032 0.069345 0.186246 0.293563 0.554571 0.261602 0.381357 0.373782 0.151077 0.205337 0.025633 0.225373 0.244963 0.002619 0.000663 0.000289 0.222589 0.257697 0.130415 0.019686 0.010344 0.104877 0.119821 0.160868 0.059567 0.048899 0.09034 0.299228 0.170997 0.084674 0.373529 0.295513 0.208898
0.303932 0.293086 0.30046 0.146246 0.001043 0.000825 0 0 0 0 0 5.6e-005 0.033166 0.021575 0.103315 0.079357 0.290224 0.288116 0.412146 0.418364 0.369941 0.419511 0.458172 0.606234 0.340562 0.519512 0.38261 0.374428 0.199104 0.342419 0.095177 0.329762 0.371938 0.488693 0.118064 0.131619 0.276067 0.184002 0.145751 0.404671 0.079337 0.001816 0.212254 0.525398 0.275299 0.448777 0.449841 0.129117 0.555749 0.279625 0.214029 0.081752 0 0.019504 0.034365 0.0016 0.449394 0.263516 0.097728 0.009117 0.094259 0.02814 0.11041 0.021025 0.04967 0.265473 0.285018 0.103818 0.148349 0.247066 0.505612 0.062854
0.426164 0.341605 0.07948 0.008509 0.004802 0.000315 0 0 0 0 0 0.069378 0.26708 0.114643 0.029784 0.11598 0.356732 0.240724 0.4156 0.41894 0.265501 0.38563 0.311237 0.397077 0.073749 0.219756 0.093672 0.376481 0.297806 0.466733 0.45815 0.353832 0.081925 0.134819 0.076289 0.171137 0.081163 0.057362 0.04341 0.1527 0.114057 0.181523 0.154972 0.291279 0.538234 0.416612 0.367488 0.223883 0.351872 0.361786 0.389194 0.171333 0.026447 0.00099 0.14435 0.276038 0.200463 0.050709 0.046099 0 0.055871 0.063638 0.000568 0.066988 0.11232 0.087677 0.204475 0.237115 0.404951 0.328327 0.229567 0.134047
0.159814 0.170265 0.239313 0.25868 0.093653 0.086382 0 0 0 0 0 0.000105 0.132193 0.045871 0.049625 0.354266 0.50577 0.187999 0.186997 0.205153 0.28263 0.253526 0.137894 0.398384 0.370903 0.191004 0.058796 0.363173 0.238629 0.583785 0.487092 0.093034 0.28771 0.043606 0.014619 0.131551 0.054334 0.084003 0.021711 0.093339 0.164915 0.410073 0.358539 0.484218 0.509124 0.180038 0.10218 0.375571 0.340118 0.472661 0.135676 0.260051 0.159068 0.102891 0.367303 0.465597 0.355493 0.066836 0.002115 0.008008 0.006872 0 0.00035 0.018855 0.174323 0.030493 0.170827 0.188732 0.224047 0.311742 0.412479 0.221973
0.101674 0.012496 0.134445 0.464459 0.067287 0.015292 0 0 0 0.021762 0 0 0.100766 0.139535 0.071375 0.047751 0.265687 0.076822 0.14365 0.351838 0.305602 0.042111 0.060886 0.066829 0.314497 0.072584 0.139559 0.272676 0.339783 0.596938 0.168412 0.177765 0.227305 0.030259 0.0003 0.003488 0.105205 0.153362 0.191541 0.093322 0.045584 0.18202 0.381359 0.419741 0.260369 0.055513 0.208747 0.276105 0.104034 0.497174 0.180569 0.614612 0.087261 0.444774 0.566323 0.461073 0.189672 0.009716 0.075885 0.175719 0 0 0 0.035624 0.029425 0.064644 0.13182 0.265733 0.094194 0.231055 0.173127 0.42483
0.003366 0 0.030266 0.100358 0.000893 0.086022 0.008073 0.006531 0 0.000118 0 0 0.001013 0.210126 0.177105 0.403765 0.188903 0.303535 0.185528 0.290404 0.368156 0.213042 0.14942 0.104566 0.169667 0.098015 0.236752 0.000268 0.122459 0.451207 0.044383 0.242898 0.303871 0.298357 0.006675 0.0065 0.143358 0.122713 0.188191 0.237251 0.366051 0.258357 0.365645 0.119149 0.328998 0.410681 0.433326 0.387503 0.14168 0.408289 0.320938 0.410145 0.156445 0.411856 0.512388 0.604059 0.529414 0.479824 0.318606 0.106678 0 0 0 0.015738 0.003569 0.038781 0.003998 0.087942 0.099931 0.211208 0.241147 0.363424
0 8.7e-005 0.034148 0.292239 0.152666 0.215642 0.066405 1e-005 0 0.001781 0.001654 0.002523 0.020262 0.111963 0.224323 0.249744 0.260895 0.241508 0.0449 0.059454 0.105622 0.094972 0.056938 0.082431 0.080108 0.079248 0.145015 0.113326 0.268554 0.194451 0.405397 0.348045 0.07117 0.048802 0.212469 0.05396 0.266372 0.416008 0.414742 0.455998 0.056563 0.055332 0.141876 0.185002 0.09842 0.402367 0.532366 0.265854 0.310303 0.21576 0.11276 0.142253 0.051433 0.240308 0.486973 0.488808 0.361184 0.408697 0.084411 0.050103 0 0 0 0.084047 0.120753 0.032474 0.012377 0.019411 0.005882 0.072605 0.159539 0.281887
0.073235 0.171077 0.119088 0.272659 0.263131 0.276802 0.284549 0.000502 0.004069 0.014274 0.027732 0.017041 0.063615 0 0.040133 0.078716 0.246881 0.289056 0.006655 0 0.020017 0.154371 0.093242 0.063115 0.139847 0.093229 0.093508 0.11665 0.17883 0.295984 0.445276 0.173867 0.385883 0.137906 0.219954 0.325212 0.133974 0.146453 0.325383 0.368123 0.205791 0.123379 0.032661 0.189172 0.612682 0.467856 0.229698 0.250084 0.082082 0.051775 0.372991 0.510521 0.208186 0.094246 0.369657 0.393051 0.36254 0.332945 0.344568 0.09423 0 0.018704 0.20906 0.035239 0.219004 0.205788 0.188599 0.238417 0.074852 0 0 0.047552
0.349494 0.400909 0.023479 4.1e-005 0.401761 0.193545 0.494027 0.195691 0.180225 0.011882 0.17306 0.097552 0.207282 0.067063 0.20941 0.13746 0.172682 0.103234 0.094121 0.103598 0.104686 0.189293 0.076824 0.137362 0.087058 0.42017 0.501359 0.315429 0.380446 0.234264 0.312128 0.236718 0.237915 0.128991 0.250078 0.501809 0.081274 0.002982 0.163974 0.250948 0.175553 0.252615 0.132761 0.236396 0.341426 0.314583 0.165725 0.655718 0.362155 0.183439 0.423413 0.426616 0.360628 0.235335 0.173536 0.321396 0.522568 0.444732 0.520684 0.324433 0.0586 0.141372 0.199428 0.031289 0.137119 0.021351 0.076046 0.249328 0.269851 0.314549 0.09917 0.174308
0.365348 0.525669 0.239743 0.149471 0.246862 0.409179 0.496594 0.297768 0.172311 0.032536 0.238917 0.487767 0.428731 0.1853 0.444677 0.416116 0.146608 0.255921 0.298002 0.197895 0.222901 0.097268 0.135453 0.125392 0.10478 0.314903 0.341773 0.461491 0.274527 0.35047 0.131144 0.020746 0.149367 0.150331 0.168405 0.382248 0.301611 0.035045 0.224173 0.311035 0.321726 0.439289 0.432541 0.142565 0.57751 0.449054 0.217571 0.543401 0.571345 0.23206 0.336502 0.494973 0.372571 0.224285 0.021036 0.348822 0.439835 0.530072 0.453992 0.219975 0.185909 0.308124 0.00246 0.000196 0.000284 0.095256 0.16421 0.069178 0.157572 0.156075 0.382274 0.277311
0.279739 0.425617 0.466812 0.061233 0.286018 0.365556 0.194727 0.088606 0.089726 0.092237 0.289035 0.373143 0.562688 0.07509 0.358262 0.388641 0.138625 0.158317 0.175336 0.307199 0.356047 0.140021 0.09937 0.301762 0.197027 0.210218 0.258862 0.166905 0.306357 0.354161 0.195957 0.13895 0.16143 0.158563 0.179865 0.217164 0.351174 0.250743 0.445367 0.419465 0.1264 0.529202 0.356468 0.409382 0.619094 0.50178 0.28749 0.521949 0.355504 0.277766 0.479245 0.477341 0.147339 0.101288 0.0189 0.208659 0.58131 0.181424 0.418516 0.278865 0.051196 0.151903 0.020758 0 0.097122 0.094801 0.053697 0.022244 0.091006 0.061571 0.119026 0.003528
0.716772 0.526865 0.24776 0.352253 0.564191 0.18609 0.089305 0.203639 0.199418 0.157222 0.22508 0.574676 0.500014 0.398538 0.279164 0.430823 0.340533 0.300374 0.217317 0.406003 0.322258 0.222095 0.165352 0.12388 0.184888 0.131663 0.000231 0.072231 0.365309 0.218314 0.049123 0.195388 0.186578 0.381855 0.294161 0.320828 0.389957 0.451027 0.192629 0.160214 0.017986 0.142758 0.362919 0.493756 0.399381 0.273921 0.534871 0.315159 0.499849 0.062611 0.309888 0.385958 0.5385 0.305499 0.154459 0.330355 0.288404 0.480967 0.414737 0.135414 0.228878 0.336467 0.012979 0.17219 0.348988 0.110197 0.238045 0.120331 0.241367 0.070791 0.143275 0.026647
0.286876 0.219416 0.071267 0.227675 0.134183 0.080748 0.086732 0.459919 0.18289 0.262749 0.368 0.385176 0.303976 0.455489 0.461989 0.255997 0.275211 0.62752 0.217586 0.413912 0.090275 0.337762 0.276475 0.299437 0.13679 0.106394 0.181407 0.240348 0.259332 0.040265 0.003235 0.149932 0.186925 0.293916 0.215701 0.250056 0.403943 0.166652 0.224565 0.296973 0.176027 0.434806 0.386966 0.061775 0.065266 0.28624 0.335034 0.462983 0.181859 0.232335 0.213651 0.233902 0.594771 0.269189 0.636286 0.575339 0.484017 0.525995 0.325149 0.136361 0.430079 0.133669 0.100111 0.127797 0.442622 0.512352 0.509774 0.422534 0.075568 0.097353 0.05713 0.044053
0.459981 0.475042 0.442472 0.353116 0.126436 0.179894 0.357738 0.144852 0.138502 0.358094 0.339111 0.260959 0.329212 0.336145 0.103858 0.447451 0.294681 0.616454 0.206175 0.415728 0.199304 0.241595 0.232877 0.375255 0.132342 0.304664 0.160113 0.129037 0.207301 0.104303 0.00143 0.083935 0.174377 0.308919 0.135942 0.2528 0.353103 0.315803 0.434228 0.274935 0.411525 0.450907 0.56008 0.140676 0.190451 0.368008 0.486551 0.509868 0.259258 0.126048 0.460042 0.340298 0.634872 0.242373 0.300195 0.303594 0.174243 0.108355 0.181686 0.187248 0.153586 0.232583 0.411233 0.178475 0.240817 0.241609 0.322234 0.41193 0.095882 0.309408 0.517952 0.215026
0.617939 0.369355 0.491338 0.177488 0.479877 0.50922 0.38615 0.511304 0.664341 0.509564 0.522971 0.388453 0.096875 0.222625 0.243597 0.25745 0.568909 0.2785 0.449363 0.338907 0.094694 0.343326 0.479413 0.303065 0.08759 0.250486 0.052595 0.118681 0.114087 0.00044 0 0 0.076195 0.282466 0.027259 0.222671 0.269365 0.266302 0.231554 0.144297 0.466219 0.494532 0.594246 0.330909 0.630179 0.439934 0.376659 0.609883 0.316552 0.345345 0.011128 0.170047 0.570169 0.104612 0.17092 0.152324 0.009557 0 0.062622 0.343913 0.147158 0.403077 0.483428 0.231721 0.311817 0.408856 0.165986 0.300131 0.282744 0.407937 0.406827 0.448643
