EnvRasters/GE_High/grain.asc
ncols         270
nrows         223
xllcorner     24099.479091542
yllcorner     21023.840179216
cellsize      1003.8986847201
NODATA_value  -9999
[rows 64 to 95 of 223, columns 0 to 71 of 270]
0.05793 0.46652 0.365242 0.322499 0.762628 0.616397 0.592468 0.487011 0.75998 0.658956 0.550231 0.497915 0.573339 0.642527 0.681145 0.656828 0.706424 0.670134 0.534559 0.564246 0.681992 0.553002 0.57674 0.537065 0.687242 0.481301 0.413973 0.554125 0.553581 0.349084 0.360486 0.43694 0.499325 0.577308 0.481955 0.520229 0.414857 0.156734 0.188004 0.046315 0.111788 0.1112 0.018356 0.004512 0.006767 0.113074 0.125671 0.051012 0.379445 0.400616 0.424539 0.430215 0.333152 0.332244 0.245663 0.421377 0.4792 0.120989 0.200331 0.327226 0.217954 0.062556 0.070461 0.250558 0.632084 0.558595 0.409592 0.483866 0.438554 0.39068 0.386172 0.69474
-9999 0.034846 0.55965 0.657672 0.710596 0.587032 0.724977 0.413203 0.704401 0.660579 0.586785 0.561587 0.588032 0.390107 0.515528 0.45772 0.684802 0.428885 0.574701 0.389866 0.750382 0.695209 0.663831 0.156539 0.267936 0.514486 0.362639 0.579431 0.622312 0.675825 0.489591 0.520132 0.613331 0.740212 0.332891 0.519552 0.473653 0.215224 0.331685 0.299919 0.283422 0.284471 0.168278 0.019611 0.002985 0.039147 0.085485 0.001641 0.17727 0.155289 0.125341 0.302064 0.087291 0.086135 0.270848 0.231486 0.429472 0.40824 0.43839 0.210481 0.048423 0.013525 0.308897 0.284921 0.276243 0.496776 0.40996 0.485916 0.458047 0.158054 0.33819 0.47848
-9999 0.050447 0.607286 0.694587 0.587778 0.678244 0.603919 0.491096 0.573755 0.522857 0.513599 0.64774 0.745989 0.661048 0.32728 0.586015 0.633304 0.703099 0.552363 0.597089 0.60891 0.542026 0.517923 0.460096 0.291597 0.521013 0.642412 0.594675 0.682171 0.605943 0.394569 0.468156 0.540416 0.53023 0.484835 0.443687 0.569458 0.495481 0.516695 0.578855 0.603933 0.56713 0.252711 0.041819 0.047842 0.283829 0.431142 0.168731 0.288927 0.339373 0.323786 0.278727 0.144344 0.338438 0.21097 0.083446 0.150651 0.035734 0.103226 0.237808 0.228152 0.093956 0.246609 0.243643 0.346534 0.533595 0.322283 0.442528 0.576619 0.593559 0.57793 0.319955
-9999 0.096835 0.706095 0.646467 0.451368 0.419813 0.56929 0.485455 0.413085 0.650143 0.704377 0.521268 0.630381 0.523017 0.632668 0.806707 0.646319 0.674693 0.581441 0.247879 0.259873 0.525331 0.71245 0.673926 0.51417 0.46691 0.524663 0.627697 0.623746 0.607096 0.330225 0.266661 0.438577 0.298311 0.307257 0.551354 0.474619 0.249598 0.41059 0.464519 0.392741 0.381177 0.365597 0.232679 0.432511 0.32775 0.459883 0.46371 0.54353 0.45927 0.443253 0.442067 0.122863 0.147994 0.183 0.061447 0.191272 0.094699 0.095891 0.306099 0.402394 0.376102 0.165599 0.374959 0.50251 0.411656 0.144791 0.723251 0.731781 0.604156 0.496066 0.682246
-9999 0.061052 0.787756 0.614979 0.674564 0.730813 0.653068 0.387669 0.324349 0.723967 0.591733 0.611809 0.728563 0.578486 0.65764 0.765795 0.177468 0.505254 0.568387 0.649052 0.184502 0.583903 0.689757 0.802966 0.627186 0.592451 0.505738 0.587055 0.639427 0.499164 0.422718 0.491086 0.493762 0.079445 0.273107 0.431561 0.591646 0.319529 0.523463 0.551787 0.477753 0.365094 0.363138 0.606001 0.52994 0.337513 0.050784 0.449426 0.54665 0.365575 0.369536 0.482464 0.224723 0.130906 0.208646 0.22526 0.236059 0.22817 0.001381 0.0072 0.07925 0.240089 0.206862 0.406608 0.375698 0.383043 0.724941 0.534035 0.481874 0.626653 0.559933 0.496697
-9999 0.0374 0.65409 0.850612 0.766991 0.721119 0.518121 0.573651 0.444058 0.599432 0.611361 0.541776 0.840219 0.499648 0.477188 0.827664 0.694712 0.664562 0.722335 0.7357 0.196749 0.398212 0.603019 0.693632 0.649743 0.608995 0.606 0.621311 0.407747 0.334101 0.574395 0.618384 0.561537 0.523449 0.616332 0.52651 0.503038 0.454808 0.378209 0.37469 0.389072 0.446557 0.460339 0.598933 0.449118 0.384958 0.21529 0.514518 0.527871 0.233462 0.363629 0.315157 0.413289 0.172112 0.013484 0.1615 0.639113 0.429639 0.146383 0.000862 0.012625 0.099507 0.134066 0.3749 0.236976 0.327053 0.723634 0.572569 0.537608 0.475289 0.703669 0.637932
-9999 0.00816 0.477089 0.639312 0.59951 0.57625 0.575316 0.64092 0.555411 0.40211 0.50488 0.610949 0.633255 0.491322 0.313044 0.666256 0.71795 0.658691 0.358503 0.526309 0.395456 0.065361 0.402185 0.588682 0.636417 0.610958 0.483114 0.310492 0.112852 0.465342 0.544422 0.650675 0.592808 0.555105 0.517551 0.656849 0.615914 0.510478 0.512407 0.396852 0.253939 0.257427 0.263415 0.609442 0.418403 0.655005 0.271982 0.481876 0.338324 0.358412 0.332881 0.167342 0.095876 0.143765 0.335239 0.35116 0.457059 0.507163 0.164403 0.299216 0.033898 0.045354 0.202265 0.263599 0.294428 0.474929 0.662026 0.574941 0.635139 0.73206 0.63527 0.512608
-9999 0.299832 0.45928 0.550092 0.804067 0.567444 0.675514 0.645796 0.487065 0.129817 0.000697 0.269625 0.552708 0.513434 0.485034 0.558492 0.337539 0.309049 0.681129 0.624415 0.183429 0.00681 0.229634 0.504988 0.566503 0.550026 0.31434 0.501668 0.424502 0.329132 0.445457 0.578837 0.632333 0.656932 0.579627 0.397079 0.644297 0.191141 0.28526 0.542598 0.412184 0.21119 0.211485 0.507115 0.347949 0.36603 0.598335 0.243671 0.087402 0.306937 0.063843 0.037339 0.17991 0.261035 0.378434 0.375186 0.326208 0.120514 0.240596 0.230086 0.06278 0.03016 0.116228 0.422886 0.51462 0.413202 0.664705 0.70661 0.552749 0.680011 0.507177 0.061579
-9999 0.070435 0.382503 0.586249 0.737676 0.735544 0.521768 0.739159 0.500653 0.101524 0.048615 0.153601 0.531376 0.628414 0.503681 0.534658 0.456394 0.24416 0.647332 0.241612 0.000574 0.001133 0.026849 0.320009 0.578702 0.364205 0.41447 0.277601 0.115253 0.509092 0.450044 0.281965 0.602759 0.594234 0.563012 0.379286 0.152716 0.362772 0.234882 0.681851 0.398638 0.286516 0.131183 0.342563 0.657253 0.335132 0.082093 0.003099 0.006596 0.008751 0.035873 0.000621 0.164832 0.356353 0.015428 0.123791 0.169418 0.263814 0.326533 0.490386 0.651001 0.285577 0.219426 0.502229 0.481386 0.555223 0.716838 0.716356 0.634427 0.648958 0.40682 0.009188
-9999 -9999 0.129629 0.530508 0.581677 0.519706 0.466513 0.726431 0.570436 0.558829 0.484244 0.519776 0.538363 0.595595 0.681164 0.515162 0.530718 0.581259 0.734716 0.395973 0.112235 0.071654 0.187548 0.376375 0.564464 0.374291 0.296892 0.333577 0.423909 0.456325 0.488787 0.577387 0.597063 0.534613 0.560969 0.42315 0.331213 0.463188 0.609784 0.473618 0.199249 0.159544 0.072419 0.101396 0.135966 0.081417 0.281854 0.024619 0.009972 0.047083 0 0.007779 0.117944 0.227192 0.083344 0.146073 0.359708 0.350032 0.339926 0.496871 0.280054 0.38378 0.307934 0.497081 0.347625 0.543413 0.455595 0.629886 0.630525 0.425726 0.097228 0.000606
-9999 -9999 0 0.444065 0.575545 0.508277 0.571245 0.717971 0.55378 0.614261 0.652165 0.514861 0.544764 0.584545 0.579542 0.646398 0.748648 0.617397 0.682069 0.535235 0.397732 0.294322 0.565979 0.410468 0.441748 0.388562 0.370609 0.274726 0.25272 0.354424 0.443773 0.528061 0.624492 0.61675 0.684639 0.553948 0.655488 0.458298 0.54967 0.554665 0.139236 0.307666 0.298098 0.093667 0.12518 0.033939 0.068275 0.005638 0.015312 0.014518 0.015629 0.000759 0.146638 0.349434 0.435945 0.384839 0.110631 0.036305 0.128921 0.592602 0.534338 0.531119 0.129722 0.477825 0.515154 0.46256 0.660207 0.485796 0.414221 0.404248 0.031998 0
-9999 -9999 -9999 0.535482 0.756204 0.483087 0.32044 0.805865 0.65271 0.6344 0.615299 0.635521 0.413362 0.547405 0.56937 0.611449 0.674526 0.35142 0.440573 0.642675 0.685281 0.577872 0.406153 0.324446 0.233808 0.270872 0.33752 0.538197 0.487875 0.59495 0.463997 0.59292 0.434422 0.55273 0.555567 0.434704 0.547974 0.511438 0.558868 0.532359 0.53648 0.405463 0.281274 0.465349 0.297019 0.019784 0.010736 0 0 0.004305 0.076391 0.021695 0.098677 0.45151 0.493107 0.426363 0.399363 0.468477 0.379718 0.513561 0.566722 0.55414 0.482403 0.481164 0.379666 0.535282 0.702042 0.501263 0.380237 0.401182 0.041005 0.030255
-9999 -9999 -9999 0.0338 0.120674 0.031186 0.041338 0.144077 0.142151 0.255905 0.717165 0.585612 0.582074 0.504317 0.536367 0.736099 0.619785 0.557371 0.506766 0.459032 0.508162 0.514626 0.469345 0.03825 0.138674 0.479205 0.692552 0.586874 0.593906 0.516746 0.427331 0.563421 0.523812 0.406153 0.189667 0.413018 0.510077 0.302932 0.44121 0.594546 0.521311 0.005846 0.108793 0.303738 0.273235 0.284512 0.170304 0.00427 7.2e-005 0.019398 0.288604 0.422721 0.053011 0 0.366962 0.216248 0.481715 0.458523 0.590324 0.217765 0.459619 0.57428 0.590336 0.610705 0.506844 0.497572 0.413249 0.27198 0.128326 0.353207 0.533479 0.519916
-9999 -9999 -9999 -9999 -9999 -9999 -9999 -9999 -9999 0.100546 0.717064 0.443714 0.638176 0.697195 0.58741 0.568532 0.676167 0.801525 0.615544 0.769112 0.685962 0.683555 0.666541 0.342251 0.51467 0.54383 0.43953 0.576456 0.494658 0.557796 0.54937 0.568662 0.530842 0.433018 0.198594 0.403508 0.491873 0.049038 0.219859 0.490978 0.279205 0.002588 0.00831 0.149254 0.107836 0.047897 0.014679 0.009162 0.000934 0.044096 0.211686 0.341848 0.033985 0.032101 0.162975 0.459196 0.59234 0.627344 0.426568 0.487807 0.69526 0.294564 0.337194 0.568537 0.584154 0.697594 0.381319 0.33552 0.471634 0.307386 0.308249 0.479556
-9999 -9999 -9999 -9999 -9999 -9999 -9999 -9999 -9999 0.047831 0.575953 0.33523 0.486865 0.543138 0.513364 0.495078 0.751114 0.602105 0.515707 0.687342 0.496331 0.590287 0.652698 0.667712 0.706339 0.678793 0.371672 0.580451 0.654144 0.459792 0.655598 0.512852 0.467815 0.570889 0.584417 0.411515 0.002156 0 0.097532 0.268611 0.241687 0.316785 0.074698 0.262711 0.19917 0.241 0.03447 0.176563 0.087019 0.066586 0.447441 0.617051 0.252922 0.534749 0.367543 0.663987 0.528618 0.559944 0.394774 0.522499 0.552665 0.454118 0.506205 0.602914 0.45755 0.490838 0.48449 0.460844 0.687209 0.70029 0.470687 0.470646
-9999 -9999 -9999 -9999 -9999 -9999 -9999 -9999 -9999 -9999 0.196888 0.208527 0.24541 0.555535 0.631791 0.52156 0.354941 0.333502 0.609296 0.558 0.274565 0.506767 0.642094 0.645758 0.646441 0.717808 0.282839 0.636414 0.530501 0.389245 0.556049 0.355164 0.205161 0.319045 0.519599 0.217504 0.000177 0 0.020008 0.171646 0.316265 0.366317 0.05237 0.10597 0.373799 0.231477 0.116971 0.439374 0.704247 0.439615 0.66046 0.415681 0.623182 0.676587 0.540989 0.464613 0.539396 0.517915 0.52171 0.570112 0.559117 0.684715 0.599136 0.398524 0.141554 0.116666 0.614699 0.475702 0.80802 0.358227 0.221676 0.483843
-9999 -9999 -9999 -9999 -9999 -9999 -9999 -9999 -9999 -9999 0 0.073427 0.499569 0.654506 0.578395 0.293654 0.255079 0.473188 0.604869 0.666711 0.641875 0.63904 0.621099 0.588415 0.559567 0.688396 0.680548 0.516647 0.337843 0.176442 0.130844 0.018402 0.000237 0.068191 0.34016 0.376963 0.064862 -9999 -9999 0.054381 0.452574 0.584287 0.520107 0.379526 0.365292 0.253974 0.403289 0.621617 0.511424 0.611637 0.448921 0.581354 0.595816 0.664227 0.480528 0.301078 0.508683 0.437721 0.449553 0.500236 0.422169 0.452206 0.447111 0.13638 0.335186 0.223449 0.654564 0.436268 0.613839 0.450878 0.443091 0.623514
-9999 -9999 -9999 -9999 -9999 -9999 -9999 -9999 -9999 -9999 -9999 -9999 0.467116 0.349943 0.454146 0.535312 0.637893 0.583349 0.608631 0.816606 0.692265 0.519275 0.531555 0.748911 0.484369 0.619251 0.600503 0.635251 0.223874 0.029242 0.038899 0.055802 -9999 -9999 0.001168 0.011197 -9999 -9999 -9999 -9999 0.251054 0.352255 0.209702 0.453852 0.418238 0.271211 0.594911 0.506696 0.304876 0.33873 0.472236 0.632469 0.608888 0.647829 0.579526 0.533138 0.363497 0.55734 0.560023 0.35978 0.010793 0.159683 0.254557 0.076457 0.678354 0.483415 0.521068 0.475988 0.539135 0.536026 0.4726 0.633689
-9999 -9999 -9999 -9999 -9999 -9999 -9999 -9999 -9999 -9999 -9999 -9999 0.33409 0.643008 0.832 0.717944 0.732254 0.538219 0.507578 0.710136 0.709732 0.522146 0.612454 0.726137 0.681548 0.534713 0.457552 0.598766 0.2136 0 -9999 -9999 -9999 -9999 -9999 -9999 -9999 -9999 -9999 -9999 0.001782 0.263146 0.487772 0.502385 0.221625 0.404074 0.629276 0.287251 0.643612 0.600077 0.327086 0.624485 0.693994 0.640414 0.471976 0.669432 0.221789 0.319713 0.706986 0.638846 0.153022 0.338374 0.589267 0.239476 0.307278 0.178657 0.331799 0.362567 0.414671 0.34797 0.361352 0.313436
-9999 -9999 -9999 -9999 -9999 -9999 -9999 -9999 -9999 -9999 -9999 -9999 -9999 0.262984 0.649169 0.796681 0.527319 0.511445 0.68247 0.800045 0.878475 0.670451 0.703962 0.69658 0.49344 0.044588 0.135596 0.05874 -9999 -9999 -9999 -9999 -9999 -9999 -9999 -9999 -9999 -9999 -9999 -9999 -9999 0.135941 0.024489 0.15732 0.02347 0.055884 0.255696 0.596903 0.785783 0.720506 0.70317 0.545194 0.64588 0.591005 0.460513 0.54885 0.664883 0.463156 0.600037 0.378214 0.180307 0.331245 0.437479 0.038669 0.035972 0.195207 0.397676 0.337538 0.24698 0.078562 0.081093 0.042598
-9999 -9999 -9999 -9999 -9999 -9999 -9999 -9999 -9999 -9999 -9999 -9999 -9999 0.053568 0.370789 0.623931 0.473042 0.616797 0.734251 0.612934 0.388951 0.353164 0.422802 0.789315 0.220986 0.001026 -9999 -9999 -9999 -9999 -9999 -9999 -9999 -9999 -9999 -9999 -9999 -9999 -9999 -9999 -9999 0 9e-006 0.000321 0.000152 0.002217 0.008043 0.434075 0.69007 0.691437 0.615862 0.611535 0.626449 0.644547 0.416405 0.442985 0.66227 0.36706 0.515986 0.470982 0.663351 0.503927 0.507408 0.648194 0.467753 0.522653 0.575301 0.635463 0.553243 0.244405 0.021685 0.000374
-9999 -9999 -9999 -9999 -9999 -9999 -9999 -9999 -9999 -9999 -9999 -9999 -9999 4.2e-005 0.294028 0.548886 0.64927 0.680592 0.681609 0.766146 0.434068 0.274471 0.234924 0.762972 0.460796 0.0082 -9999 -9999 -9999 -9999 -9999 -9999 -9999 -9999 -9999 -9999 -9999 -9999 -9999 -9999 -9999 -9999 6.4e-005 0 0.006039 0.016523 0.124141 0.412936 0.474551 0.63854 0.656219 0.615031 0.444652 0.681483 0.715907 0.661682 0.693255 0.61464 0.589709 0.690658 0.534072 0.600687 0.594964 0.481967 0.27802 0.258142 0.482003 0.721382 0.349526 0.240811 0.058876 0.033476
-9999 -9999 -9999 -9999 -9999 -9999 -9999 -9999 -9999 -9999 -9999 -9999 -9999 -9999 0.093984 0.467657 0.502222 0.533459 0.448153 0.577252 0.290286 0.590341 0.582433 0.340156 0.00058 -9999 -9999 -9999 -9999 -9999 -9999 -9999 -9999 -9999 -9999 -9999 -9999 -9999 -9999 -9999 -9999 -9999 0.000103 0.035125 0.09554 0.325469 0.627754 0.675726 0.577397 0.501508 0.055104 0.09839 0.359721 0.458374 0.635862 0.56214 0.446792 0.400143 0.495511 0.863903 0.808069 0.537743 0.680296 0.580906 0.533939 0.599945 0.672959 0.387279 0.364522 0.489239 0.301061 0.254283
-9999 -9999 -9999 -9999 -9999 -9999 -9999 -9999 -9999 -9999 -9999 -9999 -9999 -9999 -9999 0.02777 0.040041 -9999 0.148151 0.680071 0.581176 0.299938 0.048991 0.473662 0.00807 -9999 -9999 -9999 -9999 -9999 -9999 -9999 -9999 -9999 -9999 -9999 -9999 -9999 -9999 -9999 -9999 -9999 0.015504 0.099169 0.168706 0.310622 0.372236 0.410516 0.441929 0.217469 0.252526 0.430566 0.480442 0.432882 0.287921 0.684319 0.646762 0.453167 0.599629 0.632041 0.793958 0.568198 0.629688 0.682717 0.602679 0.498553 0.630074 0.615753 0.705743 0.31779 0.18075 0.534671
-9999 -9999 -9999 -9999 -9999 -9999 -9999 -9999 -9999 -9999 -9999 -9999 -9999 -9999 -9999 -9999 -9999 -9999 -9999 0.219128 0.182834 0.341735 0.562054 0.36539 -9999 -9999 -9999 -9999 -9999 -9999 -9999 -9999 -9999 -9999 -9999 -9999 -9999 -9999 -9999 -9999 -9999 -9999 -9999 8.1e-005 0.088759 0.119337 0.016157 0.244013 0.649914 0.467736 0.651036 0.515112 0.449437 0.4391 0.410051 0.362602 0.491918 0.44959 0.740221 0.641073 0.688116 0.355803 0.443475 0.550938 0.789737 0.858474 0.576186 0.594086 0.668098 0.492934 0.495501 0.608791
-9999 -9999 -9999 -9999 -9999 -9999 -9999 -9999 -9999 -9999 -9999 -9999 -9999 -9999 -9999 -9999 -9999 -9999 -9999 -9999 -9999 0.229264 0.198519 -9999 -9999 -9999 -9999 -9999 -9999 -9999 -9999 -9999 -9999 -9999 -9999 -9999 -9999 -9999 -9999 -9999 -9999 -9999 -9999 -9999 -9999 -9999 0.036849 0.237447 0.634923 0.688579 0.55873 0.647145 0.48074 0.150155 0.313636 0.707204 0.465321 0.376588 0.647225 0.561139 0.543551 0.574375 0.627641 0.646048 0.528238 0.716479 0.453807 0.650967 0.574147 0.549746 0.376381 0.429507
-9999 -9999 -9999 -9999 -9999 -9999 -9999 -9999 -9999 -9999 -9999 -9999 -9999 -9999 -9999 -9999 -9999 -9999 -9999 -9999 -9999 -9999 -9999 -9999 -9999 -9999 -9999 -9999 -9999 -9999 -9999 -9999 -9999 -9999 -9999 -9999 -9999 -9999 -9999 -9999 -9999 -9999 -9999 -9999 -9999 -9999 0.03128 0.451043 0.468369 0.518716 0.642596 0.511209 0.529379 0.525166 0.411038 0.842867 0.460612 0.584777 0.60758 0.443966 0.683215 0.554577 0.598883 0.69584 0.596584 0.60575 0.546268 0.753854 0.645591 0.472644 0.665462 0.394214
-9999 -9999 -9999 -9999 -9999 -9999 -9999 -9999 -9999 -9999 -9999 -9999 -9999 -9999 -9999 -9999 -9999 -9999 -9999 -9999 -9999 -9999 -9999 -9999 -9999 -9999 -9999 -9999 -9999 -9999 -9999 -9999 -9999 -9999 -9999 -9999 -9999 -9999 -9999 -9999 -9999 -9999 -9999 -9999 -9999 -9999 0.005571 0.437975 0.500669 0.519826 0.628238 0.338804 0.366415 0.351346 0.461009 0.610549 0.488452 0.592948 0.584038 0.698386 0.797565 0.617429 0.611985 0.741622 0.595121 0.672773 0.509343 0.804249 0.446372 0.359931 0.28361 0.468645
-9999 -9999 -9999 -9999 -9999 -9999 -9999 -9999 -9999 -9999 -9999 -9999 -9999 -9999 -9999 -9999 -9999 -9999 -9999 -9999 -9999 -9999 -9999 -9999 -9999 -9999 -9999 -9999 -9999 -9999 -9999 -9999 -9999 -9999 -9999 -9999 -9999 -9999 -9999 -9999 -9999 -9999 -9999 -9999 -9999 -9999 0.097068 0.617107 0.49131 0.50372 0.375805 0.608017 0.594949 0.460213 0.488099 0.739868 0.598324 0.59261 0.55819 0.825629 0.789465 0.517895 0.636977 0.640013 0.450174 0.547436 0.694881 0.769111 0.487323 0.35682 0.388304 0.415814
-9999 -9999 -9999 -9999 -9999 -9999 -9999 -9999 -9999 -9999 -9999 -9999 -9999 -9999 -9999 -9999 -9999 -9999 -9999 -9999 -9999 -9999 -9999 -9999 -9999 -9999 -9999 -9999 -9999 -9999 -9999 -9999 -9999 -9999 -9999 -9999 -9999 -9999 -9999 -9999 -9999 -9999 -9999 -9999 -9999 0.011165 0.639818 0.460162 0.524754 0.438696 0.640764 0.57645 0.64342 0.485853 0.583769 0.670644 0.563712 0.503648 0.681763 0.757033 0.561187 0.852365 0.579271 0.446985 0.653751 0.694068 0.710806 0.606335 0.693452 0.520029 0.443859 0.563548
-9999 -9999 -9999 -9999 -9999 -9999 -9999 -9999 -9999 -9999 -9999 -9999 -9999 -9999 -9999 -9999 -9999 -9999 -9999 -9999 -9999 -9999 -9999 -9999 -9999 -9999 -9999 -9999 -9999 -9999 -9999 -9999 -9999 -9999 -9999 -9999 -9999 -9999 -9999 -9999 -9999 -9999 -9999 -9999 -9999 0.001856 0.586027 0.621542 0.619881 0.593899 0.757707 0.805622 0.390394 0.392559 0.361186 0.555714 0.273266 0.274854 0.43736 0.683619 0.547334 0.619989 0.653093 0.583916 0.527852 0.495782 0.583836 0.64525 0.698851 0.654821 0.636 0.652563
-9999 -9999 -9999 -9999 -9999 -9999 -9999 -9999 -9999 -9999 -9999 -9999 -9999 -9999 -9999 -9999 -9999 -9999 -9999 -9999 -9999 -9999 -9999 -9999 -9999 -9999 -9999 -9999 -9999 -9999 -9999 -9999 -9999 -9999 -9999 -9999 -9999 -9999 -9999 -9999 -9999 -9999 -9999 -9999 -9999 -9999 0.422542 0.616751 0.471633 0.478311 0.62424 0.734614 0.563766 0.424219 0.348843 0.431738 0.465102 0.385244 0.500509 0.73573 0.498049 0.554295 0.500857 0.54961 0.691126 0.538915 0.508972 0.473799 0.415906 0.668009 0.438043 0.690777
