EnvRasters/GE_High/grain.asc
ncols         270
nrows         223
xllcorner     24099.479091542
yllcorner     21023.840179216
cellsize      1003.8986847201
NODATA_value  -9999
[rows 64 to 95 of 223, columns 72 to 143 of 270]
0.520363 0.269722 0.091245 0.137894 0.243512 0.338737 0.558031 0.69904 0.401145 0.552418 0.446387 0.45739 0.422704 0.647657 0.445127 0.385904 0.353218 0.495729 0.509995 0.161711 0.035992 0.457016 0.475164 0.192643 0.133233 0.025169 0.355908 0.212355 0.168705 0.040286 0 0 0.092819 0.082363 0.283775 0.317881 0.230393 0.236696 0.123993 0.410118 0.487552 0.5847 0.333023 0.272052 0.554292 0.426496 0.444888 0.302032 0.556481 0.330352 0.002617 0.097282 0.14556 0.008427 0.040191 0.397583 0 0 0.037888 0.166891 0.086775 0.357915 0.266795 0.092588 0.408804 0.294241 0.18527 0.216857 0.074507 0.493718 0.354314 0.261746
0.460747 0.463044 0.3757 0.306123 0.181229 0.183809 0.258536 0.650681 0.301764 0.539982 0.371297 0.509026 0.395045 0.250582 0.302214 0.391051 0.304286 0.108583 0.22997 0.495383 0.303749 0.270861 0.219603 0.185274 0.210825 0.024562 0.151745 0.191032 0.057712 0.232859 0.012012 0.012026 0.019687 0.039952 0.342234 0.308636 0.337664 0.37883 0.104396 0.280204 0.177777 0.597621 0.485612 0.519809 0.362115 0.525565 0.228768 0.286863 0.429761 0.212068 0.000126 0.176021 0.570009 0.106475 0.343865 0.05142 0 0 0 0.057016 0.112177 0.256033 0.340262 0.049964 0.091126 0.175823 0.265896 0.117757 0.275872 0.216465 0.272146 0.443996
0.204515 0.398868 0.161904 0.221843 0.29202 0.133092 0.354202 0.651179 0.446348 0.814173 0.605541 0.755515 0.50632 0.282263 0.40361 0.629041 0.657536 0.210157 0.403399 0.363147 0.392087 0.311607 0.160196 0.278179 0.173928 0.13812 0.116069 0.157603 0.159236 0.046967 0.012999 0.009878 0.001901 0.133008 0.076843 0.009613 0.108299 0.25561 0.219165 0.342288 0.1779 0.111254 0.357538 0.225027 0.405497 0.623084 0.480551 0.204657 0.301068 0.236751 0.256391 0.065043 0.07386 0.107065 0.087734 0.032227 0 0 0.007087 0.172987 0.026139 0.170499 0.040158 0.111028 0.309573 0.533469 0.532309 0.421853 0.038353 0.161711 0.187183 0.272935
0.633297 0.56252 0.400415 0.100718 0.23718 0.225212 0.470435 0.185139 0.422534 0.331704 0.643489 0.414343 0.684614 0.583432 0.419332 0.420942 0.281145 0.556621 0.293276 0.109307 0.225306 0.342484 0.308113 0.307444 0.340586 0.274044 0.242054 0.086907 0.14857 0.054882 0.055531 0.026744 0.008177 0.185578 0.336783 0.089447 0.187435 0.361937 0.420848 0.199505 0.11895 0.030395 0.186086 0.290512 0.482141 0.504229 0.582221 0.358181 0.058182 0.057238 0.4622 0.000694 9e-005 0.027991 0.130437 0.083956 0 0 0.047958 0.057919 0.009187 0 0 0.005864 0.415385 0.61109 0.535714 0.143386 0.275832 0.255745 0.145228 0.124755
0.602755 0.495141 0.630102 0.293609 0.27208 0.283848 0.332647 0.343508 0.66672 0.291576 0.66158 0.237102 0.432193 0.534964 0.325939 0.212834 0.412936 0.134821 0.066706 0.161097 0.336792 0.334934 0.259665 0.43331 0.402124 0.197642 0.130772 0.123926 0.14643 0.232503 0.235254 0.008318 0.011686 0.274135 0.29105 0.179662 0.415931 0.105538 0.134436 0.091589 0.149663 0.331879 0.247532 0.153583 0.104559 0.29737 0.494572 0.207198 0.34134 0.074035 0.017529 0 0 0.050962 0.024742 0.025794 0 0 0.001645 0 0.000462 0 0 0.042154 0.521353 0.495845 0.110819 0.34003 0.458755 0.179999 0.224904 0.121272
0.567358 0.496601 0.238482 0.358759 0.542085 0.444337 0.43902 0.254341 0.262581 0.732249 0.300543 0.61461 0.278474 0.319796 0.415637 0.053831 0.237357 0.34804 0.383231 0.103495 0.223363 0.393211 0.292905 0.185359 0.282565 0.154333 0.054177 0.240482 0.167144 0.217958 0.451197 0.375954 0.000647 0.001714 0.0283 0.007827 0.123418 0.12721 0.081654 0.133622 0.163387 0.341282 0.342471 0.206692 0.367748 0.188656 0.005624 0.181381 0.293137 6.8e-005 0 0 0 0 0 0 0 0.03367 0.041215 0.000302 0.001948 0.04405 0.125439 0.518144 0.461989 0.001902 0.149638 0.253871 0.090814 0.284547 0.479198 0.412479
0.309073 0.120503 0.303142 0.493666 0.497659 0.608435 0.502189 0.60842 0.290116 0.167695 0.499629 0.245317 0.38453 0.320398 0.059886 0.005632 0.35964 0.440609 0.268541 0.520109 0.241548 0.268203 0.292558 0.430588 0.192387 0.295347 0.185334 0.265503 0.256877 0.357546 0.521012 0.296599 0.001741 0.017812 0.036238 0.127428 0.101906 0.313052 0.177347 0.030846 0.080637 0.215266 0.095536 0.104283 0.281968 0.218948 0.015754 0.014987 0.077555 0.007873 0 0 0 0 0 0 0 0.024089 0.200109 0.010449 0.007771 0.142074 0.187614 0.157484 0.388594 0.008018 0.119298 0.144607 0.120321 0.514654 0.194663 0.462293
0.017226 0.026507 0.290272 0.541092 0.571919 0.662007 0.447044 0.454938 0.412602 0.598616 0.227458 0.493928 0.419954 0.23744 0 0.126384 0.241123 0.336455 0.329706 0.377055 0.310564 0.274937 0.548477 0.636129 0.367954 0.528762 0.295745 0.233051 0.066754 0.320447 0.333699 0.161563 0.003401 0.010941 0.137171 0.041323 0.115164 0.239517 0.043244 0.023804 0.093616 0.220335 0.159944 0.221948 0.061636 0.021635 0.012855 0.000173 0.004714 0 0 0 0 0 0 0 0 0.036133 0.180791 0.010874 0.042007 0.167752 0.027136 0.131577 0.185603 0.060213 0.482669 0.47147 0.634013 0.593648 0.534938 0.363476
0.001147 0.066088 0.017472 0.230549 0.463616 0.517198 0.228165 0.6637 0.618838 0.605747 0.523086 0.226926 0.420924 0.311752 0.066411 0.224481 0.36338 0.436542 0.27279 0.237539 0.395592 0.501356 0.419775 0.534859 0.281583 0.137074 0.39378 0.41782 0.349325 0.416089 0.382613 0.162436 0.030366 0.045467 0.097638 0.130515 0.199131 0.169598 0.24109 0.423456 0.658133 0.500625 0.099803 0.512787 0.029724 0.078486 0.082516 0.012925 0.001073 0 0 0 0 0 0 0 0 0.00148 0.013889 0.021261 0.015952 0.18053 0.012976 0.019175 0.2506 0.211349 0.229049 0.51042 0.541359 0.547132 0.373155 0.067425
0.00167 0.006636 0.287753 0.480433 0.39368 0.469571 0.417385 0.272795 0.402691 0.639565 0.288548 0.415593 0.435482 0.300919 0.266105 0.466154 0.361463 0.323104 0.343771 0.468842 0.233674 0.319412 0.327361 0.321075 0.167609 0.170942 0.724535 0.656846 0.311509 0.424506 0.26084 0.178148 0.133462 0.107382 0.237282 0.470583 0.217331 0.35369 0.215942 0.142137 0.621681 0.383364 0.392195 0.129568 0.043204 0.072182 0.036229 0.048003 0.013083 0 0 0 0 0 0 0 0 0 0 0.030182 0.086696 0.001747 0.073628 0.229938 0.415018 0.036602 0.482769 0.606215 0.386685 0.183617 0.536134 0.858933
0.023803 0.221454 0.260847 0.473849 0.380356 0.564018 0.332913 0.478698 0.387939 0.343386 0.287589 0.178884 0.350792 0.291459 0.356214 0.361281 0.55949 0.516902 0.439696 0.285495 0.364146 0.436281 0.307958 0.248253 0.077332 0.189222 0.184014 0.058272 0.196389 0.036873 0.172309 0.280333 0.260033 0.007733 0.382112 0.224987 0.068107 0.359851 0.219303 0.549719 0.528921 0.341456 0.25944 0.030938 0.021799 0.000205 0.00176 0.000876 2.2e-005 0 0 0 0 0 0 0 0 0 0 0 0.002442 0.000648 0.045475 0.193432 0.503839 0.205074 0.347068 0.779566 0.35115 0.378363 0.709819 0.855807
0.298948 0.596423 0.592546 0.485661 0.422517 0.512433 0.415447 0.296487 0.519262 0.380419 0.196604 0.130812 0.229211 0.184208 0.340473 0.399058 0.399765 0.357743 0.286459 0.516706 0.516562 0.386014 0.419174 0.348188 0.441673 0.35209 0.462015 0.209088 0.0202 1e-005 0.039921 0.304146 0.068638 0.158734 0.404103 0.031987 0.192544 0.125036 0.186143 0.343559 0.193141 0.123967 0.122084 0.07543 0.024368 0.024656 0.120004 0.001472 0 0 0 0 0 0 0 0 0 0 0 0 0 0.000318 0.223856 0.180718 0.133378 0.053223 0.096013 0.196266 0.745561 0.429217 0.654539 0.541894
0.533567 0.391774 0.335921 0.545605 0.351333 0.488429 0.479574 0.502096 0.555055 0.42365 0.50435 0.34562 0.382096 0.214086 0.457971 0.364682 0.338497 0.502809 0.3827 0.221746 0.264955 0.261291 0.416493 0.199683 0.449777 0.274724 0.260305 0.043787 0.277197 0.227804 0.091173 0.092454 0.15352 0.496214 0.415658 0.141954 0.207476 0.46425 0.474835 0.452732 0.41133 0.151344 0.194489 0.441523 0.323868 0.262773 0.121621 0.000114 0 0 0 0 0 0 0 0 0 0 0 0 0.001396 0 0.023106 0 0 0.15378 0.798721 0.707983 0.747261 0.531252 0.818502 0.570235
0.540256 0.334712 0.535014 0.454532 0.564697 0.510445 0.361019 0.571412 0.444937 0.296744 0.180889 0.322983 0.327218 0.28054 0.347116 0.337873 0.367273 0.429126 0.455115 0.244067 0.182475 0.134972 0.238982 0.326758 0.52336 0.102958 0.040345 0.101431 0.39311 0.387619 0.415199 0.152596 0.207607 0.418964 0.593373 0.159126 0.386538 0.31983 0.466129 0.178062 0.301531 0.323413 0.446706 0.356652 0.236948 0.240449 0.03494 0.008344 0 0 0 0 0 0 0 0 0 0 0 0 0 0 0.012457 0.000201 0.002875 0.186635 0.267672 0.437019 0.51736 0.766064 0.306005 0.085698
0.486284 0.319091 0.779271 0.693514 0.364198 0.335986 0.127929 0.529856 0.443676 0.185325 0.151228 0.008404 0.29063 0.500254 0.348877 0.300514 0.304076 0.306576 0.43454 0.38041 0.538361 0.387488 0.310898 0.359608 0.037856 0.00105 0.194839 0.219114 0.3402 0.305395 0.518336 0.11567 0.228901 0.385253 0.515102 0.531381 0.438844 0.184722 0.049605 0.275759 0.583697 0.490743 0.263068 0.088419 0.11454 0.291737 0.43659 0.012265 0 0 0 0 0 0 0 0 0 0 0 0 0 0 0.000724 0 0.000576 0.279895 0.584529 0.686978 0.552399 0.246155 0.133853 0.104572
0.592179 0.492565 0.425593 0.611724 0.408158 0.248836 0.641755 0.337339 0.436806 0.327815 0.103576 0.160385 0.701536 0.42753 0.50222 0.570692 0.342026 0.410374 0.565007 0.326257 0.12677 0.228057 0.060821 0.067629 0.094266 0.352897 0.293818 0.541737 0.347976 0.135555 0.553372 0.335085 0.415372 0.291463 0.374568 0.26723 0.398366 0.461409 0.287644 0.466715 0.260269 0.176158 0.341225 0.306558 0.568006 0.268151 0.149032 0.043821 0.020454 0 0 0 0 0 0 0 0 0 0 0 0 0 0.031154 0.026749 0.060039 0.248754 0.199721 0.658912 0.641963 0.098749 0.169746 0.284408
0.643359 0.509715 0.546476 0.519437 0.499187 0.304519 0.771195 0.420416 0.269673 0.410425 0.343697 0.613058 0.420443 0.316978 0.36821 0.292491 0.274221 0.540148 0.279387 0.19 0.03348 0.0447 0.375467 0.292705 0.167313 0.502056 0.206436 0.485113 0.314648 0.240366 0.275985 0.307031 0.403847 0.298282 0.32442 0.314241 0.271727 0.42278 0.696566 0.765646 0.58305 0.175524 0.426267 0.401771 0.33058 0.281349 0.016429 0.038881 0.055959 0.000174 0 0.00497 0 0 0 0 0 0 0 0.001364 0.174661 0.02804 0.023663 0.016964 0.267385 0.403075 0.199535 0.386899 0.044737 0.128034 0.422765 0.147768
0.379509 0.245042 0.555711 0.315856 0.513827 0.442922 0.561758 0.435365 0.316638 0.421369 0.229153 0.239172 0.245692 0.380427 0.377567 0.556898 0.514663 0.56405 0.102517 0.062416 0.232266 0.417143 0.377152 0.232467 0.445565 0.387304 0.481347 0.412456 0.303699 0.458058 0.486995 0.573649 0.327699 0.364344 0.25385 0.229914 0.388055 0.626498 0.720268 0.362998 0.703873 0.387099 0.269362 0.309353 0.0291 0.302583 0.375714 0.146438 0.096568 0.035779 0.000868 0.00049 0.006305 0 0 0 0 0 0 0.014805 0.187277 0.193601 0.099373 0.088713 0.158092 0.211331 0.092089 0.426885 0.176917 0.437578 0.44386 0.072738
0.426198 0.199593 0.080041 0.164064 0.352065 0.55422 0.29245 0.005335 0.078328 0.073818 0.536138 0.303218 0.323203 0.281973 0.459733 0.338958 0.312785 0.03989 0.001544 0.044679 0.366268 0.36975 0.1651 0.268922 0.386802 0.568421 0.574122 0.423611 0.19984 0.37111 0.141036 0.238767 0.278327 0.480639 0.337998 0.413263 0.478297 0.370334 0.500201 0.388689 0.260161 0.418769 0.574343 0.514355 0.227055 0.544615 0.23695 0.165029 0.23874 0.037428 0.026635 0.040479 0.414649 0.02 0 0 0 0 0.003606 0.007644 0.01182 0.146552 0.011646 0.00038 0.002229 0.00707 0.5302 0.750462 0.823612 0.20942 0.084121 0.260787
0.572232 0.075415 0.17419 0.415477 0.48625 0.401476 0.1344 0.33021 0.235382 0.194807 0.494746 0.270945 0.44675 0.469392 0.318685 0.209223 0.629542 0.16907 7e-006 0.141927 0.424698 0.335494 0.30191 0.245802 0.551049 0.662361 0.358946 0.442548 0.4699 0.234135 0.348417 0.360114 0.342298 0.439402 0.450873 0.279188 0.458172 0.31373 0.299773 0.278378 0.407732 0.399573 0.326247 0.267164 0.409461 0.091422 0.064672 0.320126 0.053951 0.081897 0.212525 0.036374 0.592135 0.2284 0 0 0 0 0 4.2e-005 0 0.033481 0.033501 0.103098 0.072418 0.246914 0.483913 0.433008 0.273946 0.186 0.129381 0.309598
0.010567 0.168725 0.142737 0.167398 0.262706 0.19546 0.27072 0.678903 0.162006 0.193513 0.479985 0.537589 0.451761 0.60828 0.415208 0.478242 0.242338 0.009731 0.259393 0.199633 0.33079 0.099903 0.101216 0.154608 0.35417 0.101416 0.211198 0.337233 0.634587 0.57857 0.415383 0.347007 0.582813 0.521723 0.385538 0.538532 0.481308 0.488135 0.412588 0.513931 0.608707 0.523705 0.378046 0.433217 0.513642 0.002747 0.049443 0.11341 0.195425 0.177155 0.422805 0.176492 0.097568 0.0355 4.2e-005 0 0 0 0 0 0.015141 0.115718 0.106334 0.37374 0.357534 0.534301 0.430221 0.03223 0.229 0.443725 0.113095 0.353651
0.020456 0.321676 0.42829 0.113586 0.31027 0.236347 0.385931 0.300269 0.337657 0.153652 0.364288 0.544136 0.491356 0.597881 0.497321 0.476584 0.511217 0.19025 0.316046 0.172167 0.090758 0.009547 0.130842 0.490144 0.416065 0.471666 0.624412 0.180285 0.25943 0.631028 0.471197 0.668926 0.490997 0.498037 0.345864 0.689185 0.482653 0.599669 0.313764 0.552835 0.461976 0.448266 0.49278 0.162199 0.092362 0.018024 0.012491 0.035715 0.401023 0.587211 0.043712 0.036259 0 0.007807 0.176935 0.003182 0 0 0 0.000238 0.000153 0.014612 0.012102 0.183169 0.664748 0.537323 0.476543 0.045315 0.258167 0.428871 0.201076 0.583945
0.404709 0.231231 0.213688 0.306101 0.278119 0.294049 0.361215 0.412597 0.254844 0.408303 0.430166 0.304643 0.577713 0.344681 0.452063 0.463691 0.220617 0.226124 0.142334 0.510169 0.492215 0.336682 0.498585 0.340609 0.330149 0.364543 0.442232 0.32725 0.242956 0.214747 0.46804 0.676303 0.534562 0.402899 0.472362 0.616324 0.601505 0.639166 0.389347 0.509474 0.591673 0.58856 0.359743 0.123844 0.000637 0.146761 0.086268 0.122052 0.069649 0.146286 0.017641 0.04908 0.157826 0.33972 0.174338 0.000152 0.473154 0.047718 0 0 0 0.001711 3e-005 0.180864 0.404414 0.422814 0.086066 0.104821 0.148212 0.096174 0.382284 0.320325
0.564657 0.229304 0.185204 0.5081 0.40504 0.44945 0.588983 0.432962 0.52972 0.381784 0.587948 0.380095 0.444844 0.440008 0.434934 0.285035 0.103381 0.104052 0.363048 0.63524 0.538204 0.383406 0.626721 0.540864 0.550694 0.431741 0.663026 0.498325 0.237609 0.094478 0.490558 0.393191 0.291835 0.307899 0.376317 0.643598 0.576183 0.649061 0.389766 0.4416 0.685316 0.608315 0.220736 0.009483 1.8e-005 0.214149 0.086252 0.136368 0.036962 0.098852 0.020018 0.10663 0.673492 0.810012 0.260805 0.001539 0.004879 0.0001 5.4e-005 0.095405 0.076351 0.004707 0.001628 0.000124 0.0017 0.016918 0.029459 0.216431 0.374098 0.090692 0.05432 0.378632
0.242316 0.184067 0.216558 0.513336 0.526048 0.399501 0.700594 0.514561 0.28957 0.31074 0.503107 0.267672 0.420577 0.594364 0.378264 0.029187 0.028029 0.118562 0.240901 0.16058 0.416235 0.413398 0.507543 0.193457 0.619137 0.508412 0.566437 0.503808 0.585826 0.228211 0.397283 0.388934 0.549266 0.254038 0.521189 0.641981 0.782786 0.696451 0.268203 0.599138 0.531249 0.151836 0.213611 0.056178 0.33436 0.161175 0.127363 0.107537 0.306195 0.229417 0.099021 0.0261 0.248565 0.374257 0.047808 4.7e-005 0 0.000242 0.074782 0.357697 0.224812 0.069686 0.03402 0.092333 0.0159 0.106241 0 0.018493 0.164576 0.147376 0.003136 0.00021
0.416464 0.293575 0.031428 0.333016 0.238679 0.528142 0.573299 0.648029 0.58158 0.407331 0.671615 0.494031 0.775365 0.696996 0.43905 0.01147 0 0.117153 0.357842 0.108865 0.603738 0.578554 0.526734 0.490181 0.574594 0.593587 0.424639 0.630615 0.53123 0.423859 0.639143 0.508573 0.277818 0.022983 0.059633 0.270097 0.683472 0.637496 0.264354 0.352025 0.282366 0.711589 0.152654 0.270686 0.266309 0.251626 0.142475 0.0233 0.060849 0.236284 0.412474 0.35998 0.172325 0.002155 0.011894 0 0.027027 0.215982 0.178403 0.252886 0.396641 0.099246 0.163596 0.015624 0.006272 0 0.021776 0.362656 0.149144 0.04151 0.002777 0.000284
0.527389 0.517768 0.130554 0.46293 0.135049 0.391524 0.463642 0.500331 0.397088 0.739689 0.594267 0.46091 0.559917 0.486904 0.598615 0.226863 0.116457 0.408315 0.394311 0.093677 0.489799 0.550668 0.557633 0.51211 0.433398 0.589694 0.597772 0.601792 0.609626 0.44238 0.183017 0.254956 0.205191 0.236794 0.771463 0.405337 0.401255 0.48205 0.487668 0.625894 0.590751 0.096682 0.267026 0.647061 0.259057 0.403867 0.159163 0.026954 0.001067 0.403613 0.139227 0.079746 0.064156 0.000175 0.596846 0.048252 3.4e-005 0.288342 0.055653 0.242416 0.055423 0.070478 0.095723 0.034086 0.075296 0.158274 0.105771 0.048977 0.00307 0.200377 0.062783 0.196516
0.520491 0.419113 0.414366 0.553268 0.244993 0.400942 0.646766 0.437449 0.588296 0.515097 0.389379 0.577153 0.679378 0.36483 0.306124 0.28637 0.530844 0.240009 0.43186 0.179172 0.485986 0.561153 0.549499 0.560006 0.625065 0.646248 0.652335 0.712603 0.117965 0.128379 0.000254 0.21857 0.423046 0.231396 0.148205 0.482333 0.556163 0.684856 0.500741 0.529372 0.39337 0.045092 0.000791 0.19101 0.053187 0.274403 0.212232 0.025624 0.00324 0.164344 0.105013 0.026574 0.407494 0.002405 0.052531 0.000422 0.2031 0.723836 0.268437 0.049017 0.159637 0.220892 0.104737 0.400217 0.581334 0.264368 0.127343 0.136352 0.026439 0.12334 0.152261 0.069113
0.633633 0.513207 0.586734 0.433452 0.42434 0.603558 0.532665 0.42028 0.673261 0.585868 0.41108 0.557027 0.366006 0.35065 0.159793 0.524458 0.516419 0.197626 0.70886 0.5669 0.840039 0.474575 0.500985 0.751567 0.71646 0.71284 0.492659 0.450228 0.493605 0.400757 0.159245 0.812975 0.724632 0.510541 0.67733 0.593563 0.387402 0.323905 0.584514 0.638507 0.556337 0.175018 0.033461 0.021581 0.066085 0.133995 0.079373 0.296269 0.151502 0.163848 0.080025 0.122724 0.471513 0.012057 0.002148 0.167318 0.6249 0.619051 0.424519 0.158929 0.118467 0.026323 0.258955 0.52988 0.706105 0.20608 0.064996 0.060967 0.054568 0.001424 0.075849 0.113518
0.104494 0.456723 0.739817 0.494689 0.501466 0.669352 0.617109 0.768459 0.455563 0.400919 0.592956 0.574192 0.740654 0.387581 0.115277 0.396685 0.659584 0.500652 0.545477 0.409804 0.368546 0.398441 0.455322 0.295192 0.469822 0.690783 0.527882 0.519459 0.497198 0.497565 0.456871 0.816611 0.711022 0.640235 0.684629 0.64381 0.573374 0.343679 0.14195 0.265518 0.495051 0.293787 0.308472 0.051632 0.394892 0.145822 0.084289 0.232639 0.068344 0.232019 0.065105 0.417659 0.241132 0.146765 0.018348 0.690342 0.770445 0.555394 0.552231 0.397336 0.0003 0.076027 0.266989 0.648306 0.470445 0.486651 0.061324 2.4e-005 0.00036 0.000378 0.046637 0.244048
0.349415 0.630442 0.63017 0.336894 0.117059 0.469298 0.389358 0.47315 0.381005 0.600281 0.550649 0.691888 0.270842 0.711403 0.319548 0.475813 0.51681 0.250225 0.145522 0.340433 0.60754 0.704534 0.718562 0.551808 0.448562 0.807925 0.636715 0.640531 0.580025 0.646573 0.540611 0.53634 0.80185 0.86056 0.858487 0.396292 0.194385 0.034814 0.002523 0.201762 0.395982 0.553978 0.408361 0.075346 0.107288 0.20501 0.396052 0.390939 0.513454 0.347702 0.518888 0.338584 0.308117 0.381508 0.271012 0.628889 0.604529 0.324919 0.374061 0.19218 0.181127 0.046089 0.554654 0.517838 0.516844 0.659025 0.113121 0 0.000223 0.054476 7.3e-005 0.074418
0.452417 0.531596 0.525736 0.035741 0.236509 0.418387 0.455207 0.415836 0.602157 0.413167 0.559113 0.618325 0.420362 0.355163 0.621048 0.578224 0.331704 0.058834 0.242149 0.6879 0.703847 0.564981 0.5097 0.698884 0.733981 0.547005 0.568809 0.542294 0.611482 0.786626 0.648511 0.719968 0.655917 0.643808 0.39671 0.598746 0.614008 0.218666 0.397014 0.735086 0.415085 0.263476 0.353921 0.224252 0.100123 0.325053 0.384508 0.381889 0.317259 0.529382 0.59543 0.281106 0.497178 0.226242 0.473335 0.430945 0.460685 0.171386 0.219013 0.373047 0.284591 0.085388 0.655303 0.314333 0.407063 0.564198 0.042157 0.006186 0.353223 0.100779 0.02042 0.063864
