EnvRasters/GE_High/grain.asc
ncols         270
nrows         223
xllcorner     24099.479091542
yllcorner     21023.840179216
cellsize      1003.8986847201
NODATA_value  -9999
[rows 64 to 95 of 223, columns 144 to 215 of 270]
0.507791 0.281894 0.276283 0.277977 0.259914 0.283345 0.260181 0.279175 0.147665 0.056222 0.098428 0.159103 0.151197 0.157323 0.29483 0.352237 0.053227 0.007109 0.07677 0.109841 0.240792 0.406956 0.251745 0.203694 0.312995 0.358233 0.301321 0.194736 0.099943 0.073984 0.129233 0.366508 0.317041 0.250997 0.133394 0.216899 0.252616 0.050093 0.166765 0.478086 0.17024 0.210405 0.266211 0.310832 0.461332 0.394159 0.266626 0.041035 0 0 0 0.00063 0.09709 0.093445 0.21337 0.017019 0.029694 0.045293 0.021952 0.000145 0 0 0.0109 0.03754 0.082083 0.137899 0.083939 0.122696 0.015267 0 0 0
0.279603 0.518538 0.54842 0.203723 0.035318 0.141072 0.252041 0.100784 0.13032 0.194628 0.199481 0.288581 0.466189 0.657208 0.399227 0.196585 0.018669 0.130617 0.480928 0.297132 0.322873 0.347049 0.261863 0.08314 0.303667 0.400479 0.211249 0.2837 0.353738 0.162481 0.190723 0.269231 0.412525 0.267268 0.118073 0.27305 0.117757 0.107264 0.098915 0.141421 0.086638 0.160256 0.159584 0.079201 0.178729 0.275726 0.141747 0.266333 0 0 0.043709 0.137072 0.178281 0.226561 0.177985 0.01042 0.1087 0.045922 0.000647 0.062256 0 0 0 0.042865 0.032321 0.218805 0.217051 0.179355 0.17155 0 0 0
0.091143 0.302002 0.309432 0.26867 0.418416 0.207896 0.087396 0.051636 0.062178 0.128066 0.292358 0.67249 0.493103 0.467387 0.430094 0.132344 0.199978 0.284198 0.525076 0.282377 0.301624 0.305669 0.232862 0.252886 0.398606 0.149881 0.130853 0.289885 0.16301 0.30608 0.301025 0.303309 0.352638 0.307243 0.254736 0.08802 0.210508 0.12323 0.091769 0.130608 0.119249 0.131584 0.182199 0.045613 0.239231 0.20345 0.255976 0.372409 0.016133 0.004395 0.061627 0.204217 0.363739 0.230211 0.062252 0.047245 0.096082 0.390053 0.058925 0.120021 0.176163 0.000112 0.001411 0.036494 0.042118 0.10652 0.10263 0.048052 0.107586 9.6e-005 0 0.000308
0.52088 0.495899 0.01937 0.221943 0.419995 0.044943 0.001583 0.046462 0.307393 0.067077 0.232652 0.668604 0.480376 0.523654 0.469497 0.23752 0.164185 0.195829 0.42706 0.305209 0.203549 0.227532 0.245894 0.243517 0.272284 0.205749 0.18057 0.22512 0.130838 0.086992 0.046141 0.146327 0.298199 0.239483 0.255069 0.124599 0.083098 0.130098 0.024904 0.049999 0.192064 0.125693 0.153861 0.154164 0.170678 0.190821 0.178892 0.06017 0.11373 0.14909 0.012544 0.31264 0.598399 0.378974 0.123661 0.085501 0.108712 0.125202 0.030742 0.02152 0.183901 0.058711 0.021463 0.114026 0.025858 0.075675 0.039963 0.003266 0.032222 0.027724 0.061365 0.028892
0.12861 0.380736 0.319389 0.194042 0.127694 0 0.006571 0.132299 0.092326 0.168458 0.23171 0.616039 0.456068 0.114163 0.207586 0.374187 0.539301 0.354445 0.25799 0.170474 0.066181 0.256128 0.299167 0.113916 0.13668 0.265887 0.160347 0.142506 0.119158 0.098545 0.210126 0.155998 0.18673 0.212542 0.204935 0.311005 0.145786 0.277709 0.149425 0.078862 0.085639 0.190401 0.041432 0.016467 0.11076 0.115151 0.184577 0.026473 0.21575 0.311449 0.176514 0.220043 0.29954 0.441974 0.433086 0.34201 0.322258 0.476033 0.214509 0.103605 0.207892 0.209645 0.011801 0.087499 0.206282 0.073836 0.032787 0.017214 0.016719 0.044418 0.01112 0.002193
0.222364 0.443945 0.235587 0.322739 3.6e-005 0 0.008736 0.081821 0.255715 0.099682 0.367622 0.529179 0.385927 0.362569 0.185017 0.329328 0.490924 0.511762 0.372476 0.182099 0.126701 0.119818 0.086783 0.178432 0.32816 0.247332 0.165785 0.087884 0.107794 0.142519 0.194538 0.135025 0.290603 0.222283 0.202383 0.50046 0.333586 0.100146 0.139584 0.118487 0.057857 0.083493 0.035184 0.048671 0.110727 0.130396 0.076791 0.077398 0.169524 0.287485 0.122423 0.164063 0.238078 0.060708 0.420047 0.350543 0.465518 0.746959 0.379 0.353603 0.30523 0.1643 0.071266 0.107864 0.152011 0.046378 0.088752 0.231359 0.03912 0.275093 0.194105 0.164741
0.214068 0.786017 0.173803 0.011671 0 0 6e-005 0.045277 0.274298 0.30056 0.432609 0.643678 0.590163 0.36729 0.122369 0.135772 0.119003 0.326446 0.261495 0.226516 0.107398 0.149914 0.139775 0.239685 0.456021 0.206167 0.196382 0.17509 0.137629 0.155485 0.161346 0.130934 0.190162 0.219374 0.140513 0.267345 0.199092 0.273613 0.031502 0.122913 0.077423 0.058174 0.011235 0.067828 0.06524 0.135421 0.093503 0.009907 0.113848 0.231989 0.223702 0.080061 0.213322 0.034203 0.204044 0.345827 0.098634 0.453036 0.328268 0.344613 0.288965 0.014168 0.249798 0.278405 0.135817 0.239289 0.150334 0.446559 0.396873 0.346555 0.233948 0.27253
0.167461 0.515429 0.055564 0.122373 0 0.001611 0.007479 0.064406 0.179617 0.383146 0.307451 0.20003 0.40073 0.52729 0.465212 0.258605 0.256884 0.306215 0.405436 0.452178 0.192925 0.273936 0.161714 0.282155 0.228027 0.390282 0.324372 0.311672 0.162983 0.1972 0.174746 0.275906 0.208872 0.317839 0.191625 0.138346 0.299154 0.11523 0.144954 0.104638 0.067932 0.006962 0.008769 0.056382 0.23569 0.214578 0.208549 0.162475 0.164587 0.241566 0.373286 0.349575 0.064741 0.097999 0.176072 0.106126 0.485969 0.378915 0.252027 0.133118 0.188368 0.009263 0.053965 0.243243 0.12255 0.273676 0.232713 0.568348 0.695539 0.293396 0.183461 0.068485
0.132358 0.075313 0.114819 0.054364 0 0.02352 0.29632 0.13977 0.033111 0.072001 0.460433 0.315407 0.419064 0.31511 0.478893 0.461153 0.323606 0.460874 0.497678 0.602908 0.154781 0.298469 0.41028 0.417791 0.4222 0.272865 0.244297 0.305427 0.285997 0.334012 0.197891 0.121449 0.425904 0.103401 0.115156 0.070903 0.172241 0.041423 0.072094 0.048254 0.189144 0.045774 0.172256 0.083576 0.059113 0.144733 0.250282 0.228728 0.10369 0.072295 0.152148 0.134165 0.041867 0.304816 0.52606 0.177038 0.27731 0.113659 0.220147 0.128273 0.049285 0.057472 0.120679 0.310986 0.455259 0.359737 0.416499 0.64955 0.67601 0.466552 0.18136 -9999
0.584904 0.186079 0.000358 0 0.293015 0.213461 0.075346 0.510424 0.350926 0.223801 0.147822 0.269233 0.649521 0.374604 0.378933 0.587282 0.341395 0.413473 0.478036 0.430079 0.357629 0.172157 0.21683 0.404357 0.39707 0.25814 0.327062 0.371119 0.262295 0.247707 0.359279 0.331568 0.335633 0.161495 0.324026 0.177039 0.098177 0.22837 0.105292 0.128357 0.109326 0.017377 0.016308 0.033938 0.042515 0.288441 0.220704 0.18107 0.092614 0.029339 0.102841 0.134985 0.12145 0.104976 0.274243 0.148702 0.508426 0.322565 0.119304 0.016406 0.044424 0.249826 0.29845 0.397499 0.316569 0.333502 0.496224 0.769855 0.494534 0.648573 0.244613 -9999
0.39598 0.020317 0.017798 0 0.00363 0.275007 0.226989 0.467194 0.36038 0.651093 0.609199 0.267281 0.410912 0.283362 0.176353 0.16563 0.322419 0.412181 0.446896 0.207422 0.260982 0.157203 0.216482 0.34074 0.431891 0.402647 0.452645 0.371211 0.217844 0.115191 0.256414 0.570873 0.309837 0.192516 0.181254 0.038075 0.019581 0.281098 0.105447 0.126771 0.12128 0.044441 0.071315 0.040025 0.029469 0.160606 0.191681 0.053707 0.077382 0.033785 0.094592 0.426409 0.193685 0.183573 0.298039 0.230109 0.215556 0.225047 0.116787 0.15798 0.179219 0.259159 0.088924 0.571691 0.198246 0.655126 0.524282 0.44758 0.480166 0.253357 0.275042 0.037796
0.084337 0.040144 0.009955 0 0.042898 0.352748 0.30137 0.574877 0.2926 0.586004 0.562952 0.407515 0.717868 0.412032 0.152026 0.318606 0.318776 0.401369 0.540783 0.1795 0.191357 0.356126 0.304404 0.281543 0.364702 0.221226 0.444435 0.147659 0.168505 0.154459 0.273722 0.350694 0.196422 0.151695 0.080056 0.101087 0.214998 0.227624 0.110966 0.065775 0.05214 0.151272 0.06184 0.017782 0.038963 0.070362 0.026118 0.060352 0.042402 0.063068 0.083035 0.303881 0.236818 0.319039 0.364154 0.325365 0.179123 0.201475 0.26379 0.262562 0.179305 0.128647 0.425729 0.411803 0.209242 0.501279 0.213836 0.282429 0.469715 0.435809 0.293704 0.166357
0.042239 0.000585 0.056213 0.091695 0.21005 0.201355 0.15311 0.51385 0.350069 0.404077 0.473092 0.462884 0.370583 0.299374 0.579731 0.747523 0.562928 0.228359 0.511317 0.436351 0.20955 0.275715 0.191488 0.20237 0.22835 0.308285 0.112445 0.351704 0.427025 0.352635 0.258553 0.475361 0.278349 0.172688 0.114442 0.039409 0.400956 0.120318 0 0.013538 0.019187 0.157953 0.035372 0.061421 0.060348 0.040282 0.034433 0.071074 0.106784 0.069258 0.091516 0.060136 0.116423 0.293983 0.35758 0.308751 0.206685 0.285805 0.349491 0.633548 0.421526 0.348322 0.247359 0.42433 0.57195 0.383218 0.241128 0.324382 0.574047 0.38595 0.444575 0.300606
0 0.024603 0.223153 0.129443 0.09873 0.283606 0.080941 0.086901 0.338448 0.285567 0.361609 0.455931 0.354214 0.67877 0.520405 0.583444 0.436636 0.227351 0.169944 0.329149 0.186948 0.04683 0.055153 0.450222 0.257369 0.345916 0.464486 0.393503 0.436344 0.428367 0.401697 0.251699 0.190472 0.138509 0.123494 0.033415 0.142271 0.075543 0 0 0.009648 0.068265 0.040701 0.091141 0.054795 0.01087 0.031015 0.045795 0.31181 0.22258 0.080593 0.071483 0.178401 0.380308 0.149942 0.187625 0.368414 0.411492 0.358507 0.662101 0.454506 0.456809 0.464667 0.250033 0.466108 0.525081 0.357001 0.169344 0.277578 0.330031 0.531666 0.558398
0.052365 0.019489 0.0055 0 0 0.00188 0.003162 0.064021 0.617177 0.612848 0.318748 0.450606 0.677099 0.747599 0.334609 0.7674 0.609323 0.512696 0.443002 0.575799 0.000564 0 0.01819 0.074626 0.403133 0.467519 0.214638 0.436017 0.533665 0.32426 0.178962 0.232449 0.13112 0.04557 0.057792 0.06963 0.139123 0.114667 0.005018 0.003875 0.025096 0.062046 0.110384 0.162742 0.042429 0.038923 0.060099 0.047741 0.105477 0.015607 0.014327 0.141711 0.228552 0.139105 0.248951 0.146286 0.250646 0.413478 0.081084 0.425577 0.400366 0.232822 0.333129 0.274916 0.497555 0.519201 0.427168 0.546194 0.431611 0.632917 0.516423 0.552197
0.112111 0.000985 0 0 0 0.016643 0.480233 0.678948 0.700467 0.515069 0.518697 0.526776 0.704977 0.554641 0.65028 0.490046 0.444342 0.601651 0.467158 0.865414 0.311719 0.07843 0.095831 0.35569 0.292737 0.401953 0.384384 0.498096 0.293074 0.241126 0.465928 0.251296 0.091277 0.121152 0.109635 0.230665 0.165508 0.272443 0.065872 0.131637 0.121698 0.057795 0.035893 0.065618 0.121774 0.043036 0.138455 0.117323 0.147969 0.132163 0.041577 0.106352 0.215435 0.335985 0.425849 0.317882 0.265214 0.192919 0.18804 0.424324 0.425627 0.399574 0.286247 0.238779 0.43058 0.573512 0.631702 0.441505 0.288854 0.253439 0.298098 0.622908
0.035476 0.030632 0.076372 0.187932 0.073596 0.200257 0.524342 0.471199 0.702267 0.771738 0.793084 0.611857 0.516599 0.465728 0.215448 0.795089 0.70409 0.812346 0.799799 0.527803 0.493929 0.060105 0.640888 0.557213 0.55245 0.468544 0.356588 0.452763 0.405189 0.470825 0.501674 0.288536 0.167634 0.159407 0.101661 0.136413 0.18529 0.102476 0.076813 0.135663 0.099258 0.187644 0.075932 0.190528 0.108503 0.078693 0.228794 0.515917 0.219043 0.252833 0.299822 0.276098 0.207651 0.239622 0.246661 0.278456 0.447014 0.052352 0.033183 0.017369 0.259399 0.399103 0.028438 0.331415 0.420977 0.414505 0.784706 0.324714 0.622142 0.688724 0.45124 0.019226
0.066418 0.157256 0.368329 0.210161 0.295501 0.064298 0.23967 0.169723 0.507226 0.263597 0.30843 0.511395 0.462429 0.437389 0.436158 0.628538 0.552092 0.686057 0.381723 0.369195 0.542007 0.418675 0.561602 0.713252 0.512239 0.406305 0.278032 0.585796 0.379861 0.547433 0.298649 0.304084 0.369387 0.193343 0.051518 0.105502 0.126641 0.144091 0.036767 0.107224 0.099361 0.172707 0.119483 0.205323 0.119669 0.081165 0.153504 0.269854 0.163716 0.275916 0.476469 0.514704 0.759273 0.636968 0.234736 0.383057 0.269654 0.003732 0.000187 0.005043 0.309902 0.074151 0.167217 0.597127 0.355297 0.550013 0.918047 0.767187 0.816014 0.774269 0.548681 0.159597
0.096555 0.036577 0.366 0.421389 0.567827 0.404148 0.467163 0.25497 0.473444 0.331742 0.526732 0.529754 0.515784 0.37893 0.511944 0.502698 0.438911 0.470453 0.120403 0.419295 0.419078 0.498533 0.321276 0.444328 0.336798 0.241504 0.569019 0.397224 0.192394 0.354504 0.400188 0.296373 0.379351 0.242319 0.112707 0.128398 0.066544 0.175949 0.178916 0.121186 0.157428 0.162942 0.197904 0.060978 0.044913 0.09382 0.241002 0.290671 0.201295 0.366009 0.194833 0.319157 0.374608 0.677659 0.338728 0.811368 0.356208 0.192825 0.136134 0.121992 0.445941 0.432529 0.201567 0.482751 0.529564 0.501704 0.756052 0.935046 0.716835 0.286523 0.123868 0.403797
0.146083 0.030833 0.188105 0.434446 0.352434 0.419612 0.556855 0.411102 0.507888 0.436794 0.335799 0.450294 0.471405 0.652415 0.475735 0.523244 0.841778 0.473962 0.336851 0.701795 0.585662 0.561616 0.5456 0.387532 0.367325 0.156548 0.45471 0.54014 0.354731 0.455826 0.23101 0.177186 0.255451 0.345421 0.260891 0.331214 0.286838 0.272526 0.128024 0.107258 0.066892 0.129103 0.156733 0.114416 0.067957 0.183327 0.189908 0.328151 0.364374 0.189405 0.432861 0.229738 0.184659 0.358352 0.334754 0.746193 0.308939 0.516032 0.605817 0.44298 0.28694 0.411719 0.566117 0.398091 0.468122 0.4826 0.485083 0.300066 0.030592 0.363569 0.702952 0.387078
0.275131 0.196028 0.198507 0.39073 0.466928 0.235862 0.49644 0.578427 0.459344 0.482426 0.357516 0.414701 0.403524 0.685159 0.621716 0.475822 0.543284 0.523879 0.619836 0.595489 0.543648 0.517655 0.421746 0.374799 0.357943 0.380976 0.407354 0.395008 0.392044 0.391559 0.113848 0.001873 0.292285 0.46892 0.232537 0.231182 0.330229 0.334911 0.200934 0.135128 0.108737 0.169316 0.169394 0.230718 0.219921 0.207271 0.164799 0.430157 0.518625 0.361592 0.241163 0.64483 0.641137 0.216655 0.653409 0.642476 0.389769 0.276014 0.660609 0.539009 0.125111 0.610558 0.820738 0.359589 0.072648 0.198274 0.172338 0.228006 0.422076 0.856369 0.914907 0.048087
0.311767 0.296439 0.169446 0.306599 0.365793 0.482495 0.119215 0.418337 0.586866 0.414081 0.409589 0.465854 0.455277 0.564562 0.578793 0.275809 0.497531 0.528279 0.550897 0.531185 0.538063 0.681401 0.458177 0.34006 0.180597 0.366869 0.593365 0.464621 0.373692 0.423571 0.356005 0.083781 0.319894 0.408069 0.276883 0.233133 0.404057 0.3489 0.259724 0.281982 0.101939 0.163939 0.254468 0.352941 0.091384 0.369999 0.349418 0.316429 0.31749 0.52413 0.380305 0.663734 0.795831 0.612862 0.542406 0.363939 0.617943 0.600713 0.805878 0.704572 0.621002 0.55861 0.869496 0.811548 0.789408 0.910224 0.701013 0.916961 0.308834 0.550819 0.64427 0.349759
0.125029 0.206483 0.223582 0.112963 0.120934 0.377183 0.198311 0.439213 0.421297 0.432508 0.622089 0.563763 0.476776 0.557926 0.541506 0.630379 0.531182 0.368333 0.384872 0.642364 0.425969 0.48395 0.368655 0.237072 0.352764 0.245185 0.486016 0.420271 0.492293 0.534298 0.419241 0.31138 0.460117 0.516885 0.386792 0.437642 0.487585 0.271075 0.199822 0.270282 0.058023 0.153386 0.410875 0.131811 0.442947 0.636525 0.46782 0.57849 0.516765 0.765469 0.306543 0.452562 0.327269 0.621377 0.612189 0.694521 0.881474 0.815161 0.69516 0.663411 0.573355 0.549604 0.777521 0.571647 0.786918 0.220144 0.657061 0.811016 0.63513 0.461762 0.111177 0.268327
0.022698 0.368784 0.215078 0.094133 0.29114 0.278647 0.281352 0.413645 0.376148 0.368044 0.592814 0.647924 0.656125 0.295651 0.584921 0.392473 0.166825 0.314528 0.525902 0.533249 0.332936 0.520401 0.548733 0.195706 0.509335 0.511059 0.354109 0.471274 0.401345 0.631646 0.248659 0.43697 0.426921 0.452905 0.270037 0.418614 0.582515 0.486724 0.325669 0.166329 0.082172 0.145706 0.286995 0.159288 0.597927 0.815364 0.560727 0.648164 0.665206 0.493821 0.132743 0.446493 0.607601 0.582024 0.621839 0.573095 0.540848 0.549525 0.500469 0.552793 0.479987 0.473516 0.203903 0.758415 0.760832 0.383218 0.22069 0.795382 0.548737 0.128061 0.373263 0.671932
0.13452 0.531769 0.044142 0.150511 0.083532 0.331462 0.254062 0.449528 0.443514 0.425929 0.530726 0.527016 0.624696 0.456088 0.478501 0.492714 0.276168 0.231752 0.396526 0.590865 0.622282 0.755479 0.617921 0.404805 0.304861 0.400784 0.426888 0.377255 0.398267 0.563509 0.514629 0.45824 0.369189 0.429383 0.353758 0.346709 0.424608 0.435492 0.214844 0.392229 0.341362 0.482131 0.450913 0.737873 0.560091 0.507271 0.480518 0.580753 0.353215 0.543426 0.622687 0.795874 0.652831 0.24588 0.516571 0.518274 0.58593 0.593905 0.293924 0.604517 0.513262 0.538063 0.544577 0.268299 0.531065 0.56466 0.487036 0.609774 0.323837 0.073587 0.284488 0.346268
0.119835 0.433064 0.190359 0.471741 0.126983 0.186162 0.745734 0.521124 0.455978 0.421677 0.279489 0.450477 0.557984 0.535639 0.302093 0.263761 0.465123 0.4324 0.525277 0.695033 0.785375 0.564008 0.386086 0.552358 0.391019 0.293524 0.434316 0.481783 0.473063 0.811467 0.821049 0.682469 0.452413 0.457646 0.481449 0.741525 0.505199 0.268809 0.074197 0.318484 0.254278 0.447255 0.316093 0.377872 0.212995 0.407982 0.454884 0.439938 0.627559 0.82083 0.908251 0.919366 0.632601 0.468989 0.402088 0.574722 0.433901 0.359956 0.498705 0.347281 0.436354 0.628359 0.552808 0.562562 0.503196 0.439023 0.438179 0.523211 0.635479 0.104717 0.450224 0.000739
0.090205 0.161722 0.086351 0.489221 0.078059 0.094855 0.512722 0.290297 0.562093 0.540302 0.664524 0.509087 0.267336 0.283213 0.472546 0.52813 0.420126 0.652843 0.536368 0.649268 0.540766 0.532877 0.466914 0.487994 0.434224 0.331264 0.432919 0.670409 0.544824 0.836433 0.737127 0.448912 0.479727 0.50984 0.350594 0.518664 0.79111 0.250612 0.381681 0.468537 0.314627 0.284456 0.552186 0.07765 0.062649 0.461145 0.685459 0.357298 0.635581 0.358839 0.448175 0.809347 0.772633 0.531455 0.282837 0.644131 0.592912 0.62435 0.590939 0.525581 0.563729 0.657183 0.519169 0.469074 0.569945 0.188831 0.235676 0.216114 0.17879 0.003753 0.243217 0.016745
0.058405 0.380946 0.27067 0.268328 0.01378 0.38966 0.555557 0.64906 0.67073 0.486734 0.481964 0.351879 0.318847 0.581066 0.489455 0.519403 0.407982 0.503459 0.382505 0.564515 0.324731 0.704149 0.53895 0.444499 0.343373 0.434119 0.52163 0.40979 0.572726 0.684436 0.665796 0.490864 0.460469 0.59876 0.526685 0.80038 0.760252 0.515329 0.582762 0.595559 0.909632 0.832428 0.241281 0.166274 0.429196 0.331652 0.50616 0.457554 0.554362 0.425649 0.667976 0.497672 0.396998 0.525548 0.532003 0.503888 0.553921 0.487127 0.442972 0.568734 0.520704 0.649799 0.274604 0.444557 0.331751 0.357866 0.199138 0.204535 0.207423 0.563762 0.050282 0.024063
0.511888 0.135892 0.655753 0.437944 0.019813 0.236689 0.115392 0.736963 0.428754 0.310783 0.657702 0.26715 0.44671 0.783244 0.167453 0.484545 0.483693 0.479804 0.562255 0.655562 0.658373 0.428476 0.173902 0.419112 0.514722 0.500755 0.560289 0.692324 0.811734 0.792851 0.742204 0.492496 0.563888 0.450806 0.588309 0.800734 0.671614 0.477278 0.62415 0.640877 0.56822 0.387347 0.604327 0.837542 0.700759 0.502569 0.39513 0.55859 0.321874 0.386632 0.617643 0.523629 0.385689 0.56126 0.563036 0.543689 0.357398 0.507357 0.232123 0.434198 0.245671 0.284069 0.106929 0.232977 0.019236 0.244214 0.11605 0.140227 0.211644 0.032186 0.000263 2.4e-005
0.395577 0.487226 0.71391 0.186492 0.179316 0.370972 0.283787 0.61252 0.514436 0.63068 0.458561 0.489882 0.594354 0.65363 0.525757 0.748187 0.408964 0.588745 0.479855 0.546545 0.534474 0.502242 0.571675 0.803531 0.37443 0.5305 0.624939 0.583442 0.460373 0.500931 0.556151 0.010782 0.4595 0.57129 0.571961 0.715172 0.448974 0.518877 0.244191 0.436184 0.134693 0.532794 0.558575 0.765674 0.597652 0.511337 0.529621 0.629823 0.595631 0.518754 0.616013 0.602588 0.720567 0.61097 0.533281 0.463083 0.518429 0.572369 0.140623 0.21074 0.061792 0.082457 0.001402 0.109801 0.026787 0.145026 0.005842 0.00989 0.02028 0.000507 0 0
0.248732 0.652889 0.358366 0.605191 0.573498 0.447998 0.510041 0.622883 0.579717 0.578246 0.486436 0.27568 0.687889 0.40035 0.586446 0.798673 0.492475 0.554336 0.481748 0.487988 0.346375 0.319774 0.593088 0.833795 0.621368 0.46066 0.392035 0.519321 0.584153 0.345814 0.477846 0.501445 0.405312 0.608373 0.355404 0.542065 0.372382 0.5274 0.246504 0.592817 0.486115 0.573303 0.432394 0.642597 0.628289 0.680545 0.797068 0.513808 0.47896 0.689107 0.729293 0.604949 0.491884 0.451354 0.49068 0.447474 0.503447 0.549792 0.297735 0.502153 0.096638 0.06002 0.01106 0.015717 0.195495 0.001308 0.001047 0.02474 0.000242 2.6e-005 0 6e-006
0.665578 0.798185 0.809843 0.724406 0.48563 0.480696 0.583785 0.594115 0.447064 0.470658 0.194634 0.599864 0.607451 0.564499 0.642975 0.524116 0.247289 0.496031 0.460105 0.592436 0.577225 0.485174 0.579485 0.678677 0.445356 0.570231 0.507815 0.545126 0.56874 0.734816 0.60086 0.775735 0.476524 0.698728 0.476094 0.413049 0.704887 0.854736 0.886033 0.450311 0.610105 0.58069 0.521649 0.525065 0.610833 0.778639 0.915125 0.627777 0.481184 0.829186 0.489681 0.378774 0.785263 0.578515 0.531268 0.517978 0.354915 0.212398 0.169713 0.097768 0.069283 0.0118 0.07174 0 0.000994 0 0.00042 0 0 3e-005 0 0.059752
