EnvRasters/GE_High/grass.asc
ncols         270
nrows         223
xllcorner     24099.479091542
yllcorner     21023.840179216
cellsize      1003.8986847201
NODATA_value  -9999
[rows 60 to 89 of 223, columns 138 to 206 of 270]
0.184416 0.110063 0.014878 0.136404 0.095138 0.10273 0.014725 0.025696 0.584539 0.152205 0.096788 0.113223 0.092847 0.064446 2.7e-005 0.001482 0.01415 0.147831 0.024421 0.140042 0.070562 0.157152 0.244648 0.014686 0.043865 0.06985 0.0956 0.046733 0.100834 0.020642 0.064551 0.055857 0.20491 0.252197 0.218674 0.154843 0.011289 0.448769 0.101764 0.024425 0.092406 0.018273 0.045693 0.350252 0.451003 0.125987 0.033083 0.029384 0.06681 0.136678 0.028684 0.022739 0.02539 0.042061 0.021204 0.004462 0.0153 0.223044 0.230223 0.084885 0.034595 0.016533 0.000396 0 0 0 0 0 0.041902
0.025705 0.097358 0.049882 0.016106 0.011842 0.016934 0.104426 0.069902 0.159447 0.115634 0.030557 0.091994 0.066153 0.002116 0 0.02431 0.027862 0.027885 0.007166 0.055491 0.081665 0.094273 0.062393 0.001508 0.059709 0.023042 0.020514 0.005306 0.014131 0.022217 0.238377 0.079724 0.068628 0.10359 0.137413 0.156317 0.011768 0.076355 0.247213 0.059324 0.20745 0.01436 0.511554 0.388131 0.088938 0.07313 0.198363 0.06664 0.221893 0.037975 0.200786 0.09172 0.131221 0.016572 0.03596 0.000159 0.2125 0.0527 0.010285 0 0.002444 0.005544 0.059209 0.237516 0.185292 0.018014 0 0 0.0086
0.038704 0.034822 0.01129 0.053042 0.067465 0.096804 0.020957 0.178334 0.109973 0.118112 0.134469 0.023024 0.085597 0.00672 0.004879 0.069959 0.018472 0.306606 0.073489 0.051486 0.056645 0.061321 0.000164 0.003511 0.055004 0.087764 0.30726 0.228536 0.051351 0.196483 0.195041 0.154311 0.148274 0.015035 0.046648 0.018919 0.021694 0.013309 0.152075 0.000797 0.095473 0.13189 0.448071 0.261047 0.167083 0.084249 0.069472 0.049239 0.067433 0.002231 0 0.014088 0.018458 1.7e-005 0.016989 0 0 0.001939 0.027869 0.001312 0.036413 0.160868 0.202758 0.337805 0.059243 0.00235 0.005445 0.002079 0.0003
0.059699 0.026529 0.071113 0.149539 0.112235 0.064443 0.092374 0.179183 0.120986 0.116365 0.113574 0.098022 0.052818 0.007556 0.057199 0.039097 0.184235 0.240816 0.295548 0.170719 0.007322 0.071685 0.025188 0.37541 0.180548 0.06178 0.079811 0.081968 0.049426 0.046466 0.062072 0.09109 0.066801 0.023921 0.002688 0.02751 0.024581 0.075742 0.09411 0.068284 0.096824 0.033008 0.017602 0.036142 0.212691 0.085718 0.059113 0.016899 0.05447 0.016704 0.228411 0.071312 0 1.8e-005 0 0 0 0 0.0388 0.032769 0.108951 0.00282 0.035896 0.042668 0.041266 0 0 0 0.006724
0.007125 0.016073 0.058787 0.182832 0.226834 0.123368 0.031285 0.071659 0.174606 0.106706 0.116234 0.045996 0.006984 0.002196 0.146411 0.235341 0.030097 0.162882 0.174868 0.073962 0.186792 0.056701 0.086129 0.682099 0.409391 0.10955 0.131341 0.079502 0.077102 0.071172 0.021443 0.123831 0.007198 0.018537 0.015248 0.043868 0.033311 0.046691 0.247929 0.15794 0.226625 0.009099 0.071464 0.066623 0.09478 0.179965 0.041304 0.029739 0.21967 0.029212 0.184648 0.096437 0.152657 0.018113 0 0 0.000351 0.000393 0.122641 0.070743 0.100415 0.106382 0.005895 0.148411 0.058149 0.000133 0 0 0.0191
0.044743 0.029937 0.097867 0.233848 0.045514 0.096751 0.128357 0.254283 0.049388 0.028849 0.014058 0.006684 0.00507 0.006396 0.091046 0.041004 0.02447 0.040236 0.070707 0.041854 0.083565 0.288496 0.103264 0.366229 0.151624 0.174439 0.092198 0.104222 0.142372 0.028429 0.094338 0.091905 0.007408 0.045919 0.0382 0.031108 0.037418 0.145218 0.084932 0.077605 0.411194 0.142395 0.000835 0.028577 0.025906 0.05419 0.087208 0.07478 0.05904 0.019143 0.08737 0.090749 0.052975 0.06079 0 0.000117 0.006392 0.146929 0.136272 0.179855 0.074303 0.01698 0.093088 0.034029 0.004873 0.038535 0 0.0016 0.0128
0.044248 0.089154 0.280999 0.160855 0.114367 0.135815 0.242671 0.19266 0.170349 0.004827 0.06366 0.013363 0.000768 0.003282 0 0.026575 0.091137 0.019114 0.046917 0.027289 0.097109 0.067681 0.018882 0.023531 0.116436 0.058382 0.05551 0.033167 0.073617 0.029597 0.024612 0.151505 0.047311 0.103669 0.146075 0.171202 0.08686 0.037303 0.079257 0.063751 0.237272 0.103293 0.011584 0.037319 0.005072 0.023365 0.016404 0.001168 0.060882 0.079026 0.172615 0.22599 0.197931 0.267188 0.059498 0.008903 0.169086 0.302942 0.242487 0.146703 0.100114 0.171577 0.26881 0.179504 0.041383 0.0019 0.045882 0.005432 0.139689
0.035738 0.035014 0.098472 0.173352 0.034608 0.09518 0.096864 0.037789 0.008019 0.044737 0.002334 0.000326 0 0 0.027327 0.000837 0.073826 0.081842 0.014628 0.057331 0.025139 0.052802 0.008983 0.046952 0.175321 0.07329 0.036294 0.123791 0.158414 0.113806 0.056113 0.032698 0.015269 0.163433 0.022376 0.187318 0.098539 0.138109 0.051329 0.124468 0.242463 0.186067 0.044603 0.066628 0.100032 0.012352 0.048784 0.058792 0.123074 0.05593 0.239817 0.202245 0.155886 0.036286 0.119672 0.199661 0.037951 0.207493 0.121412 0.115848 0.025276 0.007899 0.269833 0.145494 0.036895 0.044545 0.234841 0.037281 0.134949
0.012878 0.050907 0.041589 0.110906 0.027191 0.028514 0.00232 0.106174 0.090748 0.000226 6.4e-005 0 0.000239 0.029962 0.03344 0.06093 0.013829 0.088822 0.077485 0.015097 0.028126 0.065977 0.048404 0.048293 0.067079 0.043199 0.03889 0.165842 0.161238 0.021666 0.077105 0.131284 0.01378 0.104224 0.091077 0.027747 0.094988 0.002259 0.046031 0.135236 0.462268 0.302934 0.151723 0.083638 0.051613 0.041873 0.014075 0.047286 0.070044 0.004262 0.032094 0.069594 0.205153 0.123091 0.137885 0.19107 0.136614 0.175465 0.281621 0.068822 0.158081 0.218318 0.133014 0.148294 0.016129 0.217423 0.210415 0.067809 0.076573
0.072189 0.169881 0.086134 0.009301 0.020885 0.049925 0.007685 0.020226 0.033627 0.010487 0 0 0.000384 0.002855 0.010694 0.053296 0.015687 0.087298 0.04479 0.078469 0.191129 0.194797 0.105397 0.042609 0.168296 0.066911 0.116986 0.129637 0.146293 0.056678 0.041404 0.088216 0.080892 0.121202 0.03669 0.035745 0.050839 0.037574 0.107101 0.164771 0.422593 0.328128 0.063044 0.043308 0.064876 0.106103 0.053267 0.004031 0.009998 0.013336 0.333175 0.055538 0.074536 0.231619 0.15539 0.119631 0.101976 0.351681 0.201658 0.193123 0.164633 0.029104 0.000764 0.0211 0.281285 0.121201 0.119094 0.054825 0.037259
0.009557 0.247149 0.160212 0.023898 0.050326 0.086288 0.141274 0.023976 0.012826 0.000272 0 0 0.000105 0.004121 0.036887 0.064665 0.063072 0.118674 0.051938 0.018504 0.058877 0.060658 0.113729 0.070003 0.071384 0.083437 0.108862 0.030049 0.099241 0.095964 0.180938 0.264932 0.259894 0.049417 0.035307 0.065174 0.049213 0.021482 0.139504 0.263719 0.297883 0.29271 0.244034 0.080042 0.023451 0.042749 0.009831 0.000814 0.004324 0.02962 0.127642 0.219693 0.078055 0.095399 0.10934 0.160133 0.212854 0.254044 0.230456 0.233752 0.217389 0.079342 0.052868 0.24417 0.20643 0.171338 0.1573 0.002521 0.05631
0.000334 0.037238 0.067514 0.065449 0.097127 0.075409 0.252437 0.068836 0.033858 0.003791 0 0.017997 0.008532 0.142828 0.099635 0.085732 0.100659 0.040104 0.080999 0.07215 0.077682 0.002945 0.072508 0.094471 0.133682 0.108507 0.022433 0.056374 0.120062 0.13842 0.232586 0.031206 0.055083 0.028317 0.063305 0.100474 0.084333 0.049614 0.169507 0.25367 0.124706 0.191622 0.099433 0.059695 0.14811 0.01347 0 0.012695 0.029896 0.162401 0.049723 0.090179 0.049277 0.148585 0.051071 0.109771 0.168665 0.206353 0.100077 0.06601 0.352398 0.045502 0.096374 0.234495 0.502988 0.095709 0.053115 0.00141 0.006132
0.023291 0.045707 0.006038 0.006986 0.0613 0.107888 0.05045 0.14855 0.061239 0.003178 0 0.020784 0.04972 0.024096 0.006409 0.211438 0.057149 0.009297 0.210286 0.111319 0.133439 0.05793 0.081488 0.151644 0.067539 0.097748 0.213575 0.24421 0.147708 0.376949 0.018997 0.026544 0.223004 0.043543 0.266233 0.189234 0.156387 0.148257 0.17862 0.297416 0.200806 0.220562 0.150559 0.023355 0.069075 0.026535 0.062163 0.025136 0.033676 0.063505 0.06976 0.142649 0.104457 0.169607 0.163462 0.082282 0.01701 0.070005 0.021103 0.044181 0.112805 0.243849 0.190517 0.064555 0.117414 0.134986 0.042823 0.098465 0.028279
0.00182 0.005228 0.029036 0.079518 0.054193 0.027936 0.097578 0.165757 0.196242 0 0.00977 0.041401 0.002125 0.125251 0.022454 0.209865 0.046478 0.096892 0.032132 0.027788 0.021964 0.069005 0.227861 0.04309 0.212511 0.21843 0.331259 0.389983 0.204072 0.082777 0.035989 0.161551 0.076243 0.214719 0.056342 0.038473 0.168301 0.195044 0.183614 0.524858 0.045301 0.01583 0.227053 0.088581 0.08618 0.202831 0.036015 0.121299 0.025166 0.033528 0.080011 0.051154 0.038979 0.094214 0.147535 0.165275 0.077284 0.275521 0.044565 0.016492 0.026301 0.148547 0.032229 0.042605 0.14086 0.025115 0.041626 0.213634 0.231479
0.045256 0.053604 0.020049 0.008307 0.005994 0.005044 0.128772 0.288256 0.029892 0 0.0086 0.075718 0.074974 0.029523 0.04793 0.052859 0.073519 0.08461 0.11439 0.01496 0.055869 0.113158 0.052366 0.340833 0.174176 0.166604 0.153857 0.058775 0.090219 0.099315 0.025039 0.129174 0.063197 0.073024 0.044672 0.173725 0.312157 0.168161 0.412529 0.432546 0.107958 0.303075 0.17109 0.0478 0.127827 0.053734 0.020554 0.015231 0.020029 0.002407 0.077423 0.193833 0.068599 0.139913 0.007495 0.049351 0.227264 0.088137 0.084859 0.014841 0.292956 0.147848 0.025343 0.097571 0.043423 0.02295 0.10202 0.184072 0.331884
0.010562 0.138273 0.083614 0.002913 0.007166 0.067435 0.42168 0.086051 0.017508 0 0.01041 0.045367 0.018295 0.028082 0.083078 0.019594 0.020531 0.066238 0.058078 0.11163 0.141959 0.111149 0.004751 0.170563 0.021811 0.018912 0.099515 0.024273 0.098397 0.06595 0.092947 0.131974 0.117181 0.299003 0.381561 0.274728 0.157407 0.154049 0.261988 0.045169 0.227722 0.310584 0.175528 0.018815 0.094094 0.175908 0.033701 0.010026 0.06882 0.050238 0.023653 3.8e-005 0.116322 0.084063 0.062644 0.11288 0.085192 0.257789 0.226629 0.149574 0.294676 0.186987 0.012587 0.052978 0.068835 0.058592 0.071939 0.036247 0.070181
0.014379 0.027228 0.054798 0.181499 0.028611 0.057503 0.261769 0.043305 0.037556 0.027062 0.148143 0.02401 0.035289 0.063998 0.028978 0.054635 0.125009 0.07515 0.082729 0.09513 0.048526 0.007125 0.103886 0.037388 0.094725 0.01649 0.088595 0.094765 0.054718 0.042642 0.110078 0.227393 0.791781 0.485286 0.203761 0.087038 0.283588 0.113442 0.367979 0.15055 0.123029 0.114974 0.015093 0.228529 0 0.040647 0.018824 0.013326 0.025065 0.024381 0.014347 0.142434 0.032389 0.016121 0.024488 0.116894 0.147552 0.159287 0.3562 0.165503 0.224112 0.125942 0.03676 0.14864 0.082332 0.019774 0.017528 0.002654 0.048996
0.057432 0.130745 0.125524 0.08707 0.21169 0.151049 0.3424 0.054341 0.096718 0.06743 0.027435 0.168758 0.015826 0.001892 0.060509 0.026313 0.051505 0.131074 0.181097 0.013263 0.063297 0.024604 0.003211 0.012101 0.083045 0.052027 0.005158 0.000744 0.001594 0.03592 0.293204 0.40479 0.150958 0.136314 0.201889 0.104094 0.07495 0.160291 0.308908 0.040346 0.019454 0.005792 0.04555 0.154112 0.000102 0 0.002866 0.02548 0.042969 0.018631 0.006133 0.012219 0.055164 0.039215 0.096029 0.113028 0.190922 0.085456 0.073491 0.066287 0.270499 0.086928 0.212607 0.181109 0.111332 0.014369 0.047762 0.043351 0.012262
0.046193 0.028786 0.087949 0.075896 0.077197 0.20753 0.203645 0.079061 0.09 0.1637 0 0.016356 0 3.6e-005 0.036107 0.092372 0.030132 0.040102 0.041065 0.053142 0.245779 0.014296 0.050367 0.092383 0.090985 0.053919 0.001488 0 0.034302 0.063486 0.086057 0.036794 0.029813 0.071227 0.084842 0.009479 0.098866 0.146456 0.174868 0.027414 0.009227 0.021316 0.124931 0.040843 0.001004 0.000402 0.002258 0.024713 0.006096 0.028654 0.057187 0.017102 0.091286 0.066488 0.152974 0.144384 0.117212 0.089383 0.085615 0.153178 0.242919 0.155701 0.172787 0.124783 0.034532 0.034235 0.047621 0.037573 0.012663
0.008764 0.030328 0.077756 0.091602 0.002081 0.110769 0.177975 0.001304 0.0088 0 0 0 0 0.000809 0.011409 0.036869 0.059784 0.044619 0.053209 0.085953 0.06453 0.083763 0.151643 0.054746 0.068274 0.000777 0.004772 0.005995 0.003738 0.040859 0.133683 0.035013 0.064496 0.030041 0.074803 0.036547 0.128667 0.013461 0.062794 0.02642 0.000575 0.084921 0.041188 0.049693 0.085199 0.003907 0.015861 0.07166 0.004794 0.001136 0.009885 0.044193 0.007083 0.304792 0.241574 0.136148 0.226968 0.107336 0.063172 0.13332 0.287132 0.212515 0.253867 0.118076 0.095744 0.06267 0.147954 0.15299 0.068386
0.110554 0.07826 0.039141 0.038113 0.168712 0.271638 0.192918 0.052216 0.032451 0.056108 0.001026 0.019596 0.010226 0.066656 0.02938 0.006924 0.002139 0.008986 0.00247 0.069946 0.124413 0.066898 0.054143 0.028099 0.010799 0.074555 0.119756 0.038476 0.070785 0.050159 0.206054 0.012614 0.01937 0.079669 0.067059 0.043166 0.007773 0.009871 0.000343 0.009193 0.101296 0.09639 0.012797 0.015008 0.102492 0.036355 0.020897 0.009656 8e-005 0.004722 0.177969 0.103762 0.034503 0.068001 0.122048 0.137751 0.167927 0.01715 0.174506 0.090735 0.215426 0.165528 0.057789 0.100947 0.037002 0.007745 0.108174 0.030045 0.036928
0.111101 0.036883 0.19896 0.030667 0.10213 0.165494 0.436568 0.038022 0.194892 0.036056 0.00361 0.027151 0.076657 0.109736 0.001221 0.111153 0.117319 0.121052 0.001321 0.092362 0.020717 0.145078 0.013725 0.021076 0.030479 0.217546 0.03435 0.095442 0.03781 0.058555 0.048044 0.016078 0.238566 0.010067 8.9e-005 0.000368 0.118022 0.029269 0.002948 0.012369 0.062984 0.008108 0.005711 0.045571 0.14803 0.003344 0.018677 0.00093 0.010809 0.033537 0.053543 0.118074 0.14104 0.102922 0.068193 0.079702 0.134128 0.051576 0.013187 0.06312 0.110085 0.04127 0.061498 0.087985 0.003492 0.249112 0.243295 0.394439 0.156854
0.090708 0.04021 0.090068 0.091005 0.458546 0.348636 0.349157 0.000274 0.00201 0.00297 0.025334 0.084377 0.036265 0.117852 0.027188 0.015713 0.082565 0.045638 0.002618 0.129453 0.060182 0.193856 0.178663 0.044786 0.015556 0.071483 0.007426 0.018444 0.026464 0.011101 0.019516 0.0425 0.029895 0.107111 0.024689 0.009428 0.077628 0.074581 0.093172 0.004689 0.011786 0.142328 0.006371 0.000879 0.106085 7.2e-005 0.001554 0.000102 0.033562 0.041012 0.089482 0.097048 0.065703 0.08235 0.113195 0.019493 0.144782 0.2841 0.057513 0.056442 0.169566 0.007874 0.035153 0.129928 0.037909 0.061039 0.132651 0.095371 0.110391
0.093149 0.138981 0.054686 0.044211 0.5261 0.111122 0.155825 0.009024 0 0.072399 0.121574 0.001932 0.036456 0.128853 0.001086 0.040014 0.035224 0.016829 0.026756 0.132233 0.011625 0.036236 0.00096 0.03525 0.05574 0.007499 0.040902 0.048942 0.071409 0 0.000119 0.009256 0.033614 0.012558 0.083326 0.007186 0.002077 0.045394 0.081518 0.028694 0.001824 0.008336 0.040711 0.005353 0.002069 0.001164 0.009995 0 0.0054 0.013734 0.138602 0.004938 0.118498 0.013069 0.132497 0.147935 0.019269 0.36435 0.112277 0.013548 0.022252 0.00101 0.244641 0.054221 0.155404 0.141719 0.047466 0.161877 0.016264
0.055252 0.094718 0.043726 0.024682 0.106107 0.05986 0.038503 0 0.018326 0.054804 0.052586 0.155737 0.050611 0.196906 0.071446 0.179652 0.000409 0.029277 0.040787 0.008576 0.15973 0.061078 0.030576 0.010909 0.00039 0.014672 0.14321 0.057392 0.004049 0 0 0.00061 0.009418 0.011078 0.113052 0.033977 0.011305 0.000493 0.00399 0.004689 0.065257 0.00187 0 0.042979 0.071319 1.3e-005 0.000182 0.000126 0.036269 0.07799 0.073017 0.026812 0.041196 0.05273 0.131673 0.148558 0.00014 0.016235 0.012324 0.003643 0.031883 0.12202 0.194371 0.172825 0.085859 0.076236 0.105996 0.035543 0.008885
0.107582 0.084787 0.463637 0.098794 0.168503 0.067035 0.078629 0.072041 0.019531 0.024858 0.070385 0.117029 0.050153 0.004429 0.036085 0.034 0.002903 0.044511 0.033362 0.086084 0.070521 0.290418 0.086307 0.047931 0.209975 0.283525 0.014874 0.013236 0 0.001115 0.010131 0.037768 0.190365 0.0026 0.001032 0.004944 0.062384 0.005243 0.000789 0.002236 0.022797 0.032675 3e-006 0.002841 0.077165 0.004992 0.007392 0.005796 0.038093 0.073881 0.019145 0.034658 0.054194 0.196575 0.009055 0.003086 0.006007 0 0.005052 0.060116 0.061789 0.221382 0.232915 0.190467 0.013498 0.068398 0.078507 0.09308 0.000732
0.1247 0.15183 0.145823 0.006514 0.000258 0.017698 0.212056 0.030309 0.003753 0.081599 0.02909 0.053552 0.055087 0.00016 0.046259 0.05387 0.05521 0.148011 0.131729 0.004901 0.062699 0.034339 0.027968 0.168653 0.115938 0.182267 0.001094 0.07301 0.057368 0.124289 0.05403 0.089518 0.028992 0.088419 0.007804 0.016958 0.134717 0.026726 0.010622 0.048946 0 0.029448 0.019542 0 0.01951 0.06127 0.010692 0.065617 0.044203 0.104216 0 0.036992 0.125587 0.001172 0.000146 0.021627 0.063706 0.187497 0.199768 0.128923 0.127703 0.083059 0.008802 0.002556 0.114666 0.000221 0.006197 0.082758 0.012149
0.008696 0.024571 0.140051 0.021939 0 0.008026 0.028056 0 0.004503 0.011551 0.012472 0.05832 0.068126 0.102216 0.111504 0.07444 0.019325 0.191787 0.130511 0.196809 0.110771 0.133398 0.015922 0.051972 0.016395 0.062907 0.040526 0.087852 0.036139 0.229535 0.033711 0.022844 0.011883 0.008759 0 0.074652 0.179909 0.025654 0.0793 0.105175 0.056512 0.073737 0.063071 0.001122 0.011627 0.002801 0.005069 0.001709 0.030739 0.033255 0.001302 0.000686 0.002178 0.016442 0.054385 0.179357 0.04211 0.188278 0.094179 0.159544 0.00847 0.03954 0.02533 0.001388 0.245212 0.005539 0 0.124266 0.180066
0 0.000764 0.025191 0.042927 9.8e-005 0 0.000879 0.022659 0.02488 0.029862 0.062388 0.058841 0.115412 0.025392 0.060801 0 0.050403 0.040248 0.010873 0.243174 0.027846 0.066893 0.05723 0.066375 0.044365 0.202685 0.115659 0.037457 0.068208 0.036682 0.002435 0.093577 0.028513 0.002732 0.060329 0.000621 0.006841 0.004254 0.009516 0.000617 0.030786 0.033332 0.050366 0.00528 0.008757 0.026604 0.006484 0.012688 0.002934 0.000348 0.011478 0.067404 0.020515 0.055248 0.209642 0.109709 0.038105 0.007941 0.03265 0.18085 0.142485 0.020997 0.19839 0.031064 0.067763 0.014808 0.002814 0 0.175368
0.001969 0.038009 0.013543 0.036987 0.009591 0.000152 0.059746 0.038762 0.023473 0.030657 0.053287 0.117068 0.022301 0.10375 0.014099 0.009519 0.298234 0.008452 0.023602 0.193296 0.234022 0.228572 0.033596 0.0897 0.09523 0.027458 0.025087 0.061875 0.193934 0.185561 0.006681 0.01626 0.017115 0.07748 0.092714 0.022828 0 0.000925 0.00027 0.001507 0.00095 0.001392 0.163837 0.03243 0.090099 0.020293 0.011318 0.028979 0.205636 0.081034 0.173349 0.079679 0.019805 0.007006 0.082514 0.010545 0.000494 0.030693 0.008796 0.038457 0.063998 0.128671 0.0734 0.126664 0.057424 0.216478 0.039119 0.032083 0.123066
