EnvRasters/GE_High/grass.asc
ncols         270
nrows         223
xllcorner     24099.479091542
yllcorner     21023.840179216
cellsize      1003.8986847201
NODATA_value  -9999
[rows 30 to 59 of 223, columns 69 to 137 of 270]
0.307095 0.341723 0.232359 0.075928 0.248729 0.180639 0.213623 0.194736 0.250277 0.111999 0.220141 0.330145 0.09258 0.050769 0.021564 0.015372 0.022655 -9999 -9999 -9999 -9999 -9999 -9999 -9999 -9999 -9999 -9999 -9999 -9999 0 0.040391 0.047584 0.017204 0.083245 0.090399 0.480441 0.194531 0.074872 0.034288 0.156277 0.202847 0.247099 0.060606 0.029019 0.024508 0.089126 0.106664 0.05337 0.021481 0.048328 0.189427 0.436934 0.0436 0 0 0 0.045883 0.055281 0.007996 0 0 0 0 0 0.00716 1e-006 0.015956 0.026778 0.027397
0.333646 0.149275 0.134227 0.068741 0.197779 0.130711 0.194575 0.028329 0.074391 0.206765 0.219674 0.187995 0.172659 0.022646 0.042087 0.03698 3.8e-005 -9999 -9999 -9999 -9999 -9999 -9999 -9999 -9999 -9999 -9999 -9999 0 0.086472 0.017317 0.03669 0.032426 0.097744 0.065865 0.085299 0.028442 0.071292 0.069822 0.162498 0.140019 0.182412 0.098854 0.106277 0.038148 0.249875 0.28896 0.159449 0.277023 0.117308 0.144634 0.220532 0.045006 0.063078 0.009791 0 0.0234 0 0 0 0 0 0 5.3e-005 0.045644 0.072018 0.010323 0 0
0.480463 0.294239 0.051778 0.098063 0.106264 0.242322 0.267816 0.226625 0.223971 0.2015 0.30037 0.215959 0.108986 0.113609 0.147029 0.183514 0.029791 -9999 -9999 -9999 -9999 0 0.082914 0.001141 -9999 0.0099 0 0 0.0229 0.014396 0.078585 0.045216 0.073874 0.144932 0.02049 0.126129 0.053143 0.135667 0.028792 0.024269 0.201186 0.222685 0.192937 0.148147 0.098523 0.318992 0.23624 0.172673 0.002323 0.057558 0.016036 0.130278 0.022652 0.034745 0.007272 0 0 0 0 0 0 0 0 0.002 0.024886 0.03099 0.012662 0.011284 0.095687
0.269427 0.170603 0.139419 0.125826 0.26458 0.159511 0.233849 0.276139 0.110799 0.261761 0.166949 0.158762 0.142625 0.227729 0.23996 0.148286 0.18143 0.011981 0.062062 0.021154 0.054491 0.183508 0.046159 0.000175 0 0.032508 0.130904 0.058192 0.166989 0.036997 0.052128 0.046649 0.182534 0.078351 0.128254 0.187843 0.065528 0.043494 0.030362 0.057615 0.125276 0.163231 0.056556 0.203467 0.209594 0.135627 0.19477 0.015054 0.000514 0.213009 0.120428 0.111574 0.080831 0.022418 0.00013 0 0 0 0 0 0 0 0 0.0038 0.0255 0.007923 0.031722 0.042924 0.092974
0.330651 0.1808 0.162209 0.203712 0.30555 0.151351 0.31566 0.383275 0.251481 0.218041 0.195885 0.16652 0.135337 0.015496 0.061029 0.089113 0.028987 0 0.012456 0.196884 0.144497 0.123028 0.117847 0.066913 0.077386 0.257012 0.203848 0.11333 0.044508 0.026012 0.086402 0.071864 0.108324 0.061762 0.047259 0.059481 0.011976 0.032129 0.012305 0.178141 0.138598 0.101847 0.108689 0.119031 0.07567 0.21766 0.155216 0.083561 0.175552 0.168568 0.280492 0.2455 0.145722 0.113137 0.006066 0 0 0 0 0 0 0 0 0 0 0.006473 0.022374 0 0.086522
0.044482 0.06432 0.231505 0.244753 0.073029 0.046898 0.246434 0.14066 0.247277 0.225 0.181632 0.182773 0.124036 0.179859 0.123557 0.045124 0 0 0.000488 0.020351 0.110944 0.137432 0.236243 0.089046 0.280823 0.337936 0.159809 0.149851 0.053563 0.137823 0.076034 0.036612 0.090155 0.450519 0.315498 0.314135 0.025687 0.0187 0.059402 0.026682 0.084607 0.202991 0.168389 0.011262 0.317494 0.145769 0.10903 0.162384 0.202707 0.267324 0.16246 0.234273 0.085366 0.065174 0.2279 0.0469 0 0 0 0 0 0 0.006556 0.002476 0.00097 0.005957 0.059036 0.040283 0.040872
0.0191 0.007326 0.1033 0.125335 0.075759 0.025998 0.136471 0.173298 0.288686 0.4165 0.191424 0.099223 0.098363 0.092872 0.070239 0.116296 0 0 0.000216 0 0.10235 0.349913 0.168045 0.064975 0.123362 0.10454 0.124559 0.071474 0.102214 0.042358 0.114383 0.086347 0.58419 0.387981 0.3454 0.06608 0.053111 0.08918 0.049294 0.118568 0.076156 0.161726 0.051342 0.112852 0.027321 0.021142 0.277467 0.173459 0.213059 0.103634 0.175569 0.223322 0.328135 0.039234 0.0211 0 0 0 0 0 0 0 0.002272 0.189258 0.031714 0.078004 0.062916 0.043878 0.03171
0.279247 0.15205 0.276637 0.193821 0.211284 0.0924 0.174111 0.108823 0.23708 0.067003 0.197412 0.298386 0.18648 0.182248 0.13985 0.078605 0.014263 0 0.000846 0.129027 0.094179 0.03803 0.153909 0.2637 0.350192 0.053596 0.028376 0.099924 0.129111 0.275737 0.536886 0.252913 0.302306 0.22549 0.202876 0.171079 0.037131 0.254603 0.047721 0.127558 0.0069 0.03551 0.155275 0.134341 0.002433 0.0211 0.233228 0.213572 0.308573 0.264461 0.232688 0.167878 0.064027 0.0451 0 0 0 0.000233 0 0 0 0 0 0.004541 0.055163 0.046801 0.000184 0.056234 0.025081
0.0237 0.083357 0.29221 0.383702 0.07985 0.19145 0.149961 0.19004 0.127488 0.177362 0.207288 0.131685 0.056797 0.085051 0.058305 0.007223 0 0 0.12113 0.134752 0.170881 0.084956 0.308648 0.128362 0.095588 0.175892 0.0566 0.007 0.094293 0.058753 0.0182 0.05273 0.127481 0.140242 0.259407 0.180502 0.212375 0.21737 0.274005 0.015781 0 0 0.073916 0.210831 0.0962 0.119624 0.254952 0.249025 0.229748 0.19547 0.250674 0.261464 0.019273 0.1013 0.004736 0 0 0.000129 0 0.032925 4.4e-005 0.001325 0 0.000816 0.01384 0 0.058776 0.086445 0.145692
0.340213 0.116003 0.138463 0.048737 0.106334 0.091948 0.4741 0.309721 0.122847 0.090523 0.006282 0.132987 0.064557 0.5614 0.15951 0.000214 0.0032 0.006069 0.231994 0.303903 0.2671 0.0883 0.1237 0.004554 0.013266 0.179262 0.0381 0.016707 0.059177 0.08911 0.120137 0.217305 0.29887 0.167427 0.205191 0.126812 0.112376 0.277316 0.224002 0.196335 0.000117 0 0.027334 0.164699 0.226685 0.113317 0.294124 0.22123 0.228579 0.131804 0.218625 0.119204 0.167698 0.226349 0.013206 0.084415 0.007553 0.026112 0.027301 0.066475 0.00726 0.033204 0.032885 0.015289 0.037941 0.029978 0.003019 0.06948 0.06096
0.220844 0.274477 0.210608 0.05421 0.199274 0.105269 0.230024 0.128701 0.220203 0.136535 0.142368 0.130347 0.218006 0.825196 0.118169 0.024552 0.0174 0.236802 0.186333 0.415646 0.297044 0.166487 0.066299 0.188975 0.374583 0.195879 0.056574 0.038155 0.093848 0.105968 0.238461 0.209841 0.118601 0.161051 0.148849 0.065332 0.179385 0.055275 0.166142 0.086618 0.112382 0.033101 0.039036 0.109452 0.081664 0.292683 0.411286 0.317805 0.221929 0.140622 0.230637 0.050915 0.185127 0.356655 0.015845 0.012035 0.018852 0.014267 0.008219 0.011943 0.0095 0.018588 0.001727 5.6e-005 0 0.102616 0.243572 0.055609 0.020135
0.146308 0.083429 0.159769 0.201993 0.119741 0.178557 0.17754 0.217584 0.049238 0.115837 0.09389 0.127954 0.11438 0.219889 0.010069 0 0.0141 0.172367 0.060644 0.066354 0.158998 0.157917 0.037415 0.04214 0.132872 0.157235 0.098412 0.202694 0.085254 0.098516 0.095005 0.168288 0.106019 0.196786 0.076563 0.08806 0.125828 0.293776 0.183992 0.073952 0.23709 0.04841 0.04603 0 0.001326 0.217475 0.244962 0.291401 0.165818 0.138145 0.296968 0.012287 0.247355 0.174407 0 0.000574 0.024224 0.002846 0.016148 0.0632 0.0652 0.064968 0.014714 0.021901 0.078088 0.060525 0.100574 0.080738 0.017524
0.359964 0.134059 0.190389 0.092947 0.143551 0.20623 0.238248 0.045837 0.174195 0.186454 0.150728 0.216814 0.069056 0.117567 0.055177 0.000452 0.014294 0.124915 0.10588 0.180495 0.043204 0.026443 0.055321 0.158914 0.321742 0.114928 0.167132 0.068854 0.13777 0.285428 0.063747 0.237099 0.071765 0.121073 0.260549 0.193324 0.044959 0.070253 0.069707 0.179326 0.115837 0.289497 0.256238 0.14319 0.060179 0.065173 0.003534 0.1212 0.079878 0.12971 0.039593 0.174107 0.248316 0.075566 0 0.037488 0.030884 0.000635 0.090941 0.0933 0.066072 0.01164 0.06356 0.106761 0 0.164888 0.046374 0.118531 0.162477
0.034306 0.192688 0.27139 0.090807 0.146385 0.196609 0.275273 0.087224 0.108593 0.056189 0.082466 0.032452 0.049655 0.028858 0 0.114323 0.108871 0.20555 0.172775 0.093072 0.121626 0.199116 0.155096 0.157764 0.291577 0.184415 0.261181 0.255286 0.133608 0.380426 0.1357 0.019562 0.136489 0.163831 0.236058 0.186455 0.012736 0.000184 0.048108 0.117054 0.252303 0.258933 0.099207 0.094658 0.000308 0.007948 0.015666 0.056696 0.188033 0.024769 0.025806 0.023964 0.0367 0.0476 0.004244 0.109353 0.042228 0.153374 0.054453 0.032361 0.008027 0.06203 0.013181 0.020442 0.056438 0.003233 0.00786 0.246515 0.139251
0.240545 0.161983 0.228715 0.13559 0.111546 0.181109 0.070289 0.189062 0.204032 0.039695 0.042096 0.136871 0.034313 0 0.062144 0.052641 0.17214 0.193888 0.197174 0.084355 0.043609 0.20546 0.131237 0.086494 0.302005 0.253277 0.254757 0.088196 0.003046 0.166356 0.067746 0.010641 0.083375 0.176513 0.169829 0.259439 0.040958 0.134405 0.307299 0.171541 0.241472 0.248841 0.00764 0.343418 0.180476 0.082168 0.077453 0.13646 0.063099 0.026653 0.049235 0.054174 0.3236 0.123321 0.001295 0.071908 0.006881 0.034483 0.128426 0.005959 0.087871 0.195089 0.09521 0.116594 0.117554 0.014956 0.128525 0.178388 0.037066
0.206496 0.223994 0.223187 0.054826 0.088095 0.057273 0.163572 0.190549 0.221928 0.128191 0.048259 0.015643 0 8.7e-005 0.00319 0.178867 0.209152 0.170413 0.035574 0.044429 0.062707 0.122629 0.156568 0.17343 0.036133 0.098416 0.183078 0.088242 0.038939 0.0077 0.045023 0.131487 0.042771 0.209386 0.322585 0.287948 0.290748 0.505712 0.375256 0.287224 0.1063 0.031131 0.088625 0.220659 0.089263 0.078512 0.169187 0.198277 0.067022 0.000215 0.010936 0.014976 0.122036 0.122811 0.3108 0.0697 0.001404 0.078413 0.00537 0.00974 0.0519 0.182192 0.020845 0.154922 0.204006 0.049829 0.052501 0.009212 0.10765
0.151209 0.16626 0.191798 0.066086 0.140533 0.075014 0.273687 0.122383 0.085503 0.008231 0.006566 0 0 0.007383 0.043053 0.113632 0.136131 0.05858 0.025578 0.006113 0.12925 0.328545 0.145884 0.119724 0.131961 0.111139 0.308561 0.307599 0.221746 0.129094 0.001041 0.070229 0.058156 0.300455 0.368985 0.18258 0.138525 0.347223 0.130038 0.04001 0 0.020875 0.08681 0.050654 0.033713 0.082589 0.029446 0 0.000649 0.104567 0.162837 0.094624 0.015718 0.068336 0.0026 0 0 0.013545 0.121596 0.192297 0.230623 0.052991 0.023648 2.2e-005 0.022653 0 0.00076 0.101015 0.093562
0.138303 0.131851 0.387937 0.211411 0.380076 0.318523 0.119465 0.046269 0.018772 0.0001 0 0 0 0.012218 0.022306 0.040451 0.049614 0.105503 0.008371 0.086774 0.088031 0.071087 0.2343 0.110988 0.093793 0.235801 0.10088 0.277125 0.184769 0.180695 0.036191 0.036473 0.359009 0.351009 0.261944 0.269643 0.239184 0.251807 0.236419 0.012192 0.129004 0.148867 0.087447 0.056517 0.116262 0.01623 0.015466 0.11458 0.040894 6e-006 0.042198 0.178996 0.118014 0.015779 0.0193 0 0 0 0 0 0.031969 0.038685 0.009476 0.010164 0 0.004896 0.012007 0.146102 0.117509
0.195992 0.245292 0.255121 0.429296 0.379041 0.238958 0.195672 0.024811 0 0 0 0 0 0.009882 0 0.026075 0.082201 0.192989 0.190163 0.130544 0.133365 0.123235 0.12594 0.055667 0.111118 0.115802 0.118034 0.124397 0.093577 0.163392 0.143998 0.109165 0.49245 0.17233 0.07081 0.296445 0.180584 0.096731 0.223815 0.117549 0.051578 0.16879 0.128252 0.064521 0.05646 0.03036 0.174362 0.204099 0.068772 0.02314 0.008418 0.034932 0.029693 0.014248 0.016309 0 0.0173 0.024 0.003564 0 0.002475 0.000126 0.037693 0.000566 0.019618 0.040249 0.034478 0.143436 0.172356
0.137619 0.135303 0.388983 0.442253 0.247072 0.121111 0.077408 0.432431 0.308098 0 0 0 0 0.00698 0.036669 0.088501 0.050806 0.034019 0.225494 0.103491 0.051321 0.132894 0.080042 0.221882 0.193796 0.130322 0.107393 0.20088 0.148054 0.190409 0.31784 0.393576 0.203258 0.005597 0.140086 0.228612 0.230284 0.306055 0.255876 0.176774 0.203807 0.013914 0.027471 0.02897 0.050826 0.172382 0.273086 0.165101 0.111344 0.03817 0.10535 0.051587 0.03513 0.023774 0.054202 0.000363 0.022017 0.030651 0.035916 0.077709 0.146114 0.08255 0.023586 0.021175 0.017343 0.024685 0.000363 0.000713 0.089677
0.241327 0.162059 0.197275 0.366212 0.420543 0.221629 0.109955 0.186167 0.268004 0 0 0 0 0.00317 0.004256 0.096517 0.030306 0.134271 0.075942 0.119203 0.09342 0.133977 0.138072 0.143442 0.135532 0.247899 0.233188 0.340829 0.245269 0.227615 0.227193 0.116629 0.072263 0.058359 0.160062 0.338725 0.31798 0.346437 0.059765 0.104323 0.151824 0.079351 0.067177 0.018488 0.015763 0.087441 0.124628 0.073371 0.046481 0.041178 0.187833 0.041464 0.117513 0.051872 0.019978 0 0.060934 0.15962 0.00977 0.210959 0.147938 0.111392 0.03713 0.000174 0.018208 0.065216 0.040243 0.004514 0.081825
0.289329 0.195656 0.204602 0.171099 0.144141 0.158532 0.146756 0.307906 0.069447 0 0 0 0 0 0.04573 0.362289 0.297005 0.176115 0.029319 0.21514 0.105947 0.202281 0.227737 0.332752 0.098636 0.143175 0.184381 0.166605 0.084822 0.087908 0.060837 0.123642 0.322119 0.154981 0.103229 0.173565 0.128984 0.109747 0.150759 0.132737 0.092468 0.055069 0.026928 0.034891 0.022615 0.006326 0.243652 0.060575 0.130192 0.094963 0.067368 0.064149 0.210822 0.056681 0.01049 0.00044 0.0024 0.00356 0.067047 0.048658 0.144122 0.017583 0 0.011357 0.002707 0.004544 0.024748 0.094346 0.054297
0.216789 0.239768 0.220058 0.110279 0.095094 0.311278 0.321735 0.239576 0.148392 0 0 0 0 0 0.00332 0.165551 0.133304 0.046772 0.088179 0.307039 0.238744 0.029989 0.172321 0.202819 0.05983 0.092897 0.165764 0.158863 0.16411 0.000602 0.09734 0.187236 0.149264 0.194634 0.419127 0.420399 0.115753 0.068588 0.166449 0.155606 0.132611 0.01462 0.039538 0.036001 0.147716 0.122982 0.085551 0.14038 0.082488 0.088613 0.334739 0.133224 0.186616 0.051891 0.225989 0.042703 0.00855 0.232166 0.158522 0.16231 0.198073 0.021279 0.019508 0 0 0.014604 0.032108 0.065074 0.088346
0.138115 0.111268 0.264664 0.267673 0.25521 0.406332 0.070103 0.088125 0.056862 0.007227 0 0 0.004752 0 0 0.10989 0.080834 0.052954 0.153768 0.17513 0.101893 0.096187 0.064655 0.121104 0.347142 0.668748 0.644683 0.347165 0.067316 0.041706 0.06971 0.09151 0.163286 0.359785 0.225075 0.159334 0.149092 0 0.01881 0.126837 0.098331 0.085077 0.008859 0.013003 0.226574 0.221248 0.090582 0.155484 0.236161 0.188821 0.220079 0.138886 0.123999 0.198776 0.133614 0.02801 0.086044 0.060493 0.035741 0.057343 0.329709 0.494244 0.005405 0 0 0.009128 0.161387 0.042304 0.178615
0.226156 0.141296 0.184469 0.2573 0 0.118597 0.077318 0.043001 0.038208 0.00499 0 0 0.013282 0 0 0.059733 0.078161 0.066142 0.0702 0.359374 0.138016 0.233518 0.134325 0.348197 0.567573 0.538731 0.549634 0.102065 0.214125 0.266645 0.001292 0.116421 0.293826 0.349044 0.071953 0.170765 0.035369 0 0 0.08208 0.052129 0.156146 0.019697 0.096912 0.385618 0.211327 0.099445 0.042112 0.081562 0.203565 0.264595 0.128908 0.133878 0.183173 0.140949 0.058727 0.16281 0.111538 0.107291 0.125584 0.049343 0.129895 0.09213 0 0 0.000686 0.480702 0.129672 0.063569
0.1005 0.105291 0.247846 0 0.007875 0.107148 0.143614 0.101001 0.468114 0.205422 0 0 0 0 0.020756 0.00157 0.240611 0.145342 0.202612 0.114769 0.179465 0.035409 0.071363 0.312857 0.126163 0.092692 0.23793 0.220294 0.165505 0.366337 0.10125 0.095422 0.265164 0.165475 0.126175 0.088972 0.484963 0.149677 0.024621 0.195611 0.11479 0.170939 0.203705 0.181706 0.025809 0.281746 0.157226 0.054157 0.151923 0.205872 0.212781 0.053294 0.004466 0.052928 0.055662 0.010485 0.011685 0.055002 0.164707 0.156769 0.081153 0.023051 0.052553 0 0 0.003263 0.293269 0.236073 0.441726
0.259687 0.2868 0.572629 0.045001 0.098419 0.143209 0.039227 0.313363 0.176892 0.025938 0 0.091303 0.022545 0.010244 0.045234 0.021239 0.028 0.26311 0.125373 0.239936 0.097336 0.12807 0 0.051116 0.275659 0.025395 0.079932 0.11143 0.200784 0.173373 0.221297 0.127926 0.211438 0.292746 0.130565 0.143048 0.38031 0.308561 0.259494 0.097503 0.095252 0.222325 0.188515 0.136112 0.133342 0.007344 0.189393 0.110501 0.211656 0.44806 0.298936 0.048819 0.019955 0.026078 0.295635 0.096747 0.034063 0.195324 0.288899 0.20797 0.030418 0.117343 0.021225 0 0.000842 0.038092 0 0.181407 0.335012
0.25762 0.3357 0.249153 0.152296 0.164274 0.030147 0.000179 0.312509 0.234498 0.053169 0.178291 0.40914 0.076051 0.045721 0.060413 0.138489 0.02592 0.088199 0.089481 0.22058 0.061666 0.229342 0.056924 0.094681 0.091931 0.148575 0.294616 0.139931 0.085988 0.158358 0.403009 0.206508 0.221239 0.290938 0.268461 0.217768 0.429184 0.19331 0.109592 0.037394 0.008371 0.046795 0.143016 0.147491 0.27068 0.061375 0.176391 0.327251 0.234963 0.244683 0.090256 0.151419 0.104233 0.035556 0.119801 0.292492 0.174503 0.14124 0.202308 0.20118 0.123638 0.091452 0.1779 0 0.056733 0.025272 0.046973 0.04898 0.007914
0.036565 0.10064 0.190347 0.27846 0.174295 0.202252 0.1162 0.043793 0.15118 0.074966 0.39974 0.288161 0.0183 0.076576 0.064974 0.185464 0.122206 0.211693 0.305939 0.147411 0.028638 0.167597 0.212507 0.299405 0.092607 0.045846 0.074691 0.13825 0.187138 0.304098 0.251415 0.323363 0.181139 0.078073 0.054387 0.410721 0.323079 0.21354 0.122506 0.279987 0.023711 0.161547 0.11303 0.2628 0.209527 0.192882 0.217343 0.09775 0.140132 0.413655 0.175054 0.103371 0.168221 0.068879 0.14761 0.122952 0.171554 0.271311 0.265335 0.092339 0.148046 0.173374 0.12581 0.1386 0.089356 0.035448 0.019404 0.023634 0.013934
0.048144 0.198474 0.147955 0.216654 0.125163 0.184249 0.051949 0.211521 0.23432 0.26358 0.484141 0.091393 0.055406 0.033379 0.102612 0.191652 0.163166 0.269822 0.200753 0.063514 0.190031 0.240318 0.131035 0.165993 0.250271 0.086904 0.217041 0.167325 0.217354 0.151951 0.201567 0.311951 0.266749 0.10405 0.231344 0.267997 0.109847 0.111998 0.346592 0.211781 0.114519 0.121017 0.010359 0.102225 0.179509 0.136227 0.020267 0.004608 0.199717 0.328126 0.183086 0.442903 0.365552 0.153553 0.177916 0.086481 0.247014 0.148053 0.127671 0.118627 0.321588 0.206262 0.037906 0.055928 0.047464 0.161485 1.1e-005 0.017339 0.008527
