EnvRasters/GE_High/grass.asc
ncols         270
nrows         223
xllcorner     24099.479091542
yllcorner     21023.840179216
cellsize      1003.8986847201
NODATA_value  -9999
[rows 60 to 89 of 223, columns 69 to 137 of 270]
0.228545 0.132996 0.126556 0.008491 0.065519 0.100686 0.110379 0.214874 0.58571 0.309552 0.089273 0.124567 0.126172 0.005476 0.060453 0.167808 0.147954 0.195709 0.061787 0.054607 0.147586 0.197934 0.187266 0.13201 0.142952 0.091388 0.280795 0.235168 0.046487 0.000502 0.080196 0.278561 0.146194 0.061556 0.297317 0.011892 0.093211 0.094389 0.101462 0.244147 0.190245 0.096338 0.154487 0.042393 0.101203 0.191679 0.028434 0.275381 0.412251 0.073209 0.201813 0.133252 0.35928 0.036747 0.062324 0.047087 0.176737 0.07419 0.146709 0.150727 0.207513 0.153497 0.045757 0.057825 0.088768 0.00839 0.012454 0.091396 0.200168
0.149856 0.092749 0.146162 0.141618 0.059425 0.045084 0.213993 0.472283 0.408275 0.093095 0.163402 0.191642 0.08599 0.184031 0.101552 0.037323 0.077721 0.117417 0.116981 0.227867 0.119823 0.418524 0.174214 0.064323 0.087651 0.207472 0.131378 0.242233 0.03738 0.074364 0.221083 0.263697 0.111841 0.007754 0.145414 0.168217 0.146944 0.126712 0.128638 0.23623 0.073818 0.114497 0.257427 0.36076 0.027817 0.137237 0.092687 0.222624 0.214231 0.170182 0.248636 0.236129 0.171525 0.063866 0.025769 0.049377 0.042198 0.104605 0.086016 0.028378 0.218983 0.139749 0.070245 0.105949 0.077941 0.032582 0.017503 0.042011 0.019407
0.150315 0.190379 0.081036 0.151043 0.12938 0.09368 0.4006 0.253517 0.103516 0.232699 0.08668 0.201965 0.172507 0.235393 0.280808 0.169782 0.215271 0.03049 0.193894 0.3178 0.062945 0.276615 0.205177 0.216932 0.180349 0.130438 0.221002 0.218427 0.190275 0.2034 0.281668 0.2664 0.059103 0.013266 0.006273 0.096054 0.070344 0.05079 0.151803 0.152888 0.105161 0.226874 0.045807 0.149748 0.149685 0.119841 0.135201 0.034316 0.097518 0.119876 0.167467 0.102402 0.035243 0.154329 0.036464 0.062751 0.039439 0.117333 0.226083 0.048002 0.212008 0.344652 0.10584 0.062557 0.028834 0.074613 0.070151 0.019543 0.037226
0.171144 0.124216 0.095142 0.048426 0.107434 0.011219 0.253654 0.03888 0.186446 0.315084 0.135325 0.108973 0.137367 0.1517 0.259087 0.064324 0.149162 0.141302 0.236252 0.09696 0.102103 0.087265 0.279198 0.165257 0.177531 0.228844 0.293516 0.159023 0.18023 0.12942 0.055534 0.065105 0.00018 0 0 0.018155 0.133025 0.143394 0.232724 0.121281 0.182696 0.170676 0.113721 0.108506 0.170065 0.100725 0.316579 0.016574 0.124822 0.175223 0.06409 0.138173 0.001004 0.003189 0.044349 0.023476 0.016475 0.087851 0.043321 0.014235 0 0.047858 0.046545 0.20957 0.120878 0.040334 0.011206 0.09011 0.090901
0.239619 0.195022 0.097727 0.118723 0.044773 0.01993 0.013607 0.083537 0.18248 0.184919 0.093943 0.176381 0.200874 0.112899 0.027426 0.015938 0.094553 0.074718 0.185963 0.213564 0.162108 0.088165 0.121002 0.147072 0.150851 0.147192 0.188643 0.042679 0.046893 0.079087 0.1548 0.211509 0.020392 0 0.002617 0.07181 0.165262 0.189575 0.391815 0.076177 0.160469 0.045841 0.128011 0.166798 0.107964 0.078998 0.039271 0.090494 0.079797 0.104169 0.152208 0.059685 0.040063 7.8e-005 0.016769 0.067271 0.002115 0.01496 0.008044 0 0 0.026063 0.040255 0.004573 0.056406 0.034868 0.017945 0.043677 0.012873
0.080746 0.230784 0.129385 0.0363 0.173824 0.067588 0.119275 0.074889 0.047036 0.15902 0.079315 0.232842 0.184189 0.183004 0.219555 0.107898 0.06446 0.063552 0.189072 0.082547 0.147189 0.024359 0.102246 0.182322 0.292241 0.12388 0.113715 0.055417 0.018394 0.051208 0.169623 0.007864 0.097117 0.128973 0.0403 0.035489 0.067442 0.071567 0.084238 0.079522 0.082784 0.020142 0.064782 0.077979 0.133097 0.211189 0.063554 0.128948 0.026934 0.084563 0.117248 0.260135 0.059443 5.7e-005 0.03879 0.045111 0.013274 0.028879 0.026192 0 0 0 0 6.7e-005 0.280358 0.028126 0.00121 0.000222 0.004216
0.152129 0.073484 0.147106 0.158219 0.208199 0.25374 0.090882 0.275649 0.315506 0.089342 0.038381 0.058507 0.032287 0.069942 0.045402 0.157885 0.123128 0.084632 0.074492 0.05659 0.107433 0.124407 0.224253 0.356152 0.082421 0.110585 0.239444 0.183062 0.097203 0.04822 0.090393 0.137652 0.124007 0.00182 0.000775 0.114207 0.061265 0.016994 0.019084 0.170968 0.261137 0.030996 0.158501 0.1158 0.113637 0.151987 0.036238 0.101379 0.106323 0.128821 0.070148 0.038354 0.036872 0.072797 0.042642 0.014573 0.044304 0.034524 0.034921 0 0 1.3e-005 0.00021 0.00036 0.013165 0.001075 0 0.008966 0.07315
0.100476 0.120427 0.005614 0.08702 0.206946 0.19314 0.06422 0.483676 0.292579 0.108713 0.08453 0.202953 0.129768 0.071384 0.071676 0.140907 0.079115 0.04363 0.120917 0.186585 0.140889 0.232204 0.154002 0.135 0.177479 0.075953 0.425662 0.294069 0.155602 0.058325 0.055773 0.099675 0.135074 0.065599 0.102146 0.019945 0.071712 0.261232 0.074074 0.114326 0.099946 0.201291 0.037174 0.10153 0.00174 0.076617 0.077033 0.171792 0.128694 0.203753 0.007601 0.001052 0.022565 0.057617 9.9e-005 1e-006 0.001382 0.00131 0.000863 0 0 0 0 0.003441 0 0 0.000205 0.016392 0.029123
0.025078 0.217287 0.081151 0.041054 0.259634 0.108515 0.161315 0.395109 0.148176 0.076112 0.090467 0.05176 0.19356 0.098333 0.136753 0.139919 0.083596 0.06521 0.142151 0.199949 0.037923 0.187376 0.094469 0.148192 0.135572 0.218942 0.159124 0.175984 0.374203 0.151732 0.051286 0.194678 0.259221 0.022205 0.004441 0.085793 0.094311 0.004519 0.079578 0.137672 0.014313 0.20218 0.240622 0.238285 0.179626 0.149974 0.050433 0.049677 0.110761 0.177873 0.085106 0.057829 0.006761 0.001307 0 0 0.002104 0.001904 0.000519 0 0 0.000135 0 0 0 0 0.001992 0.00012 0.008799
0.203523 0.077558 0.122136 0.171147 0.105223 0.351528 0.218559 0.141261 0.063672 0.082877 0.111461 0.181569 0.043939 0.259461 0.029871 0.065375 0.202979 0.032487 0.125095 0.242053 0.217524 0.306879 0.049103 0.215279 0.256767 0.23712 0.164177 0.220888 0.217926 0.2242 0.302249 0.279957 0.204067 0.241133 0.088409 0.002922 0.059036 0.016946 0.090458 0.359981 0.16556 0.198206 0.125207 0.256305 0.180922 0.24907 0.153214 0.039345 0.031982 0.00056 0.051968 0.00265 3e-006 0 0 0 0 0 0 0 0.002496 0.003017 1.2e-005 6e-005 0.004683 0.011551 0.001227 0.003382 0.000136
0.120483 0.049975 0.094708 0.039866 0.358794 0.345529 0.031459 0.118667 0.057577 0.102887 0.103061 0.075394 0.21524 0.105646 0.402167 0.173895 0.133191 0.002743 0.085833 0.093088 0.293189 0.333277 0.068957 0.290787 0.402703 0.290211 0.234262 0.191125 0.268667 0.15602 0.205597 0.068459 0.061134 0.16358 0.077885 0.035391 0.37371 0.106106 0.13104 0.096722 0.050035 0.152904 0.071843 0.067122 0.233953 0.084912 0.183224 0.053241 0.023634 0.000542 0.015596 0.049327 0.024245 0 0 0 0 0 0 0 0.001899 0.013802 0.000704 0.00045 0.011457 0.016222 0 0.011289 0.001817
0.100641 0.086278 0.16915 0.030993 0.177254 0.040122 0.111867 0.0842 0.06721 0.124122 0.09784 0.196887 0.141344 0.19048 0.190599 0.197211 0.019462 0 0.059608 0.204698 0.383588 0.290974 0.3365 0.400577 0.300639 0.161138 0.277546 0.342242 0.204622 0.240603 0.153203 0.0277 0.189151 0.169092 0.117087 0.173582 0.016759 0.063978 0.129163 0.274267 0.051923 0.038136 0.040878 0.135172 0.165337 0.152662 0.226449 0.038056 0.0012 0.026237 0.0003 0.008188 0 0 0 0 0 0 0 0 0.00133 0.001069 0.000727 0.003421 0.01633 0.003249 0.000808 0 0.009896
0.067525 0.020209 0.004508 0.084291 0.055927 0.22419 0.142803 0.164332 0.120858 0.133502 0.039269 0.082411 0.037597 0.10469 0.415586 0.254717 0.160513 0.069757 0.103403 0.170036 0.219505 0.183538 0.215659 0.09571 0.124261 0.196016 0.202954 0.322329 0.321732 0.423599 0.19638 0.126444 0.218012 0.169618 0.079253 0.09449 0.121225 0.222994 0.05625 0.130203 0.172891 0.123228 0.14992 0.166396 0.146119 0.049166 0.160535 0.057504 0.075198 0.022854 0.006324 7.9e-005 0 0 0 0 0 0 0 0 0.00074 0.000214 0.002699 5.9e-005 0.000845 0.001775 0.001598 0 0.045471
0.119963 0.052235 0.020174 0.068232 0.091713 0.171523 0.183451 0.209985 0.192525 0.212796 0.202982 0.117416 0.075421 0.191009 0.261646 0.198333 0.238711 0.146862 0.287202 0.30007 0.276874 0.200561 0.157864 0.429282 0.243075 0.203493 0.320891 0.393804 0.431065 0.113727 0.199355 0.154202 0.14934 0.061538 0.136196 0.128772 0.140061 0.173911 0.085946 0.1449 0.111746 0.104023 0.061662 0.067152 0.209092 0.055175 0.072201 0.008349 0.261156 0.008573 0.139819 0.043177 0 0 0 0 0 0 0 0 0 0 0.001833 9e-006 0 2e-005 0.001407 0.001089 0.000791
0.103461 0.108002 0.0129 0.009412 0.07204 0.120243 0.100375 0.270066 0.025994 0.337504 0.291914 0.144407 0.34921 0.247464 0.242481 0.236291 0.212909 0.131874 0.251631 0.201032 0.260482 0.398757 0.190984 0.232815 0.231889 0.382838 0.398933 0.1834 0.342861 0.269581 0.176622 0.119601 0.003758 0.055211 0.078963 0.067834 0.010434 0.059855 0.038944 0.024747 0.019636 0.262497 0.029628 0.052959 0.038825 0.029741 0.011626 0.000309 0.003534 0.003804 0.000224 0.000243 0 0 0 0 0 0 0 0 0 0 0 0 2.4e-005 0.000871 0.005978 0.001508 0
0.484577 0.413576 0.002112 0.210472 0.141381 0.008102 0.15649 0.176073 0.095175 0.217078 0.412697 0.16336 0.234893 0.140666 0.276792 0.137917 0.220605 0.324332 0.254962 0.218075 0.352861 0.203309 0.2253 0.140805 0.281263 0.2764 0.291302 0.165761 0.297655 0.221367 0.087092 0.0286 0.084371 0.511006 0.347073 0.103881 0.085304 0.059542 0.295303 0.130434 0.066734 0.157122 0.121579 0.202308 0.027845 0.135549 0.04231 0.084304 0.019359 0.033463 0 0 0 0 0 0 0 0 0 0 0 0 0 0 0 0.001582 0.064525 0.026478 0.015682
0.341193 0.223186 0.122072 0.190333 0.223047 0.309745 0.137025 0.28603 0.183829 0.23617 0.1817 0.20619 0.203984 0.121351 0.23946 0.310985 0.185439 0.12347 0.2878 0.292203 0.148315 0.17409 0.28753 0.221994 0.417238 0.19104 0.156488 0.211795 0.419044 0.176294 0.441099 0.233366 0.051722 0.077334 0.119268 0.128566 0.129894 0.028739 0.113556 0.279962 0.118062 0.178798 0.22206 0.274806 0.129918 0.131149 0.227287 0.126874 0.125817 0.036918 0 0 0 0 0 0 0 0 0 0 0 0 0 0 0 0 0 0 0.011586
0.291757 0.258008 0.181233 0.175633 0.194802 0.097879 0.05347 0.215426 0.242768 0.317892 0.229887 0.091421 0.317806 0.183375 0.205941 0.277461 0.229138 0.17602 0.055563 0.286038 0.428157 0.25159 0.247389 0.33553 0.42061 0.329542 0.392382 0.101092 0.078649 0.352784 0.215438 0.349755 0.137486 0.162929 0.255896 0.168476 0.297546 0.189216 0.254914 0.214684 0.300125 0.156114 0.10852 0.190497 0.311737 0.247936 0.034276 0.070429 0.036076 0.000613 0.005666 0 0 0 0 0 0 0 0 0 0 0 0 0 0 0.00404 5e-006 0.008264 0.111182
0.106268 0.098992 0.268856 0.119306 0.345499 0.061656 0.069353 0.269667 0.33607 0.390009 0.148919 0.234758 0.353665 0.083482 0.049119 0.218105 0.159139 0.108433 0.309662 0.377632 0.195874 0.248728 0.445749 0.23861 0.120263 0.132126 0.127023 0.258678 0.200438 0.523296 0.490403 0.325704 0.216294 0.34259 0.335816 0.240936 0.349747 0.250893 0.188421 0.187119 0.187779 0.050121 0.243547 0.137921 0.17143 0.158035 0.057066 0.305694 0.352511 0.102796 0.00087 0 0 0 0 0 0 0 0 0 0 0 0 0 0 0.017014 0 0 0.026237
0.288603 0.16004 0.184424 0.158885 0.287019 0.265435 0.215948 0.254268 0.396338 0.178505 0.258665 0.321987 0.317308 0.080249 0.075098 0.131899 0.311276 0.278574 0.235371 0.402758 0.228101 0.107644 0.118012 0.11831 0.157641 0.296 0.390571 0.356375 0.182709 0.246547 0.205839 0.186427 0.281018 0.231202 0.199556 0.269818 0.295924 0.316604 0.182361 0.128761 0.169859 0.156676 0.292663 0.290437 0.186988 0.093124 0.149958 0.186483 0.112778 0.0744 0.0264 0 0 0 0 0 0 0 0 0 0 0 0 0 0 0.001608 4.8e-005 0.000487 0.088582
0.263149 0.193951 0.216264 0.142047 0.22962 0.175883 0.237638 0.243051 0.306946 0.153762 0.285189 0.201229 0.206208 0.239961 0.130921 0.321867 0.186149 0.360623 0.401746 0.22006 0.242052 0.154466 0.2665 0.36817 0.209285 0.195244 0.164066 0.398226 0.0584 0.286791 0.14073 0.228995 0.200923 0.414133 0.475297 0.30171 0.098725 0.206974 0.229293 0.102575 0.317371 0.122132 0.09977 0.1476 0.264386 0.255908 0.181726 0.226126 0.28059 0.087541 0.004956 0.076319 0 0 0 0.0602 0 0 0 0 0 0 0.01054 0.038705 0.002837 0.01098 0.007779 0.172243 0.041237
0.209986 0.181973 0.217805 0.354591 0.27186 0.207799 0.162336 0.239868 0.150447 0.115736 0.209928 0.188979 0.250632 0.170823 0.210513 0.38495 0.28789 0.324242 0.152485 0.183411 0.158802 0.124741 0.082127 0.135142 0.23048 0.168043 0.168339 0.155541 0.2166 0.185671 0.20428 0.335157 0.293266 0.186768 0.180481 0.357864 0.188973 0.299219 0.224913 0.251739 0.196863 0.100194 0.229436 0.053556 0.338128 0.250429 0.302409 0.181414 0.071838 0.005405 0.042622 0.165479 0.061142 0.004948 0.03133 0.026462 0 0 0 0 0 0 0.115879 0.19653 0.047379 0.05281 0.005673 0.011447 0.015147
0.206178 0.170017 0.170265 0.19955 0.215116 0.134889 0.174659 0.255745 0.143533 0.132349 0.013382 0.367949 0.011174 0.070746 0.145598 0.287924 0.258274 0.307589 0.411889 0.226233 0.03025 0.020036 0.002941 0.246023 0.188836 0.2077 0.002804 0.168092 0.176769 0.34498 0.219563 0.404102 0.220206 0.192408 0.0548 0.184751 0.265165 0.199299 0.21467 0.319625 0.418402 0.218254 0.282247 0.2836 0.181384 0.098474 0.211448 0.137455 0.087619 0.109309 0.173482 0.266232 0.072502 0.003239 0.001862 0.077832 0.0181 0 0 0 0 0.00021 0.017849 0.001788 0.174926 0.006731 0.002241 0.001699 0.011859
0.262435 0.158259 0.200081 0.135981 0.188078 0.139134 0.182605 0.227605 0.158769 0.1276 0.231899 0.21948 0.188983 0.301737 0.315752 0.224679 0.191634 0.268987 0.396977 0.128431 0.043639 0.013692 0.09186 0.200511 0.192955 0.236494 0.191808 0.150882 0.08789 0.413057 0.195765 0.188075 0.201492 0.131645 0.397108 0.358354 0.257062 0.261685 0.208745 0.145253 0.237039 0.307711 0.403017 0.144758 0.144472 0.285819 0.314681 0.284849 0.171734 0.101492 0.05348 0.166515 0.004736 0.148908 0.000693 0.062827 0.0019 0 0 0 0 0 2.1e-005 0 0.025066 0.012727 0.000512 0.019331 0.018978
0.139271 0.021961 0.0046 0.040061 0.037253 0.049786 0.154908 0.172854 0.262228 0.244822 0.158717 0.421263 0.196048 0.191858 0.190322 0.409202 0.237983 0.452909 0.334608 0.225557 0.271699 0.116094 0.249761 0.213984 0.208406 0.109318 0.125728 0.245555 0.123357 0.494297 0.32153 0.113077 0.203625 0.290946 0.389632 0.275361 0.284598 0.281754 0.177972 0.220309 0.288583 0.06814 0.111518 0.180989 0.118949 0.184695 0.179869 0.126795 0.00121 0.09676 0.206684 0.162911 0.188581 0.012443 0.025824 0.002476 0 1e-006 0 0 0 0 0 0.086486 0.08177 0.050124 0.052885 0.033751 0.043001
0.122167 0.088616 0.001626 0.024838 0.164373 0.185508 0.352736 0.202297 0.22359 0.125545 0.373383 0.100114 0.185566 0.284717 0.17726 0.352087 0.192754 0.314769 0.379675 0.161673 0.185902 0.203655 0.468107 0.664567 0.481687 0.228784 0.175555 0.14358 0.102837 0.165124 0.267173 0.314202 0.066905 0.272599 0.193123 0.327237 0.231537 0.263418 0.16179 0.228526 0.217221 0.24462 0.103397 0.222489 0.212404 0.122589 0.009895 0.073359 0.018659 0.023232 0.023806 0.163778 0.062827 0.010925 0.049917 0 0.021038 0.103912 0 0 0 0 0 1.7e-005 7.5e-005 0.017392 0.003578 0.03284 0.007548
0.258912 0.210267 0.314068 0.201996 0.182284 0.126551 0.270737 0.122046 0.232189 0.298595 0.266759 0.337953 0.165397 0.211551 0.279161 0.142316 0.355706 0.160481 0.413491 0.031086 0.142124 0.411456 0.229372 0.280258 0.233764 0.299589 0.368089 0.322627 0.208786 0.176122 0.256468 0.30507 0.222079 0.233197 0.235564 0.248394 0.337329 0.347502 0.103396 0.193449 0.180849 0.247959 0.1798 0.130113 0.130855 0.241755 0.082376 0.000316 0.003476 0.050947 0.063813 0.010897 0.138907 0.029774 0.035017 0.051507 0.005613 0.244627 0 0.049247 0.000143 0 0 0.000581 2e-006 1e-006 0.062992 0.001372 0.000384
0.366812 0.405803 0.240086 0.167331 0.307719 0.207634 0.292913 0.272366 0.173898 0.240848 0.333305 0.199295 0.336385 0.188243 0.11834 0.187125 0.298198 0.225433 0.110232 0.015565 0.173238 0.238103 0.142083 0.094415 0.306317 0.221331 0.354684 0.241788 0.37421 0.1664 0.117671 0.08987 0.213721 0.23198 0.346284 0.284765 0.243706 0.334921 0.254071 0.247743 0.154341 0.194697 0.117608 0.040117 0.092658 0.047635 0.009438 0.000474 0.049991 0.003596 0.117794 0.027993 0.084559 0.01589 0.021529 0.074426 0.092116 9.8e-005 0 0.069051 0 0 0.057974 0.07742 0.036343 0.005398 0.010339 0 0.001882
0.06164 0.168735 0.200474 0.159456 0.126456 0.148012 0.210134 0.294949 0.284032 0.170426 0.234592 0.345979 0.144716 0.340272 0.437498 0.166373 0.147241 0.197132 0.077655 0.026596 0.110193 0.066714 0.026025 0.272447 0.247723 0.092996 0.307177 0.2264 0.286833 0.103392 0.220948 0.198685 0.435641 0.256444 0.350462 0.211475 0.112722 0.246399 0.152984 0.082006 0.106079 0.090407 0.116399 0.152862 0.110817 0.020137 0.080901 0.104259 0.018035 0.107043 0.060019 0.116472 0.034836 0.123109 0.013136 0.063763 0.073621 0 0 0.000125 0.023958 0.163735 0.143747 0.107429 0.008375 0.002053 0.056523 0 0.040986
0.253917 0.167306 0.187342 0.255779 0.154784 0.024026 0.166182 0.246628 0.177396 0.26042 0.203046 0.1787 0.190317 0.249869 0.37548 0.100899 0.17456 0.133289 0.002414 0 0.061827 0.061078 0.213178 0.128924 0.294541 0.183567 0.31847 0.267492 0.267318 0.194874 0.221767 0.30782 0.281762 0.125661 0.239577 0.086199 0 0.017997 0.148856 0.099537 0.080424 0.081929 0.002245 0.256341 0.097349 0.107198 0.028246 0.149273 0.063502 0.048357 0.0012 0.019315 0.002619 0.120349 0.057319 0.023045 0.017038 0.001823 0 0.001252 0.10038 0.128487 0.047052 0.060677 0.168202 0.12924 0.001273 0 0
