EnvRasters/GE_High/infrstr.asc
ncols         270
nrows         223
xllcorner     24099.479091542
yllcorner     21023.840179216
cellsize      1003.8986847201
NODATA_value  -9999
[rows 60 to 89 of 223, columns 0 to 67 of 270]
-9999 -9999 -9999 0 0 0.0050012 0 0 0 0.03985991 0 0.03398316 0.02026031 0.005546405 0.009964978 0.01241582 0.009964978 0.01992996 0.009964978 0.02989493 0.01127076 0.01908699 0 0 0 0 0 0 0 0.01992996 0 0.01203829 0.03957206 0.03762642 0.01992996 0.02716699 0.08155534 0.1176345 0.1367806 0.02651517 0.009964978 0.04324777 0.06636699 0 0 0 0.009964978 0 0.009964978 0 0.08264789 0.02374681 0.009964978 0 0.009964978 0.02989493 0 0.0180352 0.0203644 0.02139027 0 0 0.03948679 0.04040725 0 0.02989493 0.03985991 0.02989493
-9999 -9999 0 0.001939874 0.01799008 0.004963778 0 0 0 0.02366977 0.03612011 0.009964978 0 0.005139285 0.02475565 0.007514137 0.009964978 0 0 0.03673006 0.01178905 0.009964978 0 0 0 0 0.008991436 0.0103129 0.03985991 0 0 0.01050018 0.03755403 0.02216345 0 0.01269293 0.08380723 0.1487138 0.1761043 0.04982489 0.02989493 0.05546883 0.009964978 0.009964978 0 0.009964978 0.04417663 0 0.02572967 0.0831311 0.08739143 0.006676215 0 0.009964978 0 0.02783393 0.002061 0.009964978 0 0.01992996 0 0.03009902 0.02019102 0.06003008 0.08985902 0.01940816 0.009964978 0.05879767
-9999 -9999 0 0 0.009964978 0 0.01315615 0.006773811 0.009964978 0 0.03985991 0 0 0 0.009964978 0.01256072 0 0 0 0.02989493 0 0 0 0.009964978 0.008695072 0.01123489 0.009964978 0.0105906 0.009964978 0 0 0.0399769 0.01161867 0.05129392 0.01846092 0 0.04692956 0.08660731 0.1555915 0.1369275 0.1592522 0.1341817 0.01610438 0.009964978 0 0.009964978 0.04337846 0.00646684 0.01992996 0.04877888 0.00375684 0.006845373 0.01713815 0.01275679 0.009964978 0 0.009964978 0.02156057 0 0 0.02989493 0.04006249 0.03042375 0.08948901 0.02989493 0 0 0.1114603
-9999 0.009964978 0.01992996 0 0 0 0.01992996 0 0 0.01992996 0.01992996 0 0 0 0 0.007369233 0 0.01992996 0 0.01992996 0 0 0.009964978 0 0.01036908 0.009964978 0 0 0 0 0.05978987 0 0 0 0 0 0.05975823 0.08250464 0.1198333 0.06316294 0.08408923 0.1761549 0.08268348 0.01992996 0 0 0.01305835 0.03522472 0.009964978 0.009964978 0 0.009964978 0 0.02989493 0 0 0 0.01829934 0 0.0009723746 0.019958 0.01995036 0.05981028 0.03997519 0 0.001502748 0.08754296 0.05079669
0 0 0 0.01992996 0.009964978 0 0 0.009964978 0 0.009964978 0.01191457 0.001910093 0.02182076 0.001448405 0 0 0.009964978 0 0.02188988 0.009964978 0 0 0 0.009465854 0.01117738 0.009964978 0.00985023 0.0001147484 0.01992996 0.02989493 0.02989493 0 0.01827254 0 0 0.009964978 0.002926978 0.07983229 0.06701514 0.07003316 0.1024104 0.1490226 0.08881883 0.09004118 0.09989375 0.02469824 0.02902412 0.1068195 0 0 0 0 0.01992996 0.02540677 0.02989493 0 0 0 0.02937149 0.0290489 0.05224274 0.06932309 0.08030071 0.06881527 0 0.08091617 0.04888317 0.002319594
-9999 0 0 0.03985991 0 0 0.01992996 0.02989493 0.004556715 0 0.00308346 0.03674481 0.01371589 0.05269976 0 0.006736854 0.003228125 0.03711032 0.05061456 0 0 0 0 0.07921725 0.03924512 0.0293976 0.01054289 0 0 0 0.02989493 0 0.001657419 0 0 0 0 0.04296906 0.09079978 0.04870993 0.05148838 0.1514768 0.08916663 0.04028449 0.08984926 0.07530792 0.05488913 0.06940009 0.0632185 0.05075265 0.01281098 0.01992996 0.06560255 0.02857042 0.02989493 0.02209022 0 0.01992996 0.009964978 0.01253096 0.1385462 0.06035749 0.018862 0.05391248 0.1452869 0.01034946 0.01224049 0.00768947
-9999 0 0.009964978 0 0.009964978 0.005331817 0 0 0.005408264 0 0 0.04989735 0 0 0.009964978 0.009964978 0.009964978 0 0.01934865 0.0124169 0.001376158 0 0 0.02989493 0 0.03004546 0 0 0 0 0.03865969 0 0 0 0.009964978 0 0.009964978 0.003042315 0.009964978 0 0 0.04677025 0.03302203 0.06536354 0.1071824 0.03194747 0 0.0978523 0.04305432 0.04605114 0.05504484 0.07449988 0.06975485 0.06833435 0.04128041 0.08142134 0.03062871 0.06975485 0.04136395 0.0374912 0.04043396 0.04908908 0.009964978 0.1213012 0.08826633 0 0.04234362 0.02741124
-9999 0 0 0 0.01568154 0.03993237 0 0 0.01992996 0.009964978 0 0.02599444 0 0 0 0 0.009964978 0 0.01645351 0.07963665 0.06175953 0 0 0 0 0.05955877 0 0 0.009461783 0 0.0111652 0.01992996 0 0.008082507 0.009964978 0 0 0.04982489 0 0.009964978 0.01992996 0.08288926 0.02377978 0.04892509 0.002918861 0.03189774 0 0.02233384 0.02302027 0.009964978 0 0.009964978 0.02989493 0.04278965 0.04258146 0.09505425 0.08968481 0.1613855 0.06821979 0.03115913 0.04894543 0 0.05389716 0.09621152 0.01992996 0.009964978 0.03985991 0.009964978
-9999 0 0.009964978 0.00591913 0.004248421 0.01897397 0.005516693 0 0 0 0 0.01992996 0.009964978 0 0.009964978 0.02989493 0.02989493 0.02790004 0.001994894 0.007130931 0.100827 0 0 0 0.02006535 0.009829586 0.01992996 0 0.0005031959 0.009964978 0 0.01992996 0.01827608 0.04174238 0.01992996 0.01992996 0 0.03403862 0.01578627 0.009964978 0.05485554 0.1068425 0.02614124 0 0 0.01305251 0.07477698 0.04121584 0.03409424 0.009964978 0 0 0.05853348 0.09797644 0.00990731 0.02989493 0.03985991 0.04827304 0.07406314 0.1468631 0.04211455 0.04941079 0.1304277 0.02989493 0.009964978 0.009964978 0 0
-9999 0 0 0.004045849 0 0 0.01992996 0.009964978 0 0 0.01606502 0.00386494 0.003649415 0.009964978 0 0.009964978 0 0.04824638 0.003744552 0 0.06975485 0.02989493 9.048201e-007 0.1112873 0.04052072 0 0 0 0.02902221 0.009964978 0.009964978 0 0.01161885 0.008071266 0 0.01373423 0.02039043 0.02566521 0 0 0 0.09708618 0.02837318 0 0 0 0.07574876 0.0518036 0.04811735 0.009964978 0.02989493 0.009964978 0.02892481 0.03278092 0.04075284 0.009964978 0.03019416 0.05984035 0.1186065 0.1041103 0.04865911 0.08161315 0.05635327 0.01992996 0 0.009964978 0 0.01992996
-9999 0 0.01992996 0 0.03461142 0.005248491 0 0.02989493 0 0.01889209 0.04407624 0 0.0362105 0 0 0 0.008316359 0.001648619 0.01776391 0.02913327 0.06055154 0.07126467 0.03100866 0.03849167 0.09934051 0.1198405 0.05187177 0.1082201 0.01083771 0.02989493 0 0 0 0.001893712 0.009964978 0 0 0.01992996 0.009964978 0.01665135 0 0.09018585 0.03362415 0.006412056 0.003552922 0 0.04982489 0 0.07776661 0.05575798 0.01249619 0.07364868 0.05078706 0.04574029 0.07115241 0.03993512 0 0.009964978 0.01909737 0.09445559 0.1537665 0.1070274 0 0 0 0 0 0
-9999 0 0.02989493 0.009964978 0 0.009964978 0.009964978 0.005733564 0.04409133 0.03093281 0.08351075 0.1770299 0.05012922 0.1199361 0.05204818 0.0365482 0.04568491 0.04982489 0.01217183 0.03166731 0.1093837 0.09162097 0.06953477 0.04982489 0.01987229 0.03207508 0.1380715 0.07792443 0 0.009964978 0.01903994 0.009964978 0 0 0 0.009964978 0.01992996 0.03985991 0.00525476 0.02791878 0.009964978 0.09969621 0.009964978 0.01992996 0 0.009964978 0.009964978 0.009964978 0.06811392 0.03752097 0.1036224 0.1273699 0.1298751 0.03034458 0.04986787 0.02250235 0 0.01992996 0.0430765 0.1227579 0.04455838 0 0 0.01992996 0 0 0 0
-9999 0 0.009964978 0.009964978 0 0 0 0 0.009964978 0.04982489 0.08228579 0.08310264 0.01539464 0 0 0.02003843 0.07709807 0.08968481 0.0868804 0.03831379 0.1750825 0.1778636 0.1090946 0.07006115 0.06055504 0.009417594 0.009964978 0.1917466 0.01741342 0.009964978 0.01085499 0.02231494 0.00655424 0 0 0.0276981 0.0323442 0.03241841 0.06975485 0 0.009964978 0.1195741 0.05584942 0.01562517 0 0.02282805 0.1446935 0.06941073 0.05153593 0.04982489 0.1261963 0.1763052 0.1127954 0.02006731 0.07273526 0.03699839 0.06563213 0.07989404 0.04678251 0.036856 0.002167137 0.0277278 0.009964978 0 0.009964978 0.003727762 0.006276208 0
-9999 -9999 0 0 0.009964978 0 0 0.009964978 0.04641829 0.04326652 0 0.01992996 0.01992996 0.009964978 0 0.009964978 0 0 0 0.03185633 0.05530139 0.1404172 0.03112766 0.03890784 0 0.01957081 0.05197424 0.04755501 0.1027049 0.06458894 0.01921087 0.001025754 0 0 0 0.002196837 0.007545594 0.01737659 0.01992996 0 0.06272151 0.1157842 0.04380037 0.06446507 0.03068652 0.1523706 0.07173061 0.1220183 0.1607698 0.09154176 0.09475681 0.05623763 0.01661193 0.05978987 0.1612038 0.2585321 0.03881281 0.009964978 0.003699805 0.03014721 0.007737832 0.01992996 0.02989493 0.01992996 0 0.01989097 0.004409482 0.009991826
-9999 -9999 0 0 0 0.01564219 0.04982489 0 0.009964978 0 0 0.02401971 0 0 0 0 0 0 2.124723e-005 0.03012831 0.02043551 0.05773369 0.02866222 0.009964978 0 0.01945193 0 0.002704325 0.03699382 0.06798809 0.1573227 0.06878796 0.01612886 0.01458292 0.005347033 0.009964978 0 0.02989493 0 0 0.04362446 0.04147684 0.1204917 0.05428348 0.1277919 0.05416209 0.05329102 0.08542757 0.08034507 0.1599521 0.07694695 0.06980821 0.1303243 0.1204414 0.03269297 0 0.04504777 0.07163949 0.01820502 0.009964978 0 0.02307805 0.02750327 0 0.009964978 0 0.02966245 0.0003035031
-9999 -9999 -9999 0 0 0.004287762 0.01648723 0.03333767 0 0 0.009964978 0.01386706 0.01193812 0.008574463 0.001390516 0.009391309 0.0005736697 0 0.03994376 0.0176301 0.01992996 0.07812839 0 0.02181763 0.07051668 0.01048381 0 0 0.01024728 0.0006206092 0.02989493 0.04987132 0.06975485 0.05978987 0.03811465 0.01795048 0.009964978 0.0273169 0 0 0.0632195 0.1132045 0.3170915 0.1635384 0.2169458 0.0519739 0.07180634 0.3178259 0.1805262 0.2645396 0.08638228 0.2322801 0.1745205 0.043083 0 0.002780683 0.04169459 0.03830563 0.08002415 0.01029533 0.0272514 0.03322519 0.02580825 0.02451558 0.01660784 0 0.0002324894 0
-9999 -9999 -9999 0.0116089 0.02825102 0 0 0 0 0.009964978 0 0.004234652 0 0.009964978 0 0 0.01992996 0 0 0.02989493 0.01992996 0.009964978 0 0.01166907 0.03785376 0.01706369 0 0.009964978 0 0 0.01992996 0.01105964 0.04458992 0.03946937 0.08437925 0.116655 0.1398401 0.1187227 0.1771344 0.07344217 0.01683068 0.05267168 0.09462325 0.234675 0.1688738 0.09289735 0.3213949 0.1625914 0.1138197 0.1183745 0.2256804 0.06846941 0.09173742 0.04783576 0.03177435 0.02711425 0 0.009964978 0 0.02989493 0 0.003694595 0.006270383 0.04928228 0.01920907 0.009964978 0.009851369 0.009964978
-9999 -9999 -9999 -9999 -9999 -9999 -9999 -9999 -9999 0.009964978 0 0.01569531 0 0.009964978 0.003305931 0.01008133 0.009964978 0 0.002433371 0 0 0.01992996 0 0 0.009964978 0.02989493 0.01992996 0 0 0.009964978 0.004355568 0.02553937 0 0.006171611 0.0326158 0.05419097 0.009964978 0.1469635 0.149443 0 0.01992996 0.05339746 0.07134035 0.08620072 0.04159356 0.1344105 0.1940996 0.1676732 0.2567581 0.1599452 0.08968481 0.03145783 0.06922568 0.06025034 0.09809792 0 0.009964978 0 0.01992996 0 0.0005047831 0.001989286 0.02989493 0.0144504 0.00564112 0.0001616216 0.02004357 0.005517967
-9999 -9999 -9999 -9999 -9999 -9999 -9999 -9999 -9999 0 0 0.01876356 0.001166399 0 0.02625751 0.02014509 0.01296526 0.0002233055 0.03986521 0 0 0.009964978 0.01992996 0.001126547 0 0 0 0 0 0.009660202 0 0.04485812 0.06012022 0.05316762 0.03570203 0.03210853 0.08968481 0.1495211 0.1096352 0.02989493 0.01992996 0.009964978 0.02989493 0.03449282 0.1827825 0.03696916 0.1336415 0.1404781 0.1506551 0.1049781 0.009964978 0 0.01276111 0.04702877 0.06087772 0.02869737 0.01992996 0 0.003171976 0.01675798 0.00317175 0.0341941 0 0 0.01522301 0.0148745 0.02990136 0.03015776
-9999 -9999 -9999 -9999 -9999 -9999 -9999 -9999 -9999 -9999 0 0.03985991 0.02926708 0.01452436 0 0 0.0383248 0.06890811 0.006684587 0.009964978 0 0 0 0.01880341 0 0.01331939 0.05020729 0.006228164 0 0.07445107 0.05459546 0.03905506 0.02872575 0.04971518 0.009964978 0.07169914 0.06975485 0.009419062 0.09029405 0.0550034 0.02470225 0.001993615 0.02989493 0.06384212 0.06757645 0.3963823 0.07697298 0.02490021 0 0.0497412 0 0.009964978 0 0 0.002136838 0.1074203 0 0 0 0 0 0 0.0004537812 0.01044771 0.07453933 0.03454969 0.01992353 0
-9999 -9999 -9999 -9999 -9999 -9999 -9999 -9999 -9999 -9999 0 0 0 0.006033452 0 0 0.009964978 0 0 0 0 0 0 0 0 0 0 0.06445186 0.08538342 0.06985333 0.03885792 0.04066477 0.04102911 0.03129834 0 0.02989493 0.01992996 -9999 -9999 0 0.02312903 0.01649105 0.01992996 0.06712537 0.1337508 0.1465734 0.1254763 0.04943742 0 0.01558429 0.04982489 0 0 0.009964978 0 0.07966216 0.01992996 0.03336114 0.01646375 0.02989493 0.01992996 0.009964978 0.005464952 0.004676575 0 0.02989493 0 0.009964978
-9999 -9999 -9999 -9999 -9999 -9999 -9999 -9999 -9999 -9999 -9999 -9999 0 0 0.009964978 0.009964978 0.02111796 0.02870693 0 0 0 0.03270867 0.01711622 0.009964978 0.01992996 0.01026011 0.0842712 0.01544217 0.0695205 0.1299036 0.03678602 0.05441936 -9999 -9999 0 0 -9999 -9999 -9999 -9999 0.009964978 0.01340388 0.2068287 0.08341402 0.0197522 0.01014273 0.05483976 0.1449445 0.05399663 0.009964978 0.009964978 0.009964978 0 0 0.009964978 0.05296958 0.09367444 0 0 0.009964978 0.05155692 0.01480463 0.03390719 0.02989493 0 0.02609101 0.004067007 0
-9999 -9999 -9999 -9999 -9999 -9999 -9999 -9999 -9999 -9999 -9999 -9999 0 0 0 0.003576353 0 0.009964978 0.009964978 0 0.002561456 0.02026031 0.00760271 0.001016938 0.003986955 0.07949481 0.03537865 0 0.009992267 3.410853e-005 -9999 -9999 -9999 -9999 -9999 -9999 -9999 -9999 -9999 -9999 0.008674013 0.1389315 0.06228789 0.05851959 0.06552839 0.01006466 0.005473869 0.03985991 0.09723832 0.0519705 0.02989493 0 0.009964978 0 0 0 0.1829739 0.06127791 0 0.02183853 0.04989735 0.009964978 0.009964978 0.0009717049 0 0 0.05952679 0.03985991
-9999 -9999 -9999 -9999 -9999 -9999 -9999 -9999 -9999 -9999 -9999 -9999 -9999 0 0 0.006388625 0.01317137 0.01195177 0.0107682 0.01992996 0 0.002009289 0.002874788 0.005543714 0.06521358 0.05559472 0 0 -9999 -9999 -9999 -9999 -9999 -9999 -9999 -9999 -9999 -9999 -9999 -9999 -9999 0.03861531 0.05106949 0.1593289 0.05022988 0.08005018 0.01442952 0.03503759 0 0.08890709 0.00399906 0.03006292 0 0 0 0 0 0.05469755 0.00447318 0.02351318 0.02809046 0.009964978 0.009964978 0.02892323 0 0 0 0.009964978
-9999 -9999 -9999 -9999 -9999 -9999 -9999 -9999 -9999 -9999 -9999 -9999 -9999 0 0 0 0.02668854 0.009964978 0.007174967 0.009964978 0.009964978 0.00795569 0 0.01411604 0.09427015 0 -9999 -9999 -9999 -9999 -9999 -9999 -9999 -9999 -9999 -9999 -9999 -9999 -9999 -9999 -9999 0 0.0628581 0.07161544 0.1244254 0.2268829 0.03977891 0.02377488 0 0.09050333 0.009964978 0.03569287 0.009964978 0 0.009964978 0 0.009964978 0.03985991 0.03213058 0.01992996 0 0.009964978 0.01118568 0.009964978 0 0 0.0002578146 0.009964978
-9999 -9999 -9999 -9999 -9999 -9999 -9999 -9999 -9999 -9999 -9999 -9999 -9999 0 0 0.001872593 0.01805736 0 0 0 0 0 0.004054928 0.06735966 0.009964978 0 -9999 -9999 -9999 -9999 -9999 -9999 -9999 -9999 -9999 -9999 -9999 -9999 -9999 -9999 -9999 -9999 0.01686173 0.07644737 0.1277979 0.09063201 0.02784519 0.06975485 0.04982489 0.06980128 0 0 0.06381556 0.009964978 0 0.004132729 0.03572718 0 0.007729334 0 0.009964978 0 0.03110516 0.1071838 0 0 0.01967214 0
-9999 -9999 -9999 -9999 -9999 -9999 -9999 -9999 -9999 -9999 -9999 -9999 -9999 -9999 0 0 0 0.01992996 0.009964978 0 0.01992996 0 0.02843018 0.01973498 0 -9999 -9999 -9999 -9999 -9999 -9999 -9999 -9999 -9999 -9999 -9999 -9999 -9999 -9999 -9999 -9999 -9999 0.01992996 0.1082816 0.121266 0.005763678 0 0.01051242 0.009964978 0.1268639 0.09703073 0.02989493 0.05576419 0 0.004140691 0.03571922 0.01992996 0.009964978 0.009964978 0 0 0.009964978 0 0 0 0.01052384 0 0.01992996
-9999 -9999 -9999 -9999 -9999 -9999 -9999 -9999 -9999 -9999 -9999 -9999 -9999 -9999 -9999 0 0 -9999 0 0.009964978 0.01992996 0.009964978 0.03299817 0.05843923 0 -9999 -9999 -9999 -9999 -9999 -9999 -9999 -9999 -9999 -9999 -9999 -9999 -9999 -9999 -9999 -9999 -9999 0 0.01909498 0.04029329 0.03557606 0.03522829 0.03146356 0.05798351 0.1796648 0.1242185 0.009964978 0.06751852 0.006276796 0.02355404 0.003181675 0 0.009964978 0.009964978 0 0 0 0.009964978 0 0.00739215 0.01197894 0 0
-9999 -9999 -9999 -9999 -9999 -9999 -9999 -9999 -9999 -9999 -9999 -9999 -9999 -9999 -9999 -9999 -9999 -9999 -9999 0 0.02413093 0.03565894 0.009964978 0.0480723 -9999 -9999 -9999 -9999 -9999 -9999 -9999 -9999 -9999 -9999 -9999 -9999 -9999 -9999 -9999 -9999 -9999 -9999 -9999 0 0.0175981 0 0.09708153 0.06106161 0.03450252 0.03586994 0.1089341 0 0.03581944 0.004200702 0.01210517 0.006783304 0 0 0 0 0 0.02157059 0 0.0111632 0 0 0 0
-9999 -9999 -9999 -9999 -9999 -9999 -9999 -9999 -9999 -9999 -9999 -9999 -9999 -9999 -9999 -9999 -9999 -9999 -9999 -9999 -9999 0 0.05978987 -9999 -9999 -9999 -9999 -9999 -9999 -9999 -9999 -9999 -9999 -9999 -9999 -9999 -9999 -9999 -9999 -9999 -9999 -9999 -9999 -9999 -9999 -9999 0 0.07971421 0.01506119 0.06954415 0.01030017 0 0.03985991 0.054468 0.01528685 0 0 0 0.009964978 0 0 0.008324345 0.02989493 0.008766754 0 0 0 0
