EnvRasters/GE_High/infrstr.asc
ncols         270
nrows         223
xllcorner     24099.479091542
yllcorner     21023.840179216
cellsize      1003.8986847201
NODATA_value  -9999
[rows 60 to 89 of 223, columns 68 to 135 of 270]
0.009964978 0.001616967 0.1064726 0.08772738 0.02228461 0.02257646 0.007000571 0.07305195 0.009964978 0 0.03985991 0.03479946 0.01502543 0.009964978 0.009964978 0.009964978 0.02625202 0.006409226 0.01503211 0.006419989 0.07826409 0.1173808 0.03985991 0.01992996 0.03985991 0.009964978 0 0 0.02989493 0.02081686 0.0887979 0.04030242 0.01992996 0 0.08945069 0.009964978 0.01992996 0.01992996 0.01441683 0.006938731 0 0 0.01992996 0 0.08474826 0.0671449 0.0146433 0.01992996 0.01992996 0 0.006678168 0.01325179 0 0.07971983 0.009964978 0 0.0133061 0.0004822677 0.009086757 0.0008782217 0 0.009964978 0.02037314 0.03753033 0.05979345 0.07943283 0.110041 0.009964978
0.1023362 0.1826667 0.003420427 0.002105613 0.04569466 0.01409521 0.07339236 0.07689799 0.04587743 0.009964978 0.009964978 0.009964978 0 0 0 0 0.02666841 0.007294802 0.04788816 0 0.02330756 0.01499798 0.08020633 0.01406653 0.05899796 0.0228243 0 1.696737e-005 0.009948011 0.01051253 0.0202617 0.009522473 0.0002286923 0.03354924 0.06625107 0.009964978 0.009964978 0.009964978 0 0 0.009964978 0 0.009964978 0 0.02983727 0.008513544 0.01446113 0.03623704 0.0260899 0.01583865 0 0 0.01495383 0.04464058 0.009964978 0.01427721 0.02410054 0.03186594 0 0.01969437 0.02317657 0 0.000703422 0.129546 0.007284636 0.133885 0.04264668 0
0.05276422 0.0394253 0.08419304 0.009964978 0.007744029 0.01992996 0.08983533 0.0231342 0.01992996 0.01992996 0 0.009964978 0 0 0 0 0.02989493 0.01416973 0.07731014 0.03403968 0.02859666 0 0 0.04971518 0.05215592 0.02738299 0.03030445 0.02989493 0.02989493 0.001185963 0.01982024 0 0.02966624 0.1596199 0.1118289 0.03692079 0.02928524 0 0.02989493 0.01992996 0.01992996 0 0.01478106 0.005148895 0.0128852 0 0 0.05988835 0.03369997 0.02097663 0.02297459 0.02989493 0.004976122 0.1253158 0.01346115 0.03554768 0 0.01380316 0.315241 0.06803743 0.05610702 0.03231112 0.0308073 0.0886691 0.02989493 0.1413384 0.01204185 0.02781806
0.03985991 0.01992996 0.02355949 0.03319762 0.03016762 0.07743944 0.03144627 0.01398704 0 0 0.02989493 0.005581153 0.004383826 0.02989493 0 0.006850508 0.01307945 0.005760223 0.05158832 0.04818597 0 0 0.01992996 0.007373716 0.0196529 0.09017058 0.05177981 0.05978987 0.0539905 0.0298811 0.08921956 0.04834844 0.08009743 0.09226737 0.2095341 0.08599569 0.0006096981 0.009964978 0.009964978 0 0 0 0 0.01992996 0.009964978 0 0.006319656 0.03706465 0.01686726 0.01302767 0.009964978 0 0.02641235 0.03119679 0.1617076 0.009964978 0.01353379 0.006650786 0.3208449 0.0868371 0.06158014 0.05987975 0.1672117 0.02624925 0.02602337 0.1437344 0.009964978 0.01992996
0.01761036 0.009964978 0.001862232 0 0.02215653 0.05978987 0.0539821 0.05630635 0.0151237 0.01992996 0 0.01992996 0.02989493 0 0.005078333 0 0.02989493 0.01230328 0.07789639 0.01992996 0.009964978 0 0.009964978 0.009964978 0.01742239 0 0.04783781 0.07065663 0.1210993 0.09887812 0.04025651 0.06405408 0.09816334 0.06023932 0.1160273 0.1119101 0.02935207 0.02374489 0.02608 0 0.01464084 0.01525409 0 0.005614868 0.02428007 0 0.01670661 0 0 0.01992996 0.02767511 0.0121848 0 0.009234652 0.1569708 0.0482174 0.01583716 0.09971644 0.04353064 0.01642118 0.0369149 0.09667803 0.08783256 0.07820966 0.1751559 0.05275125 0.03262982 0
0.02989493 0.06255437 0.005665315 0.003719069 0.04016424 0.01590656 0.03905494 0.03069991 0.01992996 0.01359692 0.002715954 0 0.009964978 0 0.03478158 0.009964978 0.01756222 0.02234412 0.02232047 0 0.003641389 0.009964978 0 0.01992996 0 0.009964978 0 0.01223698 0.0843921 0.06847066 0.08777777 0.04982489 0.07436221 0.197106 0.04701664 0.04981927 0.04040278 0 0 0.01462278 0.005307177 0.01523143 0.0146635 0.009964978 0.0271344 0.01660489 0.03644335 0.009964978 0.01631063 0 0.01992996 0.009964978 0 0.02452297 0.01054712 0.1095571 0 0.04982489 0.01628519 0.05341145 0.1263633 0.1864181 0.1495695 0.08061096 0.1470157 0.00211042 0.03761153 0.05677613
0.009964978 0.02043201 0.001033104 0 0.02335954 0.004265946 0.03712203 0.009964978 0.01992996 0.002069235 0.001547851 0 0.009964978 0 0 0 0 0.01542977 0.05479204 0.002607321 0.006323589 0.009964978 0.01992996 0.009964978 0 0.02236862 0.02989493 0.03178709 0.03623461 0.02109925 0.03985991 0.05978987 0.03280719 0.119593 0.1301072 0.1398641 0.03530753 0.009964978 0.009964978 0.009964978 0.02989493 0.02989493 0.03985991 0 0.002760533 0.04668199 0.06681895 0 0.01358431 0.009964978 0 0.009964978 0.02460182 0.02551792 0.009964978 0.2667416 0.1501234 0.1520987 0.1280183 0.1494854 0.1638534 0.1814374 0.1770701 0.2160571 0.03846515 0.1076169 0.5117992 0.09832976
0.003300546 0.006664432 0.009964978 0.009964978 0.09644815 0.00884506 0.02266784 0.03985991 0.01687416 0 0 0.01676926 0.003160695 0 0.009964978 0 0.008143749 0.03038143 0.001334734 0.02989493 0.009964978 0 0.02989493 0 0.01992996 0.05829494 0.05012922 0.01678974 0.03529888 0.00701704 0.009964978 0.03985991 0.02930398 0.06304685 0.1198513 0.1161612 0.03488177 0.08452147 0 0.01992996 0.01544759 0.004482368 0 0.006551735 0.01021726 0.04302088 0.04338641 0.002552312 0 0 0 0 0.07258264 0.05666723 0.1235681 0.3001527 0.1087224 0.07949527 0.1095462 0 0.1691751 0.3014412 0.2046302 0.5788468 0.6416647 0.9148517 0.9894827 0.2549234
0 0.009964978 0.009964978 0 0.01417681 0.00237917 0.01733697 0.00708573 0.04291571 0.01992996 0.009964978 0.01613987 0.03718571 0.04803238 0 0 0 0.009964978 0.05412605 0.1228686 0.05044688 0.01343336 0.05043291 0.04921688 0 0 0.009964978 0.009964978 0 0 0.009964978 0 0 0.06999625 0.01000422 0.1076902 0.1542128 0.03502794 0.08967114 0.1146255 0 0.009964978 0 0 0 0 0.02747274 0.04013822 0.05367495 0.01228433 0.01269003 0 0 0.09944244 0.1702581 0.06099762 0.1361329 0.009213784 0.01992996 0.02052127 0.1558304 0.1570954 0.2595244 0.6332759 0.8678201 0.7611536 0.9767057 0.6988458
0 0 0 0 0 0.009964978 0.02252294 0.02013253 0.01435425 0.05222947 0.01992996 0.003790091 0.02201259 0.01810195 0.02989493 0.05978987 0.04982489 0.009964978 0.08538365 0.1029586 0.06449401 0.01646157 0 0.1153319 0.06695394 0 0 0 0 0.00132879 0.002959825 0.007005154 0 0.04989735 0 0.0183799 0.1425911 0.10991 0.07938787 0.06764426 0.05023332 0.08012825 0.02952189 0.01769345 0 0 0.009964978 0 0.02658342 0.0565519 0.1632821 0.1291575 0.07026505 0.03956152 0.06533824 0.1200346 0.04487092 0.04041156 0.04243796 0.4479242 0.2532121 0.03691425 0.1358645 0.3228497 0.2031452 0.6865069 0.5833741 0.1726205
0.009964978 0 0 0 0.05978987 0.01992996 0.02747288 0.03257161 0.002048539 0.001122594 0.03985991 0.01992996 0.08067259 0.03135693 0.001797343 0.009964978 0.01992996 0 0.1734709 0.07205507 0.05981028 0 0 0.01818155 0.02026031 0.02092601 0 0 0 0.02856615 0 0.009964978 0.004631408 0.07580741 0 0.009964978 0.06015265 0.0358683 0.06019267 0.06240721 0.05236946 0.03985991 0.08264282 0.1122076 0.1099451 0.09565331 0.03353507 0.02989493 0.06628959 0.151052 0.1847852 0.2891444 0.07019162 0.04511594 0.025365 0.08101191 0.08772408 0.08781953 0.3085859 0.217029 0.06546703 0.08722834 0.09211142 0.3503885 0.1333414 0.1333631 0.1408252 0.07854147
0.009964978 0.01880349 0 0.06504436 0.08169051 0.05858517 0.03231699 0.05978987 0.02989493 0 0 0 0.01294437 0.002866347 0.01992996 0.0303983 0.009964978 0 0.109453 0.06975485 0.06967115 0.009964978 0 0.009964978 0.01992996 0.0174357 0 0 0.06266152 0.007093325 0 0 0.01928341 0.05940357 0 0.04493993 0.004884967 0.02554055 0.0450251 0 0.01787188 0.04160008 0.06567787 0.06321377 0.07404818 0.02041724 0.04070196 0.001485325 0.05869939 0.05776239 0.1853043 0.143143 0.06519096 0.06159413 0.0706571 0.1230947 0.1228424 0.2569953 0.168027 0.09290294 0.06188399 0.03536733 0.02613856 0.1342129 0.2337769 0.1087115 0.06713341 0.1514066
0 0.0059805 0.06869289 0.09690919 0.1242269 0.09368718 0.02377155 0.006862157 0.0101921 0 0.009964978 0 0.01334578 0.04082856 0.02128489 0.03855822 0.01569258 0.05973032 0.08994693 0.0005490984 0.02622726 0.02922368 0 0.009964978 0.02989493 0.01437678 0.01551815 0 0 0 0 0.009964978 0 0.01992996 0.04023498 0.02995771 0.009637392 0.01992996 0 0 0 0.01166622 0.06990538 0.03955922 0.0005292973 0.009964978 0.01992996 0 0.05991437 0.009964978 0.127419 0.01991171 0.02595816 0.08499814 0.09328628 0.1154432 0.2571825 0.1199793 0.1540421 0.2595673 0.04982489 0.1527048 0.1043136 0.1946336 0.1831544 0.04431294 0.02365817 0.06319793
0.004885395 0.0387222 0.1130638 0.1514587 0.1251692 0.08184084 0.006635902 0.003329076 0.01284068 0.009964978 0 0.04814757 0.02160728 0.07408229 0 0 0.03493064 0.01992996 0.04576497 0.01947699 0 0.02989493 0 0.009964978 0 0 0.002913602 0.01701635 0 0 0.009964978 0 0 0.06470364 0.05009757 0.08996575 0.02448365 0 0 0 0.01879 0.01992996 0.0415928 0.02995819 0.04181581 0.01730663 0 0.009964978 0.02330236 0.03263566 0.116037 0.03154513 0.03546695 0.08011136 0.1050837 0.09925087 0.1763467 0.1121033 0.07971983 0.1136539 0.1357238 0.09655663 0.05978987 0.1110825 0.07143366 0.1133332 0.06191875 0.04642366
0.03023469 0.06186777 0.07877965 0.2178956 0.06018068 0.03349435 0 0.01992996 0.009964978 0 0.009964978 0.009964978 0.009964978 0.004052408 0.009964978 0 0.02989493 0 0.004527675 0.009964978 0 0 0.02349474 0.009964978 0 0 0 0 0.01199434 0 0.009964978 0.009964978 0.04082229 0.1600049 0.1147044 0.00455135 0.009999262 0.03949506 0 0.009964978 0.001139953 0.00766067 0.01226929 0 0.01846056 0.05293471 0.03482828 0.03057352 0.01992996 0.06714777 0.05748341 0.1301214 0.08332179 0.1042619 0.08077261 0.08341528 0.1601046 0.1024377 0.09514964 0.1478735 0.05149345 0.02661304 0.04982489 0.01277282 0.05958682 0.1248959 0.07789528 0.07799938
0.01532143 0.01457351 0.04182514 0.1767966 0.01191302 0.02699021 0.04008617 0.002678474 0 0 0 0.009964978 0.01474076 0.02118562 0.01992996 0.00999942 0.009930537 0.009964978 0.04529722 0 0.0006626247 0.003260876 0.03629513 0 0 0 0.01507945 0.0434682 0.0142923 0.02783005 0.05007717 0.03494679 0.09953028 0.04932183 0.07062178 0.02989493 0.03639831 0.04050307 0.01024328 0.05272989 0.05738943 0.07896116 0.03151249 0.02989493 0.02989493 0.03985991 0.1044893 0.01046139 0.009947101 0.009982856 0 0.0938956 0.04982489 0.06900342 0.177701 0.1968855 0.0909 0.08175535 0.05186331 0.09402867 0.149081 0.08998913 0.03581745 0.02708709 0.07224479 0.09972224 0.01992996 0
0 0.009070647 0.01992996 0.08973124 0.01160839 0 0 0 0 0.009964978 0.02989493 0.03633715 0.03963915 0.0002932189 0.009964978 0.01018159 0.009748369 0.009964978 0.01117264 0.03865225 0.01098855 0.02647629 0.02989493 0.0327023 0.02708757 0.009964978 0.02478046 0.01401568 0.01787136 0.03628086 0.03136655 0.009964978 0.02534615 0.01451377 0.07841101 0.02012639 0.009964978 0 0 0 0 0.04742433 0.003942119 0 0 0.009964978 0.009676761 0.02020808 0.02990504 0 0 0.09822165 0.03739308 0.07084521 0.189652 0.1205221 0.1095584 0.1210603 0.05361742 0.114139 0.02224668 0.007489671 0.02569633 0.01992996 0.04733496 0.1020244 0.05975907 0.09485429
0.02391943 0.02082429 0 0.08838888 0.01992996 0.009964978 0 0.009964978 0 0 0 0.003522763 0.05268987 0.0009960983 0 0.01992996 0.0005000262 0.01950152 0.009964978 0.01992996 0.02989493 0.01840154 0.01992996 0 0.009964978 0.009964978 0.04247097 0.01992996 0.0531941 0.06632797 0.008493361 0.001309853 0 0.03985991 0.00633713 0.01339639 0 0 0 0 0.02817112 0.02165377 0 0.03723604 0.02855442 0 0.01992996 0.01992996 0.02989493 0.01087601 0.04530517 0.2048071 0.07150556 0.3925363 0.0475038 0.08513635 0.0906674 0.1693634 0.08348633 0.1487447 0.05397932 0.1003343 0.01847028 0 0.04786658 0.07957856 0.05570606 0.02513388
0.000194714 0 0.02564009 0.04571174 0.04816462 0.009964978 0 0.007680131 0 0 0 0 0 0.0002585587 0.05015524 0.05996408 0.05056195 0.01386961 0.009964978 0.009964978 0.009964978 0.009964978 0.03985991 0.003308087 0.02989493 0.009964978 0.007353922 0.01992996 0.04359902 0.00429144 0.009964978 0.008655125 0 0.01992996 0 0.04014921 0.009964978 0 0.009964978 0 0.02883098 0.01992996 0.03985991 0.01177801 0.01211633 0 0.00033636 0.04006014 0.01939337 0 0.005110315 0.0324184 0.1520406 0.08908129 0.03510317 0.03494439 0.04822751 0.02669748 0.04568066 0.03985991 0 0.05963267 0.03665255 0.03275837 0.03004546 0 0 0
0.009964978 0.01992996 0.03817091 0.02278478 0.00166027 0.009964978 0 0.002284848 0 0.009964978 0 0 0 0.02604302 0.07044785 0.05016991 0.01020376 0.02417976 0 0 0 0.009964978 0.02989493 0.03655183 0.05299724 0.01992996 0 0 0 0.009964978 0 0 0 0.05978987 0 0.009675684 0.01992996 0 0 0.009964978 0.03998442 0 0 0 0.03985991 0 0.009964978 0 0 0.009964978 0.001709811 0.03633611 0.149459 0.05636865 0.01475038 0.0148805 0.02166346 0.002946004 0.02989493 0.0643167 0.03533309 0.02640692 0 0.01268953 0.1073679 0.02888549 0.009964978 0
0 0 0.04982489 0.009964978 0 0 0.009964978 0 0 0 0 0.01013537 0.02972455 0.003851912 0.01992996 0.008926956 0.02162198 0.01823794 0.01216156 0.007768401 0.01992996 0 0.09342406 0 0.03414607 0.01580332 0.009964978 0 0 0.009964978 0 0.009964978 0 0 0.009964978 0.009964978 0.009964978 0 0 0.009964978 0.03083439 0.009196091 0.02914622 0 0 0 0 0 0.02989493 0.009964978 0.01992996 0.05608355 0.2236891 0.06606453 0 0.01505524 0.0119234 0.00332706 0 0 0.01495227 0.004977684 0 0.01992996 0 0.1476967 0.04871337 0.02989493
0 0.009250739 0.04982489 0.009964978 0.05832093 0.008543622 0.001421356 0.01992996 0 0 0.007008849 0.009786629 0.009964978 0 0.001291559 0.008673419 0.01992996 0.01507789 0.009964978 0.01288227 0.01701267 0.01816092 0.09115601 0.08197664 0.02002843 0 0 0 0 0 0 0 0.009964978 0.009964978 0 0 0 0.01992996 0.04848134 0.04011219 0.01105626 0 0.01148259 0 0 0 0 0 0.05375065 0.04982489 0.03985991 0.07585444 0.1237462 0.0162255 0.0290834 0.004874712 0.009964978 0.009964978 0 0 0 0.003523202 0 0.02989493 0 0.009964978 0.07754426 0.03985991
0.009687528 0.0007142396 0 0.008802709 0.01143392 0 0.01992996 0.1694046 0 0.01712817 0.07327587 0.01622115 0.00656464 0 0 0 0 0.004852067 0 0 0.01444769 0.01173401 0.1161033 0.06422437 0.03800423 0 0 0.01992996 0 0 0 0 0.01709875 0.01386974 0 0 0 0 0 0.01992996 0.03938525 0.0004746612 0 0.01865726 0.03040745 0.01708593 0 0 0.02596918 0.01992996 0.0518905 0.0411567 0.1256421 0.07310632 0.05477533 0.05600396 0.00497493 0.009964978 0.00453252 0 0 0.08555233 0.139788 0.003900598 0.01992996 0.01992996 0.09135664 0.03043948
0.05010234 0.03985991 0.01992996 0.03105721 0.009964978 0.009964978 0.009964978 0 0.04751195 0.07255664 0 0.003322267 0.003400339 0 0 0 0 0.01261193 0.01728301 0.009964978 0.005482265 0.04348919 0.07422097 0.003696371 0.004907356 0.005057623 0 0 0 0 0 0 0 0.0188564 0 0 0 0 0.01992996 0.009964978 0 0.02998484 0.03014721 0.02952111 0 0.03194426 0.03757075 0.01992996 0.009964978 0.01992996 0.1627195 0.1457421 0.08464514 0.01992996 0.009964978 0.01511646 0.03982827 0.01476797 0.04048938 0 0 0.01636033 0.05614952 0.1098088 0.08626177 0 0.02335098 0.05828772
0.02989493 0.01992996 0.01837634 0.100108 0.04982489 0.02989493 0.04897011 0.06064466 0.01227793 0 0.009964978 0 0 0.009964978 0.006006894 0.005850749 0 0 0 0 0.009964978 0.0681177 0.03340167 0.02281068 0.03684345 0.01992996 0.01992996 0.02247565 0 0.01212031 0.001234851 0.0005040948 0 0 0 0 0 0.009964978 0.02965605 0 0 0.009964978 0.01992996 0.02244925 0.02896216 0 0.01225414 0.007462 0.01231529 0.1165699 0.1141143 0.08968481 0.01391969 0.03384496 0.05583985 0.04467342 0.1046859 0.06975485 0.03999196 0.01440626 0 0.01637563 0.02348428 0.01683438 0.0271495 0.03531395 0 0.03389221
0.008141024 0.07099823 0.01992996 0.09078024 0.05978987 0 0 0 0.009964978 0.01992996 0.01992996 0 0.02989493 0.01275724 0.01392306 0.00411423 0 0 0.009964978 0.009964978 0.02406242 0.00583252 0 0.003175464 0.01319386 0 0 0.01738426 0.02989493 0.02918281 0.006439189 0.01235423 0.01135999 0 0 0 0 0.009964978 0.0002388841 0 0 0 0.009964978 0.009964978 0 0.01992996 0.02989493 0.01995036 0.09161979 0.0853601 0.0896147 0.06645757 0 0 0.02989493 0.04467883 0.0700187 0.07462262 0.01535663 0.02415935 0.009964978 0.03985991 0.009964978 0 0.01992996 0.03510957 0.03450954 0.002303614
0 0.0005805758 0.02989493 0.009964978 0.009964978 0.009964978 0.009964978 0.01992996 0.009964978 0.01108816 0.01880678 0.02989493 0.001880013 0.04515261 0.01992996 0 0 0 0.01992996 0.001999509 0.06248481 0 0.009964978 0 0 0 0 0 0 0.00558434 0.01973597 0.002529013 0.008569966 0.02989493 0 0 0.0002963812 0.01992996 0 0.01992996 0 0 0 0 0.009964978 0.01992996 0 0.08965316 0.1857868 0.00915795 0.06985333 0.03985991 0.02989493 0.01435741 0.03019926 0.02065408 0 0.02989493 0.009964978 0.03563052 0.01085059 0.04314603 0 0 0.01229547 0.02321039 0.0956518 0.01384763
0 0 0.03985991 0 0 0 0 0 0.02758553 0.009964978 0 0 0 0 0 0.03985991 0.009964978 0.009964978 0.01411336 0.07781646 0.1220341 0.02518995 0 0 0 0 0 0 0.009964978 0.009964978 0 0 0.02823482 0.02159008 0.0007621151 0.02000511 0.009668597 0.009964978 0.009964978 0.0003920954 0.01953786 0.009964978 0 0.01850313 0.01992996 0.05829548 0.06740668 0.1049907 0.05168927 0.05272947 0.1165338 0.009964978 0.006143936 0.005883696 0 0.02447405 0 0.01992996 0.04452048 0.04982489 0.04247114 0.013147 0 0.007669911 0.0477727 0.0585262 0 0.1429314
0.009964978 0.01948867 0.02989493 0.009964978 0 0 0 0 0.004831926 0.01740744 0 0.01992996 0 0.009964978 0 0 0 0.009964978 0.03985991 0.09818498 0.08135269 0.01012962 0 0 0 0.009964978 0.009964978 0 0 0 0.009964978 0.02832085 0.03146902 0.01992996 0.01827252 0.0103503 0.0009021596 0 0 0 0 0 0.01168644 0.02814183 0.06824433 0.02625082 0.05566786 0.07691118 0.03516883 0.009964978 0.07297172 0 0.003821042 0.004081283 0 0.009964978 0.01992996 0.009964978 0.09972224 0.04433269 0.1038883 0 0 0 0 0 0.01992996 0.002286753
0 0.02037125 0.01992996 0.009964978 0 0 0 0 0 0.009964978 0 0 0 0 0 0 0 0 0.01862341 0.07569066 0.04503387 0 0 0 0 0.02659899 0.01326093 0 0 0 0 0 0 0.03985991 0 0.01952869 0.02982889 0.01992996 0 0.009964978 0 0.01919454 0.05774651 0.0137355 0.09147363 0.007374624 0.08213557 0.003373214 0.006591764 0.02694747 0.06288786 0 0 0 0 0 0.01049575 0.04802896 0.07150341 0.1067213 0.1323488 0.01992996 0.003738481 0 0.009964978 0 0.009964978 0.007678225
