EnvRasters/GE_High/infrstr.asc
ncols         270
nrows         223
xllcorner     24099.479091542
yllcorner     21023.840179216
cellsize      1003.8986847201
NODATA_value  -9999
[rows 120 to 149 of 223, columns 136 to 203 of 270]
0.1810953 0.2665123 0.001377709 0.0227339 0 0.009964978 0 0.04981927 0.0004502461 0.09674609 0.0009915284 0 0 0 0 0.02053059 0.09964417 0.009964978 0.01992996 0.01992996 0.0183098 0 0 0 0.005543732 0.05128267 0.02273166 0.01629157 0.03353332 0.118639 0.08629325 0 0.01992996 0 0 0 0 0 0.01636794 0.01992996 0.01992996 0.009964978 0.009964978 0.009964978 0 0.003547492 0 0.02989493 0 0 0.009964978 0 0.009964978 0 0.009964978 0.05473368 0.01502117 0 0.05824555 0 0 0 0 0.009964978 0 0 0.01625166 0.02856873
0.2051173 0.01992996 0.009964978 0.027091 0 0 0.0002480209 0.03847934 0.04914242 0.01208806 0.07648437 0.02067237 0 0 0 0 0.01062224 0 0 0 0.001620154 0 0.01992996 0 0.01992996 0.0547685 0.04495374 0 0.01992996 0.02989493 0.1267826 0.1022446 0 0 0 0 0 0.009964978 0.009964978 0.009964978 0.009964978 0 0 0 0 0.02634744 0.01992996 0 0 0 0 0.009964978 0 0 0.03940298 0.01992996 0 0 0.04987132 0.009964978 0 0.009964978 0 0 0 0 0.003678297 0.009964978
0.1227351 0.01257435 0 0 0 0 0 0.06075861 0.01896122 0.06270261 0.09815047 0.04325536 0.01687533 0.009964978 0 0.0495988 0 0 0 0 0 0.01809037 0 0 0 0.0668947 0 0 0 0 0.06391396 0.1802911 0.0994654 0.01992996 0 0 0.009964978 0 0.009964978 0.02989493 0 0 0.01992996 0.009964978 0 0 0.02272438 0.01713554 0 0 0 0 0.009964001 0.02477659 0.01554025 0 0 0.006168039 0.1035452 0 0 0.009964978 0.04495306 0.04008617 0.01201403 0 0 0.009159258
0.008933545 0.03022529 0.01381748 0.002917198 0 0 0 0 0.02989493 0.01851653 0.01989402 0.1413203 0.05870664 0.009964978 0 0.0002260944 0 0 0 0.009964978 0.009964978 0.01180457 0.009964978 0 0 0.105489 0 0 0 0 0 0 0.26815 0.06975485 0 0 0.01992996 0 0.009964978 0 0.001124606 0.008840372 0 0.002011562 0.007953417 0 0 0.003202845 0.03022529 0.02636174 0.009964978 0.02989493 0.02483758 0.01502331 0 0 0.009028372 0 0.08111925 0 0.009964978 0.009964978 0.0125615 0 0 0.009964978 0 0
0.01411775 0.01081424 0.01653793 0.0900239 0.01992996 0.02245117 0.009964978 0.02989493 0.01992996 0 0 0.07794519 0.009964978 0 0 0.009727644 0.009964978 0 0 0.009964978 0.03837343 0.01833937 0 0.01616728 0.01122623 0.04982489 0.009964978 0 0.009964978 0 0 0.005667889 0.07672106 0.1722164 0.08499169 0.01009151 0.0001935644 0.01973639 0 0 0 0 0 0 0.009964978 0 0 0 0 0.004279932 0.01565003 0.03985991 0.0002028333 0 0 0 0.0009366058 0 0.03857937 0 0 0 0 0 0 0 0.03985991 0.009964978
0.00609051 0.009964978 0 0.006949304 0.01061929 0.02671941 0 0 0 0 0 0.02271455 0.01029533 0.007335754 0.009964978 0.01020231 0 0 0.009964978 0 0.00148649 0.01155557 0 0.006488561 0.04266567 0.06027275 0.007427565 0.002537414 0.009964978 0 0.009964978 0.00429709 0.01381086 0.1301408 0.02487665 0.1001125 0.04401945 0 0.01102744 0.00890252 0 0.004983251 0.007963516 0.01992996 0 0 0 0 0 0 0 0.004966657 0.01476047 0 0 0 0 0 0.07976626 0 0.009964978 0.009964978 0 0 0 0 0.009964978 0
0.02974832 0.003879723 0 0 0 0 0.01992996 0 0.01992996 0 0.009964978 0 0.009964978 0.02000241 0.009964978 0 0 0 0 0.004975121 0.003778392 0.009964978 0.01992996 0.007816646 0.01458351 0.1026341 0.007061948 0 0 0 0 0 0 0.05907341 0.09023388 0.04982489 0.05688292 0.1269469 0.00758553 0 0 0.02691315 0 0 0 0 0 0.02989493 0 0 0 0 0 0.009964978 0.009964978 0.009531993 0 0.007078881 0.113735 0 0 0 0 0 0 0.009435423 0.03042449 0
0.0436915 0.01619685 0.009964978 0 0.01293777 0 0.02168737 0.008207561 0 0 0 0.0202551 0.0005917497 0.01001141 0 0 0 0 0 0.0006864946 0.01048995 0 0.009964978 0.002148332 0.04963391 0.07247891 0.02283299 0 0 0.009964978 0 0 0 0 0.1693413 0 0.001026335 0.07657104 0.1233354 0.009964978 0 0.02308267 0.009964978 0 0 0 0.009964978 0 0 0 0 0 0 0 0 0.0004329848 0.02922211 0.009964978 0.1173623 0.002217433 0 0 0 0.009964978 0 0 0.04324841 0.01046046
0.04636718 0.01955609 0.02989493 0.02989493 0.03845228 0.01029533 0.008069479 0 0 0.009964978 0 0.006779468 0.05209352 0.00936038 0.01992996 0.02486872 0.02495617 0 0.009964978 0 0 0 0.01400799 0.0409006 0.1277155 0.06469953 0 0.01839952 0.001530437 0.01992996 0 0.01992996 0 0 0.1892713 0 0 0.005745274 0.05983038 0.03809481 0 0.006812261 0 0 0.002392399 0.01217521 0.001976014 0.01449505 0.005434906 0 0.009964978 0 0 0 0 0 0.0106378 0 0.08851191 0.009964978 0 0.01795031 0.03759401 0.009964978 0.007152563 0.04984184 0.0630165 0.05047652
0.0643224 0.009382919 0 0 0 0.01992996 0.02989493 0 0.003016672 0.02687826 0.009964978 0.001139864 0 0 0 0 0.009964978 0 0 0.02989493 0.02989493 0 0.009964978 0.002107524 0.06200149 0.007539545 0 0.03869382 0.06927548 0.001645474 0.009964978 0.009964978 0 0 0.05764047 0.141401 0 0.01992996 0.08161536 0.03227666 0.0708269 0 0 0 0.03746752 0.03764968 0.007988965 0 0 0 0 0.009964978 0 0.006798442 0.02309649 0 0 0.009964978 0.08978328 0 0.01992996 0.001979645 0.01223089 0 0.02274237 0.0271459 0.01302068 0.009964978
0.03547557 0 0 0.03159817 0.01822673 0 0.02231336 0.009964978 0.02318085 0.046574 0.03656947 0.0148785 0 0 0 0 0 0 0 0.009964978 0.01992996 0 0 0 0.02249147 0.1270817 0.01992996 0 0.01992996 0.04982489 0 0 0.01562517 0 0.06031506 0.2538163 0 0 0.03982827 0 0.03932641 0.1498985 0.003161881 0 0 0 0 0 0 0.005633183 0.004331795 0 0 0.01686752 0.003062441 0 0.009964978 0 0.1296172 0.02863272 0.009964978 0 0.009964978 0.01750351 0.009854033 0.003026228 0 0.01762781
0 0.02989493 0 0.001989496 0.007975482 0 0.03030992 0.007166598 0 0.04150902 0.0669919 0 0 0 0.01992996 0 0 0 0 0.009964978 0.009964978 0.01992996 0.03464592 0.02982879 0.02593042 0.1005423 0.04732821 0.04003412 0.0007757386 0.009823917 0.030036 0.01992996 0.01519783 0.02896687 0.0115017 0.1677491 0.01460461 0.01992996 0.03990634 0 0 0.04992337 0.0964879 0.08545982 0 0 0.01992996 0.009964978 0 0 0 0.009964978 0 0 0.01992996 0 0 0.02508821 0.07458198 0.001262212 0 0 0.009964978 0.01250237 0.01992996 0 0 0.04341225
0 0.003855532 0 0.009964978 0 0 0.009964978 0 0.009964978 0.02824583 0.03985991 0.05118211 0.009964978 0 0 0.01992996 0 0 0 0 0 0 0.0309566 0.03411342 0.04403061 0.1371715 0.06733296 0.05927437 0.04037541 0.02989493 0.009964978 0 0.009964978 0 0 0.1247637 0.005325346 0.009964978 0.02585386 0.07759155 0.007189943 0.04278547 0.06107434 0.05025276 0.08015428 0.01753772 0 0 0.006057531 0.01387243 0 0 0 0 0 0.02989493 0.009964978 0 0.07966216 0 0.009964978 0.02791558 0.02997626 0.007520443 0 0 0.02134424 0.008550691
0 0.01607442 0.02989493 0 0 0 0.009964978 0 0 0.03420485 0.03183713 0.05368829 0.05048787 0.03919694 0.01992996 0 0.03985991 0.04982489 0.0194859 0 0 0.03657994 0.03195013 0.01992996 0 0.04141228 0.135124 0.0004034393 0 0 0 0 0 0 0.00200515 0.1775354 0 0 0 0.05195317 0.04381552 0.06368162 0.08245078 0 0 0.03282571 0.01457721 0 0.006213675 0.01371628 0 0 0.000542613 0.009964978 0 0 0.02944863 0 0.09776816 0.001823961 0.009964978 0.02182799 0.03985991 0.01403671 0.01830276 0 0.009964978 0.009964978
0.009964978 0 0.03985991 0 0 0.003456944 0.04636795 0 0.01411429 0.02455216 0.03372997 0.01992996 0 0 0 0 0 0.009964978 0.07019891 0.02989493 0.05372625 0.02721836 0 0 0 0 0.03985991 0.009964978 0 0 0.009964978 0 0 0 0.01118585 0.1336641 0.007574888 0.007169007 0.009964978 0 0.149417 0.0774925 0.05536817 0 0 0 0.04982489 0 0 0 0 0 0.009422366 0.009964978 0.009964978 0.01971225 0.0004463018 0.02922088 0.07853114 0.002143384 0 0 0 0.009964978 0 0.0470308 0 0.01992996
0 0.009964978 0.009964978 0.01992996 0.009964978 0 0 0 0.02574563 0.02186887 0 0 0 0 0.0006637343 0 0 0 0 0.009964978 0 0 0 0 0 0 0.05731764 0.009952033 0.009964978 0.01992996 0.02989493 0 0 0 0.001122591 0.1279649 0.01515104 0 0.001610661 0.06473368 0.1341169 0.07428644 0 0 0 0 0.06586333 0.09014527 0.05325595 0.004560862 0 0 0.02989493 0 0 0.02014766 0 0 0.02986329 0.009964978 0 0 0 0 0 0.1024439 0.01992996 0.002447288
0.0123427 0.02751722 0.009964978 0.02989493 0.01992996 0 0.009964978 0 0.01480334 0.04304762 0.009964978 0 0 0 0.009301244 0.009964978 0 0 0.01992996 0 0 0 0 0 0 0 0.05231007 0 0.02698775 0.009964978 0 0 0 0 0 0.04085063 0.0786194 0.05818732 0.06604748 0.02742227 0.05521213 0.04437999 0 0.009964978 0 0.009964978 0 0 0 0.02533407 0.1184983 0.0233121 0.01992996 0.01848101 0.001448948 0 0 0 0.09053271 0 0 0 0 0.009964978 0.037497 0.01162225 0.02543234 0
0.007735441 0 0 0 0 0 0.004541993 0.01538796 0 0 0.009964978 0 0 0 0.0006785182 0 0 0.009964978 0 0 0 0 0 0 0 0 0.01042033 0.08736259 0.03321054 0.02870081 0.01184583 0.008084124 0 0 0 0 0.3976907 0.06087077 0.01428045 0.005649511 0.009964978 0.07117851 0.03473556 0 0.002862299 0.009964978 0.03139946 0.0007071731 0 0.009964978 0.01864951 0.0669633 0.08297384 0 0 0 0 0 0 0 0 0 0 0.02776061 0.01456486 0.03066689 0.03965633 0
0 0 0 0 0 0.01133025 0.04025161 0.002572655 0.009964978 0 0 0 0 0 0.01654933 0.002702107 0 0 0 0 0 0.01922802 0.0007019413 0 0.01992996 0 0 0.1095311 0.01698551 0.01685539 0 0.03218421 0.03757064 0 0.01321928 0.03539811 0.07690398 0.1337114 0 0 0 0.009964978 0 0.02989493 0.02703264 0.006679971 0.008556589 0.03445259 0 0.01992996 0 0.001034994 0.06441765 0.05408132 3.453842e-005 0.009964978 0.009964978 0 0.0390472 0 0 0 0.008059252 0.0120993 0 0 0.01992996 0.01647305
0 0 0 0 0.07971983 0.04304459 0.1069022 0.09223692 0.06519575 0.05322017 0.0376913 0.01992996 0 0.009964978 0 0 0 0 0 0 0 0 0.01728291 0.06087651 0.009964978 0.01992996 0.01094082 0.01305761 0.05860819 0.009855262 0.009964978 0 0 0.009964978 0.04895805 0.05626971 0.009964978 0.1196001 0 0 0.01992996 0 0 0 0 0 0 0.04278659 0.06439848 0.003869835 0.02989493 0.04748699 0.03019926 0.05018416 0.08048364 0 0 0 0.03001944 0 0.009964978 0.02685297 0.02183568 0.01992996 0 0.02989493 0 0
0.01458229 0.01992996 0.0338442 0.01598069 0.009964978 0 0.07759863 0.2149476 0.2634487 0.2781486 0.05771463 0 0 0.009964978 0 0.0005835855 0.03985991 0.01992996 0 0 0 0.05921947 0.09311993 0.06745745 0.08005018 0.09990206 0.1388751 0.1914576 0.1594571 0.1031644 0.0501032 0.1227199 0.05404023 0.1364856 0.02733541 0.01468468 0 0.09969621 0 0.01992996 0.009964978 0.01992996 0 0 0 0 0.02746076 0.04459302 0.02795472 0.01835408 0 0 0 0.03883894 0.03019926 0.08984967 0.0497124 0.05055614 0.108106 0.009964978 0.05849748 0.03293691 0.01829926 0.009964978 0 0.009964978 0 0
0.0352426 0 0.01992996 0 0.009964978 0 0.04280607 0.09136427 0.5432243 0.4801232 0.03994178 0.05007717 0.002938461 0 0 0.009381393 0 0.01992996 0.02987435 0 0 0 3.594348e-005 0.001332277 0 0.002644223 0.05106015 0.02834657 0.01992996 0.009964978 0 0.009964978 0.009964978 0.01579756 0.03985991 0.009964978 0 0.06499274 0.06446829 0 0 0 0 0.009964978 0.009964978 0 0 0.01763102 0 0 0.009964978 0 0 0.009964978 0.02989493 0.06027085 0.07950153 0.090001 0.158237 0.07971983 0.001292389 0 0.001630702 0.009964978 0.009964978 0 0.007157573 0
0.009964978 0 0.00449577 0.005469209 0 0.01992996 0.007018823 0.001651836 0.2195188 0.2787944 0 0 0 0.009964978 0 0 0 0 2.058834e-005 0 0.02989493 0.04891387 0 0.009964978 0.01992996 0 0.03165149 0.02983987 0.005686919 0 0.01357971 0.02989493 0.01992996 0.05986232 0.02989493 0.03527949 0.009964978 0 0.1992159 0 0 0 0.009964978 0 0.05978987 0.009964978 0.03985991 0.02176612 0.002374886 0 0 0 0 0 0.0004948951 0.06989983 0.01897217 0.1038957 0.2484803 0.02676442 0 0 0 0 0 0 0.002807405 0.009964978
0.08050328 0 0.009964978 0 0 0.009964978 0.02989493 0.02447769 0.002762972 0 0.009964978 0 0 0 0.009964978 0 0 0 0 0 0 0.09030447 0.1099972 0.03762329 0.03816254 0.02989493 0.009964978 0.0005936103 0.02453837 0.0173045 0.01631522 0.1195797 0 0.00405994 0 0.02451038 0.009964978 0 0.1008968 0.004114091 0 0 0 0.009964978 0.009964978 0 0 0.01651045 0.01913841 0.009964978 0 0 0.01992996 0.009964978 0.009964978 0 0.09982634 0.05019166 0.000121961 0.08328479 0.03768724 0 0.01846456 0 0 0.009964978 0 0.009964978
0.139426 0.01961065 0.04976349 0.02989493 0.005624904 0.01430505 0.02989493 0.009964978 0 0 0.01203548 0.009964978 0 0 0 0 0 0 0 0 0.0006398079 0.04933561 0.009964978 0.04255997 0.03874751 0 0.01775854 0 0 0 0.01348535 0.02041645 0.005958112 0.04063847 0.005349459 0.009964978 0 0.009964978 0.09900012 0 0 0 0 0 0 0 0 0 0.009964978 0 0.009964978 0 0.04982489 0 0 0.0001945265 0.1496115 0 0 0 0.07871725 0 0.02139535 0.009964978 0.009964978 0 0 0
0.1189974 0.1501158 0.06996702 0.005632867 0.01034738 0.03384465 0.003183916 0.009964978 0.002741507 0.01992996 0.007894478 0 0.01844088 0.001489076 0 0.009964978 0 0 0 0 4.548893e-005 0.05044143 0.01992996 0.0002312523 0.001211497 0 0.04203134 0 0 0 0 0 0.01432822 0.009438701 0.05142808 0.03519718 0.01462771 0.03985991 0.1732126 0.01616278 0 0 0 0 0 0 0.02989493 0 0.009336564 0.01059339 0 0.01992996 0 0 0 0.102993 0.1266791 0 0.009964978 0 0.03089752 0 0 0.009964978 0 0.02989493 0 0.01992996
0.0396148 0.03034262 0 0 0 0 0.0697232 0.02297813 0.03711841 0 0.009964978 0 0.005058747 0 0.009964978 0 0 0.01992996 0 0 0 0.08898552 0 0.02989493 0.009964978 0 0 0 0 0.009964978 0 0.009964978 0 0 0.08808162 0.02989493 0 0.01504079 0.1106919 0.0341381 0.009964978 0 0 0 0 0 0 0 0.009648853 0.01233812 0 0 0 0 0.02989493 0.1122927 0.05628493 0 0 0 0.02989493 0 0.009964978 0.009964978 0 0 0 0
0.08008806 0.004620514 0.009964978 0 0 0.009964978 0.07320817 0.02430448 0.002542276 0 0.009964978 0 0.04476615 0 0 0.009964978 0.009964978 0 0 0 0 0.1196262 0.009964978 0 0 0.009964978 0.02989493 0 0 0 0 0 0 0.009964978 0.03587597 0.005822727 0.02407221 0.004889166 0.05343455 0.1008184 0 0 0 0 0.009964978 0.009964978 0 0.00244176 0.02989493 0.01787294 0.009964978 0 0.009964978 0.001387676 0.08899528 0 0 0 0.01992996 0.009964978 0.02989493 0 0 0.009964978 0 0 0 0
0.06000035 0.004676452 0.02593512 0.02388977 0 0 0.03325432 0.009964978 0.01992996 0.01992996 0.03985991 0.02880418 0.04095067 0 0.01992996 0.01992996 0 0 0.01992996 0 0 0.1495731 0 0 0 0.03618253 0.02360734 0.05339033 0 0.009964978 0.01149964 0.005377621 0 0.03536925 0.008474609 0.009964978 0 0.04508063 0.01860645 0.1610122 0.009964978 0.009964978 0.003893488 0.01220288 0.001343302 0 0 0.007523218 0.02989493 0.02004145 0.03169911 0.02989493 0.02111694 0.08185958 0.0112451 0.007986711 0 0 0 0.01992996 0.03742532 0.07006314 0.04077899 0.01992996 0.009964978 0 0 0
0 0.0152535 0 0.009964978 0 0.009964978 0 0 0 0 0.009964978 0 0.01360737 0.009964978 0 0.009964978 0 0 0 0.03147301 0.02831686 0.03044932 0.01992996 0 0 0 0 0.006399542 0 0.009964978 0.01301768 0.009964978 0.02543826 0.01442166 0 0 0.02989493 0.01470924 0.02488241 0.1746071 0.05458177 0.008143144 0.04775324 0.0101155 0 0 0.02280289 0 0 0.1001251 0.03746899 0.03141461 0.08339128 0.1460206 0 0 0 0 0.009819116 0.009964978 0 0.02043852 0.0006986708 0.1032582 0.01316713 0 0 0.02727679
