EnvRasters/GE_High/infrstr.asc
ncols         270
nrows         223
xllcorner     24099.479091542
yllcorner     21023.840179216
cellsize      1003.8986847201
NODATA_value  -9999
[rows 60 to 89 of 223, columns 136 to 203 of 270]
0 0 0.01977034 0.01992474 0.03028182 0.03985991 0.02908604 0.02104552 0.02000241 0.04004122 0.03967861 0.009964978 0.06748861 0 0 0.009964978 0 0.02996739 0.09352607 0.04340309 0.01401674 0.01852088 0.04631327 0.009964978 0.009964978 0.02989493 0 0.02989493 0.01992996 0 0.01126882 0.01862611 0 0 0 0.01157408 0.03985991 0.02989493 0.0444788 0.1023568 0.07546885 0.09916984 0.1104318 0.01028828 0.06570638 0.03424345 0.06847528 0 0 0.01992996 0.02754893 0.07966162 0.0407814 0.1200662 0.001479455 0 0 0.02999341 0.07962008 0.09547977 0.04528436 0.009470291 0 0 0.01995036 0.08875623 0.1604302 0.3629394
0 0 0 0 0.009964978 0.04897659 0.03492905 0.06552963 0.05107619 0 0.01825665 0 0.04212615 0.009964978 0.02195785 0.01213521 0.02989493 0.05352246 0.03385274 0.009964978 0.1128164 0.06001613 0.1356403 0.03934576 0.09001516 0.0700852 0.1139688 0.09998014 0.1133443 0.05911782 0.0270495 0.05334882 0.03227586 0.0121703 0.009964978 0.008355873 0 0 0.1198344 0.1316532 0.02581612 0.009964978 0.02989493 0 0 0.009964978 0.02651379 0.04202833 0.01992996 0 0.0398921 0.02268493 0.08775535 0.001066833 0.05563799 0.08352716 0.01944155 0.07602875 0.1396602 0.05438349 0.05472181 0.009964978 0.0474153 0.05852243 0.05414691 0.04125684 0.01747718 0.1904805
0 0 0.009964978 0.01756294 0.03228723 0.03492459 0.02517971 0 0.03385663 0.004792791 0.01163828 0 0 0.04731319 0.004866156 0.0477975 0.02989493 0.006490391 0.07065679 0.1396579 0.005772959 0.009964978 0.009964978 0 0 0.0004588346 0.03537736 0.01992996 0.01653081 0.0109934 0.06293963 0.03682248 0.02010416 0.1878941 0.05675907 0.01121136 0.001886655 0.104419 0.01497042 0 0.0443992 0.06486124 0.05538455 0.004181498 0 0.02989493 0.04096293 0.04703434 0.08996311 0.08002415 0.07005918 0.1136327 0.06365558 0.115335 0.03239921 0.02722875 0.09990206 0.0883979 0.09416299 0.03950545 0.02626219 0.06357129 0.04677663 0.01045147 0.007880685 0 0.07193876 0.1938119
0.01992996 0.009964978 0.03405493 0.03616479 1.133068e-005 0.0002339968 0.01026485 0.009964978 0.04107041 0.01992996 0.02989493 0.009964978 0.01992996 0.02244165 0.03708236 0.03282302 0.09225997 0.09548359 0.02919322 0.01774221 0.01215272 0 0.04496541 0 0 0.009964978 0.01804199 0.009964978 0.009964978 0.003439954 0.02532436 0.03764523 0.002633208 0.01992996 0.02395978 0.0954579 0.07805943 0.00526586 0 0 0.000447186 0.009964978 0.02003349 0.03606081 0.04375806 0.0963603 0.05007717 0.01439709 0 0.009964978 0.01818812 0.0240702 0.05900082 0.124113 0.185232 0.181936 0.1223878 0.2770676 0.09964979 0.02989493 0.0545769 0.1127426 0.09256788 0.1358898 0.03176884 0.06261294 0.07340138 0.06455425
0.01092927 0.04064203 0.0432772 0.01624681 0.01454444 0.005385519 0.009964978 0.0946964 0.01395687 0 0.009964978 0.02989493 0.01787545 0 0.04001044 0.1074727 0.0352309 0 0 0 0.01574148 0 0.02481798 0.05468803 0 0 0.01185294 0.009964978 0.009964978 0.03641996 0.01675024 0 0.02726173 0.009964978 0 0.009964978 0.009964978 0 0.009964978 0.009964978 0.009517793 0 0.009986226 0.04982489 0.009964978 0.01992996 0.02724808 0.01261183 0 0.009964978 0 0.002311366 0 0 0.05596352 0.2801306 0.2400892 0.215086 0.1764102 0.08040655 0.08709204 0.07987035 0.01205723 0.03022529 0.08715248 0.07684278 0.129797 0.08263246
0.03889563 0.009182858 0 0.02965932 0.009964978 0 0.01992996 0.0005328963 0.08553869 0.003399413 0.01841634 0.009964978 0.08962714 0.01760959 0.07502557 0.05190691 0.005749741 0.007639729 0.009964978 0.009964978 0.01415346 0 0 0.01503828 0 0 0 0.009964978 0.01992996 0 0.01992996 0 0.009964978 0 0.009964978 0.009964978 0 0 0.01992996 0 0 0 0.009964978 0 0.009964978 0.02666892 0.002360763 0.02989493 0.02989493 0.0185344 0.009402268 0.01773747 0.01992996 0.02961259 0.01024733 0.09753577 0.1522124 0.1421874 0.1896853 0.08854961 0.02989493 0.03980225 0 0.01992996 0.05304066 0.05279807 0.009964978 0.06629673
0 0 0 0 0 0 0 0 0.02064875 0.09588595 0.01276456 0.009964978 0.002112172 0.0697232 0.1123979 0 0.002793927 0.00374656 0 0 0 0.01992996 0.01569248 0.05933318 0.02478437 0.004412009 0.01992996 0.009964978 0 0 0 0.01294566 0.01992996 0.01992996 0.01211289 0 0.004873415 0.005091564 0.009964978 0.0008467108 0.009964978 0 0.02657728 0.03296629 0.009432414 0.008225511 0.02253468 0 0 0.02824333 0.01192325 0.05201738 0.009964978 0.01992996 0 0 0.2218185 0.1542751 0.1043681 0 0 0.004925014 0.0638998 0.04495988 0.03560067 0.03137219 0.002438053 0
0.01992996 0 0 0 0 0 0.009964978 0.009964978 0.03880349 0.02685977 0.1532392 0.1345849 0.05783533 0.3101496 0.05813881 0.02989493 0.02896808 0.0009268535 0.04932452 0.0005003687 0 0 0.01465915 0.01515209 0.1047603 0.02548293 0.009964978 0 0 0.01992996 0 0.01054427 0.006405004 0 0.01003743 0 0 0 0 0.009118267 0 0 0 0.0002463003 0.01049754 0.01558905 0.00434091 0.009964978 0 0.01161658 0.009964978 0 0.007370892 0 0 0.05412126 0.1122673 0.03892152 0.1797685 0.05311812 0 0.002646723 0.02875412 0.09231948 0.04823219 0.0288638 0.02369695 0.01992996
0.2290209 0.01285772 0.1008155 0.05514099 0.06454779 0.06963461 0.08584481 0.07935247 0.09350113 0.07068789 0.03302959 0.09915651 0.117324 0.3216922 0.01847252 0.02138739 0 0.01992996 0.01992996 0.01992996 0.01645186 0.009440308 0.01992996 0.01474285 0 0.03985991 0.009964978 0 0.009964978 0.009964978 0 0.003021493 0 0 0.01250383 0.00520576 0.001798361 0 0 0 0 0.01672436 0.003205593 0 0.009964978 0.009473221 0.02989493 0.02856735 0.001327585 0 0 0 0.002736087 0.02023428 0.01948363 0.1439859 0.03973391 0.007111013 0.05020729 0.04656173 0.06975485 0.06562982 0.09379102 0.111302 0.01721808 0.01004944 0.05484408 0.0307685
0.0765312 0.08265289 0.05383866 0.05978987 0.02005446 0.02988437 0.009964978 0.01061064 0.03766459 0.03289207 0.07028554 0.1375602 0.1116208 0.4159897 0.06792999 0.009964978 0.02989493 0.01992996 0.0264851 0.01992996 0.004002766 0 0 0 0 0.009964978 0 0.08968481 0 0.003692498 0 0.02687344 0 0 0.02216511 0.01992996 0.02809658 0 0 0 0 0.01703665 0.01285828 0 0.009964978 0.02042171 0.03985991 0.02989493 0 0 0.009964978 0 0 0.02870274 0.0863129 0.08185515 0.00056045 0.003054196 0.01992996 0.004265248 0.009964978 0.009964978 0.02989493 0.03189824 0.048489 0.0575573 0.01620053 0.01992996
0.03417433 0.01888967 0.009964978 0.01045314 0.03962637 0.000130799 0 0 0 0.03394753 0.1648097 0.08041111 0.119806 0.2873078 0.072975 0.06925234 0.0005025062 0 0.003409832 0.01992996 0 0 0 0 0.01992996 0.01992996 0.002714967 0.007250012 0 0.02620244 0.01992996 0.01992996 0 0 0.007729828 0 0.005810282 0.004154697 0 0.009964978 0 0 0.01992996 0 0 0 0.0290276 0.009131851 0.03072806 0.009688456 0.02020648 0 0.01992996 0.0509162 0.04305583 0.04032039 0.008259397 0 0.009964978 0.01992996 0.005584394 0.009964978 0.01992996 0 0 0.01265803 0.0789086 0.07533139
0.0249894 0.06975485 0.07140087 0.0975156 0.01094416 0.01008318 0 0.01947563 0 0.06998345 0.07653871 0.06856389 0.1280415 0.1695458 0.1271336 0.03457921 0 0 0 0 0.09296797 0.01859854 0 0.001169819 0.003968787 0.009964978 0 0 0.009964978 0.009964978 0 0 0 0 0 0.005766196 0.004198783 0.02989493 0.006783272 0.02311166 0.009964978 0.009964978 0.01992996 0.01992996 0 0 0.0099551 0.03973405 0 0.01992975 2.054779e-007 0.04060843 0.03672905 0.09229575 0 0 0.03206099 0.02772888 0.009964978 0.02989493 0.01001141 0 0.01992996 0 0 0 0 0.03518954
0.01633411 0.009964978 0 0 0.08844753 0.1167288 0.1669099 0.1221494 0.1154451 0.142771 0.05315419 0.06723202 0.06153658 0.06290884 0.1365679 0.07307015 0.05978987 0.01061763 0.02007814 0.02136547 0.02570684 0.005913708 0 0.001100601 0.003725772 0.002931122 0.01699883 0 0.009964978 0 0.01992996 0.009964978 0.01992996 0.001445306 0.00113732 0.009964978 0 0.009964978 0 0.01992996 0 0.0105958 0 0 0 0.009964978 0 0.01096805 0.02989493 0 0 0.07060746 0.03142468 0.01992996 0.009964978 0.009964978 0 0.009964978 0 0.02989493 0.04526399 0.05871995 0 0 0.01992996 0.009964978 0.003959661 0.02989493
0.008551193 0 0 0.01992996 0.04982489 0.02991248 0.009964978 0.01097901 0.08987314 0.1598481 0.1462758 0.02505485 0.02011299 0.01992996 0.1043469 0.08967542 0.04982489 0.0207908 0.06889401 0.01992996 0.03593314 0.02398123 0 0 0 0.1045429 0.01356476 0.01034738 0.005982794 0 0.01992996 0 0 0.0140936 0.003253731 0.009964978 0.009964978 0.009964978 0 0.009964978 0 0.02926411 0.009964978 0.01992996 0.01992996 0 0 0 0 0.009090526 0.03839523 0.01914746 0.01992996 0 0 0.009964978 0.009964978 0.003094957 0.016835 0.02358152 0.0162784 0.009964978 0 0.01472975 0.0203644 0.01016521 0.0305008 0.02970993
0 0.006320934 0.06343392 0.01992996 0 0.009964978 0 0 0.02817298 0.01942478 0.03352031 0.0499796 0.05978987 0.1490559 0.1475746 0.09116444 0.1053682 0 0.009964978 0 0.04987132 0.02989493 0.01149093 0.004012176 0 0.01503681 0.009964978 0.01992996 0 0 0.01992996 0 0 0.009964978 0 0.02989493 0.02198086 0.01992996 0.01992996 0 0 0.01992996 0.02989493 0 0 0.009964978 0.01993812 0.02910105 0.03868384 0.02991534 0.03158588 0 0 0 0.009964978 0.01992996 0 0.03985991 0 0.02601235 0 0.02980413 0.005444522 0.009964978 0.01249171 0.01648014 0 0.02614909
0.05742059 0.05359109 0.0466153 0.01317458 0 0.009964978 0 0 0.009964978 0.06004449 0 0 0.02989493 0.0380819 0.002318898 0.07225592 0.01272629 0.09104011 0.08010223 0.05113904 0.003880342 0.05234545 0.04143715 0.04018896 0.0151852 0 0 0.02425045 0.04550439 0.009964978 0.009964978 0 0.01596325 0.01393168 0 0.01992996 0.007914074 0 0.0016289 0 0.03824975 0.001610163 0 0.01992996 0.009964978 0.009642073 0.01055626 0.089192 0.07165129 0.0715996 0.03870511 0.009964978 0 0 0 0 0 0.009964978 0.009964978 0.06969718 0.009964978 0.004611257 0.01520898 0 0.03290573 0.007877259 0 0
0.01915574 0.009964978 0 0.01992996 0 0 0 0 0 0.06052692 0.009964978 0.009964978 0.05978987 0.01174299 0.007738937 0 0.009964978 0.009964978 0.01992996 0.02898921 0.1449491 0.1448261 0.04029768 0 0.09014598 0.04341726 0.06504989 0 0.01992996 0.02989493 0.003601109 0.009964978 0 0.01934821 0.01334109 0 0 0 0.008336078 0.001284967 0.008641081 0.001323898 0.01916266 0.0007672928 0 0.03061331 0.06913901 0.08918067 0.07979937 0.09990206 0.04693627 0.009964978 0 0.009964978 0 0.01992996 0 0.01251195 0.01387953 0.003940252 0.009964978 0 0.03461591 0.005134288 0 0 0.03411838 0
0.03297842 0.01992996 0.0271798 0.01268012 0 0 0.02989493 0.009964978 0.009964978 0.009964978 0.00960638 0.0003585988 0.0103972 0.009532755 0.002226042 0 0 0 0.009964978 0.01992996 0.009964978 0 0.1228958 0.1482271 0.001888341 0.08134178 0.06097526 0.08045536 0.01055085 0.06308575 0.02629383 0.01560593 0.01120271 0.05699551 0 0 0 0 0 0.01864499 0.009964978 0 0 0.02079709 0.03013082 0.09972557 0.1497096 0.1695291 0.09071598 0.009964978 0.04138555 0 0 0.009964978 0 0.009964978 0 0.05784371 0.01208768 0.01468353 0.01521141 0.005649149 0.009964978 0.03969815 0 0.009964978 0.02567149 0
0 0.001301992 0 0 0 0 0.009964978 0.04982489 0 0.02989493 0.009964978 0 0 0.01992996 0 0 0.009964978 0 0 0.01992996 0 0 0.009964978 0.008379669 0.1399962 0.03582716 0.01992996 0.06214631 0.1295786 0.07592934 0.05798216 0.09031034 0.009187713 0.01320301 0 0 0 0.01225338 0.05146322 0.01992996 0.04896943 0.02018224 0.02053314 0.03899278 0.02989077 0.03993232 0.1122385 0.2362526 0.05774894 0.09651751 0 0.002440081 0.01748988 0.03294367 0.01688122 0.01370044 0.006229519 0.08973124 0.06076746 0.01538561 0 0.03421076 0 0.04092734 0.01389 0.004706663 0.009964978 0.007465451
0 0.03855792 0.009964978 0.008074647 0.01185531 0 0 0 0.03985991 0.03985991 0 0 0 0.009964978 0 0 0 0 0 0 0.0132482 0.006681757 0 0 0 0.1041951 0.1244157 0.002952971 0.1155004 0.1383482 0.1001046 0.08991106 0.03647504 0.02722147 0.03461378 0.03049693 0.02989493 0.01600323 0 0.009964978 0 0 0 0 0 0 0.002931359 0.2076133 0.2557147 0.03875983 0 0 0 0 0.03361233 0.01621256 0.009964978 0.01324547 0.0681612 0.02039043 0.01065012 0 0.006152011 0.003812968 0 0.05678017 0.02288199 0.05747251
0 0.01992996 0.009964978 0.01835191 0.03147298 0.009964978 0 0 0.01992996 0.03932898 0.009964978 0 0 0.02819292 0 0.009964978 0 0 0 0 0 0.02989493 0.0158077 0 0.009964978 0 0.07539642 0.1532143 0.05719415 0.09629756 0.02347665 0.03342152 0.006719043 0 0.01561953 0.001663041 0 0.01992996 0 0 0 0 0.01992996 0.02042988 0.009465054 0.02989493 0.2345486 0.4978666 0.1999119 0.02103004 0.01859004 0 0 0 0 0.00412582 0.005839158 0 0 0 0.0395832 0.02033838 0.03377801 0 0.006968857 0.04817202 0.04437317 0.1138678
0.02163147 0 0.03813369 0.02165618 0 0 0 0 0.03955758 0.02046089 0 0.01992996 0.01992996 0.04336547 0.008161442 0 0 0.02279466 0.02703024 0 0 0.009964978 0.01408723 0 0.01992996 0 0.03985991 0.06671198 0.186148 0 0.04982489 0.0234766 0.01285673 0.009964978 0.02218975 0.0004804405 0 0 0 0 0 0.0001775361 0.02031236 0.029335 0.009964978 0.009964978 0.1534048 0.008674116 0.02989493 0.009964978 0.02126988 0.02831518 0 0 0 0 0.03186051 0.005222543 0 0 0 0.009964978 0.009964978 0 0.02989493 0.06172299 0.1873949 0.07838826
0.02819342 0.1080526 0.02290171 0 0.009964978 0 0 0 0.02023229 0.07928175 0 0 0 0.009964978 0.01992996 0 0 0.0805428 0.07238857 0.006872445 0 0.009964978 0 0 0.01992996 0.01992996 0.02576781 0.0797358 0.0540625 0.0951407 0.009964978 0 0 0.07971983 0.005960623 0.001264117 0 0.004194056 0 0.009964978 0.009964978 0.01992996 0 0.01992996 0.009964978 0 0 0 0.02989493 0 0 0.04143967 0.05797028 0.01992996 0.009964978 0.01992996 0.01274184 0 0.009964978 0 0.009964978 0 0.009964978 0 0.009964978 0.01937226 0.07165984 0.05408391
0.009964978 0.02989493 0.04739169 0.001023575 0.01992996 0.009964978 0.01010666 0.02975325 0.009703449 0.06964514 0 0 0.008610439 0 0 0.01992996 0.2440274 0.4636308 0.2663689 0.01305751 0.009964978 0 0 0 0 0.01992996 0.006150144 0.003814834 0 0.1354432 0.009677766 0 0 0 0.009964978 0.01992996 0.0490273 0.01653349 0.009964978 0.013289 0.01992996 0 0 0.01063807 0.009964978 0 0 0.01199097 0.03730991 0 0 0.01378433 0.01793019 0.02989493 0 0.01992996 0 0.009964978 0 0.03634313 0.009964978 0 0.009964978 0 0.02989493 0.008951518 0.001085912 0.003690062
0.1399442 0.02303865 0.0291316 0.01072831 0 0 0.01992996 0 0.0002615293 0.02171458 0.0479826 0 0.00135454 0 0 0.01928347 0.4118663 0.5672406 0.4534281 0 0 0 0 0.005523429 0.00444155 0.01992996 0 0 0 0.009964978 0.2091288 0.009964978 0.008184297 0.001780682 0 0 0 0.009888099 0.1201575 0.1448108 0.1105312 0 0.009964978 0.02922184 0.009964978 0 0.009964978 0.0005240113 0.02989493 0 0.009964978 0.009964978 0 0.008004023 0.03985991 0.03745655 0 0.009964978 0 0.00351678 0 0.009964978 0 0 0.01518443 0.005234369 0 0.005102618
0 0.09715771 0.003723083 0.02989493 0.009964978 0 0.009964978 0 0 0.0115141 0.03085677 0.06987316 0.00688768 0 0 0 0.2043398 0.5053415 0.007672949 0 0 0.009964978 0 0.02989493 0.009964978 0.009964978 0 0 0 0 0.07948113 0.2175077 0.04032039 0.001364297 0 0 0 0 0.03985991 0.1215603 0.03780187 0.03985991 0.05169511 0.01992996 0 0 0.009964978 0 0 0 0 0.01992996 0.01992996 0.009985383 0 0.03782942 0.02159049 0 0 0.01679148 0.01310346 0.009964978 0 0.01992996 0.0229025 0.01173797 0 0
0.01892231 0.01267207 0.1593504 0.009964978 0.0320201 0.04945909 0.04982489 0.01992996 0.01992996 0.08968481 0.06975485 0.01020304 0.03071036 0 0 0.009964978 0.02013253 0.01992996 0.009964978 0.009964978 0.009964978 0.009964978 0 0 0 0.01543567 0.009964978 0.009964978 0 0 0 0.09437858 0.03503039 0 0.003024426 0 0 0 0.024027 0.02989493 0 0 0.0379897 0.02989493 0.03985991 0.01010073 0.01992996 0 0 0 0 0.01992996 0 0.01190553 0.01992996 0 0.002773322 0.04683776 0.06661157 0.04649945 0.009964978 0 0 0.01992996 0 0 0 0
0.0338744 0.0281955 0.05668601 0.1822114 0.06772582 0.009964978 0.0004115903 0.05012046 0.05166228 0.05777257 0 0.002600183 0.02628207 0.009964978 0 0 0.002074051 0 0.009964978 0 0 0.009964978 0.02989493 0.009964978 0.01992996 0.01006345 0 0 0 0 0 0.01992996 0.07514894 0.05407787 0.01690553 0.002810613 0 0 0.02579789 0.009964978 0.009964978 0 0.0009368803 0.009964978 0.009964978 0.009829224 0.0167303 0.01675561 0.02617385 0.009964978 0 0.009964978 0 0 0 0 0.01992996 0.03004546 0.03303821 0.04318536 0 0 0 0.01992996 0 0 0 0
0.01976819 0.003792784 0 0.03836486 0.1495093 0.08241154 0.219506 0.05820756 0.04982749 0.0001479254 0 0 0.001012684 0.009964978 0.009964978 0 0.009964978 0 0.009964978 0 0 0 0 0.01992996 0.03985991 0.01995036 0 0 0 0 0 0 0 0.08586627 0.116492 0.08717852 0.1199101 0.09998014 0.1099711 0.06586385 0 0 0.009028099 0 0.01992996 0 4.217059e-005 0.03994785 0.01419858 0.01569635 0 0 0 0.009964978 0.03469959 0.04914045 0.0276433 0.006159395 0 0 0.04771942 0.02203544 0.03823297 0.001626946 0 0 0 0
0.04782441 0.07592704 0.04982489 0.009964978 0.009964978 0.2346655 0.1940143 0.01992996 0.1000426 0 0 0.009964978 0 0 0 0.008186356 0 0 0 0 0 0 0.009964978 0.02613848 0 0.02430537 0 0.009964978 0 0 0 0 0 0.03324783 0.0136103 0 0.01992996 0 0.01992996 0.04413331 0.098025 0.09236234 0.05115727 0.02163003 0 0 0.009964978 0.02989493 0.06236508 0.1192222 0.09992809 0.2382815 0.08862466 0.08394763 0.1253476 0.1008128 0.1103639 0.05981427 0.009964978 0 0 0.009964978 0.05978987 0.005737852 0.009964978 0.009964978 0.009964978 0
