EnvRasters/GE_High/maize.asc
ncols         270
nrows         223
xllcorner     24099.479091542
yllcorner     21023.840179216
cellsize      1003.8986847201
NODATA_value  -9999
[rows 160 to 191 of 223, columns 144 to 215 of 270]
0 0 0 0 0 -9999 -9999 -9999 -9999 -9999 -9999 -9999 -9999 0 0.0832 0 0.1912 0.0327 0 0 0 1e-006 0.000405 0.182969 0.023933 0.148864 0.00313 0.034168 0.00026 0.056512 0.3045 0.325625 0.123466 0.0689 0 0.003374 0.011043 0 0 0 0.061113 0.09274 0.000893 0 0.006462 0.009081 0.03572 0.000216 0 0 0 0 0 0 0 0 0 0 0 0 0 0 0 0.0334 0.0311 0.0006 0 3.7e-005 0.08033 0.025324 0.1133 0.18795
0 0 0 0 0 -9999 -9999 -9999 -9999 -9999 -9999 -9999 -9999 0 0 0 0 0.0089 0 0 0 0.003203 0.002554 0 0.011204 0.08026 0.035873 0.0198 0 0 8e-005 0.110137 0.108445 0 0 5e-006 4e-006 0 0 0 0 0 0 0 0.00011 0 0 0 0 0 0.0265 0 0 0 0 0 0 0 0 0 0 0 0.001005 0.043509 0.151199 0.3209 0.226 0.482819 0.452344 0.138419 0.0895 0.2076
0 0 0 0 0 -9999 -9999 -9999 -9999 -9999 -9999 -9999 -9999 -9999 0 0 0 0 0 0 0.011552 0.079663 0.153676 0.011766 0.004356 0 0.0004 0.0026 0 0 0.01509 0.152272 0.023439 0 0 0 0 0 0 0 0 0 0 0 0 0 0 0.0139 0.0573 0.167424 0.2391 0.0622 0.000385 5.4e-005 0 0 0 0 0 0 0 0 0.0892 0.236 0.201508 0.061852 0.2618 0.519943 0.353879 0.320219 0.225645 0.34473
0 0 0 0 0 -9999 -9999 -9999 -9999 -9999 -9999 -9999 -9999 0 0 0.021329 0.014746 0 0 0 0.008784 0.083678 0.113026 0.117724 0.009504 0 0 0 0 0 0 0.004512 0 0 0 0 0 0 0 0 0 0 0 0 0 5.5e-005 0 0.0787 0.0244 0.114478 0.4257 0.1908 0.017333 0.001332 0.0326 0 0 0 0 0 0 0 0.011503 0.058949 0.213551 0.246922 0.129508 0.655 0.499334 0.415781 0.354538 0.274228
0.0725 0 0 0 -9999 -9999 -9999 -9999 -9999 -9999 -9999 -9999 -9999 0 3.2e-005 0.040856 0.072948 0.031048 0 0 0.000182 0.000378 0 0.138413 0.228133 0 0 0 0 0 0 0 0 0.0084 0.050296 0.0555 0 1e-006 0.022796 0 0 0 0 0 0.137785 0.040699 0.003135 0.0001 0 0.1602 0.1938 0.2477 0.074538 0.152594 0.030268 0 0 0 0 0 0 0 0.0267 0.326041 0.426388 0.461093 0.176317 0.1609 0.191 0.5009 0.521985 0.157455
0 0 0 0 -9999 -9999 -9999 -9999 -9999 -9999 -9999 -9999 -9999 0 8e-006 0.14416 0.087943 0.095791 0 0 2.2e-005 0 0.008448 0.138122 0.216508 0 0 0.000376 0.052303 0.001108 0 0 0 0.3488 0.2184 0.0188 0.000962 0.172474 0.018446 0 0 0 0 0 0.002856 0.084009 0.004075 6e-006 0 0 0.00262 0.065247 0.121541 0.013639 0.0035 0.0805 0 0 0 2e-006 0.000555 3.5e-005 0 0.2685 0.079918 0.630522 0.193822 0.000816 0.2785 0.1958 0.3788 0.306379
0 0 0 0 -9999 -9999 -9999 -9999 -9999 -9999 -9999 -9999 -9999 0 6.2e-005 0.044256 0.117408 0.000164 0.032034 0.000462 0.039398 0.015196 0.0123 0.183959 0.198166 0 0 0.019477 0.286643 0.222446 0.137869 0.000145 0 0.037056 0.084 0 0.159558 0.095585 0.042146 0.006974 0.077555 0.089325 0.080826 0.030548 0.033201 0 0.016532 3e-006 0 0 0.0655 0.034718 0.0503 0.0601 0.01354 0.1067 0 0 0 0.0473 0.063158 0.071723 0 0.0573 0.162856 0.1332 0.0897 0.0057 0.4111 0.3925 0.3155 0.1503
0 0 0 0 0 -9999 -9999 -9999 -9999 -9999 -9999 -9999 -9999 0 0.076627 0.239221 0.032352 0.169847 0.121664 0.030019 0.063327 0.028375 0.224354 0.218744 0.0482 0 0.00165 0.038066 0.027999 0.157795 0.050583 2.9e-005 0 0 0 0 0.152863 0.015797 0 0.011987 0.124314 0.256344 0.010612 0.063952 0.281185 0.019799 0.024938 0 0 0.0153 0.0089 0.042469 0.080532 0.108009 0.079684 0.0366 0 0 0.044987 0.048539 0.125275 0.28749 0.1136 0.1178 0.112485 0.425853 0.184134 0.075437 0.0901 0.4296 0.2119 0.0578
0 0 -9999 -9999 -9999 -9999 -9999 -9999 -9999 -9999 -9999 -9999 0 0.001242 0.233615 0.097021 0.069496 0.000779 0.093628 0.024 0.169589 0.12508 0.2089 0.0427 0.0151 0 0 0.2254 0.0719 0.603628 0.3542 0.17445 0.0556 0.0025 0 0 0.003248 0.032516 0 0 0.120702 0.056936 0.020159 0.035485 0.076463 0.050851 0.099952 0 0 0 0 0 0.180421 0.240954 0.072884 0.0545 0.012445 0 0.001629 0.000806 0.129921 0.453371 0.4549 0.0731 0 0.004947 0.022513 0.1965 0.1663 0.194406 0.262124 0.169664
-9999 -9999 -9999 -9999 -9999 -9999 -9999 -9999 -9999 -9999 -9999 0 0 2e-006 0.10575 0.106878 0.04699 0.085809 0.0842 0.046076 0.148079 0.0516 0.1495 0.053644 0 0 0 0 0.0021 0.0025 0.0089 0.0616 0.236 0.108 0 0 0.003549 0.001092 0 0.000501 0.000371 0.098309 0.096196 0.248625 0.122652 0.201161 0.111068 0 0 0 0 0 0 0.049517 0.157935 0.072485 0.049495 0.188356 0.08142 0.1311 0 0.0679 0.295481 0.364726 0.0212 0 0.109486 0.1343 0.660658 0.24291 0.137177 0.285288
-9999 -9999 -9999 -9999 -9999 -9999 -9999 -9999 -9999 -9999 -9999 0 0 0 0 0 0 0 0 0.1569 0.1709 0.096903 0.179108 0.0238 0.0197 0 0 0 0 0 0 0.023272 0.1689 0.035626 0 0.2524 0.147808 0.11809 0.272593 0.04213 0.066075 0.047344 0.153348 0.118706 0.024708 0.094743 0.319912 0.00085 0 0 0 0 0 0.05829 0.077687 0.160598 0.237822 0.180703 0.002508 0 0.315056 0.224949 0.342127 0.4457 0.0397 0 0.231152 0.1823 0.4277 0.359068 0.1079 0.054357
-9999 -9999 -9999 -9999 -9999 -9999 -9999 -9999 -9999 -9999 -9999 0 0 0 0 0 0 0 0 0.0101 0.089974 0.108533 0.091903 0.078148 0.305384 0.02653 0.0016 0 0 0 0.048366 0.1335 0.1943 0.0096 0.0618 0.072154 0.2539 0.004184 0.163013 0.002369 0.040898 0.0165 0.0342 0.082614 0.104122 0.104275 0 0 0 0 0 0 0 0.0331 0.314701 0.244519 0.218703 3.9e-005 0 0 0.052093 0.088156 0.068727 0.2783 0.0678 0 0.009 0.0901 0.089601 0.225 0.1581 0.033387
-9999 -9999 -9999 -9999 -9999 -9999 -9999 -9999 -9999 -9999 -9999 0 0 0 0 0 0 0 0 0.000101 0.046822 0.113193 0.3075 0.238793 0.495467 0.045912 0.1576 0.3659 0.070234 0.128593 0.129151 0.069053 0.041 0 0.1989 0.0298 0 1e-006 0.014218 0.037772 0.237881 0.181346 0.102823 0.234845 0.3268 0.304265 0 0 0 0 0 0 0 0 0 0.064808 0.114616 0 0 0 0.09 0.2832 0.68922 0.16222 0.0437 0.0049 0.1389 0.0782 0.237034 0.016115 0.14715 0.2722
-9999 -9999 -9999 -9999 -9999 -9999 -9999 -9999 -9999 -9999 -9999 -9999 -9999 -9999 -9999 0 0 0 1.3e-005 0.000242 0.020191 0.162177 0.15579 0.0304 0.173631 0.059813 0.075533 0.053398 0.008535 0.194792 0.078211 0.000927 0 0.006838 0.132937 0.015086 0.095 0 0 0 0.165611 0.035068 0.142369 0.119143 0.0419 0 0 0 0 0 0 0.028546 0 0 0 0 0.0092 0.0007 0.0251 0.045376 0.242 0.095009 0.233899 0.0007 0 0 0.0547 0.16272 0.160244 0.2126 0.331586 0.2764
-9999 -9999 -9999 -9999 -9999 -9999 -9999 -9999 -9999 -9999 -9999 -9999 -9999 -9999 -9999 0 0 0 0.002247 0.003867 0.092203 0.119647 0.1018 0.1206 0.129489 0.0245 0.084586 0.023972 0.058916 0.032595 0.000977 0.040695 0.026495 0.190018 0.198945 0.007075 0.039 0 0.396388 0.0194 0.0082 0 0.022357 0.0059 0.0194 0.027312 0.039422 0.046276 0.133709 0.065269 0.0096 0.004404 0.013605 0 0 0.0119 0.164704 0.093083 0.1354 0.243156 0.0826 0.194048 0.176497 0.0352 0 0 0.112 0.2105 0.2666 0.1103 0.0047 0.1824
-9999 -9999 -9999 -9999 -9999 -9999 -9999 -9999 -9999 -9999 -9999 -9999 -9999 -9999 -9999 -9999 0 0 0.009038 0.189701 0.350119 0.063955 0 0.092248 0.130566 0 0.058756 0.001661 0.060052 0.044031 0.031549 0.104049 0.092574 0.071776 0.1093 0.0003 0.066325 0.034089 0.071142 0 0.262433 0.08913 0 0.072712 0.275385 0.327213 0.071494 0.26275 0.037274 0 0.0426 0.003681 0.085389 9.6e-005 4.8e-005 0.228295 0.124027 0.182994 0.166544 0.010808 0.419338 0.2159 0.243412 1.3e-005 0.0037 0.00829 0.296972 0.109102 0.151447 0.334003 0.1367 0.366244
-9999 -9999 -9999 -9999 -9999 -9999 -9999 -9999 -9999 -9999 -9999 -9999 -9999 -9999 -9999 -9999 -9999 0 0 0.035916 0.218096 0.027588 0.0102 0.024663 0.103215 0.059033 0.171966 0.017798 0.177898 0.06276 0.142584 0.336873 0.134201 0.127094 0.0805 0.075932 0.352889 0.284705 0.114504 0.076634 0.110878 0.049561 0.0019 0.131541 0.0577 0.131861 0.049766 0.044884 0.040824 0.01786 0.113548 0.070968 0.013294 1.3e-005 0 0.191796 0.286131 0.2198 0.199315 0.049357 0.015462 0.3368 0.029369 0.115028 0.1059 0.226907 0.042526 0.074368 0.25136 0.051282 0.01615 0.203397
-9999 -9999 -9999 -9999 -9999 -9999 -9999 -9999 -9999 -9999 -9999 -9999 -9999 -9999 -9999 -9999 -9999 0 0.000425 0.008118 0.071398 0.216886 0.126293 0.165714 0.187545 0.026403 0.070989 0.0039 0.094844 0.057719 0 0.147873 0.204639 0.193971 0.0382 0.024701 0.081049 0.385991 0.1994 0.222692 0.064312 0.093814 0.106504 0.189837 0 0 0 0 0 0.080742 0.215283 0.056839 0.0954 0.269485 0.173038 0.2861 0.320081 0.21299 0.080664 0.044427 0.039424 0.0169 0.000198 0.130519 0.1025 0.321537 0.240019 0.137261 0.196492 0.169462 0.3195 0.055
-9999 -9999 -9999 -9999 -9999 -9999 -9999 -9999 -9999 -9999 -9999 -9999 -9999 -9999 -9999 -9999 -9999 0 0.167134 0.141488 0.090331 0.141281 0.047631 0.229324 0.081163 0.072521 0.161668 0.044844 0.02909 8.5e-005 0.0475 0.114568 0.014094 0.0239 0.132411 0.061024 0.065564 0.215582 0.1046 0.214736 0.255001 0.034038 0.017865 0.148476 0.048458 0 0 0 0 0.14539 0.225467 0.039958 0.1034 0.427044 0.12766 0.41295 0.115361 0.1849 0.0191 0.0416 0 0 0.0089 0.056393 0.26837 0.216669 0.3003 0.237936 0.1908 0.4245 0.1484 0.132838
-9999 -9999 -9999 -9999 -9999 -9999 -9999 -9999 -9999 -9999 -9999 -9999 -9999 -9999 -9999 -9999 -9999 0.028906 0.066882 0.17874 0.124061 0.025443 0 0 0.000176 0.000348 0.013213 0.214947 0.077379 0.001518 0.343764 0.256747 0.0062 0.0173 0 0.090871 0.104383 0.307628 0.322887 0.1749 0.224579 0.083056 0.1484 0.081646 0.04241 0 0 0 0.000139 0.014454 0.09796 0.116511 0.064122 0.1841 0.0893 0.0075 0.0316 0.075 0.073772 0.018008 0.075544 0.136584 0.199448 0.277089 0.292963 0.086027 0.410888 0.399216 0.0886 0.202578 0.256621 0.25574
-9999 -9999 -9999 -9999 -9999 -9999 -9999 -9999 -9999 -9999 -9999 -9999 -9999 -9999 -9999 -9999 0 0.00548 0.003573 0.017721 0.101475 0.050193 0 0.0798 0.015531 0.071175 0.0794 0.0936 1.2e-005 0.00099 0.0012 0.0882 0 0.000287 0.185854 0.206027 0.200653 0.287147 0.121381 0.1955 0.265869 0.048891 0.013466 0.094852 0.167177 0.0632 0.0079 0 0 8e-006 0 0 0 0.043074 0.00014 0.062478 0.011831 0.1142 0.4847 0.130211 0.038589 0.084119 0.09858 0.035959 0.1028 0.11806 0.176384 0.2593 0.2826 0.320716 0.0158 0.173654
-9999 -9999 -9999 -9999 -9999 -9999 -9999 -9999 -9999 -9999 -9999 -9999 -9999 -9999 -9999 -9999 0 0.069032 0 0.016731 0 0.016121 0 0 0.080525 0.000534 0 0 0.04484 0.128071 0.023946 0.085939 0.006726 0.089413 0.318341 0.096669 0.2663 0.0447 0.064303 0.140385 0.124009 0.051631 0.055161 0.342574 0.235241 0.156036 0.0807 0 0 0 0 0 0.021253 0.133593 0.223614 0.444425 0.280815 0.105 0.053776 0.148176 0.034617 0.1968 0.29945 0.24067 0.214104 0.2081 0.234 0.1093 0.1842 0.3211 0.1927 0.36015
-9999 -9999 -9999 -9999 -9999 -9999 -9999 -9999 -9999 -9999 -9999 -9999 -9999 -9999 -9999 0 0 0 0 0 0.011743 0.012522 0.06597 0.000503 0 0 0 0.0292 0.0791 0.0105 0.077377 0.259267 0.102421 0.097466 0.227139 0.156071 0.110046 0.105508 0.046152 0.0062 0.032707 0.120769 0.07143 0.121736 0.039973 0.139199 0.117397 0.0357 0.0935 0.01877 0.2127 0.02518 0.208736 0.05602 0.249353 0.336452 0.6842 0.238 0.204854 0.063031 0.286424 0.024474 0.0559 0.071636 0.092494 0.168134 0.0189 0.264448 0.375856 0.073595 0.173105 0.2222
-9999 -9999 -9999 -9999 -9999 -9999 -9999 -9999 -9999 -9999 -9999 -9999 -9999 -9999 -9999 0 0 0 0 0 0 0 0.1692 0.000655 0 0 0 0.0029 0.0091 0 0.0012 0.100153 0.061019 0.073452 0.287524 0.103292 0.07688 0.15727 0.024567 0 0 0.039593 0.260826 0.098964 0.0292 0.010995 0.001804 0.300376 0.209548 0.107714 0.128048 0.064803 0.030826 0.057516 0.306491 0.195832 0.341072 0.105484 0.03227 0.147217 0.023002 0.0188 0.103 0.053228 0.061262 0.079786 0.111497 0.028284 0.05567 0.04093 0.2058 0.0348
-9999 -9999 -9999 -9999 -9999 -9999 -9999 -9999 -9999 -9999 -9999 -9999 -9999 -9999 -9999 0 0 0 0 0 0 0 0 0 0 4.9e-005 0.000677 0.004666 0.005511 0.198723 0.217618 0.040308 0.000199 0.163576 0.056715 0.156838 0 0 0.0033 0 0 0.01302 0.150232 0.149669 0.093968 0.240737 0.018593 0.242918 0.166935 0.14504 0.052411 0.0854 0.0661 0.0608 0.3934 0.191217 0.087978 0.0326 0.000785 0.14079 0.21125 0.05673 0.076404 0.101536 0.0157 0.050666 0.089672 0 0.006535 0.00205 0.0109 0.012333
-9999 -9999 -9999 -9999 -9999 -9999 -9999 -9999 -9999 -9999 -9999 -9999 -9999 -9999 -9999 -9999 0 0 0 0 0 0 0 0 1e-006 0.005965 0.014114 0.003428 0.022374 0.063563 0.436464 0.0045 0.0029 0.046324 0.18929 0.160441 0 0 0 0.049405 0 0 0 0.0013 0.019004 0.059508 0.148279 0.042981 0.061053 0.043112 0.200372 0.196337 0.0779 0.0537 0.189811 0.053916 0.049428 0 0.012648 0.144385 0.220036 0.121621 0.02324 0.0031 0 0.0864 0 0 0 0 0 0
-9999 -9999 -9999 -9999 -9999 -9999 -9999 -9999 -9999 -9999 -9999 -9999 -9999 -9999 -9999 -9999 0 0.084176 0.23045 0.0339 0 0 0 0 0 0.00108 0.003196 0.000107 0 0.0228 0 0.038 0.126116 0.09394 0 0 0 0 0.0083 0.274238 0.114044 0 0 0 0 0.0364 0.2037 0.0189 0.1457 0.039497 0.149853 0.17342 0.078292 0.126336 0.009801 0.261832 0.264112 0.1163 0.238757 0.405524 0.176801 0.241733 0.137241 0.0139 0.019085 0.006 0.047 0.059868 0.000392 0 0 0
-9999 -9999 -9999 -9999 -9999 -9999 -9999 -9999 -9999 -9999 -9999 -9999 -9999 -9999 -9999 -9999 0 0.009861 0.142076 0.09243 0 0 0 0 0 9.7e-005 0 1e-005 0.1204 0.0608 0.0644 0.041 0.0655 0.0755 0 0.019305 0.088873 0.051671 0.00396 0.003477 0.0697 0.0039 0 0 0 0 0 0 0.0851 0.040089 0 3.1e-005 0.1498 0.079304 0.065479 0.211208 0.144 0.1258 0.153011 0.432113 0.045869 0.296924 0.05799 0.072949 0.150589 0.095112 0.113631 0.079279 0 0 0 0
-9999 -9999 -9999 -9999 -9999 -9999 -9999 -9999 -9999 -9999 -9999 -9999 -9999 -9999 -9999 -9999 0 0 0.008677 0.2886 0.05 0 0 0 0 0 1e-006 0.0338 0 0 0.0893 0.0652 0.228097 0.077993 0 0.024098 0.075256 0.002444 0 0.050148 0 0 0 0 0 0 0 0.0017 0.0695 0.04109 0.011944 0.181282 0.033667 0.099422 0.072745 0 0.0729 0.1097 0.02052 0.119008 0.226439 0.275563 0.215994 0.237497 0.185253 0.076713 0.4665 0.0094 0 0 0 0.0232
-9999 -9999 -9999 -9999 -9999 -9999 -9999 -9999 -9999 -9999 -9999 -9999 -9999 -9999 -9999 0 0 0 0.078 0.2501 0.0775 0 0 0 0 0 0 0.0911 0.0377 0 0.0002 0.001738 0.074982 0.222887 0 0 0.030683 0 0 0.0033 0 0 0 0 0 0 0 0 0.018 0.0457 0 0.001792 0.026 0.071196 0.1219 0 0 0 0 0.0169 0.127025 0.060957 0.051962 0.1033 0 0.1584 0.1841 0.0579 0 0 0.09579 0.03285
-9999 -9999 -9999 -9999 -9999 -9999 -9999 -9999 -9999 -9999 -9999 -9999 -9999 -9999 -9999 0 0 0 0 0 0 0 0 -9999 -9999 -9999 0 0.022 0 0 0 0.060687 0.072977 0.03231 0.000443 0.038272 0.060999 0.0178 0 0 0.0023 0.0178 0 0.020675 0 0 0 0 0 0 0 0.009302 0.001985 0.032876 0 0 0 0 0 0 0.042764 0.083051 0.033363 0.0993 0.024703 0.306582 0.1913 0.0251 0.0498 0.1767 0.02839 0.00876
-9999 -9999 -9999 -9999 -9999 -9999 -9999 -9999 -9999 -9999 -9999 -9999 -9999 -9999 -9999 -9999 -9999 -9999 -9999 0 -9999 -9999 -9999 -9999 -9999 -9999 0 0 0 0 0.00452 0.003358 0.053195 0 0.000117 0 0 0 0 0 0 0.0477 0 0 0 0 0 0 0 0 0 0.000856 0 0 0 0 0 0 0 0.0004 0.103515 0.299295 0.000215 0.016764 0.137191 0.372867 0.216329 0.124896 0.0418 0.134821 0.263076 0.157172
