EnvRasters/GE_High/maize.asc
ncols         270
nrows         223
xllcorner     24099.479091542
yllcorner     21023.840179216
cellsize      1003.8986847201
NODATA_value  -9999
[rows 128 to 159 of 223, columns 144 to 215 of 270]
0.073412 0.132342 0.193168 0.194833 0.244736 0.199186 0.424636 0.175686 0.420834 0.750483 0.829827 0.554195 0.325041 0.120934 0.005761 0.012498 0.003131 0 0.000849 0.006689 0.199 0.071967 0.268557 0.083196 0.204304 0.108728 0.222171 0.25731 0.51962 0.449371 0.205917 0.564055 0.374728 0.471774 0.285803 0.41371 0.1885 0.231523 0.319444 0.153217 0.347317 0.446151 0.513182 0.219935 0.46202 0.38943 0.868422 0.544114 0.289557 0.202839 0.001568 0.390302 0.23336 0.124575 0.00037 0.0623 0.177221 0.108918 0.101345 0.048801 1.3e-005 0.000514 0.000268 0.226 0.742459 0.061764 0.006 0.000146 0.033918 0.000494 0 0
0.531346 0.267666 0.110471 0.460391 0.335475 0.321663 0.385594 0.459668 0.338924 0.012695 0.063547 0.108913 0.133608 0.01766 0.282257 0.274444 0.00341 0.001427 0.000834 0.029023 0.170227 0.258035 0.264156 0.002048 0.01397 0.254687 0.516566 0.187415 0.398204 0.18913 0.049988 0.515957 0.133136 0.405285 0.622003 0.512718 0.137529 0.300683 0.23948 0.332076 0.448912 0.282152 0.504246 0.480412 0.816038 0.660835 0.352008 0.056447 0.27701 0.285501 0.053172 0.062322 0.018491 0.251105 0.055039 0.3187 0.001718 0.00018 0.020361 0.067219 0 0 0.0663 0.4033 0.0067 0.009 0.0763 0.0566 0.0044 0.000264 0 0
0.443296 0.211138 0.524365 0.509366 0.396163 0.404338 0.498092 0.392509 0.354634 0.650154 0.38524 0.038937 0.135806 0.031184 0.113073 0.314703 0.363314 0 9.2e-005 0.095166 0.088264 0.093162 0.069 0.453917 0.190869 0.208536 0.188844 0.516478 0.238558 0.217119 0.223341 0.421646 0.611462 0.407158 0.297873 0.276501 0.397592 0.367521 0.057426 0.176577 0.567131 0.261193 0.302626 0.666102 0.18061 0.305682 0.068738 0.12134 0.065559 0.186696 0.153852 0.288561 0.002979 0.013 0.428 0.0361 0.0773 0 0.034411 0.00038 0 0 0.3655 0.2518 0 0 0 0 0 0.0333 0.00576 0
0.730213 0.276393 0.264279 0.506152 0.44765 0.597954 0.667671 0.573193 0.398721 0.759517 0.907087 0.755908 0.496316 0.059018 0.092605 0.261083 0.29217 0.008645 0.057536 0.145474 0.159648 0.12059 0.076243 0.110138 0.142427 0.311587 0.1227 0.3138 0.163442 0.538978 0.403705 0.135295 0.412971 0.350105 0.289499 0.281621 0.276886 0.441936 0.292533 0.191727 0.2646 0.3089 0.703188 0.451848 0.497863 0.265027 0.09225 0.063213 0.0507 0.205077 0.255073 0.045411 0.001165 0.053717 0.3346 0.0697 0 0 0 2.9e-005 0 0.014448 0.163092 0.0018 0 2.2e-005 0 0 0 0.0274 0.01 0
0.391369 0.18847 0.480146 0.520918 0.635714 0.620228 0.801247 0.637694 0.291639 0.273956 0.6414 0.167461 0.256127 0.314416 0.06672 0.500754 0.006614 0.000485 0.112943 0.14969 0.580764 0.529306 0.207572 0.497986 0.2829 0.717638 0.6316 0.47502 0.464018 0.637259 0.097401 0.025609 0.344714 0.311242 0.246466 0.594739 0.43098 0.476315 0.41449 0.26844 0.294968 0.491211 0.316822 0.334939 0.033713 4e-005 0 0.015726 0.150156 0.077715 0.0221 0.00014 0.003227 0.139627 0.1729 0.0304 0 0 0 0.000599 0.001407 0.175566 0.067937 0.020377 0.000198 0.003507 0.003374 0 0 0 0 0
0.206902 0.200138 0.566341 0.435222 0.247204 0.132309 0.247183 0.501198 0.283797 0.000473 0.036 0.267407 0.896528 0.330842 0.335303 0.046377 0.060217 0.283658 0.130517 0.014333 0.737431 0.800875 0.833861 0.944725 0.917628 0.682929 0.527 0.737323 0.200186 0.615569 0.327006 0.540307 0.139672 0.060945 0.126777 0.581368 0.655889 0.193662 0.271032 0.236895 0.268062 0.397 0.16739 0.119617 0.142 0.193084 0.197209 0.157324 0.004076 0 0 0.02291 0.005579 0.004252 0.095815 0.228545 0.0036 0.0011 0 0.000692 0.058929 0.14822 0.1551 0.39387 0.074393 0.078124 0.001447 0.0114 0 0 0 0
0.219655 0.605768 0.544167 0.161873 0.59551 0.458808 0.319944 0.504387 0.155677 0.049458 0.027906 0.194941 0.345305 0.131791 0.663794 0.578409 0.107932 0.311889 0.065138 0.072602 0.009206 0.025648 0.166571 0.797119 0.829518 0.777099 0.91685 0.585778 0.036299 0.2656 0.593622 0.491213 0.105641 0.019603 0.444949 0.244053 0.506403 0.219818 0.63493 0.745608 0.3403 0.18658 0.0585 0.051396 0.086152 0.186574 0.060536 0.0277 0.00998 0.002 0 0.000738 0.003277 5.7e-005 0 0.0672 0.1127 0.2093 0 0.116807 0.025293 0.28077 0.379086 0.377218 0.000157 0.030482 0 0.0021 0 0 0 0
0.384793 0.63545 0.590871 0.250165 0.586476 0.360718 0.604159 0.368231 0.272759 0.281646 0.414111 0.310017 0.462398 0.015088 0.421422 0.723402 0.49755 0.274175 0.092921 0.432557 0.487565 0.007583 0.085127 0.33194 0.67097 0.248607 0.52071 0.063463 0.4871 0.568761 0.908002 0.526211 0.117184 0.323516 0.433499 0.485477 0.224024 0.293724 0.159595 0.053658 0 0.062246 0.0256 0.278907 0.02399 0.110727 0.2411 0.0961 0.00295 0.172313 0.140448 0.023638 0.002398 0.000657 0 0 0.0108 0.0399 0.1488 0.436613 0.320162 0.123622 0.020585 0.068544 0.0725 0.0017 0.1044 0 0 0 0 0
0.367074 0.139075 0.369899 0.651568 0.52102 0.215369 0.331176 0.559442 0.306327 0.428979 0.484531 0.142483 0.383395 0.059925 0.447413 0.521181 0.282752 0.442646 0.216771 0.155926 0.483369 0.233708 0.285554 0.349158 0.325862 0.169811 0.089031 0.407546 0.351229 0.78954 0.586464 0.165824 0.270522 0.37193 0.290412 0.261776 0.671786 0.333923 0.101207 0.0006 0 0.014 0.0104 0.280898 0.113045 0.1342 0.0468 0.0025 0.0026 0.0164 0.051473 0 0 0 0 0 0.001176 0.083706 0.01318 0.272737 0.023131 0.00132 0 0.0091 0.0852 0 0.0125 0 0 0 0 0
0.196515 0.197368 0.370481 0.186964 0.145324 0.380754 0.574273 0.466356 0.404787 0.266293 0.509835 0.094468 0.116973 0.006062 0.422078 0.66836 0.69299 0.377734 0.03977 7.4e-005 0.020926 0.287045 0.209638 0.462905 0.36788 0.298954 0.289942 0.144348 0.338483 0.250285 0.315781 0.441393 0.594059 0.211061 0.360939 0.403933 0.616336 0.057581 0.23541 0 0 0.0534 0.003332 0.073822 0.107696 0.272024 0 0.0161 0.08691 0 0.042013 0 0 0 0 0 0.0027 0.048098 0.09906 0.002106 8.8e-005 0.0336 0.0606 0 0 0.0991 0 0 0 0 0 0.0126
0.064132 0.01721 0.201238 0.399966 0.394713 0.553876 0.613459 0.568255 0.36537 0.40231 0.400158 0.632538 0.421925 0.018908 0.676586 0.635322 0.391908 0.726043 0.270863 0.012611 0.102985 0.721576 0.531316 0.406685 0.228363 0.564341 0.618808 0.279099 0.506848 0.484136 0.055073 0.421887 0.429827 0.12503 0.189801 0.100765 0.454285 0.242653 0.147696 0.1145 0.0087 0.0921 0 0.097781 0.199202 0.228477 0.178363 0.097758 0.028611 0 0.000508 0 0 0 0 0 0.0534 0.042389 0.105507 0.00043 0.000282 0.107513 0.1312 0.00046 0.011 0 0 0 0 0 0 0.0515
0.219944 0.298545 0.3253 0.398478 0.489906 0.119811 0.270607 0.697779 0.532798 0.07154 0.433175 0.231457 0.210243 0.172321 0.167069 0.19744 0.496912 0.274367 0.278586 0.439156 0.000207 0.193457 0.507109 0.073035 0.357631 0.382202 0.45319 0.2149 0.528651 0.643079 0.048287 0.176619 0.512064 0.506223 0.23297 0.396038 0.249893 0.111972 0.163161 0.130966 0.1404 0.3481 0.1272 0.011225 0.0242 0.04492 0.0123 0.0305 0 0 0.000227 0 0.00012 0.07091 1e-006 0 0 2e-006 0.000125 0 0.056 0.038239 0.053078 0.0004 0.0298 0.0152 0 0 0 0 0 0.0122
0.339942 0.403613 0.357075 0.637943 0.597604 0.552455 0.406275 0.245498 0.051081 0.193578 0.721063 0.95105 0.501309 0.342881 0.099292 0.327272 0.400356 0.080474 0.050004 0.05665 0.013785 0.045837 0.375887 0.410564 0.303725 0.25472 0.283336 0.357123 0.4606 0.2745 0.06939 0.162152 0.25045 0.483265 0.099064 0.290438 0.295382 0.128188 0.219397 0.167635 0.2785 0.1344 0.000292 0.00509 0.109864 0.0842 0.0428 0 0.0356 0.134541 0.013878 0.000434 0.000553 0.207312 0.1463 0.135 0 0 0 0.0487 0 0.009899 0.021695 0 0.046728 0.074936 0.0135 0 0 0.0282 0.0612 0.0011
0.091834 0.125742 0.280736 0.141218 0.302572 0.134543 0.301217 0.182887 0.100224 0.092116 0.171998 0.4498 0.475269 0.765143 0.537403 0.590777 0.354204 0.052178 0.026268 0.041327 0.468558 0.437288 0.703818 0.568618 0.548774 0.206897 0.025471 0.002707 0.1558 0.33484 0.075696 0.367671 0.305708 0.26539 0.08222 0.000136 7.8e-005 0.162858 0.552942 0.1938 0.086715 0.0776 0.068163 0.028846 0 0 0.002964 0.066656 0.0814 0.119166 0.007063 0.053405 0.198354 0.586503 0.125925 0.1039 0 0 0.0119 0 4e-006 0.000454 0.035061 0.017257 0.2126 0 0 0 0 0.0024 0.0562 0.0071
0 0.047638 0.418533 0.44355 0.652981 0.043285 0.162338 0.253031 0 0.042579 0.250492 0.0741 0.1033 0.2379 0.569692 0.759652 0.50825 0.275983 0.153229 0.16707 0.001796 0.416407 0.460254 0.397894 0.355 0.002598 0.315722 0.552734 0.321627 0.230343 0.2063 0 0.005555 0.351878 0.051251 0.053514 0.228147 0.128598 0.097627 0.000317 0.167243 0.229639 0.196054 7.3e-005 0.01322 0.03467 0.095447 0.040678 0.1049 0.0324 0 0.134456 0.118526 0.000272 0.002127 0.0663 0.147498 0 0.0726 0 0.0254 0 0.002913 0.007296 0.2351 0.1581 0.0045 0 0 0 0.0001 0.0769
0 0 0.279051 0.318358 0.147473 0.29393 0.00056 0 0 0.02882 0.425706 0.635544 0.2699 0.0067 0.025528 0.201221 0.362975 0.140714 0.416811 0.543939 0.229052 0.110342 0.087514 0.0369 0.122006 0.075447 0.441982 0.263372 0.096539 0.063579 0.298731 0 0.013426 0.12777 0.09804 0.201446 0.239699 0.041747 0.114319 0.021067 0.012236 0.150649 0.054629 0 0.082192 0.123575 0.220141 0.1266 0.0459 0.157894 0.000557 0.091424 0.038183 0 0 0 0.300517 0.135789 0 0.049262 0.009 0 0 0 0.1607 0.3465 0.0096 0 0 0 0 0.037
0.0242 0.0538 0.023176 0.1036 0.1174 0.0103 0 0 0 0.04965 0.002173 0.028272 0.000558 0.099485 0.56224 0.00207 0.000311 0.429211 0.18003 0.414096 0.415949 0.260699 0.283007 0.141042 0.36862 0.000717 0 0.010821 0.154653 0.003363 0.048991 0.104674 0.450526 0.135657 0.004667 0.01452 0.031184 0.000141 0.014245 0.028408 0.042706 0.021792 0.002407 0.092935 0.013046 0.333924 0.661684 0.660859 0.039015 0.120021 0.146686 0.122743 0.000689 0 0.1708 0.2018 0.1032 0.121915 0.046 0 0 0 0.0159 0.0294 0.0176 0.0921 0.0216 0 0 0 0 0
0.055985 0.3857 0.801033 0.369729 0.4736 0.1906 0.167687 0.025385 0.027703 0.117543 0.125862 0.535985 0.153796 0.033605 0.084991 0.196 0.3012 0.784601 0.158945 0.655781 0.496618 0.659097 0.24887 0 0.132484 0.115029 0.000328 0.004401 0.284849 0.101878 0.063248 0.090396 0.016856 0.000198 1e-006 0 0 0 0.00163 0.001246 0 0 0.013487 0.316569 0.348545 0.632458 0.671168 0.614039 0.149575 0.020683 0.2971 0.315715 0.2118 0.156 0.1683 0.175353 0.141443 0.007373 0 0.062582 0.229713 0.0587 0.0116 0.0444 0 0.2053 0.0295 0 0 0 0 0
0.047689 0.0427 0.216592 0.725086 0.212114 0.68909 0.163549 0.034533 0.000297 0.233333 0.077089 0.422445 0.104323 0.013274 0.0369 0.2144 0.4188 0.494 0.648871 0.592453 0.275372 0.465156 0.081945 0.031086 0.332548 0.146708 0.034199 1.3e-005 0.205796 0.040222 0.080722 0.0046 0 0 0 0.0176 0.0644 0 0 0 0 0.0744 0.001321 0.435904 0.761051 0.628182 0.72737 0.179549 0.055491 0.180114 0.29129 0.070783 0.1136 0.3673 0.257 0.1719 0.232187 0.297893 0.113123 0.229144 0.182997 0.0333 0.0138 0.0773 0.137976 0.027246 0.0363 0 0.000696 0 0 0
0.0136 0 0.112 0.511268 0.270364 0.220504 0.081033 0.272211 0.605124 0.568937 0.136831 0.00916 0.128234 0.027427 0.108306 0.210289 0.696349 0.427835 0.516787 0.408385 0.735459 0.40205 0.1013 0.028281 0.429578 0.015126 0.00318 0.01196 0.283206 0.088253 0.065712 0.079 0 0 0 0.1289 0.0685 0.0574 0 0 0 0.03961 0.19297 0.545217 0.706135 0.561937 0.138278 0.0069 0.0735 0.0987 0.059095 0.051924 0.37812 0.1909 0.0745 0.321556 0.483985 0.170202 0.088989 0.092012 0.005028 0.0135 0.2445 0.397455 0.281096 0.173537 0.260939 0 1e-006 0.00042 0.018172 0.01124
0 0.0627 0.1541 0.000863 0.063509 0.229432 0.038548 0.228294 0.644276 0.404318 0.125451 0.030712 0.034212 0.099245 0.101818 0.334025 0.433967 0.182647 0.187338 0.660478 0.508029 0.381499 0.3989 0.349468 0.235532 0 0.164514 0.173073 0.379759 0.122682 0.015431 0.1328 0.0789 0.0453 0.0016 0.0517 0 0 0 0.0384 0 3.6e-005 0.018887 0.283435 0.052251 0.076288 0.000297 0.068383 0.214834 0.310714 0.5398 0.127276 0.103797 0.041 0 0.055088 0.096269 0.059346 0 0.000154 0.000291 0.000246 0.238859 0.091758 0.21064 0.032835 0.047911 0.031 0.002683 0.110888 0.042849 0.041668
0.0423 0 0.0151 0.000139 0.003221 0.006647 0 0 0 0.001548 0.032759 0.08701 0.185961 0.077063 0.042045 0.146674 0.067645 0.021385 0.166498 0.70479 0.769456 0.3097 0.2273 0.071971 0.001765 0 0.042009 0.01857 0.232667 0.086505 0.005329 0.000763 0 0.0561 0.0427 0.0042 0 0 0 0.0278 0.008564 0.000344 3.9e-005 0.002387 0.073994 0 0.0613 0.0534 0.1806 0.0968 0.344624 0.274684 0.434854 0.249002 0.0499 0.060439 0.030104 0 0 0 0 0 0.327769 0.299165 0.27728 0.000175 0.0561 0.1869 0.003845 0.448029 0.192954 0.038937
0.0087 0 0 0 3.7e-005 0 0 0 0.003161 0.008842 0.008572 0.040416 0.034598 -9999 0.015735 0.056409 0.00101 0.021201 0.056753 0.074021 0.172279 0.254509 0.237628 0.119094 0.034159 0.006381 0 0.000396 0.046011 0.077098 0.089165 0.000609 0 0 0.0925 0.3306 0.008184 0.001216 0.2534 0.189049 0.095154 0.11473 0.122138 0.28089 0.062455 0.001751 0.094531 0.118685 0.0138 0.1545 0.282479 0.230189 0.522179 0.082046 0 0 0 0 0 0 0 5.7e-005 0.202094 0.129691 0.110238 0.0072 0.029942 0.0566 0.164292 0.12193 0.259376 0.337981
0 0 0.09014 0.093398 0.098684 0.390621 0.154475 0.174515 0.042188 0.05214 0.004534 0.002398 -9999 -9999 -9999 -9999 -9999 0.000647 0.009315 0.019752 0 0.0229 0.301 0.11433 0.028169 0.001342 0 0.0844 0.2227 0.0738 0.122019 0 0 0 0 0.0987 0.0556 0.025439 0.3521 0.1734 0.1693 0.3504 0.4198 0.4374 0.192386 0.078112 0.229453 0.162401 0 0.363869 0.134214 0.315177 0.393056 9.4e-005 0 0 0 0 0 0 0 0 0.001416 0.42527 0.334314 0.0307 0.137778 0.2161 0.1038 0.117369 0.499862 0.167134
0 0.142212 0.394832 0.139239 0.468152 0.162488 0.196486 0.091704 0.267792 0.069825 -9999 -9999 -9999 -9999 -9999 -9999 -9999 0 0.000298 0.000234 0 0.0158 0.0604 0.4341 0.2779 0.176666 0.326332 0.140309 0.10877 0.356506 0.0769 0 0 0 0 0 0 0.074895 0.1909 0 0.0456 0.096 0.139946 0.48315 0.828409 0.115301 0.015303 0.059664 0.023048 0.143972 0.0317 0.058162 9.2e-005 0 0 0 0 0 0 0 0 0 0.1507 0.1047 0.0371 0 0.1331 0.0192 0.0056 0.1608 0.3042 0.565005
0.1078 0.0503 0.131767 0.365015 0.383391 0.383558 0.54446 0 0.528195 -9999 -9999 -9999 -9999 -9999 -9999 -9999 0 0.0417 0.051977 0.056005 0.009801 0.0663 0.0306 0.369249 0.24545 0.290149 0.297248 0.47133 0.496187 0.7029 0.1343 0.0954 0.09558 0 0.1456 0.031032 0.116955 0.243307 0.093365 0.017005 0.0405 0.0639 0.313936 0.098788 0.023752 0.377616 0.232539 0.001801 0.057565 0.128184 0.08452 0.005527 0 0 0 0 0 0 0 0 0 0 0.1578 0.2665 0.036728 0.082787 0.047954 0.2548 0.2007 0.4546 0.13 0.105018
0.221548 0.0832 0.205653 0.520424 0.846845 0.501772 0.293698 0.088129 0.081067 -9999 -9999 -9999 -9999 -9999 -9999 -9999 0.0001 0.163365 0.212873 0.429654 0.3894 0.113234 0.04596 0.409346 0.472279 0.515076 0.103406 0.198476 0.200077 0.379791 0.0447 0.131 0.0104 0 0.116018 0.023199 0.114814 0.156239 0.057 0.017 0 0 0.1717 0.191136 0.0217 0.045393 0.046244 0.000377 0.041958 0.0006 8.3e-005 0 0 0 0 0 0 0 0 0 0 0.056 0.4606 0.5129 0.084829 0.127647 0.573295 0.257404 0.201847 0.478608 0.206768 0.243715
0.697641 0.2981 0.149852 0.491666 0.303364 0.253471 0.441294 0.045819 0 -9999 -9999 -9999 -9999 -9999 -9999 0 0 0.230931 0.519518 0.437803 0.326263 0.547393 0.170724 0.086445 0.330723 0.234355 0.2392 0.2421 0.4949 0.228863 0.0413 0 7.2e-005 0.0138 0.028331 0.231573 0.132838 0.018513 0.069226 0.043225 0.011 0.0638 0.4324 0.353389 0.046441 0.1142 0.2034 0 0.000389 0.000386 0.000178 0 0 0 0 0 0 0 0 0 0.092371 0.2882 0.2743 0.3003 0.7485 0.4516 0.4608 0.2505 0.0849 0.141 0.0815 0.0185
0.6009 0.1126 0.06182 0.171719 0.028244 0.227205 0.0159 -9999 -9999 -9999 -9999 -9999 -9999 -9999 0 0 0 0.203455 0.170722 0.203617 0.114034 0.515639 0.277595 0.0319 0.798782 0.2204 0.1476 0.150071 0.058826 0.131332 0.0154 0.0671 0.080062 0.045 0.0859 0.1827 0.239874 0.287709 0.190099 0.024005 0.155048 0.244003 0.442721 0.381502 0.197838 0.038002 0.070879 0 0 0 0 0 0 0 0 0 0 0 0 0 0 0.228724 0.0389 0.0297 0.301466 0.259502 0.0422 0.2819 0.012003 0 0.073371 0.017869
0.3184 0.209 0.16662 0.009792 0.07815 -9999 -9999 -9999 -9999 -9999 -9999 -9999 -9999 -9999 0 0 0 0.009876 0.247722 0.102959 0.03184 0.0925 0.2259 0.156205 0.40357 0.0151 0.08281 0.289582 0.197823 0.199898 0.136734 0.186043 0.2181 0.1726 0.0181 0.070411 0.1885 0.190548 0.011692 0.015594 0.282434 0.127946 0.012147 0.078555 0.022879 0.119511 0.1028 0.1057 0.0102 0.0528 0.047 0 0 0 0 0 0 0 0 0.0041 0.1072 0.044 0.135 0.001623 0.10379 0.36202 0.281379 0.001773 0 0.001315 0.142821 0.006895
8e-006 0.062 0.0781 0 0 -9999 -9999 -9999 -9999 -9999 -9999 -9999 -9999 -9999 0.0079 0.177675 0 0 0.000125 0 0 0 0.0037 0.121559 0.2405 0.5247 0.2257 0.032748 0.139501 0.044448 0.040956 0.18584 0.149287 0.063201 0.239372 0.139157 0.163039 0.036267 0.027488 0.115497 0.304122 0.153213 0.266772 0.012501 0.063737 0.003645 0.294907 0.00209 0.179316 0.345916 0.0253 0 0 0 0 0 0 0 0 0.029433 0.149102 0 0.0057 0.1168 0 0.053653 0.004971 0.001267 0 0.046272 0.015976 0.15762
0 0 0 0 -9999 -9999 -9999 -9999 -9999 -9999 -9999 -9999 -9999 0 0.1147 0.127 0.2715 0.0202 0 0 0 0 0 0.14197 0.359318 0.12139 0.1327 0.046042 0.126664 0.091641 0.074632 0.0424 0.137239 0.13505 0.4378 0.245059 0.016731 0.030695 0.024654 0.006669 0.189188 0.298739 0.076085 0.0565 0 0.000819 0.274397 0.012615 0.0048 0.030662 0 0 0 0 0 0 0 0 0 0 0 0 0 0 0 0.134569 0.053491 0 0.0023 0.1337 0.0496 0.465769
