EnvRasters/GE_High/maize.asc
ncols         270
nrows         223
xllcorner     24099.479091542
yllcorner     21023.840179216
cellsize      1003.8986847201
NODATA_value  -9999
[rows 32 to 63 of 223, columns 72 to 143 of 270]
0.443751 0.22768 0.534816 0.568681 0.655835 0.520347 0.636595 0.451527 0.647586 0.655834 0.236478 0.47137 0.549789 0.102357 -9999 -9999 -9999 -9999 0.038122 0.313033 0.191578 -9999 0.15357 0.028061 0.005389 0.599604 0.489362 0.447099 0.517522 0.305458 0.290021 0.575545 0.347353 0.427708 0.310095 0.31372 0.018161 0.291765 0.38578 0.362851 0.214094 0.05607 0.288186 0.393086 0.358543 0.005811 0.004991 0.008087 0.17089 0.270107 0.025166 0.032396 0 0 0 0 0 0 0 0 0 0.021942 0.184914 0.078298 0.119296 0.080597 0.007407 9.8e-005 0.146751 0.053864 0.169478 0.360656
0.620555 0.479682 0.640561 0.513347 0.497397 0.555344 0.466215 0.554116 0.512004 0.733295 0.614521 0.308617 0.741041 0.35942 0.028317 0.18697 0.602438 0.346932 0.278983 0.518394 0.040182 0.010848 0.523923 0.478608 0.633676 0.518527 0.531766 0.650374 0.585348 0.180444 0.075428 0.229778 0.342063 0.292759 0.194187 0.068498 0.070455 0.159789 0.400422 0.470172 0.272355 0.218573 0.590176 0.353236 0.021766 0.00251 0.212405 0.205793 0.262391 0.198126 0.120178 0 0 0 0 0 0 0 0 0 0.001 0.112988 0.049325 0.124315 0.223102 0.185001 0.252164 0.370386 0.009364 0.003724 0.184445 0.187722
0.513766 0.313832 0.534984 0.457262 0.439488 0.580323 0.450459 0.519541 0.55557 0.598245 0.667333 0.287697 0.307507 0.02824 0.015998 0.157589 0.307962 0.44016 0.508256 0.378994 0.166423 0.386655 0.314951 0.217104 0.385571 0.335972 0.185321 0.292942 0.264429 0.374474 0.076491 0.048268 0.312884 0.243991 0.40686 0.204724 0.246816 0.244623 0.333923 0.455319 0.308393 0.190793 0.488396 0.050981 0.192598 0.357841 0.277955 0.312395 0.349765 0.202383 0.15448 0.023214 0 0 0 0 0 0 0 0 0 0.019882 0.193917 0.18046 0.012325 0.199449 0.203284 0.147296 0.026288 0.081763 0.093457 0.123068
0.476394 0.470616 0.390506 0.502847 0.391036 0.220728 0.246705 0.590541 0.54212 0.642535 0.355656 0.53895 0.180128 0.016154 0.078342 0.070169 0.123449 0.196132 0.449461 0.32831 0.402921 0.293786 0.26381 0.414155 0.428381 0.671813 0.721679 0.557076 0.277564 0.387157 0.158428 0.258967 0.356176 0.409614 0.13301 0.356385 0.384807 0.408068 0.599429 0.328544 0.164489 0.269026 0.242233 0.447094 0.362759 0.430409 0.433946 0.30536 0.3784 0.163818 0.006704 0 0 0 0 0 0 0 0 0.101387 0.056955 0.082926 0.07909 0.140788 0.08614 0.136444 0.011757 0.202032 0.173542 0.042886 0.229278 0.059882
0.35625 0.086617 0.115092 0.306192 0.532687 0.307186 0.358271 0.5275 0.504199 0.280611 0.173564 0.372025 0.081248 0 0.00792 0.004806 0.061935 0.228322 0.371568 0.429443 0.269681 0.056235 0.450706 0.392339 0.549938 0.318803 0.286458 0.145618 0.19443 0.118231 0.487149 0.495711 0.322162 0.339655 0.305236 0.204717 0.367894 0.215724 0.382672 0.245311 0.254382 0.194586 0.130594 0.368183 0.189695 0.336153 0.488566 0.4556 0.340302 0.295642 0.010546 0 0 0 0 0 0 0 0 0.142765 0.351144 0.150557 0.199873 0.243746 0.240741 0.342866 0.228479 0.084121 0.119296 0.088712 0.220632 0.193305
0.551236 0.299782 0.194182 0.41236 0.38963 0.293604 0.439732 0.526966 0.25169 0.085061 0.208168 0.157505 0.254486 0.022295 0 0.014856 0.420836 0.148559 0.127091 0.259165 0.264626 0.23536 0.156394 0.026695 0.093953 0.501601 0.31906 0.156158 0.22049 0.300291 0.501685 0.535075 0.310814 0.379201 0.297535 0.261496 0.146367 0 0.023817 0.077751 0.088772 0.021228 0.031286 0.299782 0.237225 0.438487 0.274442 0.406299 0.298968 0.212457 0 0 0 0 0.000289 0 0 0 0 0 0.120085 0.630312 0.440817 0.206278 0.070806 0.324072 0.348471 0.338783 0.167669 0.054235 0.249235 0.314084
0.370908 0.325222 0.490045 0.559363 0.567511 0.654052 0.591939 0.502791 0.615861 0.703619 0.434578 0.229491 0.083107 0 0 0.242558 0.552506 0.154789 0.415821 0.383563 0.636989 0.657881 0.535744 0.271726 0.612513 0.71601 0.431519 0.138617 0.543238 0.676084 0.619153 0.279419 0.251896 0.131037 0.447241 0.237183 0.041039 0 0.000156 0.018377 0.244605 0.239002 0.263899 0.525467 0.393168 0.527163 0.415924 0.473886 0.358269 0.018831 0 1.6e-005 0 0 0.003655 0 0.014474 2.7e-005 0.023712 0 2.2e-005 0.129315 0.079647 0.07903 0.264673 0.273244 0.481358 0.475553 0.341317 0.151882 0.097534 0.01489
0.081441 0.180822 0.628004 0.351992 0.473923 0.458881 0.33003 0.057277 0.212255 0.425517 0.057784 0.26044 0.006088 0.04421 0.025432 0.306919 0.305498 0.585969 0.588788 0.381884 0.309944 0.717623 0.492932 0.531808 0.584746 0.634133 0.398458 0.318147 0.300835 0.374705 0.083839 0.337538 0.214127 0.303553 0.344681 0.219997 0.083534 0.00099 0 0.037133 0.273303 0.229135 0.384784 0.366891 0.468422 0.530071 0.558711 0.554929 0.403136 0.064482 0.0117 0.000177 0.06348 0.023375 0.026819 0.038431 0.023213 0.004455 0.091195 0.009068 0.025232 0.152044 0.163239 0.115231 0.251121 0.529583 0.542841 0.537228 0.069852 0.038621 0 0.045256
0.296357 0.168 0.417699 0.308325 0.404657 0.452414 0.479477 0.34576 0.66433 0.280775 0.055953 0.09262 0.00896 0.077992 0.224086 0.388768 0.340118 0.333933 0.179659 0.000403 0.001223 0.146575 0.179358 0.502724 0.128281 0.305311 0.275717 0.463787 0.477171 0.543321 0.218199 0.275931 0.408732 0.186764 0.18748 0.266783 0.135563 0.148587 0.092402 0.021661 0.194211 0.342027 0.296211 0.395679 0.406827 0.546761 0.69732 0.489066 0.106217 0.000107 0.010884 0.001742 0.125154 0.303632 0.080834 0.233027 0.506998 0.155025 0.14001 0.004788 0.00603 0.183246 0.17546 0.266366 0.388158 0.165734 0.115476 0.204417 0.015807 0.000462 0.052411 0.090281
0.466737 0.605091 0.406933 0.267129 0.322088 0.148238 0.590523 0.777233 0.467499 0.103067 0.215891 0.197839 0.048112 0.006197 0.383079 0.483359 0.537385 0.566152 0.42021 0.415164 0.408258 0.457648 0.389726 0.308731 0.342235 0.512753 0.289142 0.703818 0.590188 0.577381 0.307852 0.361872 0.16164 0.162975 0.230039 0.46179 0.190258 0.252857 0.05522 0.096786 0.039123 0.029453 0.217666 0.249468 0.375792 0.604199 0.495233 0.300553 0.044927 0.001471 0.000343 0 0.007523 0.095533 0 0.212345 0.39102 0.381369 0.004576 0.0152 0.175974 0.113304 0.418003 0.363995 0.420519 0.116273 0.010224 0.009412 0.029393 0.15995 0.212284 0.060225
0.348428 0.635083 0.57367 0.398565 0.210416 0.151726 0.565636 0.531994 0.463119 0.230004 0.267453 0.128528 0.001188 0.019316 0.653213 0.660482 0.40889 0.283355 0.177892 0.543394 0.392556 0.247311 0.40798 0.420074 0.434759 0.663063 0.220492 0.51984 0.466187 0.683834 0.352574 0.370356 0.06925 0.149687 0.256317 0.226983 0.163447 0.208705 0.434786 0.501839 0.583151 0.065408 0.0078 0.029399 0.34637 0.44591 0.097572 0.199397 0.067592 0.010316 0.027434 0.094267 0.444067 0.265393 0.018826 0.238028 0.513018 0.252336 0.032347 0.010716 0.019775 0.016054 0.114526 0.129519 0.242096 0.36644 0.010052 0 6.5e-005 0.296993 0.238159 0.446762
0.372494 0.404588 0.372534 0.418537 0.347196 0.255934 0.469612 0.308795 0.072783 0.168687 0.032492 0.000291 0.071676 0.279308 0.439129 0.416306 0.351428 0.24877 0.276901 0.534842 0.510245 0.364128 0.217594 0.314441 0.502891 0.492602 0.134188 0.028 0.205726 0.314841 0.298739 0.333753 0.103588 0.000192 0.010322 0.082126 0.557504 0.442251 0.356245 0.415608 0.298786 0.028964 0.001552 0.02802 0.121994 0.077868 0 0.010868 0.031258 0.0739 0.190265 0.165428 0.343313 0.212105 0.171291 0.297673 0.3749 0.300084 0.111873 0.008497 0.055609 0.1006 0.07059 0.266261 0.287719 0.152671 0.047551 0.039032 0.065147 0.386371 0.531636 0.569571
0.32405 0.114719 0.170124 0.723438 0.424333 0.462103 0.232527 0.007065 0.037608 0.020604 0 0.101653 0.184924 0.194241 0.245885 0.41635 0.321069 0.645715 0.402539 0.394576 0.409814 0.354255 0.385385 0.448749 0.355811 0.147465 0.039571 0.006307 0.011778 0.352349 0.349042 0.435651 0.117595 0.149978 0.011138 0.157646 0.05856 0.03015 0.119273 0.11946 0.119435 0.029276 0.005048 0.028583 0.145766 0.029394 0.006826 0.104963 0.138873 0.0351 0.117132 0.03549 0.080528 0.024454 0.205972 0.249635 0.373039 0.310084 0.336972 0.198845 0.483868 0.276242 0.291157 0.274605 0.306401 0.066288 0.041525 0.279757 0.304785 0.302469 0.403636 0.400767
0.178302 0.345825 0.135586 0.304087 0.183355 0.204094 0.201353 0.003682 0.000988 0 0.00011 0.005403 0.232062 0.332471 0.318244 0.156219 0.07396 0.215251 0.284783 0.358291 0.23618 0.440273 0.520309 0.417364 0.279542 0.114206 0.001016 0.001455 0.01916 0.085331 0.388161 0.127839 0.273383 0.136258 0.164033 0.135514 0.080345 0.02751 0.127295 0.102117 0.06331 0.1445 0.112122 0.169062 0.085552 0.157645 0.046783 0.366407 0.208142 0.040283 0.020469 0 0.038304 0.008843 0.185591 0.044102 0.1113 0.414457 0.224236 0.189024 0.283752 0.329055 0.202612 0.193023 0.103713 0.094124 0.191015 0.448453 0.257983 0.31615 0.497007 0.253917
0.146249 0.167217 0.038371 0.063679 0.095313 0.026556 0.001615 0 0 0 0.009877 0.103803 0.106336 0.280756 0.168811 0.010625 0.122558 0.149056 0.337839 0.581683 0.549623 0.179346 0.458904 0.478735 0.325713 0.215033 0.186867 0.010312 0.001854 0.032482 0.252901 0.475937 0.369504 0.350013 0.240359 0.193287 0.014938 8e-006 0.048989 0.129332 0.079791 0.147798 0.109851 0.030718 0 0.001567 0.090386 0.420154 0.270489 0.248061 0.006726 0.00096 0 0 0.03465 0.239108 0.187621 0.480688 0.309008 0.371571 0.507012 0.276526 0.000437 2.8e-005 0.08576 0.23988 0.099597 0.219575 0.284034 0.267551 0.007006 0.403749
0.535882 0.362456 0.031866 0.218879 0.089179 0.038396 0.010393 0.000585 0 0 0.025244 0.14619 0.026656 0.155055 0.230403 0.171796 0.259992 0.267089 0.430256 0.279595 0.4831 0.325302 0.409524 0.720253 0.297984 0.497899 0.547046 0.03382 0.068843 0.253454 0.23832 0.18741 0.597245 0.542289 0.394002 0.473036 0.381285 0.017558 0.206394 0.232096 0.023383 0.150993 0.18165 0.05895 0.191111 0.164866 0.168562 0.1064 0.286211 0.25784 0.025773 0.006152 0 0 0 0 0 0.04575 0.109949 0.121853 0.201015 0.027109 0.003384 0.049672 0.11732 0.170359 0.155823 0.261022 0.25246 0.331967 0.199873 0.23136
0.284098 0.354914 0.51836 0.100697 0.021651 0 0.000392 3.6e-005 0 0 0.001846 0.009371 0.049975 0.096999 0.317966 0.362411 0.159754 0.425429 0.28277 0.176407 0.544234 0.605335 0.593871 0.631295 0.560257 0.621003 0.559354 0.397919 0.695722 0.144164 0.032506 0.03581 0.517823 0.391474 0.171701 0.259364 0.286342 0.260764 0.431371 0.226795 0.082373 0.0642 0.253712 0.379409 0.46809 0.724022 0.336836 0.046473 0.140788 0.037405 0.109525 0.06976 0.001395 0 0 0.035046 0.262152 0.000264 0.068121 0.074714 0.001829 0.002707 0.082522 0.117968 0.161382 0.167871 0.276104 0.221038 0.245158 0.351486 0.490324 0.364826
0.299495 0.159195 0.212072 0.212308 0.000166 0.000482 0 0 0 0 0 0 0.123321 0.09938 0.160258 0.194898 0.281972 0.420278 0.297831 0.235266 0.45192 0.47593 0.383872 0.60897 0.57861 0.599782 0.509502 0.238397 0.283663 0.017129 9.6e-005 0.070381 0.40076 0.335789 0.364845 0.451126 0.263193 0.280809 0.101641 0.482426 0.067574 0.179831 0.271878 0.543889 0.248162 0.3672 0.352514 0.148943 0.184114 0.022461 0.225199 0.241186 0.002511 0.000663 0.000289 0.222589 0.257697 0.128801 0.015025 0.007424 0.074886 0.099089 0.14675 0.05482 0.045561 0.087288 0.293346 0.170997 0.084591 0.360637 0.289621 0.20559
0.292937 0.290453 0.287696 0.138417 0.000973 0.000798 0 0 0 0 0 5.6e-005 0.033166 0.021542 0.099769 0.077471 0.289644 0.28807 0.412146 0.417316 0.36476 0.419511 0.457206 0.605449 0.339823 0.516118 0.382333 0.372879 0.195448 0.342288 0.093566 0.328839 0.37091 0.487565 0.114801 0.131342 0.274188 0.180932 0.140937 0.380114 0.068858 0.001428 0.195998 0.515901 0.242753 0.385011 0.415226 0.121006 0.54382 0.237648 0.183473 0.079589 0 0.019504 0.034365 0.001584 0.449394 0.263345 0.097194 0.005853 0.075807 0.022072 0.106513 0.019384 0.047915 0.251181 0.260001 0.103729 0.141787 0.207907 0.490917 0.061177
0.418978 0.3416 0.078935 0.007156 0.0041 0.000315 0 0 0 0 0 0.06648 0.260315 0.114149 0.029784 0.11598 0.352261 0.24071 0.415507 0.414195 0.263761 0.38563 0.311178 0.397077 0.072597 0.197363 0.092027 0.369714 0.291865 0.465916 0.44393 0.340842 0.080991 0.133387 0.075221 0.165274 0.078731 0.057362 0.040619 0.12804 0.103576 0.181523 0.151404 0.286448 0.513687 0.399732 0.322061 0.21667 0.350907 0.358781 0.375769 0.168367 0.026006 0.00099 0.14435 0.27509 0.199946 0.050144 0.04495 0 0.037286 0.053125 0.000497 0.061382 0.11167 0.085332 0.198097 0.237108 0.389349 0.284792 0.21454 0.111969
0.15968 0.170265 0.239188 0.240549 0.085023 0.08594 0 0 0 0 0 7e-005 0.122927 0.045625 0.049571 0.352767 0.505423 0.187318 0.178284 0.176477 0.27815 0.253422 0.135908 0.395289 0.367862 0.187304 0.054202 0.361493 0.238582 0.577749 0.483593 0.091871 0.286225 0.042306 0.013926 0.12939 0.054139 0.083936 0.021466 0.08155 0.160949 0.410073 0.355256 0.472397 0.506007 0.179901 0.101849 0.372141 0.340023 0.468406 0.119332 0.229196 0.156667 0.098381 0.363432 0.459125 0.337092 0.062115 0.001936 0.006656 0.003955 0 0.0003 0.01878 0.174057 0.030493 0.170827 0.188732 0.223603 0.299085 0.402893 0.217742
0.09924 0.011764 0.130464 0.429903 0.065606 0.015286 0 0 0 0.018773 0 0 0.094504 0.135672 0.071309 0.047751 0.265681 0.076294 0.136969 0.309347 0.304573 0.04211 0.060886 0.066311 0.314464 0.072578 0.125609 0.26303 0.339643 0.596938 0.167101 0.171031 0.225636 0.029803 0.0003 0.003488 0.103128 0.153314 0.19124 0.092688 0.044531 0.181605 0.379635 0.412647 0.227675 0.052949 0.207945 0.267401 0.102177 0.485923 0.159108 0.564386 0.083653 0.40998 0.511738 0.441268 0.186057 0.009067 0.073762 0.1642 0 0 0 0.035576 0.0294 0.064547 0.13182 0.265733 0.094022 0.228017 0.168389 0.406965
0.003366 0 0.030195 0.099191 0.000869 0.085968 0.007788 0.006199 0 0.000118 0 0 0.000882 0.202271 0.172094 0.403666 0.188903 0.296143 0.173586 0.27364 0.3659 0.212969 0.148177 0.102573 0.16645 0.095534 0.232771 0.000209 0.10996 0.430264 0.044302 0.22403 0.271608 0.298055 0.006675 0.0065 0.139227 0.120712 0.185459 0.23462 0.337286 0.247105 0.365643 0.114853 0.314964 0.377592 0.429406 0.383463 0.140947 0.402876 0.312 0.385034 0.14221 0.357506 0.439611 0.513136 0.487456 0.469318 0.304981 0.099638 0 0 0 0.015738 0.003319 0.038756 0.003998 0.087942 0.097005 0.207736 0.237824 0.359822
0 8.7e-005 0.033432 0.285837 0.148828 0.213834 0.065563 1e-005 0 0.001588 0.001333 0.002055 0.017243 0.110294 0.22221 0.246827 0.256878 0.230867 0.042172 0.05452 0.104302 0.090999 0.055918 0.079557 0.076166 0.069264 0.144411 0.111534 0.262046 0.184361 0.388941 0.329609 0.07012 0.048802 0.212469 0.053676 0.259568 0.408114 0.39438 0.428133 0.047178 0.051378 0.136374 0.174846 0.096498 0.397186 0.51152 0.250547 0.298221 0.212154 0.111 0.138577 0.046752 0.209308 0.4366 0.416949 0.335855 0.355913 0.071384 0.050103 0 0 0 0.082864 0.118959 0.032435 0.012377 0.01902 0.005594 0.072281 0.159396 0.281692
0.072211 0.169971 0.119047 0.271579 0.260331 0.274892 0.282523 0.000502 0.003461 0.013437 0.026723 0.016082 0.060039 0 0.040133 0.075518 0.236258 0.287449 0.005552 0 0.020017 0.150453 0.09096 0.062986 0.13785 0.091645 0.092878 0.112718 0.175074 0.294759 0.4434 0.170694 0.385831 0.137906 0.218734 0.305208 0.12015 0.146047 0.31255 0.345583 0.201757 0.119671 0.032661 0.187668 0.607398 0.442723 0.224008 0.243444 0.080625 0.046986 0.326661 0.482638 0.197844 0.089271 0.359899 0.388746 0.358163 0.317427 0.306836 0.089931 0 0.015534 0.173137 0.027031 0.216663 0.194835 0.188073 0.236334 0.07257 0 0 0.047476
0.334325 0.395276 0.023398 4.1e-005 0.40089 0.191713 0.486329 0.195051 0.179241 0.0116 0.169252 0.094021 0.171154 0.063451 0.20941 0.132563 0.164706 0.102947 0.094121 0.103598 0.102355 0.187366 0.067799 0.137362 0.086758 0.417127 0.491894 0.315429 0.37801 0.233456 0.311031 0.235185 0.237915 0.128991 0.244442 0.464595 0.065374 0.002929 0.163565 0.250209 0.17551 0.252615 0.132697 0.23604 0.333255 0.298528 0.164176 0.64642 0.358081 0.173076 0.398194 0.413546 0.347128 0.210059 0.164777 0.299528 0.516906 0.426244 0.499926 0.313244 0.0586 0.135579 0.162615 0.023044 0.136805 0.021333 0.073162 0.238779 0.255076 0.313642 0.092587 0.159051
0.346624 0.50546 0.239554 0.14943 0.246862 0.406065 0.48661 0.297754 0.172042 0.032536 0.238885 0.484814 0.402682 0.182988 0.444677 0.409066 0.142106 0.255889 0.293786 0.197895 0.222889 0.093591 0.134917 0.124524 0.102154 0.312194 0.341529 0.461491 0.270702 0.341829 0.121702 0.020746 0.149306 0.150163 0.16715 0.379365 0.284112 0.033356 0.223763 0.304695 0.320744 0.434418 0.409224 0.129131 0.536875 0.394621 0.211658 0.54281 0.569261 0.225444 0.32475 0.492791 0.363274 0.204727 0.018137 0.342896 0.436808 0.494636 0.440529 0.203948 0.183344 0.295589 0.00194 0.000196 0.000284 0.089524 0.16421 0.067045 0.153467 0.155558 0.373217 0.21168
0.274616 0.425511 0.465738 0.059493 0.285197 0.365124 0.194643 0.087971 0.08869 0.091783 0.289007 0.366421 0.559095 0.074092 0.357454 0.386728 0.136086 0.146792 0.174938 0.302822 0.353555 0.132249 0.097407 0.296549 0.194577 0.208971 0.258862 0.1666 0.305583 0.351837 0.185042 0.122353 0.15886 0.155857 0.161232 0.215359 0.328379 0.215832 0.439886 0.392654 0.119195 0.518042 0.320336 0.353506 0.53679 0.481247 0.277402 0.5199 0.355068 0.275738 0.474658 0.474009 0.13689 0.097399 0.014239 0.196071 0.540968 0.17726 0.412619 0.270328 0.045525 0.132986 0.019454 0 0.096208 0.085777 0.053332 0.022244 0.091006 0.060854 0.114242 0.002986
0.715205 0.522227 0.242693 0.340977 0.55774 0.186017 0.089305 0.200389 0.196706 0.154917 0.224432 0.566116 0.491782 0.39143 0.271794 0.427961 0.334507 0.285412 0.216312 0.40331 0.32144 0.221088 0.155192 0.120117 0.171861 0.130994 0.000157 0.071618 0.359717 0.208048 0.04284 0.18314 0.174413 0.374733 0.278312 0.319939 0.387867 0.437885 0.167936 0.1489 0.017036 0.141315 0.34488 0.450174 0.389508 0.252444 0.506191 0.313812 0.49951 0.059758 0.25747 0.354836 0.517116 0.291981 0.14928 0.311883 0.271105 0.457503 0.411023 0.133436 0.220506 0.311448 0.012717 0.1652 0.338527 0.106349 0.237782 0.120237 0.241321 0.070678 0.138274 0.026166
0.286662 0.219013 0.070341 0.223522 0.133966 0.08037 0.086697 0.459906 0.180184 0.259528 0.347372 0.344011 0.301977 0.438474 0.458384 0.254292 0.270645 0.623385 0.217331 0.413809 0.089577 0.314152 0.27288 0.299043 0.135934 0.106357 0.176448 0.235274 0.256417 0.037645 0.003235 0.145339 0.185967 0.292743 0.205657 0.244697 0.397567 0.144015 0.206124 0.293337 0.172329 0.434325 0.379267 0.059251 0.061827 0.260588 0.319151 0.450331 0.181712 0.210758 0.163141 0.19369 0.566679 0.258738 0.627242 0.56189 0.444387 0.49518 0.323869 0.135916 0.424791 0.116191 0.093001 0.121836 0.424368 0.479365 0.490939 0.421041 0.074859 0.096639 0.057072 0.043941
0.448231 0.454834 0.438747 0.351822 0.126418 0.178287 0.349953 0.144705 0.136283 0.35542 0.33714 0.256084 0.327841 0.319612 0.102033 0.429452 0.291189 0.607052 0.200958 0.406022 0.187811 0.214063 0.229851 0.371413 0.131347 0.291851 0.155811 0.126718 0.207218 0.103626 0.00143 0.083542 0.173422 0.308855 0.135467 0.223199 0.34636 0.29764 0.401365 0.26368 0.402921 0.445163 0.533293 0.133721 0.187508 0.329912 0.461507 0.481879 0.256303 0.121285 0.455855 0.326981 0.594679 0.23522 0.286106 0.272289 0.153289 0.099722 0.181686 0.186862 0.12729 0.174251 0.354029 0.17004 0.214775 0.212224 0.304198 0.407173 0.080497 0.301955 0.510492 0.211898
0.601026 0.359065 0.488873 0.177395 0.475975 0.507345 0.364491 0.504623 0.657495 0.507533 0.522388 0.387546 0.09474 0.206512 0.24243 0.250579 0.513516 0.238281 0.427274 0.333562 0.092627 0.33376 0.476069 0.287417 0.083566 0.243333 0.048097 0.104372 0.105272 0.00044 0 0 0.074912 0.271564 0.026293 0.220771 0.265153 0.251989 0.227031 0.138693 0.455701 0.490837 0.554181 0.31598 0.628092 0.410241 0.327946 0.546997 0.306581 0.317414 0.010717 0.158734 0.54509 0.0992 0.153282 0.099019 0.00845 0 0.059988 0.334291 0.13484 0.364631 0.454338 0.197856 0.283187 0.38238 0.163552 0.27478 0.231633 0.362361 0.365901 0.437643
