EnvRasters/GE_High/maize.asc
ncols         270
nrows         223
xllcorner     24099.479091542
yllcorner     21023.840179216
cellsize      1003.8986847201
NODATA_value  -9999
[rows 96 to 127 of 223, columns 72 to 143 of 270]
0.482565 0.160329 0.316632 0.425179 0.386957 0.319869 0.473149 0.57483 0.437744 0.558338 0.49035 0.314766 0.087269 0.515219 0.360278 0.646824 0.419468 0.38815 0.662133 0.470633 0.435824 0.464667 0.340453 0.418483 0.122671 0.260197 0.006318 0.36063 0.612986 0.581638 0.42953 0.694055 0.354115 0.491162 0.705056 0.387064 0.421113 0.519595 0.613767 0.449303 0.422975 0.081901 0.188811 0.242852 0.11611 0.16331 0.295264 0.419903 0.489245 0.31261 0.312211 0.369453 0.197566 0.234859 0.482866 0.371336 0.547796 0.556566 0.527933 0.568715 0.470439 0.40192 0.142457 0.233917 0.155685 0.218983 0.091854 0.001932 0.077337 0.115295 0.222404 0.557121
0.655633 0.485966 0.643173 0.768557 0.723465 0.460906 0.6083 0.704414 0.858993 0.763106 0.447455 6.3e-005 0.084012 0.398838 0.555504 0.642945 0.510444 0.458276 0.798756 0.54893 0.853831 0.647758 0.527162 0.146586 0.00041 0.013335 0.394116 0.408657 0.525423 0.687262 0.62419 0.565557 0.557798 0.610876 0.561896 0.559857 0.428944 0.574451 0.515894 0.212014 0.26528 0.027752 0.459932 0.414844 0.239498 0.479073 0.450609 0.255269 0.694974 0.404084 0.470892 0.552043 0.244107 0.152752 0.280074 0.251152 0.571056 0.556018 0.418359 0.473184 0.145958 0.265538 0.04328 0.146698 0.102598 0.031604 0.300672 0.199872 0.286997 0.333689 0.104129 0.18388
0.76326 0.235537 0.475102 0.540755 0.878914 0.732043 0.393958 0.703725 0.5796 0.494247 0.272733 0.00294 0.116613 0.522991 0.475108 0.550189 0.591688 0.784485 0.668013 0.833925 0.780653 0.450865 0.697449 0.660477 0.291423 0.536173 0.546115 0.442462 0.595603 0.493522 0.658057 0.575607 0.764394 0.211953 0.612942 0.70776 0.66893 0.479095 0.566773 0.763857 0.066435 0.084607 0.47701 0.183511 0.243575 0.433237 0.532166 0.244682 0.28972 0.599286 0.417096 0.743927 0.580602 0.347439 0.411638 0.588645 0.610212 0.596386 0.39766 0.225658 0.224745 0.1135 0.260864 0.407137 0.41766 0.200538 0.186621 0.247921 0.251041 0.410996 0.201482 0.438732
0.427951 0.341172 0.351323 0.624313 0.818266 0.529017 0.825095 0.2411 0.821554 0.519656 0.641499 0.539597 0.475299 0.321089 0.282782 0.388055 0.166185 0.363696 0.390317 0.185471 0.613681 0.153832 0.361442 0.268196 0.401409 0.709462 0.533262 0.664884 0.501944 0.230926 0.300477 0.676901 0.800984 0.544007 0.437842 0.191677 0.077838 0.079215 0.359352 0.0764 0.030481 0.319605 0.413636 0.301985 0.509796 0.448211 0.47623 0.464935 0.360542 0.587379 0.042547 0.065574 0.144903 0.566 0.711594 0.545171 0.389619 0.526691 0.140266 0.115218 0.240947 0.440509 0.171484 0.353682 0.4498 0.10831 0.094497 0.181192 0.383882 0.351062 0.600887 0.730009
0.038883 0.150177 0.566258 0.77057 0.283954 0.788394 0.440643 0.531189 0.875344 0.330738 0.497172 0.520752 0.577212 0.543144 0.763392 0.630615 0.428046 0.354087 0.519073 0.791504 0.833277 0.084144 0.155823 0.463873 0.460974 0.527913 0.599444 0.542638 0.67243 0.284589 0.499507 0.469029 0.527537 0.654456 0.754523 0.597119 0.200455 0.346766 0.145054 0.0396 0.134138 0.433776 0.511611 0.326052 0.305364 0.353058 0.287396 0.214904 0.246072 0.081652 0 0.004787 0.272783 0.388927 0.63912 0.740348 0.470018 0.373505 0.231888 0.301762 0.664189 0.495258 0.078873 0.084586 0.047639 0.009979 0.158561 0.283803 0.339595 0.321987 0.420261 0.780027
0.078448 0.633967 0.642451 0.589059 0.053659 0.5008 0.856773 0.4896 0.592127 0.416588 0.682621 0.395404 0.542548 0.383773 0.450894 0.721213 0.338093 0.458414 0.338492 0.541985 0.853064 0.535761 0.598736 0.513259 0.61935 0.53975 0.543599 0.430138 0.828164 0.516493 0.671456 0.372986 0.343062 0.245228 0.473047 0.566107 0.36421 0.582991 0.469681 0.339047 0.489458 0.478409 0.667071 0.584386 0.481129 0.315859 0.181494 0.550171 0.324734 0.000846 0.000423 0.236978 0.033321 0.14685 0.284664 0.497036 0.788715 0.616582 0.298392 0.639148 0.390537 0.431549 0.220241 0.121841 0.001452 0.107851 0.095477 0.381675 0.403954 0.536174 0.472635 0.497885
0.391039 0.818524 0.432675 0.525287 0.332954 0.851082 0.911301 0.827993 0.699543 0.755223 0.586853 0.239389 0.60191 0.394832 0.419437 0.784497 0.396444 0.683453 0.805188 0.428331 0.423601 0.312061 0.540063 0.839591 0.612248 0.62452 0.329641 0.403037 0.386955 0.717529 0.715374 0.12522 0.005156 0.315214 0.566266 0.702311 0.419756 0.577881 0.790521 0.759684 0.353602 0.645106 0.57178 0.814384 0.685406 0.257376 0.462278 0.279141 0.589525 0.599721 0.441259 0.501367 0.028316 0.33728 0.34743 0.388084 0.170275 0.711089 0.613317 0.373999 0.407011 0.427125 0.165755 0.326618 0.113718 0.272892 0.478249 0.263235 0.857282 0.456199 0.209616 0.39552
0.658991 0.682357 0.055321 0.597092 0.215146 0.781643 0.545511 0.869877 0.727868 0.280582 0.317757 0.509464 0.655522 0.713824 0.479994 0.769775 0.148589 0.361803 0.366736 0.58324 0.464983 0.36957 0.535854 0.837019 0.563051 0.67511 0.763584 0.28166 0.32358 0.373951 0.234509 0.093259 0.012675 0.14889 0.403617 0.557088 0.617522 0.534883 0.291282 0.23099 0.381804 0.564412 0.62901 0.690379 0.589266 0.322261 0.484207 0.23358 0.519792 0.592213 0.87697 0.539249 0.397609 0.548539 0.643722 0.726233 0.576107 0.579626 0.320113 0.15221 0.329503 0.331976 0.212547 0.286355 0.304841 0.084085 0.178353 0.168625 0.93275 0.574274 0.56857 0.494575
0.527208 0.505585 0.560377 0.624611 0.2804 0.7024 0.849032 0.555631 0.567701 0.084437 0.223964 0.461361 0.545443 0.600636 0.716265 0.658095 0.311665 0.384309 0.390515 0.531676 0.389873 0.403207 0.549254 0.415906 0.483035 0.538891 0.429295 0.377589 0.57865 0.459186 0.169708 0.164456 0.231171 0.255274 0.415435 0.645273 0.45077 0.174833 0.016751 0.260621 0.63865 0.586758 0.344199 0.816077 0.696665 0.061683 0.087847 0.276843 0.319756 0.211478 0.5599 0.421785 0.378393 0.69773 0.391951 0.777268 0.817167 0.504486 0.31912 0.417112 0.42126 0.382368 0.09925 0.355861 0.166902 0.258834 0.289194 0.646857 0.716663 0.495903 0.875653 0.573371
0.611709 0.617442 0.763836 0.657141 0.764028 0.6501 0.496773 0.449625 0.2247 0.597626 0.417345 0.577455 0.357334 0.299279 0.61827 0.719559 0.430765 0.514937 0.513432 0.390286 0.149719 0.494711 0.819719 0.726972 0.544071 0.43095 0.639553 0.56439 0.573084 0.587337 0.300134 0.453364 0.744949 0.592962 0.160676 0.749634 0.561091 0.209305 0.295103 0.419094 0.2776 0.343883 0.158548 0.552323 0.563903 0.532416 0.547086 0.406397 0.595935 0.463764 0.666655 0.503913 0.513241 0.656754 0.909843 0.6072 0.571479 0.457805 0.220108 0.429585 0.416409 0.374441 0.092383 0.513676 0.515004 0.318711 0.155567 0.698517 0.651598 0.572465 0.779969 0.442003
0.663397 0.153383 0.428555 0.787058 0.797647 0.531911 0.528377 0.144557 0.167799 0.358797 0.307102 0.715987 0.576296 0.285979 0.79164 0.860307 0.584712 0.535532 0.638053 0.534626 0.589717 0.847226 0.928651 0.873342 0.53807 0.727694 0.662164 0.497346 0.424313 0.523376 0.433742 0.602616 0.67792 0.407298 0.427273 0.595638 0.528517 0.810098 0.689631 0.560394 0.211204 0.332829 0.021476 0.137142 0.495968 0.413394 0.698694 0.710271 0.613785 0.509696 0.725034 0.743954 0.754011 0.498854 0.696097 0.40906 0.539027 0.510537 0.517225 0.411672 0.480911 0.456064 0.294657 0.536601 0.363872 0.254061 0.257164 0.561113 0.612933 0.540077 0.657449 0.597254
0.568241 0.242422 0.1211 0.430064 0.45735 0.296068 0.076837 0.0161 0.241655 0.621144 0.604022 0.896713 0.407434 0.543379 0.7818 0.6428 0.496431 0.481856 0.472194 0.306094 0.580686 0.517018 0.675362 0.51614 0.31632 0.601285 0.470123 0.478952 0.296313 0.216313 0.614211 0.532588 0.76637 0.655809 0.412014 0.424508 0.292327 0.6854 0.671607 0.613472 0.45975 0.230882 0.039193 0.225322 0.262076 0.24254 0.566945 0.66173 0.62158 0.527676 0.537034 0.853442 0.701312 0.329452 0.546045 0.531204 0.35512 0.511452 0.177309 0.271129 0.464923 0.552626 0.611709 0.354178 0.360764 0.567556 0.517082 0.510799 0.693543 0.33999 0.57681 0.699296
0.347803 0.058679 0.001564 0.44801 0.541132 0.087192 0.070778 0.004581 0.024536 0.413251 0.579387 1.013994 0.519713 0.635136 0.686796 0.511382 0.401996 0.218445 0.38721 0.553059 0.3892 0.423474 0.798914 0.474607 0.639706 0.465562 0.395401 0.291805 0.581188 0.408841 0.675077 0.465648 0.456997 0.508396 0.452138 0.376923 0.59087 0.467339 0.305365 0.80539 0.403997 0.337014 0.307779 0.211888 0.284919 0.05786 0.405296 0.644999 0.570134 0.640295 0.608789 0.656359 0.515419 0.492106 0.577282 0.481649 0.59765 0.591268 0.525699 0.355623 0.600398 0.365337 0.82562 0.401768 0.255857 0.42522 0.670225 0.559747 0.442818 0.163462 0.463087 0.344858
0.020648 0.018443 0.303992 0.213439 0.133167 0.385865 0.71626 0.262465 0 0.460579 0.621083 0.536872 0.485285 0.546908 0.564418 0.467555 0.462689 0.557971 0.675875 0.610534 0.68488 0.41451 0.289195 0.257872 0.506122 0.200535 0.036443 0.202673 0.37003 0.705017 0.591581 0.362115 0.772306 0.602042 0.216146 0.046646 0.341723 0.457702 0.592181 0.146124 0.064127 0.373832 0.12371 0.378653 0.352547 0.138993 0.280744 0.48631 0.443094 0.615614 0.497347 0.661096 0.425762 0.687222 0.755647 0.343484 0.540464 0.803263 0.825963 0.778359 0.807618 0.531607 0.759551 0.718468 0.556248 0.350555 0.545528 0.489234 0.512142 0.267802 0.210742 0.57695
0.072067 0.114787 0.334034 0.152985 0.403461 0.272576 0.395869 0.019079 0 0.200186 0.113644 0.283715 0.265812 0.633468 0.345802 0.313232 0.304955 0.346045 0.26611 0.128138 0.208264 0.150547 0.013483 0.004564 0.021817 0.01259 0.010362 0.001309 0.172881 0.595396 0.449589 0.507716 0.442118 0.514859 0.234225 0.280471 0.475258 0.440849 0.203972 0.334019 0.206852 0.211258 0.106813 0.288161 0.147219 0.008402 0.070077 0.400349 0.701699 0.483525 0.343241 0.351679 0.100217 0.24034 0.32189 0.244016 0.425021 0.538382 0.761371 0.810982 0.8249 0.649154 0.77854 0.886841 0.883272 0.409275 0.560351 0.217372 0.432644 0.68912 0.324158 0.583468
0.050027 0.130402 0.104392 0.000195 0.090697 0.223965 0.096334 0.004095 0 0.070184 0.227255 0.246966 0.300489 0.074968 0 0.000234 0 0 0 2e-006 0 0 0.008 0.0037 0 0 0.003069 0 0.002824 0.301755 0.766708 0.501518 0.574616 0.571777 0.285074 0.285814 0.325764 0.297488 0.012309 0.106661 0.042492 0.189387 0.114764 0.000871 0.04771 0.11554 0.508813 0.477933 0.312401 0.530351 0.45772 0.662023 0.567072 0.412822 0.22744 0.376126 0.751396 0.429118 0.695546 0.373853 0.158972 0.155333 0.696111 0.637284 0.705078 0.557985 0.520896 0.817338 0.63876 0.531339 0.272623 0.477295
0 0.048095 0.162621 0.009752 0.1295 0.076 0 0 0 0.00054 0.14028 0.128143 0.128693 0.022096 0 0.000108 0 0 0 0.021735 0.0486 0.08997 1e-005 0.042312 0.012489 0.093957 0.077994 0.117008 0.059056 0.554404 0.662569 0.193728 0.791688 0.66495 0.289491 0.158311 0.019968 0.006906 0.091409 0.218811 0.016195 0.016303 0.071819 0.155661 0.314347 0.215644 0.551264 0.112655 0.149631 0.300905 0.054563 0.391411 0.715271 0.602589 0.237365 0.363286 0.4142 0.360572 0.879073 0.599928 0.578202 0.571241 0.607118 0.66759 0.501127 0.38941 0.429631 0.573418 0.792062 0.598967 0.72103 0.442105
0.0257 0.093692 0.035694 0.041098 0.616184 0.253662 0.044278 0.064644 0.224966 0.290301 0.045957 0.349538 0.127099 0.017641 0.126676 0.010117 0.06526 0.319022 0.204527 0.126999 0.12515 0.008564 0.000784 0.010173 0.009311 0.049162 0.134057 0.143085 0.247729 0.133052 0.467352 0.304882 0.531746 0.673683 0.549563 0.048712 0.348296 0.001759 0.006748 0.034985 0 0.00459 0.123192 0.089137 0.179553 0.45283 0.456679 0.329104 0.349288 0.47345 0.255692 0.583071 0.690202 0.623784 0.323316 0.208577 0.290916 0.214138 0.543565 0.490794 0.592793 0.798992 0.29972 0.838664 0.604256 0.290487 0.070104 0.605466 0.613662 0.477495 0.560311 0.531715
-9999 0.306 0.5244 0.382196 0.061336 0.0021 0.071501 0.178469 0.124081 0.400833 0.020299 0.071709 0.048307 6.8e-005 0.000246 0.042055 0.000282 0.027997 0.068007 0.129635 0.044111 9.3e-005 0.005217 0.007976 0.131074 0.40561 0.113211 0.036016 0.011492 0.034602 0.084777 0.049316 0.210141 0.194833 0.084942 0.04331 0.055039 0.182993 0.160546 0.074866 0 0.001293 0.001463 0.001065 0.021492 0.575517 0.195226 0.112469 0.606312 0.640237 0.367533 0.789595 0.17459 0.218787 0.382052 0.093403 0.209275 0.060607 0.042384 0.092208 0.14528 0.275103 0.385792 0.671538 0.489396 0.237899 0.447443 0.634554 0.156271 0.34188 0.42541 0.696323
-9999 0.0481 0.178799 0.46683 0.0539 0.00194 0.064368 0.074192 0.089732 0.254579 0.1915 0.019225 0.022 0.129929 0.156026 0.025105 0.0129 0.003286 0.29675 0.433344 0.233196 0.093335 0 0.00043 0.005646 0.035688 0.059742 0.050127 0.239736 0.092449 1.6e-005 0.18439 0.225212 0.270173 0.006575 0.115444 0.435372 0.4419 0.087245 0.039427 0.005798 0.000713 0.000484 0.003003 0.000324 0.000765 0.005252 0.175742 0.413884 0.206528 0.049118 0.281534 0.177471 0.074465 0.139491 0.04596 0.15595 0.000317 0.045406 0.189507 0.016685 0.150564 0.211833 0.29443 0.092042 0.606107 0.579156 0.368361 0.001356 0.196845 0.098972 0.221239
-9999 -9999 -9999 0 0 0.081711 0.362774 0.197446 0.135268 0.314101 0.155017 0.1609 0.085414 0.05439 0.0122 0 0.164 0.0698 0.11177 0.11592 0.196938 0.058329 1.8e-005 0 0.000265 0.023471 0.000621 0.000272 1.2e-005 0.258652 0.115868 0.012702 0.318796 0.217993 0.019885 0.14106 0.397154 0.328811 0.039487 0.220693 0.078384 0.002774 0.164983 0.05545 1.4e-005 0.000282 0.235043 0.403023 0.44259 0.500459 0.301762 0.416142 0.315414 0.032367 0.001572 0.034832 0.000366 0.025145 0.038514 0.009462 0.051009 0.027186 0.155817 0.299353 0.06321 0.333547 0.174763 0.067623 0.183682 0.046091 0.005384 0.003123
-9999 -9999 0 0.165231 0.095619 0.474139 0.308901 0.550848 0.427739 0.345851 0.050093 0.190078 0.1454 0.1732 0 0.020462 0.006436 0.012564 0.023422 0.005304 0.011516 0.000204 0.005638 0 0.006 0.209666 0.055561 0.498841 0.010485 0.655756 0.749482 0.322064 0.247135 0.734689 0.333282 0.468657 0.412613 0.176966 0.422225 0.491967 0.5566 0.552666 0.586835 0.528881 0.106965 0.000556 0.236937 0.657122 0.592455 0.791076 0.525121 0.262277 0.013309 0.138718 0.02936 0.053501 0.000218 0.016211 0.102013 0.089744 0.034475 0.000901 0.001996 0 0.063623 0.137824 0.245964 0.053225 0.248286 0.272815 0.007942 0.054299
-9999 -9999 -9999 0.103182 0.218538 0.229466 0.197555 0.102228 0.130618 0.33001 0.209319 0.188116 0.07 0.185329 0.050559 0.000732 0.14078 0 0.039368 0.000529 0.049849 0.042326 0.01757 0.07655 0.081117 0.175507 0.356 0.03966 0.332384 0.575277 0.494027 0.628962 0.576339 0.594661 0.571836 0.553464 0.896428 0.27611 0.191885 0.487938 0.520066 0.776978 0.172407 0.624959 0.41307 0.137736 0.21709 0.463433 0.275358 0.228222 0.314195 0.183639 0.052421 0.050998 0.037608 0.001284 3.7e-005 3e-006 2e-006 0.000838 0.000237 0.000117 0.007491 0.005868 0.048878 0.026016 0.016793 0.281832 0.071866 0.220022 0.01954 0.101157
-9999 -9999 -9999 0.126736 0.320424 0.310511 0.45984 0.503281 0.051395 0.335674 0.454626 0.67305 0.13165 0.389827 0.250182 0.094036 0.097986 0.026418 0.215218 0.187175 0.424304 0.214962 0.309733 0.189961 0.224164 0.274593 0.187533 0.602959 0.909149 0.691148 0.437316 0.444858 0.453013 0.331788 0.304741 0.470403 0.595126 0.717782 0.535212 0.291646 0.138403 0.362937 0.220221 0.084299 0.339476 0.320714 0.316405 0.592523 0.519568 0.276419 0.098965 0.124859 0.270395 0.206899 0.045832 0.003061 0.000312 0.001211 0.000556 7.6e-005 0 0 3.4e-005 0.015887 0.077378 0.003996 0.001959 0.199036 0.292153 0.002418 0.003776 0.15316
-9999 -9999 -9999 0.038351 0.280995 0.490853 0.488913 0.502839 0.325425 0.659133 0.381622 0.579151 0.214305 0.464815 0.391236 0.101976 0.010769 0.026421 0.391434 0.295231 0.343692 0.567531 0.372971 0.000366 0.531309 0.596377 0.422504 0.767306 0.418717 0.687502 0.655136 0.375024 0.288636 0.628773 0.508059 0.522507 0.662866 0.880209 0.400599 0.373695 0.093289 0.191917 0.172829 0.17076 0.853451 0.172939 0.207816 0.741664 0.587297 0.414243 0.195355 0.512553 0.099763 0.053544 0.00658 0 2e-006 1e-006 0.000384 9.6e-005 0 5.3e-005 0.053051 0.115589 0.044366 0.000269 0.003192 0.027609 0.096314 0.042061 0.197399 0.000748
-9999 -9999 -9999 0.006097 0.128613 0.25392 0.657317 0.443486 0.43075 0.374003 0.170521 0.014579 0.046959 0.263852 0.16163 0.176297 0.000802 0 0.090548 0.001979 0.15646 0.199279 0.476548 0.318331 0.491759 0.352678 0.437514 0.049648 0.377679 0.777063 0.588217 0.551173 0.374148 0.530324 0.445588 0.604257 0.560574 0.365316 0.015412 0.020716 0.106908 0.251467 0.049665 0.185351 0.650078 0.095043 0.007891 0.330029 0.548681 0.006495 0.000729 0.205245 0.097808 0.082 4.2e-005 0 0 0 0 0 0.021865 0.034204 0.071998 0.003276 0.007454 0.116173 0.135119 0.205384 0.393704 0.079464 0.073359 0.1328
-9999 -9999 -9999 0.000451 0.302062 0.567643 0.645471 0.378658 0.349494 0.015833 0.122382 0.000136 0.097092 0.042125 0.12522 0.062843 0.081907 0.044014 0.001501 0.109209 0.167002 0.275332 0.434281 0.540617 0.344395 0.561844 0.649174 0.766447 0.185026 0.65612 0.411019 0.411756 0.389004 0.477404 0.120357 0.469262 0.583972 0.447998 0.218316 0.226174 0.399804 0.289477 0.215483 0.17396 0.483502 0.299557 0.070574 0.085662 0.317735 0.235188 0.109459 0.143367 0.137649 0.08987 0.001134 0 0.080719 0.000161 0 0 0.008404 0.000248 2e-006 0 1.2e-005 0.16786 0.565311 0.472482 0.182441 0.388062 0.3418 0.106804
-9999 -9999 -9999 0.006558 0.493316 0.231286 0.491691 0.573772 0.691807 0.275403 0.182159 0.294121 0.096348 0.171919 0.10183 0.033108 0 0.023952 0.122867 0.455139 0.441232 0.307411 0.608186 0.456636 0.705432 0.765917 0.268104 0.754543 0.615372 0.590464 0.294447 0.362667 0.57451 0.283139 0.312677 0.331606 0.584429 0.53432 0.462719 0.36089 0.544274 0.186248 0.303282 0.261328 0.618861 0.608649 0.06377 0.124431 0.174083 0.563101 0.328954 0.550284 0.308636 0.07395 0 0.007608 0.025397 0.020674 0.000157 5.6e-005 0.007567 0.002649 0.106764 0.101473 0.024983 0.238587 0.470206 0.466592 0.189604 0.661987 0.4379 0.141919
-9999 -9999 -9999 0.190651 0.672862 0.308477 0.581707 0.105211 0.646775 0.119331 0.608799 0.84099 0.428784 0.259113 0.368715 0.431812 0.008316 0.335461 0.470561 0.657739 0.551453 0.371864 0.370122 0.571847 0.633953 0.453133 0.693499 0.817927 0.207816 0.315262 0.651722 0.50761 0.198062 0.424454 0.343023 0.440815 0.452063 0.361583 0.566043 0.286742 0.642344 0.574432 0.118507 0.668597 0.823922 0.348429 0.41741 0.404605 0.080827 0.482032 0.298833 0.332386 0.280844 0.312699 0 0.033618 0.071733 0.056225 0 0 0 0.007319 0.254912 0.268604 0.304276 0.644115 0.36158 0.258464 0.182342 0.440638 0.24529 0.098095
-9999 -9999 0.035734 0.542551 0.841304 0.494073 0.539599 0.35825 0.086414 0.586469 0.807898 0.806202 0.594365 0.218715 0.335836 0.282393 0 0.400628 0.277238 0.587202 0.316468 0.493559 0.288318 0.374757 0.343073 0.507212 0.327498 0.447367 0.498163 0.161046 0.476964 0.525996 0.43877 0.591577 0.501286 0.408272 0.180156 0.509843 0.517673 0.088904 0.146407 0.576885 0.111927 0.434902 0.276487 0.00016 0.28614 0.159361 4.7e-005 0.059183 0.102283 0.124573 0.00221 0.001715 1.6e-005 0.055068 0.16666 0.040748 0.000443 0 0.010027 0 0.078581 0.311154 0.08348 0.202444 0.031876 0.335639 0.296327 0.320804 0.334775 0.277311
-9999 -9999 0.005936 0.442349 0.895969 0.187982 0.534688 0.59489 0.250038 0.391358 0.455254 0.216544 0.637057 0.615044 0.476959 0.60834 0.181186 0.332238 0.218898 0.393302 0.633832 0.618795 0.239362 0.4695 0.468956 0.637285 0.55812 0.447948 0.549253 0.45531 0.355851 0.39837 0.356355 0.650131 0.579727 0.249302 0.29079 0.082014 0.1958 0.0973 0.4862 0.721 0.268312 0.191573 0.108969 0.27487 0.027029 0.061269 0.020059 0.294621 0.354525 0.142446 1e-006 0 0 0.022003 0.041314 0.022903 0.12856 0.00644 0.119472 0 0.390298 0.309616 0.00553 0.286881 0.175659 0.2843 0.373577 0.162611 0.188729 0.129933
-9999 -9999 -9999 0.278286 0.539322 0.144513 0.541061 0.345045 0.695476 0.43578 0.511677 0.184895 0.254239 0.484222 0.663988 0.40246 0.473575 0.305316 0.275365 0.150839 0.829324 0.666347 0.351493 0.284644 0.483237 0.553204 0.505799 0.397996 0.244576 0.071936 0.359403 0.19825 0.546692 0.71825 0.743211 0.341541 0.361805 0.393722 0.642475 0.203728 0.781312 0.608005 0.453289 0.28937 0.556996 0.682234 0.10966 0.237897 0.080919 0.08181 0.283955 0.301303 0.000241 0.0435 0.219748 0.159273 0.044772 0.002442 0 0 0.072802 0.004917 0.351444 0.084225 0.163413 0.216628 0.435459 0.253299 2.7e-005 0 0.074614 0.04376
