EnvRasters/GE_High/mxdfrst.asc
ncols         270
nrows         223
xllcorner     24099.479091542
yllcorner     21023.840179216
cellsize      1003.8986847201
NODATA_value  -9999
[rows 145 to 173 of 223, columns 130 to 194 of 270]
0.1492374 0.1786699 0.01096578 0.01992996 0.03521283 0.002208766 0.008089109 0.009964978 0 0.02989493 0 0 0 0 0.05412035 0.1501101 0 0 0.0282148 0.02989493 0.07085684 0.1680497 0.2408415 0.03019018 0 0.00998035 0.02110576 0.03381873 0.05650075 0.06829914 0.06817636 0 0.04192724 0.03047214 0.06212042 0.03859523 0.03677203 0.02989493 0.08597235 0.1536127 0.1049431 0.2257513 0.09215046 0.1373693 0.1286393 0.1107113 0.6364251 0.263294 0.5426577 0.1636629 0.1895746 0.5154378 0.1018295 0.1409308 0.02929254 0.07994176 0.03167131 0.06715375 0 0.02891181 0.0006595918 0.001501872 0.05850891 0.2600626 0.07297812
0.01992996 0.08125836 0.1113543 0.09606117 0.04038781 0 0.03473877 0.04514437 0.0146455 0.04606916 0.07943372 0.01310762 0.03339515 0.01715346 0.1326257 0.1696298 0.1140196 0 0.03855301 0.0269756 0.06925917 0.08051656 0.06950645 0.1502746 0.1697205 0.07958318 0.06893147 0.1110468 0.05835784 0.03123921 0.0414384 0.1147313 0.04758397 0.07242768 0.1336934 0.06739304 0.1518048 0.009964978 0.03825691 0.2497193 0.2585288 0.2406363 0.02879961 0.169338 0.3045231 0.353275 0.3894618 0.6229518 0.1163163 0.1012173 0.3768051 0.06063443 0.2535897 0.02074875 0 0.4326385 0.129707 0 0 0.04109536 0.04889774 0.09103528 0.08376303 0.2570823 0.0577287
0.1271214 0 0.02233564 0.05978987 0 0.01992996 0.1044398 0.01461152 0.02435179 0.03153015 0.00240662 0.07608216 0.1850336 0.09110624 0.04226569 0.20628 0.1764467 0.03193266 0.0102693 0.1163428 0.04960062 0.051751 0.07898779 0.08027287 0.03946076 0.02965394 0.02989493 0.0431844 0.04483034 0.04192862 0.006592807 0.002753436 0.05703644 0.009964978 0.009964978 0.1477374 0.09341299 0.1872339 0.1046849 0.3831103 0.3728421 0.1351874 0.07516336 0.08477878 0.2931674 0.3516742 0.2925458 0.197248 0.1652519 0.1192733 0.05392517 0.07015774 0.1887408 0.02163292 0.1249939 0.216063 0.2433975 0.2328342 0.06749585 0.03985991 0.07950259 0.23101 0.08990544 0.2329367 0.08469774
0.03732231 0.03243254 0.02989493 0.01916626 0.1052794 0.05010385 0.03537479 0.08557681 0.04951106 0.009964978 0.009964978 0.01831296 0.04200655 0.06975485 0.2290311 0.4689693 0.1352259 0.139788 0.01118585 0.02121766 0.1315725 0.09819811 0.04171 0.08035094 0.2632158 0.5732983 0.0133134 0.05036349 0.3279134 0.01936561 0.008553128 0 0 0.01371743 0.1357573 0.115988 0.1502479 0.003229246 0 0.06534225 0.2994971 0.2275224 0.0916026 0.09041328 0.2538789 0.09046905 0.1478194 0.1739303 0.02217479 0.3349851 0.03173244 0.04299871 0.05447391 0.1177741 0.03537028 0.1598125 0.3682998 0.182392 0.01992996 0.02549875 0.1624037 0.3116241 0.06750514 0.2511923 0.02989493
0.02989493 0.02989493 0.03985991 0 0.09486303 0.03237421 0.2114251 0.009964978 0.06975485 0 0.04427012 0.1802313 0.06967115 0.07868153 0.336687 0.4312333 0.06468096 0.2706482 0.125778 0.3139713 0.7262735 0.1876906 0.2375273 0.0408999 0.03252051 0.1069757 0.04982489 0 0.01093575 0.3105716 0.06698549 0.009964978 0.02369037 0.006204566 0.0274612 0.03046874 0.0666801 0.09525587 0.1325257 0.3081787 0.3203109 0.2932896 0.005527385 0.06416541 0.05290812 0.04808245 0.2269087 0.2292878 0.03711116 0.4399405 0.001109085 0.238179 0.06477576 0.06027296 0.05072806 0.04102293 0.05299246 0.4606524 0.1468356 0.3170654 0.2162524 0.2235197 0.1603088 0.1443502 0.04016424
0 0 0 0 0.04982489 0.09372044 0.142662 0.007913801 0 0.01992996 0.0566184 0.0803394 0.2880691 0.05139944 0.111285 0.2574238 0.6976156 0.7588379 0.1431402 0.140287 0.2547002 0.2843748 0.1955773 0.243692 0.1011838 0.008444488 0.009964978 -9999 0.02989493 0.002134953 0 0.009964978 0 0.01415984 0.02813382 0.06496964 0.09964979 0.08014356 0.1020385 0.08030582 0.08142812 0.2067735 0.06551421 0.2300574 0.07912308 0.115867 0.09611367 0.06829735 0.06308351 0.169691 0.1929902 0.01679679 0.0003225266 0.2520939 0.2342666 0.3255014 0.07179324 0.3686061 0.2232819 0.4571694 0.3789884 0.2945822 0.009746505 0.0837472 0.3547087
0 0 0 0 0.03985991 0.009964978 0 0.1160963 0.04334333 0.1096148 0.02805203 0.05538777 0.3457982 0.007138817 0.06798653 0.1715145 0.5759611 0.14428 0.2540943 0.03029659 0.1044852 0.07718723 0.04863489 0.1523764 0.04692315 0 -9999 -9999 -9999 -9999 -9999 0 0.03153113 0.02061279 0.08744802 0.01992996 0.01992996 0.009964978 0.09571359 0.08729249 0.04259502 0.06144948 0.008678235 0.06789626 0.05606308 0 0.08968481 0.06548162 0.04849861 0.09906118 0.01055358 0 0.1957299 0.3809952 0.2867014 0.09577451 0.04982489 0.0415245 0.07320543 0.2813414 0.1395097 0.01937879 0.04062148 0.1727028 0.1667961
0 0 0.1018039 0.05370398 0.1656525 0.055568 0.03648856 0.1524753 0.009964978 0.05270279 0.06700338 0.004594369 0.09280289 0 0.1278373 0.1836508 0.01992996 0.1625943 0.143925 0.102359 0.02297923 0.05808467 0.2187842 0.02708137 -9999 -9999 -9999 -9999 -9999 -9999 -9999 0.02989493 0.1753694 0.4937703 0.4140719 0.0886015 0.03880336 0.004336658 0 0.0663572 0.05709885 0.02242666 0 0 0.05978987 0.009964978 0.07842785 0.1288938 0.1969298 0.09371516 0.01360808 0.1429836 0.02712964 0.1807938 0.2595085 0.3261478 0.3902768 0.1080675 0.008612686 0.1178744 0.09896909 0.1361026 0.3649173 0.2222184 0
0 0.01265381 0.4293274 0.0329933 0.06884482 0.004582333 0.01992996 0.1194291 0.02989493 0.05691197 0.1657486 0.2428155 0.05397718 0.07971983 0.05806137 0.1793828 0.4011194 0.3068956 0.3030425 0.1855495 0.05951234 0.07023555 0.1190437 -9999 -9999 -9999 -9999 -9999 -9999 -9999 0.02535556 0.08351161 0.09497967 0.1885968 0.04810367 0.04644939 0.03573583 0.03985991 0 0 0 0 0 0 0.3129145 0.01616786 0.01014574 0.09139962 0.03755744 0.1329835 0.0642098 0.1766842 0.1025521 0.1670353 0.374742 0.4893678 0.1085792 0.01811485 0.01992996 0.005924264 0.1758669 0.458057 0.2651373 0.207579 0.04434047
0.01510229 0.0934604 0.006308272 0.04160064 0.1096612 0 0.04681787 0.2771916 0.03319736 0.01094602 0 0.04982489 0.136519 0.1976852 0.102515 0.04780473 0.2719413 0.1371673 0.004106672 0.09964979 0.05438442 0.4037263 0.254611 -9999 -9999 -9999 -9999 -9999 -9999 -9999 0.03293284 0.02200657 0.01504352 0.07098906 0.1957187 0.03630082 0.03929222 0 0.04167281 0.0852351 0.07005917 0.0600824 0.1818904 0.0118511 0.1196206 0 0.03399673 0.03006914 0.1855874 0.2427865 0.1803854 0.009964978 0.2898977 0.2330368 0.2161774 0.1835129 0.2695269 0.06557387 0.0514847 0.07731935 0.1409984 0.1883957 0.1742814 0.3153162 0.2900506
0.08939589 0.08556692 0.05775001 0.05096385 0.0412355 0.03696495 0.08261479 0.03015807 0.02952146 0.1035842 0.11978 0.2285513 0.2192713 0.1761968 0.06439723 0.1754954 0.2442635 0.01501669 0.5116811 0.06026841 0.123976 0.02578387 0 -9999 -9999 -9999 -9999 -9999 -9999 0 0 0.1638548 0 0.01992996 0.0557554 0.2365277 0.2727792 0.1497889 0.3184633 0.09634107 0.07735518 0.1437139 0.2225861 0.3020178 0.4621362 0.03530077 0.05504528 0.1691703 0.2355878 0.185144 0.05047748 0.2594979 0.2208732 0.142483 0.1489716 0.2507789 0.3055017 0.07483075 0.1510683 0.03985991 0.155344 0.3354169 0.3142436 0.1764579 0.2446554
0.07952449 0.09653626 0.02776414 0.006062815 0.009964978 0.02989493 0 0.09341543 0.02405128 0.1065211 0.3062878 0.4019353 0.1806344 0.1871637 0.3090599 0.6277734 0.644172 0.4283149 0.3223497 0.07606754 0 -9999 -9999 -9999 -9999 -9999 -9999 -9999 0.0128977 0.234589 0.1364844 0.03544478 0.009964978 0.03753718 0.09798925 0.01992996 0.06923328 0.07999813 0.006265576 0.04641495 0.04921311 0.07905181 0.1506472 0.2525429 0.1854726 0.1204334 0.03393788 0.1296586 0.1821654 0.1674509 0.007514886 0.2497832 0.16855 0.2238903 0.4190593 0.3090322 0.1194022 0.08896431 0.03107956 0.1052695 0.1616579 0.3061149 0.4339144 0.2958324 0.04492979
0.2252405 0.08804759 0.03343468 0.003902164 0.03985991 0 0.05544137 0.02427846 0.1510638 0.4165333 0.3374704 0.3687703 0.2765782 0.3100553 0.1772583 0.4256328 0.05618358 0.04534238 0.008713565 -9999 -9999 -9999 -9999 -9999 -9999 -9999 -9999 -9999 0.01915147 0.3335768 0 0 0.05352861 0.191537 0.2380464 0.1212694 0.04204491 0.01992996 0.06513546 0.3187101 0.3663545 0.1124637 0.02956731 0.1444433 0.2541065 0.1002781 0.3152603 0.1493216 0.08711529 0 0.01241507 0.05061752 0.06915812 0.3463041 0.07419972 0.1224956 0.09053317 0.1351537 0.03846996 0.2079346 0.2627458 0.1915441 0.4202102 0.2795529 0.04005945
0.06601797 0.01330023 0.08741128 0.09277751 0.1041465 0.02989493 0.02048066 0.1395097 0.185562 0.3794 0.3900232 0.4474792 0.4661813 0.2335092 0.2242518 0.1076549 0 0 0 -9999 -9999 -9999 -9999 -9999 -9999 -9999 -9999 -9999 0.004781176 0.1055427 0.03834888 0.04607094 0.4987052 0.5503808 0.3454584 0.5444287 0.1586383 0.07697526 0.04982489 0.08212671 0.007835275 0.2462512 0.08520995 0.03573046 0.07387078 0.1196902 0.0003981735 0.009566805 0 0 0 0.08516464 0.09546346 0.1036727 0.1096572 0.133751 0.2700145 0.2247506 0.139553 0.2469772 0.2273161 0.2590947 0.1684617 0.04453111 0.08948527
0 0.1563683 0.2298472 0.4470544 0.1485161 0.07405373 0.2857027 0.2658633 0.1583607 0.1831377 0.1057917 0.07369084 0.1001134 0.04878738 0.4219641 0.603775 0.2201387 0 -9999 -9999 -9999 -9999 -9999 -9999 -9999 -9999 -9999 0.08865949 0.08451793 0.03479247 0.1745308 0.1296835 0.06082001 0.1664775 0.4568095 0.4439556 0.1813994 0.0390441 0.05216459 0.06741515 0.198054 0.5003873 0.2144738 0.181177 0.08110243 0 0.04982489 0.01191648 0.2106191 0.2295509 0.08457592 0.07199462 0.0706578 0.2712257 0.2341439 0.3045549 0.1195998 0.06379453 0.06836232 0.2500118 0.159792 0.1164202 0.4141206 0.5741487 0.08013583
0.1494747 0.009964978 0.06692527 0.106912 0.1849225 0.1771791 0.09661029 0.1145439 0.100364 0.1055063 0.01577617 0.1155376 0.2711869 0.04416522 0.1375099 0.9800701 0.7836422 0 0.002266844 -9999 -9999 -9999 -9999 -9999 -9999 -9999 -9999 0.02075074 0.04033379 0.2202484 0.1936204 0.3906841 0.4112639 0.688619 0.1833925 0 0.08991352 0.02259634 0.009964978 0.006818815 0.07928943 0.1932446 0.2743693 0.2969269 0.06098675 0.01045379 0.395036 0.2440776 0.09341601 0.1893346 0.212561 0.720266 0.3551966 0.1667582 0.07599168 0.3280219 0.1259863 0.4522211 0.4258488 0.146307 0.334292 0.3356887 0.5488424 0.9282387 0.6962587
0.009964978 0.06975485 0.06975485 0.02887025 0.02377091 0.03985991 0.170338 0.05371312 0.0004450668 0 0 0.01992996 0.006110667 0.01992996 0.006597429 0.8285331 0.7802683 0 0.1068963 -9999 -9999 -9999 -9999 -9999 -9999 -9999 -9999 0 0.01992996 0.0315262 0.4729642 0.5552391 0.5175391 0.8873231 0.585069 0.4870662 0.3045056 0.2824506 0.2439542 0.2333077 0.2677189 0.0978213 0.05962446 0.06975485 0.1910195 0.3696568 0.1883349 0.452017 0.2325034 0.1514104 0.1577571 0.08582304 0.08481243 0.1399259 0.1007094 0.643864 0.2580817 0.1422398 0.08450833 0.3806254 0.2296187 0.3496457 0.669046 0.1585728 0.3577608
0.009964978 0.01763937 0.01875309 0.09258787 0.02426864 0.1609474 0.01405904 0.05613826 0.01992996 0 0 0.03412837 0 0.120837 0.6903607 0.4081031 0.5536473 0.1719425 0.386548 -9999 -9999 -9999 -9999 -9999 -9999 -9999 -9999 -9999 0.07322036 0.2340725 0.4144282 0.5877081 0.2964545 0.6703552 0.1241088 0.1556633 0.2417068 0.6700699 0.6510127 0.7916064 0.02572772 0 0.009964978 0.03123919 0.3754665 0.1282549 0.3639729 0.03764023 0 0.1348372 0.04838295 0.1431423 0 0.0173371 0.0369346 0.5833064 0.6045153 0.5038868 0.03884924 0.3041843 0.3188695 0.2273372 0.5175008 0.1247922 0.01652087
0.0469764 0.005428516 0.03142114 0.005389892 0.07059663 0.3179307 0.03365892 0.4150642 0.2399044 0.5309152 0 0.005731546 0.04254646 0.152117 0.6858817 0.4767744 0.48505 0.008310778 0.001812037 -9999 -9999 -9999 -9999 -9999 -9999 -9999 -9999 0 0.5072738 0.3255239 0.2913156 0.3115874 0.5619537 0.2164304 0.1081093 0.2014902 0.5869505 0.5297081 0.1072927 0.505663 0.1946614 0.176892 0 0.00309354 0.1867864 0.0482409 0.09964979 0 0.009994818 0.6206192 0.3861203 0.04963233 0.09658492 0.2166125 0.5203269 0.2692305 0.3965026 0.5337291 0.6120985 0.2053014 0.4630301 0.3206642 0.1066584 0 0.009964978
0.5411947 0.1968178 0.1925821 0.01319645 0.01666684 0.1185577 0.01193566 0.4273295 0.821177 0.8994066 0 0.01992996 0.09998275 0.2092903 0.07419352 0.09532199 0.304542 0.3652293 -9999 -9999 -9999 -9999 -9999 -9999 -9999 -9999 -9999 0.08398166 0.5233554 0.1779874 0.1015059 0.1394423 0.677914 0.588402 0.4356331 0.2953356 0.7609346 0.3494712 0.3780064 0.4085437 0.06988285 0.3429017 0.1491695 0.2088225 0.3095421 0.1242298 0.1861965 0.06140086 0.0868483 0.5742956 0.3852194 0.3553861 0.145879 0.01992996 0.02414202 0.302424 0.3218927 0.5935872 0.5182623 0.1059419 0.2983771 0.4561473 0.1936543 0.329386 0.2827581
0.2094751 0 0 0.03632355 0.2491188 0.1162289 0.2112483 0.5336846 0.9408163 0.9568552 0.3248276 0.4081767 0.1714109 0.08071999 0.503733 0.2170021 0 0.1159194 -9999 -9999 -9999 -9999 -9999 -9999 -9999 -9999 -9999 0.2749965 0.4994409 0.1832118 0.2586238 0.1183167 0.6261627 0.7902828 0.6011992 0.2295852 0.3828121 0.03324594 0.2447134 0.5889754 0.05635883 0.08684443 0.205888 0.27836 0.05841563 0.5280332 0.5269035 0.1426623 0.07722167 0.5366735 0.3231784 0.1889596 0.1968909 0.382873 0.1457227 0.2511187 0.8209726 0.2666376 0.03270252 0.2551982 0.5450385 0.3335862 0.1205671 0.1197099 0.3649023
0.02407783 0.2434021 0.006683239 0.1330421 0.1172139 0.788968 0.2181231 0.8707273 0.9095386 0.9808466 1 0.9476066 0.7800636 0.741579 0.4663914 0.02455976 0.04665387 0.3673724 -9999 -9999 -9999 -9999 -9999 -9999 -9999 -9999 -9999 0.3193091 0.6794971 0.6901086 0.3520655 0.3205076 0.5321582 0.8494056 0.2983223 0.4234508 0.4097486 0.2890299 0.454147 0.2220935 0 0.04989735 0.06407332 0.1479532 0.0521684 0.4685591 0.4769822 0.08744816 0.07711757 0.2224849 0.1744 0.07282396 0.3058266 0.9080201 0.2602442 0.05739677 0.2590269 0.5181149 0.1189571 0.8134779 0.3518213 0.4073279 0.1196891 0.3550635 0.1206355
0.1588102 0.598551 0.3251902 0.9319863 0.5172347 0.8790608 0.9439651 0.8818935 1 1 0.9347503 0.7588133 0.3920401 0.0790194 0.1616144 0 0.303234 0.7159835 0.02223934 -9999 -9999 -9999 -9999 -9999 -9999 -9999 -9999 0.310043 0.6355627 0.3725288 0.3835057 0.2452151 0.1015749 0.2290313 0.07332768 0.3948427 0.03567495 0.06495704 0.18168 0.2397637 0.7409557 0.06951143 0.0572607 0.1217526 0.05023748 0.6027222 0.4386582 0.1680023 0.3421192 0.08070685 0.2276589 0.2300211 0.5419381 0.5104201 0.06493065 0.0570311 0.475798 0.1947954 0.2191229 0.3870723 0.3238105 0.3150256 0.4490333 0.6381131 0.2936334
0.405858 0.6886645 0.6655352 0.9263763 0.9491826 0.6589394 0.09608279 0.268733 0.9580301 0.6768388 0.2826695 0.1462606 0.5625101 0.1076222 0.02656658 0 -9999 -9999 -9999 -9999 -9999 -9999 -9999 -9999 -9999 -9999 0.1364321 0.5598887 0.1349658 0.007635862 0.2537627 0.2179692 0.1052093 0.2910995 0.2442307 0.1627381 0.2103528 0.2053431 0.6077135 0.6553737 0.4399083 0.01891148 0.1493416 0.1814206 0.02219776 0.2774504 0.1009787 0.3510187 0.8733981 0.394064 0.4752835 0.2332072 0.2435936 0.3302385 0.3389861 0.2209999 0.08994347 0.1577499 0.003772949 0.02811208 0.2058569 0.83126 0.4883851 0.3953455 0.1428905
0.05695277 0.4767448 0.3538646 0.2540492 0.7568196 0.4825892 0.2094274 0.2529331 0.9357737 0.5056168 0.08351644 -9999 -9999 -9999 -9999 -9999 -9999 -9999 -9999 -9999 -9999 -9999 -9999 -9999 -9999 0.3164179 0.8971587 0.8008786 0.3078908 0.1870366 0.4809576 0.3617785 0.2538548 0.5653416 0.2046245 0.08050203 0.166006 0.5526828 0.7391775 0.6617575 0.4764896 0.350754 0.1935838 0.3317592 0.8449172 0.2799637 0 0.2165742 0.7613131 0.491328 0.6132203 0.5311729 0.6397673 0.5351666 0.7727736 0.2365432 0.06866461 0.08968481 0.01144023 0.03240532 0.3150859 0.5080033 0.1309795 0.2911888 0.7139804
0.03882943 0.08089891 0.2608446 0.003777355 0.4233772 0.5399558 0.2166839 0 0.1342218 0.1567066 -9999 -9999 -9999 -9999 -9999 -9999 -9999 -9999 -9999 -9999 -9999 -9999 -9999 -9999 -9999 0.5715489 1 0.9576654 0.7344992 0.9287748 0.8199266 0.9067274 0.367469 0.3754608 0.1812381 0.3257714 0.2786799 0.2891329 0.686394 0.32226 0.5717389 0.3358393 0.4168239 0.3572603 0.3042983 0.09615111 0.2286101 0.4086283 0.8293893 0.2879372 0.2006218 0.1850767 0.1089042 0.118921 0.11947 0.02416805 0.06037627 0.07504974 0.1058762 0.2831701 0.1318765 0.7347115 0.2873675 0.3140851 0.07326248
0.3466914 0.1183352 0 0.1400304 0.06227073 0.3682044 0.1565415 0.01848686 -9999 -9999 -9999 -9999 -9999 -9999 -9999 -9999 -9999 -9999 -9999 -9999 -9999 -9999 -9999 -9999 -9999 0.656392 1 0.5855357 0.3325147 0.4682597 0.8759944 0.7762209 0.387629 0.3025864 0.1193188 0.05399148 0.3262599 0.1779283 0.07544018 0.5509447 0.5899196 0.1517175 0.61173 0.23738 0.1678354 0.1049761 0.1817123 0.5412601 0.5642851 0.06517828 0.2563944 0.2606874 0.1404654 0.3474048 0.3539091 0.3015199 0.2266617 0.09420013 0.08438097 0.1945036 0.3140428 0.364823 0.5966452 0.3530827 0
0.03280469 0.06165756 0.3024149 0.0708929 0.06661722 0.09622452 0.02394245 -9999 -9999 -9999 -9999 -9999 -9999 -9999 -9999 -9999 -9999 -9999 -9999 -9999 -9999 -9999 -9999 -9999 -9999 0.01588384 0.2877068 0.1286115 0.6969471 0.1753061 0.5053646 0.3479069 0.3608193 0.3539824 0.3176112 0.09167524 0.029803 0.1318177 0.0975635 0.6996038 0.3294549 0.07182964 0.2284424 0.07153338 0.04379657 0.02773395 0.05518413 0.2223083 0.246693 0.1450519 0.1000842 0.2351531 0.04781843 0.2833984 0.2286065 0.03374013 0.0332616 0.2065673 0.07509872 0.1357886 0.2879199 0.4909217 0.2063672 0.401311 0.2660031
0.05977441 0.0103809 0.01542528 0 0 0 -9999 -9999 -9999 -9999 -9999 -9999 -9999 -9999 -9999 -9999 -9999 -9999 -9999 -9999 -9999 -9999 -9999 -9999 -9999 -9999 -9999 -9999 -9999 0.05978987 0.3647039 0.4347505 0.3580795 0.5609899 0.5494111 0.384919 0.02191481 0.3676071 0.1184996 0.2637264 0.1324245 0.04791364 0.1802877 0.1446868 0.09312735 0.463188 0.3090183 0.5572612 0.1248881 0.1498789 0.1139004 0.2048863 0.3196292 0.1265152 0.1233887 0.1930235 0.05580352 0.1426641 0.2045394 0.4964326 0.7072886 0.243178 0.5496175 0.4164933 0.6556841
