EnvRasters/GE_High/mxdfrst.asc
ncols         270
nrows         223
xllcorner     24099.479091542
yllcorner     21023.840179216
cellsize      1003.8986847201
NODATA_value  -9999
[rows 87 to 115 of 223, columns 65 to 129 of 270]
0 0 4.412164e-005 0.08009471 0.04021189 0.009964978 0 0.01992996 0.1135171 0.03170426 0.01190443 0 0.04725525 0.01992996 0.01699597 0.01323165 0.07262873 0.01867275 0.05600943 0.03229965 0 0 0.05414748 0.07004302 0.0342975 0 0.02544383 0.03434604 0.009964978 0.009964978 0 0.009964978 0 0.01992996 0.001722085 0.0270641 0.009964978 0 0 0 0.00987679 0 0 0 0 0 0 0.01992996 0.03175855 0.02989493 0.03793245 0.01427654 0.04402301 0.02741122 0.05980559 0.005764819 0.02589172 0.0541812 0.01992996 0 0.005038554 0 0 0.00406201 0.04982489
0 0.02824305 0.001651886 0.009964978 0 0 0 0.06546709 0.2715206 0.03565299 0 0 0.09980031 0.01992996 0.002933983 0 0.007091097 0.03731873 0.06975485 0 0.02989493 0 0.01992996 0.114969 0.01552739 0 0 0 0.02989493 0.009964978 0 0 0.009964978 0 0.008242894 0 0.01992996 0 0.01992996 0 0 0 0 0.01110381 0.02781811 0.1175216 0 0.008298314 0 0 0.05978987 0.04982489 0.0197152 0.06587146 0.02989493 0.009964978 0.167661 0.3925891 0.144641 0 0.04238958 0.03733024 0 0.01586795 0.01992996
0 0 0.01011662 0.01992996 0.05978987 0.01992996 0.009964978 0.08466977 0.1724578 0.1808978 0.1674488 0.02989493 0.0123841 0 0.009964978 0 0.02989493 0.003798397 0 0.009964978 0 0 0.01992996 0.05941429 0.02989493 0.04569404 0.02420922 0.01384356 0 0 0.009964978 0.01992996 0 0.008242711 0.01168725 0.008799317 0.01113064 0.009964978 0 0 0 0 0.009964978 0 0.0009379905 0.01202313 0 0.001666665 0.01233321 0.04756265 0.09683318 0.02393859 0.02406797 0.03900206 0.009964978 0.009964978 0.4545692 0.2448662 0.1363124 0 0 0 0 0.009964978 0
0 0.05076754 0.009813337 0 0 0.02989493 0.1477263 0.05860097 0.06373052 0.1559347 0.1959403 0.1055856 0.0922886 0.009964978 0 0 0 0 0.009964978 0.009964978 0.009964978 0 0.01501624 0.2790677 0 0.03188447 0.05025911 0.0234442 0 0 0 0.009964978 0.009964978 0 0 0.01992996 0 0.02989493 0.009964978 0 0.0002101601 0.0002992528 0 0.009964978 0 0.009964978 0.009964978 0.03985991 0.05355832 0.04223636 0.009964978 0.01645986 0.006027197 0 0 0.1802842 0.03230521 0.1762748 0 0.009964978 0.01992996 0.02989493 0 0 0.02387101
0.05225186 0.03891727 0 0.02929184 0.07006621 0.2192583 0.1114845 0.03032158 0 0.04304948 0.0234114 0.2551283 0.01992996 0.02536135 0.03442852 0 0.02327936 0 0.01606265 0 0.02989493 0.01538603 0.1162217 0.08335847 0 0.07597036 0.05753004 0.02315793 0.02989493 0.06975485 0.04982489 0.05978987 0.03843188 0.171929 0.02682911 0 0.03959713 0.06005265 0.02989493 0 0.01082148 0.01883232 0 0 0 0.03985991 0 0 0 0.05978987 0 0.05722153 0 0.03690121 0.1261436 0.1896829 0.001734162 0.00976552 0.1097076 0.009964978 0 0.02989493 0.009964978 0.009964978 0.006023925
0.08292586 0.009964978 0.009964978 0.01992996 0.2693508 0.1300771 0.07025207 0.009236436 0 0.001603212 0.03002376 0.04187519 0.007679521 0 0 0 0.006615576 0.02638635 0.04372722 0.08924555 0.06374209 0.1171173 0.03942269 0.1295447 0.01992996 0.05639667 0.2254041 0 0 0 0 0 0.002604827 0.007770917 0.07256585 0.04121242 0.01150282 0.05996154 0.009793313 0 0.02962665 0 0.009964978 0 0 0 0.01870925 0.009964978 0 0 0.009964978 0.08228817 0.004788614 0.05795996 0.003401114 0 0.02808684 0.08532431 0.3012453 0 0 0.007657674 0.01227228 0 0.009964978
0 0 0 0.02989493 0.06044598 0.1494803 0.06902522 0.01992996 0.01171856 0.008211398 0.011782 0.1398568 0.05859953 0.01695907 0.04982489 0.009964978 0.02989493 0.01273803 0.01340286 0 0.03664647 0.002139375 0 0 0 0 0 0.009964978 0.009964978 0.01992996 0 0 0.007360152 0.01227792 0 0.001870533 0.008427138 0 0 0 0 0.0002570401 0 0 0.002640265 0.03721965 0.04108063 0 0 0.01836685 0.110469 0.02931035 0.1515994 0.01982325 0 0.07281705 0.08979392 0.2718115 0.05321938 0 0.009964978 0.03985991 0 0 0.03405334
0.01992996 0.0008001669 0 0 0.04009509 0 0.0007296332 0.06810217 0.06167357 0.04024231 0.1141224 0.2061284 0.02365804 0.009964978 0.01383078 0.01606415 0.004370362 0.06069962 0.01194751 0 0.009964978 0 0 0.009964978 0.009964978 0 0.009964978 0 0.009964978 0 0 0 0 0.01761702 0 0.01805943 0 0 0 0 0 0.01967292 0.009964978 0.01941786 0 0 0.1295447 0.01332983 0.03502889 0.01639907 0.005305189 0.07337561 0.167264 0.044134 0 0.03679772 0.01276152 0.004886959 0.009964978 0.03743841 0.02020826 0.01210818 0 0 0.005806569
0.01965909 0.009481507 0 0 0 0.01992996 0.004762009 0.08657547 0 0.1353453 0.07866244 0.1815462 0 0 0 0.01436933 0.02895117 0 0 0.01545651 0.004473444 0.009964978 0.02989493 0.006786914 0.003178065 0 0.009964978 0.02989493 0 0 0 0 0 0 0 0.009964978 0 0 0 0 0.02989493 0 0 0.0005120988 0 0 0 0.1647725 0.06879449 0.0184045 0.1082227 0.03314928 0.07878249 0.07952642 0.03985991 0 0 0.005968854 0 0.009964978 0.009964978 0 0 0.02989493 0.009964978
0.0003409822 0.01992996 0.05270338 0.3537061 0.1255461 0 0.009964978 0 0.07295209 0.3022385 0.1060695 0.08478531 0.107541 0.02989493 0.009964978 0.05978987 0.05632929 0.02989493 0.01992996 0.05978987 0.01992996 0.02558314 0 0.01347971 0.01134874 0.05493731 0.004852558 0.02989493 0 0 0 0 0 0 0.03985991 0.009964978 0 0 0 0.01992996 0.009964978 0 0.009964978 0 0 0.009964978 0 0.005649612 0.1138725 0.02495065 0.1078635 0.02783703 0.09012721 0.03443548 0.05631792 0.05700055 0.003248446 0.06450389 0.06320315 0 0 0.04982489 0 0 0
0.03205483 0.1461879 0.4301628 0.2918055 0.009941539 0 0 0 0.1854794 0.1360134 0.008958061 0.001144647 0.04193364 0.009964978 0 0 0.07971983 0 0 0 0 0.1338565 0.01992996 0.02356648 0.07118481 0 0.009964978 0.04982489 0 0.01992996 0.1228591 0 0.009964978 0 0.009964978 0.01992996 0.001717932 0 0.00119745 0.009964978 0.009964978 0 0 0.02989493 0 0 0 0.01336242 0.0650249 0.009964978 0.04751552 0.06650579 0 0.01544413 0.05945812 0.00334458 0 0.02671942 0.009009325 0 0.009964978 0 0 0 0
0.03769475 0.2658277 0.01853496 0.009572033 0.009988419 0 0 0 0.03375388 0.007092363 0 0 0 0.01992996 0.007541704 0 0 0.006760982 0.009964978 0.01992996 0 0 0.009964978 0.1096148 0.009964978 0.1382703 0.003551355 0.02989493 0.01757948 0.01992996 0.006685602 0.0328564 0 0 0 0.001972552 0.03814198 0 0.03866246 0.009964978 0 0 0 0 0 0.009964978 0 0.07102969 0.3107499 0.04504852 0.137646 0.0437423 0.01992996 0.009964978 0.07971983 0 0 0 0 0.009964978 0.009964978 0 0 0 0
0 0.01135791 0.05778102 0.009964978 0.07168739 0.1277607 0 0.009964978 0.009964978 0.009964978 0.0398543 0.01153508 0.08968481 0.009803214 0.02756452 0.009964978 0 0.02694692 0.03985991 0.009964978 0.06725025 0.07338756 0.08456074 0.1922288 0.07689723 0.08561994 0.05388976 0.06886185 0.004878568 0.09964979 0.01992996 0.006957083 0 0 0 0 0 0.01224459 0.02629899 0 0 0 0 0 0.004566047 0.005398932 0.03040135 0.3877806 0.03486738 0.05743746 0.05163145 0.007892559 0 0.03420162 0.03555323 0 0 0.02203744 0.001624854 0.009964978 0 0 0 0 0.009964978
0 0.06474938 0.04486538 0.03985991 0.01229328 0.1171029 0 0.009372553 0 0 0.04122744 0.03822653 0 0.04252325 0.02184939 0.009964978 0 0.1424577 0 0.04982489 0.05382085 0.01992996 0.03985991 0.02989493 0.008730757 0.001234222 0 0.02499463 0.02673479 0.09964979 0.01992996 0.01634865 0 0 0 0 0 0 0 0 0 0 0 0 0 0 0.05512329 0.1453674 0.02857159 0 0.06633803 0.04534916 0 0.05739012 0.03953103 0 0 0 0 0 0.005622845 0 0 0 0
0 0 0 0 0.009964978 0 0 0.0005924259 0 0 0.04321157 0.1003789 0.02008525 0 0.009964978 0 0 0 0.01430405 0.07538076 0.03985991 0.009964978 0 0.009964978 0.01992996 0 0.04428227 0 0.04383986 0 0 0.0534062 0.009964978 0.00270477 0 0 0 0 0 0.001221398 0.02379918 0.006796673 0.03424269 0.0155822 0 0.009964978 0.0712669 0.0112983 0.06995742 0.01646904 0.01342589 0 0.007338973 0.06241588 0.05255353 0.008304001 0.001660977 0 0 0 0.064132 0 0 0.01079066 0.09808972
0 0 0 0.05978987 0.0003071763 0 0.03956854 0.01992996 0.03850282 0.09104191 0.04733676 0.02591346 0 0.009964978 0 0.07971983 0.02989493 0 0.009964978 0 0.02778172 0.002113215 0 0 0 0 0.0155076 0.04291093 0.02999341 0.02989493 0 0.01310654 0.01992996 0.007260208 0 0 0 0 0 0.008743581 0 0.06905393 0.02041706 0.009983649 0 0 0.0006523355 0.01601654 0.02496415 0.02989493 0 0.007372959 0.03814325 0 0.04251906 0.03718103 0.0212266 0.01852796 0.001401998 0 0 0 0 0.01992996 0.01069936
0 0 0 0 0.1795201 0.003573128 0.1760879 0.009964978 0 0 0.04889965 0.01475712 0 0.02798445 0 0 0.01992996 0.009964978 0 0 0 0.01992996 0 0.009964978 0 0 0 0.01718227 0.05540811 0.01992996 0 0.00682342 0 0 0 0 0.04982489 0 0 0.02989493 0.001925858 0.009964978 0.03927442 0.05009983 0.06975485 0 0.009964978 0.03985991 0 0 0 0 0.1139234 0.01992996 0.03931706 0.03912587 0 0 0 0 0 0 0 0.01992996 0
0 0 0.009964978 0.04313668 0.03612545 0 0 0.009964978 0 0 0 0.009964978 0.009964978 0.05068744 0.07080279 0 0 0.01694686 0.02989493 0 0 0 0.03067267 0.05026137 0 0.01992996 0 0 0.009964978 0 0 0 0 0.01992996 0.01992996 0 0.009964978 0 0 0.01992996 0.1186763 0.02478013 0.02504476 0.00976976 0.01992996 0.009964978 0.01992996 0 0.009964978 0.1168995 0.03257513 0 0.07408489 0.04103358 0.01992996 0.03985991 0.05978987 0 0 0.01992996 0 0.06975485 0 0 0
0.03273966 0.001279231 0.06975485 0 0 0.03985991 0.1316166 0.1072688 0.06975485 0 0 0.05978987 0.006301968 0.00366301 0.03985991 0.009964978 0.01992996 0.002983097 0 0 0.009964978 0 0.008411357 0.0003394129 0 0 0.03021336 0.03413254 0 0 0 0 0 0.01992996 0 0 0 0 0 0 0.00894261 0.009964978 0.01992996 0 0 0 0.04982489 0.009964978 0 0.199845 0.04927947 0.01992996 0.01209152 0.03222967 0.03728534 0.009344964 0.0006200146 0 0 0 0.009964978 0.01992996 0.009964978 0 0
0.04698016 0.01865073 0.009964978 0 0.0351124 0.01582839 0.03016905 0 0.04982489 0.02851252 0.03601097 0.02145962 0 0.02989493 0 0.0473351 0.002489789 0.04982489 0.01992996 0.009964978 0.009964978 0.01992996 0 0 0.009964978 0.01503586 0.06950813 0.005025719 0 0 0.01992996 0 0 0.01992996 0 0.01992996 0.02073486 0.01313414 0 0 0 0.009964978 0 0 0 0 0 0 0 0.09964979 0.03675543 0 0.04641435 0.04115869 0.002574574 0 0.08968481 0 0 0 0 0 0.009964978 0 0.04982489
0 0.02989493 0 0.06485511 0.1342322 0.009964978 0.02500452 0.004890416 0.04546506 0.03563718 0.02089568 0.01042653 0.04335767 0.0662571 0 0.04982489 0.009964978 0.007199238 0 0 0.06975485 0.02989493 0 0 0 0.1145089 0.1606379 0.004080562 0 0 0 0 0.009964978 0.05299515 0.04773819 0.2640969 0.1811458 0.09955645 0.05635794 0 0 0 0.04982489 0 0 0 0 0.009964978 0.009964978 0.008117558 0.0547768 0.009964978 0.05986232 0 0 0 0 0 0 0 0 0 0 0.002439176 0.007525802
0.1729836 0.08442395 0.02391733 0.04211867 0.1230848 0.05978987 0.01509159 0.0347333 0.02566522 0.01419469 0.02319801 0.01246734 0.002666737 0.01822558 0.01576651 0.05756501 0.08788971 0.03445578 0 0 0.02297294 0.009964978 0.009964978 0 0.009964978 0 0.0006538248 0.004662275 0 0 0 0 0.05308118 0.3012034 0.3573292 0.2119971 0 0 0 0 0 0.0138746 0.0003090966 0 0 0 0 0 0 0 0.008525981 0.01140398 0.05986232 0 0.02989493 0.009964978 0.07971983 0 0 0.001456087 0.008508892 0 0 0 0
0.03985991 0.05978425 0.07971983 0.01564355 0.0151642 0.009964978 0.06544456 0.02443001 0.06542864 0.173296 0.09945768 0.001292909 0.03031072 0.06149425 0.09182597 0.1227956 0.1000162 0.02717 0.1343506 0.03193871 0.04678191 0.009964978 0 0 0 0.05978987 0 0.001994901 0.007970078 0 0.01276876 0.007161194 0.02010233 0.1509214 0.009964978 0.09964979 0 0.1594397 0.1147836 0.01992996 0 0.06192753 0.0771637 0.03985991 0.009964978 0 0.009964978 0 0 0 0.05446332 0.02090052 0.001966856 0 0 0 0.02138279 0.02814229 0.0146331 0.006248889 0.02989493 0 0 0 0
0.01748548 0.02442669 0.009964978 0.03564034 0.07411933 0.02989493 0.009775216 0.009836833 0.1781988 0.03915924 0.02083321 0.03724583 0.002614085 0.08631041 0.03629962 0.1853295 0.08970076 0.02306331 0.03358398 0.01017935 0.01645055 0.03509732 0 0.01163597 0.1616271 0.03083522 0.1113331 0.1972331 0.2967363 0 0.132671 0.03957316 0.1028118 0.04982489 0.01666127 0.04906273 0.01220278 0.001951538 0.04465607 0 0.0312219 0.02989493 0.07591957 0.04695826 0.01283161 0.01761993 0.01227501 0 0 0 0.01432096 0.01829017 0.01992996 0.1910824 0.13484 0 0.009393569 0.03311163 0.01291636 0.043576 0.009964978 0 0 0 0
0.1860957 0.0600942 0.04490631 0.02855013 0.009964978 0.06554902 0.02413579 0.01009312 0.01157057 0.03014956 0.06415224 0.0554275 0.09552473 0.06533594 0.4268904 0.223256 0.11207 0.02936705 0.03739138 0.01992996 0.1178333 0.3323876 0.009964978 0.0004827455 0.510432 0.6807431 0.3615533 0.8595399 0.7876132 0.2027537 0.02638613 0.1361019 0.1098931 0.04594402 0.04756608 0.07097749 0.2969899 0.08255702 0 0 0.05846291 0.01992996 0.01686309 0.1653971 0.09936017 0.2103692 0.1075914 0.009964978 0.1195797 0 0 0.02156974 0.08968481 0.0488877 0.124739 0.133097 0 0.06975485 0 0 0 0 0.07971983 0 0
0 -9999 -9999 -9999 0 0 0 0.006632539 0.06971334 0.1192381 0.02739291 0.04236194 0.115819 0.1103121 0.06975485 0.1037429 0.1284103 0.1186097 0.07276203 0.04981413 0.007218819 0.4974752 0.009964978 0.03169585 0.2642933 0.4274858 0.2023724 0.2343533 0.09683731 0 0.05901753 0.2993819 0.08324759 0.09569312 0.01992996 0.02009919 0.06055467 0.01899593 0.04169612 0 0.009964978 0.02093339 0.02857336 0.2139419 0.09596211 8.661639e-005 0.009988345 0 0 0.04705784 0.009618992 0.1199257 0.05978987 0.009964978 0 0.2077346 0.1472455 0.01839794 0 0 0.01271431 0.1494675 0.09014511 0.009964978 0.01992996
-9999 -9999 -9999 -9999 -9999 -9999 -9999 0.02673567 0.1452391 0.2035301 0.07419965 0.01220676 0.009964978 0.04292326 0 0.009964978 0.0469384 0.01257287 0.0002188516 0.02967608 0.06975485 0.009964978 0.01132306 0.05663087 0.04372932 0.03900807 0.009964978 0.009964978 0 0.003644517 0.06828548 0.1321831 0.2035958 0.04381658 0.02989493 0.03523529 0.03451956 0 0.01809376 0 0 0.1262448 0.3634076 0.002388905 0 0 0.09964979 0.01895726 0.0009727021 0.04262696 0 0 0.003550887 0.05437415 0.009964978 0.09012344 0.02989493 0 0.01992996 0 0.01992996 0.2225813 0.05089182 0.01992996 0
-9999 -9999 -9999 -9999 -9999 -9999 -9999 -9999 0 0.04946607 0.0665093 0.3643593 0.1278097 0.06682517 0.02989493 0.009964978 0.06001847 0 0.05978987 0 0.02989493 0 0.01992996 0 0.1554989 0.04526684 0 0.009964978 0 0.162 0.1637074 0 0.08266092 0.009964978 0.01595707 0.00270978 0 0.04315755 0.008500252 0.009964978 0.1595962 0.3472101 0.0678626 0.03985991 0.04090859 0.2017254 0.1295447 0 0 0.01896405 0.008881538 0 0.001072354 0.03068742 0.007704161 0 0.009964978 0.01992996 0 0.052848 0.02989493 0.09925489 0.2177295 0 0
-9999 -9999 -9999 -9999 -9999 -9999 -9999 -9999 0 0.01826314 0.07407206 0.05092638 0.05983541 0.004016311 0.06975485 0.2236483 0.05962811 0.1604918 0.05610916 0.0009916115 0.01042545 0.1081627 0.04670419 0.2846737 0.6613983 0.1350434 0.01992996 0.02989493 0.0145689 0.06917806 0.1889276 0 0.006526524 0.009964978 0.06376276 0.02718516 0.105841 0.19902 0.03883713 0.1270143 0.1523271 0.009964978 0.009964978 0 0.2764234 0.1187013 0 0.05939717 0.01992996 0.100668 0.04711751 0.03668796 0.2677085 0.01992996 0.05958624 0.01819984 0.1574833 0.01252499 0 0.1230841 0.01992996 0.04372032 0.0814444 0 0.005226254
