EnvRasters/GE_High/mxdfrst.asc
ncols         270
nrows         223
xllcorner     24099.479091542
yllcorner     21023.840179216
cellsize      1003.8986847201
NODATA_value  -9999
[rows 87 to 115 of 223, columns 130 to 194 of 270]
0 0.08414348 0.09568333 0.03985991 0.009964978 0.01462448 0.02079559 0.04318072 0.1027053 0.03005972 0.02989493 0.01992996 0.009964978 0.02279981 0.1564442 0.009964978 0.211083 0.01755603 0.05253479 0.09447211 0.07200174 0.03658697 0.04982489 0.02226425 0 0.005190941 0.004774038 0 0 0.006278127 0.02361681 0.06517125 0 0 0 0.008156136 0.0217388 0.009964978 0.01992996 0.07486778 0.0951831 0.002853754 0.02979975 0 0.007851395 0.001234423 0.008730555 0 0.03985991 0.002399682 0.01753028 0 0 0 0.02937447 0 0.0378879 0.07569676 0.01353423 0 0 0 0.009964978 0 0.04370926
0.009964978 0.04328834 0.009964978 0.03579567 0 0.01992996 0.04982489 0.1853605 0.3252046 0.1210996 0.0008342337 0.009130745 0 0.009964978 0.09970989 0.02968338 0.08831576 0.08792667 0.03921839 0.0108555 0.03832113 0.01992996 0.02989493 0.02989493 0 0 0.01992996 0.04290289 0.1023861 0.06338812 0.03582538 0.04440625 0 0 0 0 0.01863363 0.02122628 0 0.02305058 0.0629592 0.007206413 0 0 0.01992996 0 0 0.009964978 0 0.009964978 0 0.003216528 0.04032039 0.04555855 0.0005204678 0 0.05091789 0.001223118 0.03135227 0 0.009964978 0.01992996 0 0.004965954 0.02809829
0 0.009964978 0 0.0587168 0.1086123 0.02204634 0.009842146 0.01008781 0.04219064 0.02711709 0 0.02160355 0.009964978 0.03985991 0.08975032 0.03010649 0.06582343 0.1076466 0.1368984 0.3707046 0.1210105 0.05978987 0.02989493 0 0.009964978 0.04708338 0 0.05507452 0.03511708 0.01596531 0.1707098 0.01725448 0 0 0.009964978 0 0.009964978 0 0.009964978 0 0.006795648 0 0 0.03471296 0 0.009964978 0.01992996 0 0 0 0 0.003606889 0.01632307 0.06037922 0.009641463 0.09920308 0.03539209 0.004914529 0.02989493 0.009964978 0 0 0 0.009161303 0.01371498
0 0.05041764 0.01637999 0.03391837 0.03985991 0.09421428 0.01260035 0.01082242 0.01907251 0.02989493 0.05228404 0.04687466 0.03058298 0.02017559 0.05978987 0.01273723 0.01808652 0.01992996 0.278203 0.5797116 0.1561991 0 0 0 0 0.002741513 0.06203856 0.02764625 0 0.03105755 0.05262693 0 0.009964978 0 0 0.02989493 0 0.009964978 0.01992996 5.906532e-005 0.009905913 0 0.001024093 0.02405282 0 0.01203006 0 0.01148355 0.01992996 0 0.01355381 0.03627109 0 0.02292389 0.03683433 0.04982489 0 0.009964978 0 0 0 0 0 0 0
0.003185282 0.09437438 0.05178921 0.02989493 0.0449648 0.1447229 0.008113139 0.02355161 0.02083216 0.03895771 0.01874745 0.1004884 0.03917187 0.0619941 0.02312299 0.01429386 0.01949335 0.03358813 0.2037181 0.1366498 0.009964978 0 0 0 0 0.02616186 0.01369805 0.009964978 0 0.009964978 0.009964978 0 0 0 0 0 0.009964978 0.009964978 0.04363696 0.08784104 0.042159 0 0.001336382 0.05109448 0 0.0078999 0 0.0582713 0 0 0.009964978 0 0 0 0.02028512 0 0.1096148 0 0 0.01992996 0 0 0 0 0
0.01916811 0.02076426 0.2235939 0.05221871 0.06432644 0.03002887 0.03126276 0.0862221 0.07782142 0.02178065 0.1250713 0.11612 0.02291343 0.002788177 0.04996868 0.06987496 0.007082832 0.05299778 0.07844458 0.1812535 0.04026834 0.005098564 0 0 0 0 0.009964978 0 0 0 0 0 0.03985991 0 0.02989493 0.03985991 0.009964978 0 0.04604784 0.03448029 0.06471418 0 0 0.007359014 0 0.009964978 0 0 0 0 0.03985991 0.009964978 0 0 0.02989493 0.05978987 0.08144322 0.008241588 0 0 0 0 0.02749866 0 0
0.04509135 0.03457081 0.04952572 0.04240366 0 0.09340528 0.02963751 0.01903785 0.02989493 0.0229852 0.07803391 0.06350619 0.08973738 0.01992996 0 0.00376081 0.006464052 0.08039628 0.08724824 0 0 0 0 0 0.006317938 0.03354198 0 0 0 0.009964978 0.02989493 0 0 0 0 0.009964978 0 0 0.01992996 0 0 0.009964978 0.009964978 0 0 0 0 0.009964978 0 0 0.01519859 0.07705789 0.06033846 0.1097014 0.04960902 0 0 0 0 0 0 0 0.002396278 0 0
0.02989493 0.1054514 0.0004733822 0.5488163 0.0199447 0.01943086 0 0 0.009964978 0.04821684 0.1007757 0.08180809 0.009964978 0 0 0 0 0 0.0323315 0 0 0 0 0 0 0.01992996 0 0 0.009964978 0 0.009964978 0 0.009116889 0.04070801 0 0.009964978 0 0 0 0 0 0 0 0 0 0 0 0 0.009964978 0.03524806 0.04346154 0.0294132 0.01929472 0.02989493 0.02014583 0 0.02630764 0.003587301 0 0 0 0.008025894 0 0 0
0.05888506 0.1452587 0.07001208 0.04732945 0.0104548 0.02697144 0.0146925 0.01992996 0.04176901 0.1676622 0.02357986 0.1582723 0.1200843 0.0534429 0 0.009964978 0 0 0 0 0 0 0.008230708 0.005247006 0.3003284 0.208172 0 0 0 0.01634798 0.01992996 0 0.009964978 0 0.01992996 0.02989493 0 0 0 0.009964978 0 0 0 0 0 0 0 0 0 0.008885271 0 0 0 0.009964978 0 0 0 0.009964978 0.01992996 0 0 0.01190406 0.009964978 0 0
0.02989493 0.06846981 0.08321077 0.08610317 0.1117407 0.0329858 0.04979654 0.01215472 0.1874255 0.1189325 0.1407753 0.04422918 0.02023428 0.007068465 0 0.009964978 0 0.009964978 0.01992996 0 0 0 0.001734271 0.01140821 0.002988201 0 0 0 0 0.00358198 0 0.009964978 0 0 0 0.01992996 0 0.01992996 0 0 0 0.01316742 0.01992996 0 0 0 0 0 0.009964978 0 0 0 0 0 0 0 0.009445977 0 0 0 0 0 0 0 0
0 0.02688855 0.08914258 0.2741116 0.3678103 0.1381443 0.02818812 0.08197641 0 0.06975485 0.02297098 0.01016755 0.01992996 0.0690745 0.0403785 0 0 0 0 0 0.02989493 0 0.00682832 0.003136658 0 0 0 0 0.04848817 0.07109157 0.01992996 0 0.02989493 0 0 0.009964978 0 0.001324145 0.01860581 0.0007880901 0.002929213 0.01672752 0 0.01992996 0.009964978 0.003862855 0.01207524 0 0.009964978 0 0 0 0 0 0 0.009964978 0.02044896 0 0.03985991 0 0 0 0 0 0.01992996
0.02029731 0.03094901 0.1154408 0.2398199 0.4949017 0 0 0.03541359 0.07971983 0.04167408 0.1862936 0.04852559 0.02989493 0 0.03934133 0.009964978 0.04507047 0.004754426 0 0.009964978 0 0.02655805 0.003336889 0 0 0 0.007276981 0.009964978 0.03762888 0.03212597 0.07800405 0.1013656 0.00561144 0 0 0 0 0.0961888 0.01992996 0.001326877 0.02485076 0.07312822 0.009964978 0.03985991 0.09964979 0.04982489 0.1335366 0.03985991 0 0.1395097 0.009964978 0.01076197 0.01992996 0.009964978 0 0 0.01992996 0.03759188 0.02219799 0 0 0.03985991 0.08751505 0.05978987 0.03694623
0.01854143 0.009964978 0.05137343 0.0781713 0.2962819 0.1235336 0.06472448 0.06290647 0.07240521 0.3244879 0.01275449 0.1344943 0.08239333 0 0.05930855 0 0 0 0.02626964 0.02355525 0.009964978 0.01847425 0.01757402 0.02601797 0.02416627 0 0 0 0 0.006667187 0.01001763 0.02031236 0.08991106 0.03919861 0.001322008 0.008642971 0.1096148 0.009964978 0 0.009964978 0.002965799 0.01696416 0.01992996 0.01992996 0 0 0 0 0.02819273 0.02989493 0.02593902 0.06538706 0.08706437 0.07971983 0.02001808 0.04956968 0.0008635303 0.03125292 0.009964978 0 0 0 0 0.07208637 0.04982489
0.01135351 0 0 0.01992996 0.2091511 0.5816148 0.5701593 0.1769161 0.2898238 0.09347192 0.004113267 0.01581669 0.009964978 0 0.02989493 0 0 0.009964978 0 0 0 0.02259591 0.01992996 0 0.001996588 0.04637973 0.09334251 0 0 0.05310523 0.1459545 0.05978987 0.04982489 0.01620908 0.004736865 0.005100122 0 0 0 0 0 0 0.003278437 0 0 0 0 0.009964978 0 0.01992996 0 0.02599343 0.07998279 0.02332867 0.06478807 0.05495877 0.01813832 0.06098236 0 0 0.00848101 0.02782867 0.02027804 0.1096148 0.02731796
0 0 0.06975485 0 0.2487233 0.7324407 0.5780548 0.1419035 0.2616663 0.1173542 0 0.004833979 0.02506096 0 0 0.05577208 0.01024328 0.003739487 0 0 0.009964978 0.009964978 0.03850269 0 0 0.002236425 0.017481 0 0.009877412 0.05662045 0.0497412 0.0007733648 0.03093307 0.005050847 0.007453002 0.03120493 0 0 0.02434783 0 0 0 0.01665152 0 0 0 0.009964978 0 0.01992996 0.01146816 0 0.05790706 0.1387219 0.1819566 0.03001884 0 0.01992996 0.0005991499 0 0 0.001483968 0.001718185 0.04583078 0 0.07313095
0.02989493 0 0.1011326 0.04692895 0.1027789 0.05795582 0.07958208 0.08443116 0.009964978 0.009964978 0 0 0 0 0.01992996 0 0.02989493 0 0.02954703 0 0 0.04786728 0.0232448 0.03534709 0.0009803855 0.01921568 0.02064424 0 0.02989493 0.02318694 0.0135863 0.02235479 0.03894959 0.007771537 0.1587277 0.009964978 0 0.04215154 0.08235532 0.009964978 0 0 0.02332727 0.009964978 0 0.05978987 0.06536235 0.03030336 0.06377394 0.06825167 0.01992996 0.3460075 0.05069027 0.1538593 0.04776913 0.1199882 0.03141837 0 0 0.008808083 0.09825867 0.009964978 0.05618468 0.05315861 0.009964978
0 0 0.05228249 0.1335855 0.2821319 0.1126964 0.04278542 0.02989493 0.03447077 0.1849923 0.03235694 0.04127602 0 0.02989493 0.0006614106 0 0 0 0.06013778 0.01929016 0 0.02647417 0.09310558 0.03090739 0.03060405 0.009964978 0 0.00020666 0.0197233 0.08468768 0.04826371 0.0274701 0.01060993 0.004322196 0.04686201 0.01992996 0.004953141 0.0404799 0.009964978 0 0.01992996 0 0.02649762 0.03486673 0.004993188 0.05540534 0.02431449 0.1099418 0.01379291 0.009964978 0.1746582 0.1042229 0.2213492 0.009964978 0.05652471 0.04312508 0.02989493 0.009964978 0 0.05077976 0.1958765 0.00975859 0.01081573 0.1408772 0.009964978
0 0.0049607 0.07464941 0.02250851 0.05650746 0.1995003 0.06372117 0.03019926 0.08086773 0.04354669 0.071472 0.0384438 0 0.04982489 0.0391985 0 0.03985991 0 0.007536795 0.01303296 0 0 0.04478722 0.00935016 0.1313556 0 0.03985991 0.03985991 0.0007972514 0.1394432 0.1553022 0.02164019 0.08797458 0.005702219 0.03533692 0 0.005011837 0 0.01992996 0 0 0.09964979 0 0.04982489 0 0 0 0.08552984 0 0 0.02596562 0.02659912 0.1526608 0 0 0.009964978 0.05797918 0.218506 0.07032301 0.09588669 0.2593176 0.2412129 0.1415822 0.1314809 0.03933475
0 0.01992996 0.006134251 0.01992996 0.01370963 0.006220323 0.01701007 0.002628 0.01992996 0 0.1180335 0.02989493 0 0 0.08541133 0.03060769 0.03587461 0.019933 0 0 0.008613882 0.01131608 0.05201066 0.1016327 0.02989493 0 0.009964978 0.01737917 0.02705788 0 0.009964978 0.009964978 0 0.02255551 0.02187383 0 0.009964978 0 0.01992996 0.009964978 0.009964978 0 0.001808027 0.01483979 0 0.002755879 0 0 0 0.03472739 0.09111903 0.1320061 0.04898918 0.0005438326 0.02061316 0.1505217 0.03962677 0.2367446 0.1612298 0.1715996 0.5746108 0.2717605 0.01992996 0.08285984 0.1813467
0 0.009964978 0.02989493 0.01731769 0.009964978 0 0 0.02726694 0 0 0.00798758 0 0 0 0.04740595 0.007378513 0.06006818 0.06209499 0 0.1859313 0.01062544 0 0 0.001483804 0 0 0.007694833 0.01251577 0.05867808 0.1235286 0 0 0.01250002 0.02161125 0.06112878 0 0.02989493 0.1041814 0 0 0.03985991 0.02989493 0.6176295 0.3768751 0 0.01362231 0.03583262 0.009964978 0.001943512 0.1223778 0.02644864 0.08160499 0.01992996 0.04928106 0.07623381 0.03165071 0 0.0907395 0.09099466 0.1085786 0.07659604 0.04540072 0.009964978 0.08000645 0.5843461
0 0.003169988 0.04665491 0.02254223 0 0 0 0 0.04982489 0.009964978 0.002070254 0 0 0.03365184 0.006208069 0.02115577 0.008295746 0.08174173 0.1616761 0.306014 0.1917949 0.02086467 0 0 0 0.03590694 0.05748246 0 0.01146488 0.06825495 0 0.001609711 0.004700226 0 0.0143895 0.01992996 0 0.2346279 0.009964978 0.0688296 0.03459316 0.07593381 0.2610449 0.2026195 0 0 0.007579057 0.00723006 0.02072136 0 0 0 0 0.04829324 0.07184512 0.03968973 0.05002512 0.09058219 0.01054015 0.07249188 0.03985991 0.07977986 0.2689017 0.3628535 0.4233312
0.009964978 0 0 0 0.01992996 0.01677473 0.02989493 0 0 0 0.007894725 0 0 0 0.007542619 0.08091637 0.03990634 0.03040839 0.1814205 0.2171975 0.02989493 0.01992996 0 0.03985991 0.009964978 0.003952979 0.05664203 0.0452779 0.04982489 0 0 0.01546322 0.06697272 0.009964978 0.04406146 0.05978987 0.02989493 0.1195797 0.009964978 0.03555383 0.005762992 0.01848608 0.007065505 0.01623797 0.02985468 0.1109702 0.02506968 0 0 0.06854039 0.03316092 0.03985991 0 0.01007375 0.08004867 0.02054193 0.01004828 0 0.04982489 0.03227544 0.4461878 0.9807798 0.9391896 0.8197528 0.7557278
0 0 0 0.008283918 0.02538762 0.01312021 0 0 0 0 0 0.01178978 0.01139941 0 0 0 0.009565885 0.1186915 0.00142411 0.03924467 0.05929853 0.3147972 0.05040624 0 0 0 0.04015752 0.01197478 0.03726062 0 0 0.003844777 0.05688403 0 0.003898391 0.04006014 0.03576129 0.05934749 0.06509963 0.05978987 0 0 0.03279441 0.009964978 0.08029863 0.09351087 0.02548658 0 0.07837483 0.2355098 0.2906078 0.2174128 0.149753 0.1196659 0.4715635 0.2295417 0.04943136 0.009809704 0.08635818 0.685914 0.9228271 0.8736392 0.6146166 0.5609893 0.4316468
0.03985991 0 0.004307085 0.01184627 0.009964978 0 0 0 0.01992996 0.009964978 0 0.01810516 0.008530542 0 0 0.06316297 0.01113105 0.09859326 0.02915832 0.1010017 0.0301282 0.02368885 0.00899958 0 0 0.01992996 0 0.02512751 0.002599295 0.009964978 0.02289731 0.07304459 0.03360283 0.03985991 0.09227379 0.09265486 0.04118524 0.03499254 0.07505272 0.1242469 0 0.04416374 0.05584991 0.1647203 0.003248259 0.04735428 0.03957111 0.3113559 0.3011476 0.3365258 0.1192512 0.1471069 0.06425202 0.1380331 0.1274093 0.06162148 0.2490542 0.1667196 0.02329372 0.2956772 0.1780483 0.4437737 0.02479867 0.3526797 0.1750436
0 0.004468012 0 0 0 0 0 0 0 0 0 0.01734932 0.0225106 0.08763475 0.01201504 0.120406 0.08122043 0.1426086 0.009964978 0 0 0 0.0009653989 0.1992996 0 0 0.1208793 0.0788678 0.06763921 0.04456099 0.07971983 0 0.02742027 0.0847085 0.1060122 0.1144913 0.01054032 0.06975485 0.05819327 0.06536531 0 0.1714418 0.07193065 0.450853 0.1148921 0 0.04982489 0.1652692 0.1335305 0.0131399 0.009314124 0.05047575 0.2184423 0.2838285 0.5107946 0.0004538991 0.1228507 0.5418239 0.2113867 0.01842585 0 0.009964978 0 0.07572065 0.1199408
0 0.005496966 0 0 0.01375074 0 0.04180305 0.02417908 0 0.009964978 0 0 0 0.05090495 0.01017238 0.009964978 0.06897954 0.0427525 0.01002136 0.02002825 0 0.03985991 0 0 0 0.009964978 0.09227569 0.01905031 0.3193685 0.1293911 0.1309827 0.09319434 0 0.001678606 0.111926 0.09964979 0.1242722 0.01510176 0.01299908 0.01291702 0.01636595 0.09497313 0.1128964 0.03972081 0.1066317 0.02815677 0 0.07408681 0.1922721 0.4346887 0.1623928 0.2198902 0.2469855 0.1566935 0.1968076 0.1494846 0.2104716 0.7753155 0.07107155 0.5060058 0.526911 0.1297499 0.1621057 0.03699456 0.07527948
0 0 0 0 0.01614419 0 0.02050195 0.01316571 0 0 0 0 0.04982489 0.01586882 0.04506715 0.04003523 0.1378808 0.1912219 0.0298306 0.0005284399 0.01946731 0 0 0.009964978 0.003870247 0.07217356 0.07950556 0.04584751 0.3903797 0.1377534 0.03965326 0.1186171 0 0.02901784 0.04073701 0.01561662 0.02989493 0.04468812 0.009964978 0 0.0908112 0.2991688 0.01885919 0.007548173 0.2184401 0.2960506 0.3051725 0.08397081 0.4799194 0.5458912 0.2026512 0.3044643 0.2207947 0.08790181 0.03551058 0.3213487 0.1538596 0.2739262 0.311579 0.4083885 0.03681151 0.1543864 0.05696041 0.02961633 0.198654
0 0.01992996 0 0.05978987 0 0 0 0 0 0 0 0 0 0 0.1045453 0.12394 0.05012922 0.188897 0.1401113 0.0006985627 0.03981514 0.08695323 0.01992996 0.009964978 0.01992996 0 0.02382026 0.01211832 0.01237856 0.1647353 0.02989493 0.0276776 0.01226125 0.009964978 0 0.01014153 0.05978987 0.02593844 0.04381624 0.009964978 0.02557052 0.01570964 0.01391943 0.04982489 0.1364387 0.1195797 0.1543908 0.1443058 0.2262202 0.07807773 0.04480732 0.06513534 0.03985991 0.03985991 0 0 0.07021967 0.01992996 0.1603926 0.3280514 0.2447188 0.2918148 0.1050976 0.08777234 0.08968481
0.02508574 0.04466911 0.005582265 0.004382714 0 0.01352569 0.009964978 0.007260042 0.02263489 0 0.009964978 0 0.01173003 0.01992996 0.03993237 0.08648074 0.009964978 0 0.0393103 0.2731336 0.04565742 0.1343934 0.194333 0.1496489 0.01797386 0.2177155 0.03985991 0.002641385 0.04264615 0 0 0.02638186 0.04329406 0.01992996 0.01526867 0.05437646 0 0.08649762 0.1098932 0.05801255 0.143258 0.01726166 0.1937415 0.0932693 0.02690554 0.03985991 0.07990894 0.1623241 0.1034681 0.3363356 0 0.009964978 0.08968481 0.001112209 0.06975485 0.05978987 0.1292553 0.05236448 0.1572328 0.132805 0.2799315 0.07321738 0.1948925 0.009964978 0.02105374
