EnvRasters/GE_High/mxdfrst.asc
ncols         270
nrows         223
xllcorner     24099.479091542
yllcorner     21023.840179216
cellsize      1003.8986847201
NODATA_value  -9999
[rows 29 to 57 of 223, columns 65 to 129 of 270]
0.009964978 0 0.009964978 0.009964978 0.0231309 0 0.009964978 0 0.009964978 0 0 0 0 0 0 0 0.009964978 0.06383773 0.002354052 0 0 -9999 -9999 -9999 -9999 -9999 -9999 -9999 -9999 -9999 -9999 -9999 -9999 -9999 -9999 0 0 0 0 0 0.05978987 0.009964978 0 0.009964978 0 0.01992996 0.009964978 0 0.007080074 0.3926644 0.5804362 0.5071219 0.2612556 0.0240577 0.1055091 0.1635453 0 0 0 0 0 0 0 0 0
0 0.009964978 0 0 0 0 0 0 0 0 0 0 0.009964978 0.009964978 0 0 0.009964978 0.0159245 0.01397043 0 0 -9999 -9999 -9999 -9999 -9999 -9999 -9999 -9999 -9999 -9999 -9999 -9999 0 0.00313179 0.06549056 0 0.03055566 0.03395397 0.009964978 0.01749625 0.01992996 0 0 0.01992996 0 0 0.005761635 0 0.06775878 0.03658672 0.02075381 0.02889268 0.005837241 0 0.05978987 0 0 0.003866313 0.0790935 0.02214108 0.04621471 0 0 0.009964978
0 0 0.009964978 0 0 0 0 0 0.005548612 0.004416366 0 0 0.009964978 0 0 0 0 0 0 0.003155848 0 -9999 -9999 -9999 -9999 -9999 -9999 -9999 -9999 -9999 -9999 -9999 0 0 0.01992996 0.04099242 0.01992996 0.03325295 0.03178214 0.05255947 0.02266799 0.004746988 0 0 0 0.009964978 0 0.004203344 0 0 0 0.009964978 0 0 0 0 0 0 0.1897929 0.3717886 0.2392422 0.02354014 0.009964978 0 0
0.01795569 0 0.009964978 0 0 0 0 0 0.01566974 0.0142252 0 0 0 0 0.01449448 0 0 0 0 0.01677411 0 -9999 -9999 -9999 -9999 0 0 0 -9999 0 0 0 0 0.009964978 0.009964978 0.03985991 0.008639066 0.02685275 0.004791506 0.01731754 0.09080641 0.008843374 0 0 0.009964978 0 0.004425281 0.001507281 0.03780778 0.01201711 0 0.009964978 0 0.01992996 0.009964978 0 0.0001677109 0.00313642 0.2193252 0.4999374 0.6772277 0.01843427 0 0 0
0.01559976 0.02623443 0.00421711 0.01571285 0 0 0 0 0 0 0 0 0 0.007460607 0.007939846 0.01992996 0 0 0.009964978 0 0.009964978 0 0 0.002207742 0.0009212938 0.02897364 0.01133995 0.009964978 0 0 0.009964978 4.774351e-005 0.009856578 0.02989493 0 0.009964978 0.001325912 0.003042185 0.009964978 0 0.01763553 0 0.009964978 0 0 0 0.02293899 0.001023386 0 0 0.009964978 0 0.009964978 0.009964978 0 0 0.02027485 0.01628094 0.03734449 0.2940494 0.2606231 0 0 0 0
0 0.02989493 0.009964978 0.009964978 0 0.01992996 0 0 0 0 0 0.009964978 0 0 0 0 0 0.02989493 0 0 0 0.0155403 0.01048581 0.02716636 0.05978987 0.01159457 0.01855499 0.009964978 0.03482274 0.01500215 0 0.03981217 0.02003836 0.009616741 0.009964978 0.01887907 0.009640885 0.01883883 0.02989493 0.0180463 0.0122594 0.009964978 0 0.009964978 0 0 0 0 0 0 0.009964978 0 0 0 0 0.009964978 0.02989493 0.001155239 0.008809739 0.04733651 0.0941832 0.1195797 0 0 0
0.01409392 0.03573098 0 0.009964978 0 0 0.009964978 0 0 0.01992996 0 0 0 0 0 0 0 0.01992996 0 0 0.02989493 0.07464727 0.04932212 0 0.009964978 0.02009851 0.01813181 0.02989493 0 0.02989493 0 0.009964978 0.009964978 0.01031322 0.009428952 0.0409108 0.01992996 0.03131016 0 0.01184864 0.009964978 0.009964978 0 0.009964978 0 0 0 0.009964978 0.01992996 0.02989493 0 0 0 0 0 0.009964978 0 0.01992996 0.1972646 0.516055 0.1837615 0 0 0 0.04982489
0 0 0.007734009 0 0.009964978 0 0 0 0.01416774 0.02179566 0 0 0 0.009964978 0 0.009964978 0 0 0.009964978 0 0 0 0 0 0.03985991 0.009964978 0.004646862 0.04597671 0.02733199 0.01075056 0.01992996 0 0.009964978 0.009964978 0.0005360265 0 0.01992996 0 0.008278273 0 0.009964978 0.009964978 0.009964978 0 0 0.02989493 0.01992996 0.02989493 0.01992996 0.009964978 0 0 0 0.004400686 0 0 0.03129235 0.00856756 0.08558477 0.1226241 0.005685209 0 0 0 0
0 0 0.00223097 0.01115082 0.01874411 0.01608398 0.01024328 0.02349763 0.01266408 0.001197411 0 0 0.02518606 0 0 0.009964978 0.009492622 0.01043733 0 0.01706624 0.06923615 0 0 0.01992996 0 0.04326754 0.03677374 0.07226897 0.08476114 0.009179397 0.004386009 0.02667773 0 0.009964978 0.05749671 0.04982489 0.01992996 0 0.02161666 0 0 0.009964978 0.01735281 0.009964978 0 0 0 0.009964978 0.01525513 0.030249 0 0 0 0.005564293 0 0.009964978 0.01485988 0.08827413 0 0 0.009964978 0 0 0 0
0 0 0 0.02747056 0 0 0 0.009964978 0 0 0 0 0.02463883 0 0.004756024 0 0.009964978 0 0.03018738 0.09277478 0 0 0 0 0.009964978 0.03645228 0.02833425 0.002635811 0.006184869 0.01992996 0.1031265 0.0451794 0.04458871 0.2490943 0.2847774 0 0.01172281 0.01817212 0 0.0334527 0.04626713 0.009964978 0.002577144 0 0 0 0 0 0.04337119 0.06036094 0.01020339 0.01992996 0 0 0 0 0.01992996 0.03637569 0.03341939 0.022168 0.01320428 0.02164401 0 0.01992996 0.001578846
0.009964978 0 0 0.002424379 0 0 0.009964978 0 0 0.01992996 0.009964978 0 0 0.009964978 0.03510389 0.01992996 0 0 0.00734081 0 0.1078174 0.1359869 0.009964978 0 0 0.009964978 0.003039343 0.006925636 0 0.02989493 0.04982489 0.04982489 0.03981425 0.01992996 0.111462 0.01992996 0.009964978 0.006438985 0.003525994 0.05978987 0.01992996 0.009964978 0 0.009964978 0 0 0 0.009964978 0.02989493 0 0 0 0 0 0 0.004019489 0.05200303 0.05015524 0.1587056 0.04203929 0 0.0149766 0.01404715 0.02581276 0.008386132
0.008414178 0 0 0 0 0 0 0 0 0 0 0 0 0 0.009964978 0.01992996 0 0 0.102274 0.01992996 0.2647472 0.1391721 0.009964978 0 0 0 0 0 0.01992996 0 0.03985991 0.04012856 0.01992996 0.009964978 0.009964978 0.009192659 0.02989493 0.0166642 0.01323073 0.009964978 0 0.0275872 0.009964978 0.02989493 0.009964978 0.0290638 0.01079612 0.01992996 0.009964978 0.01992996 0.009964978 0 0 0 0.009964978 0.00594549 0.02989493 0.01265564 0.150396 0.04285884 0.009964978 0 0 0.004698788 0.1748141
0.03144574 0 0.009964978 0 0 0 0 0 0 0 0 0 0.009964978 0 0.009794811 0.01013515 0.00427073 0 0 0.04546667 0.0183703 0.009964978 0 0 0 0 0 0.001512178 0.008310932 0.03154898 0.004855203 0.02477109 0.01529871 0.03440162 0 0.0107373 0.009964978 0.02681135 0.02749808 0.01544542 0.01992996 0.00230774 0 0.07575848 0.0112226 0.009964978 0 0.009964978 0 0 0 0.009964978 0 0.009964978 0.009964978 0 0.05257556 0.105908 0.1371026 0.04682596 0.01992996 0 0.01992996 0.02989493 0.1792263
0 0.009964978 0.009964978 0 0 0 0 0 0.009964978 0 0 0 0 0.009964978 0.009964978 0.01024635 0.01987718 0.02989493 0.009964978 0.2686478 0 0 0 0 0 0.009964978 0 0.0084528 0 0.01992996 0 0.01541077 0.004519184 0.02005451 0 0 0.01992996 0.01992996 0 0 0.00816648 0.0278362 0.0175329 0.0126687 0.02989493 0 0 0.01628375 0 0 0 0.02104344 0.0436228 0.08938586 0.01430592 0.01664817 0.06307908 0.02400323 0.01350647 0.06621335 0 0 0 0.01992996 0.009964978
0 0.009964978 0 0 0 0 0 0.006757801 0 0 0 0 0 0.01992996 0 0.01114903 0.09407793 0.008849867 0.1174311 0.07607929 0 0 0.002810951 0.01711901 0 0 0.01992996 0 0 0.01498429 0.004945668 0 0 0.03240319 0.1032576 0.003554155 0.02989493 0.06514496 0.02246704 0.1543714 0.03359584 0.03195367 0.04225697 0 0.009964978 0.009964978 0.08631925 0.003646208 0.000732442 0.009232537 0.03985991 0.02040984 0.09990855 0.01461387 0.005624038 0.04839481 0.02530523 0.01665881 0.001317294 0.04507929 0.009964978 0.009964978 0 0.01992996 0
0 0 0 0 0 0.009964978 0 0.003207178 0.01992996 0.009964978 0 0 0 0 0.009991112 0.03985991 0.03089852 0.001731727 0.07215577 0.02791093 0 0 0 0 0 0 0.009964978 0.009964978 0 0 0 0 0.006166507 0.03369341 0.01711293 0.003111746 0.009964978 0.0120378 0.009964978 0.03145922 0 0.01992996 0.05539714 0.02188837 0 0.01684504 0.003365563 0.009964978 0.02102674 0.1014071 0.0418957 0.03389052 0.007877148 0 0 0.1183212 0.2082199 0 0.05591036 0.02069166 0.009964978 0.01770819 0.02478986 0 0.009964978
0.02989493 0 0 0 0.02763941 0 0.009964978 0.009964978 0.01305071 0.009964978 0.009964978 0 0 0.01124899 0.02123509 0.05770997 0 0 0.009964978 0.009964978 0.07956883 0.06690195 0 0 0.01992996 0 0 0.01992996 0.01064279 0.001781106 0.01992996 0.01992996 0.009964978 0.009964978 0 0.02845656 0.03854534 0.01799143 0.0804936 0.03149648 0.008835337 0.0210596 0.002283261 0.04729332 0.09991827 0.01305012 0.01143569 0.04835419 0.009964978 0.07821481 0.03985991 0.06446226 0 0 0 0.02104122 0.1180352 0.01796863 0.03231907 0.04982489 0.0249389 0.02224786 0.009964978 0.009964978 0.009964978
0 0 0 0.009964978 0.04211544 0.009964978 0.03985991 0 0.03897947 0.01052165 0.01032955 0.01992996 0.01992996 0.02483432 0.01992996 0 0 0.009964978 0.01402544 0 0.05282879 0.02989493 0.009964978 0.01992996 0.02096732 0.03120045 0 0 0.01465276 0.01278327 0 0.05978987 0.009964978 0 0.009964978 0.0886801 0.01372264 0.009964978 0.01112974 0 0.009964978 0 0.01992996 0.002413913 0 0.01992996 0.02989493 0.01922718 0.009964978 0.01992996 0 0 0 0 0.01992996 0.04982489 0.1456795 0.05180428 0.01454743 0.0153475 0.02989493 0 0.04215134 0.02319352 0.02282275
0.003017478 0.01992996 0.009964978 0.01818183 0.001748124 0.009964978 0 0 0.0166471 0.0165183 0.02634479 0.01962587 0 0.005612192 0.01884301 0 0 0.01992996 0.005904518 0.009964978 0 0 0 0.002701589 0.003371161 0.004250946 0 0.01549467 0.004435286 0 0 0.02060167 0 0 0.04733773 0.002487168 0.009964978 0 0.009964978 0 0 0 0.009964978 0.009964978 0 0.01992996 0.02746732 0.05622225 0.02989493 0.03985991 0.0156571 0.009964978 0.009964978 0.0147983 0.01466818 0.08968481 0.04574065 0.009964978 0.01992996 0.05154722 0.04414309 0.06759284 0.3037653 0.4467059 0.2112178
0 0.01992996 0.01992996 0 0.01674002 0.008532071 0 0.03985991 0.01992996 0.03346291 0.07406932 0.0294347 0 0 0.01773138 0.1666764 0.04219816 0.007626735 0 0.009964978 0 0.01992996 0.03405914 0.05292408 0.009964978 0 0 0.009964978 0.01590309 0.004026864 0 0.009293268 0 0.009964978 0 0 0 0.009964978 0 0 0.02927517 0.000619767 0 0.009964978 0 0 0.02373052 0.01286243 0.05188456 0.007905309 0.02420282 0 0.003433121 0.081343 0.005261777 0.009964978 0.009964978 0 0.0751247 0.1046015 0.1057389 0.147781 0.05591128 0.0455942 0.01901507
0.01992996 0.01992996 0 0 0.1028514 0.006960328 0.01992996 0 0 0 0.03985991 0.05510955 0.104178 0 0.02086355 0.00399325 0.009964978 0.009964978 0.004251793 0.009964978 0 0.02402405 0.008951595 0.0227244 0.009964978 0.009964978 0.03985991 0.009964978 0 0 0 0 0 0 0 0 0 0 0 0 1.112092e-007 0.01992985 0.01176265 0.06572898 0.009964978 0.007164248 0.01992996 0.009964978 0.06455981 0.05120426 0 0.02326694 0.05185649 0.03993527 0.02459589 0.03985991 0.04439272 0.01539715 0.1126509 0.07708884 0.1527535 0.04376863 0.04646642 0.03861165 0.08917507
0 0.008388923 0.001576055 0 0.04428581 0.007707375 0.009964978 0 0 0.009964978 0.01992996 0.06559908 0.1179291 0.004633284 0.009964978 0 0.009964978 0.06619404 0.07260931 0.01638451 0.01789682 0.05915327 0.05145489 0.02238978 0 0.009964978 0.009964978 0.009964978 0 0 0 0 0.009964978 0 0.01992996 0.01980409 0 0 0 0.01858095 0 0.01992996 0.008013888 0.03197053 0 0.002800731 0.04344407 0.03963912 0.01642096 0.01378065 0 0.009964978 0.06980128 0 0.03929406 0.02494472 0.03532368 0.004976238 0.02348681 0.01282058 0.00675639 0.08968481 0.06936513 0.005468429 0.04561976
0 0 0 0 0 0.002257604 0 0.009964978 0.03985991 0 0.03258504 0.05867107 0.02978797 0.01979089 0 0 0 0 0.009964978 0 0.0603484 0.1052208 0.1427874 0 0.01992996 0.009964978 0.009964978 0 0.006796909 0.03306301 0.009964978 0 0 0.008344566 0.04148033 0.03002081 0 0 0.0478183 0.03124394 0.08825211 0 0.02203366 0.05978987 0.04982489 0.009964978 0.01428513 0.07559663 0.06977525 0.006112045 0 0.02746272 0.02691213 0.02989493 0.09009494 0.01446353 0.009964978 0 0.02369983 0.03988032 0.02320538 0 0.02718642 0.04258321 0.1057434
0.01992996 0.01992996 0 0 0 0 0 0 0 0.009964978 0 0.006030594 0.04982489 0.03553517 0 0.009964978 0 0.009964978 0.004065932 0.025829 0.03985991 0.03133595 0.02171643 0.009964978 0.01992996 0.009964978 0 0 0 0.01294376 0 0.02058108 0.0008963359 0 0 0.04982489 0 0.009964978 0.05183149 0.04982489 0.06122257 0.04982489 0.04110856 0.02864629 0.02989493 0 0.03288908 0.06985333 0.003488597 0.02378289 0.02989493 0.009964978 0.01992996 0.02989493 0 0.005466426 0.009964978 0.004050523 0.0061951 0.06616714 0.07644441 0.009964978 0.009964978 0.02480144 0.1270404
0 0 0 0.02989493 0.02002158 0.009873356 0.009964978 0.04070837 0.04589522 0.02102705 0.009127387 0.08000121 0.009964978 0.17939 0 0 0.009964978 0 0 0.08959507 0.03794884 0.005239152 0.04008617 0.02442953 0.009964978 0.009964978 0.006760786 0.005325556 0.009964978 0.01695117 0.02114048 0.02554038 0.04266701 0.05978987 0.04982489 0.009395629 0.0005693492 0.0391967 0.009964978 0.009964978 0.03852008 0 0.01992996 0.01992996 0.009964978 0 0.006985623 0.08303188 0 0 0 0.009964978 0.01992996 0.02489054 0.01496938 0.02452137 0.02179017 0.06384411 0.01992996 0.009964978 0 0.007343144 0.02529549 0 0.116084
0.008969416 0.000995563 0 0.009959079 5.899367e-006 0 0.007580798 0.009964978 0.09276602 0.02049817 0.04468086 0.007969324 0.02989493 0.01426932 0 0.02989493 0.03772033 0.03203452 0 0.08245558 0.06901991 0 0.02989493 0 0 0.01992996 0.009964978 0.01780859 0.01992996 0.02149919 0.01871944 0 0.06868891 0.06085582 0.02989493 0 0 0.0006632132 0.0006559196 0.1387288 0.05266099 0.01594582 0.01992996 0 0.007526509 0 0.002979356 0 0.009964978 0.009964978 0.009964978 0.03985991 0.03985991 0.009964978 0.009964978 0.0310289 0.01420458 0.05978987 0.004013258 0.02697674 0.01021726 0.00266592 0.03711621 0.009964978 0.02989493
0 0.009964978 0.009890358 7.462085e-005 0.008017587 0 0.03227912 0.05713983 0.03705373 0.01992996 0.03608455 0.0763474 0.01295965 0.03686525 0.02989493 0.0736625 0.0609917 0.009964978 0 0.004218072 0.04982489 0.009964978 0.0134804 0 0 0.002656628 0.009964978 0.01992996 0.01992996 0.02000241 0.01835946 0.02039043 0.02103999 0.009964978 0 0.0100192 0.03985991 0.009472693 0.01992996 0.0310322 0.02013272 0.0112378 0.002211539 0.007753439 0.01240345 0.007442816 0 0.02989493 0 0.009964978 0 0.004872407 0.03498751 0.01527382 0.04007021 0.009964978 0.009964978 0 0.03584665 0 0.009964978 0 0.01293165 0.02989493 0
0 0 0 0.0009018208 0.04090549 0.0279159 0.01992996 0.05247493 0.0426661 0.009964978 0.02082032 0.01622241 0.009964978 0.01992996 0 0.06292246 0.2415544 0.0122321 0.002361714 0.02794005 0.0317401 0.04380126 0.1190125 0.009964978 0.03584755 0.05713324 0 0.01992996 0.02989493 0.01828827 0 0.01992996 0 0 0.01992996 0.01987574 0.01053273 0.009889516 0 0.02989493 0.001654934 0.04670916 0.08968481 0.009964978 0.009964978 0.01995036 0.009964978 0 0.01423669 0.04003412 0.02544901 0 0.0108219 0.03951352 0.03383024 0.01992996 0.01667131 0.003258649 0 0 0.009964978 0.01640757 0.01006345 0.02989493 0.01992996
0.0309593 0 0.009964978 0.009964978 0.01992996 0.03768747 0.03161015 0.02817972 0 0.009964978 0 0.009964978 0 0.01992996 0.004175853 0.07028494 0.004758482 0.02774997 0.04258254 0.02315606 0.03451205 0.1909853 0.08048633 0.009964978 0.0339073 0.009964978 0.02234113 0.05978987 0.001864665 0.008714729 0.04006014 0.02097998 0 0 0.009964978 0 0.04954652 0.009964978 0.009305309 0 0.05978987 0.01995036 0.01825535 0.002984299 0.0245594 0.02243172 0.01721439 0 0.009964978 0.04259809 0.009964978 0 0.009964978 0.006001542 0.02389339 0 0.01992996 0.009964978 0 0.009964978 0.009964978 0.2228262 0.01984438 0 0
