EnvRasters/GE_High/potatoes.asc
ncols         270
nrows         223
xllcorner     24099.479091542
yllcorner     21023.840179216
cellsize      1003.8986847201
NODATA_value  -9999
[rows 72 to 107 of 223, columns 160 to 239 of 270]
0.00021 0.000372 6.2e-005 1.1e-005 0.00127 0.00624 5.6e-005 0 0 3e-005 0.000477 0.00048 0.000346 0.000371 2.2e-005 4.1e-005 0 0.00028 0 0 0.000517 0.000386 0.000585 0.000779 0.000705 0 0.000187 1.1e-005 0.001096 0.00101 0.00019 0.000277 0.000205 0.000146 0.00054 0.000821 1e-006 0 0.001023 0.001187 9e-006 0.00064 7.3e-005 0.003442 0.000252 6.8e-005 7e-006 0.00046 5.5e-005 0.001293 0.000427 0.000429 0.000577 0.000456 0.000867 -9999 -9999 -9999 -9999 -9999 -9999 -9999 -9999 -9999 -9999 -9999 -9999 -9999 -9999 -9999 -9999 -9999 -9999 -9999 -9999 -9999 -9999 -9999 -9999 -9999
0.000199 0.000282 0 6e-006 0.000868 0.000664 0.00101 0.000432 0.000513 0.00104 0.001733 0.000429 0.000269 0.000196 0 0 8.1e-005 0 0.00049 0.000263 0 0 9.9e-005 0.000403 0.000292 0.000327 3.9e-005 0.000155 4.5e-005 7.2e-005 0.001101 0.000673 5.5e-005 0.000106 0.000254 0 0 0.000345 0.000295 0.000874 0.001171 0.001973 0.0004 0.000507 5.2e-005 0.000323 0.000622 6.3e-005 0 0 2.7e-005 0.000593 0.000328 0.000415 0.001118 -9999 -9999 -9999 -9999 -9999 -9999 -9999 -9999 -9999 -9999 -9999 -9999 -9999 -9999 -9999 -9999 -9999 -9999 -9999 -9999 -9999 -9999 -9999 -9999 -9999
0.000826 0.000215 0.000424 0.00077 0.001145 0.000164 7.2e-005 0.000824 0.000634 0.001053 0.000545 0.000192 0.000544 0.000216 0 0.000367 0.000135 0 0.000118 4.4e-005 0 0.000131 0 0.001849 0.002485 0.001409 0.000919 0.000359 0.00062 0.000231 0.000316 0.001561 0.000101 8.5e-005 0.001931 0 0 0.000882 0.002512 4e-005 0.001906 0.002435 0.001854 0.000158 0.002282 0 7e-005 0.000379 0.000318 1.8e-005 8e-005 0.002058 0.000958 0.001226 0.002341 6.1e-005 -9999 -9999 -9999 -9999 -9999 -9999 -9999 -9999 -9999 -9999 -9999 -9999 -9999 -9999 -9999 -9999 -9999 -9999 -9999 -9999 -9999 -9999 -9999 -9999
0.000689 0.000182 0.000399 0.00114 0.004001 0.000439 0.000451 0.000795 0.000866 0.001731 0.000293 7.3e-005 0 8.3e-005 0.000542 0 2.3e-005 8e-006 0.001792 0.000266 0.000147 0.00084 0.000583 0.001636 0.001324 0.000356 0.000295 0.000556 0.000588 0.001316 0 0.0004 4e-006 0.000766 0.000538 9.9e-005 0 0.000659 0.000434 0 0.001426 0.002337 0.001677 0.000996 0.002234 0.000114 0.00134 0.00112 0.000364 0.000394 0.000427 0.004505 0.001363 0.001074 0.000847 0.000317 -9999 -9999 -9999 -9999 -9999 -9999 -9999 -9999 -9999 -9999 -9999 -9999 -9999 -9999 -9999 -9999 -9999 -9999 -9999 -9999 -9999 -9999 -9999 -9999
0.001608 0.000601 2.7e-005 0.017227 0.002633 3.2e-005 0 0.000318 0.000244 0.001278 0 0 9.2e-005 0.001281 0.000118 7.2e-005 0.000246 0.0002 0.00073 0 0.000688 0.000786 0 0.000199 0.000163 5e-006 0.000221 0.000302 0.000713 0.000254 0.00053 0.001247 0.000417 3.7e-005 0 4.2e-005 5.6e-005 0.00062 0.001392 0.000124 0.000396 0.000611 2.6e-005 0 0 0 0.000102 0.000599 0 0.000112 0.000538 0.000629 0.00036 0.001354 0.000747 0.001594 3.6e-005 5.8e-005 -9999 -9999 -9999 -9999 -9999 -9999 -9999 -9999 -9999 -9999 -9999 -9999 -9999 -9999 -9999 -9999 -9999 -9999 -9999 -9999 -9999 -9999
0.002754 0.00286 0.000439 0.038274 0.001154 0.000336 0.001033 0.000251 1.9e-005 0 0.000367 2.9e-005 0.020603 0.000819 0 0.00041 0.000452 0 0.000252 0.000229 0 0.00043 0 0 6.7e-005 0.001267 0.000704 0.000303 0.00088 0.000233 0.000264 0.000446 0 0 0.000225 0.000145 0.000665 0.000217 5.3e-005 0.000452 0 6.1e-005 0.001065 0.000215 0.000126 0.000143 0.000693 0.001744 0.000456 0.002991 0.000229 0.0006 0.000509 0.001071 0.000649 0.002565 0.004041 0.001097 0 -9999 -9999 -9999 -9999 -9999 -9999 -9999 -9999 -9999 -9999 -9999 -9999 -9999 -9999 -9999 -9999 -9999 -9999 -9999 -9999 -9999
9.4e-005 0.000112 0.000374 0 0 0 5e-005 0.001317 0.001321 5e-006 0 0 0 0.000263 0.00018 0.000365 0.000917 0.000473 0.000838 0.000167 0.000409 0.000923 0.000319 0.00019 0.000656 0.002011 0.001165 0.001042 0.000687 0.000691 0.000501 0 0 0 0.001183 4.9e-005 1e-006 0.000892 0.001092 0.002313 0.000684 0.001391 0.001371 0.002031 0.001362 0.000585 0.000778 0.001276 0.000748 0.000219 0.00132 0.001231 0.001262 0.000137 0.000437 9e-005 0.001183 0.001672 0 -9999 -9999 -9999 -9999 -9999 -9999 -9999 -9999 -9999 -9999 -9999 -9999 -9999 -9999 -9999 -9999 -9999 -9999 -9999 -9999 -9999
0.001029 0.000442 0.000353 0 0.000183 0.001427 0.000618 0.004088 0.003369 0.000849 0.000472 0 0.001012 0.003496 5.1e-005 0 0.000171 0.000811 5e-006 0.00037 0.000699 0.0008 0.000365 0.000521 0.002189 0.000722 9e-006 8e-006 5.7e-005 2.8e-005 0.000588 0.002279 0.000414 1.7e-005 0.00018 0.001992 0.000978 0.001641 0.000271 0.000451 0.000104 0.000846 0.001688 0.002176 0.003113 0.001489 0.001624 0.001871 0.000798 0.000825 0.000507 0.001306 0.002098 0.001071 0.000358 4.4e-005 0.001499 0.000834 0 -9999 -9999 -9999 -9999 -9999 -9999 -9999 -9999 -9999 -9999 -9999 -9999 -9999 -9999 -9999 -9999 -9999 -9999 -9999 -9999 -9999
0.002701 0.000151 0.000231 0 0.00026 0.001 0.000686 0.001128 3e-005 2.2e-005 0.000887 0.000128 0.002484 0.000338 0.000232 0.000307 0.000198 7.7e-005 0.000568 0.001722 0.001834 0.00062 0.000553 0.001085 0.002813 0.00182 0.001503 3.7e-005 7.7e-005 0.000115 0.000251 5e-005 0 0 4.2e-005 0.001216 0.000207 0 0.000855 0.000995 0.00026 0 0.000125 0 0.001796 0.003028 0 0.001006 0.000652 0.001995 0.000268 0.000707 0.001225 0.000489 0.000425 3.5e-005 0.000627 0.001035 0.000253 0 -9999 -9999 -9999 0 0 -9999 -9999 -9999 -9999 -9999 -9999 -9999 -9999 -9999 -9999 -9999 -9999 -9999 -9999 -9999
0.010084 1.1e-005 0.000241 0.000497 0.005868 0.002074 0.000908 0.00046 0.001141 0.000116 0.000278 0.004557 0.000494 0.000359 0.000279 0.00063 2.3e-005 0.000413 0.000349 9e-005 0.000166 0.001385 0.000415 0.002588 0.000687 0.000401 0.001337 0.001799 1.8e-005 0.000728 0.002088 0 0 0.000166 0.000776 0.000207 0 0 0.000717 0.002247 0.001148 0 0 0 5e-005 9.6e-005 0 0.000452 0.001722 0.001362 0.00013 2.3e-005 0.002303 0.011131 0.000663 0.000294 0.00026 0.004039 0.004195 -9999 -9999 -9999 0 0 0 0 -9999 -9999 -9999 -9999 -9999 0 0 -9999 -9999 -9999 -9999 -9999 -9999 -9999
0.016105 0.000185 2e-006 0.000321 0.064337 0.037503 0.004504 0.001498 0.00213 0.00059 0.000346 0.000687 0.001008 0.00145 0.000173 0.00158 0.00112 2.3e-005 7.9e-005 5.7e-005 6.1e-005 0.000664 0.000452 0.000671 0.00074 0.000523 0.001632 0.001016 0.000777 0.000836 0.000333 0.000168 0.000529 0 0.000218 0.001538 0.000185 0 2e-005 3.1e-005 0.00132 0.001222 0.001967 0 0 0.000109 0 0.002343 0.003216 0.001381 0.000535 1.6e-005 0.001531 0.001912 0.00021 0.000172 0.00025 9.9e-005 0.002464 -9999 0 0 0.000262 0.000304 0 0 0 -9999 0.000141 0 0 0 0 -9999 -9999 -9999 0 0 0 -9999
0.000506 0.001312 5.1e-005 0.000681 0.008768 0.003582 0.000632 0.00376 0.001146 0.004043 0.0009869999 0.001181 0.001077 0.000168 0.000982 0.000511 0.002447 4.8e-005 0.000207 0.000456 0.000264 0.001105 0.000678 0.000324 0.001224 0.000224 0.000922 0.001646 0.001643 0.005504 0.000239 0.000104 0.000709 0.000589 7.7e-005 0.000491 0.000521 0.000239 0.000379 0.000118 0.000609 0.000239 0.001176 0.000141 0.000117 0.001388 0.000757 0.004115 0.005262 0.00486 0.001513 0.002183 0.000107 0.000581 0.000289 0 0.000147 0.000168 0.00011 0.000198 0.000149 0 8.6e-005 0 0 3.5e-005 0 0.000989 0.001411 0.000177 0.000617 0 0 0 0 0 0 0 0 0
0.001419 0.000204 0.002954 0.004734 0.009553 0.022819 0.010545 0.005199 0.004305 0.003094 0.004776 0.001755 0.00058 0.001738 0.00286 4e-006 0.000981 0.002128 0.001829 0.002114 0.001434 0.000896 0.001854 0.000554 0.000697 0.001128 0.00206 0.000779 0.000784 0.001412 3.1e-005 0.001104 0.000153 0.000117 0.000181 0.000167 0.001256 0.000172 0.000322 0.000134 0.000804 0.00024 0 0 0.000282 7.3e-005 0.000485 0.000316 0.000581 0.000165 0 1e-005 0 9.6e-005 5e-006 0 0.000152 0.000928 8.6e-005 0.000319 0.001009 6e-006 6.8e-005 0 0 4.2e-005 2.1e-005 0.000214 0.001109 0 0.000234 0 0 0 0 0 0 0 0 0
0.001526 0.00174 0.00148 0.020293 0.00062 0.001251 0.001262 0.003795 0.005525 0.006775 0.031154 0.00049 0.000684 0.0008 0.004404 0.002143 0.000915 0.00013 0.002104 0.001942 9.5e-005 0.001288 0.002571 0.000517 0.000472 8.3e-005 0.000673 0.000344 0 0.000127 0.000288 0.000891 0.000114 0.000203 0.000219 0.000436 0 0.00075 0.00029 0.000492 0.000268 0 0.000305 5e-006 0.00064 0.001233 0.00061 0 0 0 0 0 0.00024 0.000177 0.001194 7e-005 0.000268 0 0 0 0.0002 0 7.8e-005 6e-006 0 0.000532 0.003192 0.002106 0.001098 0 0 0.000231 5.4e-005 0 0 0 0 0 0 6.7e-005
0.002672 0.004081 0.003296 0.016034 0.003276 0.001891 0.001908 0.002369 0.001686 0.001187 0.00215 0.003506 0.001234 0.0013 0.001426 0.000525 0.000365 0.001046 5.3e-005 2.2e-005 0.000966 0.00124 0.001531 6e-005 0.000475 0.000695 0.000429 0.001104 7.4e-005 0 0 0 0.00012 3.3e-005 0.001429 0.001027 0.000454 0.00013 2.6e-005 6.7e-005 0.000714 0.000115 0.000391 0.000952 0.001715 0.002049 0 0.000583 0 0 0 0 0.00046 0.003036 0.000706 0.000319 0.000117 0 0.001032 0.002545 0.000635 0 0.000656 0.000174 0 0 0.000168 0.002332 0.000399 0 0.000153 0.000524 2.6e-005 0 0 0 0 0 0 0
0.003341 0.009537 0.002792 0.003105 0.003972 0.001606 2.6e-005 0.003271 0.000841 0.000783 0.001637 0.001594 0.003495 0.00041 0.002221 0.001872 0.001598 0.001901 0.000186 0 0.000676 0.000902 0.002361 0.000505 0.000724 0.000315 0.000937 0.000928 0 0 2.6e-005 0.000365 0.001076 0.002127 0.000436 0.004266 0.001149 0.001733 0.000221 0.001409 0.002441 0.002258 0.002671 0.001261 0.003329 0.003012 0.003018 6.1e-005 0.000365 0.004767 0.000364 0.011502 0.000794 0.001469 0.000529 2.3e-005 6.4e-005 0 3e-006 0.002318 0.000344 0.000418 0.000968 0 0 0 0.001762 0.001503 0.0001 0 0.000584 0.001591 0 0 0 0 0 0 0 0
0.005404 0.003556 0.002977 0.023311 0.003189 0.001359 0.000854 0.004669 0.003836 0.004881 0.00127 0.002497 0.003083 0.001019 0.002434 0.000372 0.000909 0.001144 0.003067 0.001202 0.001649 0.004397 0.000855 0.003967 0.002565 0.001352 0.000445 9.3e-005 0.000204 0.000346 0.001682 0.000519 0.003118 0.001126 0.000608 0.001689 0.000651 0.005954 0.005538 0.005948 0.022585 0.005448 0.006894 0.006305 0.009 0.003442 0.000571 0.001362 0.002406 0.003089 0.001234 0.005051 0.002664 5e-006 0 0 0 0 0.002489 0.004598 0.00227 0.003594 0.001158 0 0 0 0 0 0 0 0 0 0 0 0 0 0 0 0 0
0.001282 0.000824 0.000153 0.001593 4.9e-005 0.001754 0.009837 0.029069 0.000844 0.002442 0.001679 0.004829 0.00171 4e-006 0 0.000784 0.000533 0.000433 0.000655 0.000518 0.001047 0.000656 0.002148 0.00449 0.008785 0.008177 0.00336 0.001329 0.003711 0.005629 0.002969 0.001614 0.000484 0.000214 0.000439 0.001913 0.001071 0.002712 0.00257 0.003299 0.009041 0.020001 0.008633 0.009975 0.005082 0.003806 0.001248 0.000815 0.002067 0.002931 0.002557 0.004513 0.002025 0 0.000202 0 0 0 0.000904 0.002541 0.000531 0.002791 0.000507 0 0 0 0 0 0 0 0 0 0 0 0 0 0 0 0 0
0.002279 0.015776 0.000984 0.000238 0.000328 0.001491 0.001282 0.001357 0.001188 0.003793 0.007619 0.030442 0.000568 0 0.000299 0.000779 0.0016 0.000219 0.001712 0.001236 0.000815 5.2e-005 0.003863 0.003607 0.003905 0.00443 0.002431 0.001001 0.001466 0.006622 0.001168 0.009933 0.024667 0.006734 0.006324 0.004899 0.00024 0.003744 0.005311 0.005704 0.003787 0.002602 0.023813 0.004355 0.013896 0.019209 0.004007 0.001274 0.005989 0.006994 0.001895 0.011142 0.002692 0.000169 0 0 0 0 0.000159 0 0 0 0 0 0 0 0 0 0 0 0 0 0 0 0 0 0 0 0.000349 0.000135
0.003239 0.003283 0.004265 0.00148 0.002458 0.000407 0.002233 0.002963 0.002031 0.002525 0.002681 0.003793 0.001848 0.000232 9e-005 0.00309 0.005036 0.001378 0.000201 0.000299 2.6e-005 0.001362 0.000685 0.00747 0 0.000175 0.000425 0.000317 0.006961 0.008454 0.004501 0.005402 0.001001 0.004585 0.015294 0.003966 0.00311 0.000933 0.005058 0.023878 0.001874 0.002179 0.004612 0.001243 0.002404 0.003802 0.004 0.006172 0.006064 0.01095 0.006875 0.011116 0.002672 0.000716 0.000256 0 0 0 0 0 0 0 0 0 0 0 0 0 0 0 5.6e-005 0.000115 0 0 0 0 0.000333 0 0 0
0.001796 0.001847 0.000946 1.7e-005 0.00076 0.002262 0.003634 0.002053 0.001201 0.001415 0.001601 4.8e-005 0 0.003302 0.003025 0.002707 0.01522 0.001496 0.00356 0.009486 0.002176 0.004345 0.00154 0.001882 0.000347 0.000865 0 0.001341 0.017596 0.003507 0.006215 0.019641 0.006708 0.005263 0.023015 0.002701 0.008893 0.008238 0.005955 0.026868 0.012574 0.004751 0.001918 0.00357 0.007661 0.003482 0.003457 0.005173 0.000873 0.006164 0.002749 0.003857 0.001321 0.000508 0 0 0 0 0 0 0 0 0 0 0 0 0 0 0 0 0 0 0 0 0 0.0003 0.002422 0 0 0
0.002165 0.001221 0.000347 0.000191 0.001252 0.00268 0.000664 0.001993 0.001421 0.004924 0.023585 0.001779 0.001698 0.00166 0 6.7e-005 0.006635 0.001964 0.00123 0.001014 0.004423 0.006823 0.000946 0.001127 0.002231 0.002403 0.000431 3e-006 0.003945 0.000874 0.002589 0.002209 0.001837 0.007998 0.019038 0.003373 0.011379 0.001854 0.007896 0.005036 0.005319 0.00541 0.002784 0.002406 0.001984 0.00189 0 0.001079 0.000544 0.003315 0.000209 0.000405 0 1e-005 0 0 0 0 0 0.000397 0 0 0 0 0 0 0 0 0 0 0 0 0 0 0 0.00021 0 0 0 0
0.003671 0.00148 0.00297 0.002177 0.009176 0.007982 0.028154 0.002337 0.000957 0.002645 0.004184 0.005812 0.001565 0.000784 0.000606 0.00188 0.005591 0.004217 0.006103 0.001587 0.002067 9e-005 0.001001 0.00254 0.001803 0.001026 0.000469 0.000243 0.000564 0.0006 0.001145 0.000758 0.003315 0.015901 0.001186 0.003566 0.006344 0.004626 0.005214 0.00695 0.002338 0.004938 0.004483 0.000663 0.000544 0.001381 0 0 0.006898 5.5e-005 3.6e-005 0.000179 2.8e-005 0 0 0 1.2e-005 0 0 0 0 0 0 0 0 0 0 0 0 0 0 0 0 0 0 0 0 0 0 2e-006
0.008446 0.00196 0.005014 0.000491 0.000876 0.002056 0.027246 0.00771 0.007096 0.002555 0.018586 0.027747 0.029393 0.013815 0.00428 0.000418 0.002077 0.003167 0.002802 0.004438 0.017459 0.013656 0.000581 0.002311 0.000737 0.001247 4.2e-005 0.00045 0 0.000549 0.005627 0.001131 0.001417 0.011602 0.000567 0.004081 0.000648 0.004629 0.010187 0.005117 0.00558 0.003213 0.001336 0.001176 0.002442 0.000281 0.000494 0 1e-006 0 2.8e-005 0 0 5e-006 0 1e-006 0.000925 0.000117 0.000876 0 0 0 0 0 0 5.8e-005 0 0 0 0 0 0 0 2e-006 6e-006 0 0 0 0 0
0.003543 0.007848 0.001349 0.000418 0.000213 0.00233 0.027093 0.002242 0.017791 0.00038 0.001639 0.00522 0.012546 0.002145 0.021256 0.010932 0.006993 0.001257 0.000312 0.004751 0.025872 0.003196 0.000362 0.001644 0.005336 0.004019 0.006476 0.017292 0.001532 0 0.000359 0.000603 0.003916 0.014913 0.001742 0.000714 0 0.000149 0.001154 0.003 0.002965 0.000514 0.00383 0.001482 0.008742 0.002126 0 0 0 0 0 0 0.000543 0.000257 0 0 0 0.000379 0 0 0.00019 0 0 0 0 5.2e-005 0 0 0 0 0 0 0 0 1e-006 0 0 0 0 0
0.005698 0.001668 0.001024 0.001886 0.002227 0.002525 0.000801 0.000386 0.003343 0.000771 0.001482 0.004551 0.024023 0.002691 0.001876 0.005606 0.001405 0 0 0.00062 0.003505 0.002272 0.005597 0.02558 0.001904 0.002889 0.00176 0.001384 0.000475 0.004526 0.000473 0.003789 0.002974 0.000483 0.001333 0.000541 0 0 0 0.000454 6.5e-005 0.002632 0.006798 0.001398 0.003887 5e-006 0 7e-006 6e-006 0 0 0 0.000131 4e-006 0 0 0 0 0 0 0 0 0 0 0 0 0 0 0 0 0 0 0 0 0 0 0 0 0 0
0.011719 0.000903 0.004062 0.017591 0.000609 0.012694 0.000133 0.001637 0.003427 0.00249 0.001558 0.004244 0.005039 0.000372 0.001243 0.003739 2.1e-005 0 0.000147 0.000334 0.005626 0.009459 0.002587 0.002515 0.003422 0.000941 0.000274 0.005221 0.000837 0.002349 0 0.002374 0.005822 0.003704 0.004009 0 0 0 0 0 6.5e-005 0.002397 0.001596 0 0 0 7e-006 0 0.00018 0 0 0 0 0 0 0.000302 0 6.7e-005 0 0 0 0 0 0 0 0 0 0 0 0 0 0 0 0 0 0 0 0 0 0
0.001917 0.003997 0.004169 0.006903 0.002401 0 0.000156 0.001716 0.011879 0.003535 0.007056 0.002821 0.001284 0.002451 0.003306 0.01031 0.008184 0.001296 0.000158 0 0.00223 0.004241 0.004365 0.001076 0.000382 0.00051 0.001178 0.001409 0.001723 0.002812 4.7e-005 0.002566 0.000541 0.000176 0.001179 0.000602 0.003703 0.000274 0.000289 0.006761 0.006583 0.000255 0 2.3e-005 0 0 0 0 0 0 0 0 0 0 4e-006 0.000879 0.000164 0 0.0008 0.000822 0 0 0 0 0 0 0 0 0 0 0 0 0 0 0 0 0 0 0 0
0.000163 0.001058 0.002492 0.014458 0.00435 6.5e-005 0.002078 0.017869 0.004855 0.001074 3.6e-005 0.000547 0.000546 0.002087 0.003323 0.032489 0.015356 0.001381 0.012539 0.000502 0.00143 0.001652 0.004449 1.1e-005 0.003906 0.002414 0.000227 0.001559 0.011499 0.006721 0.001738 0.001549 0.001784 0.001597 0.002481 0.000536 0.000318 0.000541 1e-006 0.002429 0.002818 9e-005 0 0 0 0 0 0 0 0 0 0 0 0 0 0.000146 0 0.00049 0.000411 0.000159 0 0 0 0 0 0 0 0 0 0 0 0 0 0 0 0 0 0 0 0
0.004169 0.000959 0.004578 0.001419 0.001783 0.003415 0.00217 0.001369 0.002095 7.6e-005 0.003253 0.001039 0.001684 0.002463 0.004831 0.009539 0.001127 0 0.001588 0.002537 0.001326 0.000239 0.000453 0.000596 0.003742 0.008458 0.001692 0.00248 0.006142 0.000314 0.004898 0.005701 0.002509 0.001583 0.006382 0.002637 0.001585 0.001565 2e-006 0.001941 0.000415 0.000136 0.00032 0.000355 1.1e-005 0 0 0 0 0 0 0 0 0 0 0 0 0.000309 0 0 0 0 0 0 0 0 0 0 0 0 0 0 0 0 0 0 0 0 0 0
0.005314 0.003278 0.008429 0.004857 0.003687 0.00443 0.001411 0.000911 0.000354 0.000498 0.010332 0.002725 0.007785 0.00175 0.000631 0.001597 0 0 0.000153 0.000752 0.002127 0.001751 0.002236 0.005015 0.004508 0.002777 0.003031 0.002246 0 0.000331 4.3e-005 0.005631 0.004749 0.003394 0.001753 0 0.000344 0 0 0 0 9.8e-005 0.001501 7.1e-005 0 0 0 0 0 0 0 0 0.000176 0 0 0 0 0 0 0 0 0 0 0 0 0.000209 0 0 0 0 0 0 0 0 0 0 0 0 0 0
0.010985 0.002793 0.008621 0.006328 0.005221 0.003208 0.001532 0.002822 0.005054 8e-005 0.006385 0.001306 0.002881 0.003363 0.003541 0.004444 0.001332 0.001475 0.000488 0.000681 0.001974 0.002123 0.001238 0.008674 0.004579 0.000969 0.001697 0.002388 0.000279 0.000349 0.000147 0.000913 0.000243 0.00246 0.006833 0.001132 0.000403 0 0 0 0.002415 0.003649 0.003463 0.000891 0 0 0 0 0 0 0 0.000153 0.000148 0 0 0 0 0 0 0 0 0 0 0 0 0.000295 1.6e-005 0 0 0 0 0 0 0 0 0 0 0 0 0
0.003218 0.002693 0.001693 0.002466 0.010028 0.000269 0.003838 0.002988 0.001783 0 0.000432 0.003131 0.003317 0.009007 0.024817 0.014812 0.004945 0.001343 0.001773 0.000453 0.003795 0.00388 0.002127 0.005549 0.004488 0.003036 0.000519 1.5e-005 0.000609 0.001063 0 0.00128 0 0.001143 4e-005 0.000415 0 0 9.1e-005 0 0.002306 0.00892 0.003089 0 0 0 0 0 0 0 0.000864 0.010777 0 0 0 0 4.2e-005 0 0 0 0 0 0 0 0 0 0 0 0 0 0 0 0 0 0 0 0 0 0 8.6e-005
0.008427 0.003514 0.001652 0.005989 0.002631 0.003659 0.003669 0.003417 0.006163 0.000264 0.000106 0.004473 0.004893 0.003313 0.00466 0.00081 0.003112 0.000996 0.001081 0.002063 0.007375 0.010152 0.000669 0.001505 0.001507 0.002674 0.004897 0.00068 0.001357 0.001273 0.000392 3.1e-005 0 0 0.001264 0 0 0 0 0.005591 0.007061 0.005427 6e-005 0 0 0.00166 2.9e-005 0 0 0 0 0 0 0 0 0 0.000156 0.000594 0 0 0 0 0 0 0 0 0 0 0 0 0 0 0 0 0 0 0 0 0 0
0.002878 0.011888 0.004014 0.004461 0.011481 0.006481 0.008793 0.000466 0.004586 0.00447 0 0.003122 0.002604 0.00141 0.001305 0.002741 0.00157 0.001733 0.001989 0.001284 0.002655 0.002725 0.002059 0.000839 0.003754 0.002767 0.002263 0.005052 0.000398 0.00042 0 0 0.000117 0.00013 0 0 0 0.001655 0.000368 0.001643 0.00212 0.004077 0.000563 3.8e-005 0.000167 0.00426 5.3e-005 0 0 0 0 0 0 0 0 0 0.000147 1.1e-005 0 0 0 0 0 0 0 0 0 0 0 0 0 0 0 0 0 0 0 0 0 0.000134
0.005163 0.003484 0.006158 0.004886 0.012279 0.008102 0.002112 0.002133 0.005063 0.001005 0 0.001895 0.001547 0.001824 0.007695 0.001378 0.000672 0.001843 0.000885 0.003414 0.000136 0.0003 0.000101 0.000262 0.003138 0.000655 0.00215 0.000552 0 1e-006 1.3e-005 0 0 0 0.000195 0.000218 0.001345 0.003786 0.002259 0.000336 3.9e-005 0.001689 0.002024 0.001283 0.001185 0.000344 0 0 0 0 0 0 0 0 0 0.00024 0.000244 0 0 0 0 0 0 0 0 0 0 0.000134 0.000429 0 0 0 0 0 0 0 0 0 0 0
