EnvRasters/GE_High/potatoes.asc
ncols         270
nrows         223
xllcorner     24099.479091542
yllcorner     21023.840179216
cellsize      1003.8986847201
NODATA_value  -9999
[rows 36 to 71 of 223, columns 80 to 159 of 270]
0.000924 0 0.000125 0.00169 0.000327 0 0 0 0 0.000558 0.000297 0.000278 0.000466 0.003172 0.013944 0.00121 0.00042 0.000249 0.000858 6.8e-005 0.002729 2.2e-005 0 7.8e-005 0.000434 0.000831 3.2e-005 0.000226 0 0 0 0 0 0.000332 0 0 0 0 0.000293 0.000486 0.000146 0 0 0 0 0 0 0 0 0 0 0.000667 0.001349 0.001332 0.000155 0.000563 0 1.8e-005 0.001748 0.001709 0.002209 0.000352 0.000994 0 0 0 0 0 0 0 0.00097 0 0 0 0 0 0 0 0 7.3e-005
0 0 1.3e-005 0.000104 0.000184 0 0 0 0.001918 0.000259 7.2e-005 0.000256 0 0.00093 0.000118 1.4e-005 0 0.00039 0.000375 0 0.005352 0 0.000806 0.000319 0.000325 0.00037 1.8e-005 0 0 0 4.8e-005 0 0 0 0.000184 4.2e-005 0 6.2e-005 5.5e-005 0.000138 7.5e-005 0 0 0 0 0 0 0 0 0 0 0 0 0.000865 0.000349 0.001697 0 0.000157 8.9e-005 0.003139 0.00273 0 0 0 3.3e-005 8e-005 2e-006 0 0 0 0 0 0 0 0 0 0 3.5e-005 0 0
0 0 0 0 6.9e-005 0 0 4.6e-005 0.000182 0.000526 0 0 0.000183 0.000613 0.000206 0 0 0.002216 0.00316 0 0 0.003195 0.00088 0 0.000196 0.000174 0.000441 0.000122 0 0 0 0 0 0 0 0.000191 1e-005 7.4e-005 8e-005 0.000244 0.001653 9.4e-005 0 0 0 0 0 0 0.000838 2e-006 0.00039 0 0 0 0 0.000739 0.004956 0.000102 0.001061 0.001223 0.000232 0 0 0 0 3e-006 3.4e-005 0 0 0 0 0.00032 0 1.2e-005 0 0 4.1e-005 0 0.000124 0
0 0 0 0 0 0 0 0.000104 3.5e-005 0 0 0 0 9.6e-005 0 0 0 0 0 0 0 0.00011 8.5e-005 0 0 0.000448 0.000108 0 0 0 0 0 0.000118 0 0 6e-005 0.000348 0.000305 0.000813 0.000639 0.002736 0 0 0 0 0 8.8e-005 0.000464 0.000699 0.00033 0.002828 0 1e-006 0.001336 0.000691 0.001093 0.005673 0.006934 0.000803 0.001931 0 0 0 0 0 0.00047 0 0 0.000253 0 8e-006 0.001212 0.000946 0.000596 0.00219 0 2.3e-005 0.0003 0.000805 0.000748
0 0 0 0.000933 0 0 0 0.000129 0 0 0 0 0 0 0 3e-006 0 0 0 9.9e-005 0.000232 0.000134 0 4.1e-005 0 7e-006 3.5e-005 0 0.000597 0.001113 0.000264 0 7.8e-005 4e-005 0.000223 0.000247 0.001022 0.00074 0.000239 0.000106 0.000151 0 0 0 0 0 0 0 0 0 0 2.4e-005 7.4e-005 0.000656 0.000174 0.003846 0.002704 4e-005 0 0.000119 0 0 0 0 0.000317 0 0 0.000171 0.001325 0.000212 0.001305 0.001084 0.006844 0 0.000137 0 0 0.000313 0.001252 0.000197
0 0 0.000175 0.001783 0 0 2.4e-005 0.000535 0.000841 0.000144 0 0 0 0 0.000158 0.000732 0 0 0 0 0.000513 0 0.00012 0.000644 0.000274 0 8.2e-005 0 0.000214 7e-006 0 0 0 0.000245 0.000686 0.000786 0 0.000503 0.000313 0.002028 0.000206 0 0 0 0 0.000208 0 0.000265 0 0 0 9.1e-005 0.000362 1.5e-005 0.000136 0.000698 0.000966 0.000426 0 0 0.000402 6e-006 7.4e-005 0 0 0 0 0.000184 0 0 9.4e-005 0.000536 0.000378 0 0 0 0 0.001049 0 0
2.8e-005 5.1e-005 0.000282 0.000187 0 3.6e-005 0.000121 0.000411 5.2e-005 0 0 0 0.000223 9.1e-005 0.00045 4.7e-005 0 0 0.000106 0.000309 0 0.000258 0 2.8e-005 0 0 0.000506 2.3e-005 0 0.000373 8.3e-005 0 0 0 0.000192 1.2e-005 9.5e-005 0 7.5e-005 0.000773 0.000357 0 0 0 0.000131 0.000532 0 0 0.000152 5.8e-005 0 0 0 0 0.000545 0.000355 0.004386 0.000459 0.000137 0 0 0.001287 0.000718 0 0.00144 0 0 0.000301 0 0 0.000488 0.00078 0.001448 0.002211 0.000626 0 0.000149 5.6e-005 0 0
4.1e-005 0.000324 8.4e-005 0 0 9.1e-005 0.000182 5.9e-005 0.00099 0.000512 0.000103 0 7.2e-005 0 0 0 9.8e-005 0 0 0 0 0.000152 0.000122 4.9e-005 0 0 0 0 0.000312 0.000199 0.000827 0.000133 0.00055 0 0 0 0 0 0 9.2e-005 0 0 0 0 0 0.000272 0.004556 0 0.0002 0.000503 0.00049 1.3e-005 0.001314 0.000422 0 0.000102 0.001082 0.000193 0.000798 0 0.000227 4.5e-005 0.000806 5.1e-005 0 0 0 0 0 0 0 0.000164 0 0.000647 0.000878 0 0.000966 0 0 9e-005
0.000763 0.000105 0 0.000126 0 0 0 0 6.5e-005 0.000256 0.000748 0.001007 0.000449 0.000129 0.000271 0.000435 0.000299 0 0 0 6.6e-005 0.000888 0.000868 6.6e-005 0 0 0 0.000391 1.7e-005 6.1e-005 0.00062 0 0.00012 3.7e-005 0 0 0 0 1.4e-005 0.000444 0.000252 0 0 0 0.000182 0 0.000248 3e-006 0.000634 0.000182 0.000519 0 0.003259 0.000848 0 0 0 0 0.000584 0.000207 0.00029 0.002577 0.001768 0.000157 0.000159 2.2e-005 0.000165 0 8.9e-005 1.6e-005 0.001596 2.6e-005 0 0 5.3e-005 6.4e-005 0.000553 0.000612 0.00092 0.001944
0.000118 0 0 0 0.000319 0.000204 0.000695 0 0 1.3e-005 0.000467 0 0 0 0.000249 0.000824 0 3.1e-005 0 0 6.4e-005 0.000171 0 0 0.000297 8e-006 0 0 0.000101 4e-006 0 0 0 0 0.000582 0.00053 1.3e-005 0.000719 5.3e-005 5.9e-005 0 0 1.1e-005 0 0 0 0 0 0.000254 7.7e-005 0.001878 0 0.000109 0 0 0 0 0.000135 0.000607 0.000852 0.000746 0.000527 0.000479 0.000141 0 0 0.000673 0.000196 0.00019 0 0.000196 0.001908 0 0 0 0.000107 0.002628 0.000997 0.000173 0
0 0 0 0 0 0.000549 3.5e-005 0 0.000325 0 7.3e-005 0 0 0.000154 0.000291 0.000126 0.000549 0.000297 6.3e-005 0 0 0 0 0 0.000135 0 0 9.5e-005 4e-005 0 0 0.000602 0 0 0 1.8e-005 0 0 0.000218 6.2e-005 0.000428 4e-006 0 0 0 0 0 0 0 0 0.000611 0.000322 0 0 0 0 0 0 0.000318 0.000679 0.001189 3.5e-005 0 0.000101 0 0 0 0 0 0 0.000883 0.000113 0.000267 9.6e-005 0 3.3e-005 0.000897 0.000531 0 0.000115
0 0 0 0 0 0.001058 0.000401 0 0.000237 0.000149 0.000107 0 0.000308 0.000542 9.8e-005 0 0 4.4e-005 0 0 0 0 0 0 6.3e-005 0 7.6e-005 4e-006 0.000225 0 0 0.003048 0 0.000632 0.000748 0.000755 0.00049 0.000515 0.000582 0.000505 0.000159 0.000138 0 0 0 0 0 0 0 0 0.000324 0.000576 0 0 0.00018 0.000485 3.5e-005 0 2.8e-005 2.3e-005 0.000189 0 0 1.5e-005 0 0 0 0 0.000235 0.000736 0.000116 0.002006 0 0 0 0 0 0 0 0.000541
0 0 0 0 0 0.000224 0.000357 0.000679 0 0 0.000128 0.000116 0.000134 2.7e-005 0 0.000165 0.000519 7.8e-005 0.000181 0 0.00067 0 0 0 0 0.00012 0.000585 0.000304 3.1e-005 0.000118 0 0 0 3.7e-005 0.00185 0.001877 0.001684 0.000367 0.000371 0.000487 0.000368 6.5e-005 0 4.6e-005 1.5e-005 0 0 0 0 0 0.000942 0.001888 0.000387 2e-005 0.000257 0.000219 0.000634 0 0 0 0 0 0 0.000115 0 0 0 0 0 0 0 0.000272 0.00013 0.001594 0.000285 0 0 1.6e-005 0.000112 0.000127
0 0 0 0 0 0 0.000277 0.000647 0 0 0.00014 0.000202 0 5.8e-005 5.6e-005 0.000841 0.000217 0 1.7e-005 6.8e-005 0.000463 0 0 0 0 0 0.008756 0 0 0.000284 0 7.1e-005 0.00021 0.000157 0.000181 0.00031 0.000267 0.000269 0.0004 5.1e-005 0.000888 0 2.7e-005 0.001101 2.7e-005 0 0 0 0 0 0 4.4e-005 0.000882 0.000221 0.001214 0.000382 8e-005 0.000462 0 0 0 0.000189 6.3e-005 7.1e-005 0 0 0 0 0 0 0 0 0 0.000809 0.000254 0 4.2e-005 0.000322 0.000436 0.000227
0 0 0 0 0 0 0.000504 0 0 0 0 0 0.000183 0 0 0 0 0.000103 0 0 8.4e-005 0 0 0 0 0 0 0 0 0.001187 4e-005 0.00028 0.000734 3.3e-005 0.000356 0.000292 0.000221 0.001177 0.000812 0.000115 0.000374 0.000798 0.002427 0.000103 0 0 7.5e-005 0 0 0 0 0 0.000583 0 0 2.9e-005 0 0.000127 0.000253 0 7e-005 0.000147 0.000207 0 0 0 0 0 0 0 0 0 0 5e-006 0 0 0.000346 0 0 0
0 0 0 0 0.000101 0 0 0 0.000114 0 0 0.000184 0 0 0 3e-005 0 0.001004 0.000428 0 8.4e-005 0 0.000173 0.000157 0 9.7e-005 0 0.000509 0.000206 0 0.000104 0.000337 0.000211 0 0.000116 9e-005 0.000527 0.001003 0.000117 0.00427 5.8e-005 0.000174 0.000978 0.000108 1e-006 0 0 3.3e-005 0 0 0 0 0.001422 1.7e-005 0 0 0 7.4e-005 0.000298 0 1e-006 0.000843 3.3e-005 0.000294 0 0 0 0 0 8.5e-005 0 0 2.8e-005 0.000224 0.000432 0.000847 0 0 0 8.3e-005
0 0 0 3.5e-005 0.000326 0 0 0 7.5e-005 0 0.000245 0.000981 0.000239 0 0.000163 0 0 1.6e-005 0.000413 1e-006 0 2.1e-005 0.000483 0.000217 0.000311 0.000241 0 2e-006 0 0 0 0.000587 4.1e-005 0 0.000102 0.000318 5.6e-005 0 0 0 0.000444 0 0.000238 0.00047 0.000212 2.6e-005 9.4e-005 0.000273 0.000314 0.000101 0 0.000104 5.7e-005 0 0 0 0 0 0 0 2.4e-005 0.000119 0.000264 3.1e-005 0 0 0 0 0.000117 6.2e-005 0 0 0.000509 0.000697 0.0007 6.7e-005 0 0.001393 6.2e-005 0.000625
0 0 0 0 3.5e-005 0.000104 2.1e-005 0 0 0 0 0.000945 1.7e-005 0 0 0 0 0 0.000648 0.000138 1e-006 0 6e-005 0.000372 0 4.2e-005 0 0 0.000224 1.6e-005 0 8.7e-005 3.4e-005 3.8e-005 0.000201 0.000698 0.000773 4e-005 0 0.000139 0.000151 3.7e-005 0.00044 0.000643 0.000297 0.001566 0.000473 0.000525 5.2e-005 0.000217 0 0.000196 0 0 0 0 0 0 0 0 0 9e-005 0 0 0 0 0 7.4e-005 0 0 0 0 0 0 0 0.000216 0 0.000139 3.7e-005 0.000827
0 0 0 0 0 0.000142 0.000768 0 0 0.000297 0.000607 0.000356 2.8e-005 0 0 0 0.000164 0 6e-005 0 0.000684 0.000861 2.1e-005 0.000918 0.001043 0 0 0 0 9e-006 0.000124 0.000321 0.001901 0.000438 0 0 0.000466 7.5e-005 0 0.000483 8e-006 0.000301 0.000588 0.00142 0.002109 0.002506 0.001115 0.001581 0.001408 0.00031 0.000142 0 0 0 0 0 0 0 0 0 0 0 0.000154 0 0 0 0.000368 0.000323 0 0.000101 0 0.000174 0 0.0001 0.000214 0 3.4e-005 0 3.1e-005 0.000165
0 0 6e-006 0 4.5e-005 0 0.0001 1.7e-005 0.000229 7.9e-005 2e-005 0 0.00012 3.5e-005 0 0.002872 0.000503 0.000397 7e-006 0.000114 0.000503 0.001088 0.001 0.001447 6.1e-005 0 0 0.000151 0.00054 0.00068 0.001028 0.000594 0.00086 0.000269 2.7e-005 0.000473 0 0 0.000853 0.000751 0.00135 0.000256 0.000317 0.000949 0.000353 0.002068 0.000743 0.00233 0.001545 0.001489 0.001325 0 0 0 0 0 0 0 0 0 0 0 0 0 0 0 0.000333 0.000557 0.000551 0.000201 0 2e-005 0 6.2e-005 0.000322 2.4e-005 0.00347 9.4e-005 0 0
0.000198 5.3e-005 0.000402 6.2e-005 0.000184 0 0 0 0.000753 6.4e-005 0 0 0 2.4e-005 0.000213 0 0.000163 9.5e-005 2.7e-005 0.000201 4.1e-005 0.000551 0.000123 0.000237 0 0 0 0.001409 0.001096 0 0.00019 0.000577 0.000158 0.000367 0 0.000134 0 0.000461 0.000131 0.000364 0.000143 0.000604 0.001726 0.000329 0.000607 0.000645 0.000982 5.9e-005 0.000139 0.000546 0.00201 0.000562 0 0.000169 0.000704 0.000209 0 0 0 0.000754 0 0 0 0 0 0 0 0 0 9.8e-005 0 0 0.000321 0.000405 0.000738 0.000536 0.000629 0.000154 0 0
5e-005 0 0.000118 0 0.00185 1.4e-005 0 7.6e-005 0.000997 0 0 0 0 0.000176 0.000377 0 0 0.000145 0.000811 0 0 1.3e-005 0.000331 0 0 0 0.000284 0.00033 0.000739 0 0 0 0 0.001481 0.00996 0 0.000343 0.000784 0.00016 0.000629 0.000312 0.001016 0.000706 0.00028 0.000222 0.002377 0.000417 0.000317 0 6.1e-005 0.000302 0.000582 0 0.000613 0.000714 0.000337 0 0 0.000132 5.9e-005 8e-006 0 7.5e-005 0.000429 0 0 0 0 0 0 0 0 0.000548 0.000704 0.000855 0.000229 0.000642 0 0 0
0 0 0 0 0.000637 0 0 0.001304 0.000559 0 0.000207 0 0 4.5e-005 0 3.8e-005 0.000215 0.000383 1.1e-005 0 0.000151 0.000606 0.000682 0 0 0 0 0.000108 0.000783 0 0 0.000102 0 0.000434 0.000911 0.001796 0.000642 0.00136 0.001318 0 0.000179 0.000126 0.000606 0.000187 0.000164 0.000707 2e-006 0.000139 0.000286 0.000307 0.000181 0.000343 0 0.000209 6.4e-005 0 0 3.7e-005 0 0 0 0 0.000246 0.001351 0.00068 0 0.000568 1e-005 9e-006 0 0 0.0001 0.000701 0.000781 0.000293 0.001266 0.000492 0 6e-006 9.6e-005
1e-005 0 0 0.000162 0 0 0.000155 0.000425 0.00077 0.001074 7.1e-005 0.000276 1.8e-005 0.000168 3e-006 0.00024 0.000165 0.000123 0 0 4.2e-005 8.4e-005 0.000947 0.000813 9.8e-005 8.4e-005 0.000905 9.3e-005 0.001433 0.00148 0.000355 0.000303 0.000528 6.3e-005 0.001091 0.000419 0.002855 0.002998 0.001752 0.000207 2.6e-005 0.000194 0.000528 0.00014 0.001135 0.000415 0 5.5e-005 0.00041 0.000215 0 8.2e-005 0.000305 0.001437 3e-006 0 0 7e-005 0 0 0 0 0.000227 1.3e-005 0.000414 0 8.7e-005 6.2e-005 6.8e-005 0.000698 0.003558 0.000119 0.000347 0.000187 0.000989 0.002208 0.00124 0 0 0
0.000249 9.7e-005 0 0.000397 0 0 0.000256 0.00034 0.000111 0.000652 0 3e-006 9.5e-005 0.000166 0.000439 0.00016 0.001408 7.3e-005 0 0 0.000747 0.000928 0.000358 0.000352 0.000833 0.000473 0.000928 0 0 0.000954 0.001254 0.000672 0.000125 0.000259 0.000647 0.00017 0.000541 0.001603 0.000124 0.000102 0.000241 0.000692 0.001277 0.001252 0.000312 0.000167 5.3e-005 0 0 4.4e-005 6.1e-005 0 0 1.7e-005 0 2e-006 0 0.000459 0 0 0 0 0.00016 0 0 6.4e-005 0 5.6e-005 0 0 0 0 0 5.3e-005 0.000196 4.3e-005 1.1e-005 2.5e-005 0.000324 0.000399
0 1e-006 0.000299 0.001687 4e-006 0.000391 0.000131 0.000287 0 5e-005 0 0 0 0.001262 0.00012 0 6e-005 0 0.000331 0.000516 4.5e-005 0.000134 1.9e-005 0.000838 1.2e-005 9e-006 0.000705 0.000614 0.000261 0.001239 0.000453 7.3e-005 0.00023 0 0.000703 0.00012 0.000285 0.001536 0.000276 0.000733 0 0.001468 0.003375 0.001823 0.000364 7.9e-005 0.000257 0.000782 0.000427 0.000215 0 0 5.4e-005 8.5e-005 0.000117 3.3e-005 0.000388 0.001058 0.000224 0 8.3e-005 0 0 0 0 0 0 0 0 0 5e-005 2e-006 0 5e-005 0.000906 0.000445 0.001417 0.002126 0.000699 0.000825
0 0.000129 9.5e-005 2.9e-005 0.000226 0.000756 4.3e-005 0.0005 0.000283 9e-006 1e-005 0.000196 0.000566 0.001921 0.000535 0.000161 0 0.00066 0.00023 0.000175 0 0.000343 1e-005 0.000321 2.2e-005 0 9.6e-005 0.001244 0.000429 0.000934 0.001974 0.000857 0.000428 0.000471 0.000784 0.000409 0.000313 0.001287 0.001399 0.001376 0.000531 8.2e-005 9.9e-005 0.000215 0.000659 0.000551 0.001331 0.002626 0.001627 0.000193 0 0 0.006164 0.00342 0.000409 0.000304 0.000899 0.000628 0.000142 0.000154 0.006054 0.014124 0 0.000124 0 0 0.000534 0.000183 0.000616 2.2e-005 0 3.4e-005 0 0.000708 0.000147 0.000629 0.001346 0.001034 0.000123 0.000125
0 6.5e-005 0 4.4e-005 0 0.000639 0 0.000353 0.00077 0.001334 0.001266 0.000159 8.2e-005 0.000747 0.000169 0.001737 0.000558 6.9e-005 0.000649 0.0009869999 0.000789 0 0 0 0 0.000792 0.000427 0.000102 8e-005 0.001416 4.3e-005 0.000561 0.000333 0.000131 0.000857 0.001715 0.000217 0.000933 0.002976 0.001243 0.000586 0.00075 0.000218 0.00086 0.001476 0.000177 0.002045 0.005336 2e-006 0 0.000312 0.015574 0.000121 0.000566 0.000756 0.000625 0.000378 0.000816 8e-005 0.000559 0.00764 0.000569 0.0006 0.00048 0 0 0 0.000506 0.000277 0.000249 0.001693 0.000573 2.9e-005 0.000215 0.000766 0.002673 0.000817 0.00039 8.7e-005 0.000723
0.000544 0.002634 0.000386 0 0 1.2e-005 0.001364 0.00055 0.000611 0.000488 0.00191 0.00084 0 9.5e-005 0.000565 0.003107 0.001123 0.000152 0.001285 0.001059 0.002295 0 0 0 0.000131 0.000188 0.000123 0.000363 0.000868 9.6e-005 0 0.000295 0.002038 0.00083 0.001074 0.004221 0.000192 0.000854 0.001432 0.000886 8.7e-005 0.000331 0 0.001203 0.002558 0.000175 0.000594 0.001459 0 0 0.000662 8e-005 0.002576 0.00079 4.4e-005 0.000139 0.000458 0.000447 0.0001 0.000139 4.8e-005 0.00079 0.000645 0.000791 0 0 0 0.000826 0.000477 0.000125 0.000158 0.000721 0.00048 0.000234 0 0.000293 0.000434 0.000722 0.00052 0.004975
0.000208 0.006582 0.001823 0.000407 0.000485 0.000537 0.000713 0.000684 0.001018 0.000897 0.003074 0.000195 0.001233 0.001477 0.000469 0.00102 0.001569 0.000133 0.000282 0.001527 0.000207 0.000177 0 0 0 0.000105 0.000193 0.002441 0.001694 0.000179 2e-005 0.000757 0.001088 6.5e-005 0.000959 0.001168 0.000879 0.000316 0.000569 0.000212 0 0.000236 0 0.00036 0.000951 6.9e-005 0.001447 0.000641 0 0 0 0.000909 0.001528 0.007596 0.001618 0.000773 0.000282 0.00014 0.000217 0.000444 0.000338 0 0.000407 0.000246 0 0 0 0.000493 0.000336 0.000576 0.001141 0.000253 4e-006 0.000282 0 0.000669 1.4e-005 0.000156 0.000798 0.000552
9.7e-005 3.3e-005 0.000103 0.000143 0.000916 0.000946 0.000928 0.001249 0.000671 0.000105 0.000192 0.000337 0.000475 0.000155 0.000386 0 0 0.000621 0.000832 0.001047 0.002585 0 0 0 0 0.000696 0.000544 0.000307 0.000961 0.000554 0.001324 0.001579 0.000965 0.000121 0.001534 0.000378 0.002296 0.000298 0.009972 0.003724 0.000232 0.000515 0 5e-006 0.000242 0 0.014341 0.000197 0 0 0 8.9e-005 4.2e-005 0.002851 0.000845 0.002103 0.003259 0.00279 0.000762 0.000189 0 0 8.9e-005 8.9e-005 0 0.003592 0.000115 4.4e-005 0.00083 3.1e-005 3.7e-005 0.0001 7.6e-005 0.001292 0.000758 0.000294 9.2e-005 0.000656 0.000601 4e-006
0.001489 0.000464 0.000338 0.000321 0.000413 8.3e-005 0.000797 7.9e-005 0.000273 0.001784 0.000411 0 0.00115 0.000699 0.003189 0.000705 0.000219 0.000993 0.001787 0.001017 0.002566 0.000216 0 0 0 0.000317 0.00026 0.000278 0.000329 0.000966 0.000497 3.1e-005 0.000218 1e-005 0.000559 0.000357 0.000592 0.00385 0.064916 0.006487 0.001384 0 0 0 6e-006 0.010089 0.007944 0.001482 0 0 0 0 0.000134 0 0 5.5e-005 0.001635 0.00455 0.000216 0.000366 0.000674 0.000145 0 0 0.000128 0.001135 0 0.000316 2.6e-005 0 0 0 0.000137 7e-005 0.000123 9.5e-005 0.000315 4.8e-005 0.000858 0.000771
0.000157 0.000652 0.000912 0 0.00011 0.00037 0.000606 7e-006 0 1.4e-005 0.000113 0.000449 0.003204 0.001597 0.002444 0.002515 0.000817 0.00026 0.000769 0.000132 0.000568 0.000776 0.000291 2e-005 0 7.2e-005 0.00012 0.000194 0 0.00066 0.000446 0.000346 0.000172 0.00195 0.000845 0.000725 0.000266 0 0.006693 0.005357 0.007119 0.003279 0 0 0 0.001224 0.001506 0.001587 0 0 9.5e-005 0 0 0 0 0.00014 0.00131 9.7e-005 0.001774 0.001046 0.000928 0.000668 0.001364 0.001199 0.00054 0 0.001003 0.000107 0 0 0.000121 0.000577 0.000273 0.000356 0.000694 0.000599 0.000319 0 0.001065 0.000105
0.000327 3e-005 0.000644 0.000203 0.000566 0.001635 0.000399 0 0.000138 0.000133 0.000132 4.2e-005 0.0009860001 0.001376 0.001577 1.5e-005 0.000253 0.000111 4.1e-005 0.000867 0.000668 0.000408 0.001453 0.000584 0 0 0 0.000394 0.000157 0 0 0.000198 0.000316 0.001011 5.2e-005 0.000305 7.3e-005 0.000419 0 0.003676 0.001185 2e-006 0 0 0 0 0 0 0 0.001438 0.002043 2.8e-005 0.000144 0.002583 0.004416 0.001936 0.000175 0 0.001712 0 0 7.2e-005 0.000223 0.000313 6.8e-005 0.001088 0.004469 0.001583 0 0 0.000192 0.002814 0.001663 0.000445 0.000496 0.000126 0 0.000195 7e-005 0.00039
0.000451 4.8e-005 0.000143 0.00063 0.013317 0.001089 0.00027 0 2.4e-005 0.000747 0 0 0.000358 0.000424 0.000286 0.000324 1e-006 0 0.000919 0.000743 0.000604 0.000157 0.000238 3e-006 0 0.00016 0.000131 0.000981 0.000137 5.1e-005 7.8e-005 9.1e-005 0.00012 0.000225 0.000249 0.000591 0.001509 0.002723 5.5e-005 0.000162 0.001502 0.000486 0 0 0 0 0 0 0 0.000969 0.015319 0.001492 0.000689 0.006748 0.009728 0.003036 0.001051 0.000518 0.001144 0.001726 9e-005 0.000222 0 4.4e-005 0.005304 0.002131 0.001258 0 0 0 0 3e-006 0.000533 0 0.000101 4.8e-005 0.000357 0.000382 0.000598 0.000165
0.001442 0.000671 0.000147 0.000109 0.000464 0.000861 0 0.00185 0.00043 0.001355 6.6e-005 0.002347 0.001145 0.000872 0.001146 0.0002 0.000983 0.00011 0.000323 0.00212 0.000485 1e-005 0.000133 5.9e-005 0 0 0.000186 0.000589 0.000119 0.000634 0.000339 0.000422 0 0 5.2e-005 0.000699 5e-006 0.000209 0.000798 2.3e-005 0 0 0 0 0 0 0 0 0 0.001091 0.007308 0.001367 0.002707 0.008571 0.002163 0.002694 0.001753 0.000295 0.000247 4e-006 0.000241 0.000152 9.3e-005 2.7e-005 0.005601 0.010492 0.000387 0.001472 0 0.000678 0.000324 0.000259 0.001259 2.1e-005 0.000613 0.001333 0.00072 6.3e-005 0.000568 0.000641
