EnvRasters/GE_High/potatoes.asc
ncols         270
nrows         223
xllcorner     24099.479091542
yllcorner     21023.840179216
cellsize      1003.8986847201
NODATA_value  -9999
[rows 108 to 143 of 223, columns 80 to 159 of 270]
0 0 0 0 0 0.00068 0.002327 0.002256 0.005182 0.003042 0.002877 0.000252 0.000123 0.00021 1e-006 0 1.1e-005 0.001115 0.000435 0.000718 3.5e-005 0.000261 0 0.000963 0.00896 0.003055 0.004292 0.004352 0.005393 0.003139 0.000368 0.006147 0.003314 0.006314 0.0025 0.001541 0.003571 0.000376 0 0 0.0001 0.000158 0.001242 0.014663 0.001478 0.001722 0.007492 0.001465 0.009674 0.001709 0.005694 0.004104 0.001665 0.001188 0.00024 0.004222 0.004141 0.016072 0.002109 0.000998 0.003421 0.000807 3.2e-005 0.001516 0.001617 0.002484 0.001933 0.001725 0.00075 0.002751 0.001856 0.003608 0.003816 0.004684 0.007146 0.001336 0 5e-006 7.3e-005 0.001307
0 0 0 0 8.9e-005 0.002108 0.003051 0.002954 0.004573 0.000179 0.000145 0.000556 7e-005 0.000201 0.000236 0.000742 0.000159 0.000158 0 0.001106 0.004928 0.001343 2e-005 1.8e-005 0.00151 0.002554 0.001854 0.000782 0.003376 0.00395 0.001133 0.001412 0.000551 0.00586 0.001201 0 0.000808 0.002516 0.000532 0.002348 0.003025 0.001269 0.000379 0.000105 0.001661 0.002382 0.001201 0.000692 0.003845 0.006281 0.00734 0.003473 4.3e-005 0.000121 0 0.003306 0.000479 0.002479 0.001183 0.003073 0.004847 0.001313 2e-006 0.001659 0.023863 0.001964 0.001234 0.007058 0.005877 0.006715 0.006284 0.00341 0.005853 0.006507 0.002796 0.002935 0.001871 0.001892 0.00408 0.004152
0 0 0 0 0.00038 0.003306 0.003912 0.001284 0.002195 0.001552 0.004368 0.002115 0.001221 0.000581 0 0 0 0 0 0 0.002322 0.000357 0.000352 0.000502 0.000383 0.001882 0.000966 0.001538 0.000543 0.000761 0.000489 0 0.000864 0.001279 0.000695 0 0 0.000168 0.000472 0.003604 0.001459 0.002243 0.006057 0.002159 0.001312 0.001651 0.000587 0.004254 0.006931 0.015367 0.000535 0 0.000506 0.000693 0.000245 0.002729 0 0.000489 0 6.4e-005 0.003499 0.000497 0.000602 0.00042 0.008431 0.003307 0.002656 0.00435 0.00727 0.01022 0.002069 0.005183 0.005027 0.015759 0.010131 0.002153 0.005995 0.005746 0.001314 0.001721
0 0 0 0 0.000839 0.001284 0 0 0 0 0 0 0 0 0 0 0 0 0 0 0 0 0.000516 0.001497 0.000645 0.003144 0.001531 0.004104 0.004843 0.005226 0 0.000153 0.001404 0.000623 0 0 0 0.000218 0.002169 0.002668 0.002532 0.00533 0.001297 0.010282 0.007435 0.001231 0.000583 1e-006 0.001491 0.004559 0.0006 0.001735 0.003379 0.003074 0.003797 0.017536 8e-006 0.000994 0.001777 0 0.001154 0.001651 0.001915 0.001529 0.002701 0.010344 0.00407 0.000992 0.001026 0.003359 0.004613 0.002649 0.002185 0.005064 0.006235 0.002637 0.002321 0.013436 0.006802 0.00529
0 0 0 0 0 0 0 1e-006 0 0 0 3.5e-005 0.000246 0.002465 0 1.1e-005 0 0 0 0.001183 0.000325 0 0.001006 0.00106 0 0.000201 0.000608 0.000593 7.5e-005 4.8e-005 0 0 0 2e-006 0.000118 0 3.2e-005 0.000183 0.001596 0.000569 0.00806 0.008181 0.002198 0.009714 0.001278 4e-006 0.000217 0 0 0.000495 5.4e-005 0.001105 0.003178 0.001335 0.001317 0.009731 0.001097 0.004052 0.00453 0.001246 0.001843 0.005365 0.002654 0.003165 0.001871 0.002739 0.002753 0.000429 0.00132 0.004046 0.005489 0.001337 0.004078 0.00121 0.005261 0.004938 0.004718 0.004151 0.004366 0.003766
1e-006 0.00139 9e-005 0.000243 0 0 0 0 0 0.000275 5.5e-005 0 0.000907 0.000672 0 0.001187 6.7e-005 0 4e-005 0.000711 0.001083 0.000435 0.00764 0.006372 0 0.001883 0.00039 0.000333 0.004092 0 7.9e-005 0 0 1.5e-005 0.000469 0.000496 0 0 0.001572 0.002012 0.000883 0.005718 0.008498 0.012215 0.000907 0.00067 0.000674 0.00033 0.000591 7.7e-005 0.000997 0.000762 6.4e-005 0.000221 0.000268 0.005401 0.00233 0.006928 0.000824 0.003364 0.00319 0.001465 0.005631 0.003089 0.005122 0.008911 0.001048 0.001284 0.00248 0.001671 0.002553 0.001517 0.001579 0.002384 0.001405 0.001229 0.0022 0.002186 0.000903 6.4e-005
4e-006 0.000327 0 0 0 0 0 0 0 0 0.000249 0.000767 0.000838 2.3e-005 0.000121 0 0.000743 0.002955 0.000414 0.000592 0 0 0.000346 0.00027 3e-005 0.002056 0.001024 0.000346 0.000316 0.001045 0.000327 0.000447 0 3.4e-005 0 2e-006 0 0 0.000505 0.000175 9.8e-005 0.000396 0.00135 0.002299 0.000105 0.00071 0.000123 0.000149 0.000645 0.000186 0 0.001555 0.000383 1.9e-005 8e-006 0.000557 0.003623 0.00467 0 0.00101 0.007663 0.000797 0.001166 0.001838 0.003451 0.002384 0.006041 0.00575 0.00175 0.000249 0.007648 0.003231 0.002039 0.000144 0.002459 0.007795 0.005117 0.003477 0.000232 0
0 0 0 0 0 0 0 0 0 0 0 0.001361 0.000142 0 0 0 0.000402 0.000224 0 0.000132 0.00093 7.5e-005 6e-006 0.000367 0 0.000332 0.000398 5e-005 0.000469 0.001391 0.00155 0.000473 0 0 0 0 0 0 2e-006 0.001048 0 0.000387 0.000336 0.000406 0.000369 0.000428 4.1e-005 5e-005 0.000587 0 0.000458 0.00389 0.000209 0.002261 0.00338 0.003039 0.002127 0.000331 0 0 0 0.005328 0.002739 0.001519 0.001707 0.001452 0.002449 0.004028 0.002068 0.003447 0.003729 0.002976 0.001529 0.003077 0.001185 0.002721 0.008107 0.000568 0 0
0 0 0 0 0 0 0 0 0 0 0 0.000132 0.000198 0 0 0 0 0 0 0 0 5.7e-005 0.000476 0 0 0.000864 0.000154 0.000852 0.000415 0.002085 8.8e-005 0.00114 0.000546 0.001299 0.000802 0 0 0 0.006641 0.004438 0 0 0.000768 0.000306 7.4e-005 0 0 0 0 0.000105 0 0.000212 0.001114 0.000856 0.00147 0.001346 0.000977 7e-006 0.000545 0.000218 0.002217 0.000554 0.00021 0.000194 0.00077 0 0.000889 0.002939 0.001884 0.000831 0.00425 0.003649 0.002304 0.006399 0.005429 0.001558 0.000542 4e-006 0 0
0 0 0 0 0 0 0 0 0 0 0 5.6e-005 1.6e-005 0 5.5e-005 0 0 0 0 2.2e-005 0 0 0 0 9.2e-005 0.001852 0.000109 0.001289 0.001049 0.000125 0.008835 0.002459 0.002452 0.000641 0 0.000615 0.000479 0 0.002444 0.003118 0.001604 0.00106 0.003403 0.005301 6.5e-005 0.000637 0.00035 0 0 0 0.000378 0.000401 0.000972 0 4e-006 0 0.000781 0.000969 0.001016 0.000141 0.000679 0.002344 0.000704 0 6.9e-005 0 0 0.00054 0.000223 0.000103 0.002716 0.001447 0.002385 0.000319 0.003707 0.001174 0.000752 0.000863 0 0
0.000153 0.000678 0.000621 0 0 0 2.8e-005 0 0.000846 0 0.000362 2.8e-005 0.000196 0 0.000131 0.000896 0.000706 0 0 0 0 0 0.000268 0.000925 0.000369 0.004072 2e-006 0.000595 0 0.000715 0.004644 0.010505 0.001923 0.000564 0.001114 0 0.000543 8.1e-005 0.001314 0.003945 0.002193 0.00567 0.010145 0.007429 0.000553 0.000342 0.000691 0 0 0 0 8e-006 0 0 0.000737 9.8e-005 0 0.000258 0.000275 0.00255 0.001453 0.004191 0.000149 0.001241 0.000741 0.001154 0.00112 0.000519 0.000664 0.002384 0.003107 0.004633 0.002284 0.001424 0.002159 0 0.001961 0.000332 0.001679 0.000367
0.000262 0.001209 1.9e-005 0.000354 0.000604 0 0.000159 0.000193 0.000311 0 0.001046 0.001148 0.002932 0.0021 0.001369 0.001356 0.001079 0.000196 0 0 0 1.1e-005 0.001128 0.000463 0.001137 0.003297 4.6e-005 0.002233 6e-006 5e-006 0.001294 0.002727 0.000886 0.004039 0.004825 0.000465 0 0.000491 0.001031 0.002175 0.002926 0.000142 0.000763 0.000128 0.001729 0.000529 0 0 0 0 1.1e-005 0 0 0 0 0 6.1e-005 0.000177 0 0.001708 0.004041 0.000219 0.000196 0.001454 0.00042 0.001597 0.006561 0.000294 0.001365 0.003224 0.000615 0 0.000453 0.002931 0.002466 0 0.006987 0.00121 0.002646 0.002414
0.01313 0.000559 0.001493 5e-006 0.000438 0.001097 0 0 5.5e-005 0 0.000228 0.000811 0.001359 0.002398 0.001542 0 6.6e-005 0 0 0 0 0.000205 0.012678 0.000144 0.003227 0.016416 0.000628 0.001345 0 0.000291 0.00212 0.001419 0.001308 0.002493 0.001682 0 0.000107 0.000235 0.001585 0.000454 0.003927 0.001601 0.001477 0.001362 0 0 0 0 0 0 8e-006 0 0 0 0 0.000787 0.000269 2.4e-005 0 0.000262 0.000256 0.000453 0.000853 9e-005 0.000165 0.002995 0.005549 0.003206 0.000531 0.005533 0 0.000303 0.000265 0.002637 0.00048 0.000397 0 0.0015 0.000231 0
0.016196 0.004198 0.000282 0.000211 0.001171 0.003258 0.000812 2.7e-005 0 0 0 0 0.00107 0.002082 0.001904 0.003538 0.001452 0.00397 0.00198 0.000257 0.001902 0.000871 0.007883 0.000672 0.005618 0.014381 0.000894 0.01326 0.002731 0.006595 0.000667 0.000695 0.001236 0.002858 0.002021 0 0.000178 1.5e-005 0.000558 0.002887 0.001292 2.1e-005 0 0.000141 0 0 0 0 0 0 0 0 0 0 0 0 2e-006 0.000178 0.000842 0.001255 0.000652 0 0 0 2e-005 0.002157 0.007618 0.000875 0.00039 0.000753 0.006693 0.002716 0.001754 0.000271 0.002752 0.000501 1e-006 5e-005 0 0.000104
0.000946 0.002397 0.000526 2e-006 0.001495 0.000926 6e-005 0 0 0.000285 0 0 0.001533 0.004243 0.000752 0.001247 0.002701 0.002586 0.000923 0.000163 0.001371 0.000237 0.002409 0.004923 0.001552 0.013565 0.001541 0.017201 0.017608 0.002743 7e-005 0.001433 0.002346 0.002795 0.000646 0 0.0008 0.001251 0.000747 6.1e-005 0.00014 0 0 0.001763 0.003026 0.000638 5.3e-005 0 0.001666 0 0 0 0 0 0 0 0 0.000143 0.002396 0.001479 0 0 0 0 0.001263 0.001952 0.004345 0.000904 0.004119 0.003776 0.008831 0.002389 0.001148 0 0 4.5e-005 0.000237 0 0.001126 0.00756
7.5e-005 0.000254 0.000246 0.001295 0.003062 0.004317 1.6e-005 9e-005 0 0.000369 0.001067 0.00155 0.000713 0.001477 0.000935 0.000546 1e-006 2e-006 0.000115 0.000305 0.000523 0.010358 0.002349 0.001583 0.002 0.003759 0.007838 0.014263 0.001349 0.000576 0.000785 0.000905 0.001375 0.000248 9.6e-005 0 0.000774 0.001988 0.000219 0 0.001227 0.002942 0.001452 0.005789 0.00597 0.001632 0 0 0.000349 0.00053 0 0 0 4e-005 0.00033 0.000363 3.8e-005 0.00337 0.002886 0.002295 0.000405 0 0 0.000119 0.000929 0.000839 0.002406 0.000898 0.000404 0.001533 0.002702 0.000165 0.000896 0 0 0 2e-006 0 0.00299 0.008612
0.000277 0.0003 0.000891 0.000783 0.000887 0.002272 0.001421 9.6e-005 0 0.00395 0.003174 0.001358 0.000229 0.000992 0.002381 0.00013 0.001504 0.004638 0.012944 0.000316 0.001525 0.006543 0.000212 0.002284 0.00267 0.002912 0.001729 0.005344 0.005085 0.006957 0.002056 0.000738 0.000796 0.000389 0.001054 0.000622 0.001116 0.001985 0.001243 0.001104 0.000527 0.002742 0.009435 0.003391 0.001648 0.001018 0.000105 0 0 0.000135 0 0 0 8.4e-005 0.000228 0.002565 0.001582 0.002879 0.000669 0.001409 5.4e-005 5.3e-005 0.000685 0 0 0.000226 0.001666 0.000139 0.002012 0.002052 0.001511 0.000213 0.000247 0 3.3e-005 0 0 0.000161 0.00514 0.000225
0.001668 0.000421 0.001205 3e-005 0.000431 0.00076 0.001981 0.000817 0 0.002122 0.003782 0.000955 0.000158 0.001948 0.004208 0.001457 0.001639 0.01371 0.003047 0.010835 0.002237 0.001704 0.004204 0.003902 0.016765 0.001994 0.003622 0.002411 0.002942 0.001504 0.004523 0.001018 0.000251 0 0.000224 0.000182 0.001781 2e-006 0.000727 0.000552 0 0.00071 0.001636 0.002542 0 0 0 4.9e-005 0 0.000771 3e-006 0 0.000536 0 0.000648 0.003188 0.00269 0.001432 1e-006 0.0032 0.000947 0 0 0.002364 0.000101 0.005494 0.002799 0.000561 0.000795 0.001707 0.003364 0.003667 0.002782 0 0.00039 0.002105 0.001147 0.000392 0.00512 0.000136
0.000597 0.000984 0.002205 0.000908 4.8e-005 0.000115 0.002852 0.000844 0 0.001276 0.003778 5.7e-005 0 0.000651 0.004808 0.001536 4e-005 0.001171 0.000339 0.002314 0.001599 0.004045 0.001668 0.002847 0.022136 0.000808 0.000616 0.008503 0.007179 0.001685 0 0 0 0 0 0 0.000133 0.001332 0.000638 0.001124 0 0 0 0 0 0 0 0.000224 0.000142 3.6e-005 0.000203 0.000321 0.00299 0 0.001023 0.001039 0.000334 0.00155 0.000293 0.000875 0.000205 0 0.000178 0.001242 0.003223 0.006906 0.004014 0.00042 0.003258 0.00185 0.003913 0.005336 0.004758 0.001289 1.4e-005 0.004369 0.000927 0.001659 0.002289 0.000634
0.000303 0 0 0 0 0 0.000489 0.000979 0.000424 5.8e-005 0.005899 0.003746 0 0.000731 0.019295 0.004685 0.000248 0.000396 0.004177 0.019644 0.016185 0.002584 0.002684 0.004388 0.002521 0.000478 0 0.002059 0.005298 1.5e-005 0.000875 0 0 0 3.8e-005 8.8e-005 0.000384 0.00171 0.000524 0.001743 0.000265 0 0.000209 0 0 0 0 9.5e-005 0.000113 1e-006 0 0 0.003775 3e-006 0.002141 0.000113 0.002337 0.000835 0.001542 0.000816 0 0 0.000553 0.00176 0.001131 0.003709 0.001423 0.000693 0.004952 0.006034 0.007882 0.004299 0.00094 0 2.7e-005 0.00017 0 0 0 0
0.000286 0 0 -9999 -9999 0 0.000754 -9999 0 5.4e-005 0.000487 0.000273 0.002036 0.003278 0.019401 0.001705 3.2e-005 0.003328 0.012133 0.001121 -9999 0.005758 0.01153 0.004812 0.000316 0 0 0.000131 0.001588 3.2e-005 1e-005 0 0 0 0.000948 0.002392 0.000261 0.000559 0.000942 0.000256 0 0.000781 3e-006 0.004046 0.001624 0 0 3.3e-005 0.000222 0 1e-005 0.000184 0.00016 0.002677 0.005031 8.4e-005 0.001476 0.001534 4.2e-005 0.000394 0.003507 0.000459 0.001194 0.000181 0.002076 0.002007 0.002997 0.004121 0.014448 0.006137 0.00596 0.008149 0.00294 1e-005 0 0.000118 0.000634 0.000188 1e-006 0.000411
0 -9999 -9999 -9999 -9999 -9999 -9999 -9999 -9999 0.000622 0.002328 0.003166 0.003051 0.00218 0.004781 0.000228 0.00102 5.7e-005 0.000777 -9999 -9999 0.000469 0.004921 0 0 0 0 0 0.000829 0.000855 0.001031 0.000339 0.003082 0.002751 0.001371 0.003062 0.001657 0.004143 0.003841 0 0.000965 0.002322 0.000515 0.002897 0 0 0 0 2.6e-005 0.00089 0.001738 0.00358 0.002956 2e-006 0.001969 2.2e-005 0 0.000641 0 0 0.000392 6.3e-005 0.000555 0.002121 0.005425 0.004978 0.00306 0.007348 0.010425 0.009559 0.006488 0.003728 0.003919 0.000292 0.000226 0.00069 0.000626 0 0.001032 0.003661
0 -9999 -9999 -9999 -9999 -9999 -9999 -9999 -9999 -9999 -9999 0.002286 0.005098 0.001948 -9999 -9999 -9999 -9999 -9999 -9999 -9999 -9999 0 0 0 0 0 0 0.002472 0.007262 0.003039 0.000758 0.002119 0.003864 0.00142 0.000656 0.00113 0.002078 0.005103 0 0.000379 0.000461 0.000358 0.002983 0.000725 0.00054 0.000134 7.5e-005 0 0.001747 0.002288 0.003268 0.005009 0.002766 0.0058 3.2e-005 0 0.001511 0 0.00052 0.00024 0.000358 0.000628 0.001405 0.004916 0.002415 0.003594 0.022869 0.006431 0.007009 0.004303 0.003624 0.008909 0.002918 0.001466 0 0.000168 0.000132 0.00066 0.001664
0 -9999 -9999 -9999 -9999 -9999 -9999 -9999 -9999 -9999 -9999 -9999 -9999 -9999 -9999 -9999 -9999 -9999 -9999 -9999 -9999 -9999 -9999 0 0 0 0 0.000587 0.017024 0.004183 0.00326 0.002501 0.004826 0.008543 0.002681 0.002048 0.001295 0.004763 0.011146 0.010045 0.001568 0.002553 0.00385 0.005821 0.005644 0.001495 0.000823 1.1e-005 0 0.001661 0.002394 0.00611 0.003827 0.003934 0.00501 0.001183 3e-006 0.000343 0.002398 4.6e-005 0.000428 0.000631 0.000751 0.000376 0.000562 0.000904 0.007449 0.003197 0.006073 0.00336 0.001557 0.003649 0.009854 0.000269 0 0 0 0 0 0.000284
-9999 -9999 -9999 -9999 -9999 -9999 -9999 -9999 -9999 -9999 -9999 -9999 -9999 -9999 -9999 -9999 -9999 -9999 -9999 -9999 -9999 -9999 -9999 -9999 0 0 0.000744 0.002194 0.007999 0.006566 0.005886 0.00626 0.005643 0.007751 0.00476 0.00086 0.001753 0.014659 0.008236 0.009471 0.003877 0.00469 0.006194 0.007359 0.003616 0.003498 0.001616 0.000311 0.001838 0.002353 0.001407 0.0033 0.001344 0.001503 0.001722 9e-005 3.5e-005 0.00068 0.004952 0.00046 0 0 2.8e-005 0.002355 0.007274 0.007976 0.008425 0.003084 0.003293 0.001381 0.002153 0.000525 0.00074 0 0 0 0 0 0 0.000452
-9999 -9999 -9999 -9999 -9999 -9999 -9999 -9999 -9999 -9999 -9999 -9999 -9999 -9999 -9999 -9999 -9999 -9999 -9999 -9999 -9999 -9999 -9999 -9999 -9999 -9999 4.2e-005 0.000694 0.005864 0.017348 0.010958 0.005947 0.003136 0.003522 0.006778 0.006638 0.007132 0.003369 0.007382 0.002234 0.011594 0.009762 0.009185 0.02577 0.025922 0.010725 0.002982 0.000321 0 9.8e-005 0.000235 0.005933 0.003473 0.004292 0.0019 1.8e-005 0.001778 0.002939 0.002323 5.8e-005 0 0.000206 0.003379 0.012145 0.008718 0.006703 0.004487 0.007162 0.004753 0.001237 0.003582 0.001667 2.6e-005 0 0 0 0 0 0 0.00116
-9999 -9999 -9999 -9999 -9999 -9999 -9999 -9999 -9999 -9999 -9999 -9999 -9999 -9999 -9999 -9999 -9999 -9999 -9999 -9999 -9999 -9999 -9999 -9999 -9999 -9999 -9999 0.001034 0.001531 0.00585 0.010802 0.00555 0.003932 0.003338 0.002272 0.000653 0.002251 0.002377 0.006383 0.004716 0.022973 0.017462 0.004065 0.006653 0.008096 0.020349 0.008014 0.001909 0.001892 0.000491 0.000867 0.00758 0.002885 0.001697 8.7e-005 0.003341 0.004048 0.001724 0.00087 0.000541 1e-005 0.002463 0.002761 0.007184 0.008921 0.004923 0.001455 0.001732 0.00387 0.000511 0.002275 0.002788 0.001702 0.000421 4.6e-005 0.000114 0 0 0 7.6e-005
-9999 -9999 -9999 -9999 -9999 -9999 -9999 -9999 -9999 -9999 -9999 -9999 -9999 -9999 -9999 -9999 -9999 -9999 -9999 -9999 -9999 -9999 -9999 -9999 -9999 -9999 -9999 2.1e-005 0.003907 0.005469 0.002285 0.005173 0.003679 0.002994 0.002096 0.001147 0.004475 0.010884 0.001828 0.003401 0.006423 0.003355 0.00536 0.008412 0.020811 0.001818 0.000541 0.001008 0.000947 0.000217 0 0.000605 0.004284 0.004084 0.002188 0.000972 0.000975 9.1e-005 0.000259 9.4e-005 0.002078 0.006887 0.009301 0.005418 0.006267 0.002468 0.007864 0.000896 0.000552 0.001084 0.00377 0.0026 0.000664 0.002152 0.001418 0.000921 1.2e-005 0 0 0.003105
-9999 -9999 -9999 -9999 -9999 -9999 -9999 -9999 -9999 -9999 -9999 -9999 -9999 -9999 -9999 -9999 -9999 -9999 -9999 -9999 -9999 -9999 -9999 -9999 -9999 -9999 -9999 0 0.000102 0.000496 0 0.000407 0.003828 4e-005 0.002896 0.00042 0 0.000153 0.00095 0.001555 0.002622 0.00067 0.017293 0.00467 0.006398 0.000615 0.001637 0.000977 0.000811 0.002216 0.000894 0.000391 0.000201 0.001106 0.000111 0.000199 0.000752 0.003702 0.003702 0.000655 0.003359 0.007541 0.005573 0.01021 0.004679 0.006017 0.004019 0.003023 0.005639 0.003997 0.001503 0.006718 0.001811 0.001771 0.001335 0.000747 1.2e-005 0 0 0.000988
-9999 -9999 -9999 -9999 -9999 -9999 -9999 -9999 -9999 -9999 -9999 -9999 -9999 -9999 -9999 -9999 -9999 -9999 -9999 -9999 -9999 -9999 -9999 -9999 -9999 -9999 -9999 -9999 0.002007 0.001911 0.006055 -9999 -9999 0 0.00018 0.000531 0 0 0 0.000381 0.003525 0.005176 0.013598 0.004728 0.001835 0.003327 0.005666 0.001061 0.000776 0.000462 0.000105 0.000294 0.000893 0.000487 0.000898 0.002033 0.000494 0.003361 0.005313 0.007252 0.004433 0.005115 0.00904 0.002622 0.003709 0.006628 0.003854 0.003351 0.002648 0.005635 0.004225 0.002592 0.001844 0.001218 0.000163 0.00012 0 0 6.5e-005 0.001099
-9999 -9999 -9999 -9999 -9999 -9999 -9999 -9999 -9999 -9999 -9999 -9999 -9999 -9999 -9999 -9999 -9999 -9999 -9999 -9999 -9999 -9999 -9999 -9999 -9999 -9999 -9999 -9999 0.000909 0.000394 0.002889 -9999 -9999 -9999 0.000419 0.001865 0 0 0 0 0.000137 0.003305 0.006741 0.000715 0.000356 0.0086 0.003128 4e-006 9.4e-005 0.000394 0.0007 5e-005 4.9e-005 0.000747 0.000525 0.000236 0 0 0.001262 0.008925 0.005501 0.00538 0.004187 0.009882 0.003922 0.00037 0.007284 0.000187 0.000713 0.00669 0.005498 0.00518 0.001006 0.001296 0.000139 0 0 0.000858 0.001418 0
-9999 -9999 -9999 -9999 -9999 -9999 -9999 -9999 -9999 -9999 -9999 -9999 -9999 -9999 -9999 -9999 -9999 -9999 -9999 -9999 -9999 -9999 -9999 -9999 -9999 -9999 -9999 -9999 -9999 -9999 -9999 -9999 -9999 0 0.002691 0.008073 0.001172 0 0 0.00025 0.000651 0.005283 0.003997 0.003008 0.000499 0.004425 0.002561 0.000407 0.001748 0.000472 0.000145 0.000945 8.9e-005 0 0.000391 0.000142 0 0 1e-006 0.004885 0.006258 0.001224 0.001789 0.012701 0.007228 0.008256 0.010276 1.6e-005 0.008548 0.003726 1.7e-005 0.000138 0.000729 0.000436 0.000225 0 0.001417 0.00248 0.001569 0.000101
-9999 -9999 -9999 -9999 -9999 -9999 -9999 -9999 -9999 -9999 -9999 -9999 -9999 -9999 -9999 -9999 -9999 -9999 -9999 -9999 -9999 -9999 -9999 -9999 -9999 -9999 -9999 -9999 -9999 -9999 -9999 -9999 0.000399 0.000371 0.000629 0.002063 0.001669 1.6e-005 0 0 0.001973 0.000923 0.001049 0.000678 8e-005 5.9e-005 0.000169 0.001807 0.001606 0.000197 0.000825 0.000396 0.000685 0.000798 0.000178 0.001268 0.000868 0 0 0 7.4e-005 0.000807 0.0028 0.000855 0.001706 0.001066 0.000904 0 0.004189 0.004042 2.3e-005 0 6.2e-005 0 7e-006 0 0.000691 0.00242 0.000476 0.001636
-9999 -9999 -9999 -9999 -9999 -9999 -9999 -9999 -9999 -9999 -9999 -9999 -9999 -9999 -9999 -9999 -9999 -9999 -9999 -9999 -9999 -9999 -9999 -9999 -9999 -9999 -9999 -9999 -9999 -9999 -9999 0 0.000718 0.000897 0.000634 0.000563 0.000314 0.000254 0 0 0 0 0 0.002267 0.002175 0.000753 0.00258 0.008851 0.000832 4.9e-005 8e-006 0.000975 0.00419 0.000751 0.000651 0.002969 0 6e-005 0.000148 0 9e-006 0.000452 0.003092 0.002597 0.000101 0.000297 0.000653 0.00028 0.004944 0.000656 4.6e-005 0.000839 0 0 0 0 0 0 0 0.000142
-9999 -9999 -9999 -9999 -9999 -9999 -9999 -9999 -9999 -9999 -9999 -9999 -9999 -9999 -9999 -9999 -9999 -9999 -9999 -9999 -9999 -9999 -9999 -9999 -9999 -9999 -9999 -9999 -9999 -9999 0 0 1.3e-005 0.000129 0 0 0 0 0 0 0 0 0 0.001445 0.008043 0.000286 0.000389 0.003728 0.000921 0 0 0.000392 0.000302 6.6e-005 0.000173 0.000477 0 0.0001 0.000413 1.1e-005 0 0.000911 0.001629 0.000118 0 0 0.001532 0.005619 0.006028 0.000487 0.000424 1e-006 0 0 0 0 0 0 0 0.000746
-9999 -9999 -9999 -9999 -9999 -9999 -9999 -9999 -9999 -9999 -9999 -9999 -9999 -9999 -9999 -9999 -9999 -9999 -9999 -9999 -9999 -9999 -9999 -9999 -9999 -9999 -9999 -9999 -9999 0 0.000378 0.000176 0.000422 0 0.000287 4.3e-005 0.000347 0 6e-006 0.000535 0 5.1e-005 0 0.000459 0.002338 0.000804 0.000712 8.2e-005 5.9e-005 0 0.000805 0.002356 0.00146 0 0 0 0 0 0 0 0 0 0 0 0 0 0.00064 0.00314 0.001708 0 0 0 0 0 0 0 0 0 0 0.001816
