EnvRasters/GE_High/potatoes.asc
ncols         270
nrows         223
xllcorner     24099.479091542
yllcorner     21023.840179216
cellsize      1003.8986847201
NODATA_value  -9999
[rows 72 to 107 of 223, columns 80 to 159 of 270]
0.000556 0.000192 0 0 0.000172 0.00106 5.9e-005 0.000462 0.000431 0.00109 0.000553 0.00063 0.001075 0.001298 0.002071 0.000125 0.002167 2.6e-005 0.000752 0.000224 0.000198 0.002499 0.000309 0 0 7.7e-005 0.000191 0 0 0.000415 0.001081 0.000601 0 0.000174 0.000516 0 0 0.000572 0.0021 0.000755 0 0 0 0 0 0 0 0 0 0 0.000664 0.000757 0.000107 0.000728 0.001544 3.2e-005 0.000543 0 6e-006 0.000795 0.001241 0.000966 0.000441 0.000541 0.000411 0.00075 0.000106 0.000232 0 0.000391 8.1e-005 9.8e-005 0.000142 0.000111 0.000422 0.000467 0.000196 0.000558 0.001154 0.000298
0.001354 0.000425 0.000194 7.5e-005 1.4e-005 0.000299 0.000204 0.001216 0.00052 8.2e-005 0.000505 0.000802 0.000212 0 0.000474 0.002908 0 7.8e-005 8e-006 0.000206 0.000596 0.001247 0.000716 0.000354 0.000458 0.000403 0.000113 1.4e-005 0.001224 0.000847 0.000696 0.000473 0 0.000429 0.003572 0 0.000474 0.000448 0.000947 0.001925 0.000517 0 0 0 0 0 0 0 0 0 0 0.001527 0.000739 7.3e-005 0.002593 0.00097 0.000881 0.000406 0.00217 0.000268 0.000599 0.003509 0.000421 6.5e-005 0.000696 0.002085 0 0 0 0.00044 0 0.00045 0.000767 0.00015 0.000259 0.000593 0.014935 0.000881 0.000247 0.000611
0.000471 0.000639 0.000147 0 0.000682 2e-006 3.9e-005 0.000351 0.000295 0 0 0 0 0.000234 0 3.7e-005 0.000232 0.000433 7.9e-005 0.000414 0.000943 0.000258 0.001607 0.001579 0.001459 2.1e-005 0 4.8e-005 0.000759 0.000853 0.001326 0.000297 0 0.000511 0.00456 0.000513 7e-006 0 0 0 0 0 0 0 0 0 0 0 0 0 0 0 0.000196 6e-005 0.000273 0.002358 0.0019 0.000208 0.000183 4e-006 0.000327 0.001838 0.001631 0.00072 0.000674 9.9e-005 0 0 0 0.000727 0.003649 0.000974 0 0 0.001266 0.001453 0.040279 0.000713 0.000547 0.000367
0.000155 0.000369 0.000263 0 3.1e-005 7.4e-005 0.000276 0.000777 0.000755 0 0 0 0.000246 0.000516 2e-006 0 0.000356 0 0 0 0 0 0 0.000795 0.000912 0 0.000596 0.000679 0.001197 0.000152 0.000192 0.000182 7.4e-005 0.00021 0.000756 0.000468 0.000776 0 0 0 0 0 0 0 0 0 0 0 0 0 0 0 0 0 0.001677 0.002311 0.003627 1.1e-005 0.000222 0.000527 0 0.000632 0.000392 0.000147 0.001045 0 0.000175 0 0 0.000156 0.001303 0.000332 0 1.6e-005 1e-005 0.000289 0 0.000676 8.5e-005 0.000666
0.000105 0.000223 3.4e-005 0.000108 0 0 0 0.000559 0 0 0 0 0 0.001136 0.00115 0 0 0 0 0 0.000714 0.000281 0 0.000348 0.000835 0.000258 0.000499 0.000344 0.000611 1.2e-005 6.7e-005 0 0.001044 0.000714 2.6e-005 0 0.000502 0.000267 0 0 0 0 0 0 0 0 0 0 0 0 0 0 0 0 0.000179 0 0 1.9e-005 0.000584 0.000159 0.00117 0 0 0.000159 0 0 3.9e-005 0 0 0 5.5e-005 0.000354 0.000874 0.000725 0.000381 0.000127 1.9e-005 0.000631 0.000689 0.000901
0 0.00017 0.000297 0.000934 0 0.000938 0 0.000214 0.000317 4.2e-005 0 0.001226 0.000619 1.6e-005 0.000114 2.8e-005 0 0.00011 0 0.000187 0.002344 0.003715 0.000375 0.000547 0 0.001503 0.000199 0.000186 9.3e-005 0.000437 0 0 0.00061 0.001509 0.001048 0.000379 0.001798 0.000536 1.3e-005 3e-005 0 0 0 0 0 0 0 0 0 0 0 0 0 0 0 0 0 0 0.000649 0.001059 0.001019 0 0.000208 0.000192 0 0 3.1e-005 0.00028 0 0.00017 2.7e-005 0 8.1e-005 0.000368 0.000493 0.000875 0.000817 0.001886 0.001419 0.001482
0.000316 0.000202 0.000599 7e-005 0.000884 0.000743 0.00169 9.6e-005 0.000523 2.7e-005 0 8.5e-005 0.000171 0.000444 0 0.000249 0.000218 0 6.4e-005 0.000553 0.000253 0.000367 0 0.00044 0.00086 0.000307 0.00112 0.000738 0.00044 0.000814 0 0 0 0.000139 0.006355 0.000104 4e-005 0.00461 0.002633 0.000365 0 0 0 0 0 0 0 0 0 0 0 0 0 0 0.000181 0 0 0 4e-005 0 5.7e-005 0 0 0 0 0 0 0 0 0 0 0.000217 0.000242 0.000348 0.000509 0.000977 0.00097 0.000525 0.000918 0
1.6e-005 0.000133 6.2e-005 0.001116 0.000425 0.001121 0.00115 0.000539 0 0 0.000372 0 0.001037 0.000551 3.7e-005 0 0 0 0 0 0 0.000245 0.000709 0.000573 0.000498 0.001028 0.001019 0.000318 0.000213 5e-006 5.1e-005 0 0 0.001411 0.001334 5e-006 0.000655 0.00121 0.001836 0 0 0 0 0 0 0 0 0 0 0 0 0 0 0 0.000335 0 5.8e-005 0.00056 6e-005 0.000968 0.000368 2e-005 0 1.2e-005 0 0 0 0 0 0 0.000152 0.001316 0.000559 0.00036 0.002534 0.004402 0.000989 0.001043 0.001709 0.000909
4.3e-005 0.000139 0.000234 7.6e-005 0 1.6e-005 0.000441 9.6e-005 0 0.001008 0.000399 0 0 0 0 0.00018 0.000367 0 0.000523 0 0.000913 0.000186 6e-006 0 0.000515 0.000515 0.000281 0.001367 0.000294 0 9e-006 6.7e-005 0 0.00013 0.0068 3.5e-005 6.5e-005 0 0 0.000377 9.9e-005 0 0 0 0 0 0 0 0 0 0 0.000248 0.007002 0.00075 0.000449 3e-006 0.002948 0.002131 2.2e-005 0.001326 0.000135 3.4e-005 0 4.6e-005 0 5.4e-005 0.000909 0.000209 0 0.000167 0.000761 0.001187 0.000227 0.002355 0.023204 0.005301 0.00137 0.001371 0.003284 0.030562
0.000608 0.000138 0 0 0.000552 0.000261 6.4e-005 6.9e-005 0.002702 0.000943 0.000844 0 0 0.000215 0 0.000169 0.000623 0 4e-006 0 0.000374 0 3.8e-005 0.00134 8.6e-005 0.000999 0 4.7e-005 0.000777 0 0.000849 0.004296 0.000179 0 0.000233 0.000842 0.000142 5.6e-005 0 6.7e-005 0 4.2e-005 0 0 0 0 0 0 0 0 0 0.000506 0.005063 0.001034 0.004435 0.001295 0.003653 0.001917 0.001095 1.3e-005 0.000129 0 0.003484 0 0 0.000944 0.002932 0.005067 0.003588 0.002316 0.003587 0.006298 0.004039 0.004423 0.008474 0.000693 0.001284 0.002739 0.010813 0.004564
3e-005 0 2.7e-005 0.000508 3.7e-005 0.000146 0 0.000501 0.003309 0.000197 0 0 0 0 0 0.000866 0.000847 0 0.00013 1.4e-005 0 0 0 0.001904 0.001504 0.000528 0.000604 0.000249 0.000542 0.000992 7.6e-005 0.00334 0.001143 0.000347 9.9e-005 0.000423 3.9e-005 0.000139 0.000183 1e-006 0 0 1.3e-005 0 0 0 0 0 0 0 0 0 5e-006 0.000185 0.000206 5.4e-005 2e-006 0.00011 0 0.000337 0 0.00019 0.007978 6.8e-005 6.4e-005 0.000815 0.000814 0.001714 0.00074 0.001691 0.000308 0.004688 0.000826 0.001847 0.001489 0.00156 0.006459 0.005872 0.001914 0.003149
0.000157 0.000134 0.00016 0 5.1e-005 8e-005 0.00122 0 0 5e-006 7e-006 0.000616 0.000184 0 0 0.000504 0 0 0.000202 2e-006 0 0.000446 6.4e-005 0.002999 0.001369 0.000846 0.002838 0.000251 0.000285 0.000757 0.001029 0.001197 0.000394 0.002727 0.002814 9.7e-005 0.000382 9.8e-005 0 0 0 0.000346 0.000654 0 0 0 0 0 0 0 0 0 0 9.7e-005 0.000102 0.001373 0.001058 0.001021 0 0 0 0.00023 0.000259 0 1.8e-005 0.000122 6.3e-005 0.000187 0.003307 0.001513 0.000732 0.002036 0.0051 0.009002 0.008821 0.001064 0.000789 0.0009860001 0.001437 0.00351
0 0.000218 0 0 0.000421 0 0.000193 0.000379 9.9e-005 0 0.000402 0.000261 0.000417 0.000175 0 4.4e-005 3.8e-005 0.000146 0 9.8e-005 0.000172 0.000984 0.00121 0.000974 0.000814 0.000356 0.001598 0.000184 0.001562 0.000174 0.00038 0 0.000408 1e-006 0.000994 0.000904 0.000334 0 0 0 0 1e-005 0.000119 0 0 0 0 0 0 0 0 0 0.000304 0.000436 0.000281 0.001567 0.004996 0.000847 6.1e-005 0 0.00108 0.002727 0.00104 0 6.7e-005 0.000799 0.0003 0.000464 0.000943 0.001621 0.003788 0.026718 0.012441 0.019876 0.007149 0.003525 0.000595 0.00228 0.017876 0.002152
7.4e-005 0.000406 3.3e-005 0.000726 0.000235 0 0.000378 1e-005 0.001041 0.000641 0.000345 0 0.00041 0 0 0.000481 1e-006 0.000943 0.000436 0.000362 0.000817 0.000804 0.000305 0 0.000169 0.000627 0.001719 0.00053 0.001579 0.001553 0.000677 0.000203 0.00098 0.000434 7.7e-005 0.001168 0.000364 4.6e-005 0.000296 0.000216 0 0 0 0 0 0 0.000543 0 0 0 0 0 0 0 0 3.4e-005 9.9e-005 0.000158 0.002888 1.4e-005 0.004544 0.002638 0.000954 0.000997 0.001827 0.000465 0.000581 0.001541 0.000447 0.000291 0 0.000947 0.004044 0.006785 0.001187 0.000977 0.001132 0.00055 0.003009 0.004693
0.000459 0 1e-006 2.8e-005 0.000271 0.000241 0.001991 0.000971 0.002228 0.000472 0.000181 0 0 0 0 0 0.000182 0.000779 9.2e-005 0.001625 0.000157 0.000734 0.000128 0 0.000447 0.00092 0.000289 0.001561 0.000727 0.000382 0.001867 0.003805 0.000885 1e-006 0.000687 0.00071 0 0.000693 0.001204 0.000519 0.000188 0.000454 0.00034 0.000434 0.000343 0.000226 0 0 0 0 0 0 0 0 0 0 0.000613 0 0.000283 0.000717 0.003262 0.001646 0.005549 0.001406 0.002014 0.002981 0.001604 0.002101 0.002858 0.003944 0.00052 0.000187 0.002802 0.002432 0.0013 0.000259 0.001052 0.001263 0.000424 0.002046
0.0004 0 0.000249 0.002148 0.000715 0 0.001068 0.001141 0.001643 0.000748 0.00121 0.000363 0 0.000469 4.3e-005 3.1e-005 0 0 3.9e-005 0.000314 0.000329 0 0 0 0.00022 0.001061 0.002075 0.001288 0.002086 0.000374 0.001814 0.001886 0.000694 3.5e-005 5e-006 0 0 0.002022 0.000728 0.000478 7.4e-005 0.000519 0.000176 0.00083 0.001242 0.000623 0 0 0 0 0 0.000592 0.001832 0.000161 0 0 0 0 0 0.002882 0.005515 0.001197 0.000382 0.003848 0.000201 0.00017 0.00057 0.000252 0.002688 0.000758 0.00165 0.001427 0.003548 0.001162 0.00053 0.000505 0.000651 0.003739 0.001804 0.007924
0.000914 0.001298 0 3.8e-005 0 0 0.001301 0.000872 0 0.00084 0.000479 0 0 0.000761 8.8e-005 0.000168 4.1e-005 0.000302 3.2e-005 0.000472 0 0.000552 0.000593 0.002102 0.000189 0 3.8e-005 0.000393 0.000776 0.000234 0.001059 0.001367 0.000121 0.000449 0.000109 0 0.00324 0.001084 0.000872 0 0.000645 0.001457 0.000256 0.000237 0.001246 0.002243 0 0 0 0 0.000266 0.001914 0.002888 0.00015 4.4e-005 2.5e-005 0 0 0 0.000242 0.002446 0.003949 0.000196 0 0.000948 0.002183 0.000554 0.003386 0.00334 0.003461 0.004263 0.001201 0.000342 0.002467 0.000601 0.00182 0.001625 0.004083 0.002636 0.0021
0.000295 0.00031 0 0 0 8e-006 0.000605 0.000102 0 0.001002 0.001587 0 0 2.6e-005 0.000481 0.000177 0.000137 0.000415 0.000606 0 0 0.000255 0.000717 0.00168 0.000756 0 0 0.002557 0.001369 0.000279 0.001403 0.004442 0.00296 0.001005 0.000563 0.000138 0.004594 0.000359 0.000101 0 0 0 0.000277 0.000966 0.000557 0 7e-006 0 0.000273 0.001071 0.00071 0.00307 0.003437 0.000742 0.000523 3e-006 0 0 0.000178 0.004875 0.003449 0.001467 4.1e-005 0 0.000457 0.00154 0.000204 0.003123 0.00162 4.4e-005 0.000257 0.000619 0.00158 0.004007 0.006376 0.00067 0.000552 0.000411 0.004927 0.007573
0.002085 0 0 0.000107 0.001714 0.00053 9.8e-005 0 0 0 0 6.9e-005 0.000183 0.000767 0.000136 1.2e-005 0 0 0.000242 0 0 3e-005 0.001804 0.00048 0.00098 0.002408 0.000468 0.00041 0.000822 0.001276 6e-005 0.001659 0.001215 0.000483 0.000457 0.001208 0 5.2e-005 0 0 0 0.00029 0.003785 0.000176 0.000568 0 0.000166 1e-006 0 0.003268 0.000236 0.004438 0.000334 4.4e-005 0.000286 0.000664 0.000515 0.004283 0.00018 0.001846 4.9e-005 0.005186 0.000567 0.000523 0.000126 0.002574 0.001934 0.006969 0.001928 0.000278 0.000508 0.001138 0.005466 0.024858 0.000744 0.001136 0.001525 0.005796 0.001733 0.001483
0.000264 0.000381 0.000275 0.000366 0 0.000213 0.000643 8.7e-005 0.000588 0.000686 4.5e-005 1.8e-005 0.000169 0.000605 0.000631 5.1e-005 0 0 0.00086 0.000183 0.000449 0 0 0.000277 0.003293 0.010591 0.001691 0.002863 0.000132 0.010985 0.000985 0.00367 0.002426 0 0 0.000102 0 0 1.7e-005 0.000162 0.000111 0.000907 0.001958 0.000258 0.007593 1e-006 0.000122 0 0.001484 0.000538 0.000259 0.001234 0.001772 0.002935 0.00032 0.002817 0.003147 0.004274 0.001608 0.002789 0.000135 0.003972 0.000872 0.00036 0.000298 0.002382 0.003633 0.003567 0.00046 0.000548 9.2e-005 0.000487 0.001283 0.004531 0.005552 0.004135 0.009118 0.002835 0.004641 0.002766
0 0 0 0 0 0 2e-006 0.000984 0.000414 0.000135 9e-005 0 0 0.000111 1.6e-005 3.8e-005 0.000689 0 0.000583 0.000507 0.000823 0.000146 0 0.00015 0.003885 0.004337 0.000868 0.000788 0.000369 0.001601 0.001799 9.7e-005 0.001482 0.001979 3.2e-005 0 0 0 0.000463 0.002902 0.001552 0.002574 0.003933 0.002727 0.003975 1.6e-005 0.00027 0.002943 0.006555 0.001722 0.002602 0.000552 0.000813 4.8e-005 0.002866 0.001311 0.000569 0.00218 0.000374 0.000813 0.002074 0 0.000239 0.003109 0.001331 0.005742 0.000813 0.00094 0.000559 0.00759 0.001886 0.001705 0.005513 0.005472 0.020519 0.004546 0.005697 0.009477 0.002714 0.002611
0.000376 6.9e-005 8e-006 0.001333 2.6e-005 7.4e-005 0.000498 0.000322 0 1.1e-005 0 4.8e-005 0.000548 0.000301 0 0.001627 0.000328 0 0 0.000162 6.8e-005 0.001296 0.00017 4.3e-005 0.000539 0.000528 0 0.003124 0.002481 0.00139 0.0027 0.001289 0.003331 0.001247 0.001434 0 0 0 0.000168 0.005233 0.000453 0.00359 0.001208 0.00294 0.008605 0.005665 0.000121 0.002383 0.003099 0.002736 0.000461 0.001993 0 0 0.001596 0.001275 0.00156 0.003808 0.000624 0 3e-005 0 0.000229 0.003499 0.007473 0.001305 0.00042 0.00099 0.002445 0.008411 0.003581 0.001656 0.004446 0.022192 0.002001 0.000732 0.000762 0.001743 0.002836 0.000243
0.00042 0 0.000156 0.000222 0.000826 0.000137 0.000136 0 0 0.000874 5e-005 0.001544 0.000211 0.000196 0 0 0.002699 0.005015 0.000259 0.000347 0.000998 0.011644 0.0011 0.003027 0 0.000185 0.000694 0.00291 0.002798 0.000605 0 0.002722 0.004901 0.001812 0.001112 0.000878 0 0.002246 0.002384 0.002655 0.00552 0.006145 0.002893 0.008948 0.008238 0.007187 0.003182 0.000346 0.001726 0.004617 0.001127 0.001745 0.001751 0 0.000207 0.0014 0.002252 0.001927 0.002201 0 2e-006 0.001246 0 0.004435 0.005485 0.001477 0.000748 0.001541 0.001464 0.020866 0.002681 0.014394 0.02387 0.020619 0.000923 0.002662 0.000364 0.001793 0.001638 0.014363
0.00027 6e-005 4.5e-005 0 3.2e-005 0.000288 0 0 0.000378 0.00018 0.000362 0.001357 1.7e-005 0 0.000749 0.000832 0.000589 0.000755 0.002145 0.001082 0.001822 0.001749 0.004597 0 0 0.001836 0.002663 0.003996 0.00223 0.004201 0.000738 0.000755 0.000802 0.002345 0.001841 0.001089 0.000362 0.004473 0.000968 0.001341 0.002286 0.011218 0.003298 0.00422 0.004576 0.003936 0.001849 0.002994 0.001926 0.000457 0.001106 0.003361 0.001366 0.000137 0.001618 0.003097 0.004007 0.000494 0.000331 0 0.004232 0.001018 0.000541 0.001717 0.011161 0.000559 2.4e-005 0.00816 0.02547 0.003329 0.003174 0.032533 0.002631 0.002681 0.00216 0.000323 0.001072 0.003544 0.014289 0.004672
0.000196 0 0.000185 0.000785 0.000195 0.000441 0.001445 0 0.000439 0 0.000258 0.00022 0 4.3e-005 0.000496 0.000592 4.2e-005 0.000292 3.2e-005 0.002415 0.000355 0.000666 0.004955 0.000372 0.000168 0.000905 0.001532 0.003819 0.003149 0.016098 0.002432 0.000932 0.001402 0.000588 0.001879 0.001351 0.000472 0.000896 0.008678 0.004523 0.001629 0.003421 0.003582 0.001317 0.003989 0.006306 0.00375 0.003255 0.014405 0.002136 0.002542 0.000486 0.000529 0.000822 0.000233 0.002637 0.002689 0.001437 0.000792 2.7e-005 0.001781 0.004314 0.001969 0.000666 0.00178 0.001598 0 0.002474 0.005351 0.009852 0.005716 0.038839 0.020184 0.004703 0.004244 0.00883 0.017062 0.023547 0.002592 0.00077
0 0.000409 0.000453 0 0.001666 0.001881 0.001086 0 6e-006 0 0 0 0 0 0.000907 0.000136 0 8.7e-005 0.00498 0.000895 0.001258 9e-006 0 0 0 0.001353 0.002075 0.003178 9.9e-005 0.002 0.000876 0.002015 0.003576 0.00025 0.000844 0.000974 0.001701 0.000971 0.003827 0.001226 0.000144 0.009256 0.001349 0.000988 0.004096 0.006866 0.014851 0.005013 0.002944 0.001974 0.001166 0.00052 0.006525 0.000256 0.00028 0.002456 0.001855 0.000384 0.004832 0.001683 0.002393 0.002767 0.001653 0 0.00104 0.002619 0.000492 0.004574 0.024229 0.006245 0.006133 0.002495 0.004105 0.008348 0.013013 0.0201 0.020506 0.020356 0.005289 0.006702
0 0.000387 0.000922 0 0.000487 0.002394 0.001983 0.000268 0 0 0 0 0 0.00034 2e-006 0.000353 0 0.001734 0.002151 0.005865 0.002326 0.00125 0.000356 0.000216 0 0.000188 0.002436 0.00027 0.001987 0.005279 0.000812 5.3e-005 0.000317 7.6e-005 0.000926 1.6e-005 0.000401 0 0.000504 0.005138 5.5e-005 0.004958 0.00025 0.00157 0.00415 0.002965 0.0148 0.010075 0.000365 0.007977 0.002193 0.006545 0.00453 0.0012 0.001212 0.003736 0.001165 0.004151 0.004874 0.004274 0.002194 0.002233 0.00283 0 0.002438 0.0013 0.000187 0.002938 0.004686 0.001632 0.005958 0.001053 0.001271 0.005531 0.01299 0.007636 0.018682 0.006843 0.000117 0.003806
0 0 5e-006 0.00025 0.001239 0.000367 0.000727 0.000953 0.000279 0.002929 0.001447 0.004504 0 0.000436 0.002233 0.002585 0.003565 9.7e-005 0.003191 3.5e-005 0.001861 0.002057 0 0 0.001841 0.000371 0.004289 0.001295 0.000958 0.000316 0.002418 0.000169 0.000979 0.00154 0.001027 0.001421 0.00347 0.001472 0.000918 0.001776 0.002184 0.001425 0.000752 0.00098 0.004281 0.004459 0.001497 0.016648 0.004018 0.001593 0.002962 0.002799 0.000786 0.003592 0.001078 0.00253 0.005894 0.001396 0.000847 0.001768 0.005334 0.003873 0.000479 0.000812 0.004042 0.000456 2e-005 0.000189 0.003181 0.003356 0.003009 0.001001 0.002233 0.001834 0.001208 0.00277 0.003558 0.000765 0.001392 0.001141
0 0 0.000666 0.000941 0.001087 9e-005 7.2e-005 0.000378 0 0.002014 0.000271 0.002099 0 0.000992 0.002712 0.00108 0.000917 0.001667 0.001217 0 0.0004 0.001223 0.001623 0.001793 0.008853 0.000554 0.000883 0.000872 0.00148 0.00067 0.000653 0 0.001939 0.00018 0 0.002093 0.001288 0.003863 0.001571 0.004663 0.002288 0.000399 0 5.8e-005 0.009824 0.011823 0.007775 0.003161 0.000915 0.000401 8.5e-005 0.003713 0.000669 0.001736 0.00168 0.000119 0 4.9e-005 0.000874 0.001383 0.001302 0.001693 0.000198 0.00087 0.000868 0.003615 0.007458 0.000626 0.01024 0.016869 0.010953 0.003427 0.001918 0.002626 0.002181 0 6.2e-005 0.00304 0.001985 0.001898
0.000528 0.000395 0.000333 2.9e-005 0.001086 0.000565 0.001154 6.3e-005 6.2e-005 0 0 0 0.001134 0.001717 0.000527 0.004817 0.000842 0.001943 0.004745 0.000308 0.000198 6e-005 0.000597 0.008462 0.004197 0.000941 0.001296 0.000795 0.001794 0.000148 0.000102 0.000104 0.000785 1e-005 0 0.000821 0.002033 0.001423 5e-006 0.000108 0.004706 0 0 0.002366 0.000792 0.009063 0.025671 0.02056 0.000263 0.000107 0.000366 0.001149 0.004552 0.002903 0.000779 0.002595 0 0.000828 0.001251 0.004987 0.001387 0.000966 0.004766 0.014868 0.003065 0.002889 0.00552 0.007706 0.017578 0.00244 0.00545 0 0 8.6e-005 0 0 0.000447 0.003956 0.000938 0.002004
0 0 4.3e-005 0.002462 0.000311 1.7e-005 0.000293 0 0.000402 8.4e-005 0.00025 0 0.001278 0.001101 0.000759 0.000808 0 0.000712 0.003253 0.000198 0.003828 0.001979 0.000883 0.002275 6e-006 0.002569 0.000761 0.000569 0.000354 0.00011 0.001382 0.000705 0.002802 0.000224 0.000628 0.000622 0.000498 3.9e-005 0.000811 0.002749 0.001001 0.002824 0.001968 0.002763 0.000696 0.009761 0.022993 0.017856 0.001261 0.001188 0.001364 0.006123 0.001061 0.002364 0.001167 0.006591 0.001651 0.009329 0.004271 0.008907 0.002455 0.000692 0.00736 0.022108 0.003101 0.009622 0.001381 1.8e-005 0.001502 0.000529 0.000822 0.000435 0.000778 0.001572 0.002745 1.3e-005 0.001199 0.002121 0.000261 0.003623
0.006455 0.00111 0.00048 0.001375 0.013751 0.000883 0.000245 0 0.000272 0.005068 0.021396 0.006489 0.001182 0.003883 0.002581 0.007076 0.002514 0.00091 0.000872 0.002149 0.004715 0.004364 0.00443 0.001968 8e-006 0.002605 0.00489 0.001934 0.000575 0 0 0.000511 0.002697 0.004747 0.001602 0 8.4e-005 0.000675 0.00167 0.005869 0.002516 0.010148 0.001067 0.00423 0.011505 0.017701 0.00228 0.002342 0.000619 0.01339 0.017309 0.006046 0.002823 0.001975 0.000667 0.003232 0.001174 0.001183 0.001171 0.000466 0 0 0.002415 0.006406 0.003988 0.001968 0.000428 0.004787 0.007274 0.010543 0.010932 0.000516 0.000753 0.002042 7.2e-005 0.000685 0.000433 9.7e-005 0.001674 0.00173
0.000258 0.000206 0.001122 0.000348 0.009833 0.000581 0 0.000106 0.001445 0.01875 0.003541 0.00015 0.000231 0.003151 0.000304 0.000831 0.002706 6.9e-005 0.001685 0.001501 0.003157 0.001461 0.004837 0.003421 0.001103 0.000159 0.00167 0.000232 0.000146 0.000816 0 0.001407 0.002657 0.006474 0.000116 0 0.000359 0.000813 0.000151 0.010312 0.003962 0.003239 0.003282 0.007693 0.013548 0.001136 0 0 0.001168 0.023366 0.029226 0.002113 0.001909 0.003053 0.000698 0.002098 0.002284 0.004885 0.003323 0.00051 0 0 0.000501 0.001254 0.00599 0.021447 0.003066 0.003601 0.000322 0.011648 0.006829 0.000466 0.00118 0 0.001067 0.013922 0.000176 0.001323 0.005016 0.004521
0.000321 0.000647 0.000594 0.001082 0.004803 0.003445 0.000283 0 0.001491 0.018512 0.003339 0.001688 0.002803 0.002652 0.000311 0.000655 0.015083 0.011709 0.001437 0.001976 0.000202 0.000636 0.003307 0.004008 2e-005 0.000567 0.001402 0.001053 0.001233 0.000194 0.000765 0.004143 0.002172 0.00198 0.000192 0.000108 0.003114 0.000559 0.001244 0.006326 0.002018 0.00106 0.001971 0.015469 0.001252 0.000485 0 0.000783 0.002054 0.017124 0.013967 0.00168 0.002407 0.008778 0.000669 0.000882 0.000974 0.003287 0.001428 0.001158 0.000563 0.001644 0.004183 0.003793 0.001235 0.003885 0.0066 0.000757 0 0.010893 0.007323 0.00796 0.003952 0.000708 0.000323 0.004026 0.00191 0.001516 0.0009869999 0.003509
0 1e-006 0.000657 0.00092 0.001048 0.001269 0 5.6e-005 0.000795 0.002228 0.000535 0.000552 1.3e-005 0.000424 0 0 0.002331 0.000554 0.000966 0.001914 0.002881 0.000894 0.001986 0.000822 0.00073 0.002621 0.003137 0.001574 0.001088 6e-005 8e-005 0.00015 0.003438 0.00202 0.000172 0.001785 0.00903 0.001272 0 0.002096 0.008477 0 0.002078 0.007231 0.000544 0.00139 8.5e-005 0.003203 0.003468 0.001072 0.007494 0.002366 0.001334 0.002485 0.002543 0.012795 0.003813 0.005521 0.003061 0.000369 0.00151 0.011687 0.000253 0.000498 0.000959 0.000667 0.002145 0.001838 0.004243 0.003771 0.00297 0.004143 0.019205 0.002595 0.012043 0.002551 5e-006 0.000962 0.002016 0.00113
0 0.000484 0 0.002653 0.002177 0 3.5e-005 0.000149 0.006453 0.000885 0.002191 0 0 0 0.000409 0 0.000309 0.002435 0.000245 0.002021 0.000637 0 1e-006 0.001952 0.003109 0.000932 0.000528 0.002767 0.00266 0.000603 0.003553 0.001894 0.003411 0.000749 0.000469 0.003957 0.00366 0.003898 0 2.2e-005 0.002047 0.003795 0.000946 0.003736 0.000477 0.003714 0.003717 0.002752 0.003326 0.002227 0.002274 0.001796 0.001385 0.000794 0.009516 0.018566 0.022784 0.003179 0.003775 0.004155 0.001382 0.001643 0.000475 0.0016 0.002926 0.0034 0.005898 0.000636 0.00086 0.002321 0.001576 0.002346 0.008204 0.016122 0.006249 0.001266 3.4e-005 0.001043 0.000451 0.001175
