EnvRasters/GE_High/rapeseed.asc
ncols         270
nrows         223
xllcorner     24099.479091542
yllcorner     21023.840179216
cellsize      1003.8986847201
NODATA_value  -9999
[rows 102 to 135 of 223, columns 154 to 230 of 270]
0.01417 0.035931 0.040941 0.055687 0.04306 0.092565 0.143657 0.376431 0.118954 0.05374 0.094815 0.063042 0.022807 0.104967 0.041114 0.003984 0.061456 0.165348 0.136164 0.012126 0.003066 0.012474 0.001607 0.002849 0.001707 0.007775 0.010663 0.010798 0.010224 0.091654 0.087634 0.181754 0.151555 0.00832 0.000322 0.000126 0.008298 0.035264 0.033906 0.086637 0.019586 0.003623 0.000264 0 0 0 0 0.000326 0.001004 0.000327 0 0 3.2e-005 0.003091 0 0 0 0.000227 0.000725 0 0 0 0 0 0 0 0 0 0 0 0 0.00024 0 0 0 0 0
0.036183 0.052023 0.006169 0.017335 0.054849 0.287467 0.081578 0.286056 0.042839 0.066842 0.144057 0.108415 0.138164 0.133777 0.075372 0.022182 0.091975 0.279978 0.371093 0.043253 0.050651 0.136519 0.09144 0.007583 0.010903 0.034919 0.034027 0.036982 0.113283 0.24889 0.114949 0.259207 0.1269 0.007189 0.000747 0.01016 0.00373 0.002035 0.003633 0.039656 0.035581 0.006954 0.002169 0 0.000336 0 0.020844 0.039228 0.007333 0.001815 0 0 9.2e-005 0.000503 0 0 0 0.000411 0 0 0 0 0 0 0 0 0 0 0 0 2.3e-005 0.000191 0.000115 0 0 0 0
0.174997 0.075384 0.016311 0.007478 0.203866 0.095701 0.285323 0.173542 0.332796 0.015966 0.076312 0.025262 0.04052 0.035772 0.100666 0.077748 0.131437 0.225892 0.302294 0.265747 0.08989 0.06835 0.10807 0.115339 0.165528 0.196707 0.096224 0.01118 0.014072 0.071661 0.069951 0.041279 0.003212 1e-006 0.000979 0.001128 0.011354 0.001986 0.002261 0.009656 0.000639 0.000528 0.000244 0 0.000691 0.002824 0.051654 0.190144 0.039281 0 0 0 0 0 0 0 0.005338 0.037036 0 0 0 0 0.000747 0 0 0 0 0 0 0 0 0 0 0 0 0 0
0.101161 0.012503 0.009737 0.158589 0.286044 0.161271 0.17976 0.334759 0.265525 0.032922 0.237016 0.290715 0.165728 0.237355 0.020084 0.02779 0.016311 0.1484 0.069796 0.187067 0.031336 0.029579 0.064966 0.183382 0.249439 0.2433 0.154088 0.026529 0.001768 0.012545 0.079348 0.127201 0.022599 0.001019 0.00422 0.001139 0.000355 3.1e-005 0.001409 0.00026 0.000475 0 5e-006 0.000456 0.000496 0.021156 0.058495 0.02781 0.000722 0 0 0.00166 0.000229 0 0 0 0 0 0 0 0 0 0.000125 0.00085 0 0 0 0 0 0 0 0 0 0 0 0 0
0.040534 0.016748 0.032295 0.245083 0.252604 0.081086 0.075104 0.088237 0.108736 0.038985 0.042827 0.059282 0.096695 0.041556 0.045651 0.114003 0.036214 0.029792 0.04674 0.014471 0.052131 0.100286 0.032559 0.035729 0.027871 0.012484 0.012246 0.02613 0.027903 0.014854 0.116433 0.067652 0.035368 0.03236 0.0005 0.000985 6.1e-005 0 0 0 0.000234 0 0 0.00042 0.001285 0.01019 0.043296 0.024614 0.00159 0.000493 0.000301 0.006943 0.000771 0 0 0 0 0 0 0 0 0 0 0.00078 0 0 0 0 0 0 0 0 0 0 0 0 0
0.025317 0.029532 0.005004 0.016081 0.045212 0.101063 0.04097 0.060503 0.064306 0.028257 0.050096 0.129191 0.258325 0.045554 0.017479 0.018766 0.001099 0.1453 0.141934 0.106197 0.020465 0.016376 0.203527 0.16652 0.055383 0.077874 0.001192 0.012946 0.008938 0.023435 0.019331 0.002452 0.005004 0.003394 2e-006 5e-006 0.000503 0.000664 0 0.0005 0.002275 0.001247 0.008551 0.014887 0.021211 0.007104 0.010769 0.020136 0.006119 0.003777 0.007063 0.002014 0 0 0 0 1e-006 0.000233 0 0 0 0.003678 0.001097 2.2e-005 0 0 0.000141 0 0 0 0 0 0 2e-005 4.7e-005 0 0
0.029628 0.028827 0.004502 0.025753 0.07636 0.125945 0.03084 0.122106 0.293075 0.014923 0.121462 0.081388 0.092546 0.0914 0.014826 4e-005 2.5e-005 0.053467 0.084945 0.052239 0.098423 0.122525 0.272584 0.200562 0.02658 0.000513 0.002962 0.008319 7e-006 0.000988 0.000736 0.000151 0 0 0.001271 0.008173 0.007002 0 0 4.5e-005 0.003551 0.041731 0.133372 0.210386 0.170583 0.020479 0.003421 0.03981 0.020929 0.000458 0.00017 0.000438 0.000425 0 0 0 0.007182 0.004974 0.001546 0 0 0.005406 0.001835 0 0.00022 0.006381 0.000855 0 0 0 0 0 0 0 0 0 0
0.030231 0.143564 0.037487 0.023748 0.034873 0.057348 0.043922 0.021491 0.065167 0.036266 0.023212 0.048799 0.049667 0.120157 0.008056 0.000463 0 0.001357 0.006741 0.015296 0.125607 0.127768 0.213019 0.082657 0.011558 0.010367 0.022485 0.048119 0 0 0.001621 0.000689 0 0 0.000318 0.000102 0 0.004117 0.016754 0.011054 0.00499 0.031388 0.099531 0.071291 0.121072 0.097615 0.006144 0.001253 0.001276 0.003818 0.002075 0 0.000421 0 0 0 0 0 0 0 0 0 0 0 0 0 0.000682 0 0 0 0 0 0 0 0 0 0
0.043349 0.084221 0.062925 0.092871 0.056911 0.078891 0.008532 0.004665 0.014997 0.010568 0.001264 0.001457 0.005856 0.007372 0.010036 0.000113 0 0 7.6e-005 0.001472 0.025813 0.071853 0.028078 0.037466 0 0 0.001171 0.003793 0.005653 0.003897 0.000722 0.000414 0 0.003294 0.018556 0.002502 0.000611 0.008127 0.042182 0.015721 0.002081 0.000408 0.001772 0.026743 0.002013 0.008538 0.017544 0.001115 0 0.00042 0.000276 0.002026 0.008843 0 0 0 0 0 0 0 0 0 0 0 0 0 2.5e-005 0.000151 0 0 0 0 0 0 0 0 0
0.151274 0.013468 0.014641 0.146349 0.366783 0.302116 0.021166 0.000104 0.000329 1e-005 0 0 0 0.008297 0.004413 0.001412 0.000535 0.000156 0.000908 0.004637 0.019475 0.017607 0.003711 0.017518 0 0 0 0 5.9e-005 0.002404 0 0 0 0.002003 0.02335 0.019338 0.001389 0.006385 0.005875 0.014391 0.00102 0.002492 0.017646 0.092936 0.006479 0.036295 0.016329 0.000315 0 0 4e-006 0.003804 0.001497 0.000491 0 0 0 0 0 0 0 0.000169 0 4e-005 0 0 0 0 0 0 0 0 0 0 0 0 0
0.228125 0.019505 0.014143 0.059947 0.12375 0.045961 0.008564 0.001334 0.000493 1e-005 0 0 0 0.004347 0.009638 0.00562 0.019045 0.007052 0.002836 0.005675 0.004562 0.006186 0.000291 0.000114 0 0 0 0 1.7e-005 0.003473 0.000683 0 0 0 0.004 0.003576 0.00135 0.00102 0.00246 0.00205 0.000123 0.00012 0.010439 0.025202 0.000568 0.005452 0.001275 0 0 0 7.1e-005 0.001596 0.005077 0 0 0 0.000228 0 0 0 1.9e-005 0.000485 0 0.006615 0.0003 0.00056 0.000194 0 0 0 0 0 0 0 0 0 0.000196
0.00814 0.062033 0.069778 0.006222 0.005216 0.005671 0.00918 0.000912 0.002946 0.001318 0.000695 0 0 0.004951 0.010795 0.00653 0.063431 0.005867 0.033005 0.030238 0.00579 0.003716 0.000514 0.000285 0.001546 0.002958 0.000448 0 0 0.010564 0.001734 0 9.7e-005 0.000115 0.001464 0.000438 0.00064 0.015693 0.036459 0.009531 0.003277 0.000605 0.002954 0 0 0.000152 0.002017 0 0.002651 0.000329 8.4e-005 0.001442 0.010837 0.019345 0.006364 0 0 0 0.000305 0 0 0 0 0 0 1e-005 4e-006 0 0 0 0 0 0 0 0 0.000869 0.000174
0.047634 0.048149 0.066103 0.008245 0.000597 0.001003 0.001006 0.000294 0.009301 0.0025 0.001231 0 0.00375 0.000295 0.000364 0 0.002303 0.016916 0.051915 0.05825 0.046415 0.028036 0.015144 0.000104 0.001599 0.006783 0.010125 0 0 0.00013 0 0.00148 0.000449 0.00274 0.005958 0.00098 0.002758 0.050559 0.034488 0.018179 0.010378 0.02504 0.00175 0 0 0 0 0.000404 0.008527 0.00225 0 0.004214 0.003438 0.014412 0.00246 0 0 0 5.2e-005 0 0 0 0 0 0 0 0 0 0 0 0 0 0 0 0 0.002447 0
0.006636 0.020216 0.052428 0.002619 0 0 0 0 0.003912 0.001558 0.001305 0.004202 0.005606 0.001494 5.2e-005 0 0.004592 0.016204 0.057505 0.133481 0.055408 0.007263 0.002737 0.000553 0.001575 0.000602 0.000738 0 0 0.002437 0.016849 0.010456 9e-005 0.000792 0.000362 2.3e-005 9.2e-005 0.005284 0.002604 0.004608 0.011118 0.017213 0.01039 0.002964 0 0 0.003148 0.0097 0.011111 1.3e-005 0 0.001463 9.7e-005 0.00035 0 5e-006 0 0 0 0 0 8.3e-005 0 0 0 0 0 0 0 0 0 0 0 0 0 0.000252 0
0.05043 0.010615 0.001003 8e-006 0 0 0 0 0.006874 0.003965 0.014794 0.022443 0.00244 0.002009 0.000541 0 0.003165 0.040705 0.060382 0.053083 0.003414 0.001847 0.015663 0.00333 0.000496 0.000658 0.001704 0.006368 0.01034 0.011163 0.018097 0.000454 0.000667 0.014368 0.000598 0.003473 0.000383 0.002084 0.001544 0.014372 0.005715 0.005331 0.063102 0.020507 0.001641 0 0.000585 0.022344 0.025986 0.000707 0.000754 1.7e-005 0 0 0 0.000358 0 0 0.000261 0.003019 0.007071 0.001329 0 0 0 0 0 0 0 0 0 0 0 0 0 0 0
0.061675 0.005104 0.00265 0.002418 0.000118 0 1e-006 0 0.000259 0.000436 0.007268 0.044056 0.006798 0.001364 0.000451 0 0 0.002435 0.001322 0.012836 0.000835 6.6e-005 0.0004 0 0.000899 0.007279 0.008969 0.02725 0.050053 0.011473 0.004104 1e-006 0.000453 0.005401 3e-005 0.000134 0 0.001479 0.020074 0.036611 0.002157 0.002585 0.053648 0.058775 0.003389 0.000952 0.004779 0.029338 0.004776 0.001796 0.000883 0.00465 2.6e-005 0 0 0 0 0 4e-006 0.000667 0.008075 0.002205 0 0 0 0 0 0 0 0 0 0 0 0 0 0 0
0.007296 6.4e-005 0.006218 0.00168 0.006567 0.001416 0 1.8e-005 0 0.000166 0.00036 0.025814 0.011978 0.000574 0 2e-006 0.001157 0.000292 0.000501 0.012244 0.00176 0.000992 0.000302 0.000429 0.000633 0.003213 0.001563 0.012241 0.013295 0.005979 0 0 0.001543 0.010041 0 0 0.000369 0.011044 0.12868 0.01381 0.001472 0.059813 0.025466 0.001759 0.001281 0.000307 0.010887 0.033651 0.00236 0.012745 0.027383 0.023032 0.000984 0 0 0 0 0 0 0.000547 0.000968 0 0 0 0 0 0 0 0 0 0 0 0 0 0 0 0
0.044652 0.004647 0.020255 0.006027 0.008583 0.008257 0.000296 0.000498 0.002376 0.001645 0.000875 0.039417 0.062553 0.001492 0 0.000408 0.001467 0.002492 0.002941 0.002423 0.043698 0.010998 0.000332 1.5e-005 0.004835 0.001403 9e-005 0.000615 0.053369 0.031279 0.000217 0 5.9e-005 5.1e-005 0.000898 0 0 0.014835 0.015941 0.007775 0.019428 0.015873 0.001766 0.00302 0 0 0.003598 0.00594 0.000765 0.038323 0.052801 0.014642 0.001588 0 0 0 0.000947 0 0 0 0 0 0 0 0 0 0 0 0 0 0 0 0 0 0 0 0
0.002358 0.000498 0 0.00832 0.004841 0.00014 0 0 0.007757 0.001447 0.000336 0.004206 0.000301 0 0.000158 0.002348 0.013582 0.011848 0.000159 0.002992 0.016353 0.007415 0.017697 0.010003 0.017759 0.001769 0 0.004547 0.053375 0.038608 0.003261 3.4e-005 0 0 0 0 0 0.000423 0.07122 0.074204 0.033473 0.027861 0.010387 0.007502 0 1.2e-005 2.9e-005 0 0.001114 0.008536 0.008805 9.2e-005 0 0 0 0 0.000178 0 0 0 0 0 0 0 0 0 0 0 0 0 0 0 0 0 0 0 0
0.005196 0.000252 1e-006 0.00082 0 0.000993 0.000659 7.9e-005 0.001825 0.000247 0 0.0011 0.003635 0.002938 0.001358 0 0.000559 0 0 0.002874 0.001251 0.009628 0.006861 0.04598 0.082787 0.017282 0.001122 0.000394 0.01124 0.008183 0.000598 0.001589 0.000127 0.000651 0.001728 0.001032 5.6e-005 0.010882 0.023754 0.084334 0.006816 0.025642 0.074306 0.012086 0.001887 0.053428 0.00948 0 0 0 0 0 0 0 0 0 0 0 0 0 0 0 0 0 0 0 0 0 0 0 0 0 0 0 0 0 0
0 4.5e-005 0.000303 0.000814 0.00145 0.022764 0.006473 0.000998 6.7e-005 0 0 0.002226 0.001454 0.001007 2e-005 0.005491 0.001326 0 0.000271 0.000261 0.002149 0.008614 0.018377 0.097014 0.086488 0.015498 0.007096 0.000419 0.000812 0.000384 0.00052 1.4e-005 6e-006 0.000349 0.000551 0.003382 0.003966 0.026294 0.050889 0.037427 0.009578 0.044053 0.015661 0.000373 0.000757 0.014573 0.007505 0 0 0 0 0.001012 0.000267 0 0 0 0 0 0 0 0 0 0 0 0 0 0 0 0 0 0 0 0 0 0 0 0
0 0 0 0.002513 0.007234 0.026186 0.015268 0.001937 0 0 0 0.001954 0.022046 0.000277 0.005975 0.002133 0.004794 0.000775 0.004948 0.007748 0.00284 0.000855 0.031971 0.04187 0.01093 0.004429 0.02261 0.028256 0.003108 0.00339 0.001104 0.01036 0.003 0.010287 0.031028 0.020638 0.079966 0.007753 0.003588 0.0043 0.002501 0.010859 0.00035 0.02805 0.010051 0.000547 0.00289 0 0 0 0 0.000892 0.000259 0 0 0 0 0 0 0 0 0 0 0 0 0 0 0 0 0 0 0.000511 2e-006 0 0 0 0
0 0.000276 0.000111 0.003431 0.029323 0.001148 0 0.000156 0.00037 0.005443 0.004181 0 5.9e-005 0 0.001739 0.00135 0.002109 0.002557 0.001181 0.000324 0.000117 0.002113 2.2e-005 0.002234 0.000304 0.008091 0.015283 0.020054 0.02236 0.012747 0.015701 0.012231 0.015309 0.004049 0.048617 0.05722 0.030669 0.000194 0 0 0 0 1.1e-005 0.009618 0.001014 0 0 0 0 0 0 0 0 0 0 0 0 0 0 0 0 0 0 0 0 0 0 0 0 0 0 0.000906 0 0 0 0 0
0.000106 0.014062 0.004072 0.001572 0.022826 0.000139 8.6e-005 0.000146 0.000426 0.011379 0.04461 0.04921 0.003143 0.000103 0 5.9e-005 0.037576 0.006754 0.002126 0.000133 0 0.002411 0 0 6.5e-005 0.002819 0.046324 0.220569 0.07758 0.0292 0.000977 0.015021 0.032501 0.036477 0.036831 0.031754 0.024535 0 0 0 0 3.4e-005 0.000169 0 0 0 0 0 0 0.000155 0.000122 0 1e-006 5.7e-005 0 0 0 0 0 0 0 0 0 0 0 0 0 0 0 0 0 0 0 0 0 0 0
2.4e-005 0.020807 0.009146 0.001774 0.014205 0.004822 0.000921 0.000282 0.001496 0.019084 0.073025 0.05986 0.007339 0.001185 0.005148 0.007268 0.040606 0.063084 0.016922 0.000274 3.7e-005 0.003735 0.000213 0 0.000183 0.00074 0.06332 0.107605 0.090208 0.054662 0.000723 0.011227 0.012427 0.001603 0.010555 0.006615 0.000295 0 0 0.001923 0.002796 0.000741 0.00788 0 0 0 0 0 0 0 0 0 0.000627 0.019146 0.019891 0.001917 0 0 0 0 0 0 0 0 0 0 0 0 0 0 0 0 0 0 0 0 0
0.0001 0.000634 0.000168 3.8e-005 0 4.2e-005 0 0.008448 0.015013 0.003375 0.030739 0.042254 0.001145 0.000706 0.03818 0.089098 0.014288 0.005542 0.002945 0.000405 0.004653 0.010234 0.00232 0.000684 0.000516 3.9e-005 0.002616 0.007831 0.030971 0.091072 0.040164 0.000871 0.003395 0.001008 0.001428 0.000219 0.001226 0 0.004266 0.002543 0.001323 0.000709 2.4e-005 0 0 0 0 0 0.00017 0.000192 0.000162 0 0 0.006919 0.0018 0 0 0.000194 5.9e-005 0 0 0 0 0 0 0 0 0 0 0 0 0 0 0 0 0 0
9e-006 0.001262 0.002348 0.000111 0.000195 0.001152 0 0 4e-006 0.001186 0.033389 0.001918 0.000208 0.015795 0.014281 0.005305 0.00082 0.000378 0.010627 0.002908 5.5e-005 0.00552 0.003965 0.011642 0.00097 0 0 0.000675 0.014178 0.015831 0.006417 0.00173 0.003316 0.000806 0.000108 0.001158 3.3e-005 2.3e-005 0.001138 0.002761 0.000244 0.002735 0.000179 0 0 0 0.000304 1.5e-005 0.000744 0.001922 0 0 0 0 0 0 0 0.000143 0 0 0 0 0 0 1e-006 0.000364 0 0 0 0 0 0 0 0 0 0 0
0.000816 0.00223 0.003037 0.000174 0.017379 0.03701 0.000195 0 0 0.000938 0.012038 0.004988 0 0.000342 0.000292 0.004394 0 0.001061 0.01043 0.019548 0.001576 0.000189 1e-006 0 0 0 0.000338 0.009507 0.026356 0.022713 0.018139 0.004159 0.010798 0.000264 0.006826 0.029371 0.008136 0.006293 0 0 0.000192 0 0.000161 0.000444 6.1e-005 0 0 0 0.0022 0.007056 0 0 0 0 0 0 0 0 0 0 0 0 0 0 0.000754 0.001006 0 0 0 0 0 0 0 0 0 0 0
0.002801 0.000489 0 0.000104 0.004213 0.013957 0.014366 0 2e-006 0.004483 0.000181 0.000137 0 0.042153 0.010219 0.004131 0 0.000366 0.004909 0.009001 0.018347 0 0 0 0.000242 0.013398 0.044557 0.0669 0.000677 0.002796 0.010177 0.002154 0 0.000166 0.000683 0.008609 0.01134 0.022354 0.000311 0 0.002109 0.000277 0 0 0 0 0 0 0 0 0 0 0 0 0 0 0 0 0 0 0 0 0 0 0.000832 8e-005 0 0 0 0 0 0 0 0 0 0 0
0.000546 0.011495 0.000452 8.4e-005 0.000882 0.000877 0.015344 0 0.000693 0.000152 0 1.2e-005 0.009837 0.013189 0.000144 0 0 0 5e-005 0.005972 0.008535 0.003467 0.000147 0.00053 3.2e-005 0.019223 0.027507 0.119022 0.039814 0.001519 0 0 0 0.001187 0.021052 0.016025 0.009704 0.009428 0.000572 0 0.000735 1.9e-005 6.3e-005 0 0 0 0 0 0 0 0 6.8e-005 0.000248 0 0 0 0 0 0 0 0 0 0 0.002857 0.001673 0 0 0 0 0 0 0 0 0 0 0 0
0 0.000167 9.7e-005 0 7e-006 0.000254 0.000901 2.6e-005 0.00256 0.00049 0 0 0.004562 0.003009 0 0 0 0 0.006763 0.031196 0.014263 0.002859 0.001882 0.000406 0.000326 0.021964 0.013743 0.083314 0.061194 0.001241 0 0 0 0 0.000726 0 0 0.000519 4.8e-005 0 0 0 0.000186 0.000103 0 0 0 0 0 0.000479 1.5e-005 0.007666 0.001682 0.000542 0 0.000593 0.001088 0 0 0 0 0 0 0 0 0 0 0 0 0 0 0 0 0 0 0 0
0 0 0.00125 0 0 0.001318 0.009867 0.024246 0.007298 0.00212 0.001619 0 0 0.00133 0 0 0 0.000992 0.002681 0.01479 0.016198 0.076439 0.008905 0.000387 0.000407 0.003708 0.006321 0.008959 0.009985 0 0 0 0 2.7e-005 0 0 0.000808 0 0.000126 0 0 0 0 0 0 0 0 0 0 2.2e-005 0.00147 0.008785 0.01322 0.02027 0.000187 0.006255 0.00024 0 0 0 0 0 0 0 0 0 0 0 0 0 0 0.002184 0.005177 0 0.002262 0 0
0.001229 0.001419 0.004778 0.000144 0 0.010524 0.008845 0.020196 0.011253 0.018725 2e-005 0.000443 7e-005 0 0.000269 0.00057 0.00513 0 0 0.001401 0.035208 0.043694 0.001861 0 0.018955 0.006889 0 0.000182 0 0 0 0 0 0 0.000377 0.009877 0.000371 0 0 0 0 0 0 0 0 0 0 0 0 0 0 0 0 0.002157 0 0.000106 0 0 0 0 0 0 0 0 0 0 0 0 0 0 0 0.000317 0.001557 0 0.001157 0.000261 0
0.035619 0.004615 0.00742 0.000557 0 0.056242 0.105611 0.122568 0.064362 0.006295 0.006358 9e-006 0.001857 0.000454 0.010275 0.011066 0.011518 0.000206 0 0.003729 0.02225 0.003007 0.000292 0.006678 0.019493 0.00576 0 0 0.000327 0 0 0 0 0 0.001296 9.3e-005 0 0 0 0 0 0 0 0 0 0 0 0 0 0 0.002493 0.000368 0 0 0 0 0 0 0 0 0 0 0 0 0 0 0 0 0 0 0 0 0.001947 0.000437 0 0 0
