EnvRasters/GE_High/rapeseed.asc
ncols         270
nrows         223
xllcorner     24099.479091542
yllcorner     21023.840179216
cellsize      1003.8986847201
NODATA_value  -9999
[rows 34 to 67 of 223, columns 0 to 76 of 270]
-9999 -9999 -9999 -9999 -9999 -9999 -9999 -9999 -9999 -9999 -9999 -9999 -9999 -9999 -9999 -9999 0 0 0.000633 0.033029 0.089436 0.000842 0.00154 0.000139 0.000162 0.024768 0.002179 0.008126 0.010645 0.010596 0.004001 0.002459 0.011008 0.003076 0 0.000532 0.000794 0.003455 0.03768 0.090602 0.033354 0.017095 0.000633 0 3.2e-005 0 0 0 0.003692 0.027249 0.018826 0.017976 0.007049 0.027971 0.001423 0.00039 0 0.00563 0.003475 0 0.001124 0.010001 0.004607 0.000949 0.002545 0.001164 0.007499 0 0.0001 0.010404 0.004818 0.024274 0.021211 0.014788 0.012195 0.007753 0.004021
-9999 -9999 -9999 -9999 -9999 -9999 -9999 -9999 -9999 -9999 -9999 -9999 -9999 -9999 -9999 0 0.000378 0.000824 0.000637 0.068777 0.064006 0.01141 0.008738 0.006335 0.000924 0.010406 0.005202 0.005563 0.004314 0.00074 0.001272 0.000283 0 0.000383 0.001044 0.002686 0 0.001117 0.013118 0.005742 0 8.3e-005 0 0 0 0 0 7.9e-005 0.01312 0.017126 0.030857 0.025447 0.002254 0.000534 0 0 0 0.000548 0.019963 0.000118 0.000666 0.003492 0.018711 0.015011 0.023838 0.006268 0.01777 0.008133 0.0004 0.002245 0.002518 0.001584 0.008986 0.012888 0.011158 0.01559 0.048803
-9999 -9999 -9999 -9999 -9999 -9999 -9999 -9999 -9999 -9999 -9999 -9999 -9999 0 0 0.006183 0 0 3.7e-005 0.025999 0.020858 0.006584 0.013096 0.016698 0.002954 0.002742 0.037012 0.01908 0.038119 0.025518 0.007704 0.02998 0.012815 2.1e-005 0.036268 0.03482 0.047658 0.007793 0.03084 0.006328 0.000336 4e-005 0 4e-005 0.000676 0.000481 8.3e-005 0 0.003243 0.002283 0.000752 0.003136 0.015231 0.004219 0 0.001072 4.4e-005 0.009007 0.003972 6.7e-005 0.00213 0.002976 0.000859 0.004044 0.002113 0.000404 0.001182 0.006152 0.000449 0.000588 0 0.005096 0.005291 0.000304 0.001063 0.000334 0.032977
-9999 -9999 -9999 -9999 -9999 -9999 -9999 -9999 -9999 -9999 -9999 0 0 0 0.014694 4.3e-005 0 0 0 0.022192 0.065784 0.030434 0.026627 0.056131 0.045515 0.01555 0.030998 0.008341 0.011317 0.01973 0.007887 0.029877 0.031269 0.023573 0.043289 0.022364 0.056814 0.034859 0.012099 0.030001 0.0013 0.004158 0.002408 0 0.000153 0.005058 0.011238 0.000952 0.000147 0.001164 0 0.000424 0.009693 6.5e-005 0 0.000684 0.000153 0 1e-006 0.016066 0.00421 0.002674 0 1.9e-005 0.004222 0.002243 0.001779 0.000164 0.004397 0.003031 0.00346 0.006527 0.000404 0 0 7e-006 0.000247
-9999 -9999 -9999 -9999 -9999 -9999 -9999 -9999 -9999 0 5.4e-005 0.003493 0.017811 0 0.000655 0.003881 0 0 0.00037 0.011293 0.037057 0.011824 0.000271 0.002489 0.037183 0.018332 0.030214 0.00245 0.00073 0.059597 0.007947 0.000236 0.002707 0.010205 0.007241 0.017066 0.00366 0.02513 0.011663 0.020117 0.042789 0.017883 0.003336 0 0 0 0.000217 2.3e-005 0.000122 0.001628 0 4e-006 0.010452 0.00647 4.2e-005 0.000109 0 0 0 0.006833 0.005072 0.01106 0 2.7e-005 0.003521 0.000317 0.000903 0.003611 0.000437 0 0.00859 0.008551 6.1e-005 0.004876 0.002035 0 0
-9999 -9999 -9999 -9999 -9999 -9999 -9999 -9999 0 0 0.000272 0.003271 0.014137 0.001087 0.00403 0.008795 0 0 0.001652 0.008414 0 0 0 5.1e-005 0.01805 0.031589 0.041059 0.048172 0.029255 0.01387 0.005124 0.002199 0 0.002847 0.010208 0.000415 0 0.002388 0.000541 0.029545 0.013758 0.019622 0.004943 0.005237 0.004747 0.000105 2.5e-005 0 0.000179 0.002262 0.003086 0 0.014496 0.002165 0.008198 0.002283 0 0 0 7.7e-005 0.002929 1.5e-005 0 0.002054 0.000873 0 0.002377 0.006602 0.045447 0.009489 0.016507 0.001114 0.000814 0.0047 0.000658 0.001504 0.006497
-9999 -9999 -9999 -9999 -9999 0 0 0 0 2.1e-005 0.016022 0.021337 0 0 0.004347 0.030538 0.004146 0.008904 0.001236 0.005333 0.001004 0.003156 0.00024 0.001105 0.024656 0.058089 0.042725 0.062189 0.011503 0.009077 0.021024 0.055455 0.000248 0.011082 0.005051 0.000283 0.007066 0.00179 0.003511 0 0.008858 0.022836 0.002695 0.000915 0.00029 0.001774 9.9e-005 0 5.8e-005 0.00086 0.000376 0.000227 6e-005 0.000329 0.018527 0.012201 0.001137 0.002129 0.003558 0.007874 0.00266 2.7e-005 0 0 0.000215 0.000604 0.000937 0.007504 0.115572 0.02588 0.007189 0.00757 0.020295 0.004676 0.002345 0.006033 0.080779
-9999 -9999 -9999 -9999 0 0 0 0 0 0.001454 0.007244 0.047801 0.00613 0.017835 0.013838 0.067235 0 0.000103 0 0.003234 0.087783 0.066084 0.009711 0.001664 0.030316 0.115383 0.163029 0.04947 0.025447 0.005918 0.045025 0.009318 0.01223 0.055053 0.069837 0.005267 0.047451 0.000386 0.004058 0.000103 0.009781 0.000713 3.9e-005 0 0 0.011156 0.013111 0.000107 0.000381 0.017001 0.003154 0.000588 0 0.004746 0.023943 0.03306 0.010429 6.8e-005 0.002658 0.010321 0.007704 8.9e-005 0 0 0 0.000592 0.001402 0.002259 0.013361 0.012766 0.004487 0.003625 0.017327 0.001171 0.003716 0.000746 0.009081
-9999 -9999 0 0 0 0 0 4e-006 8e-006 0.011914 0.000294 0.00102 0.017488 0.217636 0.002006 0.0009860001 0 0 0 0.001696 0.053986 0.0351 0.024535 0.001891 0.00265 0.059909 0.064102 0.076101 0.014536 0.039869 0.003028 0.018495 0.036438 0.044707 0.051365 0.009996 0.000164 0 0.004257 6.6e-005 0.000753 0.010351 0.00103 7.8e-005 0.002501 0.02055 0.024757 0.000169 0.007678 0.005451 0.004639 0.000818 0.001176 0.004401 0.019375 0.004138 0.014181 0.000868 0.015134 0.019371 0.027293 0.001781 0 0.002354 0.002249 0 0 0.002996 0.006253 0.001146 0.020637 0.003096 0.02348 0.008487 0.003064 0.003647 0.000718
0 0 0 0 0 0 0.000128 0.027762 0.022511 0.022007 0.000186 0 0.000215 0.003808 0 0 0 0 0 0 0.000195 0.018196 0.00385 0.004887 0.011264 0.050469 0.213424 0.123307 0.044093 0.009286 0.00628 0.027597 0.01474 0.140989 0.004779 0.005742 0 0.008666 0.019792 0.012462 2.8e-005 0.008737 0.019864 0.001589 0.021081 0.000148 0.000997 0.007227 0.003907 0.001118 0 0 0 0.000259 0.003305 0.000947 0.021208 0.014192 0.009709 0.019873 0.000711 0.003121 0.000157 0.001672 0.000427 0.000357 0.010701 0.006037 0.003576 0.001793 0.001621 0.000701 0.049572 0.01475 0.018322 0.011974 0.000273
0 0 0 0 0.001061 0.01277 0.009989 0.062805 0.059105 0.007491 0 0 0 0 0 0 0 0 0 0 0 0.000652 0.004762 0.014599 0.123645 0.06473 0.182164 0.1808 0.017427 0 0.00238 0.006786 0.038736 0.005483 0 0.005763 0.00428 0.002253 0.019081 0.026242 0.004888 0.003778 0.001725 0.001721 0.002659 0 0.005696 0.006222 0.002001 0 2.4e-005 0.002999 0.002069 0.011036 0.005886 8.7e-005 0.008497 0.013891 0.001081 0.016153 0.000908 0 0.016276 0.020319 0.003355 0.007069 0.019993 0.002509 0.026541 0.014085 0.003065 0.001078 0.002283 0.004656 0.033222 0.010701 0
0 0 0.02312 0.000802 0.003597 0.003364 0.000164 0.001498 0.002018 0.001755 0 0 0 0 0 0 0 0 0 0.001723 0.002331 0 0.042841 0.011829 0.139561 0.069442 0.118282 0.02464 0.00095 0.026414 0.005055 0.000134 0.020283 0.00226 2.9e-005 0.002225 0.00198 0.001448 0.027047 0.028114 0.016992 0.004852 0.004271 0.003355 0.001611 0.007784 0.00047 0.0007 0.011008 0.003784 0 0.040716 0.00256 0.000807 0.00111 0 0 0.008998 0.010097 0.001163 0.00041 0.003563 0.006382 0.001826 0.001382 0.002281 0.014666 0.015899 0.031561 0.002029 0.001197 0.000845 0.00051 0.002286 0.01116 0.004381 0.00969
0.002418 0.008421 0.128692 0.103051 0.051002 0.015881 0.002266 0.060685 0.019742 0.031138 0.007597 0.003626 0 0 0 0 0 0 0.02139 0.00238 0 0 0.008989 0.018808 0.064554 0.083128 0.057122 0.065254 0.000279 0.007125 0.001306 0.001492 0.03915 0.023176 0.003625 0.005441 0.004394 0.018269 0.000236 0.038409 0.031536 8e-006 0.000155 0.002926 0.001297 0.00113 0.000196 0.000745 0.013248 0.002988 0.005714 0.004814 0.001644 0 0 0 0 0.008375 0.00911 0.005296 0.005725 0.00013 0.012653 0.000302 0.010443 0.003397 0.000391 0.000423 0.000104 0.000471 0.015646 0.012779 0.001508 0.000114 0 1e-005 0.000108
0.004231 0.000493 0.012293 0.022213 0.040851 0.025555 0.0002 0.003873 0.022307 0.047266 0.169588 0.045313 0.000416 0 0 0 0 0 0.000264 3e-005 0.005497 0.004012 0.065347 0.109754 0.040394 0.056141 0.029107 0.0159 0.002362 0.008214 0.003497 0.006445 0.042847 0.006084 0.001692 0.000777 0.003968 0.002762 0.001584 0.00032 0.011824 0.0045 0.034559 0.039792 0.009841 0.000353 0.005547 0.00811 0.008276 0.016668 0.015096 0.007378 0.000746 0 0.002613 0.000312 0.002147 0.016636 0.010017 0.016712 0.00605 0.004649 0.015841 3.9e-005 0.00803 0.001623 0 0.000238 3e-006 0.000966 0.001758 0.007936 0.00188 0 0.000102 0.004249 0.002388
0.040065 0.110318 0.045001 0.000371 0.010167 0.005733 0.001013 0.001384 0.072073 0.032213 0.001754 0.00174 0 0 0 0 0 0 0 0.001696 0.003088 0.009085 0.049041 0.031055 0.021828 0.02125 0.041788 0.004978 0.036276 0.191585 0.11525 0.001347 0.007936 0 0.010038 0.003935 0.000566 0.001058 0.006595 0.017022 0.004645 0.02254 0.017704 0.016078 0 0.012213 0.029253 0.014351 0.000846 0.0553 0.014784 0.007393 0.001581 0.000102 0.000759 0.000174 0.008385 0.007996 0.001972 0.001848 0.001135 0.00014 0 0 0 0 0.000266 0.000236 0.001443 0.01277 0.000532 0.000201 0 0.000867 0.004303 0.001028 0.000887
0.096638 0.004565 0 0 0.001956 0.034117 0.017421 0.032715 0.045577 0.007711 0.027825 0.052347 0 0.00189 0 0 0 0 0.004481 0.007616 0.001408 0.002127 0.022844 0.031105 0.004313 0.028801 0.186797 0.015261 0.055863 0.146889 0.06895 0.004528 0.033927 0.019875 0.001389 0.01559 0.002211 0 0.004499 0.008707 0.007649 0.042741 0.031332 0.022764 0.022209 0.063444 0.154657 0.093562 0.019727 0.001601 0.021796 0.001174 0.009893 0.004122 0.002651 0 0.002334 0.004195 0.000133 0.000848 0.000315 0 3.2e-005 0 0 0.000492 0.003487 0.002402 0.001496 0.007367 0.018511 0.000745 1.5e-005 0.00057 0.010508 0.020401 0
0.010206 0 0 0.000394 0.038262 0.012769 0.009371 0.001311 0.000582 0.005826 0.016004 0.011697 0 0.043845 0.006912 0 0 0 0.000151 0.000539 0 0.004809 0.021942 0.026396 0.009636 0.071116 0.09478 0.085746 0.170895 0.003637 0.068843 0.103742 0.040511 0.086686 0.074909 0.035362 0.024911 0.008144 0.031136 0.005493 0.013332 0.011993 0.021992 0.070155 0.030844 0.019681 0.023282 0.037876 0.010961 0.006999 0.001499 3.1e-005 0.001382 0.003921 0.009219 0.010138 0.012551 0.000584 0.00447 0.010576 0 7.2e-005 0.015576 0.002599 0.004723 0.000411 0.006824 0.000209 0.025232 0.003042 0.00677 0.029735 0.010419 0.001453 0.009143 0.002982 0
0 0 0 0 0.016632 0.038139 0.004146 0 0.022016 0.032194 0.021427 0.00517 0 0.002377 0.04713 6e-006 0 0.008666 0.00622 0.001162 0 0.004248 3.8e-005 0.000467 0.011048 0.107077 0.063324 0.173755 0.10666 0.077744 0.089643 0.078496 0.139232 0.097796 0.04491 0.049149 0.036857 0.014333 0.003949 0.018407 0.015014 0.036451 0.009528 0.025095 0.015963 0.00015 0.011922 0.001077 0.01468 0.000168 0.004837 0.001365 0.003647 0.004688 0 0.00922 0.009533 0.00049 0.001121 0.005923 0.010951 5e-005 0.009815 0.009916 0.005517 0 0.009915 0.004705 0.010151 0.000175 0.000565 0.004005 0.008116 0 0.000174 0.00116 0.000438
0.000156 0.000308 5.2e-005 0 0.010126 0.00165 0.0014 0.001932 0.078902 0.184714 0.013845 0.004835 0 0.000111 4.6e-005 0.000767 0.007402 0 0.000553 0.00076 0.000196 0.01193 0.020494 0.003474 0.001697 0.005203 0.031185 0.051271 0.146591 0.069686 0.078256 0.05405 0.007061 0.06565 0.082399 0.033015 0.020137 0.004851 0.024272 0.015402 0.013296 0.052045 0.028239 0.005934 0.015873 0.000327 0.009744 0.013563 0.009125 0.003788 0.006171 0.00766 0.03021 0.007246 0.002887 0.000784 5e-005 0 0.00061 0 0.002127 0.004965 0.011709 0.006848 0 0.000256 0.011479 0.001706 0.00016 0.009653 0.002052 0 0.0001 0 0.000215 0.014749 0.003528
0.011095 0.029922 0.012852 0 0.001614 0.042169 0.046064 0.026979 0.176804 0.132703 0.03603 0.026043 0.008565 0.004647 0.003415 0.001459 0.000188 0 0 0 0.000615 0.031312 0.02203 0.065411 0.047867 0.009459 5.4e-005 0.00086 0.031617 0.029988 0.006912 0.020373 0.006158 0.002546 0.0083 0.053512 0.029955 0.030176 0.001729 0.000904 0.00916 0.027356 0.014074 0.018942 0.022885 0.030794 0.01101 0.051385 0.048326 0.020309 0.025943 0.00535 0.021483 0.004204 0.042323 0.017466 0.007311 0.005598 0.00525 0.02422 0.001851 0.000555 0.004221 0.000393 0.013161 0.003383 0.008441 0.006323 0.000326 0.002558 1.1e-005 1.3e-005 0.003809 0.000727 0.003296 0.054952 0.001757
0.045339 0.010184 0.027715 0 0.000128 0.013302 0.060395 0.006772 0.112351 0.040708 0.218195 0.014481 0.011663 0.002363 0.018645 0.055744 0.022155 7e-005 0 0.000376 0.016498 0.087409 0.139001 0.062833 0.039223 0.076771 0.054843 0.029042 0.122456 0.143374 0.068287 0.035648 0.016898 0.014017 0.151348 0.134955 0.068508 0.024849 0.063105 0.003304 0.009862 0.019587 0.051468 0.03491 0.037291 0.027603 0.028356 0.030062 0.093447 0.030402 0.054239 0.033229 0.059244 0.034505 0.003081 0.002153 0.01679 0.014305 0.016199 0.062392 0.005125 0.01159 0.022905 0.000324 0.02902 0.01872 0.029982 0.009093 0.005273 0.005115 0.000958 0.008263 0 0 9.4e-005 0.000273 4e-006
0.082005 0.006356 0.000366 0 0.002582 0.004958 0.077493 0.018026 0.157293 0.050349 0.049992 0.00722 0.152097 0.012194 0 0.00359 0.004383 0 0 0.005193 0.030544 0.026566 0.068337 0.042261 0.031185 0.080826 0.029397 0.077371 0.150376 0.11704 0.187173 0.019859 0.085107 0.048359 0.114153 0.155509 0.112995 0.042342 0.056768 0.034996 0.02044 0.017236 0.048617 0.043092 0.024771 0.038476 0.074311 0.042036 0.102593 0.035772 0.020791 0.014079 0.011671 0.019293 0.00803 0.003303 0.005251 0.002982 0.001634 0.023353 0.00603 0.001724 0.003571 0.000262 0.000898 0.017592 0.009942 0.031347 0.001151 0.005414 0.001485 0.001347 0 0 0 0.002971 0.003981
-9999 0.00995 0.001683 0.010201 0.045081 0.013592 0.050626 0.093024 0.005431 0.000766 0.000223 0.003132 0.063929 0.017009 0.001014 0.000637 0.000458 0 0 0.002172 0.015956 0.001399 0.005087 0.00958 0.024655 0.006683 0.03811 0.066109 0.04556 0.096212 0.149868 0.123167 0.105581 0.080429 0.024199 0.11702 0.042381 0.022478 0.030935 0.047754 0.003077 0.049404 0.010976 0.033804 0.040973 0.047285 0.028519 0.054765 0.051938 0.08562 0.052499 0.000965 0 4.5e-005 0.0019 0.014705 0.021208 0.018542 0.012474 0.008868 0.030679 0.001248 0.002105 0.036017 0.008188 0.023543 0.015657 0.013565 0.003126 0 0 0.000176 0.000937 0.000859 8.4e-005 0.001553 0.007232
-9999 -9999 0.050928 0.052362 0.181015 0.026835 0.053892 0.035163 0.024919 0.006688 1.6e-005 0.00872 0.038094 0.042628 0.009578 0.001812 0 0 0 0 0.00773 0.009806 0.035296 0.042313 0.019223 0.017365 0.018401 0.105165 0.061222 0.05752 0.092594 0.088496 0.064569 0.053749 0.067277 0.073077 0.03945 0.005528 0.050535 0.125306 0.033427 0.037966 0.049571 0.023043 0.018825 0.015882 0.016042 0.018702 0.02921 0.043342 0.058387 0.002499 0.002187 0.000613 0.013202 0.007832 0.052025 0.003823 0.01198 0.002658 0.048049 0.001862 0.005579 0.005957 0.00139 0.000983 0.000328 0.000399 0.003508 0 0 0.00131 0.023814 0.01331 0.000201 0 0.001027
-9999 -9999 0.02102 0.092284 0.009815 0.025482 0.036337 0.135442 0.010006 0.000383 0.011774 0.054284 0.012602 0.024236 0.000185 3.7e-005 0 2.4e-005 0 0.000185 0.013401 0.024776 0.071054 0.079931 0.015327 0.017845 0.017645 0.174144 0.126902 0.084993 0.013205 0.103201 0.185001 0.10735 0.035146 0.010993 0.003799 0.002187 0.017058 0.067613 0.014005 0.070754 0.082537 0.002266 0.026501 0.002022 0.009551 0.051795 0.053848 0.023513 0.077428 0.026123 0.022341 0.006219 0.016915 0.021797 0.011987 0.001403 0.007559 0.001722 0.001096 0.00202 0.014949 0.029488 0.012965 0.002535 0 0.001554 0.00279 0.002021 0.005774 0.038171 0.03869 0.03168 0.000156 4.1e-005 0
-9999 -9999 0.000477 0.166872 0.126282 0.093482 0.128822 0.064795 0.01261 0.042156 0.003039 0.059779 0.005135 0 0 0 0 0.00811 0.005768 0.00118 0.004403 0.016853 0.02125 0.037619 0.040035 0.007771 0.002021 0.114856 0.19773 0.093242 0.031068 0.046766 0.325063 0.099352 0.062814 0.016676 0.044143 0.008907 0.000214 0.00015 0.054114 0.037822 0.022582 0.016921 0.091227 0.099525 0.110442 0.065667 0.035666 0.032002 0.075543 0.042831 0.006546 0.005245 0.009413 1.8e-005 0.001526 0.014038 0.000767 0.000305 0.013329 0.034375 0.023871 0.00063 0.008307 0.001211 0 0 0.002491 0.054497 0.036915 0.006834 0.01182 0.001103 0.001541 0.001321 0.001015
-9999 -9999 -9999 0.104017 0.039027 0.004896 0.035708 0.003779 0.026947 0.02297 0.00275 0.001917 0.000186 0 0 0.000292 0.000643 0.000194 0.00451 0.03261 0.026525 0.008616 0.087129 0.069283 0.024896 0.001496 0 0.00948 0.081363 0.072292 0.092187 0.043591 0.073698 0.044692 0.039803 0.055016 0.045278 0 0 0.001775 0.021323 0.03345 0.079135 0.025818 0.099023 0.069075 0.038594 0.107579 0.021437 0.010318 0.040133 0.035747 0.014321 0.03378 0.040325 0.016626 0.002955 0.004535 0.000863 0.000345 0.008993 0.054413 0.018054 0.002346 0.031869 0.025695 0.00059 0.001086 0.000834 0.00684 0.007709 0.012329 0.003866 0.009238 0.015019 0.01333 0.008895
-9999 -9999 0.00039 0.064089 0.102455 0.024448 0.020906 0.000659 0.002095 0.01642 0.0113 0.000116 0.000264 7e-005 0.000428 0.002128 0.022621 0.001975 0.012429 0.002783 0.001805 0.053459 0.066157 0.02499 0.026699 0.001109 0.003409 0.043254 0.153082 0.125039 0.081547 0.103994 0.108197 0.065791 0.091123 0.055107 0.017636 0 0 0.000112 0.001301 0.032788 0.117411 0.082363 0.112783 0.070343 0.036307 0.091944 0.056345 0.026986 0.019681 0.048196 0.038984 0.066577 0.012358 0.013808 0.017849 0.022527 0.004498 0.007449 0.002495 0.020194 0.071489 0.017552 0.023038 0.008475 0.009089 0.001822 7.9e-005 0.006619 0.035019 4.4e-005 0.001049 0.002965 0.003569 0.007402 0.000569
-9999 -9999 0.031375 0.092181 0.034211 0.015458 0.021349 0.003069 0.005367 4e-006 0.004362 0.004036 0.017074 0.028965 0.036104 0.00639 0.021034 0.001652 0.004502 0.017054 0.001101 0.035705 0.094507 0.082118 0.010991 0.001181 0.074912 0.105567 0.131374 0.092882 0.049456 0.039342 0.081882 0.024768 0.021821 0.023079 0.002488 0.000744 0 4.5e-005 0.001539 0.018526 0.044582 0.129553 0.049539 0.040931 0.044875 0.037069 0.042841 0.000271 0.023443 0.062163 0.02943 0.017766 0.018024 0.01209 0.004586 0.012594 0.025095 0.016816 0.012232 0.004348 0.014635 0.003145 0.013306 0.000906 0.012503 0.016914 0.030417 0.021713 0.023911 0.007024 0.02325 0.041382 0.003507 0.006817 0
-9999 0.082515 0.257021 0.034136 0.075593 0.094922 0.118248 0.139508 0.004185 0.00042 0.009125 0.031582 0.03044 0.010513 0.018232 0.02762 0.011126 0.049583 0.00339 0.025227 0.003932 0.007663 0.034141 0.027855 0.013516 0.011768 0.070948 0.073802 0.049699 0.040698 0.019679 0.053524 0.02359 0.065187 0.05137 0.015298 0.020042 0 0 0 0 0.007567 0.025947 0.031896 0.055127 0.068953 0.089326 0.052223 0.024854 0.01374 0.078082 0.074507 0.034822 0.028396 0.02394 0.051365 0.008378 0.005209 0.011444 0.014719 0.000215 8.6e-005 0 0.006021 0.003601 0.001127 0.0044 0.01396 0.02634 0.02709 0.00847 0.026263 0.029521 0.023228 0.006253 0.000385 0.002558
0.007028 0.116757 0.048582 0.019431 0.074381 0.09988 0.110588 0.118155 0.013056 0.0433 0.013449 0.052446 0.048472 0.016548 0.004576 0.016088 0.020686 0.047177 0.007272 0.037974 0.038315 0.125275 0.059768 0.036212 0.012515 0.079882 0.049893 0.097827 0.063977 0.025787 0.087524 0.065402 0.074191 0.077551 0.150858 0.130242 0.043761 0.017151 0.012859 0.000384 0.008852 0.008099 0.002078 0.001042 0.00147 0.016238 0.005523 0.003299 0.048437 0.060697 0.078078 0.084589 0.011188 0.034391 0.015057 0.006363 0.000511 0.009509 0.00262 0.032961 0.007786 0.000472 0.000527 0.004449 0.004865 0.007537 0.005284 0.004618 0.012204 0.00085 0.003031 0.001648 0.000845 0.006929 0.000549 0.000242 0.00438
-9999 0.007423 0.095722 0.065943 0.048346 0.03926 0.039372 0.052173 0.004167 0.026201 0.004245 0.000561 0.010954 0.0248 0.001807 0.081276 0.120277 0.037511 0.030035 0.002854 0.019021 0.074129 0.031792 0.011478 0.004413 0.021813 0.046845 0.05952 0.057704 0.040115 0.03223 0.040137 0.056828 0.035431 0.057706 0.149602 0.09755 0.025991 0.023362 0.013593 0.016798 0.002615 0.002831 0.000936 0.000201 0.004345 0.002783 0 0.011625 0.026417 0.017636 0.03804 0.009338 0.013641 0.013481 0.011884 0.045024 0.04193 0.015891 0.007407 0.001167 0.001553 0.002181 0.001011 0.00054 0.010717 0.052954 0.055596 0.01376 0.00144 0.008493 0.001985 0.000581 0.004419 0.010459 0.002748 0.005613
-9999 0.006817 0.105341 0.080317 0.105043 0.063275 0.045932 0.044232 0.047921 0.001186 0 0.004468 0.004113 0.01028 0.008081 0.049361 0.115883 0.052304 0.046523 0.086312 0.120905 0.047166 0.045787 0.12078 0.012298 0.06605 0.124512 0.043905 0.051341 0.050556 0.004435 0.083769 0.097184 0.089328 0.081422 0.065412 0.087837 0.044887 0.079627 0.044783 0.026811 0.021941 0.007358 0.003575 0.001694 0.018119 0.049975 0.015643 0.029722 0.04934 0.065496 0.08106 0.01756 0.054613 0.003035 0.00123 0.006994 0.001214 0.00487 0.026481 0.00974 0.009905 0.005578 0.012436 0.013632 0.025856 0.044757 0.053026 0.002215 0.010273 0.020239 0.009488 1.6e-005 0.003389 0.000438 0.016445 0.001137
-9999 0.00135 0.03225 0.104973 0.085311 0.072281 0.05724 0.070738 0.102821 0.005678 0.011699 0.215963 0.036623 0.097565 0.127531 0.012995 0.015699 0.097715 0.055241 0.004519 0.018652 0.042618 0.031883 0.132236 0.10898 0.048905 0.166908 0.191754 0.005004 0.04571 0.056616 0.057762 0.051634 0.057482 0.040382 0.106575 0.029941 0.005962 0.028745 0.062486 0.041112 0.009963 0.001845 0.013595 0.008053 0.006557 0.030954 0.053118 0.01876 0.034955 0.101802 0.073332 0.000472 0.035296 0.025677 0.006508 0.037131 0.001191 0.004384 0.005372 0.006061 0.043937 0.034543 0.081543 0.014273 0.019399 0.004536 0.011031 0.040284 0.105796 0.034052 0.049382 0.001137 0.006839 0.0109 0.010261 0.003835
