EnvRasters/GE_High/rapeseed.asc
ncols         270
nrows         223
xllcorner     24099.479091542
yllcorner     21023.840179216
cellsize      1003.8986847201
NODATA_value  -9999
[rows 34 to 67 of 223, columns 77 to 153 of 270]
0.002085 0.001888 0.004181 0.004289 0.021267 0.014892 0.003677 0.02267 0.001049 0.001718 0.001879 0.003103 0.000516 0.000147 0.001408 0.000411 0.000135 0.004671 0.010975 0.008903 0.000624 0.005533 0.013125 0.05157 0.002898 0.000121 0.000108 0.004448 0.029947 0.041072 0.038452 0.014097 0.003772 0.039006 0.001105 0.003045 0.011279 0.015995 0.003368 0.005311 0.006851 0.01175 0.027125 0.041644 0.003266 0.004852 0 0 0 0 0 0 0 0 0 0 0 0.003847 0.004835 0.001292 0.015803 0.002488 0.001195 0 0.000104 0 0.001092 0.005832 0.004581 0.000151 0.000496 0.039421 0.004026 0.000973 8.6e-005 0 0
0.013256 0.000811 0.003091 0.017537 0.000721 0.010744 0.166333 0.011684 0.002167 0.001329 0.000583 0.001354 0.022145 0.000654 0.013451 0.023401 0.023938 0.009925 0.097625 0.012854 0.001417 0.022181 0.030576 0.032189 0.002003 0.001662 0.004046 0.013599 0.037508 0.019217 0.007159 0.025614 0.007513 0.003689 0.000262 0.007194 0.016467 0.001307 0.0004 0.019374 0.015854 0.048821 0.050726 0.021683 0.000752 4.5e-005 0 0 0 0 0 0 0 0 0.006251 0.002156 0.003239 0.000841 0.000139 0 0.000404 0 0.000286 0.000574 7.1e-005 0 0.000252 0.000278 0.000654 0 8.9e-005 0.012286 0.000262 0.000525 4.3e-005 0 0.001044
0.030346 0.024328 0.010272 0.034435 0.000775 0.033203 0.091621 0.007429 0 0.000176 0.000108 0.001472 0.025756 0.011805 0.01146 0.010893 0.005013 0.079849 0.084242 0.024295 0.024936 0.032718 0.007474 0.006145 0.000592 0.000456 0.009496 0.041366 0.007884 0.000758 0.000844 0.002507 0.00392 0.002737 5e-005 0.000397 0.009114 0.000112 0.000849 0.000556 0.004408 0.047383 0.025066 0.00172 7.3e-005 0 0 0 0 0 0 0 0 0 0.013577 0.015379 0.003326 0.000406 0.001709 0.000722 0.00017 0.00614 0.015374 0.007476 0.003661 0.001329 0 0.000171 0 0 0 0 0 0.00563 0.003154 0 0
0.012241 0.037416 0.009199 0.015377 0.000464 0.000939 0.009944 0.002634 0 0 0.00012 0.032624 0.017524 0.001609 0.007108 0.003034 0.054143 0.015242 0.00187 0.001211 0.033767 0.005014 0 2.8e-005 0.001567 0.052194 0.032308 0.021678 0.008181 0.003188 0.001014 0 0 6e-005 0 0 0.001077 0.00268 0.016142 0.004648 0.015353 0.009353 0.00141 0.000772 0 0 0 0 0 0.000114 0 0 0 0 0 0.000565 0.007009 0.002105 0.013449 0.001261 0 0.003278 0.017223 0.004503 0 0 0 0 3.4e-005 0.000168 0 0 0 0 0 0.000505 0
0.008045 0.003439 0.006846 0.001254 0.001152 0.004502 0.000603 5.2e-005 0 0 0.001226 0.006832 0.001161 0.000608 0.001556 0.00845 0.009364 0.010518 0.000105 0 0.004134 0.000319 0 0 0.001533 0.033439 0.007093 0.022072 0.002529 0.009791 0.006367 0 0 0 6.6e-005 0 0 0.000222 0.003655 0.002144 0.003237 0.003231 0.002209 0.004016 0 0 0 0 0 0.000129 0 0.00188 8e-006 0.001055 0 0 0.001494 0 0.001992 0.005951 0.002076 0.001789 0.009465 0.000855 0 0 0.000144 0.000368 0.010514 0.00443 0 0 0 0 0.005244 0.00161 0
0.020392 0.011951 0.000583 0.000538 0.000334 0.000286 0.009873 0.000179 0 0 0.003722 0.001972 0 0 0.000375 0.007645 0.007159 0.000342 0.000516 0.000382 0 0 0.000155 0.000157 0.007475 0.007726 0 0.00039 0.019759 0.007194 0.002379 0.000809 0.000246 0 0.000466 0.000379 0.000871 1.3e-005 0.000445 0.001796 0.001608 0.008382 0.002785 0.010696 5.2e-005 0 7.8e-005 0.000599 0.000144 0.000183 0.00026 0.001892 0.00132 0.010629 0.000423 0.000407 0.004758 0.004162 0.006224 0.022392 0.028639 0.000916 0.006193 0.000214 0 0 0 0.00531 0.00685 0 0.003167 0.011296 0.00015 0.002117 0.013987 0.012719 0.013185
0.007152 0.008513 0 0.004186 0.000853 0.000555 0.005331 4e-005 0 0.000473 0.013543 0.010608 0.004322 0 0 0 0 0.000487 0.009132 0.004683 0 1.4e-005 0.009666 0.01878 0.015096 7.1e-005 0.001203 0.000311 0.007037 0.000192 0.000603 0.005317 0.015001 0.000244 0.00083 0.007118 0.000197 0.001097 0.000295 0.005493 0.004453 0.003107 0.000464 0.00044 0 0.000161 8.6e-005 0.000829 0.000169 0 3e-005 5.5e-005 8.2e-005 0.001335 5.2e-005 5.6e-005 0.007249 0.004113 0.008329 0.023005 0.000759 0 0.000275 0.000434 7.7e-005 0 0 0 0 0.002722 0.020772 0.010643 0.000356 0.024902 0.025806 0.039367 0.026264
0.004284 0.015956 4.3e-005 0.000493 0.000453 0.017431 0.034173 0.001488 3e-006 0.004552 0.059591 0.04566 0.006939 1e-006 0 0.00081 0.018141 0.007782 0.019316 0.00529 2.5e-005 0.000946 0.003208 0.015972 0.000822 0.01647 0.00997 0.007473 0.00945 0.008735 0.001224 0.018392 0.02173 0.000104 5.2e-005 6e-005 0.000805 0.003996 0.002333 0 0.0005 0.003399 0.008778 0.001887 0.000861 0.000195 0 0 0.000472 0 0.001127 0.000217 7e-006 3.9e-005 0.000155 0.000542 0.000633 0.001101 0.003068 0.022118 0.005001 0 7.8e-005 0.003618 0.009887 0.001799 0.000127 0 0 0.000704 0.001726 0 0.005837 0.001657 0.006549 0.002304 0.005507
0.009788 0.003603 0.002317 0.002427 0.000812 0.015171 0.007929 0 6.5e-005 0.004506 0.022068 0.004789 0.001871 0.004908 2.2e-005 0.009291 0.029162 0.045087 0.000656 0.000545 1.1e-005 0.003581 0.000871 0.001697 0.02218 0.001937 0.002891 0.000145 0.01101 0.051608 0.002904 0.000292 0.005329 0.000485 0 0 0.0001 0.000685 2.8e-005 0.001714 0.000188 0.002185 0.011461 0.003615 0.003639 0 5.3e-005 0.00083 0.002771 0 0.000514 9.8e-005 5.8e-005 0 0 0.000197 0 0 0.003356 0.022835 0.001029 0.000129 0 0 0.022803 0.003911 0.001271 2.5e-005 0 1.1e-005 0.00296 0 0.002513 0.008413 0.00486 0.008432 0.014225
0.004106 0.016171 0.003524 0.004678 0.028505 0.000678 0 0.000297 0.007786 0.006152 0.009011 0.034903 0.03713 0.006439 7.1e-005 0.005112 0.001927 0.002184 0.004356 0.022814 0.002974 0 0 0.003129 0.013051 0.014253 0.009549 0 6.6e-005 0 8e-006 0.024165 0.005149 0.00364 0.000469 0.00457 0 0 0.000129 0.003131 0.000394 0 0.000569 2.4e-005 0 9e-005 0.00089 0.000784 0.001114 0.01452 0.000576 0.001265 0.000903 2.9e-005 1.2e-005 0.002201 0.000673 0 0.000956 0.005621 0.000267 0.002536 0.000273 0.003274 0.003971 0.005757 0.000248 0.000496 0 0.000272 0.00413 0 0.000186 0.000689 0.003856 0.001228 0.005433
0.009535 0.003851 9.9e-005 0.001273 0.002312 0 0 0.00042 0.000393 0.002663 0.000862 0.004487 0.022586 0.060796 0.043035 0.029673 0.005196 0.014661 0.04264 0.014782 0.001261 0 0 0.002418 0.072361 0.036217 0.004705 0.001206 0.007661 8.2e-005 0.002255 0.005002 8.1e-005 0.001489 0.003189 0.000476 0.000235 0.000298 0.000342 0.00045 0.000169 0.000152 0.018372 0.003949 0 0 0 0.001527 0 0.003341 0.000939 0.028716 0.002074 0.000745 0.006719 0.016447 0.004492 6.5e-005 0 0 2.7e-005 0.001388 0.002499 0.00238 0.020123 0.007045 0.00194 0.001758 0 0.000857 7.4e-005 0.000892 0.002226 0.010486 0.006272 0.0003 0.000193
0.003563 0.019355 0.000152 5.7e-005 0 2.9e-005 2.7e-005 0.007342 0.003011 0.018834 0 0 0.014584 0.026596 0.000546 6e-005 0.013895 0.023091 0.069219 0.001449 0.001576 0 0 0.000276 0.003872 0.004947 0.000724 0 0.001802 6.8e-005 0.000395 0.00039 0.000151 0.003566 0.006893 0 0 0.007066 0.01472 0.00054 0.015383 0.000477 0.022477 0.002709 0 2.2e-005 0 0.001503 0 0 5.8e-005 0.00152 0.001096 0.011985 0.000247 1e-006 0 0 0 0 0 0.005506 0.014893 0.013884 0.020902 0.005944 0.000216 0 0.000848 0.006972 0.003595 0.006647 0.002917 0.004374 0.010642 0.00309 0
4.6e-005 1.5e-005 0 0 0 8e-006 0.0001 0.000152 0.03037 0.003072 6.1e-005 0.006251 0.000759 0.000286 0 0.002613 0.018183 0.01832 0.012351 0.02206 0.002333 0.000662 5.2e-005 0.000292 1.1e-005 0.000139 0.000273 3.9e-005 0.002863 0.002579 0.004639 0.001397 2e-006 0.004422 0.004363 0.00028 0.000361 0.028139 0.004494 0 0.000224 0.000452 0.003515 0.01232 0.000748 0 0 0 0 0 0 0 0 0.007795 0.000523 0 0 0 0 8e-005 0 0.002106 0.008512 0.063602 0.011527 0 6.8e-005 0.000657 0.000638 0.013572 0.000301 0.000606 0.010805 0.025977 0.001265 0.002525 0
0.001012 1.8e-005 0 0 0 0 0 0.00262 0.033816 0.029976 0.008842 0.014413 0.018233 0.018234 5e-005 0.021762 0.044221 0.001434 0.000651 0.007383 0.002411 0.002144 0.001214 0.001036 0.000257 0 0.000973 0.00396 0.00057 0.033782 0.057106 0.032934 0.000458 0 0 0 0.006802 0.056071 0.011602 0.021847 0.006291 0.018437 0.01088 0.019316 0.008492 0.000231 0.00011 0 0 0 0 0 4e-006 0.001514 0.002544 0.000659 5.6e-005 0.000828 0.016416 0.015608 0 0 0.011219 0.026926 0.001915 0 7.4e-005 0.006243 0.000652 0 0.005191 0.005212 0.006173 0.001937 0.008463 2.1e-005 0.000384
0 0 0 0 0 0 0 0.002043 0.007252 0.015059 0.019482 0.003385 0.001518 0.028254 0.024055 0.024089 0.00312 5.5e-005 0.003198 0.041725 0.010853 0.00433 0.000143 0.019114 0.000872 0 2.6e-005 0.000319 0.008733 0.044502 0.037312 0.011404 0.012737 0.001408 0 0 0.000701 0.051771 0.089292 0.044247 0.021421 0.012147 0.00368 0.013305 0.00475 0.000689 0.006175 3e-005 0 0 0 0 0.000363 0.020206 0.005578 7.6e-005 0.001678 0.022023 0.030637 0.035047 0.000178 5.1e-005 0.000505 0.000673 0 4.9e-005 0.000163 9.5e-005 9.5e-005 0 0.000566 0.004514 0.006073 0 0.012533 0.005485 0.029227
0.00025 0 0 0 0 0 0 0.000562 0.000366 0.016048 0.016208 0.003727 2.4e-005 0.00711 0.004819 0.001701 0.000667 0.010081 0.099686 0.035644 0.000961 0.00035 0.001363 0.001017 0.000472 0 0.002444 0.000366 0.003346 0.017451 0.001889 0.004256 0.023229 0.000328 0.00111 0.004483 0.006457 0.073387 0.030054 0.010345 0.015958 0.043199 0.001819 0.01414 0.002078 3.9e-005 0.00324 5.4e-005 0 0 0 0 0.002782 0.00596 0.003082 0.0582 0.058201 0.02598 0.002536 0.004261 0.001593 0.003401 0 0.00012 0.019497 0.014184 0.005286 0.007548 0.009224 0.000805 0 0 0 0 0 0.001626 0.008484
0.000247 0 0 0 0 0 0 7.1e-005 0.000178 0.000843 0.000645 0.000259 0.000137 0 0.002635 0.014844 0.000282 0.002927 0.001078 0.000798 0.007209 0.00079 0.003081 0.005786 7.1e-005 0.002184 0.002709 0.001263 0.002364 0.004738 0.000568 0.002125 0.002135 0.004448 0.059995 0.009757 0.000438 0.056062 0.02893 0.08904 0.124714 0.039218 0.008105 0.008264 0.024643 0.018582 0.000672 0 0 0 0 0 0.000143 0.001036 0.005734 0.059191 0.011559 0.004349 0.00069 0.00261 0.014315 0.038581 0.000251 0.008674 0.042478 0.042939 0.006604 0.005437 0.002608 0 0 0.000157 2e-006 0 0 0.001654 0.003906
0 0 0 0 0 0 0.001557 0.001312 0.000478 0 0 0.003721 8.7e-005 0.0006 0.012032 0.002158 9.6e-005 0.000249 0.00073 0.000785 0.037693 0.004632 0.014535 0.013476 0.001446 0.023435 0.013755 0.000265 0.001478 0.000246 0.007628 0.001221 0 0.002104 0.014774 0.00717 3e-005 0.003387 0.005167 0.060705 0.063194 0.048146 0.018327 0.00132 0.003845 0.006381 0.000763 0.000128 0 0 0.000111 0.000295 0.000237 0.000718 0 0.008665 0.020708 0 0.017091 0.003592 0.002831 0.004631 7e-006 0.018475 0.101341 0.023011 0.019615 0.000186 0 0 0 0.006082 0.02061 8.9e-005 0 0.003763 0.023494
9.3e-005 0 0 0 0 0 7e-005 0.003748 0.001496 0.000131 0.00242 0.001177 0.000121 0.011594 0.082777 0.011931 0.001324 0.003069 0.002505 0.00374 0.003382 0.003258 0.00172 0.000286 0.01889 0.005455 0.000169 0.000529 0.00058 0.000356 0.00119 0.000169 0 0.000204 0.007488 0.005652 4.5e-005 0.005006 0.025022 0.002297 0.000488 0.000807 0.002229 0.000708 0.011336 0.02928 0.05547 0.000433 0.002319 0.002388 0.003698 0.027139 0.001307 8e-006 0.00052 0.000678 0 0 0.000459 0.001276 0 0 0 0.000307 0.015418 0.012429 0.006637 0.000338 0 0 0 0.006156 0.021023 0 0 0.002673 0.035296
8.6e-005 0 0 0 0.001568 0 0 0.01059 0.007831 0.000778 0 0 0.000342 0.006122 0.089418 0.000634 2e-006 0 0 2e-006 0 0.011798 0.010621 4e-005 0 0 0.002691 0.001383 0.000361 0 0 0.000271 1.6e-005 0.000106 0.00058 0.000947 0.000139 0.006266 0.009707 0.040473 0.002005 0.001116 0.023198 0.004331 0.03637 0.018531 0.099351 0.002307 0.021909 0.081462 0.036159 0.003035 0.000434 0.000895 0.010961 0 0 0 0 0 0 0 0 0.000259 0.006651 0.016221 0.025128 0 9.3e-005 0.003832 0.011323 0.000172 0.000396 0.000699 0.000162 0 0
0 0.000192 0.000431 0 0 0 0 6.9e-005 0.016934 0.017626 0.00047 2.9e-005 0.024809 0.033848 0.022166 0.003855 0 0.000297 0.003043 0.001617 0.002869 0.003583 2.7e-005 0.014825 0.016089 5e-006 0.014596 0.034112 3.1e-005 0 0 0.00169 0.000949 0.001227 0.002306 0.040564 0.01639 2.1e-005 0.006008 0.022455 0.052084 0.003513 0.010615 0.000551 0.001801 0.001405 0.010102 0.003659 0.026031 0.05072 0.070679 0.034597 0.014345 0.006964 0.007776 0 0 0 0 0 0 0 0.000248 0.002959 0.011969 0.001952 0.002363 0.003764 0.007077 0.042401 0.006731 0.012566 0.004673 0.002999 0.001167 0.000274 0.000203
0.000213 0.000138 0 0 6.4e-005 0.000304 7.4e-005 0.002507 0.000681 0.001187 0.010151 0.009246 0.019316 0.002078 0.005009 0.000379 0.004981 0.000957 0.002182 0.001679 0.004458 0.000403 0.001273 0.002517 0.003335 0.004552 0.008564 0.000494 0 0 0.000166 0.002406 0.008394 0.015643 0.036451 0.004187 0.003631 0.001388 0.024003 0.000875 0.00727 0.038282 0.005297 0.006188 0.001353 0 0.000782 0.001693 0.010754 0.03691 0.046471 0.010395 0.039656 0.006218 0.000608 0 0 0.000103 0 0.00035 0 0 0.000181 0.000159 0 2.8e-005 0.000134 0.001125 0.003026 0.019125 0.011134 0.029282 0.009006 0 0.000716 0.000312 0.006539
0.001965 0.002993 0 0.000518 0.000688 0.000101 0.000849 0.006505 0 0 0.003374 0.019887 0.000589 0 0 0 0.002424 0.001096 6e-006 0.001053 0.000335 7.2e-005 0.000975 0.000359 0.000863 0.00074 0.000689 0 0 0.000402 0.018027 0.013973 0.000409 0.006851 0.018732 0.001551 0.002661 7.1e-005 0.002855 0.004396 0.017787 0.001475 0.003434 0.000456 0.001324 0.019633 0.017163 0.002881 0.001107 0.002975 0.002217 0.001475 0.010193 0.023273 0.002545 0 0.002772 0.033507 0.001534 0 0 0.001009 0.001984 0.001014 0 0 0 0.000126 0 2.2e-005 0.000154 0.001336 0.001434 0 0.003857 0.013573 0.015473
0.003002 0.013018 0.002251 0.000234 0.000167 0.002746 0.001744 0.049764 0.001979 0 0.002242 0.003098 0 0 0 0.002637 0.001346 0.005531 0 0.0002 0.00156 0.004638 0 0.001482 5.6e-005 0.00025 0.000156 0 0 0.002316 0.026514 0.007533 0 0.000351 0.00011 6e-005 0 6.7e-005 0.000441 0.002774 0.008053 0.001004 0.004125 0.000718 0.005386 0.016506 0.006009 0.006061 0.011166 0.003412 0.020021 0.001931 0.015799 0.021906 0.00923 0 0.003144 0.024957 0.003582 0.002002 0 0.001925 0.014697 0.021247 0.002462 0.006446 0.014579 0.004305 0 0 0 0 0 0.000136 0.005927 0.017129 0.063898
0.005821 0.014844 0 0.000248 0.000337 0 0.000464 0.018638 0.0028 0 0.003308 0.001562 1.7e-005 0.003591 0 6.2e-005 0.006236 5.5e-005 0.000322 0.00259 0.002132 0.000173 0 0.001975 0.005215 0.00214 7e-006 1e-006 7.9e-005 0.000521 0.001222 0.007326 0.000669 2.8e-005 0.00421 0.000232 0.003809 0.02093 0.006877 0.068087 0.047375 0.001668 0 6.2e-005 0.003096 0.008503 0.000823 0.007941 0.015552 0.000667 0.004252 0.00465 0.031132 0.011457 0.013753 0.001532 0.009214 0.000646 0 5.4e-005 0.011167 0 0.000923 0.007798 0.001446 0.008488 0.102691 0.134539 0.035085 0.153832 0.00191 0.010171 0.001117 0.005973 0.010854 0.045705 0.020035
0.000441 7.3e-005 0.00381 0.002379 0.001689 0.000162 0.007642 0.000601 0.000254 8.2e-005 0.00068 0.001956 0.005417 0.000123 0.00184 0.001601 0.007126 0.003119 0.002623 0.000119 0.000724 0 0 0.000144 0.001877 0.005792 0.009729 0.00159 0.001359 0.010494 0.00053 0.011651 0.018381 0.002865 0.017508 0.002511 0.008338 0.022394 0.055465 0.16408 0.007256 0.003128 0.001433 1.9e-005 0.001917 0.008682 0.00241 0.003912 0.001026 0.00111 0.008885 0.045614 0.002513 0.003694 0.007721 0.002209 0.006346 0.001974 0 0.00228 0.006748 0.000352 0 0 0.000886 0.004616 0.000787 0.011872 0.013474 0.010393 0.005405 0.000744 0.00189 0.003253 0.007598 0.0344 0.054977
0.0003 5.3e-005 0.003626 0.002017 0.001669 2.1e-005 0.011308 0.007715 0.004798 0.003233 0.003213 0.002799 0.010048 0.000235 0.001929 0.001089 0.001487 0.00687 0.000869 0.004691 8.7e-005 1.5e-005 8e-005 0.002804 0.003908 0.003415 0.005164 0.006426 0.004261 0.006115 0.000281 0.000857 0.006695 0.014615 0.00366 0.000119 0.000185 0.009346 0.048653 0.006546 0.011058 0.045175 0.00087 0.000165 0.001237 0.035723 0.025546 0.032056 0.006835 0.0019 0.016293 0.01897 0.026733 0.002661 0.000238 0.011501 0.082949 0.000131 0.012959 0.033049 0.001554 0 0 0 0 0.005023 0.001063 0.002691 0.003834 1.9e-005 0.002261 0.00011 0.000138 0.000298 0.001506 8.3e-005 0.002692
0.000104 0.000164 0 0.004152 0.003373 0.016894 0.062028 0.0025 0.021449 0.004929 0.00202 0.002151 0.001374 0.000104 8.9e-005 0.000241 0.013564 0.001295 9.5e-005 0.00051 1.9e-005 0.002045 0.002485 0.000562 0.001229 6e-006 0.001421 0.000577 4.2e-005 0.006529 0.004279 0.001735 0.008423 0.008941 0.000912 0.000153 0.000164 0.003366 0.000726 0.000734 0.013526 0.011148 0.012714 3.5e-005 0.011494 0.032583 0.024585 0.039421 0.01253 0.027717 0.033444 0.158338 0.026911 0.000476 0.000132 0.005121 0.016285 0.005548 0.006855 0.039788 0.086621 0.016723 0.003663 0.000167 8.7e-005 0 4.4e-005 0 0.001056 0.002693 0.006345 0.000165 0.007058 0.001762 9.2e-005 0.000564 0.008454
0.001442 0.010024 0.000513 0.002702 0.002265 0.001254 0.005756 0.000932 0.008929 0.001392 0.021312 0.002121 0.004316 0.002756 0.00657 0.007632 0.016646 0.000522 0.00134 0.000126 0.008157 0.001737 0.000234 4.6e-005 0 0 4.6e-005 0.000343 9.6e-005 0.000165 0.014623 0.002587 0.005342 0.018636 0.004214 0.00249 0.001336 0.015483 0.00217 0.000408 0.029485 0.020396 0.01795 0.000169 0.001156 0.001704 0.017579 0.033483 0.002887 0.003379 0.019063 0.004901 0.003895 0 0.000277 0.008418 0.058366 0.039876 0.014974 0.036459 0.027111 0.01452 0.004706 0.000308 0.002113 0.007419 0.000776 0.000266 0.011798 0.030593 0.00793 0.012098 0.003805 0.004688 0.005116 0.001168 0.019972
0.001397 0.017302 0.010357 0.007953 0.002854 0.000558 4.4e-005 0.000931 0.015538 0.001733 0.003095 0.041729 0.02412 0.015486 0.002562 0.001004 0.005963 0.000741 0.006359 0.001263 0.000803 0.001265 0.003872 0.003135 0 0 0 0.0003 0.00565 0.000707 4.7e-005 0.000855 0.005089 0.001565 0.001959 0.005687 0.002006 0.035816 0.001905 0 0.023364 0.034259 0.054981 0.001927 0.019628 0.000243 0.005674 0.028003 0.001317 0.004736 0.027916 0.000348 0 0.000806 0.003113 0.02646 0.061748 0.147219 0.096185 0.042138 0.076346 0.002147 0.019142 0.025079 0.024606 0.028541 0.008533 2e-006 0 0.001351 0.014143 0.010883 0.001368 0.022925 0.001965 0.000105 0.007079
0.007715 0.02237 0.01528 0.011355 0.025364 0.010887 0.000343 0.001827 0.012838 0.023416 0.013713 0.008337 0.015135 0.030074 0.002764 0.000178 0.004247 0.001364 0.007213 0.004616 5.3e-005 0.003807 0.002529 0.003971 0 0 0 0.000792 0.001183 0.00086 0.003394 0.003166 0 0.000137 0.001535 0.023976 0.021352 0.021493 0.000351 9.8e-005 0.016098 0.027031 0.006356 0.002385 0.002068 0 0.002767 0.019521 0.000525 0.001503 0.080577 0 0 0.001552 0.00103 0.021925 0.082608 0.041861 0.017737 0.066329 0.019515 0.030131 0.004254 0.005305 0.038002 0.017861 0.00331 0.000495 0.000692 0.001275 0.004111 0.014842 0.028841 0.017743 0.025674 3.8e-005 0.00175
0.014904 0.007216 0.030111 0.002924 0.037032 0.01482 0.007281 0.009644 0.014962 0.017757 0.012674 0.011791 0.003641 0.013153 0.004235 0.006021 0.003277 0.000726 0.004889 0.005923 0.000141 0.000701 0.001648 0.000232 0.000138 0 0 3.2e-005 0.001892 0.001649 0.016488 0.006834 0.000423 0.001044 0.010439 0.002949 0.002448 0.015489 0.014683 0.012098 0.012814 0.002906 0.003705 0.000602 0.000302 0 0.005047 0.113311 0.003829 0.093373 0.001799 0 0 0 0 0.049563 0.055208 0.072794 0.005488 0.016371 0.0237 0.021919 0.006746 0.00351 9.2e-005 0.018463 0.019794 0.000832 0.000517 0.002193 0.002696 0.001497 0.041212 0.016388 0.009164 0.00063 0.00379
0.001491 0.026755 0.136422 0.007305 0.016591 0.031561 0.084776 0.008541 0.012186 0.031733 0.034861 0.035137 0.001636 0.003106 0.000718 0.000843 0.000567 0.001146 8.1e-005 1.5e-005 0.000965 0.0017 0.002502 0.006886 1e-005 0 0 0 0.005139 0.002935 0.000774 0.001576 0.002926 0.004741 0.010946 0.001978 6.9e-005 0.006444 0.005594 0.032874 0.020452 0.003581 0.025791 0.002813 0.001042 0.001943 0.000368 0.001068 0.001731 0.002274 0.000536 0 0 0 0.000346 0.001081 0.015664 0.00521 0.018474 0.287844 0.24649 0.231978 0.013952 4.8e-005 0.000265 0.008048 0.021416 0.000654 0.018796 0.001557 0.002726 0.025773 0.034699 0.00957 0.002457 0.002293 0.015557
0.006749 0.019435 0.040346 0.028757 0.03336 0.135601 0.002475 0.003549 0.007858 0.010763 0.001118 0.004869 0.01252 0.000814 0 0.007241 0.0043 0.012753 0.002322 0.000134 0.004432 0.006456 0.001981 0.005733 0.000265 2.1e-005 0 0.000166 0.006254 0.002169 0.00205 0.002206 0.008058 0.00482 0.000549 0.000729 1e-005 0.000235 0.008781 0.008341 0.01166 0.003773 0.004666 0.003587 0.000272 0.001961 7e-006 3e-006 0.00338 0.007266 0.003326 0 0 5.6e-005 0 0.000836 0 0 0.000954 0.197338 0.294249 0.089217 0.002746 0.028664 0.001305 0.003586 0.000711 0.006352 0.057903 0.000181 0.002886 0.003722 0 0.000202 0.001849 0.022778 0.002846
