EnvRasters/GE_High/rapeseed.asc
ncols         270
nrows         223
xllcorner     24099.479091542
yllcorner     21023.840179216
cellsize      1003.8986847201
NODATA_value  -9999
[rows 68 to 101 of 223, columns 0 to 76 of 270]
-9999 0.000202 0.010493 0.24539 0.045867 0.008754 0.031933 0.030942 0.043367 0.056 0.186738 0.212421 0.056474 0.204223 0.09904 0.000231 0.008711 0.07177 0.018112 0.000502 0.020666 0.15684 0.087682 0.027096 0.025143 0.044936 0.051408 0.134649 0.035568 0.04738 0.015417 0.061854 0.036847 0.004587 0.041526 0.063136 0.048508 0.035787 0.018437 0.062108 0.055105 0.045241 0.026724 0.031624 0.011453 0.020475 0.001575 0.054874 0.015868 0.012117 0.026806 0.086058 0.013803 0.000467 0.006735 0.026031 0.017937 0.009039 0 0 0.013617 0.011428 0.063456 0.032818 0.00355 0.006203 0.002251 0.018443 0.024235 0.092643 0.004343 0.005517 0.094029 0.013956 0.013032 0.003489 0.00417
-9999 0.000857 0.009024 0.016904 0.065383 0.082498 0.002073 0.012983 0.165629 0.214871 0.138925 0.187049 0.007667 0.146455 0.07644 0.008047 0.000851 0.037784 0.041791 0.075733 0.01485 0.092461 0.232622 0.067171 0.102076 0.01304 0.010284 0.149089 0.02145 0.031715 0.030685 0.048659 0.066249 0.073978 0.082212 0.073881 0.04903 0.029992 0.041538 0.060537 0.039599 0.019748 0.005941 0.019023 0.045443 0.020854 0.029652 0.026151 0.002355 0.000234 0.012591 0.010868 0.026129 0.009151 0.001671 0.000579 0.000517 0 0 0 0.002887 0.011959 0.006674 0.004096 0.000242 0.001597 0.005723 0.020673 0.010063 0.004964 0.010695 0.012649 0.02156 0.026776 0.004345 0.002362 0.01661
-9999 0.00157 0.059449 0.029948 0.076315 0.049269 0.030623 0.090879 0.152349 0.074538 0.058633 0.165311 0.167148 0.094978 0.007037 0.009598 0.00757 0.065486 0.005038 0.128801 0.044638 0.00604 0.039893 0.074005 0.048686 0.009171 0.037749 0.043687 0.016733 0.017352 0.043969 0.05082 0.108361 0.059354 0.018594 0.063564 0.030839 0.035847 0.03212 0.046751 0.009458 0.000338 0.001501 0.00551 0.032299 0.048847 0.005035 0.002093 0.010492 0.00597 0.029532 0.003439 0.002887 0.010118 0.014931 0.000544 0.008012 0 0 0 0 0.006533 0.004634 0.003534 0.001229 0.001928 0.011391 0.047284 0.051876 0.00184 0.013835 0.016338 0.004788 0.014192 0.02712 0.011269 0.003442
-9999 0.129092 0.093399 0.12701 0.03192 0.021779 0.095302 0.121462 0.113561 0.004339 8.4e-005 0.00423 0.017184 0.020627 0.010827 0.013894 0.001026 0.017519 0.008744 0.008602 0.01395 0.00019 0.020567 0.148157 0.120352 0.036381 0.008488 0.015366 0.01713 0.012126 0.027502 0.029694 0.05181 0.026893 0.011495 0.030963 0.016863 0.014427 0.02188 0.01225 0.040151 0.030913 0.007647 0.008837 0.033581 0.028186 0.012594 0.00085 0.002099 0.01684 0.003266 8.4e-005 0.012995 0.010641 0.031654 0.014879 0.015085 0.0011 0.001272 0.000882 0.01031 0.001055 0.017364 0.011233 0.008829 0.018802 0.004364 0.036954 0.073741 0.016272 0.013116 0.000131 0 0.000518 0.018702 0.021216 0.026296
-9999 0.020887 0.036679 0.143963 0.071202 0.043366 0.066545 0.015463 0.150149 0.006012 0.003729 0.023842 0.008816 0.052691 0.137673 0.263401 0.088627 0.02217 0.007421 0.006472 0 0 0.003779 0.052528 0.021765 0.004093 0.002353 0.004457 0.001916 0.015017 0.052861 0.026905 0.181816 0.06903 0.082146 0.036895 0.009752 0.00486 0.001309 0.011932 0.065378 0.034091 0.014842 0.010001 0.003761 0.01193 0.003187 0.000182 0.000136 0.000425 0.000762 0 0.001195 0.008306 0.001028 0.000697 0.001652 0.00368 0.036908 0.012734 0.027253 0.013213 0.017279 0.008817 0.003057 0.018808 0.079494 0.024184 0.00459 0.017737 0.008542 0.000276 0 4.1e-005 0.000512 0.015408 0.010343
-9999 -9999 0.019858 0.193032 0.138658 0.064111 0.057947 0.077747 0.109117 0.128391 0.184348 0.151393 0.213293 0.103613 0.100994 0.172916 0.187077 0.164788 0.084045 0.039376 0.000244 0.000334 0.020901 0.055112 0.011922 0.066946 0.035986 0.055227 0.025697 0.00071 0.010588 0.019372 0.033992 0.024827 0.01577 0.032473 0.013218 0.021705 0.011132 0.062392 0.007101 0.01596 0.003053 0.008248 0.00057 0.002739 0.011923 0.002631 0.000531 0.005209 0 0.000556 0.004414 0.004893 0.000163 0.001173 0.019163 0.010021 0.004622 0.002277 0.014766 0.049951 0.003891 0.006408 0.000696 0.015079 0.019975 0.000618 0.037267 0.064663 0.002407 0 0.000241 0.000917 0.024047 0.012226 0.003287
-9999 -9999 0 0.220421 0.174354 0.12307 0.149989 0.037586 0.166782 0.127344 0.148396 0.1367 0.218455 0.157576 0.162742 0.213567 0.061696 0.035976 0.066308 0.032296 0.028386 0.024082 0.065651 0.024749 0.011419 0.031982 0.050997 0.037658 0.006391 0.000572 0.001025 0.020136 0.032789 0.016782 0.006277 0.019783 0.020966 0.005609 0.046402 0.153887 0.035041 0.007386 0.029516 0.004324 0.000951 0.000699 0.00158 0.000135 0.002088 0.000738 0.000603 0 0.009627 0.000923 3e-005 0.000597 0.001576 0.000943 0.003471 0.005184 0.030405 0.057872 0.006825 0.011154 0.014254 0.007167 0.00599 0 0.005369 0.014402 0 0 0.00017 0.008227 0.008037 0.008065 0.018401
-9999 -9999 -9999 0.04072 0.030611 0.072233 0.040596 0.003643 0.02929 0.066824 0.043821 0.100359 0.02841 0.159645 0.093362 0.233008 0.079167 0.017901 0.009249 0.01198 0.024071 0.044391 0.019215 0.027462 0.011742 0.024006 0.013483 0.057443 0.007547 0.005942 0.004188 0.042071 0.024945 0.029264 0.013364 0.035252 0.136882 0.053775 0.105453 0.049123 0.096324 0.000861 0.016434 0.00347 0.000435 0.000698 0.001334 0 0 0.000314 0.006324 0.001616 0.000666 0.010507 0.001638 0.00033 0.002103 0.045146 0.027295 0.02892 0.032705 0.006091 0 0.010795 0.003002 0.016058 0.000375 0 0.00078 0.001193 0 0 0.00378 0.004944 0.002437 8.1e-005 0.00454
-9999 -9999 -9999 0 0.000953 0.000949 0.00042 7.3e-005 0.016223 0.02486 0.0145 0.00514 0.047494 0.10853 0.146728 0.059301 0.068519 0.040828 0.002971 0.010542 0.004385 0.067587 0.016688 0.000809 0.00373 0.066205 0.044177 0.014446 0.042607 0.029911 0.021076 0.009149 0.049963 0.01245 0.018062 0.027395 0.018363 0.026938 0.037663 0.070447 0.028703 0 0.003011 0.000604 0.008375 0.007646 0.003704 0.000457 0 0.000722 0.019105 0.0354 0.002996 0 0.00104 0.000574 0.017907 0.106306 0.032648 0.006723 0.022799 0.004074 0 0.002716 0.071382 0.073685 0.000708 0 0.00373 0.001912 0.004975 0.002314 0.004885 0.002575 0.002895 0.000919 0.006038
-9999 -9999 -9999 -9999 -9999 -9999 -9999 -9999 -9999 0.006416 0.091381 0.016095 0.015006 0.066926 0.100805 0.023223 0.021193 0.000767 0.012517 0.020919 0.015573 0.011534 0.097551 0.019067 0.003032 0.051828 0.013807 0.031025 0.012836 0.000931 0.009655 0.007282 0.063901 0.026889 0.005009 0.002316 0.008858 0.000969 0.005238 0.061331 0.010179 0 0.000711 0.017828 0.00653 0.004364 0.002122 0.001213 0.000489 0.005104 0.040347 0.065542 0.003199 0.002707 0.009019 0.048827 0.041443 0.122893 0.01769 0.00263 0.001435 0.004332 0 0.000163 0.02093 0.109903 0.021677 0.016065 0.079454 0.007292 0.010374 0.006124 0.004713 2.6e-005 0.012993 0.009567 0.007683
-9999 -9999 -9999 -9999 -9999 -9999 -9999 -9999 -9999 0.000169 0.001608 0.019997 0.015621 0.014668 0.025488 0.092647 0.075142 0.094522 0.027173 0.100424 0.033326 0.002902 0.015713 0.018147 0.060728 0.072491 0.00696 0.048984 0.003646 0.003378 0.033336 0.05427 0.031722 0.07152 0.03799 0.020893 2.2e-005 0 0.000286 0.005627 0.012447 0.000402 0.002326 0.025386 0.01519 0.043021 0.000771 0.007881 0.006589 0.002126 0.114705 0.144844 0.010567 0.053652 0.04413 0.067079 0.086072 0.213814 0.140526 0.077248 0.038679 0.018717 0.000368 0.000215 0.000671 0.008622 0.078031 0.182285 0.135751 0.014402 0.007281 0.010651 0.024569 0.000921 0.055821 0.081816 0.003703
-9999 -9999 -9999 -9999 -9999 -9999 -9999 -9999 -9999 -9999 0.000152 0.014393 0.033781 0.020911 0.009838 0.072229 0.03583 0.07043 0.170239 0.040617 0.007794 0.041165 0.028738 0.05498 0.012797 0.01232 0.001606 0.034234 0.018769 0.01103 0.02147 0.053591 0.024157 0.07225 0.074101 0.018578 3.6e-005 0 0.00081 0.00521 7.1e-005 0.011214 0.001045 0.003199 0.054989 0.016852 0.004295 0.019513 0.070178 0.071061 0.106685 0.047656 0.027329 0.040167 0.083804 0.0833 0.17488 0.179485 0.244747 0.181366 0.132794 0.091613 0.018006 0.011398 0.000255 0.004796 0.052812 0.030907 0.003559 0.00018 0.003658 0.003412 0.002025 0.001275 0.029133 0.00258 0.000596
-9999 -9999 -9999 -9999 -9999 -9999 -9999 -9999 -9999 -9999 0 0.013379 0.077173 0.080977 0.002783 0.004905 0.0043 0.048886 0.183721 0.055966 4.3e-005 0.039761 0.04164 0.066869 0.237239 0.145332 0.021397 0.01348 0.005698 0.005122 0.004116 0.000388 0 0.007756 0.002327 0.041379 0.014984 -9999 -9999 0 0.000436 0.022913 0.010978 0.008909 0.007195 0.016605 0.026883 0.029195 0.038978 0.060938 0.082507 0.054388 0.017757 0.016321 0.034447 0.041402 0.046605 0.076918 0.075676 0.072525 0.053663 0.004217 0.005361 0.001803 0.00034 0.005436 0.002067 0.000272 0.015891 0.00881 0.002464 0.001083 0.001301 0.001618 0.002453 0.00176 0.002037
-9999 -9999 -9999 -9999 -9999 -9999 -9999 -9999 -9999 -9999 -9999 -9999 0.05429 0.04232 0.011134 0.038353 0.002777 0.138887 0.110243 0.035391 0.054339 0.025934 0.029389 0.034112 0.312438 0.094228 0.046742 0.054914 0.033699 0.000886 0.000404 0.000454 -9999 -9999 0.000105 0.000307 -9999 -9999 -9999 -9999 0.012565 0.01265 0.014398 0.058182 0.009808 0.0083 0.015319 0.008846 0.003046 0.012636 0.01801 0.062968 0.003997 0.005243 0.079667 0.104274 0.042504 0.061122 0.027493 0.007148 0.001228 0 0.00464 0.000108 0.00081 0.004505 0.00216 0.0085 0.013687 0.000658 0 0 0.000732 0.000892 0.005515 0.005956 0.001323
-9999 -9999 -9999 -9999 -9999 -9999 -9999 -9999 -9999 -9999 -9999 -9999 0.012247 0.024858 0.020321 0.046821 0.059048 0.282785 0.157457 0.063514 0.152143 0.028797 0.192296 0.090899 0.045999 0.050298 0.080004 0.098674 0.016541 0 -9999 -9999 -9999 -9999 -9999 -9999 -9999 -9999 -9999 -9999 5.2e-005 0.005315 0.066795 0.008648 0.000805 0.017948 0.036007 0.003773 0.05498 0.103687 0.036306 0.099983 0.118143 0.190913 0.230124 0.218597 0.009923 0.07408 0.093298 0.036963 0.002248 0.003175 0.011641 0.000467 0.002061 0.001305 0.000582 0.003708 0.001949 0.002131 0.000424 0.001146 0.002693 0.002057 0.00087 0.005297 0.001578
-9999 -9999 -9999 -9999 -9999 -9999 -9999 -9999 -9999 -9999 -9999 -9999 -9999 0.007351 0.063658 0.077824 0.009296 0.072873 0.076101 0.002758 0.002156 0.155357 0.156725 0.050477 0.000893 0.002843 0.025503 0.013424 -9999 -9999 -9999 -9999 -9999 -9999 -9999 -9999 -9999 -9999 -9999 -9999 -9999 0.002349 0.000959 0.005296 0.000358 0.002539 0.000167 0.006518 0.023019 0.094112 0.053755 0.18151 0.20619 0.154821 0.080629 0.149269 0.093958 0.217093 0.200104 0.028435 0.005094 0.008836 0.009749 0.000709 0.006578 0.005706 0.013318 0.002775 0.004458 0.000584 2e-006 0 0.001124 0.000257 0.009861 0.010981 0.001852
-9999 -9999 -9999 -9999 -9999 -9999 -9999 -9999 -9999 -9999 -9999 -9999 -9999 0.002897 0.012221 0.001872 0.001863 0.050288 0.036192 0.001063 0.001485 0.030124 0.026896 0.002345 0.000318 1.9e-005 -9999 -9999 -9999 -9999 -9999 -9999 -9999 -9999 -9999 -9999 -9999 -9999 -9999 -9999 -9999 0 0 8e-006 0 7.1e-005 0.000364 0.001855 0.021765 0.021927 0.04469 0.066014 0.177673 0.077599 0.004675 0.083471 0.087262 0.113789 0.137612 0.018483 0.017118 0.018354 0.004045 0.041709 0.126495 0.063941 0.076888 0.071346 0.012168 0.009757 8.5e-005 0 0 0 0.000198 0.001316 0.001456
-9999 -9999 -9999 -9999 -9999 -9999 -9999 -9999 -9999 -9999 -9999 -9999 -9999 0 0.001461 0.028399 0.076689 0.002859 0.021831 0.011817 0.02784 0.012819 0.002755 0 0 0 -9999 -9999 -9999 -9999 -9999 -9999 -9999 -9999 -9999 -9999 -9999 -9999 -9999 -9999 -9999 -9999 6e-006 0 0.000496 0 0.000585 0.003985 0.018292 0.024671 0.009267 0.106571 0.115061 0.119659 0.076044 0.093767 0.083609 0.07391 0.093191 0.020056 0.016821 0.093928 0.048532 0.018082 0.023143 0.010304 0.018812 0.026186 0.017245 0.007111 0.001536 0.000103 0.0001 0.000147 0.001734 0.001355 0.005655
-9999 -9999 -9999 -9999 -9999 -9999 -9999 -9999 -9999 -9999 -9999 -9999 -9999 -9999 0.00074 0.060019 0.029853 0.016243 0.022446 0.002247 0.004786 0.0063 0.004974 0.000231 0 -9999 -9999 -9999 -9999 -9999 -9999 -9999 -9999 -9999 -9999 -9999 -9999 -9999 -9999 -9999 -9999 -9999 7e-006 0.000742 0.005655 0.001539 0.004236 0.02584 0.022189 0.033478 0.001016 0.006772 0.088609 0.153198 0.17485 0.020215 0.004106 0.104867 0.114922 0.015453 0.002598 0.020379 0.046709 0.100493 0.067769 0.075247 0.030981 0.043952 0.015316 0.011498 0.002992 0.005106 0.005032 0.000153 0.001116 0.003315 0.002015
-9999 -9999 -9999 -9999 -9999 -9999 -9999 -9999 -9999 -9999 -9999 -9999 -9999 -9999 -9999 0.001814 0.00155 -9999 0 0.004486 0.080391 0.017304 0.000922 0.002609 0 -9999 -9999 -9999 -9999 -9999 -9999 -9999 -9999 -9999 -9999 -9999 -9999 -9999 -9999 -9999 -9999 -9999 0.000157 0.001579 0.013402 0.046077 0.031034 0.016895 0.049781 0.013337 0.008462 0.032515 0.146683 0.06458 0.011417 0.001448 0.064142 0.157585 0.261282 0.251415 0.047391 0.113321 0.082474 0.074575 0.029542 0.072521 0.110093 0.082119 0.032484 0.001788 0.001261 0.00174 0.000797 2.4e-005 0.005158 0.007554 0.000388
-9999 -9999 -9999 -9999 -9999 -9999 -9999 -9999 -9999 -9999 -9999 -9999 -9999 -9999 -9999 -9999 -9999 -9999 -9999 0.000633 0.008457 0.013529 0.022301 0.000132 -9999 -9999 -9999 -9999 -9999 -9999 -9999 -9999 -9999 -9999 -9999 -9999 -9999 -9999 -9999 -9999 -9999 -9999 -9999 9e-006 0.00717 0.029254 9.9e-005 0.00911 0.006457 0.02331 0.113867 0.029499 0.051721 0.249537 0.243093 0.124627 0.21443 0.468047 0.138064 0.118498 0.119177 0.055753 0.06968 0.071436 0.058516 0.013073 0.171963 0.267651 0.025087 0.002003 0.003902 0.019627 0.003233 0.005652 0.000675 0.002158 0.001203
-9999 -9999 -9999 -9999 -9999 -9999 -9999 -9999 -9999 -9999 -9999 -9999 -9999 -9999 -9999 -9999 -9999 -9999 -9999 -9999 -9999 0.001747 0.002894 -9999 -9999 -9999 -9999 -9999 -9999 -9999 -9999 -9999 -9999 -9999 -9999 -9999 -9999 -9999 -9999 -9999 -9999 -9999 -9999 -9999 -9999 -9999 0 0.001099 0.004239 0.023445 0.022425 0.094855 0.229348 0.029439 0.032888 0.093041 0.460209 0.582432 0.043815 0.195965 0.144451 0.224271 0.097667 0.050984 0.246106 0.065594 0.078142 0.144098 0.10823 0.028357 0.005418 0.015529 0.002818 0.009105 0.000318 0.021552 0.002899
-9999 -9999 -9999 -9999 -9999 -9999 -9999 -9999 -9999 -9999 -9999 -9999 -9999 -9999 -9999 -9999 -9999 -9999 -9999 -9999 -9999 -9999 -9999 -9999 -9999 -9999 -9999 -9999 -9999 -9999 -9999 -9999 -9999 -9999 -9999 -9999 -9999 -9999 -9999 -9999 -9999 -9999 -9999 -9999 -9999 -9999 0.001981 0.031084 0.103215 0.247981 0.099203 0.137067 0.175946 0.169435 0.101346 0.048224 0.405951 0.309629 0.13904 0.110974 0.010942 0.098767 0.147427 0.02741 0.259021 0.164893 0.063277 0.060431 0.152357 0.122636 0.019326 0.010575 0.014141 0.008674 0.000358 0.009981 0.004336
-9999 -9999 -9999 -9999 -9999 -9999 -9999 -9999 -9999 -9999 -9999 -9999 -9999 -9999 -9999 -9999 -9999 -9999 -9999 -9999 -9999 -9999 -9999 -9999 -9999 -9999 -9999 -9999 -9999 -9999 -9999 -9999 -9999 -9999 -9999 -9999 -9999 -9999 -9999 -9999 -9999 -9999 -9999 -9999 -9999 -9999 0.000172 0.045778 0.226471 0.183588 0.034245 0.02546 0.047168 0.204202 0.122184 0.158956 0.228454 0.257302 0.087657 0.042966 0.045264 0.221843 0.069965 0.01239 0.018536 0.116668 0.055515 0.045637 0.008397 0.044727 0.008936 0.003022 0.008408 0.003269 0.015749 0.013553 0.014164
-9999 -9999 -9999 -9999 -9999 -9999 -9999 -9999 -9999 -9999 -9999 -9999 -9999 -9999 -9999 -9999 -9999 -9999 -9999 -9999 -9999 -9999 -9999 -9999 -9999 -9999 -9999 -9999 -9999 -9999 -9999 -9999 -9999 -9999 -9999 -9999 -9999 -9999 -9999 -9999 -9999 -9999 -9999 -9999 -9999 -9999 0.009675 0.030378 0.365358 0.205286 0.041718 0.039459 0.047473 0.118436 0.120648 0.129542 0.115923 0.072396 0.053316 0.010198 0.08914 0.028143 0.03545 0.05286 0.049768 0.251309 0.084344 0.066769 0.069379 0.109081 0.015096 0.0052 0.038534 0.04064 0.011815 0.003849 0.010172
-9999 -9999 -9999 -9999 -9999 -9999 -9999 -9999 -9999 -9999 -9999 -9999 -9999 -9999 -9999 -9999 -9999 -9999 -9999 -9999 -9999 -9999 -9999 -9999 -9999 -9999 -9999 -9999 -9999 -9999 -9999 -9999 -9999 -9999 -9999 -9999 -9999 -9999 -9999 -9999 -9999 -9999 -9999 -9999 -9999 0.00242 0.10359 0.041719 0.117821 0.242406 0.206314 0.060452 0.028908 0.117036 0.209429 0.078748 0.175512 0.168043 0.033941 0.048475 0.02025 0.006626 0.028039 0.027981 0.125636 0.085447 0.028271 0.005552 0.149139 0.300336 0.020463 0.010124 0.009749 0.057592 0.007587 0.003752 0.007875
-9999 -9999 -9999 -9999 -9999 -9999 -9999 -9999 -9999 -9999 -9999 -9999 -9999 -9999 -9999 -9999 -9999 -9999 -9999 -9999 -9999 -9999 -9999 -9999 -9999 -9999 -9999 -9999 -9999 -9999 -9999 -9999 -9999 -9999 -9999 -9999 -9999 -9999 -9999 -9999 -9999 -9999 -9999 -9999 -9999 0.000241 0.046488 0.160789 0.094153 0.161063 0.02515 0.015002 0.060217 0.322162 0.053127 0.11384 0.01994 0.043689 0.052841 0.013739 0.0245 0.075069 0.101524 0.060102 0.059125 0.075149 0.173171 0.021451 0.010819 0.020248 0.013372 0.021303 0.058549 0.081737 0.004915 0.000589 0.008791
-9999 -9999 -9999 -9999 -9999 -9999 -9999 -9999 -9999 -9999 -9999 -9999 -9999 -9999 -9999 -9999 -9999 -9999 -9999 -9999 -9999 -9999 -9999 -9999 -9999 -9999 -9999 -9999 -9999 -9999 -9999 -9999 -9999 -9999 -9999 -9999 -9999 -9999 -9999 -9999 -9999 -9999 -9999 -9999 -9999 -9999 0.034254 0.081629 0.01082 0.071308 0.058506 0.008117 0.031065 0.106711 0.108992 0.214291 0.058486 0.096269 0.060841 0.00372 0.034994 0.318911 0.199492 0.022355 0.014386 0.210058 0.261469 0.292768 0.006522 0.014994 8.6e-005 0.061947 0.042715 0.035973 0.00881 0.004199 0.021269
-9999 -9999 -9999 -9999 -9999 -9999 -9999 -9999 -9999 -9999 -9999 -9999 -9999 -9999 -9999 -9999 -9999 -9999 -9999 -9999 -9999 -9999 -9999 -9999 -9999 -9999 -9999 -9999 -9999 -9999 -9999 -9999 -9999 -9999 -9999 -9999 -9999 -9999 -9999 -9999 -9999 -9999 -9999 -9999 -9999 -9999 0.096108 0.008425 0.039111 0.002855 0.00337 0.014745 0.009449 0.03231 0.021521 0.027551 0.11962 0.169923 0.021973 0.07574 0.077069 0.16716 0.026809 0.03327 0.036591 0.3124 0.188837 0.282674 0.035631 0.000779 0.002703 0.108024 0.158596 0.090276 0.012332 0.050308 0.060641
-9999 -9999 -9999 -9999 -9999 -9999 -9999 -9999 -9999 -9999 -9999 -9999 -9999 -9999 -9999 -9999 -9999 -9999 -9999 -9999 -9999 -9999 -9999 -9999 -9999 -9999 -9999 -9999 -9999 -9999 -9999 -9999 -9999 -9999 -9999 -9999 -9999 -9999 -9999 -9999 -9999 -9999 -9999 -9999 -9999 -9999 0.001927 0.01241 0.078626 0.011993 0.022644 0.012971 0.003771 0.012241 0.001496 0.001255 0.001029 0.009857 0.074477 0.271531 0.054445 0.029383 0.028541 0.010912 0.035225 0.064499 0.107569 0.071275 0.07062 0.036093 0.002435 0.006923 0.030492 0.119553 0.083298 0.005645 0.077259
-9999 -9999 -9999 -9999 -9999 -9999 -9999 -9999 -9999 -9999 -9999 -9999 -9999 -9999 -9999 -9999 -9999 -9999 -9999 -9999 -9999 -9999 -9999 -9999 -9999 -9999 -9999 -9999 -9999 -9999 -9999 -9999 -9999 -9999 -9999 -9999 -9999 -9999 -9999 -9999 -9999 -9999 -9999 -9999 -9999 -9999 0.002752 0.044958 0.061136 0.019021 0.033343 0.007839 0.007613 0.044238 0.000598 0.001286 0.000309 0.034095 0.047894 0.054846 0.05661 0.057877 0.011915 0.002716 0.015424 0.2398 0.057762 0.141763 0.263089 0.100383 0.014367 0.00096 0.001212 0.020336 0.100719 0.084401 0.060727
-9999 -9999 -9999 -9999 -9999 -9999 -9999 -9999 -9999 -9999 -9999 -9999 -9999 -9999 -9999 -9999 -9999 -9999 -9999 -9999 -9999 -9999 -9999 -9999 -9999 -9999 -9999 -9999 -9999 -9999 -9999 -9999 -9999 -9999 -9999 -9999 -9999 -9999 -9999 -9999 -9999 -9999 -9999 -9999 -9999 -9999 -9999 0.000646 0.017457 0.026111 0.008811 0.027116 0.006691 0.006725 0.019422 0.000201 0 0 0.026225 0.115748 0.118731 0.045031 0.000548 0.01645 0.095865 0.150087 0.013745 0.094433 0.10925 0.021793 0.011613 0.089468 0.040132 0.003989 0.030477 0.026843 0.001648
-9999 -9999 -9999 -9999 -9999 -9999 -9999 -9999 -9999 -9999 -9999 -9999 -9999 -9999 -9999 -9999 -9999 -9999 -9999 -9999 -9999 -9999 -9999 -9999 -9999 -9999 -9999 -9999 -9999 -9999 -9999 -9999 -9999 -9999 -9999 -9999 -9999 -9999 -9999 -9999 -9999 -9999 -9999 -9999 -9999 -9999 -9999 -9999 0.0198 0.022413 0.099572 0.01092 0.041975 0.174104 0.091889 0.005303 0.001895 0.002758 0.009637 0.016679 0.000928 0.00991 0.00436 0.011688 0.026827 0.11618 0.022548 0.001567 0.006442 0.208007 0.026293 0.018564 0.000606 0.001036 0.000564 0.004872 0
-9999 -9999 -9999 -9999 -9999 -9999 -9999 -9999 -9999 -9999 -9999 -9999 -9999 -9999 -9999 -9999 -9999 -9999 -9999 -9999 -9999 -9999 -9999 -9999 -9999 -9999 -9999 -9999 -9999 -9999 -9999 -9999 -9999 -9999 -9999 -9999 -9999 -9999 -9999 -9999 -9999 -9999 -9999 -9999 -9999 -9999 -9999 -9999 0.014285 0.160288 0.073866 0.1076 0.218984 0.041128 0.054532 0.127862 0.056567 0.184563 0.035511 0.001808 0 0.003031 0.058219 0.005471 0 0.001653 0.006573 0.025083 0.005828 0.028109 0.036492 0.003359 0.000625 0.006262 0.001877 0.020424 0.008557
