EnvRasters/GE_High/resdntl.asc
ncols         270
nrows         223
xllcorner     24099.479091542
yllcorner     21023.840179216
cellsize      1003.8986847201
NODATA_value  -9999
[rows 29 to 57 of 223, columns 134 to 200 of 270]
0.7365915 0.6691738 0.5506744 0.3567137 0.2217502 0.7447065 0.518171 0.3364497 0.6207308 0.5304768 0.3695574 0.1102914 0.01992996 0 0.1028 0.05846022 0.05449322 0 0 0.03985991 0.01992996 0.03852018 0.2986614 0.5002188 0.04495111 0.006666632 0.02978522 0.2807833 0.6066303 0.1547876 0.03458326 0.1068659 0.1581282 0.678694 0.4373421 0.2504988 0.1183767 0 0.01517447 0.0847683 0.1520794 0.05104205 0.2218286 0.5642043 0.2589172 0.2200201 0.04782014 0 0.02989493 0 0 0 0 0 0 0 0.0586262 0.5104032 0.4486454 0.2368741 0.03874094 0.05777756 0.2592456 0 0.04288745 0.4300157 0.4049614
0.1277551 0.04160831 0.3267105 0.3199509 0.7144133 0.7799765 0.889946 0.3401128 0.1844429 0.2434625 0.7592053 0.3733363 0.03219847 0.111309 0.08292654 0.1609931 0.07294454 0.009964978 0 0 0 0.1258498 0.2851854 0.6015269 0.1199197 0.02555526 0.08667835 0.2696867 0.3716081 0.05976755 0.02795546 0.01992996 0.5037469 0.692436 0.4021353 0.13628 0.02989493 0 0 0.02989493 0.1324898 0.2235506 0.5013769 0.7245908 0.4881451 0.6125821 0.3335677 0.06975485 0.02989493 0.009964978 0.03891249 0.1497009 0.1564735 0.0001132731 0.0914752 0.1953802 0.6862065 0.7329189 0.5553441 0.5496668 0.8472755 0.543319 0.1432528 0.119867 0.06887034 0.4830564 0.2270046
0.1622904 0.5281355 0.342127 0.2491856 0.7264353 0.6677664 0.6390877 0.181687 0.06790388 0.03588686 0.06894922 0.02407791 0.0998444 0.1818937 0.2053961 0.1045611 0.009964978 0.01992996 0.03047461 0.05482397 0.009607789 0.03641046 0.4038998 0.6161587 0.4972175 0.08282433 0.002078048 0.1415798 0.1960415 0.3848725 0.3379198 0.01600377 0.04606744 0.3733866 0.04274694 0 0 0.0004188382 0 0.01579108 0.05937988 0.08245438 0 0.1042788 0.1044581 0.03240808 0 0.009964978 0 0 0.009381888 0.1169174 0.2029869 0.230678 0.2988548 0.6185133 0.825739 0.8099914 0.878717 0.5660022 0.2514769 0.3848022 0.2082934 0.3122343 0.2965451 0.6645714 0.9055133
0.126171 0.4046341 0.1498399 0.3533816 0.2153103 0.3274053 0.2253946 0.1037529 0.0866511 0.119206 0.0857434 0.2390635 0.6220411 0.1885435 0.5487779 0.05963069 0.00912988 0.0008350982 0.1854519 0.06583201 0.1793339 0.08963858 0.04471181 0.2221131 0.225738 0.009964978 0.09735098 0.1752637 0.0793253 0.6861543 0.2717295 0.1412009 0.03591447 0.03717453 0 0.0009336995 0.05580183 0.04415462 0.01992493 0.07971983 0.04380699 0.3775906 0.2454737 0.2573423 0 0.008348319 0 0 0 0.4559318 0.2429843 0.09293024 0.04022333 0.188547 0.02174307 0.3165251 0.5836405 0.5863853 0.206185 0.06855009 0.08779567 0.0830299 0.06671809 0.204785 0.4547068 0.5403594 0.6955667
0.2742648 0.1445365 0.07413758 0.1625639 0.09198628 0.1609648 0.4863216 0.7902272 0.3181685 0.01660198 0.0859615 0.611308 0.2284999 0.161766 0.2612112 0.1385503 0.06027929 0.09914627 0.4937972 0.3788267 0.01490077 0.08323776 0.151287 0.04982489 0.0138598 0.05554549 0.05434992 0 0.1136781 0.3339756 0.250773 0 0.03328652 0.01059928 0.0950738 0.2895766 0.08330223 0.01583303 0.0541783 0 0 0.03024384 0.1571275 0.4603957 0.538618 0.3810965 0.1248009 0.05365279 0.3535338 0.509624 0.01246662 0.0903898 0.03001331 0.01591771 0.02808183 0 0.05574066 0.5195982 0 0 0 0.09341078 0.4035706 0.2326012 0.5559434 0.6893728 0.2728762
0.391981 0.4498997 0.7195598 0.1774808 0.08213213 0.1237487 0.1270263 0.05540572 0.003105605 0.02353024 0.3275923 0.3067906 0.09513589 0.02660374 0.1090387 0.8078694 0.2607582 0.07022186 0.5505351 0.7697384 0.5548691 0.01883034 0.01463485 0.1767254 0.1359712 0.0539312 0.1395097 0 0.207779 0.2348934 0.01992996 0.05978987 0.104902 0.1645173 0.4649462 0.05886179 0.05978987 0.09485216 0.06559123 0.08940461 0.1032181 0.2627904 0.6217811 0.4407634 0.5504955 0.5756198 0.1009738 0.2281679 0.310189 0.2039656 0.05100746 0.1924787 0.0002119755 0.003440182 0 0 0.1581341 0.2527041 0 0 0.02304073 0.201401 0.05478407 0.4103923 0.3936012 0.407904 0.4014962
0.748843 0.3255927 0.7092959 0.6054465 0.3404554 0.3141951 0.05177775 0.07068139 0.02818366 0.06984087 0.2802436 0.1226242 0.05430174 0.4605791 0.2221032 0.5149561 0.7247368 0.4457279 0.03943695 0.1587209 0.0634862 0.04060899 0.1289456 0.4895534 0.2322778 0.2208552 0.009964978 0.1190462 0.1120687 0.1653118 0.1059391 0.01556762 0.05463974 0.0955874 0.1043807 0.1007748 0.07696925 0.4346483 0.5798374 0.2837984 0.3846449 0.3056204 0.4209989 0.7372609 0.4928192 0.5122885 0.2268626 0.2814952 0.3185442 0.4096294 0.7420043 0.6260848 0.2218323 0.06873638 0.02586045 0 0 0.009964978 0 0 0.01992996 0.01992996 0.1575007 0.673267 0.1739815 0.08023597 0.1140699
0.2303383 0.1634097 0.1170913 0.2503213 0.4650363 0.5265506 0.3014397 0.5548316 0.2842577 0.2402576 0.4141398 0.2724303 0.01992996 0.135171 0.08045297 0.171752 0.2186744 0.4769865 0.009964978 0.009964978 0.03994977 0.04076026 0.09638514 0.2514887 0.3942016 0.1309085 0.09964979 0.0940508 0.26583 0.3158745 0.1158836 0.03995341 0.174784 0.137184 0.4687188 0.1277367 0.1462668 0.5030063 0.08340728 0.1932065 0.4229554 0.5063564 0.7860879 0.5788274 0.2608135 0.06385984 0.06107818 0.1855691 0.3298025 0.2693177 0.2767943 0.3679918 0.2314996 0.2523137 0.2737894 0.2232778 0.09964979 0 0 0 0 0 0.02411782 0.4173343 0.2228252 0.02011973 0.1392587
0.1506417 0.264733 0.6266708 0.2548898 0.1544599 0.1526572 0.2895568 0.5106829 0.2585833 0.09519997 0.03212477 0.04474419 0.03415464 0.006839087 0.006552822 0.1680198 0.131081 0.5036378 0.1707056 0.0436171 0.2978436 0.031406 0.4181329 0.6426232 0.6356537 0.336791 0.06670178 0.1587801 0.6194516 0.2135331 0.1136626 0.1832702 0.2265247 0.5112663 0.8329988 0.4341916 0.2388635 0.1874253 0.03289051 0.3019936 0.2300977 0.4255562 0.2266321 0.4225478 0.3471441 0.4913023 0.5322004 0.8000385 0.6103744 0.5156568 0.1968015 0 0 0.04534219 0.1902467 0.2991101 0 0 0 0 0 0 0.0180435 0.03560996 0.0724761 0.003271548 0.3180943
0.6041814 0.5193189 0.1387176 0.04160691 0.0664497 0.06942856 0.1272798 0.309578 0.2855065 0.04026834 0.2723612 0.6213209 0.5270563 0.6748132 0.7861993 0.674662 0.4301153 0.4905819 0.2710619 0.0269454 0.05825727 0.1166598 0.3737087 0.4361841 0.3060315 0.1496222 0.07682981 0.4603275 0.7427428 0.3865837 0.2775615 0.4368817 0.1787863 0.4613305 0.6734522 0.7020272 0.6526038 0.270446 0.1245619 0.3752559 0.3853016 0.2703078 0.1056624 0.1902811 0.1237976 0.2503839 0.5248047 0.5999507 0.5576864 0.2486866 0.06463782 0 0.1234186 0.2893081 0.4765711 0.2816562 0.0500947 0.02329884 0.0451998 0.006291771 0.106552 0.1027125 0.1607456 0.3846963 0.075164 0.02002843 0.08391004
0.2961349 0.5452538 0.2432459 0.01038999 0.1302774 0.1827379 0.4493043 0.2779723 0.1218862 0.1658526 0.09730106 0.6322874 0.830291 0.4337049 0.1263473 0.02840765 0.09672071 0.1398084 0.207129 0.05751107 0.06184472 0.04285587 0.2597673 0.2411441 0.123342 0.03890758 0.0588263 0.3394501 0.6014452 0.229774 0.03610933 0.1742582 0.04982489 0.247253 0.7098097 0.6749991 0.393091 0.07804663 0.0800937 0.04752504 0.02301069 0 0.08548138 0.2792464 0.05007717 0.1415049 0.33826 0.4051014 0.1150204 0.1452689 0.08038926 0.119806 0.117849 0.1473785 0.1204539 0.009964978 0.07398161 0.009964978 0.004929414 0.009964978 0.004359933 0.1736468 0.5635944 0.5281086 0.229745 0.01534441 0.01992996
0.03903577 0.07740332 0.1799245 0.09893163 0.150548 0.4986187 0.2533468 0.2735901 0.5760577 0.4714042 0.254449 0.1642794 0.3153755 0.2541375 0.1088655 0.09895957 0.09580439 0.02597146 0.1542771 0.07223665 0.1382966 0.1551621 0.1331631 0.131594 0.2363727 0.3307973 0.3450246 0.07283931 0.2368339 0.07906619 0.1585966 0.1463436 0.07345983 0.1636098 0.146229 0.2123374 0 0.0474976 0.04181333 0.01017709 0 0.1567812 0.0506664 0.5365565 0.2310437 0.0032535 0.05297034 0.003806459 0 0.1076213 0.2102752 0.03278278 0.04318146 0.1549369 0.01116097 0 0 0 0 0.009964978 0.2874351 0.1162187 0.3237617 0.1334164 0.02187416 0.0412745 0.02989493
0.09139302 0.139594 0.04280803 0.4995031 0.5539412 0.6942559 0.02481484 0.1906612 0.3969063 0.6329443 0.4022208 0.1424967 0.1710832 0.6312984 0.07175171 0.03985991 0.02140538 0.4115791 0.8202857 0.4457291 0.129503 0.01824438 0.04666607 0.202111 0.8538922 0.4898117 0.281387 0.0783167 0.5006949 0.3743047 0.03339782 0.4199146 0.1504126 0.147389 0.2674996 0.04236701 0.129382 0.02310638 0.03049179 0.1485034 0.3200395 0.2750112 0.1037967 0.08240778 0.1165523 0.3502665 0.6137748 0.235347 0.007078783 0.00754304 0.0005034958 0.04747559 0.09930135 0.3967875 0 0 0 0 0 0.02702277 0.1037979 0.1696376 0.1567798 0.2352111 0.4498341 0.1453381 0.3455767
0.3378803 0.106719 0.1820926 0.156867 0.5656278 0.5842489 0.5293294 0.1724307 0.02971413 0.0429376 0.03192427 0.04515643 0.07737196 0.1982228 0.174004 0.03022529 0.0920208 0.1350082 0.5170617 0.3298725 0.07211473 0.05668876 0.01170721 0.2957177 0.1705985 0.1815552 0.4028891 0.2668427 0.494541 0.3200309 0.04982489 0.1121404 0.01612547 0.02474145 0.06425234 0.1614685 0.4977346 0.1111731 0.05152199 0.09829157 0.6615217 0.7516509 0.4396106 0.1604867 0.1340801 0.1391411 0.3465213 0.2144622 0.2477838 0.03077609 0 0.2079058 0.1617852 0.5593957 0 0 0 0 0 0.0623728 0.4629229 0.617633 0.2205565 0.2380904 0.4619789 0.1321696 0.2556541
0.698091 0.4176846 0.09282868 0.2121934 0.3906868 0.3398183 0.3256883 0.1227402 0.1198841 0.1877792 0.1633879 0.2627792 0.1166316 0 0.06038011 0.009964978 0 0.0337776 0.08250656 0.02488259 0.08876798 0.09335048 0.3350128 0.6552681 0.3020229 0.2151123 0.348003 0.0442452 0.1789848 0.1155499 0.01630515 0.113139 0.04992545 0.2182951 0.170339 0.1506849 0.228283 0.1682665 0.2656975 0.3965295 0.2581137 0.2203544 0.1321244 0.01992996 0.01992996 0.02989493 0.1884308 0.1271849 0.1718815 0.1156578 0.007359154 0.4604471 0.5684898 0.6895705 0.0272572 0 0 0 0 0.05076653 0.7855484 0.6332178 0.2104897 0.009964978 0.1449572 0.08643455 0.08641534
0.2410125 0.156458 0.1398381 0.04371123 0.0969981 0.09794785 0.2036502 0.09119132 0.08001483 0.2853601 0.7006599 0.7184407 0.3606499 0.06410179 0.258615 0.1200365 0.1721804 0.0485231 0.170909 0.1252755 0.1705275 0.2165528 0.2275497 0.1249633 0.06464239 0.4735211 0.4298769 0.006438645 0.03323348 0.4969978 0.3088302 0.04494954 0.01992996 0.1151734 0.07509302 0.1868914 0.1279744 0.0517227 0.1606227 0.2081568 0.07030936 0.09027664 0.5580642 0.08937143 0.01093906 0.06610928 0.1542855 0.3872016 0.2008636 0.2418209 0.1225084 0.4649011 0.5141412 0.3257428 0.002244384 0 0 0 0 0 0.0394114 0.1892678 0.01221331 0 0.0536168 0.04613146 0.0332607
0.5049033 0.3908712 0.2067089 0.2874435 0.2431292 0.1200605 0.2655897 0.2818319 0.1329301 0.177215 0.2463809 0.1499246 0.1195669 0.1681393 0.1947817 0.3521567 0.6967544 0.2178337 0.1791297 0.08495414 0.5109296 0.5550355 0.03985991 0.004530032 0.005138789 0.2433802 0.2888082 0.2219317 0.286078 0.3946489 0.3482813 0.2159603 0.243941 0.2988971 0.1433126 0.7646206 0.2351521 0.03738853 0.1380805 0.05901445 0.1105337 0.02989504 0.03252171 0.04878175 0.0588028 0.3377201 0.6185651 0.5615612 0.5663627 0.1965899 0.2803081 0.3897798 0.06152003 0.2034731 0.2312054 0.1128768 0 0 0 0 0 0.3095727 0.004345622 0.006834358 0.003130621 0.07149573 0.2631073
0.5158905 0.5349606 0.5927547 0.254408 0.327222 0.1544341 0.1105136 0.05038546 0.4831762 0.2197966 0.2780989 0.08102687 0.2931505 0.1034681 0.1146177 0.2784578 0.3102518 0.05627901 0.1096968 0.07088901 0.1570106 0.1762904 0.1308499 0.156197 0.3040772 0.1818121 0.419145 0.1088351 0.1808494 0.7258063 0.1300829 0.5172555 0.1506337 0.03189501 0.1731866 0.3200991 0.07769771 0.001044149 0.02022759 0.2624775 0.3008945 0.2004076 0.1399835 0.1281813 0.1494999 0.350077 0.124151 0.1466133 0.2594759 0.2614186 0.2865549 0.2999918 0.191807 0.3844315 0.1355122 0 0 0 0.005433013 0 0 0.04176602 0.02895028 0.009964978 0.04129555 0.1252996 0.3353875
0.2627276 0.45026 0.2279631 0.4186955 0.3203058 0.1594634 0.04101559 0.1472972 0.4200402 0.1533394 0.2101222 0.2962488 0.4904301 0.4055936 0.05611783 0.2816045 0.6890037 0.1796878 0.01762536 0.1634861 0.2227183 0.005169393 0.05978987 0.2884483 0.6412231 0.1726691 0.5495749 0.3400077 0.1366736 0.4014747 0.06420804 0.1330535 0.06379067 0.02789486 0.07784987 0.01997638 0.1847556 0.2918605 0.2926141 0.506441 0.4875326 0.229517 0.2345935 0.4112608 0.1149128 0.2824852 0.1055225 0.09170226 0.02482399 0.2307264 0.5417539 0.4617745 0.3312115 0.3010512 0.4525724 0.09390193 0 0.1494747 0.0344269 0 0 0 0 0.007510983 0.01233528 0.01992996 0.1263431
0.2027553 0.3505557 0.2094191 0.2205896 0.1013761 0.08018418 0.1403756 0.1806885 0.1191583 0.05587759 0.03373479 0.1693142 0.5067613 0.1919089 0.4249585 0.7475089 0.6862884 0.4034479 0.04886461 0.0856193 0.5178109 0.5856596 0.3068592 0.1200159 0.3898257 0.1460371 0.1617525 0.07096119 0.1438174 0.3523205 0.2419096 0.01236665 0.1139155 0.04010447 0.2795542 0.2859751 0.2106776 0.4393703 0.2262343 0.05958106 0.1428749 0.6496622 0.1774475 0.02617023 0.2494348 0.1578122 0.1052283 0.01743638 0.01992996 0.06381469 0.3417183 0.4424148 0.08344741 0.5539286 0.3068147 0.1521307 0.1462294 0 0 0 0 0 0.05136707 0.1391479 0.1852389 0.1160562 0.1415494
0.4254671 0.3533322 0.5982186 0.3721397 0.1091507 0.2694624 0.2937226 0.111208 0.1999459 0.2587747 0.2659399 0.2851757 0.1477061 0.32717 0.5051596 0.6083412 0.4511057 0.3641466 0.2097669 0.005938875 0.4168997 0.3697031 0.5089751 0.4427776 0.2319389 0.03823545 0.104386 0.1656232 0.221119 0.3009228 0 0.03260683 0.0758599 0.3146807 0.7428243 0.4805839 0.1794626 0.2299519 0.3791881 0.1803671 0.2348696 0.5725772 0.4714699 0.2326108 0.5461127 0.2696944 0.008643137 0 0.003388493 0.3018493 0.6629325 0.3059449 0.4442701 0.09514713 0.3332957 0.4580425 0.5330445 0.1064794 0 0 0 0.05263311 0.367506 0.1268483 0.3484479 0.1042304 0.01528331
0.2245833 0.1123388 0.2286104 0.2100741 0.1999231 0.3711977 0.5834574 0.216007 0.1682917 0.7517197 0.2846451 0.6912067 0.7539473 0.36587 0.1719007 0.2201043 0.2596677 0.398168 0.2322117 0.2910266 0.08948918 0.1106156 0.1582857 0.4353626 0.5055447 0.08352339 0.1375996 0.4927258 0.2017062 0.1360743 0.04201145 0.05895917 0.004559959 0.08209612 0.1753448 0.1882395 0.1112245 0.06973201 0.07288395 0.1195143 0.2470085 0.7326868 0.08613699 0.1002113 0.04176953 0.1784009 0.0212518 0 0.1913491 0.4528985 0.314499 0.1502702 0.1852639 0.5587732 0.6170579 0.7475746 0.4812679 0.2200399 0.06791576 0.04959061 0.01884842 0.5331705 0.7560471 0.471803 0.08921243 0.006084247 0
0.2776531 0.4011015 0.2516541 0.5097004 0.199527 0.3299249 0.1649373 0.1288548 0.1805886 0.4284524 0.3371661 0.2877599 0.2907232 0.2392434 0.2762049 0.4178601 0.3931034 0.5350394 0.3129359 0.5238754 0.3855335 0.1315208 0.1431014 0.2153382 0.07450282 0.08109958 0.488353 0.5266222 0.1268398 0.2320125 0.2206916 0.06281815 0.08568145 0.2132868 0.2803992 0.1664961 0.008827451 0 0.04885051 0.1187533 0.09321261 0.4076782 0.2850673 0.01269087 0.06903253 0.3638096 0.3567895 0.5450805 0.2531995 0.3706284 0.227931 0.7470648 0.3343501 0.02365256 0.3090217 0.3124385 0.492268 0.6398503 0.2508627 0.2495176 0.1562252 0.1597434 0.3256622 0.1167918 0.009964978 0 0
0.5170447 0.6385939 0.3212798 0.351168 0.297618 0.1348666 0.3979399 0.2421542 0.2316966 0.1674577 0.2912284 0.3010736 0.3424226 0.2125473 0.3239607 0.3033203 0.4462324 0.2883093 0.2467764 0.4344456 0.1808762 0.2740053 0.542648 0.2344095 0.1222953 0.2169481 0.2014328 0.254609 0.0762305 0.1388613 0.3708969 0.2912031 0.1399168 0.1009175 0 0 0.04468134 0.001300387 0.03985991 0.07049245 0.03241334 0.2361509 0.4592511 0.1001002 0.001156767 0.1340683 0.5854009 0.6948127 0.4829598 0.1861825 0.4024712 0.2926344 0.3561089 0.1340137 0.5803686 0.7277555 0.6645214 0.3636786 0.248739 0.5629357 0.193851 0.5735332 0.5155901 0.01525316 0 0 0
0.77661 0.4253297 0.6384287 0.2283456 0.2392784 0.1210129 0.3740797 0.2335728 0.2430498 0.117322 0.2724791 0.2182146 0.1953272 0.330356 0.3276841 0.2151481 0.1757594 0.3106119 0.6498728 0.4663371 0.2334669 0.3058394 0.3446496 0.6254213 0.2857749 0.1921231 0.03172355 0.1263017 0.3728707 0.1876774 0.38851 0.2122688 0.04581331 0.03662234 0.1624498 0.07580815 0.5231482 0.0454926 0.3229799 0.4327559 0.2355424 0.1164823 0.1725065 0.009803214 0.02247441 0.1214006 0.2950063 0.5332397 0.2961416 0.04741175 0.1846733 0.1277539 0.391663 0.3109533 0.6254178 0.5676867 0.07431486 0.3387692 0.4320372 0.0973191 0.4491953 0.4934488 0.7673828 0.3905043 0.2895099 0 0
0.258969 0 0.4235125 0.7532548 0.6515864 0.2174238 0.4796311 0.3356804 0.2973637 0.1676623 0.2727107 0.3397058 0.2797459 0.4760807 0.4153903 0.2486138 0.3479778 0.3051032 0.38872 0.282211 0.5078068 0.5264726 0.2858001 0.3776914 0.4475566 0.07484739 0.01410612 0.1015713 0.1172307 0.3471147 0.3473618 0.1794628 0.4798112 0.3825727 0.6135334 0.3697488 0.1418175 0.3297308 0.04869693 0.08872503 0.1996127 0.02310537 0.03999251 0.1952099 0.1636061 0.05382561 0.05387721 0.08562979 0.05446254 0.08228115 0.05047702 0.1546211 0.4574759 0.202005 0.2356084 0.1289027 0.3399347 0.8278763 0.5554689 0.3284252 0.15282 0.1457611 0.6358933 0.5343931 0.06267839 0 0
0.2608472 0.147531 0.2371994 0.1578407 0.2354963 0.4071257 0.342148 0.2932411 0.3228572 0.2552423 0.389785 0.3878916 0.3708515 0.4298938 0.3473123 0.4609498 0.3954584 0.4447156 0.4022832 0.3851494 0.450329 0.5023065 0.1291554 0.2391289 0.3209701 0.1358798 0.4465563 0.1983114 0.1848136 0.1952899 0.370597 0.4656027 0.6046202 0.009847172 0.1074308 0.2572485 0.1588023 0.2196788 0.03248476 0.04957914 0.03254038 0.1897919 0.1129885 0.1706688 0.2521027 0.150952 0.0656138 0.06975485 0 0.188432 0.2840759 0.3881415 0.1269393 0.09985858 0.4390334 0.7531878 0.6331095 0.08678266 0.02393436 0.0453148 0.005304359 0 0.09725565 0.1414308 0.009964978 0 0
0.4448904 0.572385 0.1659161 0.06103022 0.04839655 0.1236885 0.440182 0.5741293 0.7148051 0.5573417 0.6840943 0.5942692 0.4831626 0.5767432 0.355794 0.5358863 0.5042574 0.4582011 0.3473749 0.2218104 0.473757 0.2780299 0.2440558 0.6264121 0.5801861 0.6193855 0.5545366 0.1772639 0.2414462 0.0736784 0 0.0198838 0.1468575 0.04824283 0.2316038 0.04294873 0.3170865 0.3186533 0.2328961 0.1055787 0.02900342 0.4651178 0.05660588 0.1199747 0.1690407 0.4644731 0.1313158 0.05819377 0.2544514 0.3513181 0.1672043 0.189133 0.05018367 0.2772396 0.2087002 0.07024641 0.02402683 0 0.02996096 0.6163269 0.5217949 0.438142 0.408916 0.03611095 0.0042838 0.02989493 0
0.4271293 0.3313273 0.3509161 0.6172433 0.2709914 0.01039091 0.1734475 0.116354 0.2541601 0.2261546 0.7681671 0.5689988 0.6430217 0.7962868 0.5991092 0.695693 0.7027625 0.722092 0.6041889 0.2621487 0.4295358 0.4358714 0.1443366 0.255731 0.5162255 0.5372238 0.396064 0.1921863 0.007658534 0.04317795 0.2162485 0.2431223 0.3555374 0.2639477 0.3308054 0.1147924 0.181666 0.4371562 0.2748142 0.09194396 0.3702658 0.3913125 0.1099938 0.1636147 0.1506378 0.2876064 0.1378872 0.05736421 0.1012023 0.1730476 0.3525687 0.20479 0.1714742 0.3856311 0.03333162 0.1419472 0.03218114 0 0.3068891 0.6763955 0.5707217 0.6743551 0.519994 0.5639986 0.2553056 0.009964978 0
