EnvRasters/GE_High/resdntl.asc
ncols         270
nrows         223
xllcorner     24099.479091542
yllcorner     21023.840179216
cellsize      1003.8986847201
NODATA_value  -9999
[rows 58 to 86 of 223, columns 134 to 200 of 270]
0.5237564 0.05077533 0.4453964 0.2374624 0.3152811 0.2349925 0.1338384 0.2264353 0.1785303 0.1939653 0.2644903 0.2088088 0.1728358 0.4784972 0.1144789 0.2775359 0.386533 0.3029729 0.4075257 0.3555157 0.5997601 0.3182015 0.1420732 0.4129716 0.4994083 0.3883761 0.1076291 0.06267826 0.2803195 0.3213663 0.272967 0.2804211 0.4684981 0.2893955 0.2169362 0.05541045 0.03638916 0.1199185 0.2325699 0.509315 0.006973259 0.2260635 0.04035569 0.04395253 0.1982589 0.105786 0.05179657 0.1021191 0.3120762 0.5023347 0.06593469 0.07653774 0.008306718 0.2272017 0.397846 0.510716 0.2997528 0.09497983 0.08013778 0.2545894 0.46379 0.6950673 0.504903 0.3153768 0.623334 0.1884228 0.02389486
0.2689204 0.208779 0.2980166 0.6438528 0.4771755 0.7198268 0.3148396 0.2034294 0.3171644 0.9019547 0.4031346 0.2785591 0.06756902 0.1551006 0.128176 0.3509851 0.2719356 0.1691533 0.06357239 0.02870601 0.01788413 0.03548615 0.1748119 0.3275084 0.4857434 0.3574599 0.4458718 0.3383993 0.4753311 0.347118 0.1915838 0.4131224 0.5937208 0.5719927 0.3236221 0.1782548 0.3588314 0.3706022 0.4501878 0.6984863 0.2649449 0.03647103 0.2290565 0.5873782 0.5624992 0.06907507 0.130595 0.227974 0.262083 0.04133643 0.09959656 0.1554096 0 0.01553257 0.2717384 0.5468386 0.0774998 0 0.03890308 0.0994057 0.7201012 0.4697666 0.3990547 0.3294529 0.2059881 0.06572784 0.3042565
0.6269759 0.3971907 0.01002205 0.1646127 0.2465962 0.263042 0.4141207 0.3355271 0.06800525 0.3442394 0.457789 0.1386613 0.03249801 0.1152744 0.439848 0.2186533 0.1207919 0.195192 0.4737432 0.1817457 0.1585147 0.2664589 0.199589 0.03875751 0.3115267 0.2909387 0.1257844 0.1589343 0.5555209 0.3199065 0.2484851 0.4673728 0.3992902 0.4865127 0.2711107 0.07531929 0.02606085 0.04192314 0.2038206 0.1355937 0.2798717 0.01008714 0.06445798 0.1192181 0.2096076 0.4653534 0.4364046 0.01013373 0.02989493 0.04497967 0.003305415 0.1423025 0.1507652 0.08729739 0.4412349 0.2024856 0.001531503 0.02198819 0.01049814 0.2040291 0.5616143 0.2339637 0.139103 0.02989493 0 0.0635533 0.6670207
0.6584353 0.3828449 0.2101284 0.04052315 0.1401279 0.1201861 0.07727425 0.3865379 0.691143 0.4418365 0.3744207 0.2185103 0.2864359 0.07757077 0.118858 0.304363 0.2125274 0.7838331 0.6979925 0.4995116 0.4046609 0.336693 0.1028412 0.0698273 0.1289492 0.06108901 0.08053231 0.02305273 0.2384184 0.1183246 0.1352711 0.3231292 0.1322032 0.1295859 0.07576592 0.01760108 0.08228876 0.06622729 0.02274657 0.05978987 0 0.1785059 0.08195878 0.03490509 0.1564317 0.09068757 0 0.04483625 0.5070574 0.3843296 0.2839581 0.1652633 0.3122663 0.1478991 0.1851939 0.02297916 0.06485876 0.1771562 0.5360559 0.7340037 0.1702765 0.1248546 0.04025405 0.006017604 0.03940535 0.1004964 0.484174
0.2134149 0.0611639 0.1471478 0.3314416 0.3204851 0.2512283 0.4338131 0.1683936 0.07746175 0.009964978 0.2243099 0.0348232 0.1206099 0.326601 0.1010936 0.6966002 0.4463608 0.3036873 0.6624444 0.09242941 0.04298599 0.05110611 0.1764391 0.4365953 0.4018811 0.06138653 0.08355278 0.2015826 0.1847019 0.1556123 0.164912 0.1378387 0.1815526 0.1065105 0.2167058 0.07989404 0.1597409 0.3469754 0.07659611 0 0.1095313 0.2246405 0.1394159 0.3205199 0.1052825 0.04819718 0.009964978 0.02989493 0.2506238 0.4999652 0.4375918 0.4004182 0.4639063 0.4079305 0.881655 0.1813503 0.259543 0.6962426 0.399428 0.5383827 0.472987 0.4534027 0.2042871 0.4564771 0.4520154 0.2253508 0.1846904
0.05831989 0.09091496 0.07283074 0.2092019 0.5966341 0.445106 0.239873 0.1621666 0.1782715 0.1574169 0.4081619 0.2985743 0.1024103 0.2440055 0.1934374 0.1595656 0.2758009 0.396729 0.2775615 0.2661162 0.2804334 0.07858692 0.1297189 0.2837209 0.1168098 0.06487914 0.2653601 0.08473311 0.2425822 0.342058 0.2923069 0.1795912 0.4910691 0.5406508 0.2495928 0.02454577 0.04736121 0.1399442 0.05605355 0.01293082 0.1831887 0.05870597 0.1509979 0.5486259 0.08454431 0.3897334 0.2901626 0.513266 0.06678671 0.05566474 0.1041453 0.2910581 0.08711009 0.2179394 0.2102114 0.3670872 0.3673521 0.2324197 0.3523832 0.2040181 0.2595937 0.1434131 0.2291955 0.2005233 0.07297017 0.2146161 0.001448591
0.4618556 0.1727421 0.1005912 0.439665 0.4504153 0.1634839 0.1167436 0.1024817 0.2205464 0.2744538 0.123116 0.2077641 0.1071586 0.2950366 0.3800596 0.09743351 0.5008851 0.2533126 0.02669537 0.003584304 0 0.0961633 0.07218105 0.2452181 0.03472901 0.2097915 0.1195813 0 0.1188873 0.4645969 0.3042333 0.1514511 0.1805028 0.1097187 0.1220456 0.0983438 0.02238567 0.01992996 0.2476311 0.2270532 0.4331644 0.08655158 0.1545921 0.2395623 0.1498259 0.360315 0.1171743 0.5000388 0.1247667 0.04222346 0.1152057 0.1572573 0.007856186 0.05736879 0.03026496 0.2007723 0.1680738 0.3188245 0.5961351 0.4780809 0.4197978 0.1978459 0.2291858 0.1590218 0.4113239 0.5919765 0.6467078
0.3655294 0.7521245 0.621699 0.3157534 0.336928 0.3968541 0.05940174 0.06019701 0.03928316 0.3102058 0.216409 0.1075154 0.273966 0.4611818 0.5490755 0.5605558 0.4532119 0.006283753 0.1892033 0.2397981 0.1377886 0.2276789 0.332038 0.09524187 0.04982489 0.1058701 0.174938 0.09187038 0.1733216 0.306827 0.2507372 0.04297623 0.06100167 0.2368226 0.1810532 0.2115078 0.1062665 0.01569691 0.03308297 0.1173082 0.1575906 0.02112711 0.05141038 0.1198249 0.09752598 0.1764236 0.2119159 0.2001017 0.1428377 0.1214147 0.06233814 0.1412838 0.1848598 0.4458068 0.3542772 0.01072052 0.1961305 0.1308228 0.6440884 0.5579132 0.4895067 0.2389706 0.2038745 0.2176297 0.1197138 0.574394 0.390653
0.2480085 0.5634291 0.04136128 0 0.06524303 0.1508453 0.01000718 0.05544157 0.02517152 0.02330395 0 0.09954007 0.2302938 0.5562853 0.2420084 0.4014038 0.2956872 0.4174302 0.5332283 0.1703919 0.2572476 0.06395164 0.1595325 0.1938354 0.08021838 0.09061266 0.07293026 0.1122659 0.1371514 0.2319141 0.2814408 0.1216584 0.1911203 0.09392831 0.1872215 0.2715661 0.4351605 0.2089366 0.2230109 0.1305356 0.1703594 0.09392778 0.08962152 0.0004303256 0.02014647 0.03958759 0.01688975 0.06439614 0.1337918 0.2128917 0.1128532 0.05048193 0.3395633 0.4482983 0.05584924 0.1299969 0.1172585 0.09487717 0.3641072 0.3233111 0.2557554 0.2440413 0.1937535 0.3788393 0.4135063 0.1284452 0.08618285
0 0.486059 0.1316896 0.0163588 0.2434138 0.4522156 0.3343553 0.2403986 0.3160607 0.5215563 0.1693334 0.1698047 0.6856143 0.4358841 0.2852033 0.33359 0.5531148 0.4687674 0.2555908 0.44166 0.3497559 0.04039053 0.1956526 0.1711564 0.2044532 0.1477606 0.3568086 0.4477099 0.07281907 0.02798489 0.04024253 0.1424905 0.140502 0.04280895 0 0.08797901 0.1969381 0.02989493 0.01163884 0.2025075 0.2524586 0.2324162 0.2568555 0.2394322 0.1826337 0.007328074 0.246417 0.1095215 0.3235934 0.4519642 0.1231432 0.1434978 0.2727081 0.2662714 0.2327632 0.2035108 0.3349187 0.622455 0.4022707 0.2928107 0.2788314 0.1151671 0.05300884 0.2133766 0.6379818 0.4576895 0.1610352
0 0.1143537 0.07748852 0.3978378 0.5810017 0.197806 0.2096561 0.1936718 0.3733753 0.5948828 0.6096201 0.2602833 0.3158577 0.5432138 0.5045701 0.199723 0.5713181 0.5098801 0.4302423 0.3025455 0.5029914 0.08295859 0.2215353 0.3721251 0.2389829 0.09240422 0.1272069 0.1214282 0.271276 0.09454443 0.2575481 0.0797084 0.09661699 0.1729307 0.1486297 0.04953209 0.1864927 0.1087584 0.05846642 0.1313406 0.1195797 0.1581244 0.1809964 0.3400244 0.009826538 0.05724498 0.1962512 0.104992 0.1538248 0.2430339 0.4070803 0.1952558 0.1333016 0.03419211 0.3643992 0.3346492 0.2702941 0.3607063 0.2109338 0.213725 0.4105148 0.26263 0.1642675 0.1295747 0.09689083 0.1350611 0.3454793
0.052134 0.06747533 0.2305051 0.7877358 0.1690946 0.009964978 0.1485473 0.3395602 0.0722127 0.07438938 0.314723 0.2468888 0.2593905 0.256987 0.7321721 0.1188733 0.6643443 0.6342389 0.3733895 0.4922372 0.4336611 0.1241915 0.1851238 0.174835 0.3506788 0.1256549 0.08192228 0.102966 0.0476755 0.08389209 0.2205348 0.09057871 0.2734281 0.2057407 0.05515074 0.2187387 0.06779762 0.04960546 0.1268184 0.05020729 0.01654204 0.09103521 0.1883523 0.2557608 0.0457246 0.009964978 0.1154352 0.4078199 0.3013845 0.2189212 0.1134864 0.24579 0.2171743 0.09993249 0.1599466 0.1700051 0.2145752 0.1918405 0.1502435 0.0887645 0.2920714 0.03837338 0.06428934 0.1288041 0.04840344 0.3219613 0.1040358
0.2669107 0.6066325 0.4041777 0.7691014 0.3885698 0.3531809 0.5035794 0.2671824 0.0136669 0.1190009 0.03247336 0.02638691 0.5249411 0.6111939 0.5122844 0.4602967 0.8373003 0.7204766 0.3153615 0.2399205 0.1159281 0.1554497 0.1321735 0.208428 0.4959769 0.0880565 0.06632508 0.3812019 0.3181353 0.08023501 0.2668272 0.1793063 0.1336219 0.133023 0.1225485 0.09992691 0.08499953 0.0859092 0.2330075 0.06363446 0.1665153 0.1997542 0.2305854 0.1179094 0.1256122 0.05460886 0.01849785 0.07068226 0.1634969 0.2543314 0.03289983 0.1078359 0.4768746 0.2243546 0.4019225 0.2306825 0.3699447 0.456016 0.4109764 0.227176 0.1841965 0.2098113 0.08054154 0.03466026 0.05978987 0.1692893 0
0.182797 0.389003 0.5226028 0.3771803 0.009964978 0.1534817 0.01354046 0.1063856 0.1520555 0.4645891 0.4323498 0.156278 0.5623122 0.4796538 0.4854643 0.5231877 0.6983641 0.4722038 0.5290112 0.1490047 0.1905275 0.4474687 0.06868757 0.1235019 0.2312114 0.07989696 0.134449 0.1843668 0.105032 0.07636034 0.117055 0.0601417 0.4153751 0.1597833 0.1993337 0.04641208 0.1299579 0.1296557 0.1347129 0.1081784 0.4030196 0.1516352 0.239712 0.02913019 0.1406059 0.1937456 0.07336126 0.06749024 0.1484948 0.3864514 0.02844026 0.1383011 0.172987 0.1985679 0.3198983 0.2528805 0.2511451 0.2970995 0.1758398 0.1437812 0.08960111 0.04878778 0.5104237 0.07859615 0.03911821 0.4331876 0.1223597
0.8164379 0.7206061 0.4923901 0.3962958 0.2345611 0.06637834 0.01992996 0.01699105 0.1242482 0.548929 0.4950231 0.4638904 0.1557075 0.3177151 0.7856511 0.5404995 0.2238784 0.4519332 0.5334409 0.4828522 0.1722251 0.03985991 0.04190018 0.1999741 0.08666984 0.2627371 0.204255 0.07642525 0.1548682 0.02665983 0.3476072 0.1400347 0.2622527 0.04329337 0.09401003 0.2860121 0.1737389 0.0839071 0.0277846 0.07260292 0.0956302 0.329978 0.2367053 0.2431028 0.03267061 0.03835598 0.06841478 0.3098185 0.2658867 0.6091497 0.01314045 0.07127472 0.1660196 0.1197442 0.3106166 0.2955967 0.2808003 0.2533898 0.1041724 0.2192239 0.1785536 0.07676295 0.3964308 0.2675193 0.01999225 0.1568655 0.09954606
0.604722 0.4286098 0.08961553 0.7234518 0.3485734 0.1701635 0.3608143 0.4082695 0.2140883 0.01034686 0 0.08002087 0.1504437 0.397736 0.4712069 0.03513493 0.05243688 0.05502523 0.4203208 0.04879798 0.3686767 0.1874646 0.01181688 0.1215343 0.002382479 0.1432407 0.2089088 0.1875376 0.06441027 0.02851106 0.09605247 0.06720976 0.3425388 0.07695345 0.03985991 0.1832244 0.2079811 0.2249244 0.08646872 0.231291 0.134165 0.05264226 0 0.05626736 0.09163523 0.1686089 0.2817459 0.009684245 0.04018899 0.0104364 0 0.1217468 0.2207138 0.08367512 0.1135965 0.01088372 0.07071323 0.2709174 0.1539828 0.2261585 0.4280174 0.09998014 0.1449308 0.2198766 0.1130729 0.237494 0.1023872
0.7836944 0.3007734 0.01525102 0.5385678 0.2921623 0.04977167 0.4990328 0.2954217 0 0.00799075 0.2043991 0.1062933 0.4406123 0 0.04492601 0.03600284 0.09735692 0.03552838 0.2060949 0.08671531 0.1488119 0.306896 0.009964978 0.4238884 0.4223652 0.3404054 0.04767122 0.03993237 0.062447 0.3496339 0.1552216 0.2857929 0.353856 0.07693487 0.05896229 0.2012677 0.09123154 0.2379647 0.3960951 0.3388001 0.005662062 0.06313976 0.004274113 0.02170772 0.04843961 0.121813 0.1385343 0.09116755 0.1694046 0.1283369 0.1197066 0.3783552 0.01820737 0.2645428 0.1727512 0.1434532 0.1542827 0.2651258 0.3201356 0.6141311 0.3694412 0.1651395 0.005822154 0.2436749 0.09597532 0.3053123 0.1945513
0.6641169 0.4303364 0.5411592 0.6222991 0.634578 0.4368214 0.009964978 0 0 0.01910646 0.2310765 0.3863542 0.3776636 0 0.3005339 0.388947 0.5888621 0.1581256 0.3345062 0.05320282 0.06872547 0.1459239 0 0.2005106 0.2194399 0.335696 0.4372714 0.203188 0.03626054 0.3509524 0.2841007 0.1127972 0.1061366 0.06086665 0.1870961 0.3174092 0.1069861 0.2920992 0 0.001277835 0.04734933 0.0899839 0.2679718 0.384 0.0785365 0.2093914 0.08289596 0.1995971 0.1843842 0.1336201 0.2236674 0.0489484 0.1191944 0.4533388 0.3495234 0.1692521 0.07218659 0.009964978 0.2156167 0.256428 0.344669 0.09280591 0.06400584 0.1062893 0.1060132 0.1354065 0.07989667
0.7763696 0.4238501 0.006450036 0.1646944 0.03770625 0.0437998 0.0004284136 0.007902578 0.04180422 0.07390719 0.09411459 0.3126209 0.07983611 0.1593412 0.4050101 0.5875644 0.6523153 0.09593132 0.2490766 0.1950857 0.1129282 0.02144415 0.204729 0.1033119 0.1923908 0 0.09242766 0.3252501 0.1233408 0 0.2392453 0.1834202 0.249732 0.1323787 0.2508285 0.2892977 0 0.01234296 0 0.1817532 0.1208045 0.06177447 0 0.2101782 0.24742 0.202836 0.01017164 0.2407165 0.7497662 0.2902064 0.2969522 0.2153602 0.1247826 0.3637397 0.1056406 0.05481002 0.04240157 0.04725607 0.05657489 0.04677753 0.07493763 0.1700122 0.1394467 0.1713334 0.0709873 0.05363536 0.1243757
0.4427686 0.6634549 0.3006749 0.4170122 0.5197406 0.2595257 0.009536565 0 0.1721436 0.5017731 0.03368521 0.08781157 0.05033167 0.009964978 0.03185055 0.08899343 0.0619513 0 0.1354693 0.06319177 0.1898511 0.1017907 0.206555 0.00394363 0.1461032 0.04198377 0.009964978 0.4030016 0.2803239 0.112143 0.5131474 0.6418952 0.4953841 0.009964978 0.0666482 0.006745011 0.3309093 0.3009433 0.01992996 0.08818845 0.01415247 0.1096148 0.02306535 0.1625049 0.01001324 0.4559521 0.1410495 0.2700829 0.6777603 0.4335679 0.1037489 0.2315836 0.306096 0.05577157 0.1032826 0.2684491 0.2855672 0.08550362 0.002638019 0.1062653 0.01425143 0.3316537 0.02738086 0 0.1295912 0.1524021 0.06446923
0.1619289 0.05511766 0.01398502 0.4992895 0.2193115 0.03083259 0 0.2223407 0.2468734 0.2313775 0 0.5054212 0 0 0 0.001893349 0 0 0.02841841 0.02772015 0.2495123 0.208828 0 0.0253125 0.1590305 0.004339612 0.0359304 0.02894111 0.04081374 0.04290308 0.4542708 0.7300601 0.2735084 0.06908654 0 0.01290425 0.206617 0.198902 0.004535643 0.07563167 0.2879287 0.05143719 0.3799233 0.5172161 0.1418221 0.01953543 0.1499417 0.2434288 0.4525867 0.3799651 0.2601455 0.5451443 0.2543447 0.09364222 0.323871 0.3448335 0.3413098 0.1333062 0.1848553 0.4308015 0.4189641 0.1139741 0.07784101 0.3188426 0.02901368 0.2354838 0.1348203
0.1707707 0.01604011 0 0.3641879 0.5532231 0.04101282 0.06214511 0.4061699 0.04134374 0.1384459 0.08821404 0.354907 0 0 0 0 0 0.001460718 0.03623882 0.009964978 0.003122101 0 0.0232392 0.09423325 0.06379679 0.009964978 0.1966706 0.0811182 0.214574 0.06221218 0.3438707 0.3869256 0.3566779 0.1680276 0.3490415 0.08003666 0.1328997 0.07050312 0.2851301 0.2048014 0.00296436 0 0.1130843 0.05854029 0 0.04130057 0.1880939 0.02291519 0.2371619 0 0.1924922 0.2421676 0.01102578 0 0 0.03565589 0 0.00293034 0.1961484 0.2147575 0.09557153 0.1720862 0.02582811 0.08252526 0.004065246 0.01992996 0.01809225
0.7695 0.8304485 0.03105931 0.2611961 0.1554739 0.05340251 0.4365643 0.4155524 0.04065197 0.1786265 0.05043659 0.1496705 0.21677 0.04887547 0.0277729 0.09614166 0 0.2325065 0.09939099 0.02185994 0.01233185 0 0 0.2058469 0.3271521 0.003301875 0.09635109 0.01509112 0.005447494 0.112709 0.08633447 0.6331509 0.03511575 0.2063085 0.1464559 0 0.06826166 0.08442724 0.1363271 0.2136479 0.01992996 0.0207353 0.000691358 0 0.05215594 0.329515 0 0.01106086 0.1086434 0 0.2051547 0.09406179 0.01749998 0.02390614 0.1846673 0.05388694 0.007584095 0.001169457 0.0540185 0.1277397 0 0.007535104 0.1566698 0.2889504 0.06153812 0.3838496 0.1185131
0.5190283 0.4918593 0.6219296 0.5099241 0.3776407 0.04332741 0.3292736 0.4022416 0.1299371 0.3287831 0.1401094 0.157804 0.04563952 0.5217667 0.1369245 0.4224118 0.2862627 0.368532 0.2757012 0.2450354 0.2879195 0.1131937 0 0.1387851 0.04621305 0.002354844 0.1576122 0.1545011 0.3813754 0.1047759 0.008035954 0.02978522 0.04981927 0.02623823 0.003338792 0.1259668 0.1167748 0 0 0.01576547 0.003333487 0.290691 0 0.02989493 0.3021142 0.2758131 0.01992996 0.1096506 0.06897123 0.01992996 0.4177918 0.04518322 0.03288949 0.1866982 0.1650883 0.03172825 0.1081402 0.004438109 0.1777696 0.1530843 0.0494294 0 0 0 0.07389011 0.1648393 0.2667883
0.5437893 0.6471117 0.7382252 0.5611022 0.1522671 0.03230212 0.01991518 0.3469726 0.1636824 0.2296015 0.1411778 0.4191847 0.09642005 0 0.03152427 0.1002197 0.2248785 0.3698699 0.0833687 0.04295883 0.06543121 0.1035021 0 0.1364741 0.0267551 0 0.1653184 0.3415343 0.3801193 0.176922 0.1717956 0.04254328 0.3757332 0.08657147 0.1513469 0.1321498 0.01838685 0.2792379 0.2786682 0.04078126 0.05656526 0.1114506 0.238875 0 0.07977122 0.1166813 0.01131574 0.01871221 0.2338189 0.01608921 0.0007209636 0 0.003280813 0.2780715 0.2574224 0.1656578 0 0.06171186 0.1177363 0 0.1612229 0.04843709 0.03606249 0 0.172871 0.003800848 0.3370408
0.7895563 0.05676559 0.5786316 0.4817889 0.2148973 0.0923158 0.18802 0.1399901 0.07160566 0.1494241 0.1305073 0.1215134 0.008910315 0.06634747 0.2784024 0.1612381 0 0.1058045 0 0 0.2431995 0.07329348 0.1096148 0.009964978 0 0 0 0.2383132 0.2037411 0.05958795 0.1415601 0.0070371 0.09647743 0.01612835 0.1658359 0.4434591 0.01509669 0.01727341 0.2169991 0.08836541 0.04502135 0.2984378 0.4576611 0 0 0.05000144 0 0.002045445 0.1175343 0 0.2521489 0.1231751 0 0.2126788 0.2580618 0.1017079 0.01758426 0.2370102 0.02062093 0.2892695 0 0.0711158 0.3904712 0.02692549 0.009964978 0.003514283 0.145382
0.5196514 0.2913273 0.2833024 0.1068283 0.1837928 0.4789683 0.01027308 0.08952596 0.5587493 0.1709857 0.06878734 0.01243864 0.1802125 0.1522195 0.08374463 0.2852183 0 0 0.01992996 0 0.03969159 0.00181524 0 0 0 0.02284349 0.2108125 0.2668549 0 0 0 0 0 0 0.3358431 0.06996306 0 0 0.1075174 0.2267447 0.2197213 0.6452171 0.1998563 0 0.0398806 0.3659694 0 0.03885744 0.2300486 0 0.1664599 0.1258697 0.01992996 0.02989493 0.04593331 0.03673875 0.3869464 0.2816431 0 0.07874374 0 0.003568828 0 0 0.009964978 0.01536659 0.08820324
0.7966236 0.6495461 0.2074989 0.009467011 0.02118423 0.1172171 0.0110375 0.05080336 0.206088 0.1614108 0.1867474 0.03047293 0.2668658 0.2425826 0.2401183 0.04628227 0.01992996 0.01992996 0 0 0.009964978 0.114258 0.209067 0.1540421 0.1253051 0.2408109 0.169598 0.1533517 0.07027278 0 0 0.03985991 0 0.07429758 0.1968565 0.01172691 0 0.1449439 0.1184412 0 0.153796 0.5146798 0.04508072 0 0.1839293 0.4966775 0.04583228 0 0.3088103 0 0.1175056 0.003653112 0.1757165 0.1307935 0.3102383 0.02792836 0.1975241 0.08724378 0.004459882 0 0.00682732 0 0 0.03204918 0.2357053 0.1764273 0.0320081
0.4559829 0.3751248 0.2271729 0.3246533 0.2928756 0.1060072 0.02954605 0.0294496 0.0009265927 0 0.03614025 0.3311251 0.253534 0.3317534 0.6187188 0.1927996 0.1027627 0.01091479 0.2116669 0.1139914 0.05072539 0.06511162 0.01992996 0.1111953 0.03981075 0.02202608 0.003895044 0.1250765 0.2585715 0 0.07836276 0.1486082 0.03456564 0.134839 0.1077271 0.16871 0.1512043 0.1918951 0.1724966 0.01994683 0.1037989 0.165999 0.07125153 0.07364167 0.07064378 0.08603085 0.007773489 0 0.07000735 0.02326068 0.3768197 0.03388636 0.005973553 0.2591161 0.07477833 0.02189653 0.09193936 0.004503968 0 0.05138053 0.240839 0.2112717 0.2764375 0.02326185 0.1054121 0.07045589 0
