EnvRasters/GE_High/resdntl.asc
ncols         270
nrows         223
xllcorner     24099.479091542
yllcorner     21023.840179216
cellsize      1003.8986847201
NODATA_value  -9999
[rows 116 to 144 of 223, columns 67 to 133 of 270]
-9999 -9999 -9999 -9999 -9999 -9999 -9999 -9999 0 0.01887732 0.04091255 0.02230128 0.08017579 0.04007765 0 0.04982489 0.1318019 0.1239559 0.07183418 0.1288441 0 0.09827258 0.08460894 0.1176333 0.2290507 0.01992996 0.09482759 0.1824152 0.2228905 0.4155692 0.4660628 0.3975112 0.4525094 0 0.1747415 0.3842168 0 0.1607046 0.4595565 0.542739 0.2729787 0.04280632 0.2796425 0.4468243 0.4826002 0.4867631 0.7200088 0.3626719 0.5344603 0.5636529 0.3666957 0.1907873 0.04187629 0.0079486 0.01989257 0.267673 0.3375263 0.2017357 0.5610641 0.7833601 0.1906208 0.4102415 0.1915872 0.004920893 0.01393484 0.6337739 0.6210904
-9999 -9999 -9999 -9999 -9999 -9999 -9999 0 0.05978987 0.02733657 0.03888568 0.04573111 0.009955207 9.772e-006 0.009964978 0 0 0.1921769 0.2388909 0.3574363 0.2080584 0.5926281 0.4164001 0.5147573 0.6448212 0.2739675 0.09080241 0.207217 0.4771506 0.3653696 0.3242052 0.6539267 0.3242345 0.09778897 0.04333948 0.1283806 0.05867184 0 0 0.08252928 0.01773384 0.1254237 0.5132325 0.1915884 0.1000592 0.1615971 0.05184806 0.01289261 0.2166092 0.4977923 0.6810036 0.2957703 0.01992996 0.1073371 0.02237424 0.01211795 0.4100198 0.4673468 0.3883619 0.7217358 0.1374384 0.4285059 0.5898004 0.3840479 0.2171029 0.5337784 0.6376041
-9999 -9999 -9999 -9999 -9999 -9999 -9999 -9999 0 0.3145126 0.2014329 0.1611313 0 0.1322072 0.117611 0.1049225 0.094271 0.2097845 0.2486263 0.3158073 0.4880202 0.4876374 0.7594484 0.5528173 0.5732681 0.339116 0.5005223 0.3340022 0.6280886 0.5884126 0.06442811 0.2744045 0.5362213 0.3002498 0.01539163 0.03968124 0 0 0.170912 0.0951659 0.009964978 0.009223864 0.3172994 0.312405 0.04070332 0.1488197 0.01992996 0.1596289 0.07202762 0.1917312 0.4506062 0.1277169 0.2696986 0.4143627 0.3936688 0.3294345 0.386586 0.6044572 0.5832854 0.4977647 0.6548355 0.8567688 0.6809561 0.6589303 0.7248589 0.6364588 0.3008873
-9999 -9999 -9999 -9999 -9999 -9999 -9999 -9999 0.02935187 0.2915523 0.1313175 0.1518776 0.001152002 0.4786915 0.2414516 0.2267436 0.1267229 0.3930266 0.3101296 0.2756161 0.4647368 0.3344505 0.4945309 0.2900761 0.2653573 0.08763121 0.3021356 0.21519 0.3135919 0.3039371 0.01844787 0.2559965 0.1299628 0.007043462 0.07054198 0.2879792 0.1817068 0.1104709 0.3428946 0.365616 0.01587819 0.0292924 0.07790305 0.0594303 0.1308111 0.3901333 0.2079588 0.3212112 0.4667128 0.2049969 0.2476243 0.04446753 0.02678372 0.1778429 0.2777593 0.5456727 0.1824183 0.27068 0.08968481 0.08368345 0.3714606 0.7100619 0.6106986 0.4608725 0.5191666 0.565684 0.7274564
-9999 -9999 -9999 -9999 -9999 -9999 -9999 -9999 0.0005430643 0.1686509 0.02993264 0 0 0.01371403 0.06149555 0.01963411 0.05705568 0.2491109 0.1424603 0.1303997 0.4830731 0.6985808 0.5731856 0.3286273 0.2896605 0.09503572 0.01042877 0.07043601 0.4374802 0.1388953 0.006197013 0.1226913 0 0 0 0 0 0 0 0.1737838 0.06805482 0.03059361 0.03116127 0.2099965 0.2212951 0.3850893 0.2619046 0.237134 0.4259069 0 0.2347742 0.3262466 0.0441752 0.06102742 0.07121012 0.4506626 0.02730617 0.4033974 0.4373648 0.5475752 0.2425772 0.6224676 0.7907108 0.4693164 0.493157 0.4635423 0.5514091
-9999 -9999 -9999 -9999 -9999 -9999 -9999 -9999 0 0.3997848 0.3621903 0.03985991 0.01992996 0 0.1598408 0.05740826 0.3445162 0.4692891 0.4527628 0.2996863 0.6295808 0.7882802 0.6638234 0.6292915 0.5750414 0.4731437 0.005012606 0.02989493 0.07426832 0.2046081 0.08093076 0 0.05438209 0.1746781 0.02249868 0 0.02989493 0 0 0.3375477 0.02727534 0.03977786 0.2691636 0.6499502 0.5800654 0.5445402 0.4440861 0.6980567 0.4923686 0.03977824 0.448803 0.4714104 0.2571173 0.0688956 0.5047244 0.5320303 0.1569574 0.3728794 0.4358059 0.4812765 0.1349822 0.004160734 0.176621 0.1812598 0.5202139 0.4861958 0.6060033
-9999 -9999 -9999 -9999 -9999 -9999 -9999 -9999 0.0002528096 0.2353453 0.1888896 0 0.01711854 0.08631198 0.5610191 0.3007314 0.6035132 0.4583004 0.3271925 0.5554705 0.3789084 0.5660754 0.5410787 0.8723096 0.6466873 0.3775559 0.2678454 0.1538614 0.002739679 0.1568765 0.06743565 0.009964978 0.009964978 0.2466901 0 0 0.1395097 0 0.0729987 0.3886711 0.01074785 0 0.1199842 0.3294965 0.4486761 0.07757516 0.2736205 0.1608009 0.2659944 0.1564085 0.2789067 0.5743104 0.5277681 0.1967039 0.3560086 0.4734197 0.3157878 0.312707 0.3047637 0.134371 0.3841839 0.2248681 0.3962362 0.3888361 0.3680225 0.5358306 0.5398975
-9999 -9999 -9999 -9999 -9999 -9999 -9999 -9999 0.01037765 0.06934218 0.1994578 0.03881257 0.0115082 0.009964978 0.3049701 0.1906372 0.4456365 0.4249185 0.1265796 0.02816281 0.003552693 0.01110049 0.5359589 0.5167471 0.1609991 0.165292 0.2733497 0.02933413 0.1297463 0.0490309 0.01926191 0.1823569 0 0 0 0 0 0.01922915 0.353127 0.1724271 0 0.03201237 0.02081952 0.02946953 0.1982609 0.07160044 0.219473 0.07536205 0 0.09539924 0.1098351 0.574078 0.5065123 0.03398528 0.0464004 0.4239757 0.1863686 0.004940577 0.1182145 0.3298711 0.5036089 0.629828 0.4366103 0.5759631 0.4282249 0.3768535 0.1241249
-9999 -9999 -9999 -9999 -9999 -9999 -9999 -9999 0.02968811 0 0.1718039 0.003067684 0.285833 0.001915267 0.4970595 0.1467601 0.01992996 0.03288776 0.3507628 0.1979656 0.06978458 0 0.02970835 0.0647551 0.007577816 0.05266371 0.006321988 0.09577178 0.07048176 0 0 0 0 0.04706463 0.2095514 0 0.01908096 0.3597769 0.2492165 0.08984165 0.03969183 0.03774248 0.09178926 0.04958542 0.1794464 0.02195285 0.1716569 0.1207562 0.02481966 0.0009581472 0.07638855 0.3138978 0.109384 0.009964978 0.0346223 0.2473553 0.1583486 0.2471203 0.1566256 0.4192734 0.5906429 0.4869888 0.5075958 0.6255595 0.6602278 0.5881375 0.04919313
-9999 -9999 -9999 -9999 -9999 -9999 -9999 0 0.02013678 0 0.09611526 0.009964978 0.08957536 0.1072308 0.03302208 0 0.02757454 0.03439096 0.2550668 0.1680647 0.2127633 0 0.03059573 0.184544 0.01446578 0 0.1360338 0.1225397 0 0.06975485 0 0 0 0.07292319 0.3330026 0.02112736 0 0.01774481 0 0.09470259 0.003005949 0 0.0726606 0.09092487 0.2640291 0.04982206 0.02311577 0.007510465 0.1604848 0.106182 0 0.2917603 0 0 0.02195616 0.03260687 0.1884801 0.3459526 0.4768496 0.4658102 0.3808566 0.5768328 0.2725025 0.3312267 0.4368313 0.5392087 0.1130268
-9999 -9999 -9999 -9999 -9999 -9999 -9999 0 0 0 0.3417614 0.03046396 0.09065191 0.1810113 0 0.05312255 0.3050034 0.0861712 0.01686035 0.09547771 0.051748 0.003307473 0.1703369 0.1609778 0.1374147 0.005984688 0.01326447 0.3368664 0.1018499 0.01992996 0.08707787 0.05055807 0.0114469 0.01193214 0.05373926 0 0 0.0387467 0.0002801408 0.07210536 0.1753249 0.009964978 0 0.05266819 0.1166619 0 0.01986579 0 0.02751231 0.1035492 0.07247768 0.4475431 0.03402394 0.04470496 0.1024935 0.04098449 0.03594932 0.6772773 0.8085357 0.5698823 0.2666162 0.3660497 0.1700789 0.05492334 0.06271752 0.3103089 0.07113723
-9999 -9999 -9999 -9999 -9999 -9999 -9999 -9999 0 0.04346896 0.1249882 0.0002320748 0.0008187639 0.008544182 0 0.1401664 0.3523086 0.1915908 0.01992996 0.009964978 0.08011828 0.03625647 0.02978346 0.0275752 0.3151062 0.05520897 0 0.009964978 0.2161888 0.0441882 0.1464703 0.06884014 0.01425299 0.002227885 0 0 0.2291783 0.1207092 0 0 0.0229393 0 0.01182676 0.02478276 0.315003 0.02322553 0.1303216 0.09187578 0.009964978 0.02466282 0.08220505 0.4615162 0.09231953 0.02317649 0.002276212 0.05978987 0 0.3278833 0.4603977 0.08113667 0.09498462 0.4336198 0.3179356 0.1818959 0 0.1246926 0
-9999 -9999 -9999 -9999 -9999 -9999 -9999 -9999 0 8.904147e-005 0.1309855 0.009964978 0.05978987 0.1409305 0.009964978 0 -9999 -9999 0 0 -9999 0.005618072 0.004346907 0.01613966 0.03879217 0.04442045 0.009964978 0 0.08397199 0.04167202 0.009617427 0 0 -9999 0.009964978 0.009964978 0.02989493 0.009964978 0.009964978 0.001104949 0.3261393 0.01852068 0 0.002106 0.04544767 0.009696451 5.204928e-005 0.1703752 0 0.01992996 0.1558585 0.331615 0.4651496 0.1016882 0.02450339 0.009964978 0.1188704 0.2195622 0.2290921 0 0.1187069 0.264862 0.1587696 0.2832556 0.2554983 0.1792341 0.04966046
-9999 -9999 -9999 -9999 -9999 -9999 -9999 -9999 -9999 0.01232149 0.217895 0.05030343 0.1437005 0.03985991 -9999 -9999 -9999 -9999 -9999 -9999 -9999 -9999 0 0.009964978 0.04766454 0.3565513 0.005660647 0.05519039 0.05017221 0 0 0 -9999 -9999 0 0.009964978 0.01992996 0.0002118205 0.01424942 0 0.04982489 0.00129825 0 0 0 0 0.08758991 0.277124 0.04425235 0.009964978 0.1180327 0.2867874 0.5457385 0.3656909 0.01422612 0.009964978 0.1221876 0.3550826 0 0.04661101 0.3254921 0 0.2177798 0.2954754 0.2256802 0.3343807 0.4037914
-9999 -9999 -9999 -9999 -9999 -9999 -9999 -9999 -9999 0.03238157 0.1512617 0.1258484 0.02362629 0 -9999 -9999 -9999 -9999 -9999 -9999 -9999 -9999 -9999 -9999 0.06278451 0.131441 0.0125741 -9999 -9999 -9999 -9999 -9999 -9999 -9999 -9999 0 0.08507132 0.41891 0.03463677 0 0.02989493 0.008666729 0.0002761469 0.131331 0.05600446 0.0003366663 0.02756266 0.06242779 0 0.08673926 0.2119701 0.1683313 0.06607144 0.1058127 0.03795158 0 0.1303641 0.1393329 0.09348141 0.2037593 0.581497 0.1500794 0.1137035 0.09943373 0.07201406 0.05725357 0.501519
-9999 -9999 -9999 -9999 -9999 -9999 -9999 -9999 -9999 0 0.009964978 0 0.009964978 0 -9999 -9999 -9999 -9999 -9999 -9999 -9999 -9999 -9999 -9999 -9999 -9999 -9999 -9999 -9999 -9999 -9999 -9999 -9999 -9999 -9999 -9999 0 0.1942941 0 0 0.1051685 0.01073936 0.03791064 0.3217975 0.14497 0.1096291 0.03875022 0.1690498 0.01992996 0.0521919 0.3510853 0.03107459 0.009964978 0.1043308 0.1566669 0.08660485 0.01838464 0.009383083 0.3308269 0.6400009 0.3299797 0.1362143 0.02082339 0.5229332 0.269356 0.2005349 0.06926332
-9999 -9999 -9999 -9999 -9999 -9999 -9999 -9999 -9999 -9999 0 0.05978987 0.009964978 -9999 -9999 -9999 -9999 -9999 -9999 -9999 -9999 -9999 -9999 -9999 -9999 -9999 -9999 -9999 -9999 -9999 -9999 -9999 -9999 -9999 -9999 -9999 -9999 0.01145019 0.01844475 0.09042933 0.4592523 0.2788435 0.08514447 0.2089375 0.05898198 0.242902 0.1037697 0.2548682 0.06975485 0 0.006418541 0.0708358 0.07562666 0.009964978 0.0335858 0.1272035 0.06755726 0.006055091 0.02778 0.3860174 0.09100509 0 0.03396326 0.2066789 0.1744131 0.2652021 0.2820897
-9999 -9999 -9999 -9999 -9999 -9999 -9999 -9999 -9999 -9999 -9999 0 0 -9999 -9999 -9999 -9999 -9999 -9999 -9999 -9999 -9999 -9999 -9999 -9999 -9999 -9999 -9999 -9999 -9999 -9999 -9999 -9999 -9999 -9999 -9999 -9999 -9999 -9999 0.1256373 0.1684717 0.06275263 0.3209727 0.3527803 0.2271404 0 0 0.02009971 0 0.1944959 0.01354668 0.06923847 0.06786802 0 0.02989493 0.1982104 0.01222536 0 0 0.1317147 0.1144063 0 0.00966573 0.2610996 0.009964978 0.04673246 0.2070477
-9999 -9999 -9999 -9999 -9999 -9999 -9999 -9999 -9999 -9999 -9999 -9999 -9999 -9999 -9999 -9999 -9999 -9999 -9999 -9999 -9999 -9999 -9999 -9999 -9999 -9999 -9999 -9999 -9999 -9999 -9999 -9999 -9999 -9999 -9999 -9999 -9999 -9999 -9999 -9999 0.009964978 0 0.03360443 0.09489874 0.1229865 0.005802976 0 0.02029711 0.009597824 0.05194965 0.008536661 0 0 0 0 0.4040217 0.1420728 0 0 0.05627768 0.1442654 0.01180645 0.1102326 0.08534969 0.09197634 0.06012117 0.3142526
-9999 -9999 -9999 -9999 -9999 -9999 -9999 -9999 -9999 -9999 -9999 -9999 -9999 -9999 -9999 -9999 -9999 -9999 -9999 -9999 -9999 -9999 -9999 -9999 -9999 -9999 -9999 -9999 -9999 -9999 -9999 -9999 -9999 -9999 -9999 -9999 -9999 -9999 -9999 -9999 0 0 0 0 0 0.2226268 0.009964978 0 0.01992996 0.0005255115 0.04842432 0.009964978 0.01308975 0.02380814 0.06975485 0.0184169 0.05214607 0 0 0 0.2452363 0.2514987 0.5265016 0.1645814 0.1861372 0.03532502 0.2259143
-9999 -9999 -9999 -9999 -9999 -9999 -9999 -9999 -9999 -9999 -9999 -9999 -9999 -9999 -9999 -9999 -9999 -9999 -9999 -9999 -9999 -9999 -9999 -9999 -9999 -9999 -9999 -9999 -9999 -9999 -9999 -9999 -9999 -9999 -9999 -9999 -9999 -9999 -9999 -9999 0 0 0 0 0 0.07632253 0.005421258 0.0145087 0.01992996 0.01992996 0.001400576 0.150933 0.2108692 0.1810881 0.04982489 0 0 0 0 0.006877868 0 0.09651957 0.1503726 0 0 0 0.237544
-9999 -9999 -9999 -9999 -9999 -9999 -9999 -9999 -9999 -9999 -9999 -9999 -9999 -9999 -9999 -9999 -9999 -9999 -9999 -9999 -9999 -9999 -9999 -9999 -9999 -9999 -9999 -9999 -9999 -9999 -9999 -9999 -9999 -9999 -9999 -9999 -9999 -9999 -9999 -9999 -9999 0 0.1138399 0.05256881 -9999 -9999 0 0.02006421 0.07194017 0.08678735 0.009964978 0.1321634 0.1037031 0.06126349 0.03487569 0 0.01992996 0.007418753 0.03917156 0.1813449 0.08083165 0 0.1646223 0.1940332 0.1675123 0.01873556 0.01449217
-9999 -9999 -9999 -9999 -9999 -9999 -9999 -9999 -9999 -9999 -9999 -9999 -9999 -9999 -9999 -9999 -9999 -9999 -9999 -9999 -9999 -9999 -9999 -9999 -9999 -9999 -9999 -9999 -9999 -9999 -9999 -9999 -9999 -9999 -9999 -9999 -9999 -9999 -9999 -9999 -9999 0.03860503 0.2333136 0.0698865 -9999 -9999 -9999 0.02593767 0.130227 0.03351209 0 0.009964978 0.009964978 0.08503033 0.2296124 0.06124805 0 0.002546226 0.02061831 0 0 0 0.05822963 0.3006863 0.1340715 0 0.06063824
-9999 -9999 -9999 -9999 -9999 -9999 -9999 -9999 -9999 -9999 -9999 -9999 -9999 -9999 -9999 -9999 -9999 -9999 -9999 -9999 -9999 -9999 -9999 -9999 -9999 -9999 -9999 -9999 -9999 -9999 -9999 -9999 -9999 -9999 -9999 -9999 -9999 -9999 -9999 -9999 -9999 -9999 -9999 -9999 -9999 -9999 0 0 0.01992285 0.03439558 0.09538484 0 0.01992996 0.03260441 0.02318594 0.001797148 0.04469288 0.08338274 0.01992996 0.1210135 0 0 0.3215395 0.1493956 0.03604119 0 0.07887147
-9999 -9999 -9999 -9999 -9999 -9999 -9999 -9999 -9999 -9999 -9999 -9999 -9999 -9999 -9999 -9999 -9999 -9999 -9999 -9999 -9999 -9999 -9999 -9999 -9999 -9999 -9999 -9999 -9999 -9999 -9999 -9999 -9999 -9999 -9999 -9999 -9999 -9999 -9999 -9999 -9999 -9999 -9999 -9999 -9999 0 0.05086643 0.05686498 0.1667602 0.2489511 0.02513554 0.009223578 0.02989493 0.009964978 0.01992996 0.009964978 0.02429019 0.04693376 0 0.008531192 0.009964978 0.02323334 0.04479879 0.02015621 0.06818815 0.002123304 0.06053866
-9999 -9999 -9999 -9999 -9999 -9999 -9999 -9999 -9999 -9999 -9999 -9999 -9999 -9999 -9999 -9999 -9999 -9999 -9999 -9999 -9999 -9999 -9999 -9999 -9999 -9999 -9999 -9999 -9999 -9999 -9999 -9999 -9999 -9999 -9999 -9999 -9999 -9999 -9999 -9999 -9999 -9999 -9999 -9999 0 0.0116719 0.03942461 0.0864991 0.1833116 0.1492183 0.01793077 0.002740588 0.01992996 0 0.01992996 0 0.01803788 0 0.01808034 0.03369113 0 0.09888707 0.04728422 0 0 0 0.004749108
-9999 -9999 -9999 -9999 -9999 -9999 -9999 -9999 -9999 -9999 -9999 -9999 -9999 -9999 -9999 -9999 -9999 -9999 -9999 -9999 -9999 -9999 -9999 -9999 -9999 -9999 -9999 -9999 -9999 -9999 -9999 -9999 -9999 -9999 -9999 -9999 -9999 -9999 -9999 -9999 -9999 -9999 -9999 0 0 0.1111175 0.08586897 0.009964978 0.009995421 0.009850843 0 0.02778575 0.3136528 0.08092819 0.01992996 0 0.00189208 0 0.1522212 0.1348166 0.05160905 0.2457761 0.01837336 0 0.1970915 0 0
-9999 -9999 -9999 -9999 -9999 -9999 -9999 -9999 -9999 -9999 -9999 -9999 -9999 -9999 -9999 -9999 -9999 -9999 -9999 -9999 -9999 -9999 -9999 -9999 -9999 -9999 -9999 -9999 -9999 -9999 -9999 -9999 -9999 -9999 -9999 -9999 -9999 -9999 -9999 -9999 -9999 -9999 0 0 0 0 0 0 0.01992996 0.2691825 0.009964978 0.000674569 0.03443325 0 0 0 0.03021617 0.117147 0 0 0.05294573 0.03155563 0.0481642 0 0.1317528 0 0
-9999 -9999 -9999 -9999 -9999 -9999 -9999 -9999 -9999 -9999 -9999 -9999 -9999 -9999 -9999 -9999 -9999 -9999 -9999 -9999 -9999 -9999 -9999 -9999 -9999 -9999 -9999 -9999 -9999 -9999 -9999 -9999 -9999 -9999 -9999 -9999 -9999 -9999 -9999 -9999 -9999 -9999 0 0.01979663 0.1335801 0 0.01992996 0.00071598 7.239945e-005 0.009964978 0 0 0.0009144058 0.009964978 0 0 0.01804704 0.002111513 0.02501007 0 0 0 0 0 0 0 0.009964978
