EnvRasters/GE_High/resdntl.asc
ncols         270
nrows         223
xllcorner     24099.479091542
yllcorner     21023.840179216
cellsize      1003.8986847201
NODATA_value  -9999
[rows 116 to 144 of 223, columns 134 to 200 of 270]
0.3076094 0.01244909 0.1920921 0.001993069 0.4878833 0.6120415 0.2126433 0.1748326 0.07187588 0.166922 0.3478827 0.289311 0.1293465 0.2528302 0.3433802 0.1818377 0.1404992 0.1819095 0.0251618 0.3397238 0.05073787 0.4797426 0.5611016 0.5076441 0.4205449 0.4070334 0.4308063 0.4844778 0.3120818 0.1820038 0.01560698 0.03421791 0.1798391 0.3053537 0.1595031 0 0.06523348 0 0 0.01364795 0.05335172 0.08646465 0.029354 0.1891104 0.1407106 0.06975485 0.1260409 0.08607156 0.196765 0.02777921 0.0416495 0.01961653 0.02795155 9.165e-005 0.009666268 0.003431007 0.1654815 0.04982489 0.01292757 0.005688735 0.01210856 0.004075067 0 0.009964978 0.1547251 0.07351961 0.1324691
0.4530945 0.08262778 0.1623001 0.2094127 0.07612132 0.0702373 0.3616825 0.1501985 0.2035654 0.4333255 0.3905839 0.3695075 0.2618691 0.1513844 0.1690132 0.01992996 0.06636106 0.3712869 0.3037005 0.2120152 0.01992996 0.1181414 0.1463986 0.009964978 0.1308082 0.4398368 0.4797962 0.3661097 0.4324003 0.3632897 0.0157089 0.00831713 0.1904399 0.125251 0.1405904 0.1381009 0.1131204 0.03082138 0 0.1304795 0.0751485 0.01992996 0 0.007192849 0.2116748 0.02125146 0.3265421 0.01758756 0.01982024 0.09135223 0.008297554 0.02061454 0.1470812 0.09173885 0.1227738 0.2163342 0.03963565 0.2352797 0.01285736 0 0.2222343 0.0257418 0 0 0.1456867 0.07118251 0.1405939
0.3208654 0.5294306 0.5601794 0.1864678 0.07836624 0.03549927 0.3458071 0.4147523 0.412945 0.4857416 0.4940745 0.1888732 0.6032423 0.24142 0.1584722 0 0.3237838 0.2029347 0.1406965 0.1752491 0.09964979 0.3123949 0.3948515 0.2178548 0.2393911 0.2582417 0.4565686 0.3589472 0.3664916 0.3597397 0.3259834 0.177792 0 0.009964978 0.05691664 0.122781 0.08001539 0.01520235 0 0 0.09607653 0.02664884 0.04982489 0.1097922 0.3903898 0.2541347 0.2761999 0.07482011 0.03018309 0.01039943 0.03780213 0.08900023 0 0.01992996 0 0 0.03985991 0.08420823 0 0.072786 0.03483875 0.02821357 0.01753022 0 0.1432977 0 0
0.7375757 0.6595096 0.5318991 0.6322598 0.3603621 0.3333328 0.1605876 0.4073801 0.3751512 0.2950952 0.4786363 0.1515395 0.2022378 0.009072181 0 0.1232173 0.239318 0.313995 0.1185494 0.1074071 0.05892127 0.426412 0.4372719 0.3961932 0.3319987 0.2501259 0.3523727 0.08215424 0.1059921 0.08381693 0.1744645 0.003438156 0.02844038 0.04016424 0.01251618 0.01803946 0.1037466 0.2786569 0.2535584 0.0009775189 0.01992996 0.2723005 0.05978987 0.0103009 0.1192262 0.06233706 0 0 0 0 0 0.05560018 0.03408463 3.002528e-005 0.09957732 0 0 0.009964978 0.1195133 0.07670597 0.03985991 0.1964853 0.02497439 0 0 0 0
0.1846023 0.5781897 0.4671254 0.1153763 0.225268 0.3109335 0.449366 0.2478227 0.4098043 0.5962766 0.4753115 0.1643315 0.008908074 0 0.009964978 0 0 0 0.3120375 0.263386 0.3842919 0.519014 0.4375125 0.2153533 0.2908286 0.4299238 0.8016943 0.3316109 0.1059705 0.04855343 0.3879972 0.2489295 0.07294611 0.1448824 0.009964978 0.03812556 0.4713461 0.1014638 0.1291826 0 0.08041793 0.2298293 0.07297746 0.01945595 0 0 0 0.00173471 0.04982489 0.09863383 0.02213411 0 0 0.02351334 0.09610885 0 0.0237965 0.192743 0.01992996 0 0 0.08591391 0.127532 0 0.02989493 0.08968481 0
0.264848 0.6191766 0.1930221 0.3187383 0.3184364 0.1603829 0.3312889 0.03542679 0.2879798 0.09198201 0.06991529 0 0.02132792 0.06598449 0.01992996 0 0.02989493 0 0.0497598 0.1633825 0.05737346 0.1079655 0.115894 0.02352635 0.1311161 0.2037642 0.4244765 0.4332203 0.218217 0.2815735 0.2458977 0.08821377 0.05184603 0.05774059 0.02989493 0 0 0 0 0.1532179 0.4278816 0.2621547 0.02678095 0.002874149 0.009964978 0 0.05978987 0.01819525 0.2139053 0.08121399 0.007282615 0.01576279 0.007127872 0.02989493 0.004282069 0.03557784 0.05512672 0.05669516 0.009964978 0 0.009964978 0.08534171 0.02194271 0 0 0 0
0.1408238 0.3059888 0.681995 0.436616 0.09623554 0.01193597 0.113612 0.05502763 0 0.04982489 0.04211977 0.1472148 0.06108642 0.2210161 0.1217462 0.02032844 0.01992996 0.1926187 0.2366651 0.006361402 0 0 0.06715909 0.1833043 0.2592262 0.06924208 0.2124173 0.3105011 0 0 0 0.01962865 0.4879828 0.1048075 0.03542469 0.05121537 0 0.01992996 0.158132 0.2664452 0.2799085 0.2150938 0 0.04994939 0.1438683 0.08858484 0 0.03985991 0.05514911 0 0.01992996 0.08738621 0.009302876 0.1384429 0.01132387 0 0.07023781 0 0.01992996 0.07490847 0.04694239 0 0.05773985 0.08299571 0.1144525 0.03783689 0.002023028
0.2041674 0.3114667 0.5303041 0.3572191 0.07293229 0 8.556329e-005 0.002467298 0.1486517 0.2103364 0.1485105 0.3589408 0.1161127 0.1652708 0.5021039 0.08152896 0 0.01992996 0.01277889 0 0.01800918 0.03772417 0.3801251 0.3508215 0.1559862 0.2911281 0.1074611 0.1241921 0.04289965 0.00676652 0 0.01304182 0.005130523 0.008402693 0.07399558 0.4901737 0.1433242 0.08198825 0.02026973 0.02989493 0.07971983 0 0.01992996 0.006966329 0.09192093 0.0144352 0.07028256 0.02148443 0.02298462 0.0643369 0.006579965 0.007935285 0.1606059 0.2346089 0.009964978 0.02506286 0.004832078 0.01844711 0.1457571 0.1783534 0.0005114039 0 0.012015 0.06604734 0.1052086 0 0.03985991
0.1152755 0.3182175 0.3955624 0.221348 0.3160635 0.3415731 0.3504659 0.04567724 0.1971245 0.326218 0.07528489 0.2085468 0.03819829 0.3208519 0.1250271 0.05978987 0 0 0.01358002 0.1169392 0.09412779 0.2417494 0.3850432 0.3984608 0.1852067 0.2462854 0.2616744 0.09911245 0.197199 0.2703785 0.01992996 0 0 0.03290669 0.07049019 0.06682368 0.04982489 0.1168556 0.05878972 0.07957831 0.03638201 0.04710595 0.02330773 0.01992996 0 0.009964978 0.08171619 0.03863579 0.007110546 0.04560821 0.009964978 0 0.0722564 0.3211817 0.02024789 0.01992996 0 0.112902 0.06990174 0 0 0 0.01486469 0.01503025 0.06906386 0.01303186 0
0.2292729 0.2163788 0.07364972 0.06616665 8.412435e-007 0.2390497 0.2170239 0.2274489 0.07112942 0.09557024 0.01992996 0.00157873 0.01213912 0.1322606 0.2390686 0.2662438 0.04650098 0 0.09332969 0.2130703 0.5032986 0.214065 0.06175338 0.1205267 0.04013822 0.1439622 0.5963119 0.2451591 0.244724 0.2577182 0.009964978 0 0.01853178 0.3380976 0.1793296 0.06575082 0 0.138117 0.06543459 0.0141699 0.07828481 0.06742174 0.006587209 0 0.1521132 0.1799575 0.01992996 0 0 0 0 0 0 0.01221531 0.03038932 0.03981185 0 0 0 0 0.02989493 0.0855747 0.139814 0.1276703 0.03533848 0.002145541 0
0.07869529 0.1862556 0.055895 0.0001056636 0.1991939 0 0 0.04487177 0.2217929 0.003940338 0 0.008386249 0 0.04817038 0.07095409 0.2193148 0.0097395 0 0.01992996 0 0.06320795 0.02762815 0.1428705 0.1037529 0 0.00784267 0.04428663 0.127006 0.01992996 0 0 0.06468088 0.007411202 0 0.009964978 0 0.01012242 0.1956473 0.1440858 0.03501902 0.009964978 0 0 0 0.08444152 0.08284367 0 0 0 0.02989493 0 0 0.06960899 0.2778405 0.04840492 0.06980291 0.009964978 0 0 0.07405173 0.02559805 0.01158945 0 0.03395063 0.01992996 0 0.1045201
0.1169764 0.4367755 0.4269844 0.07793722 0.282002 0.213642 0.1311128 0 0.02442208 0.05411814 0.002496191 0.03903531 0 0 0.009964978 0.09906559 0 0 0.009964978 0 0 0.05788342 0.03656918 0.009964978 0 0.03591421 0.2598022 0.1148603 0.05827639 0.1804723 0.01995206 0.03368279 0.01380488 0.01579818 0 0.01535577 0.04650504 0.3330887 0.02143632 0.03891165 0.01992996 0.121441 0.06789361 0.01992996 0.1947134 0.0433392 0.0133999 0.06602328 0.04232037 0 0.009964978 0 0.06761253 0.1441357 0 0.009964978 0.01992996 0.05886923 0.2170463 0.01992996 0.1060479 0.02930938 0 0 0.09073854 0.08092018 0.06352106
0.05659456 0.2097421 0.06365664 0.07447571 0.0838562 0.01411262 0.1593114 0.01992996 0.2706076 0.008383769 0.2353112 0.1388597 0 0.01992996 0.1629806 0.004330113 0.1335532 0.2160362 0.104702 0 0 0.01992996 0.06600866 0 0.06181269 0.1537269 0.4255867 0.3531803 0.1310582 0.1449728 0.003377084 0 0.1196068 0.2114945 9.15917e-005 0.08704479 0.04017992 0.02942511 0.04982489 0.06632307 0.08148468 0 0.006996844 0.02989493 0.1096148 0 0.1039689 0.1793823 0.1415986 0.1729576 0.001481556 0 0.03737621 0.009964978 0 0 0.006647143 0.01451514 0.05140835 0 0.0112884 0.02795413 0.1889396 0.02018224 0.3559115 0.01083498 0.0814037
0.3240977 0.1534481 0.3959917 0.1154833 0.009964978 0 0 0.08675646 0.3296219 0.2439091 0.08019526 0.3463843 0.3155082 0.01113087 0.1800626 0.03704687 0.01992996 0.03962747 0.009964978 0.005599468 0.01433049 0.1701279 0.1913629 0.2083475 0.09769708 0.01051264 0.2671771 0.03628832 0.01992996 0.009964978 0.02596342 0.04343529 0.05686478 0.1344981 0.320136 0.1682462 0.01420991 0.03036476 0.009171626 0.2349947 0.2891985 0.03767842 0.04633386 0 0 0 0.284096 0.201848 0.1994443 0.1250885 0.008483422 0.01992996 0.03244814 0.06813107 0 0 0.09367834 0.006259526 0.01992996 0 0.01992996 0.0910583 0.247159 0.01911106 0 0 0.08013729
0.08626804 0.09389677 0.1423515 0.1280831 0 0.07316131 0.05638341 0.001638381 0.2052487 0.1781027 0.08038053 0.2361325 0.01590726 0.00879909 0.009964978 0.01850902 0.0005096666 0 0 0 0.009964978 0.3970387 0.1752798 0.004621845 0 0.008132478 0.04063069 0.2966333 0.04733383 0.0411742 0.05229311 0.04771282 0 0 0.04051722 0.04655103 0 0 0.08051318 0.009964978 0.05762392 0 0.006459165 0.01995105 0.2605429 0 0 0 0.1564702 0.02113492 0 0 0.03893048 0 0.2092645 0.01992996 0 0.03985991 0.02708182 0.01214046 0 0.01130047 0.01858539 0.06676401 0.02026031 0.1324292 0.1179933
0.147852 0 0.0141149 0.2191117 0 0 0 0.02762031 0.1270263 0 0 0.3311758 0.2726269 0 0 0.02488465 0.1041504 0.02567547 0.1694186 0.003967187 0 0 0 0 0.2943806 0.07615607 0.009964978 0.3201508 0.117068 0.2478166 0.1424875 0 0 0.01866832 0.1018566 0.2303488 0.242303 0.1019107 0.01824506 0 0.01403208 0 0 0.07971983 0.08821027 0.01992996 0.06036895 0.04671974 0.05332684 0.2020413 0 0 0 0.009964978 0 0 0.009964978 0 0.02056759 0 0.01892237 0 0.1283717 0.02691384 0.02989493 0.06743492 0.01974094
0.3773515 0 0 0.3261445 0.08599808 0.009964978 0 0.07557572 0.1116716 0.01684531 0 0.2558611 0.0643677 0 0.01015952 0.05448712 0.009161782 0.005797561 0.1760231 0.09743702 0 0 0 0.08587117 0.04982489 0 0.01674828 0.322982 0.08888426 0.1294203 0.0001722744 0.1510465 0.2340263 0.07371963 0.1545297 0 0 0.01505611 0 0.07357267 0.2497883 0.08358977 0.008538661 0.1986905 0.01316767 0.004405777 0.09372979 0.004040286 0 0.009964978 0.02535556 0.07175475 0.006588112 0.003376867 0 0 0 0.009964978 0.08862127 0 0.001007591 0.009964978 0.1847066 0.0003075762 0.05635054 0.1787266 0
0 0.0006149655 0.003703379 0.07930186 0.01262563 0.002509978 0.007455001 0 0.1715036 0.01051448 0 0.09964979 0.02825145 0.06076053 0.08207701 0.195639 0.1154559 0.01992996 0.07994827 0.04953698 0.01992996 0 0 0.003813632 0.2222431 0.02688137 0.04835964 0.2384166 0.2404652 0.0004554875 0 0.0001102994 0.009823035 0 0 0.009964978 0 0.01992996 0.05268831 0.0149899 0.02306275 0.01999647 0.08938092 0.2280033 0.4473843 0.01026931 0.02512482 0 0 0 0.06044783 0.0118465 0 0.02989493 0 0 0 0.07904977 0.03095847 0 0 0.07810272 0.241974 0.06023945 0.05390722 0.02752285 0.02989493
0 0.0107728 0.2738932 0 0.3098056 0.05593217 0.002356614 0 0.094666 0.07209019 0 0 0 0.1984873 0.01310103 0.04097843 0.2062252 0 0.1592112 0.01025289 0.08968481 0 0.06763235 0 0 0 0.03908204 0.01535242 0.1217933 0.02034647 0 0 0.1431027 0.01992996 0 0 0 0 0.2615837 0.04375424 0.003534745 0.01639521 0.3490021 0.6546873 0.07411159 0 0 0.009964978 0.009964978 0 0 0 0 0 0.1107928 0 0.08445528 0.1850255 0.02856873 0.0600942 0.1571391 0.001713251 0.112655 0 0 0.02523729 0.1440316
0.1604262 0.01082404 0.00355214 0 0.02704503 0.0645673 0.1009511 0.002901805 0.01380432 0.006125635 0.009964978 0.06704125 0.03538319 0.009964978 0 0 0.0368066 0.003586926 6.518073e-005 0.03718597 0.01263892 0.03985991 0.002122493 0.00747673 0.001174154 0.04982489 0 0 0.01992996 0 0 0.03654966 0.2186604 0.05187097 0.04173947 0.05244932 0.01992996 0 0 0 0 0.04195073 0.2242894 0.1120224 0.006747506 0.009964978 0.03256028 0.04730945 0.08429582 0 0.04662009 0.03309973 0.01992996 0 0.07854175 0 0 0.02017369 0.0501467 0 0.088768 0 0 0 0 0 0.08550446
0.4166044 0.1353648 0.02439952 0.009964978 0.1044866 0.2711276 0.04721799 0.03960291 0 0 0 0.3135335 0.08969734 0.01453499 0.001308716 0 0.01939634 0.006864548 0.05286014 0 0.06358286 0.2254015 0 0.03103064 0.1135404 0.08290781 0.0395765 0.02786972 0.06718598 0.01728301 0.06168092 0.009326279 0.043366 0.01242437 0.0516079 0.1961762 0 0 0 0 0.06054601 0.1853033 0.06975485 0.04482812 0.01496175 0.01992996 0.007299632 0.2177833 0.09903543 0 0 0 0.04982489 0.02871024 0.1498231 0.03347956 0 0 0 0 0.2011078 6.504141e-006 0 0 0 0 0
0.01513402 0.004686225 0.01868683 0 0 0.185792 0.01971199 0 0.1550414 0.08516884 0 0.007953612 0 0 0.008656262 0 0.01992996 0.009964978 0.01992996 0.01992996 0 0.009420365 0 0 0.04276964 0.000120067 0 0.00230863 0.06334753 0.2512971 0.1824105 0.05336571 0.1459893 0.02374798 0 0.01840778 0 0.2794373 0 0.1793696 0.07093918 0.01897035 0.0507845 0.2338683 0.1302246 0.06359678 0.01992996 0 0.002237721 0 0 0 0 0.1050691 0.001797361 0 0 0.009938605 0 0 0.05153194 0 0 0 0 0 0.1202791
0.1586849 0.2702401 0.2030824 0.007066777 0 0 0.006605981 0.04438385 0.0841101 0.03259771 0 0 0 0.03985991 0 0 0.01992996 0 0 0.03985991 0 0.0005446133 0.008984734 0.08993708 0.03816019 0 0 0 0.2132329 0.373184 0.2960123 0.06749077 0.07971421 0.04982489 0.2119102 0.007319327 0 0.01951203 0.01380191 0.01609302 0 0 0.03523618 0.1704894 0.02925879 0.3685291 0.02423204 0.01358034 0.02765721 0.06386371 0.005069082 0.002115709 0 0.02109507 0.02702478 0.1059974 0.009262767 0.06009455 0.01038889 0 0 0 0 0 0.001888545 0.008076433 0
0 0.0550312 0 0.01992996 0 0.1005296 0.1310598 0.1612915 0.4516024 0.007262203 0 0 0.02607962 0.1233951 0 0.2205916 0.1182177 0 0 0.04982489 0.02989493 0 0.01849927 0.07555129 0.02235765 0 0.009964978 0 0.09068666 0.02646924 0.3346219 0.1335319 0.003490954 0 0 0.06975485 0.009964978 0 0 0.009964978 0.04440254 0.009964978 0 0 0.0815751 0.1049966 0 0 0.1965011 0.2874631 0.2120865 0.02013423 0.05813059 0.03127714 0.03612524 0.2993219 0.03016961 0.06975485 0 0 0.009964978 0 0 0.09721755 0.1916836 0.0157625 0.007715319
0.3498921 0.1402605 0.04335667 0.08485916 0 0.05142859 0.03586133 0.06610828 0.1082311 0 0 0 0.01992996 0.0015725 0 0 0 0.01047049 0.05374325 0.08616786 0 0 0.02960802 0.1254659 0.3370067 0.08911527 0 0 0.1576139 0.1327839 0.1557643 0.06390419 0.04525421 0 0 0.02989493 0 0.03611735 0.009964978 0 0.08022135 0.004920837 0.02989493 0.005916231 0.05489124 0 0 0 0.03985991 0 0 0 0.0173661 0.06031893 0.001031452 0 0.009690303 0.009999817 0.009964978 0.009964978 0.1282351 0.05085679 0.2165661 0.05756218 0.09286673 0.1295447 0.00224966
0.08958405 0.03047081 0.06712169 0.03385699 0.04033329 0.04107063 0 0.02989493 0.1295447 0 0 0 0.009964978 0.1178373 0.1727083 0 0 0.2380578 0.07991458 0.009964978 0.04982489 0 0 0 0.01261609 0.01965095 0 0 0.1934166 0.1457354 0.009964978 0.1090411 0.04204733 0.03632608 0.009964978 0.01992996 0.1395097 0.01370754 0 0.02477387 0.005121068 0.01992996 0 0.06830968 0.1078507 0 0 0 0 0 0 0 0.05978987 0 0 0 0.1916411 0.3206178 0.1091504 0.2415249 0.4015676 0.2348272 0.1446602 0.001077234 0.04664296 0 0
0 0 0.01490096 0.02849991 0.06247449 0.03549121 0 0 0 0 0 0.009964978 0 0.00834605 0.01841513 0 0 0 0 0 0.009964978 0.07875479 0.020895 0.03031203 0.009547885 0 0.01992996 0.00150428 0.04048417 0 0.01992996 0 0.02964163 0.1400697 0.003712639 0.03614727 0 0.009964978 0.02989493 0 0 0 0 0.04982489 0.2248899 0.006496218 0.01992996 0 0.1096148 0.0121746 0.08015235 0 0 0 0.009669052 0.09042232 0.3169913 0.1479452 0.01003851 0.05119584 0.3286856 0.2858538 0.05433492 0.08783846 0 0 0
0.01722455 0.08242523 0.1227563 0.003247457 0.004158047 0 0 0.03985991 0 0 0 0 0 0.009964978 0 0 0 0 0.08876244 0.0102693 0.07011122 0.0002616695 0.0507444 0.2698026 0.1875238 0.01769334 0.009964978 0 0.007721104 0 0 0.01992996 0.01319215 0 0.003842759 0.06808426 0.03985991 0 0.01992996 0.1400538 0.00449649 0 0 0 0.07087827 0.03672292 0 0 0 0.03765029 0.09921727 0.009964978 0 0 0.009964978 0 0.01992996 0.009964978 0.001364263 0.2270221 0.3764955 0.3056962 0.1057541 0.004848757 0 0 0.04567097
0 0.01992996 0.02989493 0 0.01577191 0.01398729 0 0 0.0331105 0.009964978 0 0.009964978 0.009964978 0.04355851 0 0 0 0 0 0.009964978 0 0 0.05275417 0.1053614 0.02330438 0.04043754 0.2430678 0 0.2914259 0.03864005 0 0.006986809 0.1003159 0 0.014094 0.06345365 0 0.009964978 0.005295245 0.004924354 0 0 0 0 0.09982702 0.001836344 0 0 0.01799144 0.06975485 0 0.01868323 0.2221281 0.03006768 0.1704414 0 0 0.001319703 0.3553102 0.1865587 0.2970839 0 0.0319409 0.01992996 0.009964978 0 0.1536286
