EnvRasters/GE_High/sealed.asc
ncols         270
nrows         223
xllcorner     24099.479091542
yllcorner     21023.840179216
cellsize      1003.8986847201
NODATA_value  -9999
[rows 60 to 89 of 223, columns 0 to 65 of 270]
-9999 -9999 -9999 0 0 0.0050012 0 0 0 0.04982489 0.00380992 0.04013822 0.02026031 0.005546405 0.009964978 0.01241582 0.009964978 0.01992996 0.009964978 0.02989493 0.03120072 0.01908699 0 0 0.00817459 0.001790389 0 0 0 0.02989493 0.01720659 0.1205954 0.09873261 0.223453 0.04805791 0.03752632 0.2933448 0.1854905 0.2451624 0.03406778 0.03984867 0.06317773 0.07633197 0.005207152 0.009685629 0.009964978 0.04982489 0 0.03074867 0.03900618 0.1791612 0.02374681 0.1522876 0 0.009964978 0.03985991 0 0.0180352 0.06719061 0.1638987 0 0.03985991 0.03948679 0.04040725 0.01033063 0.1099819
-9999 -9999 0 0.001939874 0.04788502 0.004963778 0 0 0 0.02366977 0.03612011 0.009964978 0 0.005139285 0.1144405 0.01016755 0.02989493 0 0 0.06354719 0.01486686 0.009964978 0 0 0 0 0.0180089 0.04115536 0.04982489 0 0.02265333 0.1218019 0.04751901 0.02332019 0.02873819 0.03262288 0.3164661 0.2187622 0.3392236 0.1232825 0.3453449 0.08508576 0.009964978 0.01472281 0.2516052 0.04762353 0.1022818 0.004825964 0.02572967 0.1809028 0.2388947 0.01664119 0.027082 0.02989493 0.02989493 0.04557277 0.0142171 0.009964978 0 0.02096764 0 0.03009902 0.02019102 0.06003008 0.09982399 0.01940816
-9999 -9999 0 0 0.009964978 0 0.01315615 0.006773811 0.009964978 0.009964978 0.04984526 0.007539315 0 0 0.009964978 0.02249406 0 0 0 0.03985991 0 0 0 0.01992996 0.01764372 0.0224958 0.01992996 0.0105906 0.009964978 0 0.01105106 0.09794693 0.03079235 0.07904822 0.09168442 0.06628621 0.1476135 0.2646161 0.4295456 0.4680787 0.7175781 0.2415522 0.06189898 0.03173023 0.00484265 0.03501726 0.09548733 0.01100654 0.04383147 0.1045972 0.1697556 0.006845373 0.1085686 0.04090604 0.07706693 0.009964978 0.009964978 0.05145551 0 0.02885726 0.03942464 0.04049776 0.07124622 0.1582813 0.02989493 0
-9999 0.009964978 0.04982489 0.02989493 0 0.01992996 0.01992996 0.02989493 0 0.01992996 0.06795891 0.03409618 0 0 0 0.01471244 0 0.01992996 0 0.01992996 0 0 0.009964978 0 0.03001944 0.02989493 0.009770528 0.009484263 0 0.001891722 0.2074057 0.05998563 0 0.06193051 0 0.05218884 0.1267083 0.2534447 0.1886477 0.1813332 0.2910617 0.3854194 0.1645041 0.07186045 0 0 0.02427325 0.09368087 0.2535658 0.009964978 0.009964978 0.009964978 0.01048972 0.04495335 0.05247779 0.02819827 0.01892002 0.06086586 0.009964978 0.04129038 0.1809404 0.02033908 0.1095442 0.03997519 0 0.01146773
0 0 0 0.01992996 0.009964978 0 0 0.009964978 0.009964978 0.009964978 0.01580028 0.001910093 0.02182076 0.01141338 0 0.002766674 0.01992996 0 0.02188988 0.009964978 0.009964978 0 0 0.009465854 0.01189627 0.01992996 0.02000966 0.0005954637 0.02989493 0.02989493 0.03115637 0 0.01827254 0.009964978 0 0.03485351 0.02855629 0.3587602 0.1440875 0.08885635 0.1968942 0.395485 0.5808527 0.6530155 0.4597268 0.04727762 0.0756809 0.226776 0.003818988 0 0 0.009964978 0.02691669 0.06262676 0.1441795 0.01213086 0.09952545 0.06034648 0.05377935 0.03790936 0.09333318 0.1089156 0.1401891 0.08874523 0.009964978 0.09088115
-9999 0 0 0.04982489 0 0 0.01992996 0.02989493 0.004556715 0 0.009162731 0.03674481 0.02368086 0.1124896 0.003099366 0.01393516 0.003228125 0.03711032 0.05061456 0 0 0.009964978 0.1524623 0.1360195 0.2182627 0.0293976 0.02050787 0.009964978 0 0 0.02989493 0 0.001657419 0 0 0.01497138 0.003058638 0.1028671 0.09079978 0.07860486 0.1152462 0.1990941 0.3415881 0.1595257 0.2139871 0.1846422 0.2025692 0.1961781 0.1802031 0.0842084 0.1986806 0.1221474 0.1163834 0.0903974 0.218967 0.3266697 0.008059341 0.1701371 0.03949849 0.1261401 0.2662315 0.07180636 0.02843074 0.08380741 0.1452869 0.02031444
-9999 0 0.009964978 0 0.009964978 0.005331817 0 0 0.005408264 0.008503635 0 0.0698273 0 0 0.02357541 0.01318514 0.009964978 0 0.02731077 0.01441976 0.001376158 0 0.009964978 0.02989493 0.03949308 0.03004546 0 0 0 0.01992996 0.06855462 0 0 0 0.08543665 0 0.01992996 0.152517 0.009964978 0.00644861 0.02996739 0.05087955 0.04826197 0.1759613 0.2167972 0.03803131 0.01842099 0.2122376 0.06569213 0.09389835 0.2772265 0.1003886 0.3326544 0.2661215 0.1734499 0.1164416 0.06987701 0.2941563 0.2112749 0.1230403 0.04122182 0.1166393 0.3086066 0.3763166 0.1002105 0.01019332
-9999 0 0 0 0.1328816 0.08217199 0 0 0.01992996 0.04662251 0.0146287 0.02599444 0 0.009964978 0 0 0.009964978 0 0.02641849 0.09812832 0.1872795 0 0 0.01952681 0.0004031507 0.06952375 0 0 0.01942676 0 0.02113018 0.06828006 0.08794116 0.02071363 0.05429931 0.02700254 0.05978987 0.06975485 0.1494747 0.05334126 0.04368857 0.1127842 0.1433595 0.07256207 0.0328138 0.1030694 0.00903702 0.07045618 0.03604954 0.01992996 0.006326968 0.03337118 0.1801335 0.3030314 0.2373752 0.667769 0.1332234 0.3371879 0.3870163 0.05506386 0.08880535 0.0121603 0.5561606 0.273686 0.02209127 0.04263039
-9999 0 0.009964978 0.01186428 0.004248421 0.02893895 0.005516693 0 0 0.009964978 0 0.01992996 0.009964978 0 0.009964978 0.02989493 0.04762977 0.04006014 0.001994894 0.007130931 0.5409318 0.01428259 0 0.009964978 0.02006535 0.009829586 0.01992996 0 0.0005031959 0.01992996 0.01992996 0.01992996 0.04991775 0.06167234 0.09953307 0.0997665 0 0.06393356 0.03571623 0.03985991 0.07478549 0.1168075 0.03610622 0.01546548 0 0.1076597 0.1614055 0.05423715 0.09388411 0.01992996 0.01992996 0.02641869 0.08521241 0.1448976 0.03980225 0.181992 0.137652 0.3074726 0.2693064 0.2657067 0.06244954 0.07930573 0.2038864 0.04612102 0.009964978 0.01006648
-9999 0.009964978 0 0.008065674 0 0 0.01992996 0.01528216 0.004647799 0 0.01606502 0.00386494 0.003649415 0.009964978 0.009964978 0.009964978 0 0.04824638 0.003744552 0 0.587693 0.3517203 9.048201e-007 0.1112873 0.08038063 0 0.01109478 0.02832088 0.09877706 0.01992996 0.009964978 0.009964978 0.01309056 0.02073591 0.005345575 0.02369921 0.0234935 0.03979164 0 0.01992996 0.009964978 0.1070512 0.04830314 0.004464475 0.009964978 0.02666934 0.2597402 0.05467775 0.132135 0.0878017 0.1015329 0.07849742 0.03014721 0.2095654 0.1682602 0.1669959 0.04021629 0.06220252 0.2705918 0.3269652 0.106166 0.1630237 0.06462751 0.01992996 0 0.009964978
-9999 0 0.02989493 0.006142106 0.0445764 0.005248491 0 0.02989493 0.009964978 0.02885706 0.04407624 0 0.0362105 0 0 0 0.008316359 0.001648619 0.01776391 0.02913327 0.2503904 0.6944814 0.1513306 0.03853435 0.1405899 0.1198405 0.1255029 0.2341511 0.02080269 0.02989493 0 0 0 0.01250179 0.01124162 0 0.001152671 0.0414077 0.01992996 0.02661633 0.009964978 0.1499757 0.07530436 0.006412056 0.0135179 0.009964978 0.1451832 0 0.1033638 0.05986796 0.02246116 0.156984 0.1867269 0.05880032 0.1255554 0.09976934 0.07196508 0.1096148 0.2183969 0.1058149 0.3979715 0.1777987 0 0 0 0
-9999 0 0.02989493 0.02375283 0 0.01506387 0.01483107 0.005733564 0.1199621 0.09555 0.1567843 0.331761 0.05123473 0.1199361 0.06201316 0.0365482 0.04568491 0.06228299 0.01217183 0.05077659 0.2627644 0.3969016 0.1394867 0.08976428 0.03782699 0.03207508 0.1380715 0.07810617 0 0.02989493 0.01903994 0.03985991 0 0.009964978 0.009964978 0.02767769 0.03448899 0.209673 0.08993708 0.02791878 0.009964978 0.217615 0.2409133 0.02989493 0 0.01878763 0.09553082 0.3637744 0.1489269 0.1330608 0.2110425 0.3984537 0.3803862 0.1991667 0.07027064 0.1166875 0.1352119 0.08373868 0.1275335 0.5362759 0.6386788 0.1052151 0.134711 0.04717922 0.02989493 0
-9999 0 0.01992996 0.009964978 0.00602677 0 0 0 0.009964978 0.08518784 0.1129711 0.6793597 0.0298139 0 0 0.02003843 0.1333474 0.3797166 0.0868804 0.1670569 0.4035513 0.3514162 0.3168804 0.08999111 0.06055504 0.009417594 0.01043781 0.1917466 0.01741342 0.01992996 0.02081997 0.03227992 0.01651922 0 0 0.05981027 0.1705302 0.04606659 0.07971983 0 0.03985991 0.3607938 0.4492109 0.02559015 0.009964978 0.09562008 0.6997655 0.8776082 0.1556513 0.1371003 0.1792648 0.3312472 0.186579 0.09893785 0.158431 0.07916308 0.5238281 0.283162 0.2475427 0.1403849 0.01958763 0.09748265 0.07286389 0.02426528 0.07971983 0.01369274
-9999 -9999 0 0 0.01390319 0 0 0.009964978 0.04641829 0.0532315 0.01728815 0.03253675 0.01992996 0.009964978 0 0.009964978 0 0 0 0.04173627 0.1035306 0.2101721 0.2020111 0.03890784 0 0.04000482 0.1112913 0.06748497 0.1027049 0.2097645 0.03288606 0.01099073 0 0 0.02886366 0.03312305 0.05914814 0.1131484 0.02442402 0 0.06691114 0.2947025 0.4363698 0.08439503 0.07054643 0.2664667 0.1570001 0.3287037 0.3163484 0.2165665 0.1848016 0.06663633 0.05647185 0.1391024 0.4478893 0.3432644 0.07867272 0.04550081 0.02635326 0.1190904 0.08745766 0.01992996 0.04982489 0.01992996 0 0.01989097
-9999 -9999 0 0 0 0.02560717 0.05978987 0 0.009964978 0 0 0.02401971 0 0 0 0 0 0 0.0001003168 0.06990916 0.02043551 0.06769866 0.02866222 0.03307032 0.06657947 0.04106118 0.007781646 0.002704325 0.03699382 0.06857705 0.2071476 0.06878796 0.01612886 0.0245479 0.005347033 0.01992996 0 0.06240309 0 0 0.06255796 0.06595898 0.1404217 0.1041084 0.2329606 0.2496811 0.1702363 0.2502452 0.153813 0.3231432 0.627481 0.1606207 0.1402893 0.2005165 0.1389523 0.02234 0.2491511 0.1109222 0.1619784 0.07040491 0 0.02307805 0.07732817 0 0.009964978 0
-9999 -9999 -9999 0 0 0.004287762 0.01648723 0.03333767 0 0.009964978 0.03985991 0.01386706 0.01193812 0.008574463 0.001390516 0.009391309 0.0005736697 0.009964978 0.03994376 0.0176301 0.01992996 0.07812839 0 0.02181763 0.08048166 0.01048381 0 0 0.01024728 0.0006206092 0.02989493 0.07976626 0.06975485 0.05978987 0.03811465 0.06399364 0.03367666 0.02991534 0 0 0.0632195 0.1530644 0.3170915 0.1635384 0.2732517 0.1121642 0.4099059 0.4944063 0.3215179 0.366516 0.5868299 0.3816506 0.3932232 0.2123831 0.07085951 0.05260558 0.2437453 0.05460946 0.1794711 0.02026031 0.03721638 0.03322519 0.03577323 0.08490011 0.1062926 0
-9999 -9999 -9999 0.06143379 0.04818097 0 0 0 0 0.009964978 0.05978987 0.004234652 0 0.009964978 0.009964978 0 0.01992996 0 0 0.02989493 0.01992996 0.06975485 0 0.01166907 0.03785376 0.01706369 0 0.009964978 0 0 0.01992996 0.01997638 0.04458992 0.03946937 0.1262322 0.1611673 0.1398401 0.1509098 0.2015757 0.07344217 0.01683068 0.06263666 0.1145532 0.4289644 0.4248802 0.1579866 0.4577541 0.4281482 0.1704282 0.338814 0.3453403 0.07843439 0.4008355 0.6892024 0.09121868 0.1484585 0.0281304 0.04206245 0.005224917 0.1074758 0.01684402 0.03358953 0.006270383 0.06861757 0.02917405 0.03483476
-9999 -9999 -9999 -9999 -9999 -9999 -9999 -9999 -9999 0.009964978 0 0.01569531 0 0.009964978 0.003305931 0.03340755 0.009964978 0 0.1220131 0 0 0.01992996 0 0 0.01992996 0.02989493 0.01992996 0 0.01992996 0.009964978 0.004355568 0.0265876 0 0.01466635 0.06583034 0.08408591 0.03543606 0.1911213 0.3177113 0 0.07988711 0.1110036 0.1835215 0.2069498 0.6403213 0.2777009 0.3633536 0.2226489 0.426046 0.1799287 0.1653544 0.04142281 0.1114115 0.1693362 0.2119611 0.009964978 0.009964978 0.02253175 0.04726953 0 0.0005047831 0.03188422 0.03092077 0.0144504 0.00564112 0.01501058
-9999 -9999 -9999 -9999 -9999 -9999 -9999 -9999 -9999 0 0 0.01876356 0.001166399 0 0.02625751 0.02671381 0.01296526 0.0002233055 0.03986521 0 0 0.009964978 0.01992996 0.001126547 0 0 0.009964978 0 0 0.02959016 0 0.05402387 0.0700852 0.05463786 0.03570203 0.1459945 0.1838479 0.2607329 0.2812048 0.07284361 0.05229387 0.02609997 0.2106673 0.08431771 0.2014913 0.07148325 0.2824574 0.2453092 0.5852777 0.2492177 0.04888075 0 0.03269107 0.04702877 0.1100701 0.03866235 0.01992996 0.017681 0.006317928 0.04350697 0.01313673 0.05412405 0.02886911 0 0.01522301 0.02483947
-9999 -9999 -9999 -9999 -9999 -9999 -9999 -9999 -9999 -9999 0.01992996 0.06975485 0.02926708 0.0383338 0 0 0.04828978 0.06890811 0.006684587 0.009964978 0.02382974 0.01603018 0 0.02876839 0 0.01331939 0.0805205 0.01619314 0 0.142079 0.08436459 0.05978425 0.07421789 0.2523084 0.01992996 0.2489152 0.6277999 0.07548718 0.1587189 0.06759667 0.05459719 0.1016434 0.08668067 0.2141336 0.06976374 0.3963823 0.1911173 0.09013966 0.05557539 0.1947345 0 0.009964978 0 0.01339981 0.02269934 0.1074203 0 0.01992996 0 0.0337616 0.03768447 0 0.0004537812 0.01044771 0.2792012 0.129331
-9999 -9999 -9999 -9999 -9999 -9999 -9999 -9999 -9999 -9999 0 0 0 0.03204891 0 0 0.03985991 0.009964978 0 0 0 0 0 0 0 0 0.02947666 0.06445186 0.1650681 0.5175576 0.5284738 0.09010399 0.111823 0.06119328 0.08968481 0.189146 0.1403865 -9999 -9999 0 0.06115147 0.01832852 0.04440705 0.1061788 0.1595041 0.1864333 0.1500366 0.04970421 0.009698187 0.01558429 0.1082778 0.009964978 0 0.01649513 0 0.07966216 0.04068756 0.09486776 0.01646375 0.02989493 0.04813368 0.01594372 0.01082449 0.3228617 0.0339484 0.07922607
-9999 -9999 -9999 -9999 -9999 -9999 -9999 -9999 -9999 -9999 -9999 -9999 0.01432767 0 0.009964978 0.009964978 0.02220187 0.037588 0 0 0 0.05450301 0.04701116 0.009964978 0.01992996 0.02022509 0.08496451 0.01544217 0.1889804 0.2802294 0.03741878 0.06438434 -9999 -9999 0 0 -9999 -9999 -9999 -9999 0.02847385 0.0447199 0.5570944 0.2065282 0.1835221 0.03027647 0.07069033 0.1744905 0.08389156 0.04437651 0.05116182 0.009964978 0 0.002405041 0.01752492 0.05296958 0.1467675 0.02743588 0.01992996 0.05413397 0.1304317 0.02339631 0.09894514 0.1309024 0 0.02609101
-9999 -9999 -9999 -9999 -9999 -9999 -9999 -9999 -9999 -9999 -9999 -9999 0.005602282 0.01992996 0.02376655 0.003576353 0 0.02160446 0.04815039 0 0.01252643 0.0283609 0.01407305 0.01447656 0.003986955 0.1003467 0.07898473 0.01034738 0.09485521 0.01069643 -9999 -9999 -9999 -9999 -9999 -9999 -9999 -9999 -9999 -9999 0.008674013 0.1478838 0.07326553 0.05851959 0.4028188 0.294486 0.03085398 0.08866301 0.09723832 0.06738386 0.03985991 0 0.009964978 0 0 0.001005183 0.3618249 0.1101603 0.009964978 0.02645989 0.2087837 0.01593179 0.009964978 0.01093668 0 0
-9999 -9999 -9999 -9999 -9999 -9999 -9999 -9999 -9999 -9999 -9999 -9999 -9999 0.009964978 0.01979422 0.006388625 0.01981838 0.01195177 0.0107682 0.01992996 0 0.002009289 0.002874788 0.005543714 0.08514354 0.08456776 0 0 -9999 -9999 -9999 -9999 -9999 -9999 -9999 -9999 -9999 -9999 -9999 -9999 -9999 0.0865733 0.1255308 0.2556327 0.1531162 0.7114952 0.5234411 0.1086528 0 0.08890709 0.00399906 0.03006292 0 0 0.01992996 0.03290533 0.04391701 0.05469755 0.00447318 0.03347816 0.4642529 0.09841247 0.01992996 0.07874812 0 0
-9999 -9999 -9999 -9999 -9999 -9999 -9999 -9999 -9999 -9999 -9999 -9999 -9999 0 0.006264125 0 0.08979638 0.009964978 0.007174967 0.009964978 0.01217684 0.00795569 0 0.034046 0.2238149 0 -9999 -9999 -9999 -9999 -9999 -9999 -9999 -9999 -9999 -9999 -9999 -9999 -9999 -9999 -9999 0 0.1390967 0.214328 0.4320198 0.4828559 0.7565433 0.3392595 0 0.1104333 0.009964978 0.03569287 0.009964978 0 0.02704026 0.06264455 0.009964978 0.06975485 0.03213058 0.01992996 0 0.009964978 0.05285195 0.02808858 0.01992996 0
-9999 -9999 -9999 -9999 -9999 -9999 -9999 -9999 -9999 -9999 -9999 -9999 -9999 0 0 0.001872593 0.01805736 0 0 0 0.0177181 0.02989493 0.02814391 0.09309557 0.08968481 0 -9999 -9999 -9999 -9999 -9999 -9999 -9999 -9999 -9999 -9999 -9999 -9999 -9999 -9999 -9999 -9999 0.04693314 0.2345736 0.4785505 0.3579968 0.1504295 0.07845616 0.1793281 0.07976626 0 0.009964978 0.06381556 0.01992996 0 0.004132729 0.03572718 0 0.007729334 0 0.009964978 0.009964978 0.03110516 0.1171488 0.05978987 0.009964978
-9999 -9999 -9999 -9999 -9999 -9999 -9999 -9999 -9999 -9999 -9999 -9999 -9999 -9999 0 0 0 0.01992996 0.009964978 0 0.03985991 0 0.02843018 0.08318415 0.02623565 -9999 -9999 -9999 -9999 -9999 -9999 -9999 -9999 -9999 -9999 -9999 -9999 -9999 -9999 -9999 -9999 -9999 0.09076076 0.4256807 0.5664138 0.04152639 0 0.01051242 0.1815437 0.1372112 0.2439905 0.3242114 0.1874335 0 0.007640275 0.03571922 0.01992996 0.01992996 0.009964978 0 0.005966651 0.02392828 0 0 0 0.01052384
-9999 -9999 -9999 -9999 -9999 -9999 -9999 -9999 -9999 -9999 -9999 -9999 -9999 -9999 -9999 0 0 -9999 0 0.009964978 0.06593353 0.04600636 0.1342135 0.05843923 0 -9999 -9999 -9999 -9999 -9999 -9999 -9999 -9999 -9999 -9999 -9999 -9999 -9999 -9999 -9999 -9999 -9999 0 0.1472115 0.2038401 0.1193931 0.2601118 0.03912792 0.1382836 0.2707637 0.4101079 0.1838563 0.2086646 0.006276796 0.03998442 0.003181675 0 0.009964978 0.009964978 0 0 0.04982489 0.009964978 0 0.00739215 0.01197894
-9999 -9999 -9999 -9999 -9999 -9999 -9999 -9999 -9999 -9999 -9999 -9999 -9999 -9999 -9999 -9999 -9999 -9999 -9999 0 0.04588469 0.0658582 0.1534209 0.0480723 -9999 -9999 -9999 -9999 -9999 -9999 -9999 -9999 -9999 -9999 -9999 -9999 -9999 -9999 -9999 -9999 -9999 -9999 -9999 0.06080614 0.02136261 0.01352318 0.218675 0.1197411 0.05405243 0.03586994 0.1107314 0.003736825 0.1072041 0.006527648 0.07921004 0.02671326 0 0 0 0 0 0.07139549 0 0.01848524 0.002642938 0
-9999 -9999 -9999 -9999 -9999 -9999 -9999 -9999 -9999 -9999 -9999 -9999 -9999 -9999 -9999 -9999 -9999 -9999 -9999 -9999 -9999 0.009964978 0.113696 -9999 -9999 -9999 -9999 -9999 -9999 -9999 -9999 -9999 -9999 -9999 -9999 -9999 -9999 -9999 -9999 -9999 -9999 -9999 -9999 -9999 -9999 -9999 0.001017722 0.2663213 0.08100756 0.06954415 0.01030017 0 0.06069094 0.3238929 0.1141688 0 0 0 0.009964978 0 0 0.008324345 0.03985991 0.008766754 0 0
