EnvRasters/GE_High/sealed.asc
ncols         270
nrows         223
xllcorner     24099.479091542
yllcorner     21023.840179216
cellsize      1003.8986847201
NODATA_value  -9999
[rows 120 to 149 of 223, columns 132 to 197 of 270]
0.4919982 0.3380632 0.4315116 0.2436962 0.2828523 0.6030658 0.1610553 0.1393944 0.06957461 0.04761389 0.0002235813 0.1791868 0.03034518 0.116676 0.0009915284 0 0 0 0 0.02053059 0.09964417 0.01992996 0.02038123 0.07926293 0.03823976 0 0.01464909 0.1244246 0.04095638 0.1097552 0.05262659 0.03622153 0.2515959 0.4682254 0.1090968 0.009964978 0.01992996 0.02655635 0.01330357 0 0.01569132 0 0.02633292 0.01992996 0.01992996 0.02989493 0.02742593 0.009964978 0 0.003547492 0 0.02989493 0 0 0.009964978 0 0.009964978 0 0.02886219 0.05473368 0.02498615 0 0.05824555 0.001877016 0 0
0.1121372 0.2090274 0.4548154 0.3567376 0.7413737 0.5209627 0.2354853 0.08410295 0.009964978 0 0.0002480209 0.04731176 0.3698979 0.09722926 0.08644935 0.02067237 0.004434227 0.01549573 0 0 0.01062224 0.01992996 0.009964978 0.001281841 0.001620154 0 0.02989493 0.00552567 0.02436927 0.1003931 0.04495374 0 0.01992996 0.02989493 0.1799572 0.1345786 0 0 0 0 0 0.01382804 0.05066838 0.01992996 0.009964978 0 0.009964978 0 0 0.02634744 0.01992996 0 0 0 0 0.009964978 0 0 0.07914756 0.01992996 0 0 0.04987132 0.01629926 0.003630695 0.009964978
0.3653136 0.4590121 0.8158678 0.5761942 0.2664488 0.1288124 0 0 0.03985991 0 0 0.09487262 0.2060357 0.07266758 0.09815047 0.04325536 0.07788357 0.02024535 0 0.07949373 0 0 0 0 0.009964978 0.03802033 0.1056611 0.04381355 0.01992996 0.08682466 0 0 0 0 0.06809009 0.1984505 0.1012359 0.03985991 0 0 0.009964978 0.006101915 0.0489814 0.03985991 0 0 0.03139398 0.01843091 0 0 0.02272438 0.01713554 0 0.009964978 0 0 0.009964001 0.02477659 0.02665331 0 0 0.006168039 0.1035452 0 0 0.01992996
0.5409734 0.4610527 0.2899218 0.3938167 0.07294799 0.03677299 0.1951222 0.04396738 0 0 0 0.001954308 0.05978987 0.06016203 0.04800338 0.1911452 0.1397245 0.05695809 0 0.0002260944 0 0 0 0.009964978 0.04499309 0.08639123 0.009964978 0 0 0.105489 0.00702676 0 0 0 0 0 0.26815 0.1195797 0 0 0.02989493 0 0.009964978 0 0.001124606 0.04870029 0 0.002011562 0.007953417 0 0 0.003202845 0.03022529 0.02636174 0.02989493 0.07971983 0.02483758 0.01502331 0 0 0.01899335 0 0.08111925 0 0.009964978 0.1195797
0.2335799 0.1609123 0.1219262 0.0955804 0.06581481 0.01081424 0.02337752 0.0900239 0.04524066 0.02245117 0.01992996 0.06915963 0.05843078 0 0 0.07794519 0.009964978 0 0 0.009727644 0.009964978 0 0.009964978 0.01992996 0.05830338 0.08647761 0 0.05141469 0.06925464 0.3227111 0.02475834 0.001848828 0.009964978 0 0 0.01563287 0.07672106 0.2120763 0.1148866 0.01009151 0.0001935644 0.01973639 0 0 0 0 0 0 0.01219769 0 0 0 0 0.004279932 0.06547492 0.1195797 0.02013279 0 0 0 0.0009366058 0 0.03857937 0 0 0
0.1599218 0.09438643 0.01992996 0.009964978 0.179364 0.009964978 0 0.02687926 0.05506343 0.03668439 0 0 0 0 0 0.04264451 0.04019026 0.007335754 0.03985991 0.01020231 0 0.04921114 0.06529248 0.02500608 0.00148649 0.02313715 0 0.01748552 0.09781281 0.1162506 0.04003623 0.006049676 0.009964978 0 0.009964978 0.00429709 0.03374081 0.1301408 0.02487665 0.1100775 0.04401945 0 0.01102744 0.00890252 0 0.004983251 0.007963516 0.06975485 0.007732267 0 0 0 0 0 0.0007176945 0.005476159 0.01476047 0 0 0 0 0 0.07976626 0 0.009964978 0.009964978
0.1359886 0.00526336 0.009964978 0.01839408 0.06573939 0.003879723 0.009964978 0 0 0 0.02989493 0 0.01992996 0 0.02989493 0 0.009964978 0.02000241 0.009964978 0 0 0 0 0.01061071 0.008107779 0.009964978 0.01992996 0.007816646 0.01458351 0.142494 0.007061948 0 0 0 0 0 0 0.05907341 0.09023388 0.1195797 0.0775009 0.3654184 0.00758553 0 0 0.02691315 0 0 0 0 0 0.02989493 0 0 0.009247284 0.01942045 0 0.009964978 0.01992996 0.009531993 0 0.01704386 0.1236999 0 0 0
0.03985991 0.004664354 0 0.01150085 0.04370126 0.02615207 0.009964978 0 0.01293777 0 0.02168737 0.008207561 0 0 0 0.0202551 0.0005917497 0.01001141 0 0 0 0 0 0.0006864946 0.04038488 0 0.009964978 0.002148332 0.05959888 0.1196814 0.02283299 0.006900183 0 0.009964978 0 0 0 0 0.1742897 0.009964978 0.001026335 0.07657104 0.1233354 0.009964978 0 0.02308267 0.03985991 0.01992996 0 0.01992996 0.05386847 0.005921401 0 0 0 0 0 0 0 0.0004329848 0.02922211 0.01992996 0.1173623 0.002217433 0 0
0.07972292 0.02523058 0.009964978 0 0.04636718 0.01955609 0.02989493 0.1120063 0.1157806 0.01029533 0.008069479 0 0 0.009964978 0 0.006779468 0.05209352 0.00936038 0.01992996 0.04479868 0.02495617 0 0.009964978 0.009964978 0 0 0.01400799 0.06871403 0.1727032 0.06981738 0 0.02146432 0.001530437 0.01992996 0.01992996 0.03582661 0 0 0.1942879 0 0.01992996 0.01571025 0.05983038 0.03809481 0 0.006812261 0 0 0.002392399 0.0165176 0.001976014 0.01449505 0.005434906 0 0.009964978 0 0 0 0 0 0.0106378 0 0.09847689 0.009964978 0 0.01795031
0.2176559 0.09119515 0.04898398 0.004210705 0.09421733 0.02303812 0 0 0 0.01992996 0.07971983 0.009964978 0.003016672 0.04680822 0.009964978 0.001139864 0.009964978 0 0 0.01000765 0.01988728 0 0 0.02989493 0.05327517 0.006514701 0.02989493 0.004189025 0.07430821 0.007539545 0.00608198 0.0596129 0.06927548 0.01161045 0.009964978 0.03392824 0 0 0.05764047 0.141401 0 0.08154495 0.1296151 0.03227666 0.0708269 0 0 0 0.07126581 0.1190887 0.0378839 0 0 0 0 0.009964978 0 0.006798442 0.02309649 0 0 0.009964978 0.08978328 0 0.06975485 0.0219096
0.05404011 0.03568551 0.0108059 0.00618815 0.09729114 0.006274755 0 0.03159817 0.01822673 0 0.05485053 0.01728772 0.02318085 0.1080446 0.03656947 0.0148785 0 0 0 0 0 0 0.01992996 0.05978987 0.02989493 0 0 0 0.04047247 0.1464775 0.1949112 0.001769552 0.01992996 0.04982489 0.0160936 0 0.01562517 0.009964978 0.1408199 0.2538163 0 0 0.03982827 0 0.03932641 0.1598634 0.003161881 0 0 0 0.009964978 0 0 0.005633183 0.004331795 0 0.009964978 0.01686752 0.003062441 0.009964978 0.009964978 0 0.1296172 0.02863272 0.009964978 0
0.0342779 0.03053757 0.01992996 0 0.02786924 0.02989493 0 0.001989496 0.007975482 0 0.03030992 0.007166598 0 0.08734512 0.0892299 0 0 0 0.01992996 0.0001397094 0 0 0 0.009964978 0.009964978 0.03483868 0.0595971 0.04587431 0.02593042 0.141553 0.08406819 0.0499991 0.0007757386 0.009823917 0.07373226 0.03985991 0.01519783 0.02896687 0.1004015 0.1677491 0.01460461 0.01992996 0.03990634 0 0 0.04992337 0.1064529 0.08545982 0 0 0.01992996 0.009964978 0 0 0 0.009964978 0 0 0.01992996 0 0 0.02508821 0.08454696 0.001262212 0 0
0.01011056 0.05506186 0.06402837 0 0 0.02378549 0 0.009964978 0 0 0.009964978 0 0.009964978 0.03821081 0.03985991 0.05118211 0.009964978 0.01992996 0 0.06552579 0.01405432 0 0 0 0 0 0.06085153 0.03799785 0.07392555 0.1925831 0.089277 0.06923936 0.04037541 0.02989493 0.05978987 0 0.01992996 0.009964978 0.009964978 0.1247637 0.005325346 0.009964978 0.03581883 0.07759155 0.0505947 0.167715 0.4604129 0.05025276 0.08015428 0.01753772 0 0 0.006057531 0.01387243 0 0 0 0 0 0.02989493 0.02989493 0 0.07966216 0 0.009964978 0.02791558
0 0.04982489 0.005302701 0.001396767 0.0583931 0.0260394 0.02989493 0 0.009964978 0 0.009964978 0.009964978 0.04021813 0.2331462 0.03183713 0.08631245 0.05911496 0.0438089 0.04048284 0.02247094 0.05724476 0.09645536 0.06254024 0 0 0.04654492 0.04191511 0.01992996 0 0.1234963 0.1425109 0.0004034393 0 0 0 0 0 0 0.00200515 0.1775354 0 0 0 0.05542791 0.2013314 0.2296305 0.1136461 0 0 0.03282571 0.01457721 0 0.006213675 0.01371628 0 0 0.000542613 0.009964978 0 0.008213841 0.03119977 0 0.09776816 0.04168388 0.02989493 0.02182799
0 0.1494747 0 0.008859666 0.009964978 0 0.04982489 0 0 0.003456944 0.05633293 0.009964978 0.02407927 0.02455216 0.03372997 0.1567104 0.04655081 0.005709389 0.01359764 0 0.02989907 0.009964978 0.07019891 0.02989493 0.06369123 0.02721836 0 0 0 0 0.09226284 0.009964978 0 0 0.009964978 0 0 0 0.01118585 0.1336641 0.02036186 0.02427697 0.009964978 0.003734976 0.2883258 0.2764218 0.1007974 0 0 0 0.04982489 0 0 0 0 0 0.009422366 0.009964978 0.009964978 0.04960719 0.0004463018 0.02922088 0.07853114 0.002143384 0.03985991 0
0.06975485 0.1047376 0.01471449 0.01107029 0 0.009964978 0.02989493 0.02989493 0.03985991 0 0 0 0.02574563 0.04179883 0.009964978 0.009964978 0 0 0.0006637343 0 0 0 0 0.009964978 0 0 0 0 0 0 0.07214712 0.009952033 0.009964978 0.02989493 0.03985991 0 0 0 0.001122591 0.1279649 0.01515104 0 0.001610661 0.07275014 0.2320497 0.208357 0.005439181 0 0 0 0.06586333 0.09014527 0.05325595 0.004560862 0 0.01992996 0.02989493 0 0 0.03011264 0 0 0.05843306 0.03915097 0 0
0.02989493 0.08600967 0.1480824 0 0.0123427 0.02751722 0.009964978 0.07337971 0.01992996 0 0.009964978 0 0.01480334 0.04304762 0.01992996 0 0 0 0.009301244 0.009964978 0 0 0.01992996 0.02803783 0.0018571 0 0 0.01992996 0 0.009964978 0.06483268 0.1481209 0.08843979 0.01992996 0 0.009964978 0 0.009964978 0 0.04085063 0.0786194 0.05818732 0.06604748 0.02742227 0.06603058 0.04975916 0 0.009964978 0 0.009964978 0.009964978 0 0 0.02533407 0.1683232 0.02430628 0.01992996 0.01848101 0.001448948 0 0 0 0.1213355 0.01109122 0 0
0.008952747 0 0.07974023 0.002229538 0.007735441 0 0 0.0163051 0 0 0.04617726 0.08615392 0 0 0.009964978 0 0 0 0.0006785182 0 0 0.009964978 0 0 0 0 0 0 0 0.007884945 0.03289314 0.2616592 0.1059853 0.330525 0.1239528 0.008084124 0 0 0 0.009964978 0.3976907 0.08662008 0.2716359 0.07212997 0.009964978 0.07117851 0.04470054 0 0.002862299 0.009964978 0.03139946 0.0007071731 0 0.009964978 0.01864951 0.09586405 0.08297384 0 0 0 0 0 0 0 0 0
0 0 0.02177406 0.1129453 0 0 0 0 0 0.03663079 0.1500429 0.002572655 0.009964978 0 0 0 0 0.01992996 0.01654933 0.002702107 0 0 0 0 0 0.01922802 0.0007019413 0 0.01992996 0.002080034 0 0.254765 0.2805183 0.02048689 0.009685254 0.0843244 0.05518529 0 0.01321928 0.03539811 0.08686896 0.1518809 0.1514913 0.008897875 0 0.009964978 0 0.03985991 0.0398543 0.006679971 0.008556589 0.03445259 0 0.01992996 0 0.001034994 0.06441765 0.05408132 3.453842e-005 0.009964978 0.009964978 0 0.09883707 0 0 0
0.01539466 0.005351611 0 0.05457795 0 0 0 0 0.07971983 0.1366409 0.2920415 0.3268645 0.09440013 0.05322017 0.04765628 0.02989493 0 0.01104864 0.03985991 0 0 0 0 0 0 0 0.04717785 0.0708415 0.009964978 0.01992996 0.02090579 0.02302259 0.08132645 0.01982024 0.009964978 0 0 0.009964978 0.04895805 0.05626971 0.009964978 0.1196001 0 0 0.01992996 0 0 0.009964978 0.06689817 0 0 0.07021336 0.09676158 0.003869835 0.02989493 0.04748699 0.03019926 0.05018416 0.1004136 0 0 0.09085203 0.2966343 0 0.009964978 0.03681794
0.02446525 0.02710108 0.04262046 0.08960111 0.01458229 0.05734899 0.04625006 0.01598069 0.009964978 0.004940316 0.1148315 0.2197721 0.2634487 0.2781486 0.05771463 0 0 0.02881127 0 0.001637036 0.03994761 0.04982489 0 0 0 0.05921947 0.1031037 0.1272285 0.08005018 0.09990206 0.1488401 0.3035756 0.1594571 0.1031644 0.0501032 0.1227199 0.05404023 0.1364856 0.0328353 0.01468468 0 0.09969621 0 0.01992996 0.009964978 0.01992996 0 0 0 0 0.03742574 0.04459302 0.02795472 0.01835408 0 0 0 0.03883894 0.2391012 0.219757 0.0497124 0.06246364 0.2362607 0.009964978 0.05849748 0.03293691
0 0 0.01461166 0.09985236 0.0352426 0 0.01992996 0 0.009964978 0 0.04280607 0.09136427 0.5432243 0.4801232 0.03994178 0.07997211 0.002938461 0 0 0.04633658 0.001763579 0.01992996 0.02987435 0 0 0 3.594348e-005 0.01129725 0 0.002644223 0.05106015 0.04577331 0.01992996 0.009964978 0 0.009964978 0.009964978 0.01579756 0.05428998 0.009964978 0 0.06499274 0.06446829 0 0 0 0 0.1196321 0.01647712 0 0 0.01763102 0 0 0.04982489 0 0 0.009964978 0.05003352 0.07002719 0.1799686 0.2802963 0.4384568 0.1541002 0.001292389 0
0.009964978 0 0.009964978 0.08944684 0.009964978 0.004397884 0.008939491 0.01099047 0 0.01992996 0.007018823 0.001651836 0.2195188 0.2987243 0 0 0 0.009964978 0 0 0 0 2.058834e-005 0 0.03985991 0.04891387 0 0.009964978 0.01992996 0 0.06154643 0.06813449 0.03714715 0 0.01357971 0.02989493 0.01992996 0.05986232 0.02989493 0.03527949 0.009964978 0 0.1992159 0 0 0 0.03985991 0.04658909 0.1195797 0.009964978 0.03985991 0.0317311 0.004506435 0 0 0 0 0.009964978 0.04074561 0.07947402 0.05099612 0.392442 0.3993449 0.04669438 0.009964978 0
0 0 0 0.09898897 0.08050328 0.005567095 0.009964978 0 0 0.009964978 0.02989493 0.02447769 0.002762972 0 0.009964978 0 0 0 0.009964978 0 0 0 0 0 0 0.1600593 0.1099972 0.03762329 0.03816254 0.02989493 0.009964978 0.0005936103 0.02453837 0.0173045 0.01631522 0.1195797 0 0.00405994 0 0.02451038 0.01992996 0 0.1008968 0.004114091 0 0 0.009964978 0.0166013 0.009964978 0 0 0.01651045 0.02697184 0.009964978 0 0 0.01992996 0.009964978 0.009964978 0 0.1893569 0.0799224 0.05991183 0.1131797 0.04765222 0
0.01992996 0 0.009964978 0 0.1440469 0.03954061 0.04976349 0.02989493 0.005624904 0.02427003 0.02989493 0.009964978 0 0 0.01203548 0.009964978 0 0 0 0 0 0 0 0 0.0006398079 0.06926557 0.009964978 0.1023498 0.04871249 0 0.03768849 0 0 0 0.02036806 0.02041645 0.005958112 0.04063847 0.005349459 0.009964978 0 0.009964978 0.09900012 0 0 0 0 0 0 0 0 0 0.009964978 0 0.009964978 0 0.07971983 0 0 0.01282342 0.5402685 0.06559346 0 0 0.08868223 0
0 0.009964978 0 0 0.1243415 0.3731927 0.2370051 0.05115167 0.01465347 0.03384465 0.003183916 0.009964978 0.002741507 0.01992996 0.007894478 0 0.02689076 0.003004176 0 0.009964978 0 0 0 0 4.548893e-005 0.07037139 0.0214321 0.008694088 0.001211497 0 0.04464669 0.007349626 0 0 0.02301222 0 0.01432822 0.009438701 0.05142808 0.03519718 0.02459269 0.03985991 0.1732126 0.01616278 0 0 0 0 0 0 0.02989493 0 0.009336564 0.01059339 0 0.0202926 0.159077 0 0 0.1171788 0.2119362 0 0.009964978 0 0.03089752 0
0 0.02989493 0.01992996 0.01992996 0.05954476 0.07135341 0.07708824 0 0.01992996 0 0.149443 0.02600028 0.06701335 0 0.009964978 0 0.006701623 0 0.009964978 0 0 0.01992996 0 0 0 0.08898552 0 0.02989493 0.009964978 0 0 0 0 0.009964978 0 0.009964978 0 0 0.09391213 0.02989493 0 0.01504079 0.1106919 0.0341381 0.009964978 0 0 0 0 0 0 0 0.04573684 0.04463242 0.01992996 0 0 0 0.02989493 0.1122927 0.1260398 0 0 0 0.04982489 0
0.05567805 0 0 0.0448803 0.100018 0.004620514 0.02989493 0 0 0.009964978 0.07865307 0.03524236 0.002542276 0 0.009964978 0 0.05308825 0 0 0.009964978 0.009964978 0 0 0 0 0.1196262 0.009964978 0 0 0.009964978 0.02989493 0 0 0 0 0 0 0.009964978 0.05173829 0.005822727 0.03403719 0.02648584 0.05689007 0.1008184 0 0 0 0 0.009964978 0.009964978 0 0.00244176 0.4354755 0.2160568 0.009964978 0 0.009964978 0.00232004 0.1188902 0.02989493 0 0 0.01992996 0.06302953 0.03662026 0
0.0457966 0.01992996 0.06975485 0.04987132 0.06000035 0.004676452 0.02593512 0.02388977 0 0 0.06215829 0.07127084 0.01992996 0.01992996 0.03985991 0.03760034 0.06570308 0 0.01992996 0.01992996 0 0 0.02990126 5.598943e-005 0 0.1495731 0 0 0 0.06607746 0.07028543 0.06650211 0 0.009964978 0.01149964 0.005377621 0 0.03536925 0.04657165 0.009964978 0.009964978 0.09974826 0.01860645 0.1610122 0.009964978 0.009964978 0.003893488 0.01220288 0.001343302 0 0 0.007523218 0.06526169 0.0897963 0.03169911 0.05447886 0.04481605 0.3830211 0.0112451 0.007986711 0 0 0 0.01992996 0.0473903 0.07006314
0.04563772 0.03122343 0.0753105 0.05002746 0 0.0152535 0 0.009964978 0 0.01362087 0 0 0 0 0.009964978 0 0.03984867 0.009964978 0 0.009964978 0 0 0.00113731 0.07013331 0.03828184 0.03044932 0.02989493 0.002548534 0.006205835 0 0 0.006399542 0.02753927 0.009964978 0.01301768 0.009964978 0.02543826 0.01442166 0 0 0.02989493 0.01470924 0.0422337 0.2070807 0.05458177 0.008143144 0.04775324 0.0101155 0 0 0.02280289 0 0.0001194295 0.1574692 0.1835415 0.1164455 0.1659134 0.3455691 0 0 0 0 0.009819116 0.009964978 0 0.02043852
