EnvRasters/GE_High/sealed.asc
ncols         270
nrows         223
xllcorner     24099.479091542
yllcorner     21023.840179216
cellsize      1003.8986847201
NODATA_value  -9999
[rows 90 to 119 of 223, columns 132 to 197 of 270]
0.09117313 0.02989493 0.03724047 0.01749268 0.009964978 0.0499212 0.04154466 0.0112776 0.3541658 0.2029112 0.1820384 0.08034525 0.07730834 0.07339581 0.08533332 0.02331086 0.006584073 0 0 0.06156849 0 0 0 0.01992996 0 0.08995104 0 0.03365139 0 0 0.03054011 0 0.009964978 0 0.009964978 0.009964978 0.06299262 0.06314293 0 0 0.06263568 0.0273558 0.01246273 0.1053082 0.01992996 0.002153682 0.03644228 0.09833211 0.1134298 0.1325663 0.1077585 0.1015061 0.05654967 0.04066993 0.0752918 0.3822407 0.1137731 0.1659441 0.001910984 0.06747391 0.0121542 0.0726889 0.107317 0.09809081 0.09987111 0.08307322
0.02907528 0.05671976 0.009964978 0 0.1662493 0.0004495202 0.07084092 0.1060968 0.1181855 0 0.1987412 0.2403524 0.01718241 0 0.02135305 0.05362218 0.02431358 0.02624294 0.06304859 0.02531479 0 0.009964978 0.02989493 0.04982489 0.06385899 0.02962871 0.009964978 0 0 0.03581147 0.03169542 0.001602788 0.009964978 0.009964978 0 0.01400227 0.08233862 0.07968286 0 0.009964978 0.007119177 0.009964978 0.07368539 0.1320363 0 0 0 0 0 0 0.01437065 0.005559306 0.009964978 0.009964978 0.05215264 0.2954396 0.3492836 0.3438732 0.01967067 0.002280941 0 0.01992996 0.01992996 0.009964978 0.0135211 0.117581
0.01319214 0.09659355 0.009964978 0.009964978 0.04301522 0.02989493 0.04984439 0.2655278 0.236745 0.0858455 0.08613961 0.3065818 0.01329188 0.02677641 0 0 0.09146887 0.06795191 0.006776368 0 0.005475068 0.01445489 0 0.01992996 0.02582582 0 0.03632082 0.09964979 0 0 0.009964978 0.02989493 0 0.01944834 0.09936532 0.02662373 0.009964978 0.03985991 0 0 0 0 0.08507143 0.2081505 0.0927145 0.01190499 0.02087449 0 0 0.0107676 0 0.02989057 0.01516147 0.03419292 0.009130145 0.03985991 0 0.006640056 0.01393159 0.01295955 0.124851 0.04184511 0 0 0.03655279 0.01992996
0.05005349 0.02687597 0.03985991 0 0.03217961 0.03985991 0.05440071 0.3421214 0.1950733 0.1085501 0.3944293 0.3333548 0.05780456 0.01670189 0 0 0.09869479 0.04081491 0.009964978 0.009964978 0.06975485 0 0.03616083 0.01366407 0 0.03352518 0.003539096 0 0.0430036 0.002756094 0.01876958 0.01642659 0.005040987 0.009964978 0 0.009964978 0.06163047 0.04798429 0 0.01310621 0.02464179 0.02066782 0.06209952 0.3190111 0.1395093 0.02123832 0.005772071 0.009964978 0 0.09278269 0.2156336 0.01993432 0.2095914 0.115054 0.04408424 0.02989493 0 0.009964978 0.009964978 0.009964978 0 0.002708567 0.02989493 0.07971983 0.04161053 0.01788745
0.05978425 0 0 0.07971983 0.03757524 0 0.1610527 0.329737 0.1266239 0.3234903 0.2492695 0.6203007 0.6131865 0.1720488 0.03985991 0.04982489 0.004726195 0.01520376 0 0.03985991 0 0 0.01333853 0.03648636 0.00710876 0.01915593 0 0 0.0133523 0.0006778739 0 0.02996739 0.05474889 0 0 0 0.003994404 0 0 0.01678873 0.007136038 0.00981771 0.025113 0.06672781 0.1737699 0.02650848 0.0012879 0.01235861 0.009964978 0.009964978 0.02959033 0 0.01045646 0.01992996 0.01075338 0.009964978 0.03985991 0 0 0.01992996 0.1195797 0 0.03041202 0.01070694 0.04982489 0.05909664
0.01647982 0.05601128 0.01992996 0 0.001412588 0.03269091 0.04829761 0.270799 0.1253642 0.05547264 0.4332546 0.3131537 0.1041249 0.01403461 0.1000322 0.085281 0.1171875 0 0 0 0 0 0.009964978 0.007194795 0.01273516 0 0 0 0 0.005966613 0.09964979 0.004591299 0.01979462 0.0001353404 0 0 0.005970575 0 0 0 0 0 0.06975485 0.009964978 0.02989493 0.009964978 0.05681348 0.04911975 0 0 0.009964978 0.06124875 0.02843606 0 0 0.01992996 0.01992996 0 0 0.009964978 0.009964978 0 0.0083993 0.01027161 0.006771118 0.03357763
0 0.01374357 0 0 0.009964978 0.0157214 0.06257486 0.2275434 0.05099785 0.2036225 0.2094068 0.01609203 0.09935418 0.01017689 0 0.009964978 0.007586841 0.10909 0.1598741 0.01256895 0 0.01992996 0 0.09964979 0 0 0 0.02989493 0.02989493 0.04385828 0.005674728 0 0 0 0 0.009964978 0 0.01992996 0.009964978 0 0 0 0 0 0 0 0 0 0 0.01992996 0 0.009964978 0.05978987 0.00965417 0 0 0.009964978 0 0 0.008497865 0.03677578 0.01756325 0 0.04982489 0.00319386 0
0.001107165 0.01226507 0 0.002756653 0.002392316 0.08421942 0.1198524 0.03617551 0.1379849 0.08202575 0.1598945 0.04674059 0.008553197 0.1054956 0.05012922 0.005014666 0 0.01841892 0.04227807 0.06768942 0.02175555 0.04982489 0.08968481 0.01511171 0 0.009964978 0.009964978 0.01879347 0.04099641 0 0.00429025 0.01992996 0 0 0 0.02427184 0 0 0.009964978 0 0.002988629 0 0.01245915 0.02226798 0.009964978 0.03985991 0.009964978 0.02989493 0.02989493 0.01992996 0 0 0 0.02024077 0.02324376 0.02446077 0 0 0 0.01867104 0.03570511 0.00236671 0 0.1295447 0.006759878 0.009964978
0.0005585778 0.005999146 0 0.00990731 0.1237153 0.136439 0.1566988 0.06948055 0.00587777 0 0.05880285 0.07925969 0.110348 0.06993312 0.03002144 0 0.01992996 0 0.009964978 0 0.0943578 0.08126972 0.009964978 0.2698677 0.1428578 0.07390142 0 0.009964978 0.009964978 0.01601883 0 0 0 0 0 0.07537795 0.01992996 0.02989493 0.02989493 0.08262562 0.0339655 0.003514442 0.04381628 0.07060056 0.02120284 0.02623942 0.00536335 0 0.04982489 0.02989493 0.009964978 0 0 0 0.008482688 0.02134265 0.002189963 0 0.009964978 0 0 0 0 0 0.02313506 0.05978987
0.07370528 0.02989493 0.02668109 0.009964978 0.01992996 0.06745185 0.01992996 0 0 0 0 0 0.08958737 0.1151333 0.06419802 0 0 0 0 0 0 0.02744437 0.09409469 0 0 0 0 0 0 0.01052279 0.04926708 0.02989493 0 0 0 0 0 0.01992996 0.003043872 0.01688609 0 0 0 0 0.009964978 0.01992996 0 0 0.001202131 0 0.02053354 0.01992996 0.0001871924 0 0.03086256 0.02064799 0.04982489 0.03871988 0 0.01175 0.07766895 0.1029423 0.186859 0.1023919 0.02265968 0.001295713
0.01552286 0.03799909 0.009964978 0 0.005948065 0.05384181 0 0 0 0 0.01992996 0 0.02523451 0.04002685 0.0102693 0.003869607 0 0 0.01889064 0.01992996 0.009964978 0 0.04039548 0.1288474 0 0.01992996 0.03985991 0.009964978 0 0 0.002608497 0.1369012 0.01992996 0 0.009964978 0 0.02262542 0.05709441 0 0 0.009964978 0 0 0 0 0 0 0 0.008762848 0 0.009361401 0.01727739 0.01243036 0 0.009678118 0 0.02989493 0.001140035 0 0.04944275 0.08003848 0.0668013 0.06228316 0.04982489 0.03298678 0.08315157
0.0480407 0.008052108 0 0.009964978 0.05978987 0 0 0 0 0 0 0 0.01992996 0 0.07971983 0.03985991 0 0.009964978 0.02096928 0 0 0 0 0.07109483 0.01845424 0 0 0 0.01992996 0.009964978 0.03985991 0.2021937 0.02700078 0 0 0 0 0 0.009964978 0 0 0.02989493 0.002752335 0 0.009964978 0 0 0 0.02989493 0 0.01992996 0.0304092 0.01992996 0.0479309 0.1116333 0.05978987 0.5192165 0.140885 0.09099972 0.2293229 0.001985973 0 0.009964978 0.1706382 0.008731414 0.008297381
0 0 0 0 0.07250381 0.009964978 0 0.05978987 0 0.0512206 0.07091634 0 0.03058799 0 0.006459708 0.06320748 0.03405916 0.553572 0.01499342 0 0 0.06975485 0.03985991 0.02989493 0.07961011 0 0.01992996 0.009964978 0.02629402 0.009964978 0.03185133 0.2834833 0.07971983 0 0.02989493 0.01292864 0.02693127 0 0.02378058 0.01607934 0 0.009964978 0.03710758 0.02989493 0.009964978 0.04982489 0.01630226 0.01029533 0.04315726 0.01992996 0.01992996 0.01941569 0.1360245 0.06373788 0 0.009076219 0.5022047 0.07809456 0 0.01992996 0.02989493 0.009964978 0.01112843 0.053476 0.009964978 0.2261726
0 0 0.009964978 0.009964978 0.02714598 0.04249915 0.02989493 0.01992996 0 0.008569274 0.008803491 0.0009736995 0.02152054 0.07783736 0 0.125243 0.3159148 0.1794926 0.009964978 0.008189534 0.001775444 0.02891031 0.0109496 0 0.03220108 0.04738301 0.04982489 0.01758114 0.03275861 0 0.0244183 0.3993404 0 0 0 0 0.009964978 0.009964978 0.02989493 0 0 0.04498785 0.004837044 0 0 0 0 0 0.02129178 0.02095346 0.02927131 0.107761 0.05350235 0.04982489 0.03875347 0.08062665 0.06232369 0.01129842 0.08839217 0.01992996 0.07051785 0.009201985 0.1551695 0.2557915 0.1702135 0.5282859
0.01992996 0.009964978 0.06325626 0 0.04781183 0.05916369 0.05217225 0.009964978 0 0.009964978 0 0.01001141 0 0.009563808 0.009964978 0.09451227 0.4229736 0.06975186 0.07971983 0.01892021 0 0 0 0 0 0.07109788 0.1252866 0.003086056 0 0 0.009964978 0.06555893 0.01992996 0 0.02989493 0 0.003866542 0.006098436 0.009964978 0 0.009964978 0 0.002813547 0 0 0 0 0.008674431 0.08131704 0.1373879 0.1027986 0 0 0.008935999 0.08094843 0.009440556 0.03994415 0.1113859 0.06067983 0.0895381 0.01857021 0.04350989 0.1744825 0.2994179 0.1018383 0.2958615
0 0.009964978 0.05993802 0.01631542 0.01431829 0.00561167 0.08980931 0 0 0 0 0.008944851 0.009964978 0 0.09547457 0.1049167 0.1770448 0.1727802 0.05085531 0.01097473 0 0 0 0.02773451 0 0.002727339 0.0746232 0.09456763 0.009964978 0.001918424 0.03411552 0.1021608 0 0 0 0 0.0343684 0 0 0 0.03985991 0.03319732 0.03316567 0 0.03536622 0.006833189 0.005899446 0.01687322 0.1031637 0.01115939 0.2168785 0.06105971 0.009964978 0.04024698 0.04961403 0 0.009964978 0.02144853 0.02728068 0.1618732 0.09653962 0.1504151 0.05978987 0.05229423 0.009964978 0
0 0 0.01992996 0.009964978 0.05278559 0.01992996 0.04735304 0 0 0 0.009964978 0 0.009964978 0.02989493 0.0387682 0.0395478 0.01024501 0.06872444 0.07117043 0 0 0.009761078 0.01024328 0.04194594 0.01992996 0 0 0.07437011 0.05493477 0 0.03372091 0.04982489 0.009964978 0.005430738 0.009964978 0.009964978 0.01545649 0.01992996 0 0 0 0.01662757 0.01384567 0.01992996 0.02005446 0.009964978 0.04514766 0.2656617 0.06226509 0.0124114 0.009964978 0.1118167 0.009048058 0.04073752 0.06000074 0.0001930353 0.08722053 0.09242311 0.2357698 0.09819487 0.5440061 0.2962931 0.01992996 0 0 0
0 0.009964978 0 0 0.01001141 0.02029519 0.08931958 0.009964978 0 0.001679893 0.009964978 0 0.02093322 0.009964978 0.009964978 0.08145887 0.01835579 0 0.01970395 0.04082065 0.008860296 0 0.01814865 0.009964978 0.009964978 0 0 0.001908324 0.07329221 0.02428748 0 0.03985991 0.009964978 0.03442918 0.02989493 0.06534111 0.3421309 0 0.01808269 0.003785602 0.007128794 0.0119465 0.01117051 0.002770663 0.007500985 0.04172945 0.1881825 0.01992996 0.006996991 0.01938355 0.0286296 0.1655364 0.09112443 0.2504647 0.1097379 0.1998108 0.4080365 0.5540586 0.3532318 0.06325531 0.1680871 0.01992996 0.009964978 0 0 0
0.1135315 0.01989955 0 0.01299922 0.1368342 0 0.03814466 0.01418727 0.01626427 0.1215655 0.07513868 0.1367663 0.02466633 0 0 0.02654453 0.003356461 0.009964978 0 0.04855831 0.03110385 0.008464314 0.001781309 0 0 0 0.009964978 0 0.009964978 0.0697232 0.004956295 0.02642755 0.08755846 0.1034621 0.1098931 0.08750173 0.2726842 0.1250995 0.2164198 0.0563086 0.1227203 0.163655 0.10934 0.1270784 0.07283818 0.05524156 0.03223949 0.03985991 0.009964978 0 0 0.02156481 0.2676829 0.3395969 0.2600146 0.2590155 0.1952415 0.09596776 0.202204 0.01656397 0 0.009964978 0 0.009964978 0.006615057 0.0133149
0 0.03597359 0.04982489 0.01984626 0.01992996 0 0.007457935 0.02989493 0.01992996 0.09329139 0.1574613 0.05494678 0 0.03985991 0.0004455211 0.1197563 0.03883703 0.04011219 0.01976167 0.000265381 0.03122569 0.1115499 0.01932711 0 0 0.0175909 0.02989493 0.01992996 0.07378981 0.400317 0.1781476 0.1108355 0.04174158 0.01548295 0.02989493 0.009964978 0.01508068 0.004849281 0 0 0 0.05296851 0.02666201 0.01992996 0.01992996 0.05751929 0.01992996 0 0.02146625 0.0213101 0.03985991 0.1173742 0 0.1005593 0.3314098 0.1554186 0.04938335 0.03125435 0.04445827 0.0282312 0 0.009964978 0.007779827 0 0 0
0.001827882 0.05205426 0.009964978 0.006682834 0.009964978 0 0.01625417 0.2328703 0.03985991 0.01695896 0.002971002 0.04465968 0 0.01992996 0.04793 0.1207137 0.0199795 0.06777322 0.03082725 0.009983707 0.009964978 0.02068895 0.1371347 0.07625361 0 0.01230403 0.06144794 0.1341154 0.08378016 0.09835543 0.07627418 0.03628391 0.01584167 0.004447004 0.02989493 0.01490647 0.03491842 0.02989493 0 0 0 0.009964978 0.0235173 0.01992996 0.02989493 0 0.01409331 0.320814 0.1424995 0.1291798 0.08922622 0.05000098 0.0007461811 0.03931167 0.09217688 0.09809154 0.0004415386 0.01498008 0.1045997 0.009964978 0.04982489 0 0.002185151 0.009964978 0.01992996 0.07264906
0.06245124 0.03701076 0 0 0 0 0.0346287 0.02025463 0.08968481 0 0.02754055 0.002354386 0.02827932 0.001615613 0.02046833 0.02077249 0.039334 0.230574 0.2884598 0 0 0 0.1208977 0.1350993 0.1142582 0.1276125 0.03252025 0.04718212 0.0742927 0.1239663 0.1517711 0 0.004088288 0.04982489 0.05469627 0.005093597 0.005532083 0.02023428 0.0340235 0.004101434 0.006185853 0.1275634 0.01878001 0.1091729 0.07772667 0.2167098 0.3675344 0.2353166 0.01047479 0 0.01992996 0 0.01946627 0 0.1319636 0.05731787 0 0.01187089 0.037954 0.009964978 0.02989493 0.009964978 0 0 0.03398319 0.09708735
0.009964978 0.00609552 0 0 0.06872271 0.02369392 0.06261134 0.02742656 0.07370223 0.2408557 0.07295439 0.07994609 0.06155366 0.03985991 0.1393422 0.07902547 0.1492426 0.1602088 0.3003769 0.1113249 0.0968813 0.2259775 0.1518271 0.7221623 0.3039762 0.07303106 0.005463689 0.04856434 0.05468938 0.01662429 0.3426917 0.02657755 0.005564168 0 0.01992996 0.005540045 0.08754025 0.03646443 0.03626989 0.08042174 0.06125436 0.1513878 0.09960467 0.1814066 0.3531726 0.1415707 0.02764121 0.002039912 0 0 0.001207142 0 0 0.001104994 0.1682557 0.04159126 0.04818932 0 0.009964978 0 0.06299913 0.03665066 0 0 0 0.03266386
0.03100131 0 0.03985991 0 0.1294321 0.1431983 0.2039405 0.03397537 0.08793141 0.3589844 0.07100598 0 0 0 0.1085232 0.009964978 0.02993904 0.1891354 0.04982489 6.5957e-005 0.09131189 0.2166529 0.05535589 0.1498314 0.008019828 0.1045545 0.2016023 0.1211357 0.03253426 0.1114166 0.2046512 0.1676731 0.03525091 0.02119018 0.05536799 0.07241344 0.3453388 0.01124016 0.004298386 0.1656121 0.01182546 0.02936813 0 0.01690113 0.05181396 0.03733401 0.009964978 0.007925066 0 0 0.05109887 0 0.009964978 0.07112008 0.03849468 0.1395097 0.04982489 0 0 0.01992996 0 0 0.009964978 0 0.07655649 0.01079057
0.719705 0.3847662 0.3587655 0.06187505 0.01992996 0.2018793 0.2436121 0.09570371 0.07425191 0.03192111 0.03161356 0.03143139 0 0.009964978 0.05972879 0.000686691 0.0201302 0.04003672 0 0.02989493 0 0.01361441 0.06995742 0.1834631 0.1777956 0.1017748 0.241578 0.2923044 0.1896093 0.2927946 0.105941 0.2878739 0.04982489 0.05852965 0.03552592 0.02196665 0.259151 0.2353536 0.2227358 0 0.009964978 0 0.02989493 0 0.02989493 0 0 0 0 0 0.1569585 0 0.02989493 0.001573428 0.008391551 0.009911724 0.04922393 0.009964978 0.02989493 0.02319922 0.01666069 0 0 0 0.1363683 0.05530408
0.4149202 0.2342262 0.5450271 0.3025649 0.5393891 0.1333026 0.02278802 0 0.06173604 0.03028073 0.1869624 0.1195049 0.0321486 0.08906609 0.1952887 0.02220367 0.02145436 0.01085991 0.009070043 0.01992996 0 0.01992996 0.001274144 0 0.04198723 0.02419583 0.4272456 0.3888543 0.6954454 0.5019643 0.4509593 0.3094377 0.3721228 0.002621365 0.01539718 0 0.01992996 0.0950783 0.0558168 0 0 0 0.009964978 0.009964978 0.02790223 0.01465737 0.04222128 0 0.009964978 0 0.009964978 0 0 0.0118507 0.03017324 0.01024449 0.00817567 0.02989493 0 0.01992996 0 0.009964978 0 0.04257002 0.01513109 0
0.1748842 0.1275239 0.2441855 0.05051101 0.5729648 0.6381381 0.1921815 0.09785169 0.2731202 0.01195524 0.05848529 0.1014533 0.1912127 0.1291661 0.4374193 0.1377337 0.2587513 0.1299314 0 0.009964978 0 0.1033176 0.03514097 0.1662919 0.2941817 0.4151289 0.4042047 0.1756042 0.2244074 0.4058805 0.2218979 0.01950564 0.2426272 0.006206753 0.01080946 0.01016521 0.02341802 0.009141205 0.02149381 0 0 0 0 0.01323157 0 0.0169156 0.02784825 0 0.001809239 0.009964978 0.04982489 0 0 0.009964978 0.009964978 0 0.009964978 0.04307695 0.05389462 0 0 0 0 0.07984433 0 0
0.1294758 0.1711767 0.1690516 0.1185211 0.2748474 0.2721151 0.2444374 0.2682094 0.0729585 0.1164368 0.3462972 0.460574 0.3885029 0.3846538 0.4247398 0.1551213 0.4693611 0.29031 0.02149356 0.01790812 0.0121679 0.378311 0.1616039 0.4287759 0.09145224 0.2419917 0.1092025 0.04275083 0.1098874 0.2779357 0.2495004 0.04625408 0.05560424 0.06389181 0.009964978 0.04982489 0 0.01992996 0.04221134 0.01207163 0.009964978 0.03985991 0 0.006698392 0 0.002662413 0.04484643 0.002272052 0.05798063 0.009964978 0.009964978 0.0016414 0.008323578 0 0.009964978 0.009964978 0.03985991 0.01360459 0.2475204 0.03985991 0 0 0.01420394 0.09553532 0 0
0.2217248 0.3818752 0.2099717 0.1960111 0.1083881 0.1552799 0.203585 0.326929 0.1395097 0.03985991 0.2953159 0.1142428 0.1901732 0.1751071 0.09763832 0.04166579 0.07891677 0.01854715 0.05978987 0.3318381 0.084751 0.1687379 0.1582391 0.2396664 0.003727872 0.0420204 0 0.0527283 0.1037273 0.03796976 0.1660521 0.2206634 0.07076102 0.1270355 0.001938641 0 0.02516313 0 0.08522673 0 0 0 0 0 0 0.007302566 0.08709484 0.01765791 0 0.009964978 0 0 0.01992996 0.009964978 0 0 0.009964978 0 0.0006426443 0 0.009964978 0.01992996 0.1088838 0.0008815258 0 0
0.414386 0.2213508 0.1982496 0.2989177 0.1124185 0.2711796 0.2309728 0.06964407 0.1887118 0.2311851 0.3616036 0.1881339 0.05914652 0.1015617 0.02989493 0 0.02119261 0.06393997 0.0541123 0.05128329 0.1380857 0.09206146 0.0130493 0.191197 0.08494066 0.0140416 0 0.08624121 0.104216 0.2349589 0.007677639 0.05978987 0.3539926 0.1519217 0.02133334 0.01740478 0.01722196 0 0.01992996 0 0.01420362 0 0.003562015 0 0.009964978 0 0.07131599 0.01844127 0 0 0 0 0.009964978 0.009964978 0 0 0 0 0 0 0.05975666 0.04985811 0.08140906 0.05376168 0.004151177 0
