EnvRasters/GE_High/sealed.asc
ncols         270
nrows         223
xllcorner     24099.479091542
yllcorner     21023.840179216
cellsize      1003.8986847201
NODATA_value  -9999
[rows 30 to 59 of 223, columns 132 to 197 of 270]
0.6818478 0.6045429 0.492231 0.1534088 0.03593838 0.08534034 0.1637356 0.1609321 0.1053042 0.01441587 0.04205603 0.01992996 0.05437147 0.03687746 0.08476763 0.1167635 0.2216202 0.07011122 0.1082239 0.03022529 0.03448474 0.03982466 0 0 0.02047841 0.1228797 0.04479896 0.01761574 0.001133353 0.008721909 0.06689706 0.03996586 0 0.00177771 0.08544236 0.1454666 0.05873521 0.009964978 0 0 0.0001202425 0.0002205234 0.02989493 0.07134023 0.04398073 0.09435436 0.01992996 0.04111093 0.06214922 0.0181216 0.0317033 0.009964978 0.009964978 0.02989493 0.05287315 0.636516 0.2885994 0.06639718 0.03188567 0.07298248 0.05352031 0.04509556 0.05907634 0.08924624 0.4638662 0.3941422
0.2641579 0.2420562 0.5172899 0.3612005 0.1305986 0.1744425 0.1871815 0.2117639 0.07686324 0.0553018 0 0 0.03271563 0.1141773 0.06083443 0.09264212 0.02193828 0 0.009964978 0 0.009964978 0.005038355 0 0.004426545 0.03057351 0.02757641 0.009964978 0 0.002104072 0.02732854 0.1431336 0.05058784 0.05839296 0.01815225 0.04522483 0.07008877 0.02989493 0 0 0 0.02977469 0.05888082 0.370412 0.29761 0.00301091 0.1355496 0.1868349 0.1063823 0.02210791 0.009964978 0 0 0.009964978 0.04286285 0.126922 0.1732287 0.1375264 0.1639291 0.134038 0.1551428 0.09990136 0.05782207 0.03229463 0.253493 0.6902149 0.3788907
0.1452248 0.1994645 0.4260865 0.1295964 0.05970019 0.1003569 0.2187896 0.02503792 0.001015842 0.02241798 0 0.009964978 0.0899848 0.06980234 0.1290014 0.0006938031 0.05614557 0 0.009964978 0.009964978 0.03985991 0.01042455 0.01518927 0.05492907 0.02411667 0.02398655 0.06361225 0.01194689 0.05780796 0 0.1389809 0.05498939 0.06225675 0.003703778 0.006261201 0.04982489 0 0 0 0.03023008 0.03588198 0.06068124 0.07060177 0.2526439 0.1603074 0.3049011 0.03275098 0.06540541 0.1062222 0.01335758 0.04652548 0.04767894 0.03694205 0.06647315 0.0001934516 0.1597344 0.3935324 0.3887007 0.143553 0.2346119 0.06913064 0.0751487 0.05317791 0.6984757 0.8436391 0.3269381
0.1449989 0.1789612 0.2159129 0.4328363 0.5411328 0.1545634 0.02920614 0.0944782 0.3301881 0.1276659 0.08308899 0.1429457 0.05947602 0.1085269 0.03435153 0.009964978 0.08436809 0.03409114 0 0 0 0.06955533 0.01487988 0.009964978 0.07821749 0.04308393 0.006142607 0.01215508 0.01773985 0 0.02273177 0.04826804 0.01660062 0.009964978 0.01436344 0.04021629 0.005210138 0.01992996 0.01065884 0.02955979 0.06985333 0.02989493 0.02029746 0 0.02989493 0.03758333 0.05015524 0.03183555 0.09063044 0.08227412 0.06173198 0.05872995 0.06391106 0.1197615 0.08657797 0.2649118 0.5367773 0.1765146 0.1000188 0.0628125 0.05718249 0.06657524 0.09334057 0.001849713 0.09263126 0.07951086
0.1879898 0.17375 0.08569703 0.1265482 0.1617553 0 0.07061457 0.08457782 0.4641199 0.225205 0.06686423 0.009972884 0.1075647 0.1325135 0.004097898 0.009964978 0.01689729 0.03707347 0.01058392 0.01992996 0.0003200607 0.04950483 0.009964978 0 0 0 0.01992996 0.003681011 0.01992996 0.02989493 0.0370581 0.01992996 0.01221467 0.02431036 0.006358527 0.0421151 0.1461808 0.05005115 0.02966154 0.02007814 0.1963522 0.03693363 0 0.01992996 0.0269246 0.1925075 0.02653418 0.0600686 0.507888 0.1756171 0.1129854 0.08303729 0.0271764 0.4449054 0.6578406 0.5944869 0.07279085 0 0.05449199 0.2124356 0.05007155 0.1322562 0.02989493 0.009964978 0.06601841 0.008151612
0.166442 0.1450798 0.1497308 0.2539839 0.04459826 0.1270957 0.2321851 0.02713436 0.09107063 0.101469 0.04800564 0.1308751 0.3653781 0.08930313 0.01957642 0.009964978 0.02989493 0.03955326 0.07597264 0.1211057 0 0 0.009964978 0 0 0.04652228 0.0202425 0.03379866 0 0.003397313 0.0364626 0.03377078 0.04369936 0 0.05378772 0.02798324 0.0332978 0 0.01594509 0.03387981 0.02959706 0.009964978 0.009964978 0.01754479 0.2538522 0.1941458 0.1104757 0.1226146 0.4224715 0.1830568 0.01012113 0.009964978 0.08310047 0.1877469 0.4431552 0.08906122 0 0 0.02989493 0.1459479 0.1221327 0 0.01992996 0 0.143365 0.05408287
0.1542085 0.06468931 0.01992996 0.02989493 0.03985991 0.0366478 0.06189379 0.03328894 0.03137007 0.04248591 0.06080024 0.06427339 0.04460022 0.05626506 0.1132945 0.08371077 0.05310277 0.02989493 0.05208636 0.06404396 0 0 0.009964978 0.004658686 0 0.1782707 0.2471801 0.09147652 0.1392932 0.3131958 0.3487122 0.06014625 0.0446567 0.03087499 0.01992996 0.02146575 0.0614266 0.05815315 0.03618733 0.02360254 0.009964978 0.0273439 0.05748278 0.08245341 0.1720304 0.2340482 0.04860214 0.0714144 0.007656379 0.002381051 0.009964978 0 0.009964978 0.04952288 0.009964978 0.01992996 0.01992996 0.07213555 0.05196791 0 0 0 0 0 0.04032258 0.0292705
0.2496099 0.03025131 0.03017024 0.0244602 0.05957868 0.04924936 0.04068726 0.0542217 0.05260228 0.01992996 0.001845091 0.2090651 0.04212139 0.03985991 0 0.006356436 0.06680732 0.08047498 0.2379067 0.2211799 0.2076977 0.06511956 0.08332087 0.3193346 0.3138814 0.2102382 0.2881985 0.2423473 0.08793817 0.3899143 0.1401456 0.02450845 0.02018145 0 0.0217464 0.08566616 0.05402009 0.03090463 0.01992996 0.01992996 0.009964978 0.01746789 0.03222242 0.03568052 0.09285951 0.1253614 0.1741689 0.1555957 0.1611126 0.07443462 0.02007278 0.01992996 0 0.01992996 0 0.04617628 0.01992996 0.1017746 0.003316443 0 0 0 0.009964978 0 0 0.07602628
0.1747592 0.1828474 0.1822167 0.05986232 0.0002111951 0.04043544 0.01678153 0.03399802 0.01992996 0.009964978 0.04982489 0.03009436 0.0527375 0.01992996 0.02888699 0.1273646 0.06012022 0.02975407 0.05346841 0.07339918 0.03872515 0.1688911 0.5794388 0.579735 0.2489114 0.1994503 0.4031509 0.2066822 0.07321627 0.02989493 0.04699351 0.02458653 0.05030331 0.06975485 0.04046998 0.1446832 0.2150151 0.0963825 0.02148651 0.1105849 0.05256857 0.06538853 0.08413132 0.06026592 0.009896107 0.0132334 0.02872963 0.03238108 0.08828904 0.195637 0.02525204 0 0.007247611 0 0.009964978 0.03491611 0.03480709 0 0 0.01992996 0 0.009964978 0.0341768 0.0156481 0.004786418 0.03027733
0.08929749 0.1231065 0.2568601 0.1164042 0.05665499 0.009560375 0.04064926 0.0009975374 0.02691317 0.04176045 0.03985991 0.02989493 0.2254165 0.05069029 0.1594397 0.07288636 0.009964978 0 0 0.02261588 0.02297887 0.005592377 0.3543062 0.8440785 0.494668 0.09673063 0.2060338 0.09383916 0.1438789 0.04515717 0.09772857 0.02714391 0.03050235 0.02928752 0.1878567 0.1883602 0.2130364 0.134622 0.06588494 0.02215605 0.02989493 6.554365e-006 4.398243e-006 0.009558134 0.03934897 0.02989493 0.01120394 0.08927636 0.2414632 0.019803 0.03418619 0.03485635 0.009855262 0.009964978 0.009964978 0.01715321 0.005565341 0.007274861 0.009964978 0 0 0 0.01326197 0.03656292 0.1082245 0.1015465
0.1596082 0.09187666 0.01944974 0.0198401 0.1476393 0.4191226 0.4707371 0.17901 0.03977622 0.04982489 0.0187682 0.09084657 0.06767908 0.02725359 0.02996606 0.02989493 0 0.03985991 0.009964978 0 0.05604064 0.007979377 0 0.06484716 0.01088052 0.01187404 0.1422726 0.166152 0.3000337 0.5020701 0.3706082 0.6514148 0.2543249 0 0.2278062 0.1413834 0.1770786 0.2794349 0.02666456 0 0.008020086 0.01190987 0 0.01997638 0.0005109415 0.02989493 0.009964978 0.01992996 0.02153391 0 0 0.076031 0.07854573 0 0 0.06995742 0 0 0 0 0 0 0.04206742 0.04158171 0.1304724 0.07711615
0.08261278 0.04942626 0.03085891 0 0.0002025724 0.1162182 0.3484021 0.1752689 0.2635894 0.157175 0.02121388 0.09907862 0.03254187 0.0225682 0.009896962 0.009964978 0.009964978 0 0.03241115 0.03958061 0.05978987 0.002446072 0.03265198 0.005146605 0 0.01992996 0.07997445 0.09395122 0.04174943 0.02664706 0.2261659 0.3882642 0.7270397 0.2176111 0.04972276 0.01992996 0 0.01875495 0.06108376 0.00083107 0.009964978 0 5.034785e-005 0.17973 0.01992996 0 0 0.08013944 0.0394403 0.0009762162 0.01687011 0 0.01450471 0.05797875 0.04901937 0.0780384 0 0 0 0 0 0 0.002620864 0.06262452 0.07526432 0.05618891
0.05457897 0.2509241 0.08921021 0.1478748 0.03245777 0.02989493 0.2743086 0.3274946 0.08169741 0.0699271 0 0 0.01006247 0.01983246 0.009964978 0.01084533 0.0190496 0.01992996 0.02058402 0.01703898 0.03563894 0 0.02469182 0 0 0.05878856 0.01566371 0.04602708 0.05978987 0.02507088 0.04787199 0.01992996 0.4821206 0.6302848 0.4892515 0.1692916 0.08135203 0.009964978 0.02882403 0.009133909 0.009964978 0 0.1086706 0.04024231 0.02006973 0 0.009964978 0.01992996 0.009964978 0.03808296 0.002083626 0 0 0.01992996 0.2213106 0.1431925 0 0 0 0 0 0.01992996 0.02463075 0.08973124 0.2053035 0.05007717
0.1064341 0.03066496 0.08919543 0.08866924 0.007845624 0.2303909 0.1395084 0.1903514 0.2411756 0.07325301 0.02910683 0.02079885 0.04020833 0.09973744 0.07674601 0.03080297 0.02282382 0 0 0.02989493 0.04408089 0 0.01328791 0.0433053 0.04547239 0.08284898 0.02989493 0 0.01753813 0 0.1026448 0.04363061 0.01738692 0.4010942 0.3189168 0.2417229 0.06422675 0.2477377 0.2809265 0.1351698 0.06156955 0.04982489 0.01992996 0 0.0003716575 0 0 0.01992996 0.02989493 0.001776958 0.05167796 0.02031236 0.007729507 0.04267801 0.06383957 0.2560098 0.12982 0.03615486 0.009964978 0 0 0 0.01554242 0.07033283 0.03394787 0
0.01573563 0.08293032 0.01178975 0 0.01619272 0.07281242 0.03107868 0.05901885 0.03186814 0 0.02987797 0.03987688 0.07867537 0.05890732 0.09197054 0.0003887017 0.03737447 0.0182248 0 0.01250505 0.01738989 0.01992996 0.03045861 0.04449384 0.04064731 0.04982489 0.009964978 0.009964978 0.1058486 0 0.009934891 0.09303115 0.02525785 0.04072709 0 0.009964978 0.1416147 0.4887964 0.6856369 0.4153426 0.1028991 0.04109544 0 0.009964978 0.06007722 0.009677625 0.009964978 0 0.02847107 0.02815879 0.01992996 0.02989493 0.007448107 0.05620473 0.1103534 0.1533123 0.06668447 0.01214658 0 0 0 0 0.005243779 0.07040763 0.01391245 0
0.009964978 0.04495859 0.09287686 0.04631572 0.04038079 0.1886351 0.103244 0.001848882 0.009964978 0.06728164 0.0655603 0.1207549 0.08853005 0.06746881 0.009964978 0.009964978 0.009964978 0.03336206 0.1096148 0.01992996 0 0.01992996 0.09304262 0.06104902 0.0148073 0.03439894 0.009964978 0.009964978 0.1357027 0.009964978 0.07971983 0.09964979 0.01493242 0.07967979 0.01992996 0.02533008 0.02449482 0.01829522 0.09406589 0.1534923 0.1181225 0.5265509 0.1029507 0.1190212 0.03988776 0.01881168 0.04217241 0.1245674 0.03999741 0.1017163 0.0980562 0.03530218 0.05234176 0.07976626 0.04008851 0 0.06398939 0.00958354 0.009964978 0 0 0 0 0.06596345 0 0
0 0.03990634 0.3264369 0.1325259 0.0514514 0.009964978 0.02029021 0.05908569 0.01992996 0.03172543 0.4627921 0.08451771 0.01204282 0.01225101 0.03985991 0.007152843 0.02218162 0.02417614 0.009964978 0.01302553 0.04272908 0 0.06597451 0.004784345 0.1806629 0.2118179 0.02442835 0 0.03376875 0.006259962 0.003705017 0.09447255 0.0799789 0.09237957 0.01260883 0 0.02989493 0.02989493 0.01992996 0.02099317 0.01992996 0.03985991 0.1680948 0.3308103 0.1997853 0.05816858 0.06747942 0.08957963 0.1541731 0.01216433 0.02954145 0.03215719 0.02989493 0.2108463 0.04288938 0.01667317 0.02989493 0 0 0 0 0.009964978 0 0.1295447 0 0
0.1021356 0.5009469 0.2121425 0.1001539 0.01992996 0 0.009964978 0.02063414 0.04982489 0.03094475 0.03113831 0.06403623 0.1186415 0.03122948 0.03385275 0.04267205 0 0.03831761 0.03806398 0 0.004035267 0.04982489 0.04364025 0.01744528 0.5037761 0.2380537 0.05529149 0.005807453 0.07003856 0.01992996 0.05654532 0.1924998 0.05195231 0.03503381 0.0422175 0.009964978 0.009964978 0 0 0.04876168 0.009763699 0.02013124 0.04982489 0.009851485 0.02089394 0.05337226 0.2474833 0.2156105 0.2088094 0.2845109 0.05785469 0.03306727 0.09101014 0.1117614 0.03577346 0.009110423 0.01992996 0.01992996 0 0.02561498 0.01424493 0 0 0.00677221 0.1418226 0
0.03558131 0.1822559 0.08233257 0 0.01021244 0.01992996 0 0.01010228 0.03972261 0.02876312 0 0 0.009964978 0.01820374 0.02195722 0.02237175 0.07432453 0.1302328 0.1625812 0.01632586 0.07971983 0.02989493 0.06975485 0.0614859 0.3466405 0.08495782 0.01455622 0 0.01292621 0.01081427 0.009964978 0.04722299 0.002601906 0 0.03985991 0.004368034 0.01363036 0.01992996 0.01901274 0.06040967 0.03090601 0 0.02075372 0.07012063 0.0288189 0.06134444 0.0348577 0.251061 0.6814978 0.5821704 0.06415784 0.04725291 0.134194 0.1689249 0.009964978 0.05146699 0.01525405 0.005362635 0.03449728 0 0 0 0 0.009964978 0.1304245 0.009964978
0 0.02989493 0.1295912 0.2821973 0.05338852 0.08028974 0.04012307 0.04982489 0.01992996 0.0289861 0.001232453 0.04859244 0.009964978 0.03778 0.0041798 0.0935014 0.281589 0.1876152 0.1568641 0.05618996 0.01992996 0 0.02989493 0.009964978 0.01532788 0.03449701 0.01997638 0.01992996 0.01992996 0.07849696 0.05085998 0 0.01992996 0 0.009964978 0.09528175 0.1261229 0.003384551 0.009964978 0.009964978 0.05032064 0.02018867 0.01189876 0.2687019 0.3927476 0.1141663 0.08858766 0.499659 0.8168194 0.7524369 0.6022072 0.182967 0.06851293 0.1061459 0.07160749 0.01185654 0.01332288 0.005492755 0.05429712 0.009964978 0 0.3977002 0.5806629 0.0271706 0.03261927 0.01863728
0.1294444 0.04105903 0.1586222 0.3685089 0.4119608 0.09989964 0.1096148 0.03936746 0.02989493 0.03109809 0.02883669 0.05828248 0.07183018 0.0120903 0.1029587 0.01905971 0.423598 0.5342184 0.328182 0.009964978 0.01621052 0.04181349 0.01992996 0.05166027 0.01440294 0.1602684 0.04386577 0.01992996 0.006970574 0.05735041 0.01922522 0.002515872 0.008187881 0.001777098 0 0 0.04561128 0.02051545 0 0 0.04990492 0.02004689 0.001240144 0.1359659 0.5681105 0.05350294 0.01992996 0.04846105 0.2354833 0.6051566 0.1566597 0.02195445 0.2417883 0.1348804 0.06607839 0.04535308 0.1207968 0.01992996 0.009964978 0.01979406 0.008776997 0.2575541 0.08811744 0.01762201 0.1365606 0.1308374
0.3418588 0.1196522 0.170714 0.1003575 0.04987132 0.02989493 0.01992996 0.1400021 0.02104821 0.0406374 0.248502 0.1399906 0.007829645 0.03985991 0.01572329 0.08147662 0.02405437 0.02895429 0.08410433 0.04761339 0.05937381 0.07341618 0.08032892 0.05815472 0 0.03499364 0.005358951 0.009964978 0.08684655 0.1299011 0.03237682 0.03322016 0.003091011 0 0.01992996 0.01992996 0.009964978 0.05978987 0 0 0.01974737 0.01844748 0.01992996 0.05150865 0.0581788 0.01992996 0.009964978 0.01992996 0.06078837 0.2105125 0.4179147 0.03785021 0.1920186 0.1884975 0.06673333 0.02107048 0.01136577 0.04439428 0.04621794 0.1022379 0.1722663 0.04037076 0.03266155 0.02233404 0.06453856 0.1169703
0.195339 0.08125846 0.1302021 0.09210282 0.1096612 0.0005956383 0.02923802 0.02912177 0.07908602 0.03985991 0.02439662 0.06907251 0.02989493 0.01992996 0.03246067 0.0374447 0.002840236 0.07971983 0.0407779 0.03242882 0.04483828 0.04611228 0.03877071 0.01601247 0.02384744 0.03970909 0.009964978 0.009964978 0 0.02769932 0.002195621 0.04649967 0.02680393 0.009964978 0.05978987 0.01992996 0.01992996 0.0001348962 0.02976004 0 0.009964978 0.01076025 0.009964978 0.02185385 0.02792484 0 0 0.009964978 0.02584439 0.1384493 0.2302325 0.06161899 0.02901351 0.2250191 0.02717696 0.01992996 0.05978987 0.05283389 0.1440896 0.1092034 0.3305806 0.1126716 0.02505459 0.04205664 0.210761 0.8070104
0.3737167 0.3425807 0.1514945 0.2180587 0.03908843 0.03046378 0.04988617 0.0007731631 0.03052875 0 0.06975485 0 0 0 0.0007688406 0.00153051 0.02714756 0.01584283 0.01588263 0.02518691 0.01992996 0.0633506 0.0538866 0 0.01992996 0.09341717 0.03113679 0.03985991 0.01992996 0.009964978 0.03191618 0.05469186 0 0.01992996 0.002741458 0.02951463 0.08221702 0 0.01156138 0 0.03246114 0.08742528 0.01208994 0.017805 0.009964978 0 0.02989493 0 0.08263872 0.03135579 0.01039943 0.08504154 0.04927009 0.5405575 0.03392209 0.08760811 0.09498103 0.06686801 0.01693314 0.03693133 0.09395861 0.007725001 0.1082765 0.3769444 0.07857741 0.09112567
0.1564968 0.4397328 0.2829217 0.009919232 0.0005780809 0.0704378 0.05015524 0.01856156 0.01992996 0.02922386 0.008955591 0.002759911 0.0869249 0.04629672 0.009964978 0.009964978 0.09243219 0.01753245 0.02520497 0.04162481 0.01473543 0.03612829 0.08183272 0.05939943 0 0.009964978 0.07489645 0.009964978 0.01413214 0.02662273 0.01962794 0.006650991 0 0 0.007223521 0.009964978 0.03817216 0.03032938 0.07725986 0 0.01882802 0 0.02989493 0 0 0.03975913 0.01992996 0.01368965 0.02715025 0.009964978 0.009964978 0.02683787 0.08534741 0.323312 0.0673323 0.05328098 0.03663242 0.0398676 0.01992996 0.1209641 0.06642909 0.151885 0.4905121 0.613038 0.05436244 0.09822172
0.3280477 0.5801768 0.5985708 0.1393266 0.0305919 0.009751235 0.09964979 0.06159272 0.1172824 0.03230081 0.03997645 0.07705605 0.009964978 0.02345813 0.01405425 0.04573562 0.01992996 0.02713631 0.05695076 0.0628836 0.006373588 0.01992996 0.02676915 0.0438715 0.0738261 0.007306749 0.2216772 0 0.04245276 0.01171023 0.009964978 0.01922781 0.08042198 0.0187843 0.01833371 0 0.0001731163 0.01184545 0.3155152 0.01992996 0.009964978 0.009964978 0 0.002793626 0.01713633 0.03366589 0.1394941 0.00631042 0.009964978 0 0 0.03517522 0.06857412 0.07800867 0.1959781 0.01277227 0.04067168 0.1296332 0.167534 0.1673963 0.09798234 0.03885317 0.3340853 0.3488899 0.03206457 0.06975485
0.6335395 0.1355423 0.0472839 0.1386901 0.06755596 0.01992996 0.03175779 0.008102123 0.03038946 0.136957 0.03098802 0.08762385 0.1110251 0.1694927 0.02427947 0.05671045 0.02395516 0.02789903 0.05470392 0.01992996 0.01600472 0.003997694 0.01992996 0.004294041 0.02906454 0.04982489 0.08781412 0.05099409 0.04427682 0.04011219 0.02028633 0.01078929 0 0.02100815 0.05429128 0 0.04053231 0.02716895 0.06315397 0.02174049 0.0291955 0.009964978 0.01992996 0.01039946 0.03001713 0.02989493 0.02989493 0.02849833 0.03129154 0 0.02989493 0.03985991 0.03732878 0.1376483 0.1502946 0.1743492 0.1757251 0.07997211 0.02974174 0.02740349 0.161041 0.02266254 0.02141524 0.1148298 0.281425 0.1209873
0.3419412 0.1734846 0.04890639 0.09068844 0.09376802 0.1077244 0.01018789 0 0.04261769 0.02045364 0.04982489 0.03217041 0.02207199 0.1041871 0.009964978 0.008245789 0.04624879 0.0372462 0.04291042 0.01992996 0.04337885 0.02611014 0.009964978 0.009964978 0.02242753 0.3502468 0.1510962 0.06233956 0.04543475 0.009964978 0 0 0.02332556 0.01310034 0.09684712 0.01992996 0.01992996 0.009964978 0.05014738 0.02883512 0.2411362 0.135883 0.06689325 0.03942544 0.01980777 0.01992996 0.02989493 0.04452145 0.04516336 0 0.2171069 0.3483645 0.1144845 0.3617337 0.5683185 0.01526373 0.02688862 0 0 0 0.01345424 0.09597273 0.1070868 0.2055176 0.2657439 0.07114086
0.2665184 0.1010453 0.07973227 0.02028071 0.07195567 0.115919 0.01779913 0.04975592 0 0.009964978 0.009964978 0.009964978 0.03985991 0.006138425 0.01536429 0.02989493 0.06571434 0.05647912 0 0.006287536 0.03009425 0.01374978 0.08692034 0.02015621 0.6218391 0.4774013 0.2810971 0.009964978 0 0 0 0 0.01653435 0.03672455 0.009964978 0.04982489 0 0 0.01161714 0.04494121 0.3011201 0.2563137 0.06156727 0.02989493 0.01992996 0 0.009964978 0.009964978 0.06419006 0.08985902 0.08293431 0.09746899 0.02794609 0.0806108 0.7192432 0.07376255 0.05039683 0.03232932 0.04807724 0.01171264 0 0.004333546 0.1657925 0.1432105 0.05068252 0.01985165
0.2178536 0.1912763 0.1040276 0.06468622 0.01992996 0.0419708 0.06027098 0.07722938 0.05940298 0 0.02989493 0.03297061 0.1339947 0.009573753 0.0103562 0.009964978 0.05978987 0 0.009964978 0.02300848 0.01036458 0.006194963 0.01992996 0.01443917 0.4736017 0.160395 0.05486447 0.02989493 0.08905859 0.0006262142 0.02989493 0.04360861 0.1101798 0.03017324 0.0589465 0.09245873 0.07867622 0.04809457 0.01992996 0.02832664 0.257619 0.1468053 0.04641117 0 0.06975485 0.07417207 0.03998331 0.1345516 0.05999476 0.02139017 0.1093969 0 0.009964978 0.011988 0.1779351 0.01354787 0.04693745 0.02989493 0.01992996 0 0 0.02505378 0.1080701 0.08611485 0.05011139 0.06014625
