EnvRasters/GE_High/sugarbeet.asc
ncols         270
nrows         223
xllcorner     24099.479091542
yllcorner     21023.840179216
cellsize      1003.8986847201
NODATA_value  -9999
[rows 82 to 122 of 223, columns 93 to 185 of 270]
0 0 0.000558 4.7e-005 0 0 0 0 0 0 6.4e-005 0.000374 3.4e-005 0 0 3.7e-005 0 0 3e-006 7.5e-005 3.4e-005 0 0 1.3e-005 0 0 0 0 0 7e-006 0 0 0 0 0 0 0 0 0 0 0 0 0 1e-006 0 0 0.000776 3.7e-005 0.001507 0 0.004875 0 0 0.000324 0.00013 0 0 0 0.001104 0.000289 6e-005 0.000454 0.000123 0.001172 0.000692 0.005747 0.024895 0.01494 0.00419 0.000261 0.01533 0.038184 0.07868 0.000314 0.00096 4.4e-005 0 0 0.000755 0.00012 0.000321 0 0.001158 4.6e-005 5e-006 3.4e-005 0.000214 0.000477 0 0 0 0.000349 0.000118
0 0 0 0 0 0 0 0 0 5.6e-005 0.000281 0.000137 0 0 6.5e-005 7.5e-005 0.000101 0.000193 6.8e-005 0 0.00069 0.000419 0 4.2e-005 0 0 0 0 1.8e-005 0.000136 0 0.000381 0 0 0 0 0 0 0 0 0 0 0.000238 9.3e-005 6.2e-005 0.0003 0.010215 0.000436 8e-005 0.000105 0.00013 7e-006 0 2.6e-005 8.2e-005 0 9.5e-005 0.000842 0.000342 0.001831 0.001552 0.001071 1.6e-005 0.001064 0.000776 0.000772 2.6e-005 0.000204 0 0 0 3.4e-005 0.009466 1.6e-005 0.001438 0.000437 0.000393 0.000211 0.000271 0 0.000207 3.8e-005 5.1e-005 0 0.00022 0.000237 1.3e-005 0 2e-006 0.00017 0.000122 0.000164 0.000202
0 0 0 0 0 5.6e-005 0.000405 1.8e-005 2.3e-005 0 7.2e-005 0.000234 0 8e-005 0.000332 0.000422 0 0 0 0.000126 0 0.000602 0.000103 0 0 0 0 0 1e-005 0 0 1.4e-005 0 0 0 0 0 0 0 0 0 0 0.000272 0.000951 0 0 0.000704 0.000116 0.001494 0 0.00035 0 0 0 0 0 0.000198 0.000404 0.001292 0.00244 0.002571 0.002528 0.000175 0.000113 0.000126 0.003337 0.000554 1e-006 0.001122 0.000104 0.000482 0.003199 0.005556 0.001619 0 0.000429 0.000382 0.00022 4.2e-005 0.000211 0 0 0 0 0.000379 0.000983 0.000151 0.000916 0.000402 0.009288 0.000857 0.000624 0.000203
0 0 0 0 0 0.000904 0 0 0.000594 0 0 0 3.6e-005 5.8e-005 9.1e-005 0.000199 0 3.3e-005 7e-005 0.000448 0 0.000108 0 0 0 0 0 0 4.7e-005 0 0 0 0 0 3.2e-005 0 0 0 0 0 0 0 0 0 0.001152 6e-005 0.000395 0.000359 0.001868 3.4e-005 0.00165 0.000115 0.000696 0 0.000115 0.000128 0 0 0 0.000433 0.003092 1.9e-005 2e-006 0.000444 0.000933 0.000132 0.000607 4.5e-005 3.9e-005 0.000209 0.000599 0 0.000839 0.00065 0.00083 0 0.000236 0.00151 5.1e-005 0.000262 0 0 7e-005 0.000221 0.000689 0.000294 7.4e-005 5.6e-005 0.000247 6.4e-005 0.00018 3.1e-005 0
0 0 0 0 0.000149 0 0.000357 0.000422 0 0 0 0 0.000443 0 0 9e-006 0 8.6e-005 0.000201 0.000737 0 7.1e-005 0 0 0 0.000346 0 0 0.000189 0 0 0 0 0 0 0 0 0 0 0 0 0 0 0 0 0 0 1.4e-005 0.000251 0.000768 0.000233 6.9e-005 0.000104 0.000224 0.000161 3.4e-005 0.000176 0 0.0006 0.000794 0.0012 0.000602 0 3.2e-005 0.000109 0.000165 0.00016 0.000522 0.000177 0.000692 0.001216 0 0.00028 0.001874 0 0.000467 0.000169 0.00085 0.000154 0 0 0.001161 1.4e-005 0 0.000141 0.000966 0 0 0.000816 0.000188 7.5e-005 0 3.3e-005
0.000405 0.000288 0 0 0 0 0.000144 8.4e-005 0 0.000242 0 0 0 0.000226 0.000235 0.001061 0 6e-005 0.000294 0 0 0 0 0 2.8e-005 3.7e-005 3.6e-005 0 9.2e-005 0 0 0 0 0 0 0 0 0 0 0 0 0 0 0 0 0 9.7e-005 0.000698 6.8e-005 0.000284 0.000401 0 0.000158 0 0 0.000942 2.8e-005 2.8e-005 0.00011 5.6e-005 4.5e-005 9e-006 0.000188 0.000177 0.000373 0.000168 2.4e-005 0.000503 0.000186 0.000167 0.000462 2e-005 0.000167 8.1e-005 6.8e-005 2e-006 0 0.000236 0.000669 1e-006 2e-006 2.4e-005 0.000151 0 6.6e-005 0 0 6e-006 0.000672 0 0.000402 0.000973 0.000917
0 0 0 0 0 0 0 0 0 8.7e-005 0.000117 0 0 0 0.000214 0.000307 0 6.3e-005 0 0 0 0 0 0 0 0.003214 2.3e-005 0.000273 0.000178 0 0 0 0 0 0 0 0 0 0 0 0 0 3e-006 0 0.000291 0 0 0.000264 0.00075 0 0 0.000168 0.000158 3.5e-005 2.8e-005 0 0.000561 0.000532 0 0.000128 0.001008 0.000318 0.001168 6.9e-005 3e-006 0.001396 0.00044 0.000202 0 0 0.000666 2.1e-005 7e-006 0.001238 0.00173 0.00059 0.000155 0.000366 0.001452 0.000362 9.3e-005 0 0 0 0.000251 0.000146 0 0.000621 0.000261 0 0.000312 0.000319 7.7e-005
0 0.00015 0 0 0 0 0 0 6.9e-005 0 9.8e-005 0 0 0 0.000328 0.000204 0 0 2e-005 0.00049 1.3e-005 0 0 0.000282 0.000112 0.000116 0 0 0 0.000306 0.000165 9.6e-005 0 2e-006 0 0 0 0 2e-006 0 0 0.000177 0 0 0 0.000262 0.000852 0.000134 0 0 0 0 0 0 0.000488 3e-006 0 3e-005 0.000159 0.000342 0.000655 0.000186 0.000266 8.3e-005 3e-006 0.000377 0.000665 0.000992 3.2e-005 0.000122 0 0 0.000378 0.000295 0.002922 0.002616 0.000175 0 0.00016 0 0 0 0 0 0.000605 2.3e-005 0 0.00022 5.8e-005 0.000213 0.000162 9.5e-005 9e-006
0.000399 2e-005 0 0 0 0 0 0 0.000296 0 0 0 0 0 6.7e-005 0 0.000235 0 0.000542 0 0.000371 4e-006 0 0 9e-005 8.3e-005 0 0 0 0.000149 0 0 0 0.000154 0 0 0 5.4e-005 0.00048 0 0 1.9e-005 3.1e-005 0 0 0 0 0 0.000318 1e-006 0 0 7e-006 0.000197 0.000696 6e-005 0 0.000588 0.000174 0.000291 0.00109 0 0.00012 2.2e-005 0.000107 0.000249 0.000256 0.000586 0.000964 0.000125 0 0 5.9e-005 0.001053 1.1e-005 0 0.000528 0.000455 0.001207 0 0 0.000299 0.000197 0.000439 0 0.000248 0 0 0 0.001487 0.000515 0.000392 0.000395
0 0.000327 9.6e-005 0 0 0.000146 0.000244 0 0 0 0 0 0.000472 0.000174 0 0 0.000127 0.000539 0.000887 0.000324 0 0 0 0 0 0 0 0 0.000299 0 0 0.000699 0.000105 0 0 0.000431 4e-005 6.8e-005 0.000167 4.1e-005 2e-006 0 0.000888 0.00031 0.000222 0 0 4.5e-005 0.000127 0.000662 0 0 0 0.000121 0.000485 0 0 0 0 0.000157 0.000871 0.000189 0.000166 0.000158 0.000425 0.000837 0.001527 4.5e-005 2.2e-005 0 0 0 4.5e-005 0.000118 0 3.6e-005 0.000145 0.001726 0.000639 0 0 0 0.000297 0.000567 0.000228 0.000252 0.000649 0 9.1e-005 8e-006 0.001497 0 0
0 0 0 0 0 0 0 0.000244 0 0 0 0 0.000282 0.000112 0 0 0 0 0 0 0.000356 0 0 0 0 0 0 0 0.000552 0 4.5e-005 5.5e-005 0 0 0.000885 0.002791 0.000534 0 0 0 0 0 0.000138 0.000553 0.000356 0 0 0.000404 0 0.00026 0 0.000106 0.001499 0.000591 0.000179 0 0.000534 1.9e-005 3.6e-005 0.00019 0.000613 0.002277 0.000136 0.000568 0.000643 0 0.000304 0.000334 0.000227 0.000487 0.000213 1.9e-005 0.000947 0.000964 7.8e-005 0.000875 0.000413 0.000371 0.000378 1e-006 0 8.4e-005 0.000189 0.000813 2.5e-005 2e-006 0.000228 0 2.8e-005 0.000158 0.000905 0.000228 0
0 0 0.000256 0 0 0 4.2e-005 0 0.000414 0 0 0 0 0 0 0.000171 0 0 0 8e-006 2e-006 0.000272 0 3.8e-005 0 0.00057 4.3e-005 0 2.8e-005 0 0.000746 0.000161 0.00066 0 0.000551 0.001212 0.001376 0.000422 0.000136 0 0 0.000248 0.000453 0.000486 0.000297 0 0 5e-006 0 0.00031 0.000159 0.000316 0.000405 0 2e-006 0.00066 0.000366 0.000163 0.000432 0.000605 0.001284 0.000114 0.00088 0.000174 0.000422 0.000296 0 0.000115 0.000442 0 0.000166 0 0.00026 0.00037 0 1.8e-005 0.000532 0.001129 1.1e-005 0.000184 0.000418 2e-005 0 6.5e-005 0.000457 0.00151 0.000247 0.000788 3.3e-005 4e-006 0.000311 0.000569 0.000969
0 0 0 0 0 5.2e-005 0 1e-006 0.00098 0 0 0 0 0 0 1e-006 0 0 0.000126 0.000213 0.000665 0.000423 0 0 7e-005 0.001288 0.000622 0.000824 0.000528 0.001753 9.1e-005 0.001131 0.001245 0.000598 0 0 0.000777 0.000146 0.000776 3.4e-005 0 0 0 2.8e-005 0 0 0 0 0 0 0.000301 1.8e-005 4e-006 0 0.000125 0.000247 0.00143 2.4e-005 0.000798 0.002071 0.001863 0 0 0 9.8e-005 0 4.8e-005 0.0005 0.001516 0.000279 0.001306 0.00068 0.001087 0.00129 2.2e-005 0.00026 0.000633 0 0 0.000255 0.000243 0.001301 0 0.000262 0.000714 0.000404 0 0.000615 0.000437 0.000175 0.000505 0.000307 0.000343
0 0 0 0 0 0.000545 0.000355 2.7e-005 0.000116 9.8e-005 0.000565 0 0.000349 4.7e-005 0.000223 0.000427 2e-006 0.000114 0 0.000121 9.8e-005 0 0 0 0.000277 0.000321 0 0 0.000621 0.000431 0.001697 0.000426 0.000111 1.6e-005 6e-005 0 0.000637 0.000117 0.000405 1.2e-005 0 9.2e-005 0.000768 0.001186 0.000382 0 0 0 0 0 0 0 0 0 0.000618 0.001234 0.000184 0.000273 0.001879 2.1e-005 0.000813 0.001139 9.8e-005 0 0.001141 0.001523 0.000229 0.001395 0.000463 0.001203 0.000724 5e-005 0.000503 0.002915 0.000705 0.000561 8.9e-005 0.001308 0.000177 0.000446 0.001102 0 0 0.000121 0.000854 0.000149 8.5e-005 0.001133 0.000119 0.000304 0 0.000162 0
7.6e-005 0 0 0 0 0 0.000171 0 0.000166 0.000793 0.00042 0 0 0 0.000191 0.000146 0.000129 2.8e-005 0 0.000506 0.000118 0.000104 0 0 0 0.001288 0.001399 0 0.000163 0 0.000372 0.000596 0.000295 9.2e-005 0 5.2e-005 7e-006 0.000249 0.001227 0.001056 0 0 0.000142 0 8.5e-005 0 0 0 0 0 0 0 0 0 1e-006 0.000379 0.000415 0.000872 0.002399 0.003472 0.000144 0.001394 0.000122 0 0.000492 0.001689 0.000404 0.000163 0.000409 0.000881 0.000387 0 0 0.00259 0.001087 0.002078 0.000699 0.000266 0.000459 8e-005 0 0.001692 0.00102 0.000471 0.003213 0.000117 0.000228 0.002983 0.000145 0.000695 0.000921 0.001254 1.5e-005
0 0 0 0 0 0.000497 3.8e-005 0.0004 0 0 0 0 0.000399 0 0 0 0.000286 0.00098 0.000637 0.000131 0 0 0 0.000527 0.000165 2.9e-005 0.00099 0 0.000783 0.000859 0 0.000828 0.00085 0.000645 0.000356 0.000441 0 0.000155 9.4e-005 0.000833 0 0 0.000214 0.000125 0 4.1e-005 2.8e-005 0.001324 0 0 0 0.000322 0.000101 0.000106 0.00021 0.002922 0.000323 0.000623 7e-006 0.000489 0.000693 0.000663 0.002614 0.000514 0.001254 7.6e-005 5e-006 0.001116 0.000633 0.000138 0.001255 0 6e-006 0 0.001099 0.000356 7.1e-005 0 0.000551 0.001236 0.000682 3.6e-005 0.000112 0.000929 0 0 0.001373 0.001171 0 0.000422 0.000903 0 0
0.000245 0 6.8e-005 0 0 0.000215 0.000237 0.000467 0 0 0 0 0 0.000319 0 0 0 0 6.1e-005 0 0 0 0 0 0 0 0.001106 0 0.000139 5.1e-005 0 0 0 0.003552 0.001603 1e-006 0.000587 4.2e-005 0.000484 0.000277 0 0.000311 0.001205 0.000238 0.001595 0.001179 0.001979 0 0.000752 0.000503 0 7.6e-005 5.3e-005 7e-006 0.000815 0.001633 0.000327 0.000535 5.2e-005 0.000303 0.000888 0.000958 0.001423 0.000708 0.000241 3.2e-005 6.7e-005 0.001106 0.000451 2.1e-005 0.000666 5.7e-005 0.003759 0.000632 0.000225 0.000113 0.000199 0.000281 0.000553 0.0003 7e-005 0 0 0 0 0 0.000181 0 0.000199 0.000156 0 0 0
0 0.000311 0.001227 0.000265 0 0.000145 0 0.000153 0.000578 0 0 0.000401 0 0.000584 0.000486 0 0 0 0 0.000247 0.000324 0 1.4e-005 0.000158 0.00037 4.8e-005 0.000455 0.000107 0.000846 0 8e-005 4e-006 0 0 0.000171 0.000675 0.00068 0 0.000214 0 0.000449 0 0 0.000934 0 2e-006 7.1e-005 0 0 4.6e-005 0 0 3.7e-005 0 0 3.9e-005 0.000527 0.000521 0.000188 0.00237 0.000202 0.00046 1e-006 0 0 0 0.000457 0.00349 3.1e-005 0.000114 0.000788 0.001128 0.000167 0.000828 0.000937 0.002282 0.000262 0.001648 0.000753 3.4e-005 0.000447 2.6e-005 0.00032 0 0.00092 0 0.000874 0.00046 0.000153 0.000162 0 0 0
0.000146 0 0.000304 0.000251 0 7.9e-005 0 0.000588 7.7e-005 0 5e-006 0.000603 0 0 4.2e-005 0.000571 0 0 0 4.5e-005 0 0 0.000188 0 7.1e-005 0.00019 0.000383 0 0 0 0 0.000197 0.000282 5.7e-005 0.000456 3.6e-005 0.00014 0 0 0 5.1e-005 4.5e-005 3.7e-005 0 0 0 0 0.000345 0.000849 0.000329 0.00021 0.000135 0.000797 4.6e-005 0.00024 0.000208 0.000938 0.001324 0.00099 0.001232 0.001098 0 0 0 7.9e-005 0.000186 0.000118 8e-006 0.000179 0.000493 0.000416 6.1e-005 0 0 0.000569 0.00126 0.000542 0.000154 0.000202 0.00078 0.001095 9.4e-005 0.003565 0.004207 0.002328 0.002665 1.8e-005 6e-006 0.000887 0.000285 0 0 0.000413
0.000801 0 2.7e-005 0 0 0 0 9.9e-005 0 0 0 5.9e-005 0.000336 0 0.000306 0.000685 0.002373 3.3e-005 0 0 0 0 0.000171 0.000749 2.2e-005 5e-006 4e-006 0.000223 0 0 0.000566 0.000301 0.000562 0.003687 0.002468 0 0 0 0.000144 0 0.001452 0.000701 0 0 0 8.6e-005 0.000111 0 0 0.000333 0.000641 0.000135 0.000824 0.000109 0.001456 0.00408 0.000147 0.001168 0.001535 0.000351 0 0 0 0 0.000255 0.000669 0.000424 0.00057 0.000385 0.001158 0 0.000353 5.1e-005 7.2e-005 0.00072 2.4e-005 2e-005 0.000921 1e-006 0.00112 0.000556 0.001414 0.000485 0 0.00034 0.000348 0.000541 0.000277 0.000117 0 0 0 0.001785
0.000235 9.7e-005 0.001326 7.5e-005 1.3e-005 0 0 2.9e-005 0 0.000537 0.000238 0 0.000517 2.8e-005 0.000147 0.008562 0.071319 0.000962 0 0.00078 6.8e-005 0 0 0 0.00012 0.000441 6.3e-005 0 4.1e-005 0.000429 0.000657 0 0.000457 0.002421 0.001024 0 0 4.4e-005 0.00118 0 0.001069 0.000507 0.000885 0 4e-006 0.000118 0.00112 7.2e-005 0 0.000593 0.001455 0.00066 0.000461 0.000214 0.00031 0.000438 2.3e-005 0 0 0.000192 0.000468 0 0 0 3.5e-005 1.3e-005 0.000361 0.002506 0.000155 0.000882 0.000518 0.000324 0.000765 0.000338 0.000314 0.000513 0 0.000529 0.000958 0.001463 0.000168 0.000162 0.0003 0.000217 0 2e-005 3.9e-005 0 0.000113 0.00023 4.5e-005 2.8e-005 6e-006
0.00035 4.8e-005 0.000322 0.000227 0 9.8e-005 6e-005 0.000541 0.000475 0.000532 4.8e-005 0 0 0.00021 0 3.2e-005 0.000256 0 0.000228 0 0.000466 0 0 0 4.9e-005 0 0.000431 6e-006 0.000965 0 0.000171 0.000182 0.00099 3e-006 0 0 0.000306 0.001666 0.000103 0.000422 0.002128 0.001117 0.00046 0.000254 0.00042 0.000202 0 0 0 0.000218 0.000372 0.00136 0.000297 0.001836 3.3e-005 0.000875 0.000957 7.9e-005 1.6e-005 0.000301 0.0004 0 0 0 0 0 7e-005 0.000959 0 0.000829 0.000815 0.000612 0 0.001223 0.000196 0.000799 0 0.00129 0 0.000837 0.000134 0.001152 0.001039 0.00076 9e-006 0.000225 0.000564 0.000337 1.3e-005 0.000203 0.000886 0.000564 3.1e-005
0.000676 0.000171 0.00036 0.000635 0.000372 3.1e-005 0.000423 0.00019 0 0 4.6e-005 0 0.00011 0.000304 0 0 0 0 0 0 0.000423 0 0 0.000546 8.1e-005 0 1.2e-005 6.1e-005 0 0.000412 0.000824 0.000415 3.7e-005 0 0 0.000584 0.001942 0.001117 0.000398 7e-005 0.000438 0 0 4.8e-005 0.000325 0.000243 0 0 0 0 0 3e-006 0.001934 0.000304 0.000194 0 0.002227 0.002277 6.8e-005 0.000396 0 7.3e-005 0.000847 5e-006 0 6.1e-005 9.8e-005 1.3e-005 0 0.000423 0 0.000501 0.000699 7.8e-005 0 0 0 0.000277 0.000224 0.000265 0.00021 0.001376 0.000953 0.000765 4.7e-005 0.001663 0.003638 0.000114 0 0.000324 0.00204 0.000341 0
4.6e-005 0 0 0.000695 0.0002 0.000316 0.000245 5e-005 0.000101 0 0.001048 0 9e-005 0 2e-006 0.000229 0 1.6e-005 0.00096 0 2e-006 4.6e-005 0 0.000799 0 5e-005 0.000885 0 0.000136 8.1e-005 0.001421 0.000884 0 1.5e-005 0.000954 0.000152 0.00068 0.000145 0 0.000134 7.4e-005 0 0.000331 0.000247 0.000372 5.1e-005 0.001303 0 0 0.000273 0 1e-006 5e-005 8.8e-005 0 0 0.001705 0.002495 0.000353 0.000827 0.000213 0.000983 0.000415 0.000244 0 0.00127 0.000631 0.002069 0.002756 0.000188 0.000273 0.003095 0.000615 0.000151 4.8e-005 0.000764 0 0 0.001601 0.000812 0.00073 0 0.000276 0.000476 0.000132 0 0.000656 0.000954 0.000799 0 0.000272 2.9e-005 0.000179
2.7e-005 0 0 0.000166 0 0.000543 0.000253 0.000418 0 0 0.000297 0 0.000123 0 0.000571 0 0.000214 0 0 3.7e-005 0.000885 0 0 0.001166 0.000689 0 0 0 0 0.000134 0.000868 0.0003 0 0.000114 0.000267 0 0.00173 0.000897 0.000544 0 0.000207 4.1e-005 0.000219 7.7e-005 0.000512 0 0 0 0 6.4e-005 8.2e-005 0 0.000263 0 9e-005 0 0.001165 3.7e-005 0.00039 0.002705 0.000227 0.000593 0.000252 0 0 0.000215 0.000212 0.000124 0.000832 0 0.00036 0.000337 0.00011 0 1.7e-005 0.001264 0.000752 0 0.000364 0.000648 0.000188 0.000197 6.5e-005 0.000501 0 0.000452 0.000121 0.000586 0.000286 0.001421 2.8e-005 0 0.000388
0 7.4e-005 0 1.7e-005 5.9e-005 0.000306 0 0.000147 0 0 0.00036 9.9e-005 0 0 0 5.3e-005 0 0 0.00031 0.000201 0.000227 0 2e-005 0.000166 4e-006 0 0 0 0.000456 0.000479 0.000456 5.6e-005 0 0 0 0 0.000427 0.000199 0 0.000113 0.00077 0 0 0.000803 0.001061 0.000135 0.00116 0 0 0 0.001587 0 0 0.001378 0 0 0.00013 0.001515 0 0.000626 0.000203 8.3e-005 0 0 0 0 0 9.9e-005 0 0.001775 0.000449 0.001259 0.000716 0.000561 6.6e-005 0.000469 2.7e-005 0 0.001541 0.001035 2.8e-005 5.4e-005 0.000445 0.001632 0 0.000974 0.000752 0 7.9e-005 0.000231 3.8e-005 0 0
0.000502 0.004419 0 0 0 0 0.000102 0 0 0 4e-006 0.000399 1.2e-005 0.000232 0.000217 0 0 8e-006 3.4e-005 8e-005 0.000705 0.000352 0 0.000607 0.000172 0 0 1e-006 6e-006 0.000345 0.002612 0 0.000396 0.000747 0.000292 0.000147 0 0.000977 0 0 0 0 0 0.001094 0.00144 0 0.000143 0.000241 0 0 0.000204 0.001488 0.000764 0.000781 0 5.3e-005 8.6e-005 2.5e-005 0.000272 0.0011 0.000594 0.00015 0.000392 0 0 0 0.000344 0.000482 0.00122 0.001168 0 0.000147 0.000727 0.000738 0.000412 0 0 0 3e-005 0.000621 0 0.000586 0.000452 9.3e-005 0 0.000314 0 0 0 0 0 0 0
0.000895 0 0 0 7e-006 3e-006 9.6e-005 0.001179 0.000177 0.000212 0.000608 0.000191 0.000165 2.1e-005 0.000193 0.000299 0 2.7e-005 0 0 2e-006 0.000185 0 1.3e-005 4.3e-005 0 0 0.000123 5.1e-005 0.000122 0 2.4e-005 0.00067 0.001767 0 0.000319 0 0 0 0 0 0 0 0.000173 0.000591 0.001203 0.000373 0 0 0 0 0.001613 0.000309 0 0.000558 0.000207 0.000775 0 0 0.00205 0.000629 0.000298 7.2e-005 0.000274 0.000622 0.00019 0.000994 0.000225 0.000165 0.000441 4e-006 0.000103 0.000402 0.000278 0.000124 0.00043 0 0 0 0 0.000199 0.000634 0.000766 0.000278 0.002622 0.00018 0.000162 0.000579 0 0 0 0 0
0 0 0 0 0 0 0 0.000417 0 0 0 0.000174 0.000997 0.000199 0.001624 5.4e-005 0 0 0 0 0.000126 0 0 0 0 0 0.000591 6.7e-005 0.000991 0.000369 4.1e-005 4e-006 0.000171 0.000362 0 0 0.000308 0 0 0 1.8e-005 0 0 0 0.000165 0 0 0.000182 2.3e-005 0 0 0.001614 0.000355 0.001692 0.001218 0.001088 0.002247 2.9e-005 0.000329 0.000923 0.002014 0.000615 4.1e-005 0.000382 7.1e-005 0.000327 0.000322 0 0 0.000177 5e-005 0.000146 0 0 0.000117 0.00018 0 0 0 0 0 0.000416 0.00017 0.001023 0.000864 0 0 0 0 8.1e-005 0.000263 0 0
0 0 0 0 0 0 0 0 0 0 0 0 0.000902 0.001093 0 2.4e-005 3.6e-005 0 5.1e-005 0.000468 0 0 0 0 0 0.000166 0.000102 0.000806 0.000123 0 0.000343 0 0 0 0 0 0.001532 0.000547 0.000531 0.000421 0 0 0.00019 0.000672 0.000111 6.4e-005 0 0.000565 0.000419 6e-006 0.000356 0 0.000346 0 0.001486 6.8e-005 0.000149 3.5e-005 0 0.000632 0.001008 0.001046 0.001297 0 3.9e-005 0.000899 0.001013 0.000186 0 0 0 0 0 0 0 0 0 0 0 0 0 0 0.000141 0.000268 0.000462 0 0 0 0 0 3e-006 0 0
0 0 0 0 0 0 9.9e-005 0 0 0.000315 0.000104 0 0.000233 0.000323 0 0 0 0 0 0 0 0 0 0 0 3.5e-005 0 0.000208 0.002087 0.000404 0.00154 0.00075 3.7e-005 0 0 0 0 5.4e-005 0.000765 0.000845 2.6e-005 0.000236 0.000613 0.000175 1.2e-005 6e-006 0 0 0 2e-006 0.000377 0.002607 0.000145 0.000378 0 0 0 0.000326 1e-006 0.000499 0.000381 0.00048 3.2e-005 0.000342 5.4e-005 0.000178 0 0 0 0 0 0 0 0 0 0 0 0.000514 0 0.000541 0.000415 0 0 0 0 0 0 0 0 0 0 0 0
0 0 0 0 3e-006 8e-005 0 0.000166 0 0.001069 0.000223 0 0.000543 0 6e-005 0 0 0 0 0 0 0 0 0 0 0 0 0 0.000725 0.000305 0.000358 0.001313 0.00029 0 0 5.2e-005 0 0 0 0 0.000422 5.9e-005 3.4e-005 0 0.000666 0 0.000736 0.000919 0.000247 0 0.000544 0.000855 0.001064 0.000515 0.000243 0.000538 0 0 0.000387 0 0 0.000376 0.000141 0.000316 0.000102 0.000156 0 0 0 0.0002 0 0 0 0 0 0 0 2.4e-005 0 0.000939 0.000855 0.000224 0 1e-006 0 0 0 0 0 0 0 0 0
0 0 0 0 0.000245 0 0 6.9e-005 4.8e-005 0.000222 0 0 0.000578 1.2e-005 0 0 4e-006 8e-006 0 0 0 0 0 0 0 0 0 0.000252 0 0 0 0 0 0 0 0 0 3.8e-005 3.4e-005 6e-006 0 8e-006 2.2e-005 0 0.000144 0 0 0.000136 0.000162 0.000277 0 0.000323 0.000242 0.000619 0.000274 0.000205 2e-006 0.000417 0 0.000338 1e-005 0.000117 0.000713 0.000836 0.000421 0 0 0 0 0 0 0 0 0 0 0 0 0 0.000232 0.001337 0.000355 0.001136 0.001149 0.00035 0 0 1e-006 0.000116 0 0 0 0 0
0 0 0 0 0 0 0 0.000218 7.3e-005 0 0 0 3.4e-005 0 0 0 0.000115 0.000365 0 0 0 0 9e-006 0 0 0 0.000141 1.2e-005 0 0 0 0 0 0 0 0 0 2.4e-005 3.6e-005 0 0 0.000644 1.5e-005 0.000248 0 0 0 0 0.00013 0 4.1e-005 5.6e-005 0.000267 1.7e-005 0.000948 0.000716 0.000154 7.5e-005 0.000507 2.9e-005 0.000174 0.000267 0.000302 0.000912 0 0 0 0 0 0 0 0 0 0 0 0 0 0 0.000614 9.4e-005 3e-006 2.4e-005 0.000252 0 0.000252 3.8e-005 0 0 0 0 6.8e-005 0.00026 0
0 0 0 0 0 0 0 0 0 0 0 0 0 0 0 0 0 0 8.4e-005 0 0 0 0 0 0 0.001721 0.000547 0 0 0.000136 0 0 0 0 0 0 0 0 7.6e-005 0.000341 0.000186 8.7e-005 0.001071 0 0 0 0 0 8e-006 0 0 0 0.000923 0.000448 0.001164 0 0.00032 0 0.000271 0.000127 0.001569 0.00062 7.3e-005 0 0 0 0 0 0 0 0 2.5e-005 0.00012 0 0 0 0 0 0 9.5e-005 0.0019 3.4e-005 0 0.000193 8.7e-005 0 0 0.000113 4e-006 6.1e-005 7.2e-005 0.000372 0
1.5e-005 0 0 0 0 0 2.2e-005 0 0 0 0 0 0.00016 0 0 0 0 0.002134 0.000229 0 0 0 0.000626 0 0 3.6e-005 0.000766 0 0 0.000248 9.4e-005 0 0 0 0 0 0 0 0 0 0 0 0 0 0 0 0 0 0.000304 0 0.000369 0 0 0 0 0 0 4.3e-005 6.7e-005 0.000705 0 0.000219 0 0.00016 0 0 0 0 0 0 0 0 0.000394 6e-005 0 0 0 0 0 0 2.2e-005 0 0 0 0 1.4e-005 0 0 0.000616 0.001292 2e-005 0.000808 0
0 0 0 0.00024 0 0 0 0 0 0 0.000333 0 0.00057 0 0 0 0 0.000509 0.000158 0.000174 0.000635 7.4e-005 0 0 0 0 0.000154 0.000446 0.000146 0.00208 0.00097 6.3e-005 0 0 0 0 0 0 0 0 0 0 1e-006 0 0 0 0.000639 8.5e-005 7.7e-005 0 0 0.000229 0 0 0 0 0.001192 0.001073 0 0 0.000553 0 0 0 0 6.6e-005 0 0 0 0 0 5e-006 0.000782 0 0 0 0 0 0 5.1e-005 0 0 0 0 0 0.000133 2.7e-005 0 0.000723 0.000561 0 0 0
0.000356 0.000111 0.000394 0.000126 0 0 0.000132 0 0 0 0.00019 0.000285 0.000273 0 0.000155 6e-006 0.001252 0.000137 3.4e-005 0 0.00142 0.001425 0 0 0.000267 0 7.6e-005 2.4e-005 0 6.8e-005 0.000203 0.000521 0 0 0 0 0 0 0 0 0 0 0 0 0 0 0.001468 3.3e-005 0 0 0 2.2e-005 0 0 0 0.000145 0.000112 0.000292 0 0 0.000709 0 0 0.000265 6.4e-005 9.4e-005 0 0 0 0.000234 0 0 0.001424 0.00054 0 0 0 0 0 0.000565 0.001558 0.000246 0.000157 4.5e-005 0 0 0 0 0 0.000121 0 0.000782 0
2.5e-005 0 0 0 0 0 0 0 0 0.001088 0.000275 0.000461 0.00198 1.9e-005 0.000525 0 0 0 0.000268 0.000229 0.000487 0 0 0.000372 4.2e-005 0 0 0 8.1e-005 6e-006 0 0 0 0 0 0 0 0 0 0 0 0 0 0 0 0 0 0 0 0 0 0 0.000584 5e-006 0.00037 0.000387 0.000162 0.000181 0.000135 0 0.000622 0 0.000219 0.000165 0.000383 0 0 0 0 0.000608 0 0 0.0001 0 0 0 0.000224 8.9e-005 0.000118 0 4.6e-005 5.2e-005 0.000659 0 0 0 0 0 0 0.000854 7e-005 2.2e-005 0
1.2e-005 0.000314 0.000385 2.4e-005 0.000434 8.9e-005 1.1e-005 0.000199 3.3e-005 0.001076 3e-006 0.002454 0.001172 0.000114 2.5e-005 3e-006 0.000319 0 0 0 0.001203 0 0 0.00014 4.1e-005 0 0 7.4e-005 0 0 0.000137 0 0 0 0 0 0 0 0 0 0 0 0 0 0 0 1.6e-005 0.000316 0 0 0 0 0 0.000507 0.000182 0 0.002033 0.001227 0.000301 0 9e-005 0.001293 0.00016 0 0 0 0.000407 0 0 0 0 0 0 3.6e-005 0 0 0 3.3e-005 0 0 0 0 0 0 0.0002 0.000367 1.7e-005 0 0 1.8e-005 0.000195 0 0
0.000209 0 0.000178 0.000657 8.1e-005 8.8e-005 0 5.3e-005 0.000181 4.9e-005 2.2e-005 0.001177 0.001957 0.000206 0.001594 0.000482 0.00068 7e-006 0.000665 0 0.000113 0 0 0 0.000377 0.000191 0 0.00012 0 0 0.000127 0 6.7e-005 0 0 0 0 0 0 0 0 0 0 0 0 0 0 8.9e-005 0 0 0 0.000358 1.7e-005 0.000115 0.001233 5.4e-005 2.1e-005 0.000525 0.000402 0 0 0 0 0 0 1e-006 0.000169 0.00062 0 0 0 0 0 0 0 0 0 0 0 0 0 0 0.000229 0 0.00034 0.00104 7.1e-005 0 0 0 0 0 0
