EnvRasters/GE_High/tal.asc
ncols         270
nrows         223
xllcorner     24099.479091542
yllcorner     21023.840179216
cellsize      1003.8986847201
NODATA_value  -9999
[rows 96 to 127 of 223, columns 144 to 215 of 270]
0.77013 0.36947 0.85453 0.52826 0.89796 0.61678 0.67017 0.97486 0.95841 0.61377 0.98705 0.74813 1 1 1 0.80642 0.63725 0.49838 0.95424 0.82021 0.85492 0.96536 1 0.95435 1 0.75978 0.84257 0.97687 0.98007 0.99004 1 1 1 1 0.98138 0.98127 0.96651 0.97462 0.93377 0.98029 0.74643 0.71814 0.93077 0.96912 0.6847 0.80517 1 0.9915 0.59956 0.97394 0.95972 0.93322 0.99666 0.99614 0.86388 0.83516 0.58796 0.07975 0.21969 0.04544 0.26435 0.02251 0 0 0 0 0 0 0.05435 0.08011 0.07313 0.07243
0.78587 0.54887 0.45633 0.87776 0.97625 0.74758 0.59615 0.90542 0.79248 0.56291 0.51297 0.90727 0.96211 0.9781 0.81609 0.42091 0.56451 0.96963 0.7712 0.77528 0.76679 0.93071 1 0.83733 0.95728 0.9433 0.921 0.9824 0.93173 0.95167 0.95795 0.61405 0.91201 0.78096 0.91464 0.85395 0.72253 0.97544 0.87239 0.89785 0.94855 0.68573 0.78272 0.76868 0.89657 0.99785 0.98171 0.98133 0.49883 0.88211 0.97223 0.87043 0.59665 0.76616 0.87973 0.63423 0.00615 0.11271 0.50849 0.07083 0.10178 0 0 0 0 0 0 0 0.01501 0 0.11961 0.08614
0.36394 0.55445 0.85967 0.98528 0.58038 0.90238 0.67096 0.85945 0.88065 0.74335 0.49522 0.60233 0.44014 0.49101 0.85036 0.81671 0.5654 0.76596 0.99439 0.99436 0.93992 1 0.91151 0.60084 0.77926 0.8323 0.70142 0.64584 0.69995 0.72293 0.53229 0.41368 0.64597 0.64991 0.76021 0.48586 0.42819 0.60645 0.91799 0.99004 0.97013 0.99004 0.90118 0.662 0.80726 1 0.85453 0.84999 0.83368 0.75176 0.93931 0.94559 0.54509 0.39296 0.58747 0.26281 0.13318 0.26688 0.18472 0.01993 0 0 0 0 0 0 0 0 0 0 0.00727 0.20449
0.3128 0.20592 0.87885 0.95871 0.68974 0.91686 0.70923 0.35765 0.49238 0.86682 0.87177 1 0.94281 0.95392 0.98614 0.99333 0.95719 0.69846 0.36847 0.50525 0.74982 0.95148 0.8752 0.99004 1 0.86836 0.81477 0.65583 0.98007 0.98007 0.98007 1 0.94045 0.9288 0.86618 0.97011 0.90513 0.78804 0.51946 0.7454 0.89695 0.69578 0.81307 0.76799 0.67701 0.71305 0.99079 0.69721 0.27732 0.60485 0.62833 0.5631 0.5079 0.39935 0.36082 0.39626 0.73286 0.25699 0.2137 0.0547 0 0 0 0 0 0 0 0 0 0 0.00138 0.33712
0.6181 0.88797 0.97367 0.94298 0.99004 0.98147 0.97114 0.95377 0.91342 0.86876 0.64296 0.81481 0.82183 0.70809 0.49475 0.62688 0.71707 0.70675 0.90593 0.41432 0.77232 0.86175 0.94062 0.98754 0.71816 0.79815 0.93494 0.72395 0.97038 0.95988 0.9942 0.99004 1 0.99004 0.99649 0.97011 0.99124 0.96491 0.66197 0.61515 0.86919 0.69083 0.87901 0.77958 0.95018 0.97893 0.98155 0.43741 0.5776 0.81326 0.76902 0.32116 0.52856 0.3053 0.07745 0.14683 0.52024 0.02455 0.00727 0 0 0 0 0 0 0 0 0 0 0 0.01184 0.03194
0.48701 0.87994 0.42022 0.60466 0.99004 0.9277 0.58874 0.99004 0.79919 0.92964 0.09846 0.76206 0.89131 0.88831 0.85381 0.82657 0.64151 0.82902 0.81924 0.19977 0.88547 0.87692 0.44675 0.98237 0.83748 0.9673 0.77604 1 0.98335 0.69401 0.98237 0.96725 0.9735 0.98194 0.5479 0.96086 0.91645 0.90956 0.69871 0.28533 0.88241 0.76303 0.79693 0.93961 0.46085 0.68786 0.73133 0.4632 0.70089 0.8135 0.55248 0.20752 0.65184 0.49108 0.01993 0.15821 0.11839 0.02045 0.01616 0.03045 0 0 0 0.02806 0 0 0.06975 0 0 0 0 0.00402
0.54976 0.97181 0.85731 0.88385 0.89653 0.28295 0.33165 0.84134 0.87379 0.20098 0.55473 0.87443 0.8232 0.60101 0.72046 0.85686 0.84028 0.95772 0.83133 0.59936 0.66974 0.79673 0.69971 0.75183 0.76678 0.62756 0.58464 0.83366 0.85247 0.6749 0.53662 0.40816 0.62321 0.59245 0.15925 0.45199 0.45165 0.40021 0.68027 0.6117 0.55431 0.77101 0.96858 0.98243 0.3597 0.50592 0.62873 0.63456 0.49899 0.89487 0.48821 0.0412 0.19183 0.01884 0 0 0 0.02571 0.17062 0.01275 0 0 0.03654 0.27709 0.03986 0 0.00603 0.23849 0.13704 0.26178 0.31078 0.38318
0.75114 0.72677 0.99012 0.49766 0.40658 0.42082 0.83104 0.86493 0.8149 0.66246 0.79906 0.98007 0.71632 0.91965 0.62936 0.82226 0.66442 0.93562 0.51524 0.4323 0.92989 0.93728 0.85357 0.86483 0.77989 0.78969 0.71344 0.9784 0.9435 0.72359 0.91747 0.9001 0.70842 0.71968 0.63883 0.90601 0.48435 0.38756 0.45752 0.81395 0.64577 0.89709 0.78382 0.63641 0.38404 0.68274 0.59358 0.33817 0.5267 0.58624 0.42639 0.09372 0.03368 0 0.08968 0 0.27162 0.35237 0.41217 0.11721 0 0 0.00778 0.02921 0.04982 0 0 0.01625 0.00706 0.12411 0.25697 0.49506
0.90953 0.96142 0.82212 0.13728 0.05512 0.81284 0.89039 0.93136 0.93658 0.94583 0.84871 0.99004 0.95998 0.76441 0.78587 0.65958 0.8102 0.82904 0.86561 0.4699 0.66282 0.98051 0.6867 0.79792 0.89516 0.82319 0.91029 0.78313 0.89646 0.93025 0.94865 1 0.75239 0.73984 0.84831 0.8842 0.79407 0.35957 0.10337 0.45956 0.64672 0.44027 0.26215 0.31828 0.12056 0.16723 0.55984 0.3155 0.29308 0.26259 0.09696 0.13745 0.33289 0.0353 0.19918 0.38682 0.35033 0.87604 0.39897 0 0 0 0 0 0.19725 0.01993 0.0727 0.48902 0 0.25427 0.17205 0.11186
0.71226 0.94946 0.54457 0.05556 0 0.48368 0.66457 0.69284 0.92551 0.79872 0.9239 0.58748 0.67518 0.83046 0.88835 0.78323 0.6673 0.97621 0.75975 0.27785 0.86834 0.95018 0.84543 0.92172 0.46203 0.82372 0.915 0.89198 0.54369 0.73626 0.68302 0.88714 0.79671 0.95898 0.87544 0.93232 0.76313 0.30614 0.07902 0.14724 0.44503 0.68043 0.45439 0.21228 0.49446 0.36336 0.10311 0.05979 0.0674 0.17422 0.65688 0.2342 0.13163 0.45766 0.51126 0.81129 0.71385 0.60707 0.04318 0 0 0.12231 0.17377 0.39015 0.29759 0.18001 0.14785 0 0.0976 0.01038 0.26504 0.13176
0.93357 0.84315 0.67065 0.52888 0.57705 0.43328 0.19266 0.90744 0.99073 0.98806 0.73388 0.44698 0.80017 0.97234 0.89982 0.70756 0.79392 0.94667 0.6987 0.60543 0.7971 0.75529 0.7271 0.63861 0.62238 0.84036 0.86905 0.51846 0.3707 0.24003 0.78378 0.84175 0.52295 0.81994 0.70666 0.41733 0.35937 0.48254 0.63572 0.40631 0.87918 0.40424 0.46612 0.44789 0.25645 0.17211 0.11089 0 0.01161 0.05226 0.25117 0.0019 0.0147 0.73153 0.72976 0.8506 0.89922 0.42883 0.02587 0.04022 0.05074 0.34846 0.35173 0.42599 0.35163 0.65539 0.13208 0.11833 0.46902 0.59887 0.63359 0.35475
0.65777 0.61599 0.62262 0.64267 0.25309 0.50699 0.63543 0.8086 0.82702 0.96036 0.36184 0.88602 0.91262 1 0.85352 0.89176 0.58795 0.75996 0.8796 0.57378 0.66331 0.72104 0.86805 0.31835 0.35539 0.16399 0.85297 0.8593 0.62463 0.75114 0.95617 0.76907 0.89282 0.93337 0.73347 0.77053 0.71113 0.95071 0.89629 0.62943 0.15041 0.07929 0.18021 0.06229 0 0.00097 0.02815 0.02862 0 0.17551 0.15768 0.04197 0.13327 0.3446 0.69635 0.71883 0.85196 0.21669 0.29222 0.30058 0.32343 0.43817 0.47871 0.40343 0.42882 0.15318 0.0082 0.31621 0.86649 0.78129 0.48056 0.69259
0.9587 0.81643 0.83572 0.70484 0.34836 0.52116 0.94111 0.55545 0.57273 0.94133 0.68214 0.75483 0.91421 0.91486 0.83169 0.87633 0.63318 0.81532 0.85262 0.67798 0.73361 0.57901 0.74893 0.78146 0.49965 0.59707 0.55054 0.91618 0.71612 0.50198 0.86081 0.75199 0.89493 0.89826 0.50705 0.40425 0.57259 0.87541 0.71515 0.43636 0.1124 0.04051 4e-005 0 0.1099 0.24033 0.14792 0 0 0.00202 0.12863 0.74228 0.87014 0.89684 0.8658 0.58052 0.77971 0.71925 0.41836 0.22723 0.26392 0.50744 0.24201 0.01683 0.05979 0.27587 0.19445 0.59572 0.68612 0.51779 0.37998 0.59074
0.98168 0.74755 0.82453 0.49376 0.65382 0.59622 0.54734 0.56012 0.88016 0.73749 0.62422 0.92661 0.83525 0.69188 0.47059 0.66894 0.77782 0.35622 0.56607 0.54684 0.89036 0.63326 0.74673 0.77718 0.53289 0.7864 0.60653 0.91208 0.65972 0.58522 0.74419 0.59147 0.80662 0.53398 0.24197 0.18422 0.41558 0.55357 0.10875 0.06206 0.28901 0.19985 0 0.09059 0.14861 0.0514 0 0.07395 0.19294 0.22798 0.24282 0.67288 0.84051 0.63822 0.57111 0.75271 0.58379 0.54728 0.40347 0.63868 0.51395 0.0368 0.09781 0 0 0.06483 0.33872 0.26898 0.6705 0.87198 0.53058 0.66944
0.99789 0.75625 0.49373 0.4996 0.69324 0.73804 0.89938 0.59739 0.75365 0.95918 0.65049 0.6097 0.58873 0.86779 0.63476 0.81826 0.6363 0.67986 0.74831 0.53754 0.7789 0.75466 0.43531 0.41263 0.42976 0.45522 0.98578 0.57697 0.37741 0.71216 0.86481 0.55377 0.14586 0.29953 0 0 0.09965 0.19464 0.22271 0.20384 0.37778 0.45942 0 0.03347 0.57776 0.5264 0.58875 0.54147 0.58357 0.38284 0.47525 0.17798 0.38569 0.64108 0.54136 0.60602 0.62368 0.50145 0.46982 0.55246 0.46952 0.60547 0.51119 0.06023 0 0.04996 0.06734 0.392 0.30539 0.67163 0.62816 0.37978
0.4524 0.43386 0.22525 0.6099 0.92088 0.72008 0.52103 0.98855 0.98431 0.76161 0.72654 0.32964 0.11575 0.67421 0.88988 0.88126 0.28932 0.22666 0.46172 0.24776 0.47495 0.47408 0.4754 0.45804 0.59017 0.5676 0.50012 0.58868 0.33758 0.22143 0.42089 0.11288 0.01379 0.28459 0.07049 0.14022 0.14305 0.4245 0.48007 0.16601 0.2849 0.852 0.01993 0.27567 0.77707 0.87853 0.64354 0.77631 0.55762 0.53288 0.6347 0.48981 0.57996 0.79956 0.16155 0.47166 0.53879 0.20882 0.68131 0.56195 0.52721 0.72837 0.42672 0.14432 0.00106 0.58398 0.42206 0.44591 0.38504 0.50904 0.64225 0.69436
0.83205 0.95018 0.40596 0.86693 0.5911 0.72975 0.59966 0.7392 0.87597 0.74413 0.78575 0.19512 0.22362 0.42846 0.49034 0.30336 0.36164 0.13951 0.12912 0.82279 0.51824 0.58179 0.10588 0.13012 0.26895 0.67672 0.7336 0.22254 0.19138 0.26734 0.23267 0.12875 0.0038 0.07088 0.03122 0.18222 0.28569 0.46773 0.41375 0.42596 0.61386 0.42339 0.00996 0.02989 0.29935 0.15629 0.10848 0.59264 0.43711 0.72934 0.91605 0.58283 0.79716 0.88266 0.34153 0.71953 0.10668 0.41828 0.42583 0.39696 0.83395 0.47586 0.72078 0.38475 0.34674 0.47887 0.82855 0.28966 0.60377 0.8174 0.37353 0.58533
0.83535 0.85802 0.33266 0.58659 0.51002 0.27154 0.86118 0.65373 0.29513 0.37855 0.34716 0.71866 0.44612 0.1091 0.11293 0.11391 0.65816 0.05635 0.65921 0.74973 0.54967 0.17781 0 0.03572 0.07398 0.3516 0.78452 0.13626 0.50734 0.78629 0.56553 0.13488 0.08783 0.18804 0.29905 0.22534 0.16825 0.39152 0.54775 0.78436 0.89527 0.23064 0.34731 0.02401 0.15739 0.43596 0.26447 0.52433 0.92311 0.88729 0.73824 0.63756 0.33303 0.77653 0.94309 0.53687 0.79304 0.54029 0.54451 0.68793 0.73807 0.36894 0.45359 0.50971 0.79916 0.83575 0.35543 0.08793 0.45691 0.24673 0.46478 0.17032
0.79951 0.23461 0.4042 0.54378 0.14094 0.11065 0.79277 0.4547 0.50862 0.84968 0.7735 0.5994 0.40137 0.15827 0 0.04256 0.00579 0.02558 0.44941 0.21654 0.03187 0.09095 0.209 0.49147 0.20448 0.13013 0.15787 0.36515 0.57221 0.68096 0.75747 0.60117 0.5268 0.23238 0.3455 0.50541 0.76032 0.88653 0.72217 0.95018 0.71005 0.71569 0.58224 0.75847 0.32832 0.394 0.3632 0.56629 0.72208 0.81362 0.77118 0.87749 0.58108 0.65089 0.91861 0.66316 0.52554 0.67637 0.43698 0.49473 0.6638 0.68398 0.71365 0.88236 0.58813 0.75777 0.18861 0.45751 0.59977 0.65739 0.77401 0.39605
0.6907 0.28849 0.12947 0.74651 0.29207 0.37815 0.90665 0.4509 0.49605 0.315 0.23488 0.20808 0.44397 0.01327 0.01663 0 0 0.00323 0.10378 0.04734 0.04785 0.29437 0.72321 0.7689 0.42548 0.07457 0.21001 0.63595 0.71334 0.846 0.96313 0.70715 0.78436 0.66043 0.37691 0.50669 0.88522 0.75054 0.70203 0.98786 0.79585 0.68733 0.43206 0.55687 0.6707 0.23551 0.25317 0.66989 0.70671 0.63537 0.96298 0.92338 0.88444 0.87906 0.6649 0.55582 0.94226 0.61883 0.7957 0.6187 0.63992 0.52799 0.42951 0.33301 0.44293 0.65477 0.32044 0.58069 0.23998 0.27659 0.22108 0.26945
0.27999 0.52179 0.11115 0.35693 0.26822 0.22858 0.49223 0.63777 0.80485 0.35219 0.36944 0.08431 0.00826 0 0 0 0 0 0.3098 0.22631 0.2511 0.42768 0.38796 0.55403 0.73786 0.64273 0.20398 0.8 0.59866 0.58208 0.31531 0.57869 0.81351 0.68713 0.45418 0.5647 0.59021 0.81315 0.66824 0.85375 0.87438 0.78777 0.70287 0.91717 0.69821 0.47598 0.13404 0.51626 0.78528 0.65668 0.77935 0.72341 0.74955 0.80067 0.63607 0.66741 0.76298 0.86533 0.80321 0.78284 0.63025 0.40674 0.47108 0.19599 0.56538 0.51945 0.17751 0.64083 0.50713 0.53664 0.49169 0.78752
0 0.07518 0.11323 0.11804 0.05286 0.02767 0.33647 0.25307 0.4262 0.07479 0.38237 0.07099 0.10163 0.0932 0.00617 0 0 0.15457 0.13141 0.15518 0.10546 0.51262 0.42994 0.66487 0.30306 0.44789 0.24008 0.40809 0.05721 0.40786 0.5721 0.63956 0.20377 0.15518 0.51081 0.61478 0.34192 0.95493 0.85477 0.78587 0.94693 0.82386 0.57803 0.69044 0.55467 0.10462 0.07057 0.39638 0.66201 0.90742 0.65578 0.67767 0.81771 0.80222 0.62088 0.72555 0.81936 0.92721 0.70624 0.32689 0.82155 0.43688 0.04242 0.42534 0.28092 0.32743 0.42263 0.5257 0.30081 0.18606 0.46519 0.70096
0.11847 0.16853 0.08882 0.06122 0.25999 0.24546 0.23547 0.30999 0.38006 0.26003 0.1786 0.03349 0.11178 0.04522 0.32108 0.11239 0.00996 0.02065 0.2119 0.19123 0.3274 0.41235 0.35273 0.78066 0.5035 0.60671 0.44766 0.50482 0.1993 0.46262 0.4208 0.4107 0.76582 0.51738 0.16097 0.38541 0.54491 0.79885 0.8388 0.90147 0.81926 0.83491 0.69785 0.55656 0.20989 0.18001 0.09038 0.33347 0.94793 0.65666 0.73971 0.92197 0.53736 0.29002 0.77928 0.96009 0.90357 0.91075 0.55504 0.48453 0.79029 0.3176 0.12048 0.40978 0.60296 0.84102 0.90901 0.65878 0.52548 0.41021 0.12286 0.00284
0.2503 0.63637 0.6241 0.05658 0.2803 0.53204 0.36305 0.27849 0.19061 0.39671 0.72795 0.08286 0.26638 0.09768 0.4228 0.25945 0.1005 0.09392 0.20177 0.62573 0.30572 0.65521 0.8571 0.85215 0.30925 0.17752 0.21439 0.25439 0.39907 0.28949 0.47357 0.63268 0.92411 0.81038 0.69455 0.84019 0.96483 0.84559 0.93499 0.56572 0.5354 0.90602 0.48183 0.7031 0.74566 0.24767 0.26853 0.60751 0.6666 0.78609 0.76827 0.63612 0.46695 0.78809 0.7839 0.72054 0.87511 0.95931 0.6456 0.9661 0.71092 0.26322 0.29223 0.24756 0.16496 0.66475 0.5783 0.65089 0.46093 0.05205 0.12422 0.21402
0.16732 0.69806 0.85324 0.24036 0.48635 0.96041 0.87535 0.47404 0.17481 0.37394 0.33781 0.17549 0.1865 0.35352 0.20105 0.07982 0 0 0.36638 0.59449 0.25278 0.16775 0.40149 0.58806 0.62976 0.4932 0.32422 0.38237 0.1709 0.03753 0.22689 0.51877 0.73943 0.79215 0.97257 0.94564 0.92003 0.95439 0.7688 0.68013 0.7343 0.33883 0.01804 0.40543 0.688 0.75529 0.8852 0.46793 0.92457 0.79612 0.84774 0.782 0.84257 0.97083 0.57912 0.65056 0.68083 0.58273 0.13722 0.36854 0.22808 0.51113 0.34209 0.48964 0.50462 0.76426 0.82729 0.40551 0.61692 0.40162 0.44964 0.0327
0.33495 0.55801 0.8036 0.77634 0.90712 0.91014 0.84528 0.97011 0.78761 0.36941 0.23595 0.17783 0.27578 0.40621 0.25296 0.58458 0.16073 0.03655 0.11989 0.11957 0.289 0.43497 0.60768 0.46499 0.46244 0 0.00534 0 0 0.23772 0.19439 0.46831 0.937 0.98716 0.95018 0.9624 0.73834 0.88427 0.63406 0.59058 0.1811 0.76057 0.52107 0.43257 0.63319 0.80808 0.62094 0.73336 0.91919 0.84084 0.8646 0.71718 0.73977 0.85112 0.61905 0.6975 0.81109 0.49692 0.31626 0.33704 0.75914 0.62238 0.16347 0.17553 0.83952 0.92072 0.78649 0.60244 0.43934 0.36835 0.15571 0.07406
0.39279 0.45282 0.57038 0.53234 0.43542 0.63214 0.913 0.59874 0.34387 0.2195 0 0.00919 0.39385 0.54772 0.38235 0.73394 0.49428 0.07688 0.00489 0 0 0.20553 0.19538 0.09364 0.023 0.23782 0.32282 0.06564 0.05807 0.15582 0.38291 0.44161 0.84263 0.90602 0.6985 0.67994 0.56889 0.44719 0.79342 0.57634 0.60032 0.43768 0.49094 0.4365 0.04051 0.40489 0.56941 0.73729 0.95018 0.8691 0.74457 0.91737 0.71379 0.67261 0.66536 0.7674 0.39073 0.61524 0.45283 0.62251 0.50083 0.39645 0.16314 0.25448 0.47323 0.46059 0.23701 0.67654 0.73935 0.31411 0.30517 0.20289
0.55999 0.36249 0.70548 0.46877 0.15825 0.68153 0.92605 0.87309 0.80376 0.32033 0.19531 0.3097 0.29254 0.36141 0.56667 0.31514 0.17651 0.02027 0 0 0 0.31354 0.56145 0.0584 0.21598 0.17107 0.45483 0.25118 0.71315 0.63676 0.60537 0.66937 0.76431 0.63054 0.80519 0.76058 0.85082 0.83157 0.721 0.76026 0.40225 0.27871 0.71972 0.54602 0.6024 0.39902 0.71298 0.90175 0.76044 0.76793 0.85939 0.91576 0.82128 0.78431 0.64668 0.54645 0.78506 0.76602 0.79795 0.71783 0.62328 0.54871 0.95021 0.60699 0.39914 0.68467 0.91191 0.8177 0.08166 0.45534 0.39745 0.20839
0.52697 0.16392 0.51391 0.31715 0.77163 0.69139 0.51688 0.69996 0.87827 0.76448 0.68692 0.56545 0.31262 0.37355 0.49843 0.09296 0 0.03373 0.07588 0.29846 0.25704 0.04074 0.13534 0.32668 0.44836 0.52212 0.745 0.74303 0.77243 0.80927 0.70606 0.61125 0.46076 0.83284 0.74812 0.77843 0.70196 0.78364 0.60488 0.61233 0.52654 0.2 0.68631 0.40992 0.78534 0.65567 0.7048 0.843 0.81373 0.95796 0.85762 0.57298 0.34834 0.78315 0.6904 0.91113 0.22268 0.28745 0.49205 0.67055 0.69974 0.95444 0.74013 0.16611 0.45453 0.95708 0.87512 0.62239 0.203 0.73449 0.22869 0.33798
0.43248 0.5812 0.85825 0.47592 0.38373 0.5473 0.75584 0.53904 0.67713 0.46721 0.23186 0.59274 0.4826 0.25697 0.30581 0.01372 0.02888 0.03573 0.02989 0.53426 0.68376 0.8695 0.81278 0.57646 0.70819 0.69509 0.84467 0.66662 0.80505 0.76321 0.67774 0.73642 0.87287 0.9638 0.73054 0.68223 0.77 0.89959 0.63877 0.60149 0.05561 0.26401 0.78002 0.83075 0.87023 0.89929 0.97577 0.98049 0.80247 0.61367 0.44387 0.67649 0.702 0.68426 0.68687 0.68739 0.03404 0.13289 0.37064 0.75271 0.44536 0.81546 0.35499 0.16657 0.19622 0.58229 0.5463 0.15476 0.04945 0.46137 0.03721 0.16781
0.73354 0.91624 0.57068 0.20693 0.7092 0.57417 0.81126 0.57844 0.8328 0.98066 0.77732 0.47125 0.33199 0.53292 0.29431 0.04392 0.09542 0.01934 0.11451 0.33545 0.58708 0.88676 0.81132 0.89706 0.75679 0.56993 0.76974 0.64795 0.66486 0.44904 0.85022 0.91297 0.90435 0.76656 0.6976 0.83012 0.93609 0.82409 0.6238 0.74808 0.03781 0.19831 0.68593 0.63853 0.93167 0.87045 0.88135 0.90907 0.95728 0.77369 0.64423 0.60613 0.73644 0.66335 0.59726 0.04523 0.55053 0.81569 0.50119 0.26828 0.38224 0.48087 0.31885 0.4622 0.65807 0.47964 0.662 0.33527 0.46645 0.45512 0.4863 0.09094
0.14481 0.63387 0.3319 0.05063 0.63476 0.86773 0.96973 0.81052 0.91057 0.74488 0.77496 0.57792 0.25254 0.34929 0.10836 0 0.04248 0.11063 0.66269 0.30356 0.48627 0.73866 0.93792 0.63823 0.92706 0.93504 0.64847 0.43961 0.904 0.84041 0.80214 0.40959 0.63227 0.85626 0.64751 0.84975 0.83043 0.71726 0.51822 0.48556 0.4805 0.24471 0.70796 0.7373 0.82787 0.68296 0.90395 0.81382 0.67808 0.90259 0.68651 0.71433 0.85207 0.30963 0.33789 0.45049 0.71322 0.85591 0.16777 0.26157 0.258 0.20506 0.0272 0.36315 0.59059 0.60367 0.49958 0.14511 0.42854 0.51189 0.26855 0.01253
