EnvRasters/GE_High/tal.asc
ncols         270
nrows         223
xllcorner     24099.479091542
yllcorner     21023.840179216
cellsize      1003.8986847201
NODATA_value  -9999
[rows 64 to 95 of 223, columns 72 to 143 of 270]
0.68516 0.29634 0.06072 0.16105 0.34348 0.59377 0.82276 0.86041 0.58816 0.71125 0.61527 0.51683 0.54884 0.78385 0.65056 0.61473 0.57706 0.71681 0.70183 0.33383 0.18835 0.62456 0.71094 0.46907 0.22237 0.08886 0.50554 0.43815 0.44027 0.06786 0 0 0.15023 0.27041 0.52682 0.78661 0.33167 0.40962 0.21974 0.58879 0.71743 0.75474 0.47436 0.35922 0.72834 0.63827 0.68408 0.46737 0.67991 0.43881 0.00115 0.1448 0.29012 9e-005 0.00714 0.50529 0 0 0.03783 0.19015 0.10762 0.45933 0.36689 0.16776 0.52841 0.37061 0.24076 0.28909 0.13919 0.78212 0.53445 0.42573
0.65602 0.68202 0.45724 0.46996 0.41783 0.35213 0.51379 0.8204 0.56352 0.73514 0.63907 0.84952 0.52865 0.42 0.50587 0.65933 0.44622 0.26437 0.25434 0.60927 0.51121 0.63371 0.39988 0.34482 0.29 0.05196 0.20702 0.34138 0.06734 0.38069 0.11561 0.0836 0.05354 0.11345 0.38934 0.46999 0.42885 0.48366 0.15322 0.39193 0.23631 0.80257 0.80364 0.66976 0.54578 0.66945 0.41864 0.45562 0.72958 0.28927 0 0.16569 0.7087 0.13441 0.37794 0.04589 0 0 0 0.0122 0.20592 0.40697 0.47407 0.04523 0.11186 0.20965 0.38791 0.16922 0.36082 0.45463 0.51405 0.59279
0.47011 0.62101 0.43857 0.389 0.63464 0.53 0.55306 0.88287 0.61089 0.93223 0.73862 0.91593 0.78756 0.47654 0.59974 0.85509 0.80337 0.27199 0.56348 0.59105 0.77479 0.45182 0.27306 0.6159 0.36956 0.20708 0.13102 0.2462 0.36224 0.09352 0.02001 0.0038 0.05599 0.25101 0.09831 0.00146 0.35314 0.56481 0.48156 0.64075 0.33239 0.21771 0.52699 0.28015 0.57841 0.80859 0.67266 0.29281 0.33575 0.24236 0.39138 0.10264 0.11453 0.15721 0.14237 0.01374 0.01993 0 0.00265 0.11697 0.02509 0.20275 0.07081 0.15224 0.66585 0.97155 0.88493 0.52726 0.20964 0.33001 0.55081 0.45527
0.77892 0.82382 0.64214 0.1729 0.74237 0.57144 0.64619 0.29494 0.72816 0.68258 0.90856 0.47378 0.83308 0.77862 0.79533 0.73006 0.53096 0.75798 0.56449 0.26729 0.37969 0.52407 0.45239 0.78891 0.65365 0.44058 0.29871 0.20184 0.30085 0.15872 0.15224 0.05979 0.01993 0.24344 0.61435 0.17661 0.31341 0.50696 0.70342 0.25203 0.22493 0.02718 0.27545 0.38475 0.60923 0.62519 0.88145 0.47252 0.04573 0.05763 0.46718 0.00065 0 0 0.07425 0.09719 0 0 0.07373 0.05637 0 0 0 0 0.65782 0.97368 0.671 0.16989 0.38619 0.4605 0.18435 0.21375
0.76705 0.83752 0.75195 0.42758 0.70628 0.53475 0.53726 0.48719 0.81531 0.67386 0.91766 0.42373 0.60986 0.66875 0.47545 0.47633 0.60393 0.19941 0.28217 0.21148 0.50868 0.47232 0.45011 0.63101 0.61209 0.54161 0.26652 0.15242 0.43049 0.48519 0.30021 0.00584 0.03442 0.3519 0.28035 0.32257 0.58063 0.10933 0.32711 0.33274 0.38202 0.55147 0.39968 0.17432 0.15034 0.42011 0.72702 0.30606 0.45451 0.08078 0 0 0 0 0.00709 0.00561 0 0.03986 0.12397 0.00754 0 0 0 0.09813 0.64319 0.52661 0.13957 0.51921 0.60083 0.36236 0.26894 0.15737
0.84266 0.62815 0.59198 0.60862 0.71861 0.56194 0.59562 0.3866 0.46851 0.84204 0.57787 0.68541 0.34644 0.59621 0.46225 0.15578 0.50083 0.58113 0.68829 0.16347 0.46003 0.70746 0.59971 0.33234 0.49074 0.3824 0.2414 0.57121 0.47723 0.44461 0.72873 0.45942 0 0.04982 0.02989 0.1193 0.48481 0.25057 0.30061 0.26192 0.42667 0.60069 0.67309 0.40123 0.33731 0.19778 0 0.18569 0.34698 0.00018 0 0 0 0 0 0.00182 0.01811 0.01993 0 0 0 0.05375 0.21448 0.65101 0.52142 0.00546 0.23536 0.43641 0.17414 0.34854 0.57179 0.44637
0.36688 0.47305 0.68138 0.57287 0.65177 0.79877 0.68257 0.79905 0.36388 0.41982 0.65388 0.70407 0.58507 0.56342 0.0798 0.04604 0.49052 0.76872 0.65709 0.61824 0.54167 0.67366 0.62439 0.74208 0.3707 0.5692 0.34863 0.48969 0.36532 0.4102 0.7155 0.3614 0.01993 0.35709 0.16697 0.23184 0.18555 0.35306 0.30511 0.11778 0.09912 0.44834 0.24226 0.26888 0.27781 0.25051 0.01993 0.02815 0.16802 0.01993 0 0 0 0 0 0 0 0.03123 0.20537 0 0 0.19523 0.24029 0.15833 0.44892 0 0.126 0.39433 0.27709 0.57637 0.21793 0.6022
0.03986 0.19718 0.35414 0.69725 0.75622 0.95294 0.66443 0.65413 0.62027 0.81306 0.43568 0.74997 0.6089 0.24315 0 0.16499 0.50778 0.75068 0.79529 0.78886 0.70798 0.59844 0.76307 0.96224 0.75492 0.79827 0.56842 0.40562 0.1005 0.49218 0.53325 0.25966 0.25785 0.02158 0.16529 0.15895 0.40436 0.30302 0.08066 0.04055 0.19635 0.37972 0.3078 0.45003 0.11029 0 0.02989 0 0 0 0 0 0 0 0 0 0 0.07662 0.20496 0.00371 0.04014 0.27616 0.06581 0.16994 0.21718 0.08148 0.59816 0.59364 0.84927 0.74722 0.68288 0.47018
0.08258 0.09515 0.08468 0.51139 0.74531 0.8103 0.51406 0.91676 0.84216 0.72148 0.64344 0.67439 0.73166 0.51718 0.14482 0.35716 0.58291 0.69628 0.69075 0.43942 0.55603 0.67354 0.67494 0.83124 0.65342 0.44697 0.8283 0.67379 0.59951 0.61545 0.51885 0.25518 0.14533 0.18491 0.34694 0.13107 0.44307 0.35887 0.53506 0.66062 0.83649 0.71769 0.16539 0.73581 0.05584 0.10881 0.08162 0.02002 0 0 0 0 0 0 0 0 0 0 0 0 0.01818 0.19851 0 0.01234 0.38989 0.23025 0.32099 0.66937 0.76892 0.85295 0.53422 0.17648
0.06293 0.07202 0.45155 0.73412 0.64824 0.76908 0.68654 0.48014 0.60403 0.77163 0.5363 0.72617 0.64099 0.57199 0.39641 0.79789 0.70534 0.62048 0.60842 0.63498 0.67101 0.616 0.51668 0.75842 0.5818 0.61397 0.89307 0.9025 0.46759 0.58935 0.30012 0.31996 0.26155 0.31221 0.44318 0.55923 0.37613 0.51673 0.36966 0.31826 0.79354 0.66578 0.57923 0.21922 0.05294 0.20087 0.04783 0.03133 0.03842 0 0 0 0 0 0 0 0 0 0 0.01993 0 0 0.05979 0.33855 0.86231 0.02428 0.54616 0.77071 0.448 0.26442 0.64616 0.94869
0.02821 0.38474 0.36763 0.63739 0.6515 0.70308 0.71042 0.81734 0.60842 0.85005 0.68962 0.45214 0.6051 0.49905 0.48693 0.55982 0.79827 0.8503 0.81444 0.52559 0.66467 0.68281 0.73972 0.66875 0.25786 0.57457 0.47586 0.25998 0.32613 0.01963 0.27851 0.42065 0.34742 0.0163 0.51078 0.27795 0.21283 0.47097 0.65605 0.79628 0.74868 0.36406 0.29429 0.05827 0.02752 0 0 0 0 0 0 0 0 0 0 0 0 0 0 0 0 0 0.03371 0.25567 0.83732 0.2352 0.34915 0.87119 0.39128 0.61129 0.94035 0.99201
0.57577 0.82459 0.65074 0.73404 0.6305 0.67811 0.75241 0.72131 0.70497 0.63591 0.4355 0.44591 0.36445 0.40936 0.66954 0.66138 0.63412 0.74822 0.54417 0.77012 0.64049 0.65937 0.71623 0.67883 0.61447 0.66096 0.66719 0.29162 0.03488 0.08197 0.59061 0.71306 0.28592 0.2363 0.53239 0.31581 0.42657 0.22664 0.3218 0.43181 0.40477 0.15953 0.18256 0.15601 0.10458 0.01123 0.09357 0 0 0 0 0 0 0 0 0 0 0 0 0 0 0 0.22305 0.29571 0.14806 0.03395 0.0982 0.39177 0.90035 0.56658 0.84583 0.68858
0.78122 0.74606 0.66645 0.73467 0.67654 0.7183 0.75259 0.72752 0.81184 0.62369 0.62169 0.60996 0.71325 0.38593 0.64208 0.64931 0.65468 0.67022 0.56873 0.49772 0.48438 0.74157 0.70089 0.39012 0.72232 0.69564 0.43555 0.52863 0.49516 0.28979 0.17349 0.22337 0.30895 0.80532 0.50106 0.28213 0.52862 0.62049 0.7395 0.77479 0.80571 0.2893 0.33564 0.70639 0.48652 0.40121 0.08369 0 0 0 0 0 0 0 0 0 0 0 0 0 0 0 0.0157 0 0 0.19929 0.86263 0.85897 0.931 0.73288 0.90625 0.6705
0.75568 0.55903 0.76433 0.54824 0.84601 0.82782 0.73365 0.81794 0.61515 0.70195 0.38237 0.54587 0.63514 0.53416 0.545 0.36804 0.66742 0.92873 0.72345 0.47 0.52179 0.539 0.59123 0.76284 0.64335 0.17844 0.44554 0.31871 0.85746 0.55873 0.61347 0.42403 0.36668 0.82766 0.84375 0.4814 0.73923 0.69556 0.71289 0.30222 0.45865 0.67479 0.7846 0.46686 0.30611 0.32531 0.04029 0.00867 0 0 0 0 0 0 0 0 0 0 0 0 0 0 0 0 0.00996 0.31965 0.35535 0.64037 0.89911 0.89532 0.53486 0.3049
0.63997 0.70087 0.92364 0.87653 0.65054 0.70131 0.53473 0.73264 0.70278 0.53017 0.25973 0.04693 0.5493 0.73442 0.47885 0.60056 0.70254 0.65367 0.78884 0.81775 0.82285 0.48213 0.47134 0.52744 0.26094 0.23806 0.73569 0.73064 0.67121 0.57855 0.90221 0.45361 0.45505 0.79994 0.8667 0.82926 0.69196 0.33581 0.14686 0.52851 0.75845 0.6943 0.44277 0.18444 0.44527 0.73627 0.60791 0.00996 0 0 0 0 0 0 0 0 0.00996 0 0 0 0 0 0.00996 0 0.00693 0.34261 0.70066 0.78155 0.87057 0.33514 0.25842 0.29271
0.80096 0.81841 0.75798 0.90526 0.73196 0.72507 0.8584 0.62416 0.81291 0.64149 0.16303 0.2337 0.79953 0.75572 0.81747 0.82742 0.77509 0.64659 0.71453 0.49028 0.26045 0.3146 0.33997 0.46611 0.47568 0.53838 0.52317 0.82938 0.55655 0.44771 0.82412 0.557 0.72903 0.6088 0.74763 0.50377 0.56889 0.6672 0.46014 0.7444 0.62849 0.4155 0.55575 0.55408 0.82893 0.41376 0.25368 0.00996 0 0 0 0 0 0 0 0 0 0 0 0 0 0 0.05673 0.0471 0.06082 0.28102 0.27637 0.8292 0.82941 0.24096 0.24276 0.56233
0.82934 0.89936 0.72808 0.84367 0.78323 0.67003 0.95909 0.72967 0.59986 0.65791 0.62448 0.82504 0.80212 0.55655 0.75057 0.69721 0.44339 0.86732 0.46554 0.47436 0.39466 0.19111 0.57648 0.46234 0.58116 0.57751 0.50425 0.6418 0.52924 0.45918 0.67848 0.75746 0.76324 0.45481 0.53382 0.6397 0.51968 0.80022 0.84444 0.88239 0.80164 0.4963 0.79128 0.64814 0.6054 0.62838 0.1112 0 0.11309 0 0 0 0.06975 0 0 0 0.00996 0.00366 0 0.00606 0.28033 0.03828 0.04885 0.02743 0.49452 0.5543 0.36541 0.5058 0.11324 0.19517 0.5833 0.311
0.78588 0.54431 0.8319 0.46453 0.77429 0.60861 0.71944 0.72606 0.53245 0.72371 0.38907 0.44841 0.67875 0.6703 0.71685 0.79507 0.82903 0.74005 0.20671 0.1694 0.40834 0.70239 0.56046 0.46216 0.60984 0.64456 0.74061 0.63068 0.64487 0.75893 0.70919 0.83002 0.73415 0.54126 0.61293 0.4421 0.7038 0.88056 0.88029 0.65013 0.83228 0.74655 0.55811 0.63996 0.21016 0.34481 0.31821 0.1492 0.32027 0.07978 0 0.03737 0.03238 0 0 0 0 0.02624 0 0.12494 0.30767 0.24396 0.14955 0.10326 0.20963 0.26821 0.23055 0.4711 0.37867 0.46646 0.60067 0.11163
0.7058 0.41951 0.27165 0.34161 0.6171 0.74174 0.36687 0.00179 0.45404 0.0985 0.69687 0.49706 0.59306 0.59533 0.81 0.76327 0.57784 0.08037 0.00623 0.03866 0.6405 0.54659 0.38529 0.32046 0.58721 0.77859 0.96498 0.65845 0.53974 0.64251 0.39904 0.37008 0.52408 0.84003 0.59612 0.67365 0.86663 0.88847 0.84987 0.85183 0.60362 0.59883 0.74616 0.76503 0.31664 0.60796 0.34176 0.3279 0.54217 0.10119 0 0.05822 0.48939 0.03919 0.02989 0 0 0 0.00996 0.02327 0.01356 0.32368 0.02752 0 0.00172 0.02463 0.63956 0.85434 0.95079 0.35399 0.23935 0.42925
0.68269 0.29926 0.32762 0.63856 0.72155 0.59213 0.28056 0.66399 0.42646 0.45587 0.8233 0.65138 0.69581 0.68568 0.61192 0.59384 0.79491 0.18755 0.00996 0.26261 0.67023 0.45822 0.49111 0.50102 0.82987 0.82634 0.76026 0.66888 0.67776 0.42584 0.53275 0.7663 0.7134 0.87046 0.75531 0.53178 0.66952 0.71151 0.57057 0.80276 0.60953 0.68249 0.67805 0.52233 0.66103 0.24746 0.16651 0.32667 0.21167 0.07414 0.37059 0.02498 0.6342 0.24349 0 0 0 0 0.02989 0 0 0.03986 0.03475 0.16608 0.13187 0.30334 0.65144 0.62399 0.34243 0.32169 0.23063 0.47106
0.04518 0.20334 0.19723 0.29671 0.43576 0.49543 0.61904 0.88563 0.64963 0.39483 0.75577 0.84514 0.88285 0.83296 0.9064 0.86278 0.52228 0.30019 0.3613 0.43847 0.57325 0.26105 0.19237 0.31004 0.64276 0.17887 0.72054 0.68104 0.84266 0.8045 0.74307 0.80089 0.84999 0.8804 0.73273 0.82848 0.71063 0.78736 0.77869 0.74269 0.8198 0.68955 0.59241 0.66245 0.69101 0.03986 0.10426 0.27486 0.35395 0.33647 0.42337 0.19056 0.08196 0.01776 0.00444 0 0 0.01993 0 0.04982 0.12894 0.22779 0.18821 0.4912 0.43937 0.7535 0.55876 0.06871 0.4046 0.67894 0.1707 0.41823
0.04758 0.50203 0.61807 0.59965 0.56191 0.57604 0.58862 0.67995 0.45561 0.30488 0.71355 0.77088 0.87525 0.85816 0.89 0.89909 0.71947 0.41189 0.61393 0.645 0.75342 0.47751 0.33525 0.67485 0.60274 0.61816 0.79407 0.38076 0.61781 0.77142 0.75414 0.87942 0.83113 0.79256 0.62723 0.91914 0.77684 0.89067 0.64784 0.83389 0.72398 0.70884 0.45903 0.14844 0.15781 0.03378 0.03128 0.07105 0.64175 0.66517 0.03577 0.08846 0 0.02514 0.27393 0 0 0 0.01993 0.04942 0.12013 0.01974 0.0242 0.18712 0.72805 0.66941 0.65568 0.1938 0.77906 0.76658 0.42372 0.76846
0.60312 0.42731 0.43029 0.63056 0.44635 0.59075 0.6921 0.67761 0.59153 0.60953 0.84926 0.78003 0.75572 0.7669 0.67571 0.89285 0.28806 0.38548 0.62997 0.7741 0.82884 0.59755 0.84033 0.71181 0.68728 0.59906 0.56947 0.5947 0.50295 0.43311 0.76086 0.93179 0.83055 0.81109 0.83026 0.73115 0.85736 0.86218 0.74644 0.76981 0.79159 0.75873 0.59397 0.19494 0 0.17044 0.1099 0.18536 0.10068 0.31863 0.02989 0.07972 0.23491 0.35298 0.41326 0 0.52412 0.06778 0 0.11662 0.05613 0.00996 0 0.28033 0.3905 0.49269 0.20678 0.31897 0.48598 0.12605 0.52375 0.48676
0.81835 0.61297 0.47881 0.89667 0.74179 0.70238 0.85662 0.85483 0.81154 0.77878 0.9059 0.63826 0.66654 0.81345 0.74203 0.44029 0.12115 0.26052 0.62206 0.8086 0.66988 0.72186 0.9076 0.95024 0.83559 0.78859 0.88624 0.65404 0.34441 0.31186 0.76649 0.78501 0.7781 0.58123 0.80924 0.94922 0.88139 0.87625 0.701 0.64402 0.82718 0.67268 0.25623 0.00745 0 0.29154 0.09539 0.24364 0.07798 0.17351 0.0496 0.13941 0.81165 0.95416 0.26423 0 0.08771 0.12483 0.00272 0.3507 0.18617 0.02405 0 0 0.00785 0.01528 0.04982 0.25436 0.6865 0.11285 0.03389 0.48991
0.48883 0.3965 0.43688 0.76821 0.83668 0.73451 0.94558 0.82063 0.67273 0.5158 0.91629 0.73477 0.65463 0.77471 0.56917 0.0718 0.05587 0.23338 0.28528 0.21087 0.72334 0.73097 0.59652 0.50019 0.85931 0.89272 0.71574 0.73198 0.82294 0.68987 0.6908 0.84649 0.83855 0.40006 0.82934 0.83421 0.93799 0.93011 0.33803 0.78922 0.74514 0.22132 0.20486 0.1078 0.42546 0.16293 0.2781 0.17361 0.38757 0.30562 0.24895 0.03708 0.30878 0.47087 0.0591 0 0 0.01993 0.2514 0.52821 0.33655 0.06075 0.0203 0.17153 0.00996 0.14416 0.04982 0.03371 0.22325 0.21636 0 0
0.74234 0.54668 0.0708 0.5524 0.55086 0.77715 0.86971 0.93593 0.89229 0.67581 0.95564 0.9505 0.94198 0.95994 0.61907 0.01788 0.0024 0.18524 0.47731 0.32741 0.77534 0.92007 0.78742 0.83902 0.86317 0.89947 0.65844 0.84862 0.89346 0.71016 0.86871 0.81235 0.35758 0.03024 0.08147 0.49543 0.87088 0.88247 0.31701 0.39748 0.73052 0.89554 0.2866 0.29109 0.38066 0.35073 0.20216 0.02599 0.07809 0.29 0.59384 0.43009 0.28632 0.02121 0.0243 0 0.02196 0.35207 0.3166 0.34721 0.48186 0.30191 0.27695 0.0397 0.00083 0 0.041 0.4785 0.21284 0.06982 0.017 0.00024
0.88737 0.77701 0.26112 0.70107 0.23215 0.76183 0.81916 0.77914 0.7759 0.94274 0.83329 0.84366 0.82314 0.65474 0.80155 0.3826 0.28207 0.7186 0.73392 0.22175 0.82175 0.90342 0.76239 0.86892 0.85456 0.80609 0.89461 0.86226 0.87279 0.58656 0.299 0.48461 0.48918 0.4326 0.95271 0.62666 0.69996 0.86258 0.67916 0.77377 0.72955 0.13002 0.35986 0.74732 0.27049 0.54091 0.24956 0.06151 0 0.51681 0.31998 0.12735 0.19958 0 0.66003 0.03171 0 0.30446 0.24366 0.27753 0.07093 0.1515 0.14336 0.1056 0.09765 0.26696 0.24924 0.15601 0.01011 0.32905 0.07681 0.26935
0.90018 0.81524 0.70484 0.80643 0.42535 0.72744 0.94132 0.85647 0.91695 0.9169 0.77447 0.84031 0.86932 0.68338 0.43168 0.68041 0.71216 0.35966 0.53328 0.21445 0.56728 0.85705 0.72507 0.8346 0.7846 0.83348 0.73961 0.87842 0.29129 0.20047 0.05412 0.30631 0.56307 0.30187 0.1219 0.64756 0.74194 0.97801 0.81398 0.7667 0.44722 0.10059 0.00419 0.22281 0.06653 0.48952 0.47204 0.06179 0.01538 0.20702 0.19155 0.07634 0.6233 0.00687 0.07851 0.00265 0.28374 0.96277 0.56365 0.12643 0.29954 0.40066 0.16241 0.68428 0.76735 0.39075 0.28161 0.20481 0.02341 0.19815 0.27362 0.16792
0.84425 0.8286 0.89595 0.66236 0.71002 0.86263 0.77252 0.78666 0.99339 0.97697 0.67057 0.91814 0.78862 0.75613 0.68022 0.87471 0.77701 0.52271 0.92615 0.64386 0.85786 0.67942 0.63436 0.92643 0.95018 0.92175 0.65295 0.65191 0.81601 0.62253 0.37538 0.93142 0.91848 0.74441 0.80437 0.73384 0.66357 0.3395 0.76388 0.84534 0.71327 0.20629 0 0.02913 0.16304 0.29016 0.13311 0.55698 0.18025 0.2007 0.23767 0.16555 0.50828 0.02551 0.01842 0.28761 0.81775 0.89976 0.65458 0.30523 0.23319 0.1584 0.3646 0.88528 0.8935 0.33933 0.15294 0.08471 0.11259 0 0.15584 0.25438
0.1934 0.70089 0.86924 0.77318 0.69931 0.8054 0.81887 0.93036 0.86006 0.79038 0.85938 0.81825 0.89903 0.75554 0.47363 0.64184 0.90406 0.76608 0.73474 0.64864 0.70666 0.66284 0.60758 0.59704 0.78277 0.93828 0.84595 0.98978 0.89636 0.6302 0.66701 0.91016 0.89686 0.80978 0.93435 0.82387 0.70011 0.59468 0.14018 0.53914 0.57076 0.46195 0.44975 0.05326 0.71499 0.26381 0.08907 0.31504 0.10174 0.51248 0.11894 0.48526 0.36755 0.34046 0.04266 0.84394 0.96756 0.96078 0.84862 0.61567 0.16567 0.12743 0.29256 0.8567 0.71083 0.58746 0.10409 0 0 0.01993 0.05703 0.34805
0.55894 0.79852 0.83972 0.55894 0.34953 0.83068 0.65742 0.7685 0.83657 0.89019 0.85946 0.86623 0.51845 0.83571 0.53082 0.7959 0.85258 0.58577 0.58546 0.68244 0.82338 0.93421 0.79201 0.83136 0.88043 0.99066 0.89634 0.96402 0.86035 0.89756 0.63292 0.82096 0.93025 0.95795 0.92048 0.76613 0.38018 0.08971 0.00925 0.27848 0.57281 0.72296 0.53532 0.21982 0.23349 0.27664 0.53435 0.46571 0.69648 0.53791 0.83696 0.44257 0.35041 0.69586 0.41641 0.91094 0.71745 0.44549 0.45654 0.41837 0.22049 0.07005 0.64263 0.73033 0.70035 0.85247 0.12461 0 0 0.06975 0.00236 0.18988
0.58535 0.70856 0.65547 0.0806 0.35776 0.63955 0.73193 0.68358 0.85688 0.6437 0.9398 0.90954 0.68084 0.61187 0.79728 0.87855 0.49269 0.16347 0.40883 0.88267 0.84597 0.63901 0.77126 0.98219 0.91665 0.96652 0.82944 0.77675 0.85245 0.9667 0.81713 0.92343 0.88626 0.88355 0.78832 0.95991 0.91299 0.4077 0.46219 0.83239 0.58112 0.54186 0.70157 0.43397 0.36043 0.47855 0.60293 0.61194 0.56874 0.71347 0.78947 0.5687 0.84933 0.43032 0.69549 0.92606 0.69241 0.37867 0.40334 0.59345 0.46085 0.19379 0.7247 0.57919 0.69046 0.64764 0.06304 0.00233 0.3857 0.09829 0.17082 0.14354
