EnvRasters/GE_High/tal.asc
ncols         270
nrows         223
xllcorner     24099.479091542
yllcorner     21023.840179216
cellsize      1003.8986847201
NODATA_value  -9999
[rows 160 to 191 of 223, columns 144 to 215 of 270]
0 0 0 0 0 -9999 -9999 -9999 -9999 -9999 -9999 -9999 -9999 0 0.13232 0.09784 0.40723 0.14265 0 0 0 0 0.45129 0.6966 0.31929 0.57482 0.55973 0.44564 0 0.13493 0.67674 0.92919 0.35238 0.21988 0.0049 0.02322 0.20048 0.03219 0.00504 0 0.14576 0.45345 0.00493 0 0.15299 0.28303 0.21885 0.02321 0 0 0 0 0 0 0 0 0 0 0 0 0 0 0.07711 0.26859 0.21966 0.27803 0.038 0.00659 0.33018 0.52069 0.4429 0.598
0 0 0 0 0 -9999 -9999 -9999 -9999 -9999 -9999 -9999 -9999 0 0 0 0.00058 0.01234 0 0 0 0.20897 0.31575 0.15302 0.23554 0.13195 0.07445 0.15657 0 0 0.00093 0.26376 0.21235 0 0 0 0.03576 0.02255 0 0 0 0 0 0 0 0 0 0 0 0 0.14697 0.06316 0 0 0 0 0 0 0 0 0 0.0397 0.41116 0.77367 0.59001 0.70986 0.41831 0.736 0.9501 0.56196 0.35587 0.37025
0 0 0.01168 0 0.00996 -9999 -9999 -9999 -9999 -9999 -9999 -9999 -9999 -9999 0 0 0 0 0 0 0.01548 0.2699 0.32659 0.03477 0.06704 0 0 0.00354 0 0 0.12194 0.51471 0.10636 0 0 0 0 0 0 0 0 0 0 0 0 0 0 0.02866 0.34036 0.44608 0.81546 0.46702 0.02476 0.12049 0.27497 0 0 0 0 0 0 0 0.16238 0.60363 0.57544 0.43771 0.73658 0.89516 0.88749 0.92636 0.8427 0.71576
0.07328 0 0.27261 0.4742 0 -9999 -9999 -9999 -9999 -9999 -9999 -9999 -9999 0 0 0.20666 0.06569 0 0 0 0.05067 0.44275 0.15873 0.18087 0.04347 0 0 0 0 0 0 0.06865 0 0 0 0 0 0 0 0 0.03564 0.03699 0 0 0.00285 0.00442 0 0.28094 0.42342 0.55979 0.89989 0.69091 0.32292 0.17865 0.44232 0.05959 0 0 0 0 0 0 0.2775 0.48921 0.77121 0.71515 0.51464 0.90763 0.81783 0.88848 0.81118 0.65829
0.21866 0.05341 0.14215 0.08589 -9999 -9999 -9999 -9999 -9999 -9999 -9999 -9999 -9999 0 0 0.59418 0.55487 0.32488 0 0 0.01154 0.0198 0 0.33029 0.28926 0 0 0 0 0 0 0 0 0.01066 0.26023 0.20937 0 0.00131 0.08578 0 0.00298 0.00411 0 0 0.18499 0.25952 0 0.00889 0.09097 0.51561 0.48038 0.58505 0.20672 0.35671 0.26068 0.25054 0 0 0 0 0.01575 0 0.25083 0.80166 0.92756 0.94835 0.51493 0.92664 0.89465 0.87959 0.80169 0.60375
0 0 0 0 -9999 -9999 -9999 -9999 -9999 -9999 -9999 -9999 -9999 0 0 0.48168 0.46348 0.40261 0 0 0 0 0.22469 0.50522 0.58266 0 0.00029 0.08214 0.29744 0.00899 0 0 0.00217 0.47092 0.26429 0.02684 0.03828 0.39768 0.24656 0 0.00468 0.00815 0 0 0.02719 0.36034 0.00771 0.06221 0.03683 0.0713 0.21731 0.48824 0.68487 0.67145 0.22623 0.67993 0.05237 0 0 0.09236 0.8083 0.07714 0.00256 0.77284 0.74395 0.98191 0.91532 0.82866 0.94147 0.81335 0.52356 0.64766
0 0 0 0 -9999 -9999 -9999 -9999 -9999 -9999 -9999 -9999 -9999 0 0.00681 0.12403 0.26791 0.03481 0.10744 0.03282 0.41413 0.12428 0.21887 0.45342 0.40659 0 0.05555 0.58127 0.61884 0.57553 0.59734 0.07326 0 0.09367 0.08673 0 0.41126 0.48937 0.41847 0.01713 0.33367 0.35227 0.03949 0.24377 0.03563 0.00111 0.1 0.02748 0 0.05735 0.35864 0.36315 0.08703 0.33184 0.41889 0.77897 0.09249 0 0 0.31405 0.75929 0.29538 0 0.68947 0.75861 0.88045 0.96646 0.84734 0.92655 0.63317 0.48896 0.19778
0 0 0 0 0 -9999 -9999 -9999 -9999 -9999 -9999 -9999 -9999 0 0.17103 0.44925 0.07445 0.51917 0.50075 0.6014 0.41168 0.36699 0.66639 0.46192 0.33253 0 0.0481 0.54153 0.63089 0.63137 0.536 0.09717 0.01503 0.02005 0 0 0.40787 0.1242 0 0.05102 0.43157 0.52177 0.01928 0.31939 0.46806 0.07939 0.11665 0 0 0.02769 0.10411 0.07439 0.30292 0.77635 0.68052 0.35923 0.00096 0 0.06279 0.63654 0.67932 0.8375 0.31334 0.69698 0.41934 0.9089 0.82825 0.81248 0.84798 0.88508 0.76389 0.29441
0 0 -9999 -9999 -9999 -9999 -9999 -9999 -9999 -9999 -9999 -9999 0 0 0.66498 0.66185 0.48485 0.47659 0.50681 0.33809 0.50006 0.51091 0.37884 0.43096 0.03211 0.04705 0.00131 0.35579 0.09599 0.70513 0.74128 0.33962 0.27374 0.03394 0 0 0 0.04982 0 0 0.09868 0.18555 0.14068 0.36883 0.39263 0.60111 0.27635 0 0 0 0 0 0.49129 0.74054 0.65755 0.63615 0.07826 0.51044 0.38744 0.49169 0.54657 0.68567 0.81511 0.23742 0.04981 0.09088 0.08537 0.8468 0.86188 0.83712 0.81974 0.36461
-9999 -9999 -9999 -9999 -9999 -9999 -9999 -9999 -9999 -9999 -9999 0 0 0 0.29508 0.4552 0.13936 0.32556 0.30046 0.05247 0.6788 0.27923 0.43068 0.09168 0 0.00277 0 0 0.16568 0.03249 0.0879 0.48657 0.5373 0.28893 0 0.00189 0.01311 0.00419 0.00202 0.04329 0.04369 0.63083 0.63829 0.66059 0.41782 0.6596 0.31587 0 0 0 0 0 0 0.41747 0.7286 0.71844 0.56338 0.88867 0.57183 0.44146 0.45436 0.76443 0.96688 0.61528 0.07454 0 0.55409 0.86646 0.96182 0.83728 0.91558 0.70047
-9999 -9999 -9999 -9999 -9999 -9999 -9999 -9999 -9999 -9999 -9999 0 0 0 0 0 0 0.01211 0.03986 0.17171 0.48071 0.50979 0.39295 0.2924 0.09372 0 0 0 0 0 0.05444 0.0738 0.5188 0.1953 0.06912 0.50093 0.16177 0.19849 0.69688 0.32026 0.36232 0.698 0.55709 0.65939 0.4492 0.24418 0.32904 0.00237 0 0 0 0 0.01913 0.697 0.7299 0.70025 0.61351 0.80135 0.43956 0.30487 0.6394 0.86716 0.82406 0.8953 0.22669 0.06334 0.7118 0.83895 0.9162 0.94226 0.86494 0.56522
-9999 -9999 -9999 -9999 -9999 -9999 -9999 -9999 -9999 -9999 -9999 0 0 0 0 0 0 0 0 0.07944 0.51569 0.66352 0.5055 0.43288 0.79416 0.04105 0.01411 0.04349 0.00657 0 0.16505 0.47578 0.32559 0.011 0.30925 0.44079 0.38444 0.25985 0.62637 0.20848 0.13198 0.1836 0.09371 0.64965 0.70694 0.19536 0 0 0 0 0 0 0.01927 0.27091 0.62376 0.82238 0.89143 0.51502 0.60767 0.25134 0.49759 0.79685 0.77698 0.95955 0.22512 0 0.3998 0.86641 0.63804 0.55365 0.75135 0.24077
-9999 -9999 -9999 -9999 -9999 -9999 -9999 -9999 -9999 -9999 -9999 0 0 0 0 0 0 0 0 0 0.47254 0.7274 0.77439 0.47447 0.68029 0.06457 0.4219 0.69229 0.45208 0.37837 0.55535 0.40544 0.3206 0 0.50008 0.29732 0.01541 0.08341 0.3274 0.09212 0.34102 0.59859 0.59881 0.58269 0.69664 0.32784 0.07626 0.02339 0 0.02989 0 0 0 0 0 0.20385 0.42268 0.08788 0.16511 0.65899 0.76015 0.78363 0.99004 0.51584 0.15603 0.12776 0.88281 0.69668 0.5559 0.11843 0.60521 0.53495
-9999 -9999 -9999 -9999 -9999 -9999 -9999 -9999 -9999 -9999 -9999 -9999 -9999 -9999 -9999 0 0 0 0.00015 0.13458 0.29912 0.45343 0.73409 0.46752 0.5042 0.18196 0.72103 0.38507 0.50751 0.63636 0.52364 0.05431 0 0.03075 0.6515 0.37246 0.36006 0.27109 0.0069 0 0.30642 0.37641 0.7468 0.47496 0.34439 0.07043 0.0695 0.05836 0.00559 0.00115 0 0.1301 0 0 0 0.0335 0.11316 0.12827 0.3299 0.76936 0.74646 0.82645 0.89538 0.05318 0 0 0.3169 0.44696 0.5853 0.55927 0.53812 0.76109
-9999 -9999 -9999 -9999 -9999 -9999 -9999 -9999 -9999 -9999 -9999 -9999 -9999 -9999 -9999 0 0 0 0.21994 0.69419 0.1925 0.35746 0.50905 0.25572 0.40034 0.2619 0.47206 0.4527 0.34868 0.26426 0.09611 0.19487 0.12418 0.40871 0.73027 0.319 0.39564 0.04584 0.61937 0.06429 0.0177 0.03198 0.28767 0.13372 0.63861 0.31449 0.68326 0.57232 0.45487 0.17006 0.00996 0.12953 0.00076 0 0 0.01098 0.69035 0.86281 0.85316 0.75114 0.84843 0.74308 0.8961 0.08106 0 0.00319 0.56819 0.89904 0.83828 0.58493 0.33304 0.74756
-9999 -9999 -9999 -9999 -9999 -9999 -9999 -9999 -9999 -9999 -9999 -9999 -9999 -9999 -9999 -9999 0 0 0.02348 0.34956 0.52229 0.35523 0.0034 0.27545 0.73489 0.15376 0.185 0.18689 0.58984 0.40908 0.05127 0.26055 0.41809 0.40047 0.54255 0.16685 0.20989 0.27656 0.54428 0.02095 0.40701 0.2702 0 0.13262 0.70526 0.72768 0.36109 0.64739 0.08576 0 0.16709 0.23184 0.26932 0.02906 0.01979 0.53781 0.77656 0.91927 0.83458 0.77352 0.97918 0.89728 0.70534 0.00148 0.17474 0.27259 0.91106 0.7261 0.73484 0.61173 0.87844 0.96119
-9999 -9999 -9999 -9999 -9999 -9999 -9999 -9999 -9999 -9999 -9999 -9999 -9999 -9999 -9999 -9999 -9999 0 0 0.05048 0.56808 0.03713 0.07972 0.29021 0.31795 0.235 0.45472 0.04715 0.34335 0.28857 0.17279 0.51866 0.46849 0.322 0.15805 0.18768 0.70579 0.8083 0.61623 0.2942 0.56588 0.38833 0.05696 0.42661 0.4317 0.64733 0.42435 0.52044 0.30112 0.09336 0.67109 0.52965 0.34803 0.10196 0.21809 0.84477 0.79936 0.62262 0.95629 0.81774 0.59048 0.64045 0.20742 0.41627 0.74102 0.78187 0.50454 0.48296 0.71571 0.6986 0.68239 0.8098
-9999 -9999 -9999 -9999 -9999 -9999 -9999 -9999 -9999 -9999 -9999 -9999 -9999 -9999 -9999 -9999 -9999 0 0.04982 0.10865 0.51583 0.33852 0.19366 0.42012 0.83642 0.57756 0.52699 0.07048 0.35382 0.1392 0.07222 0.26321 0.59139 0.49211 0.35613 0.4704 0.34887 0.84161 0.36427 0.64176 0.45113 0.75002 0.55809 0.2544 0 0 0 0 0 0.32107 0.5799 0.70242 0.70461 0.71411 0.49815 0.83958 0.57097 0.58323 0.50213 0.42496 0.21468 0.02566 0.07481 0.63675 0.68622 0.67008 0.62092 0.80734 0.89135 0.77681 0.80823 0.11857
-9999 -9999 -9999 -9999 -9999 -9999 -9999 -9999 -9999 -9999 -9999 -9999 -9999 -9999 -9999 -9999 -9999 0 0.35964 0.22921 0.17788 0.45518 0.24329 0.63736 0.3744 0.35775 0.2883 0.36081 0.28458 0.0358 0.13122 0.42284 0.54537 0.61746 0.52155 0.29056 0.52617 0.47481 0.30533 0.46268 0.74619 0.65881 0.81485 0.48449 0.05864 0 0 0.18863 0.06748 0.37661 0.7802 0.62219 0.88288 0.84116 0.59818 0.77153 0.70796 0.23903 0.15553 0.29973 0.00849 0 0.06316 0.3941 0.81358 0.82745 0.63513 0.67132 0.48477 0.79126 0.17875 0.27724
-9999 -9999 -9999 -9999 -9999 -9999 -9999 -9999 -9999 -9999 -9999 -9999 -9999 -9999 -9999 -9999 -9999 0.22463 0.23069 0.35754 0.37862 0.05033 0.00475 0.02741 0.05063 0.06342 0.50566 0.45167 0.24373 0.07003 0.45366 0.66704 0.36219 0.12245 0 0.14445 0.44803 0.58783 0.74174 0.66376 0.40345 0.59526 0.60856 0.18462 0.12724 0 0.00219 0.13017 0.13182 0.20843 0.35077 0.48361 0.37672 0.67635 0.67534 0.38588 0.10059 0.31445 0.7843 0.86976 0.57852 0.55218 0.60844 0.40819 0.71935 0.70773 0.7519 0.81339 0.50525 0.45105 0.4493 0.68741
-9999 -9999 -9999 -9999 -9999 -9999 -9999 -9999 -9999 -9999 -9999 -9999 -9999 -9999 -9999 -9999 0 0.06028 0.09328 0.0387 0.30996 0.15962 0 0.37773 0.72874 0.45206 0.18866 0.26533 0.01837 0.01975 0.002 0.22411 0 0.03546 0.60204 0.53449 0.55151 0.70777 0.70819 0.54904 0.83503 0.71222 0.32486 0.45188 0.51035 0.43308 0.072 0 0 0 0 0 0 0.15697 0.62755 0.6716 0.12756 0.49036 0.78627 0.83903 0.65784 0.66894 0.65779 0.37794 0.34272 0.63654 0.77326 0.90616 0.54634 0.68702 0.3976 0.31146
-9999 -9999 -9999 -9999 -9999 -9999 -9999 -9999 -9999 -9999 -9999 -9999 -9999 -9999 -9999 -9999 0 0.09965 0 0.02989 0 0.06099 0.01854 0.00363 0.47526 0.38094 0.0549 0 0.10102 0.27216 0.04622 0.31656 0.14121 0.32686 0.84376 0.29518 0.44875 0.76604 0.68966 0.2822 0.81129 0.68919 0.41377 0.90157 0.68529 0.62627 0.10395 0.11564 0.15227 0.05031 0 0 0.10112 0.52993 0.3189 0.73044 0.75708 0.66512 0.90605 0.35196 0.19575 0.52805 0.61169 0.67923 0.41111 0.83187 0.82964 0.79463 0.77859 0.88135 0.60652 0.62041
-9999 -9999 -9999 -9999 -9999 -9999 -9999 -9999 -9999 -9999 -9999 -9999 -9999 -9999 -9999 0 0 0 0 0 0.02892 0.01993 0.20497 0.07723 0.15689 0.06719 0.25417 0.17067 0.25743 0.22492 0.2146 0.83967 0.6802 0.51713 0.56843 0.42398 0.36912 0.59665 0.54355 0.11311 0.23101 0.42345 0.47867 0.54472 0.32367 0.67014 0.31689 0.20746 0.52629 0.68119 0.537 0.18178 0.60913 0.48644 0.763 0.74645 0.89176 0.87068 0.69374 0.36995 0.57553 0.50832 0.16166 0.33695 0.72474 0.83936 0.72991 0.59258 0.87681 0.61334 0.64702 0.36262
-9999 -9999 -9999 -9999 -9999 -9999 -9999 -9999 -9999 -9999 -9999 -9999 -9999 -9999 -9999 0 0 0 0 0 0.01401 0.05553 0.21495 0.01993 0 0 0.02456 0.01872 0.00421 0 0.02849 0.56116 0.27187 0.30493 0.62435 0.16952 0.20003 0.6227 0.28939 0.02132 0.14529 0.27453 0.82342 0.66442 0.14615 0.08552 0.38672 0.7276 0.79107 0.84915 0.81225 0.62642 0.59208 0.5919 0.75229 0.78559 0.86251 0.61471 0.41391 0.58109 0.29943 0.56875 0.40989 0.32327 0.57239 0.51724 0.6045 0.49808 0.60411 0.73226 0.82747 0.38263
-9999 -9999 -9999 -9999 -9999 -9999 -9999 -9999 -9999 -9999 -9999 -9999 -9999 -9999 -9999 0 0 0 0 0 0 0.00119 0 0 0 0.00799 0.06553 0.46813 0.03156 0.24542 0.26623 0.14527 0 0.63883 0.77056 0.43157 0 0.10887 0.10252 0 0 0.10138 0.28352 0.71586 0.64549 0.60538 0.26635 0.79864 0.89936 0.64938 0.7389 0.48483 0.4817 0.54384 0.82266 0.4377 0.54129 0.17068 0.3082 0.46429 0.58826 0.5061 0.64074 0.19721 0.10305 0.08053 0.16203 0.07502 0.11467 0.03281 0.07564 0.11361
-9999 -9999 -9999 -9999 -9999 -9999 -9999 -9999 -9999 -9999 -9999 -9999 -9999 -9999 -9999 -9999 0 0 0 0 0 0 0 0 0 0.07173 0.23459 0.21477 0.03073 0.23392 0.69346 0.09444 0.01811 0.23332 0.69081 0.29347 0 0 0 0.08457 0.00871 0 0 0.13424 0.09677 0.10266 0.54865 0.55912 0.64693 0.78923 0.65117 0.68146 0.8283 0.70216 0.43264 0.6403 0.49667 0 0.60652 0.64906 0.51095 0.56001 0.52584 0.36586 0.19638 0.19436 0.00576 0 0.00673 0 0 0
-9999 -9999 -9999 -9999 -9999 -9999 -9999 -9999 -9999 -9999 -9999 -9999 -9999 -9999 -9999 -9999 0.00284 0.21548 0.38011 0.08617 0 0 0 0 0 0.02094 0.07331 0.00996 0 0.18606 0.42181 0.43282 0.45959 0.30235 0.07025 0.03831 0.05741 0 0.12768 0.78564 0.41042 0 0 0 0 0.03723 0.51843 0.2884 0.52866 0.42601 0.57768 0.31602 0.35376 0.72029 0.30557 0.74908 0.82483 0.73676 0.75788 0.9327 0.92994 0.78418 0.44233 0.09001 0.11821 0.27047 0.3993 0.48703 0.07781 0 0 0
-9999 -9999 -9999 -9999 -9999 -9999 -9999 -9999 -9999 -9999 -9999 -9999 -9999 -9999 -9999 -9999 0.00041 0.06253 0.17813 0.45577 0.1411 0 0 0 0 0.00996 0.02589 0.0339 0.24554 0.18378 0.12945 0.32661 0.53629 0.42947 0.00372 0.05869 0.50827 0.1939 0.25754 0.58322 0.3693 0.06872 0 0 0 0 0 0.07411 0.51144 0.44004 0.5001 0.41508 0.73601 0.68294 0.42822 0.64324 0.71573 0.86001 0.78088 0.84435 0.71293 0.74073 0.36232 0.33421 0.61561 0.67946 0.69996 0.64612 0.03988 0 0 0
-9999 -9999 -9999 -9999 -9999 -9999 -9999 -9999 -9999 -9999 -9999 -9999 -9999 -9999 -9999 -9999 0.04579 0.03335 0.11113 0.58278 0.05405 0 0 0 0 0.01601 0.00392 0.11238 0.11 0.09364 0.34242 0.49393 0.57471 0.3048 0 0.07504 0.24821 0.02005 0.00996 0.3273 0.13081 0.02378 0 0 0 0 0 0.15144 0.27662 0.27808 0.64027 0.89019 0.69669 0.51882 0.15683 0 0.19129 0.53937 0.44084 0.64321 0.8692 0.74827 0.5578 0.48081 0.65002 0.4303 0.88996 0.48414 0.04982 0 0.05861 0.19164
-9999 -9999 -9999 -9999 -9999 -9999 -9999 -9999 -9999 -9999 -9999 -9999 -9999 -9999 -9999 0 0 0 0.41921 0.47415 0.08531 0 0 0 0 0 0.08968 0.32505 0.13569 0.11115 0.03251 0.04982 0.29003 0.27931 0.00996 0.26594 0.42897 0.06091 0 0.03541 0.09883 0.2217 0.08557 0 0 0 0 0 0.01855 0.31333 0.47296 0.25728 0.40943 0.43063 0.2922 0 0 0.00044 0 0.07557 0.55279 0.63008 0.60022 0.44927 0.24827 0.65839 0.7159 0.46731 0.01099 0.0132 0.36228 0.39871
-9999 -9999 -9999 -9999 -9999 -9999 -9999 -9999 -9999 -9999 -9999 -9999 -9999 -9999 -9999 0 0 0.01217 0.05758 0 0 0 0 -9999 -9999 -9999 0.02363 0.29013 0 0.04567 0.02989 0.0946 0.223 0.05599 0.05569 0.22531 0.26063 0.10972 0 0 0.08366 0.35965 0.09674 0.16281 0 0 0 0 0 0 0.13446 0.42867 0.10299 0.15794 0.04029 0 0 0 0 0 0.18441 0.50766 0.41625 0.29383 0.20395 0.88317 0.87332 0.26871 0.095 0.47998 0.58022 0.55736
-9999 -9999 -9999 -9999 -9999 -9999 -9999 -9999 -9999 -9999 -9999 -9999 -9999 -9999 -9999 -9999 -9999 -9999 -9999 0 -9999 -9999 -9999 -9999 -9999 -9999 0 0 0 0 0.27731 0.095 0.21535 0 0.06339 0.00943 0.04465 0 0 0 0.08102 0.14866 0.01971 0.13182 0.05753 0 0 0 0 0 0 0.13154 0 0 0.06003 0.04036 0 0 0 0.04694 0.38975 0.75952 0.08436 0.15832 0.4344 0.81652 0.76488 0.38347 0.16264 0.81844 0.6811 0.68877
