EnvRasters/GE_High/tal.asc
ncols         270
nrows         223
xllcorner     24099.479091542
yllcorner     21023.840179216
cellsize      1003.8986847201
NODATA_value  -9999
[rows 64 to 95 of 223, columns 144 to 215 of 270]
0.67696 0.48795 0.46907 0.40734 0.35931 0.42198 0.27209 0.30037 0.32411 0.37697 0.1819 0.35806 0.33792 0.24544 0.51544 0.50902 0.0907 0.03735 0.5104 0.18343 0.41349 0.63525 0.76473 0.83437 0.80235 0.69294 0.95098 0.80057 0.48145 0.41163 0.35759 0.81401 0.74071 0.58191 0.68213 0.39545 0.7116 0.21161 0.6651 0.81323 0.4595 0.54461 0.59198 0.61848 0.69006 0.6151 0.51926 0.04683 0 0 0 0 0.15902 0.1531 0.21885 0.09523 0.02475 0.18288 0.07366 0 0 0 0.02726 0.01714 0.08614 0.15016 0.12399 0.1484 0.05857 0 0 0
0.52018 0.84033 0.58059 0.26456 0.02153 0.15436 0.24624 0.11633 0.25839 0.36896 0.26981 0.39519 0.57034 0.80261 0.62893 0.25363 0.05328 0.28469 0.71636 0.54324 0.55368 0.84824 0.8313 0.48192 0.63684 0.56979 0.76204 0.75123 0.82443 0.568 0.63205 0.70512 0.81984 0.81944 0.73887 0.70009 0.63011 0.63019 0.69018 0.7215 0.61087 0.61533 0.40509 0.22082 0.41981 0.84853 0.27427 0.37512 0 0 0.03622 0.3718 0.34163 0.42732 0.3053 0.01733 0.18396 0.07594 0.01993 0.14699 0 0 0.00996 0.07142 0.06985 0.25915 0.24185 0.25509 0.19189 0 0 0
0.37858 0.63454 0.49819 0.24478 0.50492 0.2862 0.14011 0.09323 0.13024 0.23907 0.43294 0.8192 0.76497 0.62289 0.59237 0.20082 0.27834 0.68498 0.74768 0.61755 0.63968 0.73991 0.6827 0.74454 0.62044 0.34863 0.33662 0.60636 0.57354 0.7037 0.70282 0.80184 0.83762 0.88487 0.83237 0.42259 0.90426 0.76318 0.61482 0.65035 0.83861 0.835 0.49953 0.15137 0.53839 0.65846 0.62961 0.64995 0.05991 0.03806 0.21538 0.54587 0.64475 0.3623 0.15374 0.13203 0.42727 0.63676 0.0963 0.14783 0.20023 0 0.14873 0.05121 0.08335 0.28805 0.13363 0.13355 0.2127 0.00996 0 0.19098
0.62545 0.67898 0.0148 0.28414 0.41406 0.04982 0 0.04119 0.44143 0.06897 0.34342 0.85897 0.72986 0.62873 0.64371 0.48765 0.19344 0.26858 0.69808 0.78527 0.91573 0.65484 0.63758 0.83177 0.45332 0.41141 0.65221 0.8336 0.89102 0.51759 0.30496 0.63036 0.67205 0.56365 0.61677 0.49797 0.63078 0.71094 0.52066 0.39887 0.78689 0.65817 0.66356 0.66715 0.5928 0.47095 0.41771 0.12288 0.30287 0.44709 0.06901 0.64775 0.82958 0.62094 0.18347 0.11378 0.44723 0.292 0.06192 0.06231 0.46993 0.18773 0.1192 0.15094 0.16895 0.39327 0.14996 0.01153 0.09595 0.05085 0.11547 0.14404
0.12477 0.55408 0.41554 0.17547 0.10566 0 0.01513 0.17362 0.10056 0.22505 0.26523 0.76855 0.58733 0.16267 0.38465 0.53286 0.67741 0.70615 0.5858 0.84579 0.58825 0.79391 0.86985 0.63388 0.56111 0.63774 0.52518 0.70024 0.69406 0.68313 0.69575 0.8125 0.65987 0.42743 0.56138 0.77192 0.59412 0.7726 0.68838 0.60331 0.43278 0.51634 0.71641 0.87273 0.4527 0.28693 0.45116 0.16309 0.44739 0.57276 0.33447 0.53821 0.60364 0.60942 0.74479 0.59275 0.51384 0.72275 0.22392 0.35119 0.39378 0.27306 0.08518 0.2202 0.51833 0.18897 0.20253 0.07969 0.09492 0.06235 0.03599 0
0.25511 0.4893 0.28792 0.23202 0 0 0.01101 0.08751 0.22303 0.16343 0.38702 0.66791 0.74235 0.55966 0.38139 0.55003 0.62464 0.65006 0.70721 0.62721 0.58341 0.66231 0.59141 0.627 0.85915 0.58598 0.46488 0.68926 0.72244 0.7685 0.9034 0.81991 0.77823 0.57966 0.71933 0.91027 0.77725 0.31233 0.54698 0.5903 0.807 0.60621 0.69513 0.65926 0.69584 0.68353 0.24993 0.3284 0.45814 0.40889 0.28847 0.57146 0.5184 0.30198 0.62341 0.43809 0.59713 0.91423 0.66732 0.48862 0.43238 0.21136 0.13158 0.24718 0.536 0.10045 0.26373 0.44017 0.07983 0.43135 0.25511 0.13323
0.38127 0.84344 0.19053 0.01207 0 0 0 0.02989 0.33833 0.43343 0.52474 0.79776 0.76072 0.49277 0.20679 0.36857 0.33636 0.46815 0.48733 0.71871 0.53112 0.55862 0.70226 0.74399 0.75737 0.49179 0.5638 0.59357 0.49126 0.34798 0.67939 0.67496 0.61526 0.54051 0.64248 0.81797 0.78741 0.78201 0.28368 0.61744 0.62654 0.65359 0.38919 0.59207 0.39633 0.62021 0.41503 0.1331 0.37579 0.61117 0.62857 0.37876 0.57858 0.34905 0.46639 0.54318 0.12951 0.76105 0.74646 0.49157 0.71409 0.07507 0.3225 0.59773 0.398 0.38253 0.26873 0.6365 0.67855 0.56918 0.37721 0.29438
0.43449 0.6531 0.06944 0.05979 0 0.02412 0.01911 0.21709 0.28403 0.46397 0.47418 0.28333 0.5522 0.69446 0.59809 0.48531 0.39963 0.58751 0.75385 0.78844 0.70252 0.75761 0.37732 0.59259 0.48129 0.68157 0.76849 0.69756 0.64306 0.77135 0.43655 0.68423 0.50259 0.75853 0.51163 0.56843 0.88072 0.78715 0.68041 0.36649 0.50497 0.61766 0.70648 0.59361 0.41092 0.49602 0.7159 0.39559 0.48961 0.49424 0.66748 0.79092 0.37474 0.78103 0.55152 0.2521 0.70059 0.70413 0.85435 0.32123 0.51276 0.07516 0.19538 0.6023 0.41641 0.76445 0.45169 0.98348 0.98489 0.37195 0.38977 0.07468
0.21854 0.23492 0.17746 0.05434 0 0.0486 0.37643 0.16553 0.04598 0.27593 0.58774 0.4267 0.77852 0.52861 0.82218 0.59308 0.48814 0.82252 0.783 0.89626 0.47858 0.72431 0.58666 0.85606 0.70669 0.63694 0.56769 0.63505 0.87556 0.77508 0.76399 0.46719 0.65745 0.45426 0.44471 0.65288 0.64724 0.25589 0.51851 0.17306 0.47163 0.32269 0.67696 0.49384 0.46411 0.48518 0.58113 0.58688 0.39683 0.43374 0.54289 0.6784 0.39715 0.4777 0.92381 0.54415 0.71126 0.56629 0.60404 0.4816 0.10224 0.18076 0.58169 0.60245 0.6975 0.77196 0.69273 0.9578 0.84181 0.58178 0.25975 -9999
0.76024 0.33607 0.01277 0 0.32084 0.23611 0.08616 0.66949 0.41135 0.47788 0.1743 0.43084 0.86768 0.50648 0.48078 0.71358 0.57132 0.59904 0.7379 0.74787 0.78569 0.65461 0.54462 0.78339 0.63886 0.49847 0.66147 0.6975 0.79586 0.60022 0.63821 0.66284 0.60886 0.73222 0.80438 0.72226 0.40485 0.74029 0.84979 0.78795 0.62404 0.48956 0.54831 0.82834 0.71682 0.91952 0.82197 0.6108 0.33175 0.20719 0.2868 0.62073 0.49966 0.47602 0.79551 0.40248 0.81562 0.81669 0.68304 0.06473 0.08003 0.63547 0.697 0.54491 0.72303 0.75087 0.65207 0.99624 0.58962 0.73166 0.37739 -9999
0.5434 0.31692 0.04002 0 0.01148 0.41671 0.32502 0.59178 0.41203 0.72722 0.74524 0.40969 0.63484 0.35423 0.20798 0.29237 0.41224 0.74466 0.83082 0.49398 0.64032 0.5048 0.52007 0.86292 0.75463 0.67025 0.78346 0.57536 0.48696 0.30879 0.64077 0.86544 0.83634 0.6849 0.32354 0.43938 0.22063 0.52779 0.57133 0.61441 0.63335 0.40495 0.75484 0.61734 0.51619 0.68652 0.66661 0.64099 0.41835 0.06941 0.47178 0.70959 0.61171 0.4811 0.72745 0.50202 0.71273 0.58022 0.51755 0.49849 0.43545 0.57027 0.52424 0.90669 0.30998 0.93111 0.79521 0.87427 0.92766 0.41907 0.48135 0.05394
0.51403 0.15864 0.06748 0 0.04992 0.44357 0.32597 0.70007 0.33903 0.71383 0.64707 0.59927 0.85073 0.53114 0.18288 0.37242 0.36761 0.70713 0.86984 0.54387 0.48262 0.77044 0.81547 0.89269 0.7031 0.54992 0.85806 0.45335 0.48985 0.45404 0.85651 0.81598 0.50328 0.30087 0.4494 0.5123 0.49803 0.55089 0.48405 0.45704 0.24713 0.67217 0.50943 0.28555 0.51199 0.65372 0.752 0.93065 0.39842 0.53913 0.49899 0.75421 0.61124 0.72407 0.6941 0.63718 0.73136 0.53606 0.59349 0.54212 0.45195 0.26196 0.67915 0.7094 0.42864 0.86325 0.59983 0.46182 0.84299 0.7462 0.52719 0.27003
0.26007 0.05391 0.09996 0.15078 0.37638 0.25074 0.17105 0.64821 0.51404 0.66931 0.78575 0.85775 0.48678 0.43911 0.71174 0.98007 0.74264 0.51674 0.7361 0.97097 0.44706 0.64404 0.66868 0.85181 0.69141 0.58174 0.95676 0.83954 0.76569 0.75597 0.7596 0.82906 0.71143 0.5927 0.62463 0.65643 0.97919 0.44865 0 0.11281 0.10606 0.61723 0.64858 0.44525 0.75203 0.77978 0.71581 0.842 0.64612 0.8776 0.74242 0.6842 0.80648 0.67165 0.78633 0.63426 0.61313 0.59142 0.59698 0.83967 0.85501 0.54825 0.42398 0.79691 0.99384 0.9987 0.93858 0.91066 0.95685 0.72616 0.86615 0.46113
0.3877 0.10061 0.38057 0.23974 0.1345 0.53026 0.11759 0.1067 0.64886 0.66411 0.73258 0.69737 0.5766 0.97293 0.6436 0.77327 0.88883 0.34635 0.55 0.4923 0.28937 0.0359 0.16602 0.87286 0.727 0.77858 0.62573 0.51127 0.73265 0.87371 0.97753 0.75124 0.68857 0.46467 0.78704 0.37391 0.57926 0.36975 0 0 0.06085 0.3649 0.49798 0.86569 0.85077 0.59342 0.52227 0.56666 0.81676 0.55874 0.63408 0.46694 0.74896 0.8142 0.65247 0.76429 0.82124 0.71563 0.55067 0.71843 0.55756 0.63191 0.87561 0.47376 0.93292 0.80313 0.63392 0.41337 0.53488 0.84275 0.99024 0.9696
0.29796 0.08191 0.01024 0 0 0.01549 0 0.12606 0.94099 0.85112 0.61025 0.62927 1 0.94263 0.54231 0.84474 0.80883 0.8457 0.88401 0.70951 0.02989 0 0.06233 0.16735 0.65409 0.72431 0.66756 0.75139 0.99333 0.85025 0.56349 0.6456 0.42833 0.17206 0.46137 0.88968 0.67004 0.52452 0.10872 0.17273 0.59123 0.22751 0.6617 0.79033 0.55572 0.44086 0.34505 0.54875 0.7017 0.20961 0.30587 0.7312 0.86123 0.4456 0.64431 0.62445 0.75033 0.74124 0.13724 0.57439 0.56998 0.48733 0.80912 0.70669 0.80045 0.78944 0.59864 0.9882 0.69275 0.88755 0.70074 1
0.32174 0.00023 0.01993 0 0 0.02045 0.56776 0.86638 0.95176 0.78159 0.96882 0.82876 0.96351 0.83149 0.78251 0.68722 0.64197 0.77965 0.58612 0.90887 0.35007 0.06202 0.10797 0.42575 0.47672 0.87052 0.81256 0.84918 0.53616 0.60433 0.85592 0.919 0.7307 0.77327 0.96019 0.87844 0.70381 0.93437 0.49695 0.61636 0.37635 0.4832 0.94826 0.92481 0.97288 0.81831 0.9524 0.68282 0.6833 0.69556 0.47966 0.65818 0.86903 0.79706 0.8913 0.5914 0.75272 0.44243 0.2953 0.72066 0.73031 0.7214 0.70394 0.7202 0.72723 0.88054 0.89882 0.72368 0.48157 0.39223 0.45231 0.89563
0.25974 0.08925 0.12991 0.28721 0.10603 0.28888 0.81836 0.62826 0.88488 0.96818 0.98767 1 0.99004 0.69416 0.36752 0.95085 0.84899 0.97981 0.87829 0.64549 0.69688 0.13906 0.9089 0.67044 0.79717 1 0.88782 0.7892 0.75553 0.65094 0.92549 0.9394 0.96069 0.99092 0.75859 0.49062 0.99053 0.95685 0.44956 0.45798 0.47689 0.77964 0.84888 0.9479 0.75713 0.58068 0.96769 0.82829 0.70017 0.79234 0.78769 0.93325 0.71195 0.58635 0.71753 0.50943 0.80265 0.20266 0.07379 0.0822 0.4253 0.51036 0.08953 0.5398 0.65383 0.61206 0.94258 0.44174 0.87028 0.89015 0.5377 0.07692
0.49802 0.22083 0.66507 0.31418 0.61529 0.11769 0.37847 0.34376 0.60924 0.46537 0.50867 0.83297 0.98715 0.67135 0.603 0.91771 0.77259 0.79567 0.41715 0.54853 0.73429 0.86397 0.7099 0.89336 0.87132 0.75552 0.66169 0.97888 1 0.95434 0.94633 0.56735 0.99959 0.96993 0.51717 0.57521 0.97011 0.84907 0.29076 0.73204 0.40867 0.9074 0.80712 0.69828 0.73674 0.64502 0.74587 0.88392 0.73996 0.51558 0.77496 0.67283 0.99409 0.94332 0.56338 0.77737 0.60909 0.08583 0 0.20446 0.50092 0.27339 0.37892 0.9672 0.86962 0.91215 0.98007 0.85009 0.94605 1 0.84442 0.69162
0.45815 0.05482 0.84045 0.88903 0.9001 0.64391 0.70726 0.43453 0.80469 0.86803 0.76566 0.7968 0.99292 0.63167 0.79578 0.88974 0.70059 0.56755 0.15429 0.55689 0.68415 0.77487 0.4351 0.83962 0.80629 0.63484 0.82716 0.61976 0.59888 0.94307 0.89021 0.79899 0.67145 0.98007 0.86964 0.67316 0.96106 0.95139 0.53215 0.96765 0.93872 1 0.96695 0.51575 0.35032 0.46848 0.7836 0.79504 0.70019 0.82302 0.48328 0.68559 0.93417 0.99214 0.68301 0.9962 0.50469 0.31602 0.19658 0.18456 0.7378 0.60751 0.33095 0.73205 0.92992 0.88726 0.97026 0.95918 0.95699 0.5903 0.36539 0.7088
0.44711 0.06282 0.50859 0.75934 0.55468 0.71699 0.96943 0.70378 0.75597 0.5264 0.3643 0.64698 0.73119 0.94596 0.94021 0.94021 1 0.57618 0.43127 0.88193 0.79647 0.84841 0.80814 0.96769 0.69512 0.29633 0.955 0.95546 0.62668 0.87517 0.88097 0.32867 0.48109 0.99004 0.99004 0.87997 0.98007 0.99191 0.75887 0.9655 0.60788 0.81349 0.96147 0.64024 0.45686 0.78727 0.67326 0.55761 0.69424 0.6316 0.89494 0.71855 0.49316 0.90415 0.91162 0.99649 0.55095 0.89039 0.9247 0.81683 0.80674 0.68698 0.75356 0.63281 0.84317 0.78384 0.73011 0.40425 0.20033 0.63566 0.89589 0.40906
0.39195 0.39663 0.26032 0.57302 0.74676 0.50904 0.92069 0.98072 0.54827 0.43276 0.47118 0.98133 0.87709 1 1 0.9259 0.69781 0.60186 0.99328 1 1 0.99004 0.77094 0.99004 0.52077 0.81697 1 0.99004 0.87314 0.61408 0.16473 0 0.55976 0.99004 0.78809 0.46858 0.9066 0.91054 0.63488 0.99948 0.7436 0.83368 0.94884 0.87948 0.4973 0.81931 0.3894 0.58738 0.98007 0.87143 1 0.97298 0.96014 0.99004 0.97589 0.94492 0.69741 0.56295 0.88639 0.89552 0.26026 0.95922 0.95672 0.49328 0.19694 0.50608 0.45691 0.5616 0.58549 0.87411 0.92329 0.10445
0.45404 0.71644 0.29004 0.34505 0.4892 0.83316 0.28403 0.80828 0.79566 0.48715 0.93821 0.79937 0.62768 0.72834 0.79834 0.61222 0.66198 0.73629 0.8995 0.99502 0.96536 0.88517 0.90336 0.62113 0.27395 0.98233 1 0.79292 0.88108 0.98009 0.70269 0.25407 0.83041 0.91893 0.69345 0.38946 0.89969 0.99004 0.55896 0.95294 0.79465 0.95649 0.81432 0.7495 0.42192 0.79922 0.72904 0.81912 0.8341 0.936 0.96986 0.9432 0.93176 0.91584 0.67629 0.64609 0.92516 0.90842 0.9925 0.86254 0.80937 0.97568 0.98362 0.86483 0.82431 0.95818 0.74644 0.9952 0.40223 0.57887 0.85831 0.54071
0.41899 0.33329 0.25177 0.23643 0.16025 0.54153 0.40245 0.61369 0.55251 0.56822 0.90237 0.84879 0.77394 0.78768 0.86284 0.8801 0.93993 0.68349 0.64212 0.98505 0.90946 0.77354 0.64707 0.50815 0.71961 0.44719 0.78288 0.72159 0.80723 0.96012 0.83808 0.73424 0.83819 0.90912 0.69658 0.80978 0.90302 0.96 0.84719 0.92991 0.43311 0.91232 0.88133 0.45501 0.77815 0.96428 0.81079 0.97605 0.86227 0.88534 0.48279 0.62905 0.59442 0.85056 0.76978 0.86524 0.99004 0.99507 0.97011 0.99449 0.88816 0.66305 0.74995 0.68012 0.86698 0.5316 0.72367 0.8617 0.90636 0.73029 0.15025 0.56138
0.10257 0.68239 0.33251 0.15413 0.39638 0.4324 0.6914 0.65556 0.62514 0.63465 0.88008 0.93793 0.98526 0.55337 0.7785 0.5754 0.2305 0.44709 0.97275 0.6532 0.53022 0.90314 0.93606 0.45877 0.90492 0.8583 0.54211 0.93176 0.9702 0.99888 0.46376 0.83809 0.62518 0.87981 0.69082 0.57967 0.89408 0.99017 0.90337 0.87397 0.54182 0.91418 0.76843 0.57539 0.93104 0.94057 0.99004 0.96896 0.94397 0.73537 0.14437 0.72344 0.92922 0.80934 0.95726 0.91578 0.94021 1 0.80795 0.92972 0.90709 0.76058 0.40189 0.92843 0.88541 0.60343 0.34232 1 0.9582 0.4923 0.52456 0.96344
0.18962 0.83719 0.10156 0.2232 0.14048 0.39898 0.49843 0.78066 0.87226 0.95018 0.79253 0.93397 0.96014 0.74834 0.74133 0.72245 0.36919 0.38834 0.78032 0.99878 0.86587 0.9148 0.93989 0.82655 1 0.62517 0.75996 0.49816 0.5981 0.89521 0.80904 0.70788 0.69761 0.77211 0.85541 0.66255 0.7871 0.96689 0.84574 0.84886 0.78379 0.91566 0.7555 0.9386 0.79294 0.62679 0.7382 0.83796 0.61276 0.74119 0.6852 0.99739 0.84672 0.47935 0.92382 0.98277 1 1 0.43004 0.90647 1 1 0.71865 0.4385 0.80376 0.87269 0.56021 0.9 0.4933 0.09429 0.3604 0.39477
0.21064 0.57277 0.27694 0.57209 0.18535 0.36597 0.82838 0.68517 0.965 1 0.62756 0.87847 1 0.8264 0.62138 0.67263 0.78251 0.64879 0.82106 0.98656 0.89002 0.71684 0.68434 0.95223 0.94729 0.42702 0.95966 0.68938 0.63699 0.94832 0.97011 0.87618 0.82336 0.8884 0.93888 0.96535 0.76441 0.89818 0.54789 0.52179 0.35829 0.53028 0.62561 0.44033 0.45592 0.61085 0.62475 0.82564 0.85197 0.90317 0.97444 1 0.83629 0.59292 0.60146 0.823 0.55967 0.57598 0.84943 0.611 0.58855 0.98843 0.75111 0.76229 0.84363 0.76447 0.68246 0.85503 0.955 0.12316 0.56518 0
0.17078 0.20202 0.1818 0.80728 0.28602 0.21024 0.57251 0.40232 0.99471 1 0.91927 0.80754 0.40015 0.4056 0.72024 0.70473 0.87746 0.97128 0.73267 0.91142 0.70796 0.64191 0.84742 0.93437 0.72491 0.54145 0.99009 0.98308 0.62017 0.8673 0.81173 0.52459 0.78875 0.87779 0.54474 0.83785 0.86305 0.60424 0.80765 0.85481 0.3957 0.43948 0.60353 0.01656 0.0736 0.61405 0.96515 0.52494 0.98785 0.55166 0.60909 0.89194 0.88651 0.65293 0.38025 0.92602 0.68491 0.81869 0.99489 0.85301 0.85626 1 0.82602 0.76528 0.90699 0.28052 0.26234 0.34769 0.2977 0.04156 0.33882 0.03589
0.13589 0.61251 0.45672 0.45032 0.04435 0.42663 0.70316 0.81045 0.96189 0.97011 0.7776 0.53621 0.47111 0.92838 0.71429 0.70706 0.73012 0.71997 0.57019 0.86405 0.50821 0.90917 0.90201 0.88846 0.58808 0.65705 0.8559 0.64157 0.72396 0.85774 0.85926 0.61507 0.82299 0.94173 0.7029 0.97934 0.98007 0.80441 0.96985 0.94004 0.96338 0.96248 0.45904 0.11781 0.54884 0.57365 0.69188 0.69231 0.86797 0.56671 0.97645 0.7117 0.76068 0.85252 0.85848 0.85939 0.92979 0.76384 0.742 0.96514 0.88599 0.95226 0.48732 0.5651 0.36757 0.60689 0.27534 0.19993 0.22845 0.62318 0.06098 0
0.66613 0.45622 0.92949 0.54231 0.0287 0.30605 0.4285 0.96233 0.78874 0.63342 0.98929 0.35189 0.71749 0.98299 0.30221 0.70071 0.91553 0.9914 0.94021 0.97011 0.91121 0.70639 0.2719 0.72186 0.81104 0.92566 0.81571 0.82371 1 0.99264 0.81111 0.54702 0.90729 0.77806 0.79155 0.97413 0.94934 0.7536 0.91886 0.8856 0.71804 0.61242 0.76898 0.92745 1 0.97226 0.96373 0.96224 0.35821 0.52991 1 0.86067 0.53633 0.89534 0.96014 1 0.71883 0.58359 0.24026 0.55413 0.27033 0.24881 0.1337 0.31355 0.01556 0.23843 0.15534 0.16752 0.16831 0.02119 0 0
0.7463 0.66044 0.97207 0.37917 0.25617 0.42649 0.52519 0.93824 0.91265 0.98573 0.95593 0.79875 0.92613 0.86853 0.69262 0.89103 0.65695 0.93679 0.76775 0.75723 0.9549 0.96014 0.92785 0.99004 0.51328 0.91216 1 0.84903 0.62426 0.72211 0.61207 0.00948 0.68681 0.90016 0.94171 0.97432 0.60125 0.60453 0.58172 0.70498 0.42242 0.73435 0.88167 0.89261 0.91419 0.81153 0.69866 0.97227 0.96525 0.99514 0.97011 0.76232 0.95676 0.91367 0.79493 0.97985 0.89271 0.84927 0.11914 0.32038 0.11146 0.07382 0.0009 0.07907 0.02492 0.08234 0.00996 0.00996 0 0 0 0
0.28399 0.79761 0.59213 0.79332 0.92199 0.70507 0.9585 0.9156 0.98007 1 0.87045 0.57441 0.85241 0.58528 0.98672 1 0.80457 0.91975 0.99088 0.67533 0.49331 0.55736 1 1 0.96801 1 1 0.98321 0.81493 0.53709 0.62973 0.64862 0.55827 0.88733 0.58373 0.9138 0.60115 0.60903 0.51151 0.85377 0.79234 0.97952 0.77133 0.77819 0.71058 0.90977 0.90241 0.61362 0.7017 1 0.94254 0.88651 0.74311 0.72826 0.67485 0.76965 0.49865 0.70169 0.36594 0.64082 0.12407 0.0605 0.01158 0.01228 0.1789 0 0.01368 0.03614 0 0 0 0
0.78117 0.9757 0.83495 0.90803 0.88281 0.89587 0.87062 1 0.99177 0.97034 0.30417 0.70933 0.80507 0.78253 0.94202 0.75197 0.48084 0.9361 0.72514 0.81133 0.7502 0.77914 1 0.9805 0.60887 0.7901 0.90248 1 0.98574 0.99004 0.84794 0.95018 0.6145 0.94354 0.58814 0.62206 0.99521 0.99482 0.96119 0.63255 0.90869 0.95767 0.79545 0.60489 0.7166 0.95244 1 0.92015 0.60918 0.99845 0.75799 0.75111 0.95199 0.77615 0.76389 0.70484 0.38388 0.24106 0.44338 0.24113 0.07782 0.01145 0.01993 0 0 0 0 0 0 0.00996 0 0.3052
