EnvRasters/GE_High/unreg.asc
ncols         270
nrows         223
xllcorner     24099.479091542
yllcorner     21023.840179216
cellsize      1003.8986847201
NODATA_value  -9999
[rows 112 to 139 of 223, columns 64 to 127 of 270]
0.04561628 0 -9999 -9999 -9999 0.009964978 0.009500191 0 0 0.05035374 0.08700386 0.1106847 0.07027366 0.06670715 0.02171923 0.04982489 0.05978987 0.07823758 0.103883 0.06554286 0.22313 0.05271434 0 0.07052935 0.005147483 0 0.005349452 0 0.08280659 0.074952 0.04573625 0.08630053 0.03985991 0.09870856 0.07054348 0.04699416 0.1420974 0.01951116 0 0.1934598 0.04053851 0.01570723 0.03900563 0.1114835 0.1494629 0.1197839 0.1179013 0.1701146 0.292136 0.02452674 0.01890351 0.117869 0.1453215 0.1593909 0.04042691 0.1176345 0.1059415 0.1164754 0.09526377 0.1077524 0.003675281 0.08021565 0.1213952 0.1605595
-9999 -9999 -9999 -9999 -9999 -9999 -9999 -9999 0.006810213 0.0998091 0.1744256 0.1827269 0.1422607 0.136685 0.08976763 0.05813547 0.0466421 0.06848378 0.2883613 0.1030044 0.07645453 0.03586936 0.1017833 0.04576657 0.09129369 0.1717798 0.03042084 0.1620671 0.1367986 0.2460444 0.06020487 0.01793043 0.06971852 0.07634806 0.01370462 0.06975485 0.04129338 0.1032494 0.05497975 0.09005071 0.05199579 0.05978987 0.0710129 0.09483204 0.0932698 0.03241021 0.04015455 0.05967754 0 0.03985991 0.07054736 0.1300338 0.2440432 0.07411949 0.1111027 0.1192435 0.3007199 0.1362701 0.07921009 0.006564722 0.009964978 0.08755007 0.08478368 0.1580813
-9999 -9999 -9999 -9999 -9999 -9999 -9999 -9999 -9999 0.0574748 0.09990206 0.1106106 0.1552893 0.09591623 0.1897155 0.1815712 0.2105302 0.143151 0.3202264 0.2115785 0.05523522 0.0711692 0.05403593 0.1533688 0.2588116 0.1926825 0.2837232 0.1964713 0.1112446 0.1661872 0.04015654 0.1137833 0.09233073 0.2308385 0.1193199 0.06429829 0.01535555 0.05198952 0.04105837 0.0677625 0.2505091 0.05426052 0.1102438 0.07372417 0.1046142 0.05120055 0.1873414 0.08144964 0.01202458 0.009265605 0.05978987 0.03097905 0.09811764 0.04712737 0.02150393 0.05892865 0.108191 0.01035396 0.07221577 0.01090431 0.1295447 0.1040665 0.178656 0.1264056
-9999 -9999 -9999 -9999 -9999 -9999 -9999 -9999 -9999 0 0.02989493 0.03472203 0.03406983 0.009960717 0.3037961 0.1303505 0.2070068 0.2809893 0.1804775 0.09674299 0.05289022 0.1973516 0.207843 0.2836864 0.2216203 0.2214027 0.3301215 0.313662 0.2561302 0.2235691 0.2488858 0.06466643 0.0797522 0.1075452 0.03508567 0.07104697 0.03738434 0.1014446 0.03700787 0.06483486 0.2498112 0.09532835 0.1040142 0.1320175 0.01188678 0.05909895 0.08069139 0.09875609 0.03953497 0.1008534 0.05986823 0.009886618 0.01149712 0.05325352 0.05606374 0.03950576 0.1794419 0.1746647 0.05759929 0.08717183 0.1327184 0.1450136 0.1226756 0.05722462
-9999 -9999 -9999 -9999 -9999 -9999 -9999 -9999 -9999 -9999 -9999 0.009438775 0.0009629929 0.1362042 0.2189449 0.1232154 0.1180877 0.1384008 0.1746824 0.1090872 0.2594718 0.3888834 0.06106184 0.07307586 0.1124403 0.1615565 0.2040027 0.1068933 0.196076 0.06766263 0.2222622 0 0.003817575 0.07971983 0.1387728 0.03329642 0.01403513 0.05103987 0.06386022 0 0.09149853 0.1195797 0.1706198 0.2024009 0.02864179 0.1009233 0.09930962 0.1697521 0.1106362 0.07933829 0.1294162 0.07930315 0.009964978 0.06821147 0.07154723 0.02206627 0.0521694 0.1221789 0.01286831 0.09369367 0.07908169 0.1132739 0.01006995 0.2101298
-9999 -9999 -9999 -9999 -9999 -9999 -9999 -9999 -9999 -9999 0 0.1576754 0.09682713 0.155986 0.1612113 0.0584638 0.1397218 0.03781869 0.05978987 0.1449329 0.1764191 0.0985701 0 0.05845613 0.1581754 0.04863806 0.009964978 0.04294455 0.173185 0.1678386 0.1159024 0.03051498 0.2303479 0.06057023 0.1255085 0.04402058 0.01927343 0.07320839 0.02386685 0.1148731 0.03881598 0.08185309 0.2218102 0.06692617 0.1368013 0.1345432 0.03950354 0.04956515 0.06005196 0.04078668 0.009964978 0.0928107 0.1529328 0.1842378 0.2012058 0.0143881 0.09074938 0.0980397 0.03411539 0.09656294 0.1080358 0.1043712 0.1123752 0.1362662
-9999 -9999 -9999 -9999 -9999 -9999 -9999 -9999 -9999 -9999 -9999 0.04006105 0.1798342 0.1224105 0.1294063 0.09039592 0.1115622 0.1249226 0.09586573 0.1115433 0.2156996 0.09219884 0.02317282 0.01930261 0.1799913 0.005784164 0.1505315 0.083972 0.03001944 0.05464617 0.1543163 0.0753873 0.1298971 0.1046903 0.09304873 0.09638434 0.02393065 0.03489156 0.05044718 0.002584645 0 0.03148922 0.0126591 0.02989493 0 0.1513168 0.06975485 0.02990667 0.05972047 0.02081207 0.1083231 0.07865966 0.0635493 0.2015724 0.082546 0.1002677 0.1115031 0.1469051 0.07751006 0.174169 0.1513869 0.1401301 0.06536601 0.04982489
-9999 -9999 -9999 -9999 -9999 -9999 -9999 -9999 -9999 -9999 -9999 0 0.1284639 0.07129927 0.1510191 0.1418513 0.1232213 0.1326002 0.09153516 0.06176521 0.2048854 0.2020279 0.07924831 0.105637 0.1744015 0.08980931 0.1241713 0.02417089 0.03561336 0.07440317 0.05643922 0.1361824 0.08017468 0.08790357 0.107346 0.0939635 0 0.02246981 0.06217871 0.03765767 0.05403219 0.126487 0.1311531 0.01992996 0.0209461 0.05794773 0.08060825 0.0403301 0.05952586 0.0303045 0.1015513 0.1903736 0.12814 0.08782671 0 0.1315157 0.03994369 0.1073926 0.1867525 0.1371983 0.1432966 0.1856145 0.03239341 0.08560023
-9999 -9999 -9999 -9999 -9999 -9999 -9999 -9999 -9999 -9999 -9999 0.009466805 0.1292774 0.01011849 0.009964978 0.009964978 0.03309544 0.06926197 0.05136875 0.03017324 0.2146372 0.0651636 0.0366828 0.03985991 0.08931516 0.1078881 0.07968818 0.2570125 0.07220542 0.04545716 0.1241671 0.08920559 0.02847837 0.1161445 0.09334867 0.006632697 0 0.03985991 0.009964978 0 0.02788988 0.009964978 0.0583257 0.04850562 0.07005799 0.03054112 0.1186913 0.1093509 0.1206573 0.05005115 0.1483938 0.2011284 0.07126226 0.1125496 0.1262308 0.05783365 0.02302568 0.07658684 0.1842755 0.09479385 0.04552622 0.1135793 0.077706 0.00408458
-9999 -9999 -9999 -9999 -9999 -9999 -9999 -9999 -9999 -9999 -9999 0 0.01192332 0.08968481 0.009964978 0.009964978 0.009964978 0.1096148 0.125891 0.1175261 0.126944 0.1546872 0.08624582 0.1096282 0.07383484 0.04438997 0.04420811 0.01664721 0.1197772 0.1765545 0.04655482 0.09289721 0.06386561 0.0435657 0 0.06690783 0.1200402 0.002386552 0 0.04221806 0.01206289 0.001863693 0.0790235 0.0007687843 0.04947462 0.05041784 0.07047539 0.08285091 0.1966532 0.1318392 0.09733303 0.1398836 0.07901958 0.2484739 0.08402146 0.1545891 0.06338575 0.08600509 0.05483049 0.1583305 0.1630291 0.1625573 0.04526323 0
-9999 -9999 -9999 -9999 -9999 -9999 -9999 -9999 -9999 -9999 -9999 0 0.06975485 0.02989493 0.009964978 0.0211824 0.1069647 0.109841 0.08574119 0.0102196 0.09043397 0.07476699 0.199372 0.2064892 0.1569075 0.1575027 0.06567372 0.100486 0.1273507 0.1931487 0.08802178 0.02801985 0.1727029 0.05160279 0.0453262 0.009964978 0.03985991 0 0.009964978 0.01757181 0.007867069 0.0415302 0.141232 0.009964978 0 0.1327815 0.1489326 0.1326327 0.1174745 0.2302917 0.1634433 0.1854276 0.04869163 0.2034404 0.1138609 0.1107732 0.2440327 0.1399035 0.1304695 0.03837192 0.06957874 0.1847552 0.01518477 0.03191003
-9999 -9999 -9999 -9999 -9999 -9999 -9999 -9999 -9999 -9999 -9999 0.01112818 0.1388286 0.2355507 0.07761248 0.01761496 0.02112167 0.1799366 0.04406802 0.08954948 0.1452771 0.07714247 0.1354759 0.0076239 0.01290551 0.1063969 0.1498254 0.1096772 0.1092531 0.08850336 0.1102016 0.09527361 0.05334272 0.01923692 0.1729521 0.02989493 0.01992996 0.04982489 0 0 0.004303459 0.1076408 0.1500681 0 0.03043745 0.1151599 0.06086072 0.1691858 0.1098749 0.1311712 0.109133 0.04898594 0.1214109 0.05025934 0.1631736 0.1191036 0.1379076 0.04635986 0.1029843 0.0860528 0.1108113 0.07576516 0.04653284 0.05464145
-9999 -9999 -9999 -9999 -9999 -9999 -9999 -9999 -9999 -9999 -9999 0.04971654 0.03059355 0.1907117 0.1435344 0.1658575 0.00615174 0.1695784 0.09286963 0.02306351 0.1813579 0.1755394 0.09860335 0.2201347 0 0.0239567 0.04447538 0.1448759 0.1594355 0.03985991 0.03340395 0.01193444 0.007089794 0.1022325 0.002518809 0.01992996 0.09125303 0.08993708 0.001431623 0.009089961 0.1345253 0.06331713 0.1063902 0.05106124 0.009964978 0.01005008 0.03970678 0.08420137 0.1083673 0.08229176 0.1336314 0.04235512 0.02208047 0.05978987 0.09964979 0.04331163 0.04228384 0.04315729 0.08313707 0.02430558 0.04982489 0.05801026 0.08105098 0.07936109
-9999 -9999 -9999 -9999 -9999 -9999 -9999 -9999 -9999 -9999 0.01992996 0.1598793 0.009414217 0.07918385 0.04368114 0.09979235 0.1345401 0.04436127 0.00728394 0.02989493 0.06876814 0.1258206 0.1995708 0.2788242 0 0.03637452 0.09925334 0.05560125 0.03027733 0.0600942 0.1643642 0.0133187 0.06854699 0 0.009964978 0 0.01667782 0.1195797 0.01837801 0.001551943 0 0.02596705 0.03985991 0.01987229 0 0.01227622 0.03611911 0.1304644 0.01799325 0.04223635 0.08015428 0.2449213 0.04982489 0.008761374 0.1221961 0.005988832 0.001900634 0.02994136 0.1498781 0.03453634 0.04672153 0.1649452 0.1994101 0.2081709
-9999 -9999 -9999 -9999 -9999 -9999 -9999 -9999 -9999 -9999 0.009964978 0.02989493 0.0005507611 0.1604997 0.02887012 0.09990114 0.1301093 0.009964978 0.05978987 0.1279528 0.07708641 0.1213201 0.1474738 0.1719532 0 0.2104692 0.06414875 0.06956053 0.04982489 0.0151837 0.1069484 0.04746946 0.04106778 0.05179613 0.02200636 0.003683301 0.01338804 0.009964978 0 0 0 0.04982489 0.009964978 0.08078517 0.118743 0.009964978 0.05178281 0.03789638 0 0.009964978 0 0.1036507 0.1163344 0.09256822 0.2405012 0.04860771 0.005294144 0.02222657 0.05240777 0 0.003103362 0.1253157 0.230377 0.1543517
-9999 -9999 -9999 -9999 -9999 -9999 -9999 -9999 -9999 -9999 -9999 0.009845386 0.024824 0.1752605 0.01322629 0.08087007 0.05137936 0.04522064 0.1210662 0.1651981 0.1735737 0.1207846 0.06807843 0.09994796 0.04952672 0.01992996 0.03578335 0.1697237 0.01371119 0.004746257 0 0.08445888 0.03870765 0.1000406 0.04538646 0.006281677 0.006541918 0 0.01992996 0.0697126 0.01000723 0 0.04982489 0.05824054 0 0.03178274 0.00807717 0.1399288 0.04522727 0.07743156 0.06601571 0.02056665 0.04897438 0.04646068 0.2397185 0.206741 0.03732793 0.04643605 0.07314369 0.1195797 0.01628757 0.05678446 0.1065184 0.2064775
-9999 -9999 -9999 -9999 -9999 -9999 -9999 -9999 -9999 -9999 -9999 0.02004955 0.05405896 0.085315 0.1386558 0.0386104 0.1197616 0.001550916 0.002019349 -9999 -9999 0.004653044 0.03520687 -9999 0.01123614 0.03858875 0.009964978 0.02508894 0.03874454 0.009964978 0.009964978 0.08522078 0.06336204 0.1869147 0.1395097 0.009964978 -9999 0.02989493 0.02989493 0 0.009964978 0.01992996 0.02106093 0.07000713 0.09011926 0.00814728 0.009964978 0.04900157 0.0001588112 0.04646051 0.1532676 0 0.1579216 0.1135569 0.1897858 0.1917252 0.1202902 0.08787164 0.03738444 0.03630356 0.1655858 0.02564807 0.01665359 0.02755027
-9999 -9999 -9999 -9999 -9999 -9999 -9999 -9999 -9999 -9999 -9999 -9999 0.01932998 0.1601652 0.2126655 0.3015856 0.1145136 -9999 -9999 -9999 -9999 -9999 -9999 -9999 -9999 0.009964978 0.009964978 0.06348555 0.1003993 0.1094237 0.05001595 0.01513886 0.01819983 0.001730125 0 -9999 -9999 0 0 0 0.03309478 0.01901728 0 0 0 0 0.009964978 0 0.01977115 0.06975485 0.1731698 0.09584998 0.0705329 0.08911937 0.1794637 0.1255378 0.1606885 0.03326499 0.007179026 0.04773205 0.1774453 0.024046 0.05311534 0.1751147
-9999 -9999 -9999 -9999 -9999 -9999 -9999 -9999 -9999 -9999 -9999 -9999 0.06512257 0.1770312 0.1315524 0.06348059 0.001223844 -9999 -9999 -9999 -9999 -9999 -9999 -9999 -9999 -9999 -9999 0.07986801 0.04285143 0.009964978 -9999 -9999 -9999 -9999 -9999 -9999 -9999 -9999 0.0003820996 0.05054048 0.09253042 0.008844106 0.001677479 0.02018224 0.008035221 0 0.07562249 0.06034648 0.0137834 1.745057e-005 0.1593678 0.03985991 0.0936683 0.1378451 0.1707789 0.2423251 0.1778553 0.1475924 0.06975485 0.02930828 0.2010563 0.09322776 0.07082953 0.1630492
-9999 -9999 -9999 -9999 -9999 -9999 -9999 -9999 -9999 -9999 -9999 -9999 0.01308252 0.0769209 0.04835327 0.06206333 0.009964978 -9999 -9999 -9999 -9999 -9999 -9999 -9999 -9999 -9999 -9999 -9999 -9999 -9999 -9999 -9999 -9999 -9999 -9999 -9999 -9999 -9999 -9999 0.0006655229 0.04404977 0 0.06975485 0.02427657 0.008842993 0.01286773 0.1649295 0.09529805 0.05951218 0.03398335 0.05055713 0.07005918 0.03085844 0.13419 0.02749933 0.1508625 0.1598259 0.1064681 0.1399442 0.02766073 0.02536862 0.1565531 0.1438119 0.1304226
-9999 -9999 -9999 -9999 -9999 -9999 -9999 -9999 -9999 -9999 -9999 -9999 -9999 0 0.2391595 0.2049872 -9999 -9999 -9999 -9999 -9999 -9999 -9999 -9999 -9999 -9999 -9999 -9999 -9999 -9999 -9999 -9999 -9999 -9999 -9999 -9999 -9999 -9999 -9999 -9999 0.009964978 0.009964978 0.01423078 0.1385725 0.1522347 0.05465274 0.08794937 0.1927973 0.0601983 0.07552794 0.1142606 0.05520935 0 0.008719083 0.07334823 0.04975235 0.07439768 0.1022708 0.07751399 0.02249451 0.04323891 0.01690406 0.09964979 0.08651867
-9999 -9999 -9999 -9999 -9999 -9999 -9999 -9999 -9999 -9999 -9999 -9999 -9999 -9999 0.009964978 0 -9999 -9999 -9999 -9999 -9999 -9999 -9999 -9999 -9999 -9999 -9999 -9999 -9999 -9999 -9999 -9999 -9999 -9999 -9999 -9999 -9999 -9999 -9999 -9999 -9999 -9999 0 0.09013312 0.1257086 0.07893144 0.1275157 0.1905131 0.1217152 0 8.888761e-007 0.01518814 0.07449666 0.009964978 0.1219355 0.06244006 0.08535446 0.03076618 0.09059178 0 0.002189873 0.04330485 0.03833557 0.1877259
-9999 -9999 -9999 -9999 -9999 -9999 -9999 -9999 -9999 -9999 -9999 -9999 -9999 -9999 -9999 -9999 -9999 -9999 -9999 -9999 -9999 -9999 -9999 -9999 -9999 -9999 -9999 -9999 -9999 -9999 -9999 -9999 -9999 -9999 -9999 -9999 -9999 -9999 -9999 -9999 -9999 -9999 -9999 0 0.003405167 0.03645475 0.03876631 0.09733187 0.03159744 0.009964978 0.00512703 0.01480293 0.01992996 0.02989493 0 0 0.001690975 0 0.08948731 0.07213216 0 0 0.01874393 0.1165219
-9999 -9999 -9999 -9999 -9999 -9999 -9999 -9999 -9999 -9999 -9999 -9999 -9999 -9999 -9999 -9999 -9999 -9999 -9999 -9999 -9999 -9999 -9999 -9999 -9999 -9999 -9999 -9999 -9999 -9999 -9999 -9999 -9999 -9999 -9999 -9999 -9999 -9999 -9999 -9999 -9999 -9999 -9999 0 0.001602842 0.01385664 0.006073317 0.02989493 0.1290441 0.01992996 0.009964978 0.01992996 0 0.06743278 0 0 0 0.1271754 0.03246685 0.02989493 0 0 0 0.07314301
-9999 -9999 -9999 -9999 -9999 -9999 -9999 -9999 -9999 -9999 -9999 -9999 -9999 -9999 -9999 -9999 -9999 -9999 -9999 -9999 -9999 -9999 -9999 -9999 -9999 -9999 -9999 -9999 -9999 -9999 -9999 -9999 -9999 -9999 -9999 -9999 -9999 -9999 -9999 -9999 -9999 -9999 -9999 0 0.008362136 0.1010648 0 0.009964978 0.078518 0.009964978 0.01046267 0.02989493 0.0686911 0.002322069 0.07971983 0.08694102 0.07249863 0.06746358 0.01416666 0.01992996 0 0.03705907 0 0.04982489
-9999 -9999 -9999 -9999 -9999 -9999 -9999 -9999 -9999 -9999 -9999 -9999 -9999 -9999 -9999 -9999 -9999 -9999 -9999 -9999 -9999 -9999 -9999 -9999 -9999 -9999 -9999 -9999 -9999 -9999 -9999 -9999 -9999 -9999 -9999 -9999 -9999 -9999 -9999 -9999 -9999 -9999 -9999 -9999 0.01412484 0.1385014 0.1069769 -9999 -9999 0 0.02939724 0.07216612 0.1078591 0.009370558 0.1782508 0.08704662 0.01764664 0.01224829 0 0 0.01992996 0.04266076 0.02989493 0.04961982
-9999 -9999 -9999 -9999 -9999 -9999 -9999 -9999 -9999 -9999 -9999 -9999 -9999 -9999 -9999 -9999 -9999 -9999 -9999 -9999 -9999 -9999 -9999 -9999 -9999 -9999 -9999 -9999 -9999 -9999 -9999 -9999 -9999 -9999 -9999 -9999 -9999 -9999 -9999 -9999 -9999 -9999 -9999 -9999 0.02989493 0.08971251 0.09247082 -9999 -9999 -9999 0.0621869 0.1266045 0.08040937 0.0105594 0.01996631 0.1133354 0.1044741 0.09344469 0.02989493 0.01992996 0 0.02989493 0.01992996 0.01992996
-9999 -9999 -9999 -9999 -9999 -9999 -9999 -9999 -9999 -9999 -9999 -9999 -9999 -9999 -9999 -9999 -9999 -9999 -9999 -9999 -9999 -9999 -9999 -9999 -9999 -9999 -9999 -9999 -9999 -9999 -9999 -9999 -9999 -9999 -9999 -9999 -9999 -9999 -9999 -9999 -9999 -9999 -9999 -9999 -9999 -9999 -9999 -9999 -9999 0 8.404493e-005 0.08966462 0.0397502 0.09624116 0.002327427 0.0517034 0.04932715 0.03985991 0 0.009271271 0.05575901 0.01992996 0.05702421 0.08339879
