EnvRasters/GE_High/unreg.asc
ncols         270
nrows         223
xllcorner     24099.479091542
yllcorner     21023.840179216
cellsize      1003.8986847201
NODATA_value  -9999
[rows 112 to 139 of 223, columns 192 to 255 of 270]
0.07697104 0.009964978 0.008670438 0.04743134 0.1295447 0.007499812 0.05007717 0.02822719 0.02991534 0.01992996 0.1724483 0.2507586 0.03839648 0.1436645 0.129911 0.2881539 0.02112547 0.06860649 0.0215902 0.009964978 0.07771186 0.02204162 0.005558713 0.04993856 0.112217 0.1191821 0.06760748 0.3897323 0.241134 0.1240467 0.1240852 0.1072667 0.08964537 0.1132984 0.223294 0.07651084 0.124995 0.07868666 0.01992996 0.07152635 0.09614836 0.1065204 0.02487373 0 0 0.02042657 0.3291845 0.3832507 0.295845 0 0 0 0 0 0.05325294 0 0.1712229 0.4373837 0.3433778 0.1782892 0.06119865 0.02848616 0 0
0.009964978 0 0.01327747 0.03452196 0.02456471 0.08505005 0 0.1185522 0.06771033 0.003859441 0.1497895 0.01430096 0 0.1247607 0.1074661 0.07198976 0.01544602 0.1190679 0.08042858 0.05086852 0.06263651 0.05640589 0.1295595 0.0780466 0.08930527 0.05098401 0.1862662 0.01856499 0.08470906 0.2178013 0.2253599 0 0.1728601 0.2926547 0.08212612 0.2122798 0.1081159 0.1220803 0.2632051 0.2925795 0.009469704 0 0.06868361 0.06575574 0 0.01209172 0.1594474 0.2296772 0.1197084 0 0 0 0.01491159 0.03887521 0.5455935 0.05299728 0.2789447 0.4350683 0.3998141 0.140351 0.2634239 0 0 0
0.01992996 0.02499879 0.02495593 0.03477627 0.1193787 0.05999088 0.005399554 0.0410096 0.006112304 0.08240704 0.00142008 0.06551172 0.02083615 0.0598363 0.03488811 0.02291448 0.0216003 0.03985991 0.1078624 0.01878967 0.1172566 0.1159725 0.1149522 0.3601474 0.2575358 0.2182074 0.3379246 0.1412087 0.04245543 0.1282002 0.1119856 0 0.1164889 0.2480023 0.178729 0.3941343 0.02989493 0.145671 0.02608629 0.03985991 0 0 0 0.5020105 0.1748319 0.296949 0.2220378 0.1581446 0.05364264 0 0 0.009964978 0.233507 0.4396875 0.4765222 0.3165554 0.4057468 0.1310353 0.1533487 0.2505663 0.1682466 0 0.004725004 0.01419553
0.02798799 0.170511 0.005696697 0.002083132 0 0 0.08386779 0.009964978 0 0.04345244 0.009964978 0.01420811 0.04891871 0.004737587 0.07472666 0.02524007 0.01327423 0.04905134 0.1072958 0.07716867 0.05732272 0.08771057 0.06222759 0.2239507 0.2245745 0.206587 0.2238016 0.3029478 0.09957439 0.2075459 0.1090637 0.01690528 0.01330987 0.115907 0.1962708 0.252391 0 0.0566335 0.005427357 0 0.009964978 0 0 0.1016851 0.1633693 0.4406887 0.1248049 0.3727798 0.09530656 0 0 0.1525095 0.2207232 0.1899473 0.2742875 0.01937238 0.1900825 0.1927383 0.2483209 0.1377241 0.1212519 0.02547649 0.1381101 0.1587461
0.0341972 0.01011316 0.005514528 0.1195797 0.02524134 0.004653596 0.08876396 0.06370469 0.0863673 0.009964978 0 0.005788681 0.06549905 0.05408069 0.06479783 0.01992996 0.1469037 0.1536167 0.09444424 0.1440532 0.1333913 0.09553966 0.05691027 0.009964978 0.02989493 0.2389895 0.2261359 0.2323486 0 0.03099928 0.1214241 0 0 0.5379823 0.2637773 0.0757155 0 0 0 0 0.0462922 0.05933753 0.009964978 0.06956112 0.1578006 0.1067744 0.2182516 0.1690942 0.03985991 0.03526349 0.1445609 0.2528688 0.06114152 0.2200098 0.09418406 0.156644 0.179666 0.201405 0.1777492 0.1537277 0.2318138 0.206862 0.2464792 0.09489525
0.1672454 0.03078694 0.07960595 0.06473983 0 0 0.1296953 0.03637954 0.02672784 0.02644169 0.01611238 0.1256955 0.01812736 0.007143249 0.014922 0.009964978 0.1207347 0.0560178 0.04387068 0.1521581 0.2630841 0.3323899 0.1009057 0.05978987 0.06460204 0.3036833 0.2508046 0.1279679 0.06616856 0.008860631 0.2010524 0.04622768 0 0.2004133 0.03014384 0.08007283 0 0 0 0.04837326 0.1030959 0.1261394 0.1694046 0.15442 0.1055006 0.002159244 0.03273857 0.01396903 0.1403675 0.2128561 0.1138402 0.2828878 0.2807404 0.1786272 0.1540818 0.04333023 0.238724 0.2030048 0.2246127 0.1018804 0.2971984 0.3443376 0.1665735 0.2675249
0.03688702 0.06860416 0.0500349 0.01792844 0.00788539 0.009964978 0.0126375 0 0 0.003453244 0.06772834 0.1559318 0.003719392 0.1315629 0.1421159 0.05913447 0.08943944 0.01461012 0.03095472 0.3210288 0.1700183 0.1978462 0.05668729 0 0.161123 0.2964457 0.2576132 0.1778483 0 0.01113616 0 0 0 0.2119756 0.05576358 0.03985991 0 0 0.008793991 0.01141661 0.0368477 0.3313288 0.0705558 0.007466764 0 0.03689327 0.04982489 0.08273657 0.2016723 0.05070682 0.1199894 0.3188291 0.2553549 0.1884943 0.07786582 0.04926553 0.05460626 0.1310491 0.1731741 0.1050256 0.1579837 0.3003115 0.2596208 0.1421073
0.1441676 0.05630288 0.04029436 0.05617782 0.02200955 0 0.007333265 0 0.009964978 0 0.003693081 0 0.05559671 0.1630217 0.1016314 0.04982489 0.1252875 0.1193598 0.2488023 0.1889804 0.1790979 0.1456918 0.06301133 0 0.02158642 0.1586179 0.2975877 0.02694431 0 0.03868873 0.05780363 0.006232097 0 0 0.05049836 0.1983028 0 0 0.09585435 0.1813421 0.2770243 0.2217945 0.07005055 0.06834086 0.05112916 0.1125814 0.02676652 0.116563 0.2619679 0.05880528 0.06974186 0.1844217 0.1949979 0.285033 0.1161663 0.2813545 0.3445299 0.05245737 0.1295447 0.07940906 0.09388018 0.1843408 0.3365369 0.1790129
0.02043239 0 0 0.07971983 0.02989493 0 0.06484158 0.08727212 0.004214573 0.03797711 0.104376 0.03843894 0.213829 0.121748 0.02942966 0.01043025 0.02989493 0.1209622 0.02563251 0.1888699 0.1253809 0.146768 0.1639025 0.01393286 0.07229406 0.1502537 0.3717291 0.04656476 0.01378631 0.1039496 0.168368 0.09773432 0.08506279 0.07996073 0.07109382 0.1284399 0 0.1585957 0.3411053 0.146548 0.05875583 0.01248273 0.002139498 0 0.0598363 0.01992996 0.09833865 0.03766707 0.03605542 0.2884403 0.09518443 0.2387922 0.1903325 0.136536 0.07344863 0.03297031 0.2194762 0.2097602 0.09380129 0.2448303 0.3151798 0.1456072 0.2673849 0.1216379
0.009964978 0 0.009964978 0.07971983 0.04772845 0.01536909 0.08120845 0.00302134 0.0107073 0.09964979 0.04208985 0.0923831 0.07090206 0.05876554 0.1157695 0.07496366 0 0.005473958 0.009964978 0.02386885 0.05245829 0.1943347 0.1947165 0.03409632 0.09269959 0.2750326 0.1753989 0.02648415 0 0.01992996 0.06221226 0.1730045 0.08499268 0.08413684 0.1295929 0.1096558 0.03985991 0.0511223 0.08538549 0.09401947 0.001468492 0 0.01591475 0.04705775 0.1143855 0.1540914 0.04200071 0.05431649 0.1358493 0.09333237 0.1068333 0.06975485 0.09917986 0.1062522 0.008318296 0.06896438 0.0283822 0.1745176 0.1233251 0.2634229 0.04130632 0.07407486 0.08405808 0.028277
0.009964978 0.01992996 0.06975485 0 0.009985383 0.05157191 0.120392 0.05501417 0.0962089 0.01992996 0 0.1516702 0.1585149 0.2641776 0.244296 0.1249966 0.06560374 0.1619799 0 0.03592102 0.03180213 0.151693 0.1187334 0.2422482 0.04615534 0.3071311 0.1899023 0 0.05701895 0.06256079 0.001096651 0.09420166 0.1640718 0.03985991 0.01992996 0.06246407 0.1958072 0.009964978 0.03074447 0.1250384 0.05749613 0.09476656 0.2977463 0.08239298 0.09985155 0.2295973 0 0.07002863 0.2439895 0.1684359 0.1863634 0.07336343 0.02183988 0.01179383 0.2113658 0.1422678 0.09798559 0.2044224 0.01364816 0.08285712 0.06813225 0.1926851 0.05247457 0.07621888
0.07481208 0.04375299 0 0 0.06186591 0.0174284 0.0946788 0.04266463 0.07365621 0.0513354 0.04982489 0.1566726 0.09025631 0.08968481 0.009964978 0.05052274 0.09446263 0.01526801 0.03438911 0.06106043 0.01032135 0.3097822 0.1817395 0.07423913 0.1760654 0.219887 0.2186286 0.01585849 0.01625661 0.1991157 0.01883331 0.07623079 0.1465423 0.1461119 0.06140083 0.03001778 0.05052026 0.01992996 0.01912123 0.01023248 0.2556571 0.07159049 0.1351374 0.1195797 0.1495731 0.07250977 0.03700614 0.05006338 0.3432805 0.2467124 0.1060636 0.05128592 0.07184011 0.017937 0.02755057 0.2231712 0.3659713 0.2275408 0.2899074 0.3696056 0.06091099 0.132166 0.07250918 0.03985991
0.09069949 0.009964978 0.009964978 0 0.01802484 0.05978987 0.04559242 0.02906802 0.05851358 0.04019026 0.1099711 0.1480444 0.07441258 0.035663 0.03985991 0.1205118 0.06882279 0 0.02613945 0.09228903 0.08786578 0.01758035 0.178179 0.3213087 0.05503202 0.06600015 0.1377033 0.05604079 0.1581866 0.24265 0.2114932 0.063323 0.03990634 0.01992996 0 0 0 0.02745312 0.0730054 0.0466792 0.1295447 0.05978987 0.01992996 0.02989493 0.2425349 0.1509876 0.003027981 0.01013491 0.1827141 0.1206953 0.1299247 0.06166601 0.2050708 0.2057997 0.1071093 0.06591371 0.06878877 0.2694305 0.270381 0.05373767 0.03644608 0.02013019 0.1913658 0.08125038
0.003650895 0.07971983 0.02989493 0.1013165 0.138254 0.1400923 0.01614454 0.05980893 0.02668434 0.006883158 0.04569406 0.1365545 0.09842656 0.02375732 0.1050756 0.02112227 0.139736 0.05837131 0.005496439 0.05986232 0.02989493 0.1331228 0.2026443 0.3005624 0.01638111 0.05729916 0 0 0.2128828 0.2740654 0.09262895 0.02007814 0.02313835 0 0.00694849 0.02294645 0.04930399 0.08594889 0.2532394 0.2216805 0.07119766 0.1259114 0.1722575 0.07840631 0.05605551 0.1724606 0.04627872 0 0.001192037 0.228179 0.2326882 0.2222419 0.1721644 0.07734077 0.05164886 0 0.003652674 0.217217 0.2076223 0.0742783 0.08193221 0.1679053 0.1283972 0.2477341
0.01913263 0.08659602 0.1079268 0.1761766 0.11601 0.1712523 0.1096148 0.009034962 0.1035519 0.05290671 0.08948283 0.3857971 0.06003349 0.07931038 0.05553831 0.01875571 0.01504686 0.02199116 0.03014721 0.0758475 0.067085 0.04745005 0.190157 0.154215 0.1124586 0.09964979 0 0 0.03774848 0.1896035 0.07735038 0 0 0 0.1267104 0.2273137 0.1305702 0.4871939 0.2583921 0.0528313 0.07971983 0.05069552 0.1477951 0.1216414 0.07229634 0.1269129 0.02256088 0 0 0.02356052 0.01992996 0.04393289 0.04331097 0.02989493 0 0 0 0.3389145 0.3632238 0.1455424 0.2063284 0.2410752 0.09279747 0.09833536
0.06568454 0.05089566 0.07795404 0.01183082 0.009964978 0.06191442 0.08179972 0.1271724 0.07049708 0.016593 0.126601 0.3090012 0.1080558 0.118858 0.1265329 0.2306907 0.1677282 0.04429461 0.1765772 0.04158173 0.2217534 0.1943497 0.1917082 0.04836431 0.2547482 0.2189755 0.06388606 0.009640987 0.002859946 0.1072988 0.1168575 0.161811 0 0 0.009964978 0.1095041 0.08764131 0.0727933 0.03056438 0.145265 0.1018848 0 0.03985991 0.01797972 0.04982489 0.107066 0.08125769 0 0.01165147 0.01824346 0.02222096 0 0.05274627 0.02387914 0.03010401 0 0.1123303 0.4656032 0.369838 0.4144798 0.09551164 0.08281656 0.05773926 0.120797
0.06845658 0.02353296 0.0501109 0.08215874 0.08637612 0.05415711 0.3225358 0.1345712 0.1021941 0.04056765 0.1663002 0.08490273 0.1818001 0.09463226 0.1209566 0.05238894 0.0296033 0.07486617 0.2089414 0.2232349 0.2715918 0.2863884 0.1088668 0 0.07561547 0.137402 0.1793417 0.1757201 0.1843732 0.2237211 0.1841272 0.02752362 0 0.0005944965 0.07517023 0.06050262 0.2694028 0.06150344 0.05112166 0.1985928 0.02046935 0.1957752 0.1881364 0.1606053 0.03866268 0.08542193 0.2543983 0.03686309 0 0.002251062 0.106484 0.1620418 0.1818346 0.3226051 0.316438 0.1665593 0.2213817 0.3178298 0.08012537 0.2431546 0.2171549 0.02574925 0.03831134 0.05977498
0.03522268 0.004637234 0.03739878 0.08363759 0.1627282 0.01199667 0.02433166 0.009964978 0.1140168 0.1676988 0.06647871 0.04430925 0.1106858 0.1363918 0.02005446 0.02989493 0.08491497 0.009964978 0.09198067 0.08913869 0.08269098 0.1406361 0.01992996 0 0 0.0142388 0.1874595 0.04437415 0.001189827 0.02063021 0.07892099 0.1045574 0.3050985 0.2679648 0.03714291 0.02185343 0 0.04064875 0 0.0009929719 0.02870855 0.01301535 0.05991693 0.251305 0.06335947 0.009964978 0 0.002996826 0 0 0.09168343 0.3126838 0.4120208 0.2158845 0.0350959 0.1428671 0.1429852 0.350324 0.1926781 0.1937166 0.08880913 0.1183664 0.3101382 0.04953406
0.07154498 0.08404531 0.1265743 0.03436736 0.06470989 0.2144673 0.04008617 0.02033153 0.1126863 0.1263839 0.09073588 0.01254341 0.05721144 0.07379823 0.05821168 0.1536551 0.221636 0.007927345 0.1409582 0.2556676 0.3378281 0.03599295 0.2359871 0.1802692 0 0.005588826 0.200643 0.01836887 0.03925478 0.03945681 0.2250673 0.3170339 0.460159 0.1906194 0.008119574 0.01181038 0 0 0 0 0.1717599 0.2584313 0.2066839 0.1609102 0.08122243 0 0.190788 0.04786465 0.007697992 0 0.2047169 0.2040928 0.1022549 0.1357893 0.03985991 0.004545455 0.02339195 0.08819439 0.2937273 0.1358012 0.1500179 0.1993093 0.04587521 0.02406336
0.03264805 0.009964978 0.06950228 0.1060088 0.2350572 0.1251668 0.1605684 0.03985991 0.09243039 0 0 0.009964978 0 0.01992996 0.1338189 0.1744824 0.001606447 0.251057 0.1903439 0.04115548 0.1144718 0.08143836 0.1331175 0 0 0.09832356 0.1878887 0.04430625 0.06171518 0.1409164 0.3204725 0.2286623 0.1320618 0.1678267 0.2885545 0.2910001 0.06203926 0 0 0 0.06895979 0.07106058 0.2138168 0.04177497 0 0.005677648 0.2901148 0.191125 0.04971287 0.08999927 0.2635488 0.1002273 0.003674712 0 0.009964978 0.1843575 0.08393216 0.03660523 0.0322424 0.2340814 0.01987229 0.0334631 0.01682461 0
0.09964979 0.06975485 0.01992996 0.02994136 0.07657437 0.01180534 0.09987279 0.1573255 0.01950672 0 0.007796638 0.0581301 0.2381316 0.06202916 0.08456235 0.04792931 0.1188505 0.1151878 0.04617622 0.02989493 0.0497412 0 0 0 0 0 0.1284608 0.343336 0.1327344 0.05438302 0.04526676 0.09397177 0.05566959 0.1477879 0.3954974 0.2105594 0.09901159 0.179721 0.02945201 0 0.1510896 0.01932482 0.02679704 0.01957654 0.01671705 0.02989493 0.2465309 0.2656436 0.09489919 0.08144153 0.09026486 0.05087252 0.04849597 0 0.009964978 0.1450148 0.2447452 0.07608087 0.2141124 0.1794244 0.2338465 0.1632486 0.03086703 0
0.1363707 0.002562568 0.1655881 0.07961483 0.1419067 0.0400847 0.1007464 0.149134 0.1395618 0.01364351 0.005335228 0.1852835 0.1831562 0.1123927 0.0273855 0.2036568 0.1600344 0.2534625 0.1867756 0.1461348 0.2603475 0.009964978 0 0.01572587 0.02413404 0.0987287 0.1931586 0.2233249 0.08957027 0.08914826 0.002456196 0.05978987 0.1152573 0.1216698 0.06772652 0.02989493 0.02989493 0.2391949 0.05051917 0.08889795 0.009964978 0.01870069 0.08991833 0.1533612 0.1078189 0.1913065 0.1479748 0.02674532 0.03722987 0.005418918 0.1230619 0.02254204 0.1794584 0.07624602 0.05487277 0.1796746 0.0688443 0.1765894 0.1476545 0.1644472 0.2694746 0.218886 0.03779316 0
0.07673335 0.1291564 0.16278 0.2709961 0.06119907 0 0.009964978 0.04990153 0.1239077 0.1168004 0.06493996 0.07212406 0.04608823 0.041086 0.03985991 0.03239847 0.09459928 0.2304342 0.2302231 0.1841429 0.06933621 0 0 0 0.1411278 0.1806171 0.08646266 0.03713338 0.1036364 0.1205187 0.002195955 0.00141957 0.1622253 0.2784855 0.04167952 0.09014149 0.04013443 0.07971983 0.03082476 0.09023301 0.04821113 0.05238 0.1423921 0.1099186 0.07673666 0.08333443 0.2513496 0.1148389 0 0 0.01353641 0.1196493 0.5196174 0.1837526 0.15879 0.4109753 0.1980406 0.2302115 0.1404063 0.2866193 0.09209353 0.01634701 0.06898663 0.1085115
0.1446249 0.04120606 0.08973602 0.001102524 0 0 0 0.1268211 0.1418051 0.1816078 0.252327 0.1100752 0.1166016 0.08376785 0.1116959 0.06510177 0.0452035 0.1666622 0.206031 0.05523832 0.1107811 0 0 0.06750691 0.1171324 0.1330421 0.007270229 0.07657685 0.153924 0.1462526 0.0186029 0.08164111 0.06534515 0.12041 0.09143438 0.09105273 0.1095801 0.01992996 0.1288854 0.0220599 0.03793255 0.009964978 0.03985991 0.2218387 0.2971319 0.1940524 0.08481803 0 0.04982489 0 0.03714972 0.1236433 0.1600768 0.143072 0.1120781 0.1662328 0.03985991 0.1489953 0.2839876 0.05233149 0.009964978 0 0.04196635 0.0755812
0.07885517 0.0580881 0.06977548 0.009944341 0 0 0 0 0.005461718 0.1983865 0.1082026 0.03369613 0.05734968 0.08347331 0.01884949 0.05930976 0.03731691 0.09088405 0.08590796 0 0 0 0.04205723 0.2983863 0.3697676 0.05959838 0.02491718 0.1158858 0.1092883 0.01794348 0 0.003154972 0.07116318 0.01992996 0.1003261 0.16752 0.009964978 0.1119582 0.2377152 0.1092266 0.1829014 0.1785404 0.03450475 0.208123 0.2002354 0.05621428 0 0 0.002918757 0.01399544 0.02155945 0.0501032 0.1169838 0.1074083 0.09017206 0.2362862 0.1038122 0.1632906 0.1975529 0.166851 0.06975485 0 0.1497757 0.1804633
0.161047 0.1009589 0.03892463 0 0 0 0.00811692 0.01372615 0.09950722 0.2395706 0.2277204 0.1987217 0.2621711 0.02698884 0.07360958 0.06833103 0.03861756 0.144821 0.1995696 0.0147278 0 0.02989493 0.08259377 0.4455108 0.1858411 0.1039081 0.1637142 0.1795334 0.01209296 0 0.05751601 0.1592067 0.06762031 0.07219611 0.04174303 0.1298728 0.1219029 0.07317623 0.2455411 0.04001044 0.0206556 0.06626572 0.1495092 0.2829123 0.05786465 0.06117725 0 0 0.02152986 0.04708212 0.02517159 0.1048256 0.05072822 0.2221239 0.1486216 0.1157359 0.130198 0.2398655 0.2918628 0.1990868 0.05568191 0.03446875 0.05278782 0.1482781
0.07070029 0.0008193238 0.06871609 0 0 0.01147113 0.03364278 0.04464423 0.06809792 0.04619905 0.251814 0.3526994 0.4382555 0.1028259 0.07507058 0.1475872 0.1437714 0.03939442 0.04982489 0 0.08402201 0.1451725 0.0233504 0.2404652 0.2156277 0.100147 0.200931 0.1627921 0.003709459 0 0.02989493 0.02836211 0.06975485 0.1594542 0.127395 0.07191792 0.4289798 0.3487706 0.2154054 0.02042701 0.0404226 0.1165722 0.1160679 0.04830728 0.01995036 0.01992996 0 0.04270745 0.1924587 0.1663651 0.09481658 0.1642729 0.1549952 0.2002775 0.09997638 0.1911291 0.1979515 0.1592763 0.2347901 0.36123 0.1284174 0.21775 0.09413436 0.1232893
0.01992996 0.01057996 0.347214 0 0.001540133 0.04847812 0.1202292 0.05380373 0.1086533 0.2112695 0.05545803 0.01296372 0.1153463 0.08267418 0.225887 0.1574662 0.08932562 0.03810718 0.02264679 0 0.009964978 0.02989493 0.07891963 0.1549025 0.01992996 0.009964978 0.007110541 0.06700451 0 0 0.0591474 0.03187279 0.0002382528 0.01887118 0.03103898 0.2098155 0.158663 0.300474 0.1004138 0.04689738 0.03139473 0.01351108 0.1005606 0.1527048 0.07127783 0.1722438 0.0500126 0 0.002792786 0.05809573 0.1480352 0.2894194 0.09701224 0.1893815 0.1270575 0.106633 0.1483715 0.1389044 0.09910604 0.1429419 0.2289966 0.3023075 0.1983778 0.03487438
