EnvRasters/GE_High/unreg.asc
ncols         270
nrows         223
xllcorner     24099.479091542
yllcorner     21023.840179216
cellsize      1003.8986847201
NODATA_value  -9999
[rows 84 to 111 of 223, columns 128 to 191 of 270]
0 0 0 0.09042995 0.09660415 0.06940795 0.1717677 0.007780245 0.009964978 0.01839583 0.009964978 0.01889028 0 0.00997719 0.05026665 0.01942522 0 0.05978987 0.06058339 0.08443265 0.1380995 0.1544338 0 0 0.009964978 0 0.01577092 0 0 0 0 0.02580225 0.06700687 0.09142768 0.006720455 0 0 0 0 0 0.1199593 0.03327413 0 0 0.00937558 0.01055438 0.0421466 0.04973476 0.07796007 0 0.002629266 0.07644349 0 0.002253637 0.01767632 0 0.02018086 0.01055038 0 0 0.008160167 0.03445306 0.08896399 0.04112319
0 0 0 0.04039888 0.1926677 0.07789463 0.03985991 0.04982489 0.02181718 0 0.01146185 0.07079271 0.03036975 0.05036909 0.03024674 0 0 0.02134896 0.1108229 0.1744462 0.1662298 0.02445285 0.01992996 0.009964978 0 0 0.004288061 0.03347051 0.1632503 0.1012443 0.05094872 0.09265367 0.1466537 0.06664588 0.03023197 0.004981852 0.009964978 0.04982489 0.007194076 0.01073075 0.06259051 0.003238239 0 0.01278683 0 0 0.05784722 0.06149269 0 0 0.0009741446 0.04181719 0.008487393 0 0.1122993 0.007198822 0.02925559 0 0.009964978 0.04982489 0.02173477 0 0.01349197 0.01357001
0.0421759 0 0 0.006599841 0.05999903 0.1048598 0.02989493 0 0.02622662 0.1008837 0.1909684 0.06144028 0.03195664 0.04950256 0.1298997 0 0.08968481 0.1502927 0.04745088 0.1441319 0.05543706 0.04580915 0.08851936 0.04957235 0.121397 0.03358418 0.03126787 0.06126715 0.05650986 0.05280511 0.04173415 0.01593013 0 0.05981028 0.07938279 0.004983127 0.01217744 0.06213726 0.02892813 0.08269176 0.03862574 0.1067069 0.03392728 0.03669084 0.02027718 0.009964978 0 0.04812207 0 0 0.03888577 0 0.009485291 0 0.01004663 0 0.05046424 0 0.009964978 0.05289518 0.00549502 0 0.009964978 0
0.1519779 0.05905867 0.0870371 0.1229449 0.02310715 0.03330841 0.144089 0.02256401 0.06975485 0.02131081 0.1568742 0.0895955 0.03906637 0.2097431 0.08678551 0.0800106 0.03985991 0.03296562 0.1171587 0.1675404 0.2116584 0.02989493 0.04699508 0.09013758 0.09411918 0.1444125 0.02989493 0.01701752 0 0.1173259 0.08164398 0.1213511 0.07183889 0.08528338 0.007321228 0.105006 0.1966595 0 0.008434438 0.1031865 0 0.003305071 0.1164512 0.0426445 0 0 0.04982489 0.003565325 0.01992996 0 0.009964978 0.01079776 0.009964978 0 0 0 0.04982489 0.009964978 0.01888901 0.01136464 0 0 0 0
0.09399582 0.01992996 0.06394662 0.06987701 0.257921 0.1612847 0.08165351 0.119832 0.02072145 0.03803597 0.06292605 0.05058378 0.1589618 0.08968481 0.001390839 0.07803822 0.04982489 0.04178627 0.1800922 0.1466061 0.3490163 0.1697976 0.08777492 0 0 0 0.0275138 0.05259077 0 0.0458677 0.02388715 0.07542539 0.170441 0.03202604 0.03436103 0.0012186 0.0149764 0.03985991 0.004340413 0.0278888 0 0.1193209 0.0203644 0.1889763 0.07144151 0.00246668 0 0.03768516 0.02850437 0 0 0.03902713 0 0 0.06997225 0.009751179 0.1232352 0.03575643 0.02002843 0 0.01992996 0.06615231 0.07768434 0.03985991
0.01153091 0.03985991 0.2172751 0.228168 0.1244616 0.2128518 0.1503042 0.06456033 0.009964978 0.01992996 0.1031663 0.1380239 0.1324995 0.07132904 0.06096901 0.02068372 0.05978987 0.06205306 0.1331022 0.05331999 0.2313332 0.0705772 0 0.02638974 0 0 0.06759455 0.01465298 0 0.02252706 0.1468872 0.05119716 0.004167217 0.03545286 0.05063483 0.003470348 0.01986667 0.06833637 0.07586591 0.01089697 0.01992996 0.1527882 0.01993065 0.08855102 0.07671555 0.007498298 0.009964978 0.01182749 0 0.001289977 0 0 0 0 0.3079357 0.1702158 0.2417113 0.1063175 0.09062728 0.0937792 0.1304874 0.06704501 0.09582593 0.04762764
0.02989493 0.05394812 0.1691372 0.2326324 0.1546549 0.130608 0.2000964 0.08593491 0.1099156 0.1790688 0.166517 0.1600823 0.1654542 0.1426203 0.07361562 0.1955515 0.1030833 0.22208 0.2168826 0.03985991 0.1005436 0.02242021 0.07689669 0.1044021 0 0 0.02545757 0.1046166 0.03095895 0.09294546 0.05068234 0.06610311 0 0.02433701 0.06975485 0.03985991 0.108193 0.1235234 0.01204724 0.02989493 0.02989493 0.06298502 0 0.002923873 0.06465784 0.0178037 0.02207311 0.07971421 0.04982489 0.05108064 0.08831934 0.01992996 0 0.08350889 0.04600676 0.0001928784 0.1340669 0.1551405 0.04517061 0.04574856 0.113743 0.1047752 0.0299852 0.1196001
0.02989493 0.02577171 0.009964978 0.04060822 0.3228087 0.1848898 0.2183888 0.030791 0.02027556 0.1590941 0.1040768 0.1471297 0.134383 0.185609 0.01135114 0.02208214 0.1128556 0.1867637 0.2067873 0.1169491 0.1911122 0.04982489 0.03920576 0.08043258 0.02814495 0 0.08697465 0.1471739 0.1700173 0.003293639 0.1161507 0.07073179 0 0.04770958 0.07187016 0.01992996 0.1387032 0.03573097 0.01068081 0.07761199 0.1301304 0.03967381 0.03985991 0.1275488 0.08724743 0.05018127 0.01619815 0.05793298 0.03985991 0 0.08850455 0 0 0.06975485 0.009964978 0 0.0004332319 0.02018029 0.1133234 0.02613557 0.03084959 0.01992996 0.09159579 0.06196672
0.05419711 0.03193414 0.168881 0.1769157 0.2135971 0.0499732 0.05020729 0.04980168 0.01012689 0.2020014 0.1822233 0.09760319 0.100237 0.07749481 0.02443599 0.009964978 0.04947498 0.0199333 0 0.08304887 0.09946312 0.06166318 0.06701706 0 0.04170182 0.05978987 0.01070793 0.1531372 0.1102505 0 0.1561812 0.03358456 0.009964978 0 0 0 0 0 0.07417688 0.07146309 0.027681 0 0.04982489 0.07971983 0 0 0.01227435 0.06744548 0 0.04440743 0.04800578 0 0.009964978 0.03417845 0.02561142 0.009832795 0.03949352 0.07642318 0.05456615 0 0 0 0.01178311 0.009964978
0.01555773 0.005163148 0.01078495 0.04180488 0.1368148 0.1000278 0.1960232 0.0493281 0.1204581 0.1291157 0.1560134 0.1382092 0.05925452 0.06220361 0.02103559 0.1177096 0.04321266 0.04646881 0 0.1292474 0.04019686 0.03465782 0.07250743 0.01992996 0 0.009964978 0.001589637 0.02606894 0 0.0507471 0.08671199 0.01247278 0.06975485 0.03576869 0.07742509 0.09715065 0 0.009964978 0.02547291 0 0.09189874 0.01992996 0 0.01992996 0.06554263 0.05728246 0.03181302 0.04532153 0.07617631 0.02846568 0.01863082 0.007792132 0.1125086 0.05452479 0.04046885 0.0401663 0.1048288 0.02989493 0.02066069 0.009964978 0.05978987 0.05242969 0.2232172 0
0.03318185 0.02113415 0.08927029 0.1312506 0.1200614 0.07347716 0.08359575 0.05339438 0.08875871 0.03985991 0.08321338 0.04024231 0.04643778 0.04263799 0.160508 0.06641202 0.0433688 0.00645609 0.07389531 0.02595143 0 0 0.006693542 0.03457711 0.009964978 0 0.04915896 0.1426906 0.05155953 0.1242319 0 0 0.03591922 0.0140562 0 0.1126472 0.16079 0.1148547 0 0 0.01803186 0 0 0 0.0568564 0.116891 0.1154079 0.05978987 0.0597322 0.01992996 0.09408271 0.01676791 0.1333494 0.08472405 0.09975421 0.02989493 0.03985991 0 0.1195797 0.01554067 0.04322096 0.02155113 0.04161121 0.05395982
0.1140686 0.1529302 0.07852193 0.0337196 0.1762884 0.1758671 0 0.1069714 0.02225544 0.08368415 0.07624434 0.03679357 0.172471 0.02023055 0.05889617 0.009377487 0 0.0001654864 0.01012423 0.0006435906 0 0.0356111 0.05296401 0 0 0.009964978 0.1435232 0.0108085 0.05472803 0.06485171 0.04982489 0.09657005 0.1341201 0.02237501 0.05978987 0.04522797 0.05486494 0.03517692 0 0 0.1513728 0.07971983 0.009964978 0 0.007115634 0 0.01744495 0.03985991 0.0778594 0.01992996 0.04189387 0.08761921 0 0 0 0.09543577 0.04407393 0.01619447 0.06017227 0.07413618 0.04710649 0.002718407 0 0.02978823
0.04138451 0.04727937 0.02989493 0.02624222 0.01992996 0.05652752 0.009964978 0.1649382 0.06902412 0.2313879 0.1733601 0.06138106 0.03327807 0.09775191 0.1603765 0.03060131 0.03400238 0.08554572 0.06432752 0.0843977 0.04987915 0.108408 0.07403786 0.01256895 0.02989493 0.1076407 0.009964978 0.07234792 0 0 0 0.06782053 0.1309739 0.1515814 0.03564773 0.03985704 0.0148194 0 0 0 0 0.05537652 0.05811732 0.009964978 0 0 0 0 0 0 0 0.008760771 0.0235272 0 0.009964978 0 0.04959364 0.1491195 0.05978218 0 0.07106047 0.04495842 0 0
0.05911169 0 0.01412995 0.03048058 0.068958 0.01319007 0.07240368 0.1743496 0.1363823 0.1063843 0.0403554 0.1228743 0.05245624 0.1080625 0.1061805 0.0590835 0.08968481 0.114179 0.1645586 0.06044906 0.01451984 0.0555881 0.06199447 0.001375554 0.05667924 0.07296396 0.06532696 0.01992996 0.02792354 0.0019714 0.09692429 0.2121814 0.1172584 0.0190044 0.1442892 0.1047174 0.1098931 0.05932666 0 0.03421079 0 0.04594583 0.01992996 0 0.02989493 0.02562095 0 0.09207489 0.009964978 0.03414799 0.0008872918 0.03113995 0.1379601 0 0.009964978 0.1021496 0.0241044 0.103558 0.0171494 0.03267549 0.01137996 0.002145877 0.008321323 0
0.07955244 0.009964978 0.06611639 0.1005477 0.05895833 0.03970682 0 0.009964978 0.04982489 0.1054299 0.1072359 0.1896674 0.009964978 0.03355783 0.1169809 0.09937929 0.04385678 0.07572296 0.02011402 0.009964978 0.1306789 0.0492855 0.07867134 0.009964978 0 0.09360095 0.1020372 0.0776523 0.06185741 0.06691071 0.0444114 0.03255029 0.08919095 0.04643364 0 0.005642152 0.0102553 0 0.001436204 0.0456312 0.06819649 0.01086139 0.08258715 0.06321529 0.07212407 0.08766868 0.0859751 0.07361508 0.02423043 0.03489719 0.08117197 0.101633 0.123318 0.07719378 0.0239719 0 0.02987154 0.009964978 0.02989493 0.1073207 0.032189 0 0.0900775 0.05931348
0.05501458 0.06037037 0.1222707 0.08477081 0.07281574 0.109789 0.1478244 0.09821673 0.1029414 0.1379811 0.09604626 0 0 0 0.03988032 0.02989493 0.04621434 0.100863 0.02363184 0.01058981 0.08022743 0.02077587 0.1035949 0.001637694 0 0.04982489 0.009964978 0 0.05467766 0.01909565 0.01385724 0 0.0164506 0.09570768 0.1036377 0.08968481 0.02989493 0 0 0 0 0.09364549 0.03985991 0.06330814 0 0 0.01992996 0 0.003813583 0.01234762 0.02989493 0 0.05873827 0.03075875 0.09001257 0.06035632 0.01002271 0.0899344 0.05978987 0.02067401 0.03985991 0.03985991 0 0.1143659
0.04039934 0.1121411 0.09345756 0.122609 0.06042599 0.1502073 0.2224818 0.09225041 0.1050641 0.03162529 0.005281311 0.009964978 0.01410427 0.09809017 0.05991437 0 0.07345013 0.02419276 0.009990165 0.01962096 0.009964978 0.009211926 0.009964978 0 0.006662191 0.1013407 0.01992996 0 0.08483204 0.06637184 0.05015524 0.03016467 0.003558033 0.01391337 0.0009215471 0.06681056 0.03906849 0.02841678 0.0494106 0 0.01992996 0.04586421 0.02989493 0.1096529 0.01637357 0.009964978 0 0.009964978 0 0 0.003512057 0.009964978 0 0.00910116 0.086244 0.08942269 0.02268094 0.04759821 0.02192183 0.009964978 0.009964978 0 0.009964978 0.4246218
0.0004345588 0.02417576 0.1096872 0.1126902 0.1762569 0.1171523 0.1574188 0 0 0 0.01992996 0 0.01992996 0.09756511 0.09935737 0 0.07032341 0.009964978 0.0659862 0.1635662 0 0.02776943 0.1307498 0 0.0311801 0.03693391 0.119103 0.04682325 0.07275649 0.01274791 0.1095082 0.1168108 0.1268183 0.03876569 0.01799559 0.1416206 0.01992996 0.06197855 0.2793895 0.00766998 0.09392051 0.0152942 0.08231551 0 0 0.1195797 0.00491178 0.02023658 0 0.01611404 0.2382927 0.01553827 0.01992996 0.02256576 0.02035075 0.1120749 0.01003334 0.06002468 0.02989493 0 0.009964978 0.04808122 0.04040026 0.1114479
0.09508898 0.004789399 0.02891602 0.08829456 0.07240705 0.07754672 0.1559984 0.04029436 0.0599901 0.05287817 0.04813294 0.0551124 0.009964978 0.1082134 0.07212988 0 0.09114337 0 0.06647818 0.02329551 0 0.06713653 0.1429852 0.04859217 0.06256607 0.1960198 0.0930416 0.009964978 0.03952803 0.2068788 0.03004312 0.09954956 0.04979325 0.009964978 0.05131335 0.008470902 0.03985991 0.06186881 0.06782642 0.127294 0.05017565 0.1785129 0.1570953 0.06828193 0.02910332 0.08165799 0.1142731 0.1146917 0.07565768 0.1878563 0.1309345 0.2169227 0.1354728 0.09530237 0.05951726 0.1351438 0.02436 0.03985991 0 0 0.1089523 0.1690347 0.08590183 0.08050142
0.05389113 0.004538998 0 0.1219826 0.1421252 0.0208385 0.09633508 0.1270561 0.07192387 0.1198524 0.2201638 0.1810542 0 0.05978987 0.07734481 0.03167402 0.06214702 0.05407974 0.009881286 0.1067617 0.1195006 0.214364 0.0237911 0.07393479 0.05551653 0.1047993 0.009964978 0.009964978 0.009964978 0.002690075 0.02989493 0.0497412 0.02342678 0.006176273 0.07285157 0.1640424 0.01787964 0.03282342 0.03985991 0.05511738 0.1182142 0.04982489 0.0618672 0.009964978 0.01661071 0.13815 0.05062898 0.03453175 0.0358838 0.08219272 0.121 0.04007655 0.08710607 0.09829126 0.03316473 0 0.0501978 0.009964978 0.1184733 0.1198966 0.07787735 0.07234079 0.04364289 0.1802813
0.009964978 0.007258642 0.0180973 0.135558 0.009964978 0.06259996 0.1663807 0.02370774 0.1566421 0.07974023 0.05439725 0.02322422 0.02550574 0.1339339 0 0.009964978 0 0.01947674 0.07682429 0.0825577 0.06767613 0.04236462 0.009964978 0.03092509 0.01863394 0 0 0.009964978 0 0.03028376 0.03947109 0.02092182 0.009045569 0.01548994 0.02280509 0.04390232 0.1069125 0.01948718 0.1226815 0.06370846 0.05412382 0.1481296 0.02440515 0.04912614 0.02683223 0.009964978 0.02289965 0 0.1027871 0.07282062 0.0504954 0.02515888 0.007414366 0.1334306 0.145199 0.0004974047 0.04725676 0.1410722 0.1199825 0.08953658 0.1703648 0.1397501 0.08869088 0.04927457
0.05658364 0.008202428 0 0.04411029 0.07701828 0.05652338 0.1129017 0.08968481 0.07259104 0.0922007 0.1928759 0.004052696 0 0.09293696 0 0.1658452 0.1140846 0.009964978 0.09289128 0.1077794 0.1899378 0.246196 0.03697555 0.04274428 0.01126099 0.03985991 0.009964978 0.07796415 0.06958432 0.0272921 0.009964978 0.05808683 0.08810276 0 0.09270926 0.09860006 0.03985991 0.03985991 0.1446078 0.04459362 0.06443989 0.07109997 0.02448322 0.03532705 0.1027125 0.06483395 0.0371425 0.07024135 0.09038295 0.006078746 0.06245284 0 0.02265714 0.01118544 0.1078335 0.2496668 0.01243923 0.05904421 0.08045692 0.1399991 0.1109898 0.1100249 0.1690648 0.04035257
0.0597322 0.01485145 0.01551413 0.05292965 0.03640116 0.07758247 0.2251015 0.08303373 0.05757568 0.08129675 0.1135602 0 0 0.06650271 0 0.009964978 0.009054568 0.07971983 0.1754161 0.06005097 0.1193554 0.08111995 0.169645 0.06902891 0.009274583 0.0006903955 0.06979956 0.08187596 0.0296203 0.002602839 0.02433971 0.03035411 0.04590762 0 0.06603979 0.1671312 0.03985991 0.1494747 0.09994211 0.03384189 0.1353349 0.005708075 0.004917605 0.08661447 0.0116691 0.06023806 0.05978987 0.03620405 0.1259941 0.1182426 0.1428352 0.1198841 0.08240739 0.05681758 0.1171079 0.1902506 0.02432313 0.08840296 0.07136109 0.1400549 0.1997221 0.1998506 0.06948049 0.09187798
0.03725647 0.0802007 0.1800349 0.1419545 0.03985991 0.1171124 0.07220295 0.01056145 0.01398255 0.07701938 0.01751577 0.009964978 0.03327116 0.1315465 0.08106141 0.03089914 0.166643 0.05176807 0.07250229 0.02053508 0.1000044 0.07882018 0.02138907 0.05106336 0.06794165 0.009964978 0.2078179 0.01962134 0 0 0.04541514 0.02811152 0.05628262 0.01579092 0.04416406 0.08479135 0.06080517 0.1250569 0.04443453 0.1999705 0.1043142 0 0.003993794 0.01499895 0.03744269 0 0 0.009964978 0.009964978 0.01767416 0.04177178 0.05910084 0.143777 0.01240944 0.02806381 0.07910354 0.2180935 0.1097931 0.1497666 0.06974927 0 0.04080508 0.1008814 0.03741726
0.009964978 0.005032077 0.05522131 0.1494747 0.05765396 0.1519377 0.009964978 0.009964978 0.05753205 0.001401437 0.05952479 0.005201094 0.08736358 0.1212248 0.06575528 0.09523159 0.009091832 0.05577275 0.01799937 0.1214918 0.01157577 0.1498958 0.001004822 0.09869563 0.09190643 0.0003823989 0.08167534 0.1590009 0 0.009964978 0.01728423 0.01564312 0.1831212 0.01992996 0.04417582 0.1277729 0.1082622 0.04448862 0.03965737 0.01146237 0.01520749 0.009964978 0.04948875 0.004552917 0.05978987 0.03985991 0 0 0.00715995 0.0144582 0.1659009 0.1083178 0.1735398 0.05367927 0.05071552 0.07138201 0.02916169 0.09025423 0.05996199 0.01128432 0.2172878 0.2193502 0.0783942 0
0.07517233 0.009869347 0 0.009964978 0.02590452 0.06592058 0.03985991 0.009964978 0.09771805 0.1535527 0.1591478 0.05604843 0.03571577 0.1552173 0.09013666 0.07801208 0.01059549 0.05007717 0.1072056 0.0746147 0.07877502 0.05906504 0.08007158 0.03916917 0.01916396 0.02989493 0.09796134 0.01816343 0.08537103 0.06434964 0.1224777 0.0776474 0.02989493 0.05308188 0.07272009 0.1032843 0.04406708 0.1193658 0.03994728 0.03436407 0.05532074 0.03985991 0.1169894 0.0143097 0.1058787 0.0834559 0.04987328 0.06575479 0.01524961 0.1258488 0.1338185 0.06167396 0.01836202 0.001302074 0.155434 0.1031432 0 0.07018321 0.0596439 0.04982489 0.1136516 0.07822775 0 0.01211521
0.05292427 0.04353277 0.004759897 0.09408037 0.05856918 0.07495471 0.03985991 0 0 0.08899345 0.09442972 0.09567198 0.05450881 0.01992996 0.09818932 0.08402196 0.002114234 0.09100919 0.1295659 0.07102205 0.0299705 0.05021357 0.02033618 0.07140255 0.08739567 0 0.06147832 0.06112587 0.07223646 0.04543933 0.1195797 0.009964978 0.04823958 0.06485368 0.08341213 0.017792 0.009964978 0.04521931 0.2154993 0.03253979 0.05931418 0.06428729 0 0.09368777 0.02317749 0.0266474 0.0167021 0.1189296 0.09290735 0.04211527 0.01951343 0.09118657 0.09600476 0.1726606 0.1183836 0.03153041 0.02989493 0.1008976 0.2087833 0.171731 0.1367881 0.009283603 0 0
0.009964978 0.03994999 0.01003743 0.1624142 0.09493568 0.214211 0.05857949 0 0 0.02924773 0.08408234 0.03582669 0.01992996 0.05904881 0.1422205 0.07971983 0.1317405 0.1565958 0.168548 0.001024478 0.02981937 0.03968786 0.1198503 0.009964978 0.01378427 0.02912798 0.03985991 0.04323392 0.2434133 0.03557741 0 0.01992996 0.1065302 0.07645869 0.04369616 0.0362525 0.06726132 0.08436496 0.1071076 0.1578534 0.1498379 0.1484219 0.04241062 0.1071886 0.009964978 0.07686061 0.01282419 0.00544904 0.02441425 0.09358369 0.06008462 0.04717782 0.08420772 0.1747792 0.050702 0.03834033 0 0.06067655 0.2084247 0.009964978 0 0.02061133 0.03985991 0.1000554
