EnvRasters/GE_High/unreg.asc
ncols         270
nrows         223
xllcorner     24099.479091542
yllcorner     21023.840179216
cellsize      1003.8986847201
NODATA_value  -9999
[rows 56 to 83 of 223, columns 128 to 191 of 270]
0.04467956 0.06721401 0.017744 0 0 0.01064742 0.1299099 0.0117704 0.04895309 0 0.009964978 0.009907241 0.01992996 0.002622922 0.02562112 0.02198153 0.008115979 0.001769706 0 0 0.009964978 0.05500932 0.02471051 0 0.04982489 0 0.09029032 0.01225235 0.002876522 0.02989493 0.04466644 0.01814062 0.01175431 0.009964978 0 0.01644504 0.006740304 0 0 0.0007493743 0.02914556 0 0.02989493 0 0 0.05978987 0.002879661 0.05700869 0.009964978 0.009964978 0.004096968 0.04572793 0.009964978 0 0.01992996 0.02989493 0.01992996 0.02224841 0 0.01667077 0.003259191 0 0 0
0 0.0574738 0.02989493 0.009964978 0.000672345 0.03918757 0.04731501 0.04814163 0.01992996 0.02217983 0.01803312 5.773719e-005 0.01992996 0.01019596 0.001419909 0.03109773 0 0 0.007923792 0 0.005062267 0.02928395 0 0 0.02634435 0.05912982 0.06636894 0.06419455 0.01992996 0 0.08520722 0.03434087 0.01992996 0 0 0.009964978 0 0.02060176 0.03918811 0.04231865 0.05978987 0 0 0.01992996 0.009964978 0 0.04281765 0.01645967 0.01992996 0 0.009964978 0.01992996 0 0.03985991 0.009964978 0.009964978 0.009964978 0.01775641 0 0 0 0 0 0
0.0507371 0.01733886 0 0.01992996 0.009964978 0.009964978 0 0 0.01992996 0.03001944 0.07985904 0 0.009964978 0.01926243 0 0.02277704 0.02596394 0 0.01014153 0.02989493 0.04531254 0.02995601 0.03590417 0.04381566 0.0434105 0.07044484 0.0330418 0.04731271 0.002512184 0 0.05912029 0.01083714 0.009964978 0.02420476 0.03388347 0.07337955 0.01029533 0.03027733 0.06197214 0.009837761 0.01999951 0.04982489 0 0.01245214 0.007477816 0 0 0 0 0 0.02971962 0 0.02989493 0.009964978 0 0.02989493 0.008176171 0.002173549 0 0 0 0.009964978 0 0.05978987
0.0208342 0.0455842 9.536216e-005 0.04982489 0 0.01992996 0 0 0.01192183 0.03797551 0.04968568 0.01985536 0.009786285 0.03056247 0.009964978 0.01518808 0.01579077 0.009964978 0.04172455 0.03517336 0.04454647 0.009964978 0.01696669 0.01992996 0.01992996 0.01992996 0.01992996 0.009964978 0 0.009964978 0.04379945 0.01011316 0.04934686 0.03709778 0.09540037 0.03654562 0.0334444 0.0230801 0.01131525 0.0585641 0.03745884 0.06975485 0.02989493 0.04982489 0.02638205 0.02896612 0.03985991 0 0 0.03441625 0.005618979 0.009471755 0.02989493 0.005634525 0.004330453 0 0.02171876 0.02989493 0.009964978 0 0.009964978 0.01992996 0 0
0 0.01458807 0.03228701 0.03985991 0.01992996 0.0114462 0.009964978 0.01105584 0 0.01937998 0.06975485 0.02000456 0.0435771 0.01586883 0 0 0.04854757 0.03985991 0 0.04983812 0.02769354 0.009964978 0.00296327 0.02690002 0 0 0 0.005877054 0.009964978 0 0.0143 0.04962493 0.02057423 0.04957148 0.06004329 0.0201677 0.05925431 0.02674479 0.03274758 0.07971983 0.01992996 0 0 0.01992996 0.03262406 0.06150246 0.01092348 0 0.009964978 0 0.009964978 0.03998442 0 0 0 0 0 0.009964978 0 0 0.01992996 0.0238746 0 0
0.009964978 0.02989493 0.01753789 0.01992996 0 0.03837869 0.01123239 0.02880407 0.02989493 0 0.02032884 0.02350441 0.006522617 0.000522627 0.01992996 0.009964978 0.02120728 0.01898446 0.03500002 0.0156386 0.01089788 0.01378839 0.02028633 0.01618696 0.006548059 0 0.02989493 0.04803576 0.03514991 0.01192254 0.08349992 0.02009429 0.01107136 0 0.02868852 0.02936599 0.007619738 0.04879139 0.03406532 0.02989493 0 0.002149991 0.01287649 0.01875205 0 0 0.009006475 0 0.04043845 0 0 0.0003687238 0 0.01198175 0.04675715 0.03526931 0.003227343 0 0.02769891 0.02804104 0.01914541 0.006020335 0 0
0 0 0.01992996 0.02241389 0.03737598 0.05978987 0.02862752 0.0248485 0.02584782 0.02989493 0.01310713 0.01018927 0.01630543 0 0.009964978 0 0 0.021317 0.01992996 0.02989493 0.009964978 0.05996642 0.06695689 0 0.0686636 0.02443812 0.01233018 0.004145593 0.04220157 0.05224664 0.08574556 0.01992996 0.04374491 0 0.0316303 0 0.0112327 0.00869726 0.009964978 0 0.009964978 0.007814988 0.02619539 0.03186088 0 0 0.009964978 0.05978987 0.01935142 0.005354085 0.004610893 0 0 0.01063156 0.06061122 0.09061111 0.02831786 0.02528214 0.0665987 0.01992996 0.01260342 0.01992996 0.04660831 0.006514174
0.009680079 0 0 0.06351114 0.1300013 0.009964978 0.002519282 0.02865785 0.03898848 0.04982489 0.05951699 0.03380573 0.02598414 0.03985991 0.01992996 0.1195797 0.03037162 0.01818511 0.009964978 0.01992996 0.02782003 0.01234656 0.01276294 0.009964978 0.04982489 0.04982489 0.01756475 0.009964978 0.008412483 0.01040143 0.04463571 0.02989493 0.05590488 0.01992996 0.01992996 0.0437683 0.02344798 0 0.1096148 0.002545035 0.04727986 0 0.02333592 0.03027733 0.006176612 0 0.02915048 0.01070943 0.01992996 0.02989493 0 0.04949136 0.01992996 0 0 0.009964978 0.01154205 0.009964978 0 0.02989493 0.02989493 0.02989493 0.03678823 0.003450805
0.009471887 0 0 0.01771089 0.03055734 0.04145889 0.03902563 0.01864776 0.03985991 0.01992996 0.01398783 0.03583706 0.009964978 0.009964978 0.03500498 0.01481992 0.01067443 0.03045364 0.009964978 0.1043571 0.1087033 0 0.03731095 0.02989493 0 0 0 0 0.009964978 0.03985991 0.009964978 0.0004550607 0.0194749 0 0.00424108 0.06584647 0.03994431 0.04622247 0 0.01285281 0.01623623 0.0136587 0 0.0006970591 0.0308886 0.01992996 0.01992996 0 0 0.01992996 0.0221406 0.034449 0.02346376 0.02913939 0 0.009964978 0 0.1096148 0 0 0 0.03985991 0.06607814 0.03985991
0 0 0 0.02197867 0.009714848 0.01883554 0.04617877 0.04084305 0.05339524 0.03704004 0.02989493 0.05978987 0.01992996 0 0.009964978 0.0511831 0.05738647 0 0.03985991 0.04181032 0.06115054 0.08785094 0.03485626 0 0.009964978 0.04862984 0.02112501 0.009964978 0.009964978 0.02554469 0.009964978 0.02027334 0.00542586 0.01902075 0.01568888 0.03985991 0.009964978 0 0 0.00707715 0 0.009964978 0.009964978 0.01336857 0.01483564 0 0.02091241 0.009964978 0 0.009964978 0.02989493 0.05978987 0.02689967 0.02368076 0.009964978 0.02989493 0 0.009964978 0.01992996 0.01992996 0.02930826 0.03048161 0 0
0 0.009964978 0 0.07221729 0 0 0.002647845 0.04574995 0.01992996 0.009214503 0.01992996 0.0102414 0 0.04982489 0.009434654 0.009964978 0.001045185 0.009964978 0.0157889 0.103747 0.05480194 0.0222243 0.01992996 0 0 0.03985991 0.009964978 0.02989493 0 0.0201808 0.02961244 0.0003655913 0.03463428 0.02989493 0.01865888 0.02190829 0.01795163 0.009964978 0.006481851 0.01992996 0.009964978 0.01992996 0.07971983 0 0.004899439 0.0249955 0.008982527 0 0 0 0.009964978 0.007003701 0.01257586 0.01992996 0.01795398 0.01992996 0 0 0 0.01992996 0 0 0.006803982 0.02989493
0 0 0.04207273 0.01771979 0.03025131 0.007143507 0 0.003760475 0.05602939 0 0.01992996 0.06947843 0.04982489 0 0.02635104 0.0140392 0.009964978 0.0267337 0.01428024 0.0240567 0.01796269 0 0.009964978 0.06151088 0.009964978 0 0.009964978 0.02989493 0 0.01001141 0.02989493 0 0.0007207329 0.005575814 0.04357776 0.0158793 0.01382486 0.03985991 0.02341308 0.009964978 0 0.02989493 0 0 0 0.02299142 0.009964978 0.01992996 0 0.04982489 0.04005872 0 0.03773553 0.009762366 0.02381092 0.02989493 0 0.03815065 0.009964978 0.009964978 0.009964978 0.007318844 0.04086114 0.06972491
0 0.05978987 0.009964978 0.01992996 0 0 0 0 0.009964978 0.01472447 0.05503038 0.1208814 0.03916668 0 0.02989493 0.009964978 0.1031781 0.01640165 0.01992996 0.05163602 0.001967268 0 0 0.01723801 0.01093592 0 0.03985991 0 0.04260846 0.07381792 0.0355369 0.03890876 0.01233784 0.01286445 0 0 0.06589497 0 0 0 0.002735228 0 0 0.009964978 0.0108497 0.01759997 0 0 0.009964978 0.01992996 0.01973115 0 0.01766337 0.02024947 0.0205518 0.04034947 0.06975485 0.06149914 0 0 0.04007998 0.032321 0.01305352 0.009964978
0.0121677 0.07302524 0.01750098 0 0 0.009964978 0.03985991 0 0.009964978 0 0.04982489 0.01932152 0.0156895 0.02417042 0 0.01992996 0.01901844 0.01873217 0 0 0 0 0 0.009964978 0.03985991 0.02989493 0.03985991 0 0.02806561 0 0.004627343 0.03507081 0 0.003272649 0.01377642 0.007406156 0.003874667 0 0.01659528 0.01992996 0.007229751 0.009964978 0.01503649 0.004893471 0.01187798 0.03804539 0.009964978 0.009964978 0.0007778022 0 0.03985991 0 0.009964978 0.02047376 0 0.001064287 0.008712903 0.05978987 0.02796801 0.04578354 0 0.01810927 0.01919737 0.02989493
0 0.006920841 0.03267321 0 0 0 0.03985991 0.009964978 0.02989493 0.0004699745 0.01101783 0 0.02609688 0.05362294 0 0.009964978 0.0009115212 0.001197786 0 0.01992996 0 0 0.009964978 0.04826533 0.02148952 0.009964978 0.009964978 0.009964978 0.0008890067 0.02900593 0.03985991 0.004789108 0.009964978 0.01245412 0.01748725 0 0.03598525 0 0.02326464 0 0.004592975 0.02530196 0.01063747 0.01708002 0.01836347 0.004180721 0.01992996 0.009964978 0.02911713 0.009964978 0.01992996 0.02986037 0.01810578 0.01034738 0.02137174 0.03894871 0.002163276 0.1049829 0.01995036 0.03483298 0.03901349 0.01251826 0.03985991 0
0 0 0.02711666 0.002512416 0.02989493 0 0 0.02155755 0.01135836 0.004836021 0.03350107 0.01992996 0 0.01992996 0 0.02708794 0.02273696 0 0.009964978 0.01992996 0.0264099 0 0 0 0.02707242 0.01992996 0 0.02093102 0.01026931 0.02858954 0.02989493 0.01992996 0 0.01138306 0.01394018 0 0 0 0.01992996 0 0 0 0.02241411 0.02774348 0.01992996 0.009964978 0.05978987 0.01992996 0.01992996 0 0.03985991 0.0299295 0 0.01992996 0.009144072 0.01992996 0 0.0929785 0.03166991 0.009964978 0.04982489 0.01992996 0.001505351 0.01842461
0 0 0.009964978 0.007452562 0.009964978 0.03447808 0.005381832 0.008337381 0.04843151 0.009964978 0.009964978 0.01992996 0 0 0 0.01992996 0.05757346 0.04112191 0 0 0.00348504 0 0.02989493 0.02989493 0.0127875 0.01064366 0.01925128 0.01992996 0 0 0.01992996 0.009964978 0.009964978 0 0 0 0.03985991 0 0.01992996 0 0.009964978 0 0.02741078 0.009964978 0 0.04982489 0.01695644 0.02734791 0.0254505 0.009964978 0.03985991 0 0.01734858 0.02251133 0.02994136 0.04982489 0.03985991 0.0313144 0.01821861 0.01992996 0.01127806 0.01861687 0 0.009964978
0 0 0.02989493 0.009964978 0 0 0.03985991 0.01992996 0.01633455 0.01483843 0.02989493 0 0.01992996 0.02989493 0 0.009964978 0 0.01091938 0 0 0.0191911 0.0007388602 0 0 0 0 0.05643563 0.009964978 0.01992996 0.01589909 0.009964978 0.01537861 0.01992996 0.02989493 0.009964978 0.009964978 0.02989493 0 0.03825193 0.01828843 0 0.0255524 0 0.009964978 0.001874357 0.03169122 0.01992996 0.009964978 0 0 0 0.01012175 0.01992996 0 0.01073946 0 0 0.01842118 0.01167632 0.009964978 0.01992996 0 0.009964978 0.03985991
0 0 0 0 0 0 0.01191403 0.03985991 0.01915963 0.02357783 0.05081105 0.009964978 0.02989493 0.01992996 0 0 0.02989493 0 0.009964978 0 0 0 0.009964978 0.01075563 0.02910429 0 0.04461354 0.06486548 0.009964978 0.03618612 0.08320583 0.0743062 0.009964978 0 0 0.02823264 0.04152221 0.01391564 0.02008048 0.01670235 0.005607914 0.03146118 0.0323362 0.0243961 0.03004546 0.03806363 0.01101612 0.0003231402 0 0 0 0.009808211 0 0 0 0 0 0.04136869 0.009964978 0.01807725 0 0.007617815 0.01992996 0.009964978
0 0 0.009964978 0 0 0 0.008015929 0.009964978 0.02573935 0.009964978 0.04981927 0.01992996 0.009964978 0 0 0 0.009964978 0.009964978 0.009964978 0 0.02989493 0.0279868 0.05026722 0.01948763 0.02095491 0.008940026 0.03150252 0.08160223 0 0.01773486 0.04627367 0.05311025 0.00667962 0.03985991 0.004725765 0 0.02989493 0.04081238 0.01496916 0 0.04783771 0.04898044 0.01748869 0.07525368 0.01790508 0 0.006564903 0.002025796 0.03832782 0.02146205 0.0005879368 0.009964978 0 0.02914515 0.09964966 0 0.03985991 0.009964978 0 0.1114675 0.01992996 0.05217206 0.009964978 0.01992996
0 0.009964978 0 0 0 0 0 0.009964978 0 0.009964978 0.0289144 0.0008447988 0 0 0 0.01992996 0 0.009964978 0.008857972 0 0.01992996 0.06212227 0.03739178 0 0 0.03985991 0 0.009964978 0.04244049 0.02013019 0.01714916 0 0 0.07971983 0.005239214 0 0.09786326 0.08975291 0.03179127 0.005850093 0.01407986 0.03985991 0 0 0 0 0.01161428 0.02989493 0.01852799 0.0501032 0.02046569 0.009964978 0 0.04060982 0 0.009964978 0.02109272 0.03869715 0.009964978 0.05011476 0.05774015 0.009964978 0.02989493 0.01412014
0 0 0.009964978 0 0 0 0.009964978 0.009964978 0 0.0211595 0.01992996 0.01680447 0.002280693 0 0.02989493 0.02989493 0.009964978 0 0.02103696 0 0.009964978 0.009964978 0.01200885 0 0.009964978 0.009964978 0.009054633 0.007680771 0.009964978 0 0.03743064 0 0 0.06473861 0.05978987 0.03429717 0.08691256 0.09957305 0.02898529 0 0.01992996 0 0.02253653 0.02243244 0 0.009964978 0.008315675 0.03985991 0.01756843 0.0231024 0 0.06960417 0.04001059 0.01059467 0.01930027 0 0 0.04982489 0.01992996 0.01172483 0.009964978 0.03063169 0.03691528 0.005809818
0 0 0.01992996 0.009964978 0 0 0 0 0 0.0286654 0.01752711 0.02233281 0 0 0 0.02963548 0 0 0 0 0 0 0 0 0.009964978 0 0.0554598 0.05734952 0 0.01605316 0.02235924 0 0.005281433 0.005016238 0 0.005562743 0.009964978 0 0.009964978 0.009964978 0 0.01293027 0.02460694 0.03007388 0 0.01196738 0.03985991 0.009964978 0 0.07833175 0.0304721 0 0.009964978 0.08066035 0.03831793 0.01992996 0.02115957 0.03662354 0.01992996 0.01992996 0.02270039 0.03232907 0.006968293 0.01992996
0 0.003612514 0 0 0 0 0 0 0 0.009964978 0.02112223 0 0 0.01040256 0.01805332 0.002136084 0.06899096 0.1067844 0 0 0 0 0.009964978 0 0.01200487 0.1175399 0 0 0 0.003876799 0.009964978 0 0.01464852 0.009964978 0.009964978 0 0.03556072 0.05412408 0.009964978 0.01662182 0.03652708 0.006999687 0 0.009964978 0.02989493 0.03845019 0.01008714 0.001281949 0.009964978 0 0 0 0 0.01020065 0.0402257 0 0.01197174 0.009964978 0 0 0 0 0 0
0 0.009959359 0 0 0 0.002617979 0 0 0.03495594 0.04476389 0.008772703 0 0.01065718 0.03942234 0 1.258577e-007 0.02042925 0.1528696 0.1878224 0.05915955 0.02721958 0.03642986 0.009964978 0.1151087 0 0 0 0 0 0.01386482 0.0259951 0 0.02530425 0 0 0.009964978 0 0.03985991 0.006664801 0.01326516 0.01660595 0 0.01273686 0 0 0.01793318 0 0 0 0 0.03053284 0.02989493 0 0 0 0 0.01196051 0.03022529 0.01760407 0 0.008104576 0 0 0
0 0.006358085 0 0.01620357 0.08344622 0.03724194 0 0 0.009964978 0.02989493 0.02989493 0 0.02999341 0.03985991 0.009964978 0.02989481 0.02010461 0.08791044 0.04238487 0.04029436 0.1125164 0.1532611 0.130077 0.1677863 0.06762477 0.1568913 0.1394342 0.05383569 0 0.02989493 0 0 0.03448562 0 0.04483822 0.01992996 0 0.009964978 0.009964978 0 0 0.007864046 0.01925901 0 0 0.02989493 0 0.02948984 0.0004050931 0 0.1001318 0.08914518 0 0 0.009964978 0 0.04214171 0.00768318 0 0.01992996 0.02476569 0.01498451 0.01992996 0
0 0 0 0 0.01992996 0.01992996 0.009964978 0 0.01992996 0 0.01992996 0 0.009174305 0.02989493 0 0.06032836 0.06988742 0.1105434 0.009214612 0 0.04982489 0.03827678 0.04792793 0.1333259 0.1044964 0.005847516 0.03673498 0.08285879 0 0.1295447 0.08968481 0 0.009964978 0.01992996 0.01495165 0.02107985 0.04803082 0.006750836 0.07296899 0 0.009964978 0.02795015 0.001944788 0.03985991 0.0987481 0.000901688 0.009463752 0.01047755 0.04981354 0 0.03066306 0.03851155 0 0.009964978 0.04967084 0 0 0 0.003202741 0.02813372 0.01594554 0.001238149 0 0.007442734
0 0 0 0 0.002001941 0.0207113 0.05752296 0.01441662 0.009964978 0.01149911 0.009964978 0.0102854 0.02020826 0.06023082 0 0.0299457 0.02065427 0.1409728 0.01849292 0.08286429 0.1084119 0.09997451 0.01810579 0.05132456 0 0 0.07124985 0.1122788 0.0728405 0.02680929 0 0 0 0.1099029 0.07134283 0.04877114 0.0154257 0 0 0.009964978 0.1290767 0.2131382 0 0 0.03985991 0 0 0.06979851 0.02139216 0 0 0.02057703 0 0 0.0001540542 0 0.00275957 0.03626404 0 0.02215164 0.02098313 0.01428889 0.01333842 0.01248722
