EnvRasters/GE_High/wheat.asc
ncols         270
nrows         223
xllcorner     24099.479091542
yllcorner     21023.840179216
cellsize      1003.8986847201
NODATA_value  -9999
[rows 102 to 135 of 223, columns 152 to 227 of 270]
0.004048 0.007842 0.008147 0.009008 0.008029 0.021345 0.003344 0.014246 0.034238 0.008794 0.031832 0.026509 0.011337 0.036994 0.00559 0.006183 0.002232 0.002901 0.065042 0.026038 0.023314 0.012213 0.002762 0.012007 0.001901 0.000456 0.002137 0.010936 0.009611 0.005607 0.009397 0.021129 0.030641 0.017203 0.014556 0.017003 0.004201 0.006019 0.01117 0.052898 0.031472 0.008339 0.009479 0.002453 0.000243 0.000179 0 0 0 0.000499 0.009068 0.000221 0 2e-006 3.2e-005 0.000315 0.000509 0 0 0.000669 0.001129 0 0 0 0 0 0 0 0 0 0 0 0 0.000574 0.000329 0
0.005902 0.015507 0.001125 0.000929 0.001127 0.002025 0.014596 0.009643 0.054969 0.018953 0.033671 0.026992 0.016126 0.022913 0.008984 0.008831 0.01519 0.003742 0.039664 0.014432 0.010907 0.01299 0.010187 0.033519 0.011675 0.005574 0.003303 0.004887 0.017729 0.007947 0.018935 0.030495 0.017848 0.014826 0.011328 0.002986 0.002865 0.006161 0.003376 0.006728 0.003425 0.005949 0.021527 0.005422 0.002015 0 0.000517 0 0.01136 0.016687 0.025839 0.002706 0 0 9.2e-005 0.000433 0 0 0 0.00169 0.000148 0 0 0 0 0 0 0 0 0 0 0 0 0.00034 5.5e-005 0
0.013912 0.003976 0.010812 0.072972 0.000956 0.002617 0.014614 0.018545 0.011164 0.017147 0.008795 0.02024 0.072943 0.005769 0.022044 0.011828 0.004474 0.000493 0.007143 0.008684 0.004612 0.049497 0.10821 0.088793 0.026088 0.019752 0.017783 0.011744 0.033785 0.013984 0.01215 0.043589 0.038341 0.014896 0.008076 0.004939 0.002759 0.003656 0.006411 0.004167 0.001763 0.001679 0.0005 0.001225 0.000323 0 0.000555 0.001247 0.011608 0.03327 0.016603 0 0 0 0 0 0 0 0.00608 0.029108 6e-006 0 0 0 0.000287 0 0 0 0 0 0 0 0 0 1e-006 0
0.027605 0.009267 0.004934 0.014767 0.006692 0.012543 0.009695 0.016337 0.034711 0.00692 0.006827 0.040154 0.039295 0.020018 0.024936 0.0098 0.020162 0.007109 0.0006 0.028964 0.025652 0.03357 0.030704 0.011683 0.017535 0.006284 0.008303 0.010413 0.024556 0.03333 0.004827 0.01092 0.013691 0.022953 0.034975 0.004376 0.015542 0.008909 0.000391 0.00011 7e-006 0.000122 0.002417 0.002115 0 1e-005 0.002467 0.008634 0.035575 0.042239 0.000846 0 0 0.002099 0.001789 0 0 0 0 0 0 0 0 0 0.00026 0.00052 0.000537 0 0 0 0 0 0 0 0 0
0.105761 0.019747 0.054867 0.015938 0.003282 0.003952 0.007776 0.007591 0.032136 0.047155 0.027681 0.026065 0.042727 0.044881 0.040327 0.012799 0.033094 0.036143 0.003376 0.025509 0.014647 0.008741 0.008503 0.015229 0.016392 0.007787 0.010422 0.008446 0.015833 0.028681 0.008364 0.004896 0.015334 0.024852 0.021282 0.021104 0.005939 0.004367 0.000146 0 0 0.000576 0.00025 0 0 0.000446 0.00355 0.009968 0.012584 0.02778 0.002411 0.000142 0.000857 0.008611 0.001094 0 0 0 0 0.000713 0 0 7e-005 0.000326 0.001285 0.000421 0.001785 0 0 0 0 0 0 0 0 6.4e-005
0.085075 0.084844 0.03295 0.00799 7.1e-005 0.006963 0.008741 0.006566 0.034729 0.024865 0.025733 0.034799 0.067779 0.044384 0.019994 0.01339 0.019513 0.006905 0 0.011597 0.016508 0.023524 0.025586 0.00666 0.010364 0.009285 0.016116 0.015796 0.000558 0.001554 0.001117 0.004673 0.017213 0.004851 0.012049 0.005263 0.000312 2e-006 0.000489 0.000186 0 0.000851 0.000468 0.000497 0.005708 0.016348 0.02095 0.005402 0.006833 0.016201 0.011798 0.005632 0.00886 0.003294 0 0 0 0 1e-006 0.001612 0 0 0 0.006537 0.003018 0 0 0 0.001248 0.000132 0 0 0 0 0 0.000701
0.027872 0.020293 0.046011 0.00874 0.000277 0.002431 0.005832 0.016401 0.015172 0.023039 0.011832 0.018042 0.043349 0.062443 0.046096 0.032993 0.026624 0.0001 0.000581 0.015174 0.02538 0.064698 0.022523 0.012918 0.008822 0.001748 0.006219 0.002581 0.002815 0.002061 0.001592 0.004427 0.002953 0.000402 2e-005 1.4e-005 0.004307 0.011126 0.005877 0 0 4.5e-005 0.001066 0.013207 0.033846 0.026367 0.058845 0.022827 0.006526 0.024745 0.021487 0.000827 0.000576 0 0 0 0 0 0 0.007021 0.002008 0 0.000213 0.007954 0.0017 0 0.00022 0.006637 0.001146 0 0 0 0 0 0 0
0.024323 0.025505 0.019491 0.004514 0.011582 0.014616 0.017734 0.04835 0.001886 0.009691 0.081679 0.030706 0.011155 0.080296 0.03245 0.042101 0.00875 0.00036 0.000224 0.004034 0.010966 0.007453 0.021807 0.025812 0.031862 0.035809 0.020765 0.004461 0.005204 0.005612 0.000538 0.000998 0.008079 0.001468 0 0.00345 0.004789 0.000204 0 0.003608 0.0163 0.013288 0.003471 0.030955 0.035778 0.051446 0.025924 0.032146 0.01225 0.005705 0.000645 0.001391 0.004964 7e-005 0.001011 0 0 0 0 1.9e-005 0 0 0 0.000628 0.000551 0 0 0 0.000441 0 0 0 0 0 0 0
0.035162 0.119097 0.041429 0.020636 0.02001 0.024426 0.039054 0.018961 0.010411 0.006407 0.004198 0.006068 5e-006 0.000423 0.002189 0.002471 0.004953 0.000177 0.00086 0.001941 0.003237 0.008948 0.019574 0.020579 0.020086 0.028267 0 0 0.000596 0.00385 0.00272 0.002403 0 9e-006 0 0.001392 0.034682 0.011288 0.003719 0.008891 0.06012 0.014563 0.002745 0.000953 0.005347 0.030745 0.011302 0.014181 0.019137 0.004188 0 0.000147 0.004492 0.011043 0.015323 0.000892 0 0 1.6e-005 0.00022 0 0 0 0 0 0 0 0 2.3e-005 0 0 0 0 0 0 0
0.009383 0.01425 0.041016 0.028732 0.005914 0.041214 0.016289 0.02306 0.02377 0.000491 0.001983 5e-005 0 0 0 0.00281 0.001088 0.002217 0.00116 0.001378 0.000878 0.002966 0.009542 0.018059 0.009129 0.046348 8e-005 0.000154 0.00041 0 5.9e-005 0.001735 0 0 0 0.004506 0.016183 0.041994 0.006086 0.00895 0.012206 0.022163 0.001933 0.004267 0.016613 0.014396 0.002916 0.011233 0.020028 0.000785 0 0.000167 0.002563 0.008162 0.003596 0.000361 0 0 0 0 0 0 0 0.000407 0 0.001233 5.6e-005 0.000414 0.002531 0.00158 0 0 0 0 0 0
0.043016 0.004004 0.033758 0.025829 0.02849 0.020273 0.033829 0.022478 0.009544 0.005616 0.000493 1e-005 0.000439 6.7e-005 0 0.00298 0.013038 0.003604 0.008166 0.003987 0.010368 0.009187 0.00938 0.005511 0.000235 0.000817 2.4e-005 0 0 0 0.000555 0.005899 1.2e-005 0 0 0.000349 0.006554 0.005621 0.00135 0.004129 0.004297 0.002334 0 2.6e-005 0.003798 0.002535 0.000778 6.3e-005 0.000922 0 0 0 0.000485 0.002322 0.006181 0.000189 0 0 0.000481 0 0 0 0 0.000236 2e-006 0.010698 0.002714 0.001023 0.000572 1.4e-005 0 0 0 0 0 0
0.007791 0.017507 0.010634 0.019941 0.026253 0.011473 0.007512 0.008375 0.010543 0.000516 0.005361 0.000471 6.6e-005 0 0 0.002074 0.009406 0.001939 0.018139 0.002293 0.061959 0.053216 0.021874 0.005517 0.001839 0.001445 0.001619 0.000607 0.00183 1.2e-005 0.000151 0.002533 0.001293 0.000549 0.000742 8.1e-005 0.001201 0.003354 0.002906 0.022776 0.005589 0.003158 0.000175 0.002323 0.00355 0 0.000298 0.000656 0.001715 2e-005 0.002398 0.000569 0 0.003613 0.018577 0.01632 0.007754 0 4e-006 0.000251 0.001605 0 0 0 0 0.000321 0.000307 3.3e-005 0.000143 0 0 0 0 0 0 0
0.0199 0.008439 0.01835 0.028564 0.03997 0.019309 0.001399 0.004265 0.001255 0.001558 0.015287 0.002017 0.00174 0.000864 0.003712 0.00264 0.000372 0.000657 0.004776 0.020342 0.07307 0.05881 0.029116 0.035195 0.016267 0.001531 0.005541 0.007925 0.01156 0.000187 0 0 0 0.00259 0.001121 0.003363 0.010458 0.003036 0.003791 0.013927 0.009929 0.005944 0.00894 0.010666 0.002695 0 0 0 0 0.002802 0.008269 0.001424 0 0.008812 0.004258 0.008942 0.003529 0 0 4.5e-005 0.000264 0 0 0 0 0 0 0 0 0 0 0 0 0 0 0
0.015812 0.014863 0.007554 0.027214 0.052218 0.002417 4e-006 0 0 0.00022 0.004529 0.001839 0.001789 0.00389 0.009084 0.002823 0.001271 0 0.0148 0.032104 0.058464 0.052142 0.022821 0.010694 0.010931 0.007218 0.00663 0.000961 0.000725 1.2e-005 0.000362 0.000969 0.01681 0.01319 0.000442 0.002607 0.002248 0.000183 0.000223 0.00507 0.010225 0.007373 0.006148 0.00468 0.001594 0 0 0 0.000184 0.007522 0.012718 0.001111 0 0.00119 0.000278 0.000806 0 4.5e-005 0 0 0 0 0 0.000293 0 0 0 0 0 0 0 0 0 0 0 0
0.027298 0.035148 0.031985 0.009123 0.001402 8e-006 3.2e-005 1.6e-005 0 0 0.009804 0.004583 0.010909 0.029744 0.010236 0.004449 0.00453 0.004426 0.007429 0.052778 0.015154 0.016447 0.00729 0.011488 0.033102 0.014296 0.002217 0.001891 0.003603 0.02368 0.017177 0.013638 0.018217 0.001441 0.001001 0.0026 0.000602 1e-006 0.000605 0.003321 0.003795 0.007811 0.001089 0.003223 0.004833 0.001657 2.9e-005 0.000369 0.001647 0.026653 0.030055 0.001638 0.000515 0 0 0 0 0.003222 0 0 1e-005 0.005042 0.009948 0.000468 0 0 0 0 0 0 0 0 0 0 0 0
0.017388 0.003191 0.025845 0.005082 0.003918 0.003285 0 0 7e-006 0.001104 0.001176 0.001269 0.009698 0.026087 0.012885 0.00441 0.000196 0.000169 0 0.003726 0.001858 0.016738 0.009628 0.001586 0.001749 0.004235 0.004916 0.008965 0.009293 0.053653 0.066216 0.014531 0.007381 0.000127 0.000539 0.005707 0.000709 0 0 0.003759 0.011709 0.006547 0.000948 0.002615 0.023255 0.005709 0.004864 0.00193 0.00219 0.016036 0.009408 0.004305 0.003875 0.002978 0.000167 0 0 0 0 0 0.000157 0.000548 0.011312 0.00147 0 0 0 0 0 0 0 0 0 0 0 0
0.010908 0.005769 0.009646 0.000901 0.016097 0.003062 0.010845 0.002797 0.000154 4e-005 0.00047 0.001013 0.004797 0.033684 0.008686 0.000113 0 0 0.000221 0.000105 0.002481 0.007897 0.004988 0.001774 0.001167 0.001332 0.002789 0.004245 0.001725 0.022666 0.022017 0.00648 0.003839 3.3e-005 0.000551 0.009711 0 0 6.6e-005 0.003213 0.010454 0.012133 0.002556 0.016423 0.030148 0.00136 0.001086 0 0.002927 0.010387 0.002443 0.018426 0.038058 0.005632 0.000211 0 0 0 0 0 0 0.000897 0.001891 0 0 0 0 0 0 0 0 0 0 0 0 0
0.001232 0.006197 0.015779 0.004398 0.035905 0.010609 0.014133 0.012823 0.000696 0.003236 0.002685 0.002778 0.003843 0.018068 0.018273 0.004133 0.000793 0.000636 0.003082 0.004716 0.010307 0.008064 0.02947 0.017125 0.002901 2.1e-005 0.002108 0.000818 0.001165 0.000417 0.028607 0.007672 0.001193 0.000173 0 0.000102 0.000487 0 0 0.007228 0.013005 0.0124 0.026618 0.019373 0.001042 3e-006 5.1e-005 0 0.002028 0.003841 0.002349 0.023533 0.036039 0.00332 0.000117 0 0 0 0.00072 0 0 0.000167 0 0 0 0 0 0 0 0 0 0 0 0 0 0
0.001954 0.005131 0.005287 0.00075 0.001592 0.01146 0.005267 0.000307 2e-006 1e-006 0.007369 0.006171 0.00017 0.005026 0.001358 0.000341 0.001116 0.005503 0.016764 0.015752 0.002504 0.003412 0.020079 0.017254 0.031536 0.004974 0.005383 0.000757 0.000203 0.001787 0.048627 0.022065 0.002025 1.8e-005 7e-006 0 7.5e-005 0 0.000874 0.000972 0.018943 0.039106 0.031371 0.023277 0.011147 0.007994 3.4e-005 0.001916 0.000797 0.000135 0.00068 0.004239 0.00088 0 0 0 0 0 0.000498 0 0 0 0 0 0 0 0 0 0 0 0 0 0 0 0 0
0.005955 0.003122 0.004623 0.000766 0.001107 0.000901 0 0.003955 0.00237 0 0.000564 0.000815 0.000203 0.00185 0.003974 0.00823 0.001897 0 0.000818 0 0 0.005477 0.004475 0.014492 0.010116 0.044302 0.051063 0.015442 0.001153 0.000615 0.008052 0.007534 0.000816 0.00091 0.000145 0.001259 0.000627 0.0009 0.001885 0.010208 0.026901 0.03784 0.022328 0.029678 0.050159 0.010562 0.000706 0.023 0.00594 0 0 0 0.000414 0 0 0 0 0 0 0 0 0 0 0 0 0 0 0 0 0 0 0 0 0 0 0
0.003009 0.000326 0 9e-005 0.001889 0.002568 0.003532 0.03928 0.015276 0.000343 0 0 0 0.004124 0.006689 0.002763 0.000246 0.006884 0.00244 0.00021 2.4e-005 0.000645 0.007072 0.004613 0.005088 0.032472 0.100691 0.02406 0.009444 0.002423 0.001939 0.001417 0.001886 0.004356 0.00078 0.002391 0.001111 0.006076 0.006614 0.010985 0.020868 0.034856 0.013192 0.066697 0.014247 0.000691 0.004967 0.015107 0.002197 0 0 0 0 0.003228 9.4e-005 0 0 0 0 0 0 0 0 0 0 0 0 0 0 0 0 0 0 0 0 0
0.001073 0.000326 0 0 0.000498 0.006042 0.010676 0.026562 0.0098 5.2e-005 0 0 0 0.007252 0.030933 0.000869 0.002697 0.004477 0.004201 0.000929 0.003553 0.006054 0.00689 0.001246 0.006594 0.014134 0.01651 0.00648 0.03987 0.033287 0.002769 0.006886 0.005183 0.018722 0.003157 0.008584 0.047669 0.022183 0.017579 0.008781 0.004797 0.004257 0.002988 0.011984 0.001291 0.029145 0.010848 0.000575 0.00286 4.9e-005 0 0 0 0.001316 7.7e-005 3.8e-005 0 0 0 0 0 0 0 0 0 0 0 0 0 0 0 0 0.000644 0.001354 0 0
0.001207 0.000815 0 0.000291 0.000763 0.003628 0.03866 0.00274 0 0.000636 0.000956 0.008543 0.005747 0.000456 0 0 0 0.000214 0.002449 0.006265 0.004136 0.001312 0.000419 0.001512 1.2e-005 0.000426 0.000304 0.004699 0.019178 0.026093 0.019246 0.009152 0.021632 0.02153 0.019469 0.008964 0.063749 0.045417 0.01511 0.000251 0.000374 0.002676 0 1e-006 0.000219 0.004799 0.001219 0.000254 0 0 0 4e-006 0 0 0 0 0 0 0 0 0 0 0 0 0 0 0 0 0 0 0 0.000915 0.005817 0.002887 0 0
0.023578 0.000948 0.001161 0.017413 0.007243 0.002347 0.03292 0.000502 0.000208 0.00018 0.000984 0.019604 0.037847 0.011211 0.00413 0.000554 0 0.000726 0.015797 0.012386 0.006618 0.001851 0.000258 0.001272 0 0 0 0.002153 0.030379 0.03933 0.0294 0.027595 0.00099 0.026832 0.033084 0.033964 0.034735 0.0534 0.003208 0.000587 0 2.3e-005 7e-006 0.00072 0.000142 0 0 0 0 0 0 0 0 0 0.00011 0.000472 5.2e-005 0 0 0 0 0 0 0 0 0 0 0 0 4e-005 0.000315 0 0 0 0 0
0.023962 0.003158 0.000828 0.040779 0.009365 0.005882 0.007636 0.002083 0.000249 5.1e-005 0.002567 0.006893 0.040085 0.020022 0.004668 0.000417 0.003525 0.002603 0.033431 0.048643 0.013471 0.001243 0.000138 0.002308 0 0 0.000129 0.000373 0.009085 0.045966 0.033519 0.075519 0.002592 0.011145 0.015833 0.001155 0.012422 0.008665 0.001701 0.0001 0.00048 0.004703 0.005865 0.002512 0.011743 0.000529 0 0 0 0 0 0 0.000235 0 0.001092 0.004881 0.007299 0.000589 0 0 0.000208 0 0 0 0 0 0 0 0 0 0 0 0 0 0 0
0.005856 0.000165 0.000707 0.00056 0.000316 0.001967 0 9e-006 6.4e-005 0.002828 0.015675 0.002965 0.034735 0.035351 0.00614 0.001441 0.010676 0.027539 0.026813 0.005 0.003638 0.002205 0.00648 0.010514 0.001379 0.001176 0.000798 0.00174 0.00088 0.00741 0.036595 0.05637 0.008956 0.001514 0.005003 0.002014 0.000378 0.000918 0.002361 0.000651 0.005638 0.007173 0.00324 0.001797 0.001207 4.9e-005 0 0 0 0 0.00017 0.000837 0.001577 1e-006 2e-006 0.005909 0.001547 0 0.000829 7.6e-005 0.000893 0.000569 0 0 0 0 0 0.000247 0 0 0 0 0 0 0 0
0.016107 0.001243 0 0.000138 0.002679 0.000745 0.00142 0.00361 0.003093 0 3.1e-005 0.000963 0.020295 0.001004 0.000686 0.018569 0.023516 0.00495 0.000654 0.000314 0.018416 0.003991 0.001639 0.004172 0.004475 0.017572 0.001537 0 0 0.003103 0.020338 0.01983 0.008115 0.002189 0.006143 0.00028 3.6e-005 0.000469 0.001335 0.002455 0.00421 0.003944 0.000419 0.003614 0.0012 0.000134 0 0 0 0 0.000893 0.001684 0.001957 0 0 0 0 0 1.3e-005 0.000167 0.001116 0.001252 0 0 0 0 0.000242 0.000629 0 0 0 0 0 0 0 0
0.020654 0.000584 0.001385 0.00357 0.005082 0.000201 0.012036 0.017156 0.000929 0.000304 0 0.000632 0.009839 0.001616 0 0.000266 0.00104 0.006372 0.001996 0.000919 0.011936 0.022957 0.002336 0.000116 0 0 0 0 0.000355 0.008347 0.031081 0.032501 0.015046 0.009715 0.020735 0.000857 0.002673 0.012113 0.016666 0.00803 1.6e-005 0.00062 0.001959 0.001932 0.003338 0.003157 0.00083 0 0 1.8e-005 0.001625 0.00441 0.000373 0 0 0 0 0 0 0 0 0.000116 0 0 0 0.000628 0.003165 0.003359 3.5e-005 0 0 0 0 0 0 0
0.041501 0.010736 0.005995 0.000804 0.000269 8e-005 0.005757 0.009177 0.007624 0.000207 2e-006 0.003332 0.000163 2e-006 0 0.016782 0.011075 0.004208 0 0.000555 0.00548 0.007732 0.007427 0.001379 0 0 4.6e-005 0.018413 0.04332 0.078651 0.004645 0.00796 0.009817 0.003418 7.4e-005 0.000251 0.001797 0.011028 0.003929 0.005872 0.001424 0.002375 0.004079 0.000537 0.000151 0.001487 0 0 0 0 0 0 0 0 0 0 0 0 0 0 0 0 0 0 0 4e-006 0.006393 0.002155 0 0 0 0 0 0 0 0
0.036441 0.006909 0 0.001995 0.001176 7.6e-005 0.000626 0.000892 0.002504 9e-005 0.000656 0.000259 7e-006 0 0.002128 0.003517 0.001293 0.001274 0 0 2.1e-005 0.006672 0.019194 0.003026 0.002755 0.000854 0.000615 0.024531 0.038125 0.056041 0.052128 0.002145 0 0 0 1.6e-005 0.015554 0.018847 0.01097 0.001222 0.00088 0.00014 0.000385 1.8e-005 0.000407 0.001721 0 0 0 0 0 2.9e-005 0 0 0.000242 0 0 0 0 0 0 0 0 0 0 0.009568 0.001818 0 0 0 0 0 0 0 0 0
0.009227 5.7e-005 0 0.00015 9.7e-005 0 0 7.4e-005 0.000573 0.000108 0.001013 0 0 0 0.004588 0.001933 0 0.000662 0 0.001037 0.001685 0.019762 0.019017 0.002592 0.002601 0.001589 0.00019 0.012143 0.015242 0.02718 0.020351 0.002658 0.00029 0 0 0.001061 0.001736 4e-005 0 9.6e-005 0.0005 0 0 0.00018 0.000638 0.000669 0 0 0 0 0 7e-005 0.000222 0.008915 0.001321 0.00078 0.000197 0.000228 0 0 0 0 0 0 0 0 0 0 0 0 0 0 0 0 0 0
0.001024 0.000231 0 0.000119 0 0 2.1e-005 0.001386 0.010984 0.0323 0.009156 0.000571 0.002168 0.000505 6.3e-005 0.000282 7.2e-005 0 0 0.000235 0.00737 0.012246 0.0175 0.032497 0.009217 0.002238 0.000364 0.000893 0.008535 0.004898 0.021413 8e-006 3.8e-005 0 0 0 0 0.000163 0.00075 0 4.2e-005 0 0 0.000172 0.001928 0.000194 0 0 0 0 0 0.001026 0.002376 0.012062 0.017725 0.019448 0.002311 0.007384 0 0 0 0 0 0 0 0 0 0 0 0 0 0 0 0.002738 0.006622 0
0.015599 0.006055 0.000584 0.001064 0.001862 0 0.001333 0.004063 0.011618 0.021893 0.005114 0.00472 0.000149 0.000334 0.000863 0.000925 0.000533 0.000628 0.000876 3.5e-005 0.000201 0.003351 0.055699 0.014435 0.003406 0.000424 0.021404 0.012455 0 0 0.002768 0.000118 0 0 0 0.000219 0.002192 0.008878 0.00032 0 0 0 0 0 0.000175 0 0 0 0 0 0 0.000325 0.001774 0 0.000954 0.0009860001 0.000354 0.000106 0 0 0 0 0 0 0 0 0 0 0 0 0 0 0 0.001096 0.00195 0
0.00367 0.010686 0.016588 0.009707 0.000705 0.001216 0.000448 0.012082 0.044933 0.02118 0.004275 0.001086 0.009158 0.003161 0.002611 0.001937 0.013294 0.020494 0.025708 0.000208 0 0.003141 0.008168 0.00376 0.000591 0.004615 0.020545 0.003963 2e-006 0.000657 0.004429 0.000999 0 0 0 0.000998 0.001518 9.2e-005 0 0 0 0 0 0 0 0 0 0 0 0 0 0 0.005388 0.002492 0.000434 5.7e-005 0 0 0 0 0 0 0 0 0 0 0 0 0 0 0 0 0 0 0.003813 0
