EnvRasters/GE_High/wheat.asc
ncols         270
nrows         223
xllcorner     24099.479091542
yllcorner     21023.840179216
cellsize      1003.8986847201
NODATA_value  -9999
[rows 68 to 101 of 223, columns 152 to 227 of 270]
0.000455 0.001604 0.004916 0.002723 0.000842 5e-006 0.005361 0.001494 0.000234 0.001496 0.001891 0.006431 0.005152 0.005105 0.006623 0.001734 0.000261 0.006393 0.006577 0.004246 0.004037 0.001772 0.000963 0.001425 0.007348 0.002702 0 0.003625 0.003256 0.007437 0.004675 0.004376 0.00464 0.001999 0.001073 0.001091 0.004774 0.00085 0 6.3e-005 0.000317 0.00026 4.2e-005 0.000122 0.000417 0.008097 0.026103 0.001949 0.00441 0.000406 0.000329 0.001844 0.00287 0.001776 0.000556 0.001272 0.000799 0 0 7.9e-005 0.000154 0.000172 8e-005 7.1e-005 0.000231 0.007399 0.000882 -9999 -9999 -9999 -9999 -9999 -9999 -9999 -9999 -9999
0.007835 0.002922 0.003182 0.000573 0.002722 0.000719 0.001369 0.002713 0.00013 0.000843 0.003208 0.004557 0.0022 0.003737 0.00474 0.003681 0.001317 0.002517 0.005203 0.003203 0.003053 0.007966 0.002795 0.002901 0.00614 0.003929 4.9e-005 0.000464 0.000134 0.001179 0.004029 0.002749 0.002422 0.000173 0.000459 0.000338 0.001864 0.002896 3.5e-005 0.001669 0.000597 0.002234 2e-006 9.2e-005 0 0.001065 0.001211 0.000283 2.5e-005 3e-006 0.002227 0.005631 0.00476 0.007509 0.007467 0.003092 0.001626 0.000361 0.001183 0.00485 0.000811 0.001061 0.00281 0.001538 0.001356 3.9e-005 -9999 -9999 -9999 -9999 -9999 -9999 -9999 -9999 -9999 -9999
0.003419 0.002042 0.00045 0.003746 0.000201 0.002382 0.002145 0.001258 0.002245 0.001787 0.002431 0.0007 0.005199 0.002501 0.005556 0.002889 0.004841 0.006571 0.010482 0.005196 0.006264 0.002339 0.005498 0.004985 0.009318 0.001778 0.001375 0.004427 0.002449 0.000781 0.000445 0.00693 0.005619 0.004019 0.001153 0.000398 0.001572 0.012684 0.00431 0.002297 0.010218 0.008944 0.001467 0.003594 0.009057 0.000719 9.9e-005 0 9e-005 0.001038 0.001315 0.010136 0.010482 0.001899 0.0149 0.004302 0.000479 3.4e-005 0.01355 0.040613 0.004443 0.004789 0.008291 0.000462 0 -9999 -9999 -9999 -9999 -9999 -9999 -9999 -9999 -9999 -9999 -9999
0.006483 0.002901 0.007163 0.004576 0.004176 0.000318 0.001516 0.004098 0.002565 0.004873 0.002184 0.00026 0.005208 0.009682 0.002376 0.004412 0.000725 0.001946 0.000841 0.004839 0.005122 0.007766 0.006735 0.005399 0.004196 0.003007 0.002969 0.004356 0.006991 0.005904 0.007042 0.005655 0.002653 0.000219 0.000426 0.000545 0.004223 0.012697 0.011015 0.003071 0.009136 0.002512 0.003313 0.008325 0.013587 0.000838 0.013216 0.000323 6.5e-005 0.000486 0.002572 0.006713 0.00546 0.00209 0.000312 0.010274 0.002756 0.004523 0.019245 0.008123 0.002846 0.000874 0.000342 6.7e-005 -9999 -9999 -9999 -9999 -9999 -9999 -9999 -9999 -9999 -9999 -9999 -9999
0.001643 0.002996 0.001035 0.002912 0.002541 0.00439 0.00602 0.003467 0.011896 0.002866 0.003147 0.001839 0.010329 0.027362 0.000601 0.000114 0.001594 0.000668 0.002155 0.002877 0.002018 0.002338 0.001827 0.002549 0.000366 0.000899 0.000545 0.003009 0.003351 0.001512 0.006718 0.002718 0.00245 3.5e-005 0.001125 0.000739 0.003393 0.005178 0.002114 0.005728 0.002642 0.00261 0.009183 0.007295 0.004026 0.001095 0.009197 0.004309 0.002501 0.005777 0.004395 0.018164 0.00366 0.001104 0.001977 0.002143 0.003818 0.007475 0.003753 0.002617 0.002774 0.004994 0.005877 -9999 -9999 -9999 -9999 -9999 -9999 -9999 -9999 -9999 -9999 -9999 -9999 -9999
0.003227 0.003278 0.00184 0.001446 0.006667 0.002707 0.001714 0.009642 0.017895 0.026014 0.039465 0.000244 0.003456 0.004987 0.005476 0.003634 0.003332 0.009887 0.011831 0.001874 0.005842 0.001693 0.000201 0.000142 0.000507 0.00015 0.005629 0.00226 0.000637 0.002696 0.002923 0.010209 0.003311 0.000766 0.00068 0.001406 0.00172 0.00459 0.009075 0.010326 0.005373 0.000678 0.005588 0.002136 0.000499 0.002881 0.003583 0.0052 0.005904 0.016929 0.0035 0.00268 0.000803 0.001242 0.003186 0.001237 0.000964 0.000721 0.001517 0.00163 0.003143 0.002917 0.008816 -9999 -9999 -9999 -9999 -9999 -9999 -9999 -9999 -9999 -9999 -9999 -9999 -9999
0.000579 0.000949 0.043287 0.009172 0.008555 0.003473 0.003519 0.006976 0.026988 0.016567 0.012049 0.007914 0.009449 0.001174 0.005096 0.006133 0.002501 0.004829 0.004523 0.002703 0.006297 0.001682 7.1e-005 3.6e-005 0.003791 0.000369 0.000494 0.000849 0.000341 0.003921 0.002719 0.007062 0.008131 0.004594 0.002542 0.001014 0.002664 0.001021 0.004774 0.003924 0.002168 0.001993 0.01169 0.000138 0 0.003031 0.003951 0.000473 0.009035 0.011608 0.004264 0.003812 0.01107 0.000595 0.001279 0.002062 0.001124 0.001618 0.0028 0.0075 0.003974 0.005385 0.008097 3.6e-005 -9999 -9999 -9999 -9999 -9999 -9999 -9999 -9999 -9999 -9999 -9999 -9999
0.002828 0.003943 0.010841 0.001391 0.002221 0.006706 0.014081 0.028986 0.00371 0.003921 0.006015 0.011891 0.014317 0.002998 0.005644 0.005934 0.004955 0.008023 0.00712 0.003146 8.6e-005 0.000474 0.002449 0.001279 0.000438 0.001519 0.005564 0.00084 0.001613 0.009417 0.006317 0.01131 0.003962 0.001365 0.004402 0.003689 0.006815 0.007678 0.001084 0.001572 0.002143 0.004562 0.002251 0.000275 2.8e-005 0.013105 0.002207 0.000125 0.004488 0.01166 0.004323 0.005209 0.015286 0.009562 0.004925 0.004881 0.001388 0.007134 0.00733 0.0162 0.025411 0.006411 0.005034 0.001424 -9999 -9999 -9999 -9999 -9999 -9999 -9999 -9999 -9999 -9999 -9999 -9999
0.003149 0.005838 0.003103 0.000768 0.000636 0.005246 0.005114 0.017685 0.07177 0.040693 0.030918 0.035041 0.009924 0.003003 0.001414 0.004301 0.00344 0.006483 0 7.3e-005 0.000305 0.008103 0.004251 0.001007 0.000247 0.002018 0.002301 0.000487 0.005103 0.004305 0 0.001922 0.000744 0.004253 0.002884 0.005663 0.00445 0.001302 0.001934 0.006873 0.004935 0.001005 0.000198 5.3e-005 0.000413 0.008278 0.001509 0.00241 0.005264 0.003504 0.000875 0.000523 0.000738 0.001006 0.001945 0.006263 0.001333 0.004569 0.004069 0.001766 0.00193 0.005255 0.003064 0.00884 0.000108 2.2e-005 -9999 -9999 -9999 -9999 -9999 -9999 -9999 -9999 -9999 -9999
0.002337 0.00426 0.00526 0.004935 0.010389 0.024481 0.006532 0.00375 0.020139 0.028554 0.010605 0.023481 0.016246 0.002594 0.004348 0.006632 0.001008 8.6e-005 0.000626 0.001213 0.003085 0.026059 0.001169 0.001068 0.006037 0.004456 0.003024 0.001699 0.000187 0.001038 0 0 0.00196 0.009116 0.009448 0.005401 0.004329 0.001806 0.002687 0.004219 0.000576 0.000557 0.001764 0.003442 0.002144 0.009067 0.002961 0.005328 0.001169 0.000903 0.003429 0.000431 0.000167 0.000978 0.00193 0.008934 0.001419 0.005329 0.004711 0.006109 0.007741 0.004554 0.001105 0.011293 0.00841 0.002394 0 -9999 -9999 -9999 -9999 -9999 -9999 -9999 -9999 -9999
0.006497 0.002678 0.009831 0.004034 0.001748 0.004149 0.012526 0.080169 0.013736 0.002329 0.003543 0.014466 0 0 0.0084 0.009061 0.01928 0.001222 0.000978 0.000436 0.01934 0.004282 0.003665 0.003052 0.007333 0.005618 0.004052 0.001528 0.00159 0.015131 0.000404 0.000756 0.002472 0.015303 0.008919 0.009725 0.003269 0.006543 0.003852 0.000346 7.7e-005 0 0.001984 0.004083 0.001911 0.00515 0.010997 0.012824 0.004554 0.0153 0.008998 0.006575 0.018524 0.003022 0.008585 0.008181 0.004728 0.002918 0.007414 0.011262 0.007232 0.001996 0.002573 0.005768 0.008071 0.00656 0 -9999 -9999 -9999 -9999 -9999 -9999 -9999 -9999 -9999
0.010949 0.00354 0.042222 0.027586 0.010875 0.006974 0.022291 0.037459 0.021454 0.004156 0.005727 0.003801 0.003948 0.007882 0.004271 0.021426 0.023226 0.004318 0.002692 0.000329 0.007068 0.011667 0.001171 0.001484 0.002217 0.002689 0.003581 0.001784 0.003913 0.005313 0.003891 0.00597 0.012386 0.009006 0.00406 0.001133 0.003815 0.000748 0.004202 0.009256 0.003062 0.001648 0.002731 0.01474 0.01312 0.010611 0.005507 0.00562 0.00179 0.007143 0.005215 0.009678 0.020596 0.006411 0.009824 0.010793 0.00438 0.006493 0.00218 0.011073 0.008432 0.004669 0.000849 0.001012 0.004855 0.00892 0.000218 -9999 -9999 -9999 -9999 -9999 -9999 -9999 -9999 -9999
0.002511 0.016812 0.245932 0.07852 0.008369 0.011989 0.015544 0.066447 0.022199 0.004177 0.001844 0.006071 0.004344 0.002831 0.005431 0.002854 0.003681 0.007402 0.015965 0.002361 0.015156 0.009814 0.001516 0.003948 0.004012 0.000989 0.002009 0.003731 0.002347 0.003767 0.004664 0.005227 0.017834 0.01543 0.003655 0.000472 0.000232 0.00335 0.003362 0.001068 0.001162 0.001125 0.000634 0.004299 0.003458 0.000775 0.004305 0.006099 0.003663 0.000263 0.0006 0.000425 0.007679 0.00331 0.000105 0.008925 0.006245 0.00716 0.001521 0.004538 0.000833 0.000858 0.004507 0.000182 0.003333 0.015424 0.004302 0 -9999 -9999 -9999 0 0 -9999 -9999 -9999
0.016506 0.035426 0.04447 0.005916 0.007909 0.019253 0.018998 0.020146 0.019417 0.001347 0.003447 0.00506 0.022244 0.005952 0.009166 0.000913 0.000495 0.012674 0.011549 0.031389 0.01434 0.010132 0.005186 0.006417 0.004 0.004669 0.003076 0.002051 0.001613 0.008818 0.002777 0.009086 0.006749 0.012766 0.007251 0.010911 0.001437 0.004726 0.003692 0.000303 0.001011 0.004415 0.003593 0.000382 0 0.000635 0.004733 0.012347 0.007998 5.1e-005 6.7e-005 0 0.021111 0.003344 0.001195 0.006708 0.006926 0.0076 0.001006 8.1e-005 0.006534 0.057204 0.004805 0.001783 0.007259 0.063183 0.005119 -9999 -9999 -9999 0 0 0 0 -9999 -9999
0.008048 0.005659 0.00858 0.004391 0.004898 0.030724 0.012714 0.032368 0.049746 0.006305 0.004117 0.009763 0.058202 0.10322 0.036563 0.009042 0.011578 0.004885 0.001571 0.006739 0.007954 0.009462 0.008175 0.009403 0.004536 0.004864 0.003564 0.001949 0.002123 0.004229 0.004915 0.007556 0.005713 0.002636 0.010811 0.010271 0.005506 0.003919 0.004446 0.00177 0.001651 0.002376 0.002152 0.002759 0.004855 0.000266 0.00184 0.002146 0.005425 0.012473 0.014768 0 0.012682 0.002933 0.005673 0.008847 0.018945 0.012238 0.003184 0.002693 0.005492 0.013829 0.001786 0.000788 0.06164 0.007016 0.001205 -9999 0.000162 7.8e-005 0.00314 0.000872 0.000632 0.0008 0 -9999
0.025408 0.083834 0.056233 0.007073 0.006839 0.007721 0.035401 0.0153 0.008793 0.020803 0.00123 0.011552 0.046008 0.117544 0.011229 0.035638 0.014639 0.013409 0.005714 0.017309 0.010657 0.000878 0.004884 0.004273 0.00248 0.002523 0.006911 0.009259 0.002633 0.005822 0.004993 0.00514 0.006731 0.003702 0.009062 0.006604 0.005409 0.008045 0.003044 0.004775 0.003868 0.004678 0.001702 0.00883 0.003828 0.002622 0.00363 0.001345 0.011272 0.014749 0.005136 0.00291 0.002257 0.003601 0.006507 0.010106 0.020712 0.020906 0.014707 0.012546 0.004359 0.005901 0.002749 0.000258 0.002049 0 0.00043 0.00198 0.001853 0.000751 0.003253 0.001709 0.001901 0.00054 0.000148 0.00083
0.074192 0.169763 0.082947 0.012338 0.004323 0.011148 0.133024 0.014964 0.007354 0.002616 0.001769 0.014549 0.020822 0.010571 0.019689 0.080316 0.040174 0.011843 0.046628 0.03444 0.00459 0.010369 0.010681 0.000148 0.006921 0.010768 0.019887 0.014708 0.009824 0.008377 0.017123 0.006764 0.008112 0.005523 0.011093 0.008654 0.00182 0.004289 0.001119 0.003377 0.00121 0.003202 0.000512 0.001112 0.001514 0.002219 0.001856 0.00186 0.006905 0.004742 0.0013 0.000137 0.001147 0.001392 0.000383 0.000973 0.003734 0.002083 8.4e-005 0.000722 8.6e-005 0.000426 8.3e-005 0 0.001751 0.000851 0.001343 0.001467 0.001721 0.000745 0.000384 0.000653 0.0006 0.00074 0.002712 0.002997
0.030812 0.103946 0.019624 0.006533 0.00116 0.008167 0.013463 0.01953 0.015617 0.009548 0.012331 0.112375 0.014482 0.005474 0.007766 0.030855 0.036865 0.030316 0.163354 0.006427 0.007548 0.013311 0.014082 0.012472 0.003676 0.007363 0.013454 0.008219 0.009875 0.012535 0.029202 0.006855 0.003867 0.001853 0.001431 0.006595 0.001449 0.001192 0.003032 0.002452 0.001772 0.002262 0.001174 0.00194 0.000125 0.002122 0.004997 0.005313 0.004679 0.004085 0.003458 0.001595 0.004788 0.006803 0 1.7e-005 0.001051 0 0.000265 0.00018 0.003467 0.00131 0.002693 0.001633 0.002985 0.001045 0 0 0.000219 0 6e-006 3e-006 0 0.003712 0.009829 0.011374
0.016827 0.015584 0.004338 0.003552 0.004951 0.012525 0.006273 0.008651 0.018519 0.029061 0.027137 0.079892 0.010681 0.010655 0.012366 0.008961 0.007064 0.015125 0.01238 0.019802 0.004548 0.003123 0.008459 0.00799 0.003101 0.005098 0.005588 0.004152 0.004768 0.001643 0.009142 0.002153 0.002659 0.003185 0.002289 0.007416 0.002889 0.000693 0.000725 8e-006 0.0024 0.001312 0.009839 0.004129 0.00772 0.002118 0.004393 0.00443 0.0008 0.002817 0.005573 0.004383 0.003712 0.005603 0 0.000147 9.5e-005 0.000147 0.000823 0.000605 0.008043 0.012495 0.002195 0.004417 0.001707 0.000435 0.001513 0.009618 0.000594 0 0.00253 0.001324 0.000149 1.2e-005 4.5e-005 0.016249
0.012353 0.016023 0.000789 0.005329 0.008356 0.02028 0.005337 0.024429 0.034799 0.057291 0.006665 0.01243 0.023789 0.010566 0.00205 0.013265 0.007857 0.004145 0.006985 0.002928 0.004111 0.002322 0.006722 0.005643 0.00586 0.011804 0.006525 0.000218 0.001257 0.003812 0.002181 0.00238 0.006014 0.00451 0.013358 0.001667 0.000218 0.001465 0.004577 0.000743 0.006903 0.011456 0.005374 0.021998 0.008041 0.015082 0.010052 0.009611 0.005262 0.010587 0.01383 0.006691 0.011394 0.025263 0.013256 0.000747 0.002557 0.025572 0.010781 0.05692 0.012062 0.008784 0.001916 0.000372 0.002411 0 0.001261 0.009197 0.002506 0.002529 0.001026 0.000315 9e-006 0 4.4e-005 0.012567
0.015186 0.026167 0.005734 0.00469 0.007198 0.016822 0.013199 0.01302 0.032754 0.020152 0.027526 0.126791 0.005843 0.019543 0.004646 0.017678 0.038893 0.029385 0.00415 0.00723 0.007855 0.002071 0.001374 0.001238 0.003557 0.004874 0.022228 0.014774 0.009891 0.01179 0.007149 0.028709 0.020159 0.008329 0.005393 0.001885 0.002155 0.007971 0.014838 0.002724 0.019872 0.005882 0.005054 0.009045 0.005301 0.026106 0.025302 0.04083 0.166114 0.026893 0.035549 0.030248 0.138606 0.010152 0.012032 0.011784 0.011212 0.022157 0.023775 0.022677 0.015969 0.004395 0.000487 0.001607 0.001295 1e-006 0.003455 0.019686 0.012613 0.015373 0.002028 0 0 0 0.000176 0.000225
0.019424 0.024806 0.046233 0.00707 0.001883 0.006139 0.020069 0.043173 0.013191 0.007003 0.010362 0.005815 0.002964 0.008543 0.043116 0.137176 0.013997 0.020133 0.001568 0.011535 0.002048 3.4e-005 0.000169 0.004046 0.005827 0.011846 0.005967 0.002914 0.01145 0.006602 0.00604 0.015921 0.028208 0.021753 0.020148 0.003367 0.010475 0.035776 0.016951 0.009826 0.002761 0.000614 0.000769 0.026324 0.00489 0.018424 0.018451 0.046303 0.073388 0.075369 0.034272 0.072518 0.03474 0.013643 0.006307 0.016366 0.009038 0.004475 0.014429 0.020735 0.007197 0.002262 0.001243 0 0 0 0.004012 0.009505 0.002112 0.010851 0.002007 0 0 0 0 0
0.02152 0.118157 0.007015 0.005872 0.014086 0.031622 0.01897 0.007987 0.02695 0.086156 0.008912 0.000325 0.003052 0.006639 0.005046 0.01991 0.008686 0.018319 0.02643 0.112614 0.004656 0 0.002171 0.015602 0.011312 0.006422 0.022121 0.013059 0.000955 0.002586 0.031087 0.024551 0.03005 0.014598 0.011447 0.004399 0.010715 0.065789 0.012602 0.069758 0.137949 0.027345 0.022636 0.019022 0.001082 0.011069 0.0271 0.010095 0.026222 0.041861 0.144168 0.03029 0.095625 0.132834 0.014067 0.010268 0.026636 0.038528 0.045382 0.050866 0.024275 0.000135 0.001536 0 0 0 0 0 0 0.000578 0.000896 1.1e-005 0 0 0 0.000566
0.008279 0.015322 0.027194 0.033709 0.046738 0.024915 0.029773 0.029156 0.015407 0.015104 0.016329 0.011232 0.017948 0.003493 0.012731 0.083112 0.012951 0.01091 0.008107 0.018348 0.004588 0.001638 0.002235 0.011797 0.024126 0.007379 0.007295 0.01334 0.002016 0.004894 0.006509 0.040475 0.000464 0.003297 0.006488 0.001584 0.048372 0.039345 0.029153 0.034205 0.013699 0.037036 0.135539 0.032385 0.012635 0.012904 0.025372 0.130676 0.012694 0.015625 0.032759 0.013198 0.026645 0.035781 0.020685 0.043015 0.035924 0.049754 0.03057 0.030504 0.01054 0.005374 0.000532 0 0 0.000109 0.000123 0.000527 0.000504 0 0 0 0.000246 0 0 0
0.043076 0.025704 0.121921 0.042019 0.026968 0.076648 0.014745 0.024652 0.008069 0.004137 0.00663 0.005803 0.007315 0.012599 0.015386 0.008914 0.009093 0.017229 0.018356 0.000232 0.001967 0.009654 0.007632 0.006434 0.111945 0.013754 0.025322 0.060693 0.006313 0.020099 0.016456 0.011785 0.004253 0.003066 0.000969 0.016651 0.117882 0.013509 0.030892 0.148949 0.038832 0.052067 0.154631 0.031382 0.048107 0.026107 0.024713 0.147781 0.07176 0.036007 0.026449 0.016781 0.035665 0.030761 0.017894 0.037263 0.005345 0.038118 0.018535 0.02037 0.012807 0.002105 0 0 0 0 0 0 6.3e-005 0 0 0 0 0 0 0
0.022371 0.125582 0.033854 0.015443 0.009182 0.009966 0.021454 0.002413 0.007835 0.005115 0.00452 0.006405 0.031079 0.011882 0.006267 0.014545 0.01206 0.046978 0.143102 0.019842 0.015189 0.004443 0.00323 0.000277 0.032281 0.011954 0.013181 0.018654 0.016677 0.016543 0.017957 0.011987 0.015039 0.01041 0.00277 0.002557 0.017818 0.012771 0.014731 0.009457 0.00941 0.044984 0.120571 0.023623 0.087993 0.002212 0.019924 0.038145 0.025475 0.028325 0.022403 0.025064 0.008639 0.01671 7.8e-005 0.007762 0.002992 0.015222 0.001206 0.001608 0.000401 5e-006 0 0 0 5.9e-005 0 0.002534 0.001656 0 0 0 0 0 0 0
0.191283 0.186885 0.005047 0.017877 0.005052 0.020654 0.025092 0.070732 0.010621 0.009771 0.037801 0.010858 0.041361 0.051781 0.143533 0.019176 0.006721 0.007264 0.020706 0.025656 0.007966 0.01255 0.014742 0.021633 0.030627 0.017894 0.040213 0.025165 0.013702 0.003187 0.006819 0.02033 0.011119 0.006366 0.003793 0.006261 0.013001 0.010346 0.001858 0.005883 0.034941 0.115877 0.005676 0.037667 0.02916 0.042072 0.037158 0.0337 0.025531 0.024878 0.030365 0.014756 0.005172 0.003349 0.000823 0.001014 0.018367 0.00015 0.000191 0.002856 6e-006 0 0 0 0.00181 0.001356 0.000937 0.000552 0.000598 0 0 0 0 0 0 0
0.031777 0.005584 0.021784 0.002196 0.009683 0.017916 0.087919 0.016695 0.035426 0.014546 0.024667 0.018476 0.007728 0.021568 0.178139 0.090163 0.030225 0.015384 0.100753 0.152255 0.146091 0.069781 0.024427 0.009418 0.008899 0.010521 0.018361 0.019422 0.11811 0.056888 0.000605 0.010819 0.00826 0.005114 0.008772 0.011612 0.00278 0.007691 0.035454 0.006873 0.009002 0.073638 0.007318 0.025623 0.003896 0.028204 0.038265 0.051518 0.027657 0.017226 0.0079 0.004122 0.010434 0.001904 0.007305 0 1.3e-005 0 0.000168 0 0 0 0 0.000776 0.0043 0.004795 0.000434 5.5e-005 0.000332 0 0 0 0 0.000426 5e-006 0
0.140032 0.04451 0.03821 0.039616 0.156006 0.13205 0.012538 0.004645 0.022222 0.041237 0.012168 0.008348 0.004989 0.026621 0.159362 0.010544 0.104639 0.003847 0.032911 0.041109 0.045614 0.014065 0.147514 0.074443 0.038168 0.007927 0.000745 0.019742 0.144089 0.011556 0.004287 0.026136 0.022131 0.015456 0.027226 0.074496 0.005375 0.001738 0.004111 0.007507 0.017722 0.115256 0.009428 8e-006 0.000758 0.000922 0.009348 0.022637 0.011992 0.003677 0.028591 0.019257 0.033633 0.009502 0.002041 3e-006 0 0 0 0 0 0.000689 0.001366 0.000919 2e-006 0.001221 0.00081 0.000489 0.003365 2.7e-005 0.000672 0 0 0 0 0
0.025293 0.072836 0.064572 0.110445 0.167622 0.129171 0.020966 0.030759 0.027764 0.030137 0.010039 0.009989 0.008436 0.033053 0.001812 0.00342 0.015574 0.008186 0.008604 0.031404 0.070729 0.002997 0.021735 0.042422 0.013846 0.000431 0.000929 0.003582 0.009848 0.010726 0.026166 0.103783 0.001205 0.017635 0.018023 0.024552 0.005693 0.028292 0.007373 0.02053 0.016142 0.007165 0.001295 0.000221 8.2e-005 0.000412 0 0.001822 0.000271 0.006718 0.035115 0.008313 0.020234 5.5e-005 0 0.000114 1.6e-005 0 0 0 0 1.6e-005 5.9e-005 6e-006 0 0 8e-006 4e-006 0.000907 0.000484 6e-005 0 0 0 0 0
0.005579 0.035933 0.059979 0.053873 0.090579 0.02495 0.001953 0.016561 0.041249 0.014924 0.051246 0.112069 0.011948 0.136163 0.001529 0.004143 0.016181 0.013849 0.019117 0.029279 0.023447 0.00882 0.003085 0.009339 0.000437 9.3e-005 0.004953 0.008798 0.02717 0.030358 0.007311 0.007431 0.000439 0.008027 0.007889 0.021798 0.01236 0.005102 0.001316 0.015382 0.025278 0.016888 0.002253 0.000204 0 0.002203 0 0 0.000431 0.01245 0.00886 0.003262 3e-006 1e-006 4.2e-005 0 0.00027 0 2e-006 4e-006 0 0 0.000416 0.001568 1.3e-005 0.001634 0 0 0 0 0.000335 0.000119 0 0 0 0
0.013757 0.00833 0.019059 0.041267 0.070789 0.009599 0.013225 0.022455 0.035375 0.031805 0.031734 0.032031 0.012387 0.005974 0.009585 0.024594 0.199449 0.019478 0.044367 0.018625 0.015725 0.012933 0.029666 0.085324 0.077992 0.001093 0.004469 0.00532 0.002922 0.025161 0.01624 0.00682 0.003211 0.000527 0.00075 0.011496 0.008555 0.008712 0.001118 0.008363 0.001473 0.004186 0.000702 0.003583 0.01881 0.004854 0.001676 0.012224 0.017801 0.000521 0.000356 3.1e-005 0 0 0 0 0 0 0 0 1e-006 0 0.000183 0.005414 0.004057 0.000393 0.004419 0.000857 0 0 0 0 0 0 0 0
0.014207 0.003685 0.006866 0.002496 0.002944 0.014832 0.01505 0.016097 0.007972 0.00972 0.042605 0.066336 0.024725 0.001383 0.013332 0.092902 0.03372 0.006151 0.001665 0.008586 0.002197 0.011271 0.024598 0.183694 0.139293 0.01293 0.098542 0.008714 0.010071 0.004806 0.008093 0.004264 0.017342 0.013268 0.00106 0.007938 0.062855 0.079943 0.015298 0.010138 0.019285 0.006986 0.015903 0.006069 0.002653 0.00308 0.001153 0.00704 0.015791 0.000456 6.4e-005 0 0 0 0 0 0 0 0 0 0 0 0.000439 0.000899 0.000504 0.003988 0.002081 0.000238 0 0 0 0 0 0 0 0
0.005342 0.000591 0.001118 0.002797 0.002278 0.027393 0.009723 0.014448 0.020178 0.008262 0.021025 0.010725 0.013869 0.019394 0.011575 0.01392 0.008956 0.001296 0.020822 0.009418 0.006963 0.01566 0.03284 0.074349 0.001948 0.002132 0.011452 0.007995 0.002981 0.004807 0.002123 0.004127 0.020295 0.030177 0.008271 0.012123 0.025338 0.014603 0.035503 0.043298 0.010448 0.005103 0.016016 0.008129 0.002797 0.010224 0.000186 0.003302 0.002564 0.000751 0.001642 0.001256 1.1e-005 0 0 0 0 0.000184 0.001056 8e-006 0 0 0 0 0 0.000309 0 0 0 0 0 0 0 0 0 0
