EnvRasters/GE_High/wheat.asc
ncols         270
nrows         223
xllcorner     24099.479091542
yllcorner     21023.840179216
cellsize      1003.8986847201
NODATA_value  -9999
[rows 102 to 135 of 223, columns 76 to 151 of 270]
0.002629 0.01749 0 7e-006 9.7e-005 7.3e-005 0.000133 0.01626 0.003763 0.005509 0.000498 0 0.002229 0.000778 0.00198 0.002465 0.012112 0.007328 0.005319 0.005343 0.001553 0.007838 0.014742 0.001394 0.025219 0.001331 0.00562 0.016478 0.001225 0.009849 0.005384 0.002471 0.002747 0.001673 0.006016 0.001378 0.010193 0.00338 0.000148 0.00186 0.000575 0.002901 0.012284 0.013011 0.00635 0.009028 0.022141 0.000892 0.003867 0.071864 0.152556 0.114261 0.009389 0.00541 0.010016 0.017272 0.007035 0.007555 0.001983 0.017724 0.012318 0.040817 0.019029 0.034293 0.001218 0.005636 0.050376 0.147153 0.029292 0.041019 0.007366 0.005401 0.009753 0.003673 0.008964 0.004082
0.000494 0.001374 0 0.008625 0.052356 0.007183 0.007516 0.010123 0.05918 0.002524 1.6e-005 1.7e-005 0.001919 0.020639 0.133505 0.049949 0.004826 0.016031 0.006578 0.032688 0.021781 0.000136 0.002349 0.010115 0.036773 0.029918 0.02438 0.010654 0.000613 0.02795 0.029614 0.006576 0.005709 0.00168 0.000767 0.003477 0.014188 0.01862 0.002388 0.000626 0.002559 0.004207 0.01231 0.028159 0.022013 0.071134 0.004392 0.009638 0.032642 0.08215 0.00998 0.006301 0.002329 0.112719 0.148665 0.035503 0.01723 0.024828 0.013861 0.021371 0.011872 0.008449 0.010079 0.002535 0.000616 0.001216 0.01272 0.036946 0.022091 0.013253 0.006198 0.038301 0.030877 0.054114 0.0491 0.006819
0 0 0 0.001329 0.003029 0.002471 0.005996 0.005024 0.049286 0.00166 0 0.000112 0.008879 0.120372 0.004847 0.002925 0.005413 0.026796 0.004294 0.00913 0.002093 0.001377 0.012102 0.006893 0.003321 0.012115 0.022757 0.017916 0.005382 0.004477 0.023175 0.002196 0.000668 6.7e-005 0 0.007781 0.016103 0.028013 0.00289 0.000626 0.002918 0.004861 0.002152 0.053364 0.023615 0.014153 0.021044 0.051369 0.082773 0.005114 0.000426 0.001214 0.00243 0.110534 0.145532 0.01282 0.010188 0.01956 0.002158 0.017719 0.018317 0.039324 0.024235 0.002644 0 0.000499 0.000378 0.011389 0.031641 0.098053 0.013606 0.014064 0.002995 0.064448 0.043133 0.006959
0 0 0 5.3e-005 0.005357 0.006202 0.007255 0.002723 0.024853 0.022924 0.00114 0.000439 0.007566 0.092676 0.00398 0.018888 0.018746 0.016487 0.00221 0.002966 0.103118 0.063233 0.002824 0.011601 0.000686 0.001564 0.013886 0.028731 7.9e-005 0.001196 0.004216 0.003162 0.002299 0.000966 0.00521 0.02748 0.02551 0.022614 0.010244 0.005569 0.010522 0.009895 0.009324 0.022282 0.004903 0.004845 0.010731 0.083187 0.015707 0.001391 6.3e-005 0.010435 0.023865 0.088619 0.090353 0.013162 0.017087 0.038694 0.00586 0.011221 0.01081 0.024708 0.017592 0.003153 0.005903 0.012419 0.039485 0.018555 0.004557 0.020918 0.035699 0.003961 0.00013 0.045473 0.035401 0.039656
0.002558 0.003073 0 0.000145 3.4e-005 0 0.002523 0.001648 0.00367 0.014705 4.9e-005 0.000286 0.006558 0.015876 0.000803 0 0 0.00033 6.1e-005 9e-005 0.015785 0.003332 0.003219 0.029018 0.019595 0.004134 0.014756 0.013914 0.011132 0.008237 0.023681 0.007664 0.009565 0.00104 0.001068 0.003789 0.015735 0.016722 0.001206 0.014767 0.041609 0.008966 0.001922 0.007828 0.031221 0.002212 0.009321 0.048112 0.001552 0.002402 0.000146 0.014169 0.016897 0.01489 0.060248 0.022556 0.015876 0.010897 0.018614 0.063982 0.043254 0.02973 0.016242 0.001293 0.005792 0.04438 0.015021 0.007599 0.009239 0.007883 0.010267 0.00961 0.014984 0.024165 0.011999 0.023326
0.005681 0.007953 0 0.00016 0.002371 0 0.000682 0.02088 0.008395 3.2e-005 0 0.00155 0.037595 0.000692 0.000419 0.000397 0 0.000896 4.4e-005 0 0.002323 0.004523 0.008283 0.011925 0.011253 0 0.001597 0.018036 0.019732 0.001102 0.026153 0.018875 0.018016 0.005722 0.024261 0.006484 0.028337 0.009778 0.003075 0.023894 0.028561 0.022415 0.000118 0.000462 0.002616 0.013328 0.009903 0.027714 0.000378 0.017736 0.005778 0.014896 0.020844 0.019133 0.011995 0.01916 0.016743 0.008724 0.051013 0.114291 0.100905 0.010763 0.021281 0.008559 0.002909 0.004517 0.00192 0.004175 0.008119 0.015282 0.018933 0.004314 0.0041 0.005495 0.0104 0.014813
0 0.003339 0 0 7e-005 0 0 5.6e-005 0.000287 0 0 0 0.004756 0.016739 0.015832 0.001991 0.000356 0.001222 5e-006 0 3.4e-005 0.00282 0.002784 0.004165 7.5e-005 0.00046 0.002086 0.010441 0.073235 0.032599 0.015987 0.0261 0.047044 0.037609 0.005481 0.032949 0.023468 0.025451 0.014251 0.009715 0.03443 0.003849 0 0 0.001404 0.005212 0.01161 0.092012 0.006129 0.007742 0.049897 0.012843 0.089846 0.008392 0.02926 0.019078 0.00962 0.004031 0.006433 0.033228 0.049804 0.116255 0.003304 0.009025 0.032388 0.00534 0.002397 0.014154 0.018344 0.012489 0.012133 0.011972 0.003788 0.022424 0.00987 0.025898
0.007087 0.006739 3.2e-005 0.000236 0 1e-006 0 3.5e-005 0.000251 0.000963 0.002085 0.000539 0.000941 0.000208 0.00413 0.001405 0.000232 0.001004 0.001196 0.000928 0.001689 0 0.001221 0.007441 0.020511 0.009283 0.001841 0.003251 0.006782 0.016706 0.006813 0.005832 0.018423 0.012884 0.003125 0.000792 0.00215 0.022589 0.006667 0.004891 0.003237 0.007096 0.000765 0.002042 0.008979 0.010537 0.009078 0.00859 0.013619 0.011622 0.045814 0.008464 0.013588 0.030898 0.032392 0.019829 0.000242 0 0.001343 0.00654 0.000656 0.031043 0.004573 0.002987 0.029802 0.004515 0 0.005128 0.080818 0.020386 0.01615 0.039813 0.019374 0.041524 0.027955 0.009942
5.6e-005 0.000958 0.004853 0.002486 0 0.001602 0 1e-006 0.001794 0.009956 0.021997 0.014191 0.01495 0.004622 0.016896 0.011518 0.006288 0.003643 9e-005 0 0.000336 1.6e-005 0.000701 0.000396 0.008397 0.005543 0.002076 0.003058 0.013062 0.008914 0.00695 0.01306 0.006182 0.000871 0.001172 0.000293 0.001822 0.006845 0.004149 0.000138 0.000203 8.4e-005 0.000707 0.004658 0.008785 0.024736 0.032362 0.021621 0.012438 0.009581 0.004428 0.013381 0.03728 0.064551 0.011236 5.7e-005 0.00253 0.003687 0.001519 0.01829 0.001631 0.007004 0.000881 0.000835 0.023047 0.005014 0.003835 0.000239 0.074247 0.019869 0.030572 0.030383 0.031938 0.019147 0.013262 0.017994
0 0 0.002405 0 0 0 0 6.8e-005 0.005537 0.007569 0 3.9e-005 0 0 0 0 0 0 0 0 0 0 0 0.000108 0.00016 0.000988 0.000508 0.005523 0.006023 0.009648 0.018382 0.024943 0.026076 0.012891 0.001106 0.000487 0.003672 0.003206 0.000774 0 3.4e-005 0.002674 0.020589 0.011436 0.022844 0.041198 0.015219 0.048716 0.080522 0.002158 0.002359 0.000464 0.011779 0.035055 0.003376 0.003723 0.01539 0.016405 0.046246 0.072257 0.000347 0.005318 0.022823 0.000507 0.00746 0.010116 0.013455 0.007336 0.020525 0.046036 0.028022 0.01745 0.012705 0.005384 0.021499 0.007614
0 0 0 0 0 0 0.000246 0.000533 0.000907 0.000584 0 1e-006 0 0 0 0.000365 0.001756 0.013934 5e-006 0.000364 0.000379 0.000982 0.000316 0.004087 0.002837 0.000554 0.00324 0.01004 0.000505 0.007971 0.011414 0.006218 0.000901 0.000289 0.001609 0.001107 0.000735 7.1e-005 0.000689 0.001065 0.000682 0.000952 0.010841 0.006051 0.046225 0.042214 0.014926 0.063492 0.014798 0.000803 0.00146 0.001034 0.000593 0.001745 0.001 0.008695 0.012768 0.002355 0.010933 0.068087 0.011275 0.018283 0.009394 0.013562 0.026069 0.011185 0.0096 0.017352 0.012021 0.027003 0.017278 0.012571 0.0131 0.022281 0.023628 0.008016
0 0 0 0 0.000162 0.005946 0.000602 0.001762 0.000719 0.000299 0 0 0 0.00039 0.000481 0.001605 0.007068 0.003229 2.5e-005 0.002062 0.003336 0.003774 0.001006 0.014471 0.017992 0.001721 0.039688 0.039399 0 0.003375 0.012472 0.001666 0.003708 0.000242 4.2e-005 0.001391 0 8.3e-005 0.002843 0.001743 0.000663 0.00062 0.006325 0.016052 0.006058 0.029577 0.032957 0.042515 0.00202 0.003634 0.001785 0.003801 0.009253 0.002934 0.004783 9.3e-005 0.005692 0.003193 0.001965 0.025188 0.006465 0.037713 0.002549 0.020813 0.007194 0.009315 0.023521 0.008846 0.017738 0.037706 0.009037 0.013346 0.019333 0.004542 0.014191 0.00701
0 0 0 0.00133 0.000412 0.0008 0 0.004292 0.001078 0 0 0 0 0 0.000916 0.001161 0.004989 1.5e-005 0.0005 0.000906 0.001907 0.004024 0.003337 0.002479 0.000748 0.003496 0.0041 0.000982 0.00116 0.009086 0.004849 0.001019 0.00026 1.3e-005 0.00443 0.003004 0 0.000181 1.8e-005 3.6e-005 6.2e-005 0.000556 0.001323 0.003134 0.00616 0.002345 0.00624 0.017006 0.008039 0.00547 0.000629 0.0006 0.003971 0.001041 0.001607 0.005726 0.00122 0.002005 0.001891 0.006989 0.033846 0.029484 0.001467 0.002581 0.048146 0.006377 0.008781 0.004432 0.025722 0.0121 0.021919 0.024972 0.010221 0.00345 0.028085 0.013284
0 0 0 6.5e-005 0 0 0 0 0 0 0 0 0 0 7.3e-005 0.001023 0.002298 0.0014 0 0.00086 0.000907 0.004579 0.00338 0.001005 0.004271 0.006647 1e-005 0.005837 0.00076 0.001224 0.000493 0.000989 0.006584 0.012554 0.00975 0.002888 0.000305 0.000308 0 7.3e-005 0 0 2.6e-005 0.003288 0.002653 0.000851 0.003082 0.005642 0.005223 0.004425 0.002578 0.001069 0.002972 0 0.01251 0.018496 0.001124 0.006629 0.02356 0.012394 0.012692 0.006026 0.002218 0.000431 0.000808 0.025609 0.01412 0.005979 0.008715 0.008351 0.009447 0.033428 0.023708 0.017482 0.011278 0.011573
0 0 0 0.000224 0 0 0 0 0 0 0 0 0 0 0.000126 0 0 0 0 0 2.6e-005 0.000114 0.000421 0.000413 0 0.000361 0.000619 6.8e-005 0.000486 0.00737 0.002431 0.004077 0.012336 0.008335 0.002619 0.015808 0.007533 7.8e-005 5.7e-005 1.4e-005 0 0 0.041229 0.042039 0.001977 0 0.004439 0.007009 0.001814 0.001433 0 0 1e-006 3.6e-005 0 0.001024 0.005612 0.003062 0.016645 0.020158 0.006117 0.000962 0.003199 0.001283 0.016925 0.003807 0.000804 0.000679 0.004048 0.00148 0.004744 0.015967 0.023374 0.013316 0.03339 0.015294
0.000267 0 0.004567 0.000288 0 8.2e-005 0 0 0 0 0 0 0 0 6.4e-005 0.000423 0.000571 0.000204 0.002397 0 0 0 1.5e-005 0.000309 0.000292 0 1.3e-005 2.3e-005 0.005318 0.005467 0.007978 0.017828 0.01118 0.006539 0.054874 0.03565 0.002445 0.004641 0.001113 0.002868 0.001661 0.000333 0.017002 0.043378 0.011233 0.005544 0.024956 0.027518 0.001689 0.004422 0.000489 0 0 0.000267 0.000403 0.002007 0.002645 5.5e-005 0.000377 0 0.005318 0.000243 0.006804 0.001887 0.005934 0.019072 0.000482 0.000825 7e-006 0.000841 0.009403 0.007249 0.000849 3.7e-005 0.016715 0.007428
0 0.000367 0.003902 0 0.000352 0.008432 0.000533 6e-005 0 1.6e-005 0.000249 4.2e-005 0.005653 0 0.00123 0.000107 0.002341 0.001434 0.005427 0.004158 0.004175 7.7e-005 0 0.001025 0.000465 0.00017 0.001124 0.003002 0.001797 0.023757 0.001941 8.5e-005 0 0.007232 0.021154 0.070219 0.007144 0.002105 0.009664 0.000414 0.001136 0.001957 0.007695 0.022816 0.047705 0.039032 0.06185 0.049855 0.007221 0.001346 0.000546 0.00034 1e-006 0 0 2.4e-005 0 0 0.003307 0.001871 0.004577 0.000923 0.003654 0.02074 0.008122 0.035514 0.003467 0.004473 0.004487 0.008167 0.00662 0.006304 0.008329 0.00229 0.006673 0.015606
0.001959 0.022268 0.003764 0.00343 0.003679 0.007124 1.9e-005 0.00105 0.005123 0.000597 0.0022 0.001442 0.003948 0.000831 0.006126 0.009778 0.024516 0.006451 0.020214 0.007812 0.010102 0.000674 0 0.000699 0 0.000463 0.009278 0.007968 0.002776 0.017654 0.003191 0 0 0.001021 0.006792 0.015337 0.006073 0.006307 0.01708 0.000213 0 0.007841 0.013323 0.012287 0.014497 0.000375 0.005463 0.004453 0.006329 0.002254 0.00012 0.001248 0 0.000393 3e-006 0 0 0 1e-006 0 0.001357 0 0.000443 0.024697 0.042103 0.000841 0.001957 0.008009 0.004949 0.019947 0.031544 0.00207 0.01029 0.021112 0.009852 0.002775
0 0.004763 0.000156 0.009691 0.056922 0.004984 0.01264 0.000128 0.001602 0.00093 0.000559 0.000123 0.000137 0.000361 0.002977 0.007969 0.004586 0.005022 0.016273 5.9e-005 0.003454 0.000418 0.000198 0 0.000532 0.000598 0.068995 0.000507 0.009714 0.088703 0.005517 0.006788 0.000337 0.0054 0.010906 0.005198 0.014901 0.014761 0.010379 0.00053 0.000396 0.00463 0.004803 0.00377 0.012239 0.010137 0.006587 0.004012 0.001252 0.000128 0 0 2e-006 1e-006 1e-006 0 0 7e-006 0.001416 0.002192 0.000975 0.000245 0.000939 0.001336 0.012444 0.003212 0.004542 0.000351 0.001566 0.019692 0.043698 0.01257 0.005695 0.057277 0.013733 0.003323
0 0.024312 0.003913 0.009672 0.097715 0.022101 0.004436 0.003871 0.0102 0.013593 0.003708 0.000773 1e-006 0 0.000717 5e-006 0.007485 0.024028 0.019823 0.00942 0.008547 0.016826 0.010161 0.001424 0.003193 0.001961 0.076168 0.01394 0.010072 0.114516 0.008237 0.056954 0.011614 0.0327 0.001561 0.001599 0.005367 0.023241 0.004567 0.000274 0.002424 0.001922 0.003905 0.020447 0.005521 0.000374 0.000187 0.002194 0.000455 2.2e-005 0 0 0 0 0 0 0.000235 0.000213 0.001947 4.2e-005 0.000156 0.001653 0.00141 0.0068 0.012317 0.000655 0 0 0.001055 0.014219 0.037517 0.011602 0.007723 0.013914 0.023163 0.015347
1.4e-005 0.014385 0.002112 0 0.00526 0.006052 0.007838 2e-006 0.011824 0.007038 0.001527 0.000548 0.000206 0.002183 0.000556 0.003551 0.00867 0.015752 0.006023 0.002354 0.009752 0.000154 0.000465 0.00112 0.00952 0.001957 0.004195 0.015446 0.005505 0.081076 0.014257 0.10493 0.087126 0.012419 0.008297 0.013016 0.027721 0.015645 0.001271 0.000333 0.002912 0.00959 0.003685 0.001494 0.001261 0 0.001503 0.005902 0.011594 0.008521 0.000299 0 0.006676 0 0 0 0.000131 7e-006 0 0 6e-006 0.002242 0.007098 0.012779 0.005456 0 0 0.000493 0.006284 0.013864 0.023831 0.013046 0.01966 0.017375 0.019279 0.018478
3.2e-005 0.001543 0.000252 0.000225 7.5e-005 0.000302 0.00143 0.01357 0.019025 0.013383 0.001825 0 0 0.002676 0.006602 0.015298 0.006524 0.016184 0.001254 0 0 0 0.003981 0 0.003149 0.082619 0.000339 2.1e-005 0.012073 0.038019 0.053053 0.114641 0.013687 0.009138 0.011575 0.005677 0.007159 0.002395 0.001174 0.0005 0.004648 0.009072 0.004909 0.005584 0.003378 0.008205 0.013258 0.025288 0.025699 0.008495 0 0.000317 0.002998 0.003449 1.6e-005 0 2e-005 8.4e-005 0.004886 0.00373 0.001117 0.00728 0.003702 0.006799 0.000942 0 0.000623 1e-006 0.002135 0.009739 0.023892 0.004478 0.003444 0.017454 0.013165 0.002343
0.000152 0.003233 0.001122 0.001352 0 0.001035 0.005116 0.013266 0.01427 0.00917 0.002232 0.000377 0 0.024807 0.020495 3e-005 4.8e-005 0.009215 0.029741 0.000178 0.001135 0.023014 0.073541 0.005173 0.022348 0.025496 0.002089 0.008591 0.020411 0.024303 0.017656 0.037278 0.027986 0.017321 0.023293 0.002044 0.009076 0.002071 0.008299 0.000608 0.005248 0.005028 0.018181 0.007574 0.002082 0.016775 0.032699 0.02497 0.011587 0.008476 0.00021 0.000437 0.000627 0.001902 0 0 0 0.000258 0.008324 0.019757 0.015785 0.008681 0.003808 0.003606 0.000947 0.000119 0.005187 0.000893 0 0.001211 0.010687 0.003996 0.017722 0.011215 0.006431 0.002705
2e-006 0.000824 0.001793 0.006193 0.005949 0.001332 0.014974 0.000731 0.003855 0.007137 0.022086 0.001367 0 0.020013 0.027195 0.001568 0.003262 0.004849 0.031236 0.005168 0.016573 0.107072 0.020434 0.104188 0.005161 0.018414 0.031394 0.021187 0.087152 0.0144 0.025898 0.023108 0.023186 0.010167 0.025264 0.009463 0.003227 0.001012 0.001539 0.001975 0.007494 1.2e-005 0.015787 0.001507 0 0.01268 0.007775 0.01396 0.001906 0.000537 0 0.000755 0.00027 0 1.4e-005 0 0.004513 0 0.010746 0.015673 0.012991 0.01693 0.000841 0.015249 0.000729 0.000175 0.001173 0.009959 0.008176 0.025183 0.021575 0.005193 0.016789 0.006706 0.023698 0.019342
0.000357 0.000772 0.005867 0.001115 0.009414 0.004148 0.01475 0.004335 5.6e-005 0.001154 0.010551 0.001578 0.000106 0.003136 0.01619 0.005221 0 0.004906 0.033832 0.000648 5e-006 0.000761 0.003583 0.016164 0.009386 0.034127 0.018201 0.020686 0.10955 0.001226 0.004666 0.045173 0.030634 0.002596 0.000185 0 0 0 3.6e-005 0.000445 0.000714 0.016501 0.004891 0.006727 0.000289 0 0.000276 0.00117 1e-006 0 0 0.002994 0.002397 0.000381 0.000679 0.002255 0.026632 0 0.00515 0.004807 0.001155 0.002485 0.005797 0.007757 0.000797 0 0.002975 0.007278 0.023862 0.043482 0.020922 0.002789 0.030199 0.016237 0.019955 0.015691
0.00285 0.000857 0.000255 0.002677 4.7e-005 4e-005 0.002508 1e-005 0 0.000156 4.5e-005 0.00501 0.006339 0.006205 0.022373 0.012174 0 0.006721 0.126854 0.044278 8.2e-005 0.000811 0.021025 0.142202 0.089569 0.014818 0.036416 0.029217 0.012487 0.005207 0.000202 0.023294 0.029757 0.000313 0.004061 0 0 0 0.004155 0.000594 0.001072 0.00755 0.006421 0.018133 0.001657 8.4e-005 0.00131 0.001315 0 0 0.000231 0.001521 0.004365 2.4e-005 0 0 0.013482 0.001611 0.010419 0.003478 0.016321 0.006155 0.006732 0.001742 7e-006 0 0.003497 0.002783 0.006692 0.022743 0.006925 0.00491 0.042314 0.016841 0.078052 0.027704
0.124016 0.016866 0.003649 0 0.000177 0 0.000171 -9999 -9999 0 0 -9999 0.000792 0.00246 0.002566 0.0009 0.001899 0.026406 0.14756 0.029869 0.000799 0.016531 0.063777 0.005302 -9999 0.012209 0.072221 0.061224 0.009111 0.000988 0.000506 0.003855 0.004102 0.004302 0.004871 0 0 0 0.006224 0.008483 0.005155 0.00258 0.003636 0.007794 0.000954 0.003003 0.001555 0.015104 0.008329 0.001043 2e-005 0.002112 0.003657 0.001064 0.003101 0.001159 0.00093 0.023294 0.040982 0.001302 0.00628 0.008881 0.003664 0.004315 0.002651 0.00063 0.00379 0.001419 0.005548 0.023977 0.010616 0.018909 0.063973 0.021052 0.057948 0.060491
0.072921 0.011989 0.00284 0.007109 0 -9999 -9999 -9999 -9999 -9999 -9999 -9999 -9999 0.003433 0.025217 0.013365 0.018341 0.026427 0.030152 0.001375 0.004955 0.000357 0.003273 -9999 -9999 0.006909 0.042842 0.002075 0.000195 5.5e-005 0 0.000214 0.001916 0.002566 0.007504 0.000953 0.012581 0.017657 0.01153 0.024067 0.016812 0.012366 0.014414 0.000197 0.00304 0.02383 0.002072 0.009387 0.001134 0.001291 8.8e-005 0.001388 0.000809 0.004794 0.013707 0.029491 0.015133 0.001923 0.012188 0.000489 0.000386 0.003601 0.000708 0.000292 0.00097 0.002466 0.003194 0.011789 0.029837 0.052474 0.017117 0.052871 0.080401 0.087724 0.044097 0.031211
0.010086 0.004548 0.007025 0.000765 0 -9999 -9999 -9999 -9999 -9999 -9999 -9999 -9999 -9999 -9999 0.005419 0.016849 0.004742 -9999 -9999 -9999 -9999 -9999 -9999 -9999 -9999 0 0 0 0 0 0.000345 0.012963 0.054894 0.026254 0.005767 0.035181 0.035207 0.008631 0.00934 0.004006 0.012885 0.022629 0.00078 0.001433 0.007382 0.003714 0.01611 0.003534 0.002081 0.002797 0.001047 0.000788 0.008019 0.010306 0.020603 0.026676 0.027497 0.016331 2.4e-005 0.000736 0.007467 0.002624 0.002839 0.00047 0 0.006377 0.007691 0.022824 0.020031 0.03735 0.094224 0.05123 0.023367 0.020713 0.012126
0 0.000763 0.001265 0.005739 0.000102 -9999 -9999 -9999 -9999 -9999 -9999 -9999 -9999 -9999 -9999 -9999 -9999 -9999 -9999 -9999 -9999 -9999 -9999 -9999 -9999 -9999 -9999 0 0 0 0.000592 0.006432 0.081064 0.004968 0.017359 0.016353 0.033533 0.052344 0.016649 0.02051 0.012049 0.025704 0.079419 0.035264 0.010608 0.0165 0.019399 0.031481 0.037128 0.006085 0.000928 0.002485 0.002332 0.006345 0.008263 0.020454 0.029372 0.028936 0.02085 0.00952 0.001237 0.002185 0.017046 0.002508 0.00012 2.6e-005 0.003706 0.003764 0.008468 0.014375 0.041266 0.011889 0.022582 0.015143 0.015434 0.019551
-9999 0.000397 0.000492 0.002045 -9999 -9999 -9999 -9999 -9999 -9999 -9999 -9999 -9999 -9999 -9999 -9999 -9999 -9999 -9999 -9999 -9999 -9999 -9999 -9999 -9999 -9999 -9999 -9999 0 0 0.004776 0.017525 0.038188 0.038195 0.056324 0.026677 0.030726 0.043544 0.049346 0.031079 0.013437 0.085259 0.063417 0.03946 0.020676 0.033565 0.037702 0.058395 0.025839 0.032622 0.009189 0.003774 0.004437 0.0211 0.017061 0.017987 0.009807 0.008111 0.01443 0.003406 0.000787 0.006656 0.020097 0.001519 6.6e-005 0.001436 0.002455 0.014475 0.051229 0.039573 0.019665 0.020685 0.007044 0.007304 0.00441 0.0078
-9999 -9999 0.000325 0.000286 -9999 -9999 -9999 -9999 -9999 -9999 -9999 -9999 -9999 -9999 -9999 -9999 -9999 -9999 -9999 -9999 -9999 -9999 -9999 -9999 -9999 -9999 -9999 -9999 -9999 -9999 0.000546 0.0027 0.035416 0.087992 0.046766 0.038181 0.0375 0.009157 0.001547 0.02598 0.036881 0.030092 0.060621 0.036879 0.068896 0.051078 0.046816 0.154386 0.161201 0.079816 0.015714 0.001935 0.001829 0.001253 0.002116 0.022945 0.028953 0.018752 0.007305 0.000607 0.009136 0.014631 0.018356 0.002545 0.001079 0.008582 0.009898 0.037781 0.045725 0.013517 0.013153 0.045471 0.034482 0.00568 0.006876 0.003816
-9999 -9999 -9999 -9999 -9999 -9999 -9999 -9999 -9999 -9999 -9999 -9999 -9999 -9999 -9999 -9999 -9999 -9999 -9999 -9999 -9999 -9999 -9999 -9999 -9999 -9999 -9999 -9999 -9999 -9999 -9999 0.001606 0.015999 0.040989 0.056044 0.03979 0.015614 0.016221 0.007701 0.002928 0.015979 0.012841 0.040911 0.049955 0.158601 0.137379 0.017949 0.044685 0.065642 0.119562 0.05243 0.010556 0.002339 0.003804 0.002407 0.020475 0.038109 0.009998 0.001503 0.005577 0.016456 0.006152 0.005244 0.005584 0.000819 0.017449 0.022334 0.041286 0.065302 0.017108 0.009433 0.010336 0.002962 0.001873 0.013145 0.024908
-9999 -9999 -9999 -9999 -9999 -9999 -9999 -9999 -9999 -9999 -9999 -9999 -9999 -9999 -9999 -9999 -9999 -9999 -9999 -9999 -9999 -9999 -9999 -9999 -9999 -9999 -9999 -9999 -9999 -9999 -9999 1.1e-005 0.027781 0.031513 0.012772 0.016509 0.021019 0.024062 0.024988 0.010842 0.013036 0.032191 0.023434 0.021209 0.032991 0.030786 0.021607 0.039592 0.144415 0.035302 0.004998 0.003779 0.003811 0.003948 9e-005 0.002381 0.026026 0.032123 0.013796 0.00578 0.007349 0.000742 0.002875 0.002809 0.011584 0.027543 0.043029 0.0165 0.032617 0.028857 0.030038 0.006463 0.009155 0.007389 0.047052 0.027456
