EnvRasters/GE_High/wheat.asc
ncols         270
nrows         223
xllcorner     24099.479091542
yllcorner     21023.840179216
cellsize      1003.8986847201
NODATA_value  -9999
[rows 34 to 67 of 223, columns 76 to 151 of 270]
0 0 0 0 0 0 0 0 0 0 5.8e-005 0 0 0 0 0 5.3e-005 0.000161 1.3e-005 0 0 0 0 0 0 0 6.2e-005 0 0 0 0 0 0 0 0 0 4e-006 1.9e-005 0 0 0 0 0.000326 0.003897 0.000281 0.001882 0.001959 0 0 0 0 0 0 0 0 0 0 0 0.000957 0.000692 1.4e-005 0.003146 7.7e-005 0 7e-005 0.000713 4.1e-005 2.9e-005 0.000892 0.000592 2.1e-005 0.001757 0.012364 0.000802 0.000263 3.5e-005
0 0 0 0 0 0 0 0 0 0 0 0 0 0 0 0 0 0 0.001563 0.002352 0 0 0 0 0 0 0.001504 0.001403 0 0.000924 0 0 0 0.000263 0.000163 0 0.001426 0.005449 0.000266 0 0 0 0 6.7e-005 0.00012 0.000403 0.000115 0 0 0 0 0 0 0 0 0.010493 0.003082 0.004417 0.001046 0.000871 0.000608 0.000571 0 6.1e-005 0.001652 0.000104 0.000228 0.000444 0.000209 0.000147 0 4.7e-005 0.004037 0.000222 2.1e-005 0.000309
0 0 0 0 0 0 0 0 0 0 0 0 0 0 0 0 0 0 0.018509 0.000598 0 0 0 0 0.000771 0.000263 0 0 0 0 0 0 0.000137 0.000449 0.000116 0 0.001085 0.001926 0 0 0.000151 0.000902 8.2e-005 7e-006 0.000218 4.5e-005 0 0 0 0 0 0 0 0 0 0.009932 0.018582 0.004076 0.000944 0.004399 0.003215 0.000276 0.005877 0.015411 0.014059 0.004321 0.004742 0 0.000195 0 0 0 0 0 0.007255 0.000744
0 0 0 0 0 0 0 0 0.000168 0 0 0 0 0 0 0 0 0.000698 0.005403 8.1e-005 0 8.4e-005 2e-005 0 0.000197 0.001937 0.003772 0 0 0 1.8e-005 2.4e-005 0 0 0 0 0 0 0 6.1e-005 0.000402 0.000285 0.002636 0.000723 0.000315 0 0 0 0 0 0.000147 0 0 0 0 0 0.00058 0.008847 0.002871 0.011619 0.001468 0.000114 0.001851 0.008698 0.008529 3e-006 0 0 0 0.000115 0 0 0 0 0 0
0 0 0 0 0 0 0 0 5e-006 0 0 0 0.000133 0 0 0 0 0 0 0 0 0.003992 0.003765 0 0 0 0 0 0 0 0.000255 0.002125 0 0 0 6.1e-005 0 0 0 0.001037 0.001242 0.000501 0.000978 0.004029 0.009175 0.00018 0 3.2e-005 0 0 8.6e-005 0 0.002928 1.4e-005 0.001907 0 0 0.001173 3.6e-005 0.004504 0.014743 0.001496 0.003564 0.015774 0.003441 0 0 0 0 9e-006 0.000221 0 0 0 0.000151 0.002052
0 0 4e-005 7e-006 0 0 0 0 0 0 0 0.000115 0.000384 0 0 0 0 0 0 0 0 2e-005 0.003955 0 0 0 0 0 0 0.000114 0.001175 0.001514 0.000494 9e-006 0 0.000381 0.000292 3.2e-005 8.3e-005 0.000713 0.002783 0.002006 0.002872 0.004746 0.01627 0.000128 0 0.00021 0.001617 0.000316 0.000196 8.3e-005 0.004212 0.00231 0.01583 0.000406 6.1e-005 0.003703 0.002595 0.007537 0.029628 0.029012 0.002366 0.005613 0.000138 0 0 0 0.000646 0.000455 8e-005 0.000195 0.001661 5.3e-005 0.000838 0.013414
9e-006 1e-006 4.9e-005 0.000112 0 0 0 0 0 0 0.000122 0.002025 0.001109 0 0 0 0 0 0 0 0 0 0 0 0 0 0 0 0 0 8e-006 0 0.001832 0.005666 0.000867 0.0005 0.002663 0.000186 0.003876 0.000626 0.008123 0.00747 0.001706 8.8e-005 0.000172 0 0 4.7e-005 9.9e-005 1.5e-005 0 0.00017 0.00014 0.000187 0.000876 0.00018 0.000168 0.003401 0.000228 0.009654 0.022677 0.002079 0.000166 0.001414 0.000811 0 0 0 0 0 0.000726 0.000199 0.006432 0.001156 0.01231 0.008703
0.000411 0.000858 0 0 0 0 0 0 0 0 0 1e-005 5.8e-005 0 0 0 0 0 0 0 0 0 0 0 0 0 0 0 0 0.000229 0.00206 0.000173 0.000171 0.000341 8.6e-005 1.3e-005 0 0.00058 0.00879 0.003285 0 0.002513 0.003007 0.012754 0.000695 0 0 0 0 0.000127 0 0.001264 0 0 0 0.000312 0.00073 0.000768 0.002259 0.004505 0.004155 0.004018 0.000102 0 0.002814 0.003523 0.000604 3e-006 0 0 6.6e-005 0.000332 2e-006 0 0.000102 0.005679
0 0 0 0 6e-006 0 0 0 0 0 0 0 0 0 0 0 0 0 0 0 0 0 0.000413 0.00025 0 0 0 0 0 0 0.000181 0 0 0.001582 0.001162 0 0 0.000416 0.001825 0.000214 0.000314 0.000257 0.000951 0.003572 0.001516 5e-005 0 5.3e-005 0.001378 0.001255 0.000203 0.000105 0.000189 0.000109 0 0.000836 0.00175 0 0.000242 0.002643 0.026081 0.008064 0.000815 0 0.000246 0.014418 0.005516 8.6e-005 0 0 0.000362 0.00155 0 0.000985 0.001574 0.007884
0 0 0 0 0.000344 0.000423 0.000107 0 0 0 0 0 0 0 0 0 0 0 0 0 0 0 0 0 5.6e-005 0 0 0 0 0 0 0 0.000428 0.004014 0.00264 0.000133 0.003645 0 0 0 0 0 0 0.000504 0.000394 0 0 0.000796 0.000795 0.000782 0.019491 0.0005 0.001018 0.001768 0.000645 0.000165 0.004226 0.004529 2.1e-005 0.001064 0.00481 0.000601 0.004179 0.000526 0.003606 0.002691 0.004886 0.000113 0.000474 0.000566 0 0.001655 0 0.000292 0.000611 0.001338
0 0 0.000677 6.8e-005 0.002005 0.002104 0 0 0 0 0 0 0 0 0 0 0 0 0 0 0 0 0 0.000247 0.00032 0.000162 0 0 0 2.4e-005 8.2e-005 2.6e-005 0.000612 0.000131 0.000126 0.000974 0.003712 0 0 0 0.000298 4e-006 0 2.6e-005 1e-006 0 0 0.00018 0.000691 0 0.001107 0.000471 0.005581 0.001777 0.002031 0.002383 0.025122 0.007957 0.000193 0 0 0.000375 0.000604 0.0025 0.001349 0.016685 0.007708 0.001609 0.000167 0 0.000586 0.000177 0.000141 0.003034 0.007769 0.000977
2.3e-005 0.000535 0.006385 0.000796 0.000163 0 0 0 0 0 0 0 0 0 0 0 0 0 0 0 0 0 0 2.8e-005 0.000946 0.003519 0.000198 0.000424 0 0.001078 8e-006 0 2e-005 0.00019 0.000204 0.000453 0 0 0 0 4e-005 0.001048 5.9e-005 1.3e-005 0.000844 0.000796 6.6e-005 0 0 0 0 0 0.000667 0.000781 0.018578 0.000692 0.000693 0.000502 0 0 0 0.000389 0.003888 0.007141 0.007872 0.010563 0.002975 0.001464 0 0.000494 0.003022 0.001359 0.000564 0.001434 0.001517 0.015123
0.00077 0.000745 0.000125 0 0 0 0 0 0 0 0 0 0 0 0 0 0 0 0 0 0 0 0 0 5e-005 2e-006 0.000792 0.000284 0 1.6e-005 0 0.000319 0.000415 0 0.000143 0.001226 0 0 4.9e-005 0 0 8e-006 0.000418 0 0.00015 3e-005 0 0 0 0 0 0 0 0 0.00385 0.001567 0.000233 0 0 0 0 0 0.000881 0.00718 0.00806 0.0009869999 0 0.000457 0.000394 8e-005 0.001086 0.000224 0 0.000468 0.004158 0.002535
0.000581 6e-005 0 0 0 0 0 0 0 0 0 0 0 0 0 0 0 0 0 0 0 0 0 0 0 0 0 0 0 0 0 0 0 0 0 0 0 1.8e-005 0.003862 6.6e-005 0.005346 0.002908 0.006151 0.002766 0.002442 0.000877 0 0 0 0 0 0 0 0 0.000551 0.002917 6.5e-005 0 0.00063 0.003051 0.000854 0 1.7e-005 0.004153 0.003111 0.001456 0 0 0.000717 0.000225 0.000134 0.000673 0.001229 0.002438 0.000994 0.011215
0 0 0 0 0 0 0 0 0 0 0 0 0 0 0 0 0 0 0 0 0 0 0 0 0 0 0 0 0 0 0 0 0 0 0 0 0 0.000561 0.000196 0.000479 0.006042 0.003964 0.004102 0.002422 0.001132 4.5e-005 0.00059 0.000794 1.5e-005 0 0 0 0 0 0.000306 0.009778 0.000887 4e-005 0 0.000717 0.00592 0.000196 0 0 5e-006 0 4.9e-005 3.5e-005 0 0 0 1.2e-005 0.001382 0.001418 0 0.001121
0 0 0 0 0 0 0 0 0 0 0 0.000292 0 0 0 0 0 0 0 0 0 0 0 0 0 0 0 0 0 0 0.021217 0 0 1.1e-005 0 0.000451 0 0.001286 0 2e-005 0.001284 0.002929 0.000591 0.000282 0.005223 0.000451 0.000174 0.001934 2.7e-005 0 0 0 0 5.3e-005 0.001327 0.000942 0 0 0.000373 0.001072 0.000396 0.000881 0.000539 0 7.9e-005 0.002408 0.001858 0.000618 0.000254 0.000585 5.1e-005 0 5e-005 2.9e-005 8.1e-005 0
3.5e-005 4e-006 0 0 0 0 0 0 0 0 0.002408 0.000816 0.000128 0 0 0 0 0 0 0 0 4.7e-005 0 0 0 0 0 0 4.2e-005 0 0.000124 0 9.6e-005 0.00103 0.000373 0.000144 0 0 0.000222 0 2e-006 0.000251 0.002972 0.002617 0.003216 0.008717 0.011251 0.001265 0 0 0 0 0 0 3.3e-005 0.001149 0 0 8e-006 9.8e-005 0.000512 0.001962 0.004003 1.2e-005 0.000241 0.005352 0.001357 0.000112 0.000849 2.2e-005 0 1.7e-005 0.000269 0.000113 0 0
0.000318 0 0 0 0 0 0 0.001584 0.004141 0 0 0 0.000814 0 0 0 0 0 0 0 0 0.000414 0.000333 0 0 0 0 0.000775 0.00017 0.000369 0.000595 0.000167 0.001281 0 0.00029 0.00523 0.002273 0 0.000457 0 0 0 0 0.00019 6e-006 0.000233 0.003908 0.001799 0.000359 0 0 0.000234 0.000187 0.00012 0.000246 0 0.008635 0 0 0 0.000296 0.000896 0.000773 0 0.002149 0.003899 0.00339 0.001914 0 0 0 0 0.000923 0.0012 0 0
0.002186 0.000442 0 0 0 0 0 0 0.003925 0.000246 0 1.4e-005 0.000175 0.000229 0 0 0 0 0 0 0.000185 0.00045 0.001718 0.000168 0 0 0 0.000772 0.001235 0.000966 0.000198 0.00085 0.000102 6.7e-005 0.000177 0.004429 4.1e-005 0 0.000101 0.000348 0.000333 0 0 0.00155 0 0 0.000179 0.000172 0.001234 0.001353 0.001088 0.001252 0.000525 0.001485 9e-006 0.001144 0.001246 0 0 0 0 0 0 0 4e-005 0.001616 0.001446 0.000614 0 0 0 0 0.000648 0.002824 0.000181 0
0.000432 0 0 0 0 0.001925 0 0 0.00016 0.001987 0 0 6e-006 4.2e-005 0 0 0 0 0 0.000426 3.1e-005 0 0.00204 0.00175 0 0 0.000747 0.003512 0.000366 0.000168 0 0 0.001547 1.6e-005 9e-005 0.000362 0.0001 0 0 0.001064 0.006174 6.4e-005 0 2.3e-005 2e-005 9e-006 0.002167 0.001922 0.001404 0.011598 0.000115 0.000362 0.000736 0.000484 0.000371 0.000669 0 0 0 0 0 9.7e-005 0 0 0.000172 0.000702 0.00049 0.001514 0 0 0.000168 0.00025 0.000135 0.000215 0 0
0 0 0.000143 0.000191 0 0 0 0 6e-005 0.000435 0 0 0 0 0 0.000247 0.00063 7.3e-005 0.000629 1.5e-005 0.001129 0.000982 0.000548 4e-006 0.001162 0.006175 3.4e-005 0.005731 0.005542 0.000302 0 0 0.001355 0.001544 0.00081 0.00086 1.5e-005 0.000316 0 0.000623 8.6e-005 0.00022 0.000739 0.000174 0.00048 0.001947 0.005134 0.013521 0.008861 0.024786 0.014951 0.00937 0.005053 0.000658 0.007094 0.000212 0 0 0 0 0 0 0 0 0.001868 0.000791 0.000847 8.4e-005 0.000468 0.000882 0.004974 0.000667 0.00019 0.000361 0.000412 0.000614
0 0.000898 0.00031 0 0 7.1e-005 0.000163 0 0.00092 0.000836 0.000173 0 0 0 4e-006 0.001348 0.000707 0.000831 0.000454 0.000846 0.002467 0.006103 0.000302 0.000822 0.003567 0.006843 0.007196 0.008211 0.000433 0 0 0.000202 0.003269 0.002541 0.004936 0.004977 0.004044 0.001311 0.003552 4.4e-005 0.000471 8.7e-005 0.001721 0.007051 0.007417 0.002072 0.001073 0.002953 0.003159 0.016786 0.008148 0.0182 0.010144 0.011953 0.006261 0 0 0 0 0.001044 0 0 0 0.000196 0.000173 0.000324 0.00011 0 0 0.00012 0.00687 0.008741 0.003296 0.002836 0.000594 0.000369
0 0 0 0 8.8e-005 0 0.000664 0.000283 3.1e-005 0 0 6.9e-005 0.000536 6e-005 0.000738 0 0 0.001046 0.000562 6e-006 0.000627 0.000599 0.000373 0.002298 0.002056 0.000812 0.001101 0.002127 5.2e-005 0 0.000589 0.003257 0.003158 2.4e-005 0.001443 0.00517 0.001531 0.001242 0 0 0.001603 0.008899 0.003924 0.003964 0.000953 0.003026 0.010421 0.005065 0.003864 0.003221 0.005878 0.001719 0.002089 0.00568 0.008142 0.001607 0 0.000693 0.008439 0.005708 0.000805 0.006207 0 0.00109 0.000313 0 0 7.6e-005 0 0 2.2e-005 0.000561 0.002081 0.00055 0.000183 0.000403
0 0 0 4.2e-005 0.000819 0.000167 0.00125 0.000959 0.006612 0.001792 0 0.002542 0.005373 2.3e-005 0 0 0.000215 0.000303 0.002121 0 3.3e-005 0.001243 0.002791 0 0.001002 0.000392 0.000723 0.00117 0 0 0.002086 0.005132 0.005959 5.3e-005 0 0.000321 0 0 0 0.000212 0.003868 0.009342 0.001074 0.004416 0.002614 0.005885 0.00528 0.004582 0.005527 0.014387 0.00373 0.000241 0.00143 0.000317 0.000279 0.001437 0 0.002477 0.005692 0.002485 6e-006 0 0.000111 0.001755 0.001042 0 0.000389 0.001337 0.000248 0 0 0 0 0 0 0.000659
0 0 1.9e-005 1.4e-005 0.000111 0 0 0.000772 0.006302 0.000668 0 0.004317 0.002465 3.2e-005 0.000902 0 0 2.2e-005 0.000483 0.000222 0.000347 0.001107 0.000154 0 0.001511 0.003708 0.006043 0 0 0 0.000146 0.001087 0.009613 0.000998 0.000326 0.003004 0.000483 0.001372 0.004205 0.005327 0.00055 0.014002 0.003368 0.000287 0.001033 0.001848 0.004569 0.000897 0.003447 0.004586 0.001409 0.000497 0.000142 0.001576 0.000315 0.001108 0.001002 0.000796 0.000514 0 0 0.002636 0 0.00071 0.000556 0.000142 0.002045 0.006619 0.008087 0.003038 0.00915 0.000837 0.000655 0.000115 0.001602 0.001863
0 4.5e-005 1.3e-005 0 0.000524 5.5e-005 2.8e-005 0.000944 0.000542 0.000227 0.000273 0.001295 0.001529 0.005586 0.000371 0.000903 0.000693 0.000927 8.3e-005 0.001696 0.001343 0.000821 0 0.000294 0.00048 0.001161 0.005442 0.008193 0.000459 0.001305 0.00794 0.000635 0.011762 0.014333 0.001945 0.005073 0.003895 0.001352 0.009211 0.006138 0.001815 0.010211 0.0044 0.000464 3.4e-005 0.001417 0.002766 0.000939 0.005955 0.000761 0.001565 0.002124 0.00093 0.001254 0.000554 0.001712 0.002774 0.009207 0.000309 0 0.000365 0.002113 0 0 0 0 0.000343 4.3e-005 0.001126 0.001429 0.00197 0.003013 0.00019 0.000302 0.001246 0.001262
0 0 0 0.001385 1.7e-005 0.00099 1e-006 0.000844 0.002603 0.001715 0.002827 0.0004 0.002456 0.004422 0.000749 0.00086 0.00042 0.000197 0.00321 0.001473 0.005521 0.000399 4.9e-005 0.000287 0.003071 0.005991 0.003843 0.005272 0.003735 0.003199 0.007722 0.000255 0.001304 0.003171 0.010115 0.006721 0.000731 0.000685 0.005975 0.003951 0.003897 0.009217 0.000418 0.000772 3.9e-005 0.002266 0.008509 0.001706 0.000379 0.004039 0.002018 0.001135 0.001211 0.001218 0.00059 0.00085 0.000488 0.001863 0 0.001246 0.000775 0.000887 5.4e-005 9.4e-005 0 0 7e-006 0 1.8e-005 0 0 0.000914 0 0.000105 3e-006 5.1e-005
0 0.000366 0 0 0 0.000159 0.00709 0.008022 0.001075 0.004668 0.001036 0.000539 0.001217 0.000435 0.00018 9.8e-005 0.000598 0.006575 0.001645 0.00021 0.000303 3.7e-005 0.002864 0.00186 0.001909 0.001836 0 0.002224 0.000532 0.000427 0.004188 0.001735 0.002855 0.009356 0.004137 0.002304 0.002486 0.000397 0.00312 0.001556 0.001823 0.010571 0.002006 0.002403 0 0.009681 0.017169 0.008308 0.005855 0.001208 0.003236 0.003335 0.008325 0.00237 0.000179 0 0.000509 0.002254 0.002208 0.000554 0.002915 0.003628 0.001795 0.000205 0.000147 0.000388 2.9e-005 0 0.000151 0 0.000257 0.000739 0.0001 0.009515 0.002608 7e-006
0 0.000198 5.5e-005 0 0.000924 0.000133 0.000781 0.001384 0.000485 0.006038 0.000574 0.003897 0.001675 0.002969 0.001683 0.002306 0.002725 0.010892 0.002371 0.002001 0.000631 0.00371 0.002515 0.001507 8.3e-005 0.000514 0 0.000284 0.000341 0 0.000469 0.011785 0.001988 0.008869 0.01222 0.005854 0.004264 0.003379 0.007562 0.00534 0.001476 0.010893 0.007453 0.006785 0.002021 0.002455 0.001327 0.001344 0.005259 0.002953 0.008331 0.012666 0.012502 0.005058 0 0.000134 0.01448 0.006771 0.004806 0.00116 0.003476 0.002544 0.001036 0.000605 0.015219 0.004856 0.000386 0 0.000364 0.001673 0.002198 0.00063 0.001118 0.007162 0.00097 0.000208
0.000415 0.000312 0.0069 0.000706 0.000141 0.000327 0.000412 0.000684 0.001473 0.00426 0.000784 0.004032 0.007208 0.007956 0.005791 0.001702 0.000583 0.004044 0.002102 0.008813 0.003012 0.005093 0.003001 0.009087 0.005824 0 0 0 0.000858 0.003036 0.000571 0.001047 0.002245 0.008762 0.001948 0.00306 0.003245 0.000707 0.002702 0.009866 0.001973 0.005093 0.013242 0.003693 0.005919 0.00713 0.000269 0.004878 0.007767 0.003291 0.010847 0.023357 0.000512 0 0.000811 0.001066 0.005703 0.003876 0.004283 0.00272 0.002527 0.003179 0.000647 0.005642 0.016072 0.005442 0.004392 0.003005 0.000124 0.00014 3.9e-005 0.003453 0.00119 0.000523 0.012567 0.005861
0.00217 0.006811 0.005859 0.000728 0.007946 0.006368 0.002274 0.000511 0.000463 0.000551 0.005115 0.006494 0.003546 0.007194 0.020802 0.00135 0.001241 0.003192 0.002374 0.012829 0.008603 0.000632 0.00901 0.007866 0.007629 9.5e-005 0 0 0.002295 0.001527 0.000869 0.004062 0.008717 0.000582 0 0.001364 0.013479 0.000297 0.01286 0.009489 0.003091 0.004606 0.009974 0.00577 0.000636 0.001483 7.2e-005 0.005195 0.016942 0.000957 0.002498 0.00679 0 0 0.001654 0.001746 0.017756 0.010153 0.006984 0.001453 0.002931 0.000283 0.000185 0.00035 0.000768 0.002715 0.008666 0.002767 0.000113 0.000245 0.000732 0.002022 0.004049 0.002071 0.001411 0.004389
0.000835 0.007593 4.1e-005 0.001768 0.004395 0.009999 0.009955 0.002007 0.004642 0.007564 0.006889 0.011073 0.006862 0.007335 0.01898 0.002901 0.008693 0.008229 0.001424 0.008216 0.008922 0.000212 0.002651 0.006076 0.000466 0 0 0 0.000968 0.000341 0.001949 0.008558 0.011537 0.001002 0.000527 0.008342 0.0053 0.001455 0.005617 0.002721 0.006068 0.003562 0.004085 0.001071 0.000561 4.2e-005 0 0.003508 0.004216 0.001908 0.004618 0.002448 0 0 0 4.7e-005 0.002987 0.012461 0.028874 0.010047 0.001418 0.001929 0.001848 0.000897 0.002536 5e-006 0.002166 0.002273 0.000653 0.000454 0.000301 0.000603 0.002805 0.001562 0.003229 0.001
0.000475 0.000293 0.00506 0.001616 0.002539 0.000422 0.001687 0.000409 0.002637 0.00623 0.0078 0.000689 0.000705 0.000666 0.000852 0.001647 0.00385 0.002145 0.001775 0.000218 0.00039 0.001864 0.002686 0.00592 0.010835 0.001904 0 0 0.000591 0.004977 0.001385 0.001115 0.004901 0.004894 0.007268 0.011139 0.004689 0.001035 0.008247 0.004251 0.016862 0.013251 0.030888 0.01217 0.000703 0.001169 0.00107 0.001069 0.00506 0.003207 0.007831 0.007212 0 0 0 0.001563 0.002433 0.018072 0.003801 0.022149 0.011112 0.001683 0.006063 0.008221 6.9e-005 0 0.000908 0.001643 0.000251 0.021534 0.000817 0.002266 0.007362 0.000135 0.00337 0.001352
0.002465 0.000426 0.004939 0.003537 0.003169 0.005954 0.000808 0.000666 0.000215 0.00423 0.000115 0 0.002796 0.003106 0.003514 0.000532 0.009321 0.006448 0.01606 0.002978 0.001111 0.007194 0.008857 0.003614 0.010465 0.001391 7.6e-005 0 0 0.002754 0.00449 0.001062 0.002224 0.009143 0.003147 0.00093 0.000433 0.000105 0.001039 0.012093 0.008716 0.023276 0.064665 0.00693 0.00567 0.000474 0.003002 8e-006 5e-006 0.002722 0.026646 0.011478 0 0 0 0 0.001306 0 0 0.000875 0.011599 0.008042 0.002143 0.00486 0.00651 0.000683 0.000278 0.000855 0.00067 0.004971 3.2e-005 0.00261 0.001076 0.000536 0.000267 0.000503
