EnvRasters/RC_High/agrcltr.asc
ncols         270
nrows         223
xllcorner     24099.479091542
yllcorner     21023.840179216
cellsize      1003.8986847201
NODATA_value  -9999
[rows 102 to 135 of 223, columns 150 to 224 of 270]
0.007776 4.8e-005 0 0.009835 0.024372 0.000555 0.003017 0.009576 0.003417 0.006318 0.000114 0 0.000414 0 0.005759 0.007339 0.007832 0 0.000997 0.002913 0.0052 0.004495 0.00869 0.017405 0.0275 0.016503 0.011576 0.004981 0.000923 0.001004 0.011228 0 0.005213 0.00024 0 0 0 0.001232 0.002501 0.002508 0.002422 0.006613 0 0.004459 0.001415 0 0 0 0 0 0 0.000434 0.002317 0.00044 0 4.4e-005 0 0.004303 0 0 0 0.006164 0 0 0.000114 0.002774 2.4e-005 0.000153 0 0.0007 0.001489 0.003848 0.0014 0.002096 0.00246
0.005992 0.003069 0 0.003202 0.005782 0.002859 0.003409 0 0.002418 0.001027 0.003183 0.004784 0.004067 0 0.005193 0.009888 0.007912 0.000366 0.001478 0.00189 0.004206 0.001496 0.003425 0.001652 0.006984 0.010835 0.00026 0.000344 0.004553 0 0.000322 0.000985 0.002092 0 0.000596 0.000437 0 0.00146 0.008597 0 0.005392 0 0.003807 0 0 0 0 0 0 0 0.000858 0.00108 0.00074 0 0 0 0 0.000693 0.001988 0 0 0.000134 0 2.2e-005 0.00018 0.004867 0.0001 0.001674 0.000403 0.0047 0.000757 0.00193 0.002007 0.0005 0.001123
0.021059 0.003611 0 0 8e-005 9.5e-005 0 0.008791 0.003658 0.000178 0 0.004694 0 0.00344 0.00185 9.6e-005 0.005062 0.000903 0.005249 2e-005 0 0 0.008948 0.000151 0.011645 0 0.00324 0 0.004482 0.001271 0.00989 0 0.00049 0 0.004425 0.007168 0.007154 0 0.00245 0.000713 0.003038 0.001959 0.002511 0.00285 0 0.000162 0.000384 0 0 0.000162 0 0.000609 0.002083 0 0 0 0 0 0.001883 0 0 0.000592 8.2e-005 0.00072 0.000308 0.00111 0.001589 0.000334 0 0.00018 0.0027 0 0.009408 0.0003 0
0.003151 0.00153 0.001638 0 0 0.005461 0.009481 0.008476 0.004301 0.008604 0.001097 0 0.001884 0.000602 0.001106 0 0.003397 0.000912 0.001112 0.010016 0.00123 0.004776 0.005011 0.000126 0.012847 0.000324 0.006086 0.002816 0 0 0.001838 0 0 0.001502 0 0.009682 0.008994 0.002548 0.004349 0 0 0 0 0.00104 0.000168 0.003816 0.000266 0.000756 0.003887 0.002032 0.004588 0.002698 0.000913 0 0 0 0.0036 0 0 0 0.000126 0 0.0016 0.00011 2.8e-005 0.001182 0.0021 0.001431 0.00576 0.008962 0 0 0.000369 0 0
0.000136 0.001494 0.00039 0 0.002915 0.014971 0.000327 0.0221 0.000677 0.007806 0.006054 0.011167 0.001056 0.00028 0.005615 0.00253 0.013649 0.00552 0.002067 0.009326 0 0.005256 0 0.000468 0.004751 0.01891 0.006395 0.003492 0.001362 0.001764 0.004363 0 0.001133 0.00029 0.001312 0.012635 0.001325 0 0.000486 0.003776 0.000255 0 0.000192 0 0.00034 0 0 0.002032 0.002768 0.01118 0.001288 0.008642 0.000485 0 0.000392 0 0.002422 0.000864 0.00024 0.00294 0.007714 0 0.000883 0.000557 0.003013 0.001723 0.00335 0.002656 0.001089 8.4e-005 0.00171 0.000567 0.001969 0.000924 0.007035
0.004157 0.004307 0.006426 2e-005 0.011281 0.001372 0.007534 0 0.004264 6.8e-005 0.008087 0 0.000308 0.001788 9.6e-005 0.004377 0 0 0.002776 0 0 4e-005 0.007566 0 0.007829 0.016497 0.00019 0 0.000874 0 0.000552 0 0.002316 0 0.000222 0.00037 0 0 0.005946 0 0.00188 0 0 0.000296 0.004907 9.7e-005 0.001988 0 0.002543 0.004321 0.001812 0.001178 0.004227 0.006229 0.001451 0.002969 0.001985 0.002517 0.000345 0.000256 7.2e-005 0.003402 0.002208 0.000406 0.00881 0.003734 0.004579 0 2e-005 0 0.003597 0.00042 0.000404 0 0
0.025637 0.003417 0.012436 9.7e-005 0.007963 0.002995 0.0008 0.001584 0.012166 0.003014 0.007097 0.006502 0.000468 0.003426 5e-005 0.008799 0.00078 0 0.000676 0.0001 0.025343 0 0 0.00322 0.005 0.00566 0 0.003064 0.007127 0.002283 0.002819 0.002967 0.003329 0.005265 0 0 0 1.4e-005 2.2e-005 0.000192 0.00033 0 0 0 0.008678 0.010766 0.008189 0.001154 0.001867 0.002288 0.000678 0.00822 0.000479 0.021828 0.000196 0.016906 0 0 0.001008 0.001222 0.000316 0.010095 0.010297 0.00023 0 0 0.012576 0.0096 0.006634 0 0.008166 0.006889 0.0101 0 0.0068
0.004293 0.002025 0.003988 0.000821 0.001156 0.004929 0.017348 0.004322 0.000455 0.004128 0.006187 0.005209 0.000182 0.001166 0.006762 0.000449 0.00133 0 0.016812 0.0004 0.003958 0.001082 0.005077 0.000648 0.000456 0.00144 0.001598 0.002856 0.002635 0 0 0 0 0.00011 0 0.001543 0 0.000672 0.001899 0 0 0 0 0.000126 0.005121 0.009178 0.054073 0.006056 0.003229 9.5e-005 0.000178 0.00051 8e-005 0.009623 0.002139 0 0.003523 0 0.000168 0 5.4e-005 0 0.0203 0.002763 0.007963 0.003744 0.001403 0.01992 0 0.00504 5.9e-005 0.0039 0 0 0.001298
0.007875 0.007835 0.000967 0 0.007299 0.00299 0.000174 0.000972 0.000742 0.00055 0.009184 0.000783 1.6e-005 0.004183 0.001118 0.004192 0.000144 9.9e-005 0.012972 0.0007 0.0015 0.000692 0 0.009174 0.005958 0.000561 0 7e-005 0 0 0.000681 0.003936 0.000132 0.002814 0.002212 0.00325 0 0 0.002328 0.001272 0.001397 0 0.000386 0.001032 0.001391 0.00285 0.016723 0.018877 0.010193 0.011341 0.000114 0.007919 0.0002 0 0.001928 0.005564 0.006273 0 0 0 0.00053 0 0.004921 0.000192 0.004428 0.010247 0.011 0.013474 0.001561 0.0039 0.004298 0.017429 0 0 0.002438
0.015668 0.005197 0.000122 0 0.00108 0.00548 0.002436 0 0 0 0.001224 0.000441 0.006534 0 0.00142 0.000264 0 0.002936 0.000683 0.0048 0.0036 0.015543 0.0024 0 0 0.003036 0.000722 0.003127 0.001566 0.003332 0.000882 0.007348 0.00161 0.006397 0 0.004918 0 0.00266 0.004104 0.004444 0.012866 0.004498 0.002668 0.001408 0.000198 0.003627 0.006023 0.007105 0 0 0.001156 0.000935 0 0.003984 0 0.002112 0.005381 0.000294 0 0.0003 0.005315 0 0.013757 0.001055 0.002381 0.001587 0.00203 0.000612 0 0.0075 0.007132 0.000396 0 0 0.00037
0.000897 0.006253 0 0 0 0 0.000992 0.00325 0 0.002314 0.004275 0 0.001692 0 0.006328 0.004553 0 0.004536 0.008937 0.0063 0.002076 0.000161 0.001278 0.001558 0.000147 0.004376 3.3e-005 0.00057 0.00169 0 0.0071 0.00045 0.0061 0.00072 0.00072 0.008347 0.0046 0 0 0 0.001281 0 0.003975 0.010792 0 0.002523 0.005345 2.9e-005 0.000407 0.004529 1.5e-005 0.000935 0.004021 0 0.0058 0.00678 0.002011 0 0 0.003355 0.003868 0 0.005011 0.005066 0 0.003417 0.006656 0.005213 0.002023 0.00178 0.011254 0 0.0009 0.0033 0.004784
0 0.000252 0.010738 0.001824 0.006647 0 0 0.000162 0 0 0.00092 0 0.005377 0.000194 0 0 0.000154 2.7e-005 0 0 0 0.002726 0.00066 0.006348 0.000119 0.00016 0.00049 0.000898 0 0 0.003122 0 0.006302 0.001827 0.0006 0.000656 0.001723 9.2e-005 0.003985 0 0.001528 0.003712 0 0.003666 0.003096 8e-006 0.004324 0.007386 0.001403 0.019993 0.006431 0.006881 0.011688 0.00132 0 0.001546 0.000435 0.001245 0.001355 0.005913 0.00095 4.4e-005 0.000577 0.000282 0.0021 0 0 0.000853 0.001514 0.00164 0.001346 0.001346 0.000726 0 0
0.001997 0.005335 0.010459 0 0.000648 0.005262 0.000576 0.000101 0.000116 0 0 0 0.007397 0 0.001949 0 0.000768 0.00013 0 0.004331 0 0.003228 0.004232 0.000627 0.000943 0.004618 0.000628 0.000126 0 0.000294 0.003788 0.0086 0.001323 0 0.005056 0.000831 0.001289 0.000592 0.001144 0 8.8e-005 0 0.005046 0.032579 0.007971 0.015359 0.009529 0.006393 0.000578 0.00561 0.00143 0.000854 0 0.004092 0.0011 0.005699 0 0.003101 0 0 0.009826 0 0.007119 0.005922 0.000425 3e-005 0 0.00056 0 0.001756 0.0007 0.008108 0.00012 0 0
6.9e-005 0.000291 0.000631 0 0.001806 0.000273 0 0.00012 6.6e-005 0 0 0 0 2.8e-005 0 0 0.004444 0 0.0024 0.00036 0.001453 0.000507 0.003665 0.003332 0 0.009414 0.00054 0.002203 0.00534 3.2e-005 0 0.0016 0.001386 0.004925 0.010518 0.000196 0.006117 0.003734 0.005301 0.002254 0.000578 0.001206 0.001583 0.04601 0.004298 0.000683 3e-005 0 0.011262 0.004794 0.001056 0.003722 0.001833 0.004206 0 0 0.00096 0.0034 3.5e-005 0.00022 6e-005 0.0002 0 0.001159 0 0.003556 0.008418 2e-005 0.001299 0 0 0.000728 0.0001 0 0
0.001629 0.002218 0 0.001316 0.002408 0 0.002504 0 0 0.0004 0 0.000471 0.000267 0 0.000274 0.00253 4.4e-005 0.002126 0.01334 0.0004 0 0 0 0.001036 7.8e-005 0.00473 0.004494 0.003774 0.003396 0.000228 0.004171 0.007144 0.003598 0.000459 0.00127 0.000989 0.010297 0.005655 0.0042 7.2e-005 0.001692 0.0051 3e-006 0.002795 0.001166 0 0 0.001725 0.012298 0.010886 0.012704 0.008036 0.002312 0.010244 0 0 0.003563 0.0008 0.000105 0.001989 0.001795 0.004437 0.0007 0.000186 0.00068 0 0.00024 0.010716 0.018054 0.001796 0 0 0 0 0
0.006229 0 0.000336 0.002387 0 0 0.00913 8.8e-005 0 5.4e-005 2.3e-005 9.5e-005 0.000491 0.007183 0 0 0.007782 0.001605 0 0.0046 0.0082 0.003993 0.000208 0.002698 0.006832 0.017431 0.006699 0 0.001228 0.001209 0.004809 0.001742 0.00049 0.018546 0.004886 0.000323 0.000747 0.001934 0.001064 0.0014 0.004018 0.003627 0.000952 0 0.022658 0.004807 0 0 0.01281 0.005708 0.04954 0.004481 0.009777 0.019906 0.009775 0.00058 0 0.000603 0.004366 0 0 0 0.004995 0.014826 9.6e-005 0.001044 0 0.002783 7.4e-005 0 0.005 2.5e-005 0 0 0
2.1e-005 0 0.0008 0.000114 0.000495 0 0 0 0.002016 0.008208 0 0.001738 0 0.00528 0.000952 0.00123 0 0.000144 0 0.00028 0 0.000594 0 0.011227 0.015846 0.010393 0.001676 0.003847 0.013443 0.013027 0.013979 0.00567 0.016203 0.00065 0.005724 0.013313 0 0.001885 0 0 0 0 0 0.00013 0.001085 0.00038 0.006624 0 0.00631 0.001732 0.004683 0.00561 0.023845 0.024482 0.008992 0.00023 3e-005 0.001885 0.011729 0 0 0.002724 0.001 9.5e-005 0 0 0 0.009495 0.000491 0.000565 0 0 0 0 0
0.00041 7.2e-005 0.003178 0.001012 0.002398 0.000145 0.003432 0.0015 0.000589 0.001727 0 0 0 0.00102 0 0 0.006142 0.005943 0.001485 0.000759 0 0.001275 0.002251 0 0.005997 0.001762 0.016017 0.001926 0.015202 0.017597 6.1e-005 0 0 0 0 0.004924 0.001582 0 0.006776 0 0 0.004128 0.000888 0.006983 0.00358 0.009145 0.001776 0 0 0 0 0.000249 0.008487 0.01068 0.001347 0.000882 0 0 7e-006 0.00023 0.004 0.002799 0 0 0.0013 0 0.0019 0.00108 0.000857 1.2e-005 0 0.00228 0 0 0
0.001569 0 0.00054 0.001222 0.00457 0.001262 0.000773 0.001121 7.6e-005 0.000899 4.6e-005 0.000276 0 0 0.003664 0.001152 0.004451 0.003154 0.00495 0 3.5e-005 0.011553 0.001518 0 0.000528 0.001536 0.00481 0.004895 0 0 0 0.006237 0.001376 0.006072 0.000272 0 0 0.00202 0.006999 0 0.001679 0.008022 0.000493 0 0.000752 0.002488 0.009862 0 0.010196 0.020199 0 0.000427 0 0.005072 0.001584 0.0003 0.005502 0 0 0 0.00204 0.002219 0.0001 0 0 0 0.0002 0.009244 0.004426 0.000541 0 0 0.003757 0 0.000187
0.008706 0.000198 0.000319 0.00031 9.6e-005 0.002551 0 0.002048 0.000842 0.004408 2.8e-005 0.000555 0 2.3e-005 0.000102 0.001672 0.004578 0.000168 0.0028 0 0 0 0 0.000519 0.002868 0.001402 0.004381 0.001693 0.001061 0 0.001524 0.001628 0.005915 0.008243 0 0.003161 0.001034 0.004556 0.0074 0.00162 0.001064 0.004294 0.001257 0 0.001438 0.004598 0 0 0 0 0 0.010174 0 0.000693 0.009232 0 0 8e-005 0.0001 0 0.017142 0 0.001344 0.000181 0.004222 0 0 0.00396 0 0.003 0 0 0 0.004845 0.002672
2.1e-005 0.007132 0.002184 0.000221 0 0 0.000897 0.003227 0.001443 0.002444 0.00541 2.4e-005 0 0 0 0 0.003664 0 0 0.000388 8.6e-005 0 0 0.000375 0.00195 0.00241 0 0.006846 0.00285 0.005032 0 0.000412 5.9e-005 0.0009860001 0.00036 0.000871 0.000522 0.00097 0 0 0.008073 0 0.00063 0.008947 0.005073 0 0.000985 0.00492 0.003259 0.007727 0 0 0 0 0.003959 0 0.002914 0.0014 0.0003 0.0017 0.00444 0 0.001395 0.001487 0.006865 0.00036 0.0006 0.00215 0.0003 0 0 0.0002 0 0.000138 0.007186
0.004717 0 9.9e-005 0 0.000248 0.009872 0.011551 0.012756 0.005594 0 0.000367 7.8e-005 0 0 0 0 0.000624 0 0 0.000612 0.003395 0.002793 0.003322 0.000518 0.002383 0 0.000122 0.000108 0.000666 0.002976 0.001821 0.017681 0 0.00438 0.002781 0 0.002974 0.008828 0.000171 0.004842 0.003025 0.002362 0.006259 0.005751 0 0 0.001987 0.002606 0.009422 0 0.005679 0 0.011395 0.000966 0 0 4.9e-005 0 0.002406 0.001183 0 0.003048 0 0.001392 0.003633 0 0.010811 0.001973 0.001213 0.00034 0 0.000187 0 0.002292 0.000266
0.000564 0 0.0095 0.0006 0.003 0.004715 0.007823 0.011728 0.004978 0 0 0.000156 0.000211 0.001226 2.6e-005 0 0 0 0.000672 0.0002 0.003619 0.007912 0.000146 0 0.003064 0.0021 0.0006 0.006488 0.0002 0.000154 0.003019 0.001482 0.00096 0.000348 0.001581 0 0.000495 0.00052 0.000588 0.002019 0.00032 0.010988 0.003642 0 0.0008 0 0 3e-005 0.011921 0 0 0 0.0006 4.2e-005 0.016878 0 0.005887 0.0077 0.003345 0 0.01817 0.012248 0 0.00121 0 0.002413 0 0 0.00756 0 0.002547 0.005853 0.001404 0 0.004694
0.001671 0.012052 0.00148 0.002275 0.006038 0.004049 0.012449 0.012268 0.001969 0.00028 0 0 7.2e-005 0.003212 0.000132 0 0.005586 0.003941 0.005043 0.006668 0 0.003471 0.000252 0 0.00081 0.002089 0.0073 0.004998 0.007779 0.001988 0.000654 0 0 0 0 0 0.001368 0 1.6e-005 0.002876 9.7e-005 0 0 0 0.001102 0.003658 0.008019 0.006768 0.002455 0 0 0 0 0 0 0.0024 0.0003 0.002519 0.001241 0.006977 0 0 0 0 3.6e-005 0.000918 0 0 0 0 0.001507 0.000948 0.010506 0 0
0 0.004562 0.001958 1.4e-005 8.8e-005 0.001827 0.029965 0.046787 0.007296 0 0 0 0 0.001108 0 0.002654 0.000714 0.0005 0.000165 0.0018 0.000162 0.005321 0.000722 0.000284 0.0101 0 0 0.0034 0.0052 0.006262 0 0 0.002734 0.012058 0 0 0.001735 0.008442 0.013982 0.008815 0.0021 0 0 0.001395 0.000711 0.002009 0.006723 0.004303 0.002327 0 0.013759 0.003025 0.000564 0.000837 0 6.9e-005 0 0 0 0 0.001634 0.001762 0.001193 0.003115 0.006413 0.000225 0.0001 0.002405 0 0 0.0002 0.0003 0.0006 0 0
0 0 0.00441 0.000792 0.0001 0.001211 0.002088 0.006379 0 9.9e-005 0.001112 0 0.001389 0.001086 0 0.001734 0.00425 0.00094 0.00018 0.00217 0.002064 0.001631 0.000803 0.016301 0.004561 0.00366 0.002724 0.01004 0.006603 0 0.000396 0.005903 0.002547 0 0 0 0.000959 0.007644 0.000607 0.01484 0.003571 0.002645 0.021473 0.001455 0.005112 0.000505 0.002767 0 0.00412 0.000176 0.01196 0 0.000225 0.002005 0.0002 0.0016 0.001604 0.000716 0.001122 0.003424 0.00239 0 0 8.8e-005 6e-005 0 0.000645 0.002262 0 0 0 0 0.00098 0.00019 0
0.003334 0.004631 0.005024 0 0.004272 6e-005 0.020419 0.000893 9e-005 0 0.001981 0 0.000286 0 0 0 0 7e-005 0.000306 0.006601 0.0005 0 0.003501 0.002589 0.0054 0 0.006268 0 0.008305 0 0.00367 0.015334 0.001926 0 0.005646 0 0.008 0.004048 0 0 0 0.002325 0.000113 0 0.0046 0.00083 0.008749 5.4e-005 0.000448 0 0.001148 0 2e-005 0.004653 0.003787 8.5e-005 0.0001 0.002 1.1e-005 0.0041 0.009467 0.002894 0.000426 0.003489 0 0 5.3e-005 0 0 0.000313 0.000212 0.00394 0.000864 3.8e-005 0
0.000759 0.001358 0 0.00055 0.000722 0.012623 0.002858 0 0 1.8e-005 0 0 0 0 0.004404 0.002068 0 0.003117 0.012696 0.002879 0 0.006879 0.000686 9.2e-005 0.001602 0.001569 0.001516 0.011941 0.002424 0.000847 0.006609 0.011855 0.002533 0.004308 0.005184 0.000334 0.0009 0.004018 0 0 0.00777 0.001196 0 0 0 0.000792 0.013525 0.000766 0 0.0002 0.00333 7.4e-005 0 0.0097 0 0 0 0.004624 0.00249 0 0 0.003454 0.001533 0 0 0 0 0 0.002822 0.001584 0 0 0 0 0.001643
0.00012 0 0 0 0.006873 0.007217 0.002744 0 0 0 0.00253 0 0 0.001807 0.002156 0.010486 0 0.002517 0.000459 0.000124 0 0 0.002554 0.0013 0.000576 0.000825 0.006487 0.02598 0.01189 0.002875 0.000453 0 0.006061 0 0 0 0.009726 0 0.02081 0 0 0 0.003616 0 0.0004 0.00083 0.0002 0.0052 0.0004 0.001851 0.00022 0.0001 0 0 0 0 0 0.003359 0.000544 0 0.003448 0.003282 0.007274 0 0 0.000867 0 0 0.00093 0 0 0.000852 0.007242 0.020723 0.011276
0.008637 0.001718 0.006845 9.6e-005 0 0 0.004158 0 0.00238 0.000628 0.000637 0.000492 0.001361 0.006484 0.002956 0 0 0.00157 0.006644 0 0.008739 0.009119 0.005368 0.005086 0.0053 0 0.003655 0.004652 0.009465 0.002815 0.000666 0.000322 0.008748 0.01236 0.0002 0 0 0.00026 0 0 0.0168 0 0.000808 0.001188 0.0073 0 0.003129 0.002342 0.0075 0 0.000546 0 0 0 0 0 0.0023 0.002836 0 2.8e-005 0.0043 0 0.001515 0 0 0 0 7.2e-005 0 0 0 0.000189 0.001485 0.00171 0
0.007724 0.001282 0.005196 0.001923 0 0 0 0.006 0 0.001584 0 9.7e-005 0.003384 0 0 0.006618 0.016218 0.000741 0.01085 0 0 0 0 0.000683 0.004703 0.001034 0.000729 0.037033 0.005206 0.000812 0.007879 0.001232 0.020793 0.011409 0.006122 0.001151 8.1e-005 7.8e-005 0.000648 0 0 0.003596 0.010182 0 0.0006 0 0 0 0.018004 0 0 0 0 0 0.002584 0 0.012862 0.0064 0 0.003067 0 0.0019 0.0012 0 0 0 0 0 0 0.0068 0 0 0 0 0
0.003816 0.0006 0.000198 0.003245 0.002381 0.0001 0 0 0.005373 0.000396 0.005667 0.000504 0.001526 0.003239 0.000372 0.0004 0.002333 0 0 0 0 0.00462 0.010132 0.005614 0.004299 0 0.011219 0.01402 0.006341 0.005488 0.003608 0.000992 0.013483 0.000226 0.0051 0 0 0.003 0 0 0.0005 0.002216 0 0 0 0 0.009204 0.010196 0.000124 0.0004 0.0001 0 0 0 0.002058 0 0 0 0 0.00147 0 0 0.012817 0 0 0 0 0.0042 0 0.004377 0 0.000712 0 0.0016 0.0143
0.020567 0.000192 0.006486 0.000744 0.00148 0.000196 0.007212 0 0 0 0.012012 0.005785 0.00178 0 0 0 0.010651 0.002 0 0 0 0 0.005404 0.009206 0.000252 0.002799 0 0 0.001689 0 0.00444 0.000338 0.0012 0 0 0 0 0 0.002627 0 0 0.017938 0 0 0.013066 0.0001 0.00471 0 0 0.010248 0.029404 0 0 0 0 0.0001 0.00235 0.007795 0.019422 0.0061 0.007648 0.002152 0.0075 0 0 0 0.007804 0.00993 0.0067 0.000405 0 0.0005 0 0 0.0096
0.004722 0 0 0.0002 0 0.003564 0.003291 0.002178 0 0.036784 0 0 0 0 0.009603 0.006759 0.003963 0.0149 0.001587 0 0.004282 0.0049 0.001188 0 0 0 0 0 0 0.004158 0.003581 0.001543 0.0092 0.0083 0.001 0.016762 0.004 0 0.009181 0 0 0.00106 0 0 0.00535 0 0 0 0 0 0.00414 0.001128 0.0023 0.000238 0.004596 0.002989 0.014003 0.0008 0.000504 0.0028 0.006028 0 0.003195 0 0 0 0 0 0 0 0.013 0.008074 0 0 0.002
