EnvRasters/RC_High/agrcltr.asc
ncols         270
nrows         223
xllcorner     24099.479091542
yllcorner     21023.840179216
cellsize      1003.8986847201
NODATA_value  -9999
[rows 102 to 135 of 223, columns 75 to 149 of 270]
0.003729 0.008523 0 0.0054 0.004171 0.0033 0 0.003703 0.008734 0.006934 0.006103 0 0 0.000494 0.000684 0.0022 0.025604 0.001386 0.004227 0.001687 0.001496 0.005881 0.003975 0.01035 0.000969 0 0.003281 0.000358 0 0.00016 0.002544 0.006808 0.000511 0.007688 0.009381 0.000486 4.5e-005 0.006349 0.010497 0.002938 0.001155 0.011645 0.010885 0.00417 0.005751 0.002678 0.008739 0.005335 0.00076 0.000188 0.006701 0.002769 0 0.009417 0.000112 0.005708 0.009131 0.000762 0.003255 0 0 0.002192 0.002718 0.002502 0.012254 4.8e-005 0.01381 0.002497 0 0.00597 0.001018 0.013051 0.004989 0.004521 0.000972
0.000195 0.014518 0.00176 0.001012 0.001392 0 0.013732 0.00075 0.002838 0.000495 0.001733 0.00515 0 0.00962 0.012502 0 0.00368 0.004128 0.002768 0.007294 0 0.006277 0.000135 0.001805 0.001221 0.000528 0.002357 0.00171 0 0 0.000288 0.001276 0.011556 0.031225 0.012048 0.006857 0.000392 0.004275 0.01269 0.010725 0.004192 0.015238 0.002376 0.002569 0.001146 0.004052 0.024461 0.004525 0.005173 0.015827 0.009637 0.002984 0.000213 0.01366 0 0 0.010521 0.005158 0.013343 0.006374 0 0.000798 0.00093 0.007896 0 0 0.000345 0.001919 0.009497 0.00372 0.002136 0.000984 0.001465 0.004749 0.005193
0.004646 0.010843 0.0097 0.000132 0.00114 0.002504 0.01508 0.003992 0.00222 0.005048 0.000793 0.006229 0.004296 0.006001 0 0 0.001634 0.000558 0.000192 0.000366 0.015688 0.001812 0.006367 0.00096 0.00099 0.001508 0 0 0.0044 0 0.001081 0.002574 0.001026 0.005299 0.002564 0 0.00809 0.000324 0.002683 9.5e-005 0.007 0.002079 0.002426 0.003126 0.001147 0.003844 0.001152 0.010245 0.007198 0.006924 0.011306 0.002254 0.000613 0.003594 0.000712 0 0.003264 0.015388 0.028089 0.008641 0.000766 0.007932 0.001116 0.00054 0 0.00292 0.003651 0.0028 0.004774 0 0.001218 0.001495 0 0.000519 0
0.004886 0.0029 0.006496 0.005448 0.002574 0.000569 0.001777 0.002929 0.012607 0.014501 0.001901 0.019904 0.003835 0.003112 0.002366 0.00386 0.002011 0.006761 0.00916 0.001739 0.01576 0.006103 0.001866 0.001029 0.005201 0.008244 0.002501 0.026546 0.028508 0.0049 0.000432 0.007141 0.000964 0.001197 0.007143 0.004274 0.005211 0 0.001196 0 0 0.001548 0.001534 0.003168 0.006327 0.006393 0.005379 0.005216 0.004042 0.010949 0.006307 0 0.003209 0.016071 0.006975 0 0.00026 0.013879 0.021692 0.00679 0.004732 0 0 0.000391 0 0 0.006255 0.001992 0.004992 0.008332 0 0 0.003377 0 0.001299
0 0 0.009731 0 0.0045 0.00283 0.011897 0.008663 0 0.004216 0.007312 0.002328 0.002893 0.00769 0.006797 0.00436 0.00054 0.018216 0.002465 0.00053 0.015836 0.018071 0.000808 0.004436 0.003176 0.000336 0.002772 0.004648 0.010904 0.000168 0.005487 0.008035 0.010764 0.020452 0.004997 0.00131 6.1e-005 0.012829 0.004867 0 0.003481 0.007527 0.010122 0.006436 0.00812 0.001622 0.004374 0.008362 0 0.001305 0.005018 0 0.012795 0.002939 0.008476 0.00729 0.005002 0.00064 0.003295 0.032437 0.003436 0.009784 6.2e-005 0.003748 0.000932 0 0.009267 0 0.000565 0.004897 0.001868 0 0 7e-005 0.001338
0.003707 2.4e-005 0.003207 0 0.0029 0.001629 0.000976 0.010771 0 0.007481 0.00265 0.002768 0.005095 0.001145 0.002364 0.000616 0.006866 0.018352 0.044057 0.007009 0.004496 0.010502 0.002706 0.005046 0 0 0.004343 0.006763 0.002278 0.0043 0.001937 0.001365 0.004726 0.033656 0.007149 0.000876 0.002231 0.001646 0.000119 0 0.00042 0.013486 0.037951 0.008407 0.001868 0.00846 0.006006 0.007674 0 0 0.009755 0 0.005233 0.001538 0.004018 0.00221 0.00095 0.00485 0.001926 0.008409 0.002529 0.001116 0.00117 0.007643 0.011112 0.003452 0.00888 0.012189 0.002185 0.008601 0.011647 0.002458 0.015388 0 0.00051
0.006328 0.003421 0.003617 0 0 0.000721 0.000544 0.015048 4e-005 0.016528 7.3e-005 0.003871 0.002359 0.012486 0.001628 0.004075 0.007548 0.018244 0.059821 0.007307 0.004689 0.002475 0.0016 0.000948 0.005648 0 0.007762 0.005843 0.012624 0.011961 0 0.003708 0.011599 0.003487 0.006358 0.006263 0 0.000661 0.001581 0.002873 0.011289 0.001903 0.005152 0.010241 0.0036 0.002835 0.001591 0 0 0.008829 0.004847 0.00045 0.011144 0 0 0.006048 0.012113 0.001455 0.002561 0.001349 0.001338 0.000916 3.8e-005 0.007086 0.006436 0.005788 0.019041 0.003106 0.00795 0.002653 0.00482 0.000204 0.003304 2.1e-005 0.014391
0.00048 0.002465 0.003605 0.000736 0 0 0.001632 0.015387 0.004 0.001456 0.002856 0.005113 0.001042 0.005371 0.00015 0 0.001763 0.049826 0.058051 0.013144 0.000624 0.003002 0.004363 0.0016 0.007931 0.002772 0.000864 0.0031 0.000608 0.004437 0.007636 0.007419 0 0.00686 0.0006 0 0.000168 0 0.00056 0.008399 0.008997 0 0.006063 0.004607 0.006348 0.004753 0.000364 9.6e-005 0.00182 0.009237 0 0 0.011991 0.002941 0.001859 0 0.010067 0 0.009804 0.005561 0.003028 0.005285 0.003571 0.003569 0.007916 0 0.003952 0.001492 0.01006 0.004636 0.023543 0.000449 0.001074 0.004859 0.010486
0.001641 0.003323 0.003222 0.001143 0.004632 0 0.002467 0.005539 0.001438 0.003678 0.00491 0.003183 0.001262 0.003948 0.002296 0.000834 0.00435 0.004416 0.001512 0.000654 0.001632 0.000782 0 0 0.002407 0.001633 0.00226 0.006084 0.003509 0.002025 0.0033 0.001856 0.000932 0.004628 0.000564 0.000396 0.003551 0.014393 0.004145 8.5e-005 0.000559 0.000836 0 0.002716 0.004731 0.003316 0.008026 0.00057 0.003131 0.000668 0.000825 0.001094 0.003567 0.001562 0.00638 0.001463 0 0.017589 0.037347 0.013293 0.003188 0.003321 0.008743 0.00373 0.001055 0.003027 0.0186 0.005768 0.002758 0.0004 0.002739 0.001121 0.00021 0.01539 0.001218
0.000764 0.0005 0.0002 0.000322 0 2.3e-005 0 0.001928 0.001423 0.003032 0.00342 0 0 0 0 0 0 0 0 0.000264 0 0 0 0 0 0 0.00034 0 0.004185 0.005765 0.001766 0.000719 0.005045 0.005246 0.005064 0.00196 0.000378 0 0.001622 0 5e-005 0.000252 0.000208 0.007068 0.002617 0.002272 0.002649 0.004758 0.003916 0 0.003048 0.002264 0.001925 0 0.005002 0 0.003726 0.00209 0.012493 0.035416 0.00144 0.000325 0.001431 0.000891 0.003644 0.006699 0.002602 0.024339 0.001614 0.008198 0.00059 0.000216 1.1e-005 0.007989 0.001541
0.002068 0 0 0 0 0 0 0.0022 0.004066 0.001567 0.0054 0 0.000428 0 0 0 0 0.000228 0.000497 0 0 0.000364 0.001425 0 0 0.002241 0.000493 0.003616 0.020035 0.036035 0.024354 0.006924 0.006208 0.000286 0.003361 0.002155 0 0 0.00012 0.000525 0.001943 0.0015 0.002331 0.00533 0.006113 0.001506 0.00101 0.004676 0.005585 0.004191 0.00149 0.002999 0.002789 0.001666 0.004776 0 0.004759 0.00962 0.008179 0.010587 0.012912 0.007454 0 0.001656 0.010425 0.004467 0.003004 0 0 0.002632 0 0.001936 0.002406 0.001381 0.002402
0.001332 0.001475 0.001734 0 0.004422 2.6e-005 0.000527 0.003017 0 0.001482 0 0 0 0 0 0 0 0 0.001847 0.00311 0.002852 0.001316 0.005346 0.00372 0 0.001012 0.003966 0 0.002511 0.000331 0.012116 0.00624 0.001036 0.000275 0.003606 0.000532 0.002277 0 0 0.002159 5.4e-005 0.000792 0.0031 0.003182 0.00198 0.00272 6e-005 0.002297 0 0 0.002132 0.000968 0.012704 0.002179 0.000156 0 0.004756 0.014034 0.002346 0.010375 0.000662 0.003209 0.000338 0.007056 0.011978 0.008605 0.00629 0.000493 0 0 0.000272 0.000979 0.001936 0.004999 0.0063
0 0 2.8e-005 0.001881 0.00198 0.006079 0 0.004315 0.013143 0.002762 0.000204 0.0032 0.000113 0.009482 0.0031 0.00206 0.001263 0.002253 0.000805 0.001086 0.000154 0.000793 0 0 0.000231 0 0 0.001445 0.004703 0.001197 0.010235 0.004621 0 0.000285 0.000884 0.000356 0 0 0.000297 0 2e-006 0 0.004621 0.002283 0.004845 0.001379 0.0019 0.002487 0.002551 0.001437 0.000102 0.003507 0.000352 0 0.001112 0 0.000693 3.3e-005 0.000528 0 0.003613 0.002844 0.001271 0.003624 0.0027 0.004554 0.035561 0.013785 0.001437 0 0.003377 0 0.001681 0 0.001629
0.000231 0.000209 0 0.002615 0.00018 0.000917 0.001379 0 0.000108 0.000104 0.00167 0 0.0035 0.003874 0 0.00134 0.003062 0.007185 0.000408 0.000324 0 0 0.000482 0 0 0.000495 0.001077 0.000648 0.001216 0 0 0.001585 4.2e-005 0 0.000572 0.000704 0 0 0 0.000124 0 0 0 0.001485 0.003465 0.000873 0.000618 0.00021 0.000288 0 0.003854 0.00144 0.001974 0.001806 0 6.3e-005 0.000738 0 0.000994 0.000154 0.000679 0.000176 0.0002 0.000835 0.000831 0.000393 0.003761 0.001302 6.3e-005 0.005472 4.6e-005 0.00603 0.004082 0.004023 0.000483
0 0 0 0.001187 0.001704 0.008976 0 0 0.000232 0.000216 0.00075 1.6e-005 0 0 0 0.001082 7e-005 3.4e-005 0 0 0 0 0 0.006142 0 0 0 0.002104 0 0.002494 0.002617 0.013135 0.0058 0 0.002243 0.00044 0.005058 0.000171 0.00816 0.007054 0.000427 0.000266 0 0 0.010666 0.00564 0.000996 0.00408 0.001475 0 0.00111 0.0034 0 3.5e-005 0 0 9.6e-005 0.000725 0 0.000335 0.006917 0 0.001045 0.001798 0.002484 5.2e-005 0 0.00095 0 0.002133 0.000394 0 0 6.7e-005 0.000594
0.000297 0 0.001278 0.003051 0.001305 0.000189 0 0.0012 0 0.000392 0 0 0 0.001108 0.0003 0.000697 7.2e-005 0 0.00144 0 0 0 0.006185 0.001977 0.004606 9.3e-005 0 0.000152 0.001374 0.000267 0 0.000786 0.00098 0.00192 0.002413 0.0042 0.005669 0.001344 0.0005 0.0033 0.001298 0 0.001378 0.002765 0.001176 0.007392 0 0.0032 0.00464 0.000882 0 8.2e-005 0 0.000732 0 0.000286 0.001615 0.00176 8.7e-005 0.00165 0 0.005765 2.4e-005 0.003658 0 0.00245 0 0.000348 1.3e-005 0 2.8e-005 0.000182 0 0.001056 0.002688
0 0.006416 0.000586 0.003229 0.0002 0.003671 0.000681 0 0.000507 0 0.001104 0.00084 0.000547 2.7e-005 0 0.000184 0 0.001276 0.001813 0.005601 0.00323 0.001606 0.000836 0.001534 0.007272 0.005413 0 0.005499 0 0.0015 0.004356 0.002812 0 0 0.009411 0.000216 0.002394 0.002434 0.00165 0.00043 0.00152 0.001853 0.000567 0.002135 0.000567 0.002489 0.002115 0.000489 0.002265 0.001719 0.000532 0.001206 6.8e-005 0.000164 4.2e-005 0.000268 0.000242 0 0 0.002069 0.000421 0.001291 0.000756 0 0.0008 0 0 2.7e-005 0 0.001564 0.00536 0.000815 0.000756 3e-005 0
0 0.000941 0.001252 0.001764 0.000578 0.015842 0.002716 0.002949 0.000324 0.002998 0.000742 0.005435 0.000333 3.3e-005 0.000348 0.000314 0.00041 2e-005 0 0.000243 0.000925 0.007367 0.018451 0.010644 0.000419 0.002017 0.002141 0.012184 0.000483 0.000351 0.001274 0.010959 0.008073 0 0.000384 0.004369 0.000475 0.000512 0.006436 9.6e-005 0.004435 0.003121 0.002447 0.004212 0 0.0004 0.023958 0.000742 0.001952 0.003268 0.000768 0 0.000606 0 0.00064 0 0 0 0 0.000542 0 0.000372 4.2e-005 0.000627 0.001548 0.0003 0 0.000387 0 0.000683 0.000414 0.007071 0 0 0.004001
0 0.002902 0 0 0 0 0.002576 0.001336 0.000282 0.00036 0 0 0.000864 0.00028 0.001265 0.000184 0.002296 8e-006 0 0.001849 0.00099 0.0006 0 0.0041 0 0.004376 0.001138 0 6.3e-005 0 0 0.0006 0.002817 0.000342 0.010687 0.001244 0.001495 0.001003 0.000567 0.00093 0.004849 0 0.00073 0.00197 0.000852 0.003277 0.017026 0.015252 0.007623 0.001089 0 3.6e-005 0 4e-005 3.5e-005 0 0 0 0 2.7e-005 4.4e-005 4.2e-005 0 9.6e-005 2.4e-005 0.004041 0.001591 0.000448 0.001233 0.003318 0.005632 0.00534 0 0.002408 0.000323
0 0.00208 0.002584 0.007978 0.003514 0 0.00479 0.000144 0 0.001056 0.008101 0.003875 7.2e-005 0.000264 0.000186 0.000683 0 0.000982 0 0.001029 0.001581 0.003769 0.001064 0.001881 0.003726 0.004822 0 0 0.002018 0 0 0.01563 0.003573 0.0027 0.002674 0.00302 0.0031 0.000713 0.002085 0.002853 0.001827 0.005236 0.000882 0.00372 0.000189 0.003433 9.2e-005 0.000126 0.003429 0 0.000384 0.000728 0 0 0 0 0 3.9e-005 0.00079 0 0 0.000198 0.00058 0.000286 0 0.003213 9.7e-005 8.7e-005 0.001503 0.000407 0.00108 0.000579 0.0001 0.004318 0.000288
0 0.00014 0.004966 0.007482 0 0 0.001341 0.002144 0.000288 0.000499 0 0.001422 0.000616 0 0 0.000424 0.000773 0.001678 0.001786 0.004137 0 0.005191 0.004127 0.000924 0.000396 0.01173 0 0 0.005576 0 0.00245 0.023522 0 0 0.006353 0.012003 0.000308 0.000977 0.005414 0.000145 0.0015 0.008689 0.003164 0 6e-005 0.001205 0.021497 0 0.002784 0.001218 0.000352 0 0 0.00111 0 0 0 0 7e-005 6.4e-005 0 0.000114 0.00091 0.005497 0 0.000248 0.00196 0 0.000352 0.004188 0.012671 0.001603 0.003133 0.002134 0.000952
0 0.000425 0.016323 0 0 0 0.000216 0 0.001876 0.00012 0 0 0 0 9.9e-005 0.007421 0.000908 0.002242 0.015748 0.006912 0.001561 0.000132 0.000335 0.007167 0 0 0 0 0 0 0.004818 0.001238 0 0.000169 0.002954 0.002856 0.00683 0.009358 0.002407 0.002707 0.0003 0.007086 0.002317 0.004992 0.003617 0.004832 0.059312 0.027695 0.004884 0 0.00059 0 0 2.2e-005 4.2e-005 0.000224 0 0.001 2.6e-005 0.00032 0 0.003272 7.8e-005 0.001296 0 0.000324 6.8e-005 0.001283 0.007681 0.021692 0.00461 0.000184 0.004661 0.00107 2.4e-005
0.001406 0 0.008439 0.001638 0.004622 0 0.013424 0.002355 0.000494 0.002288 0.005882 0.003271 0.000952 0 0.002028 0.00215 0.00264 0 0 0.007086 0.000985 0.001326 0 0 0.00297 0.017098 0.004423 0 9.4e-005 0.003671 0.003545 0.000153 0.00689 0.000546 0.010096 0 0.003654 0.00056 0.002024 0.000189 0.000694 0.00121 0.007201 0.000648 0.000792 0.000712 0.015564 0.038059 0 0.00117 0 0 2.4e-005 0.000374 0.000136 0.0006 7.8e-005 0 0 0.002096 0 0.000291 0.00071 0.000777 0.000241 0.000995 0.000255 0.005774 0.01548 0.071418 0.003244 0.001556 0.00433 0.004414 0.002717
0 0 0.003407 0.00442 0.002253 0.00036 0.001274 0.0014 0.001167 0.006991 0.003461 0.001174 0.004188 0 0.001058 0.00025 0.005381 0 0.001291 0.002676 0 0.003478 0 0 0 0.002331 0.013971 0.00121 0 0.010992 0 0.001665 0 0 0.000423 0.001337 0 0.00416 0.0054 0 0.003855 0.0011 0 0.001867 0 0 0 0.000364 0.001199 9.9e-005 0.000204 0.000963 0.000484 0.003716 0 0.001628 0 0 0 0.001315 0.00023 4.4e-005 0.003204 0 0.007747 3e-005 0.003881 3.6e-005 0.01104 0.011312 0.00169 0.00044 0.00037 0.001485 0.007658
0.000756 0 0.010744 0.005024 0.002781 0.000239 0 0.001272 0.008196 0.000529 0.00095 0.007118 0.011016 0 0.005692 0.003072 0.006425 0.000165 0.000204 0.007105 0.003294 0.000837 0.018994 0.005283 0.0109 0.009666 0.003231 0 0 0.007796 0.000288 0.009899 0.006756 0.00023 0 0.001287 0.000298 0 0.0076 0.0007 0.00023 0.00173 0.00524 0.00034 0.002443 0 0.002319 0.018324 0 0 0.000504 0.000224 0.002359 0.00202 0 4.2e-005 7.1e-005 2.1e-005 0 0.003815 0.001864 0.00017 0 0 0 0 0.005887 0.001917 0.00181 0.004781 0.001497 0.000376 0 0.000654 0.005083
0.00021 0.00165 0.001224 0 0 0 0.004455 0.001847 0.001954 0.004998 0.0018 0.00052 0.006934 0.000804 0 0.00093 0.011198 0 0.001 0 0.005183 0.001032 0.009111 0 0.002905 0.001566 0 0 0.009319 0.00953 0 0.0066 0.002878 0 0.000712 0.007269 0.00488 0.00104 0.004105 0.006002 0.00095 0.002623 0.000116 0.006172 0.000545 0 0 0.009426 0 0 0.00018 0 0 0.000134 0.005709 0 0 0 0 0.006582 0.001368 0.000591 0.001267 0.000505 0.001109 0.000212 0 0.000352 0.005348 0.003731 0 0 0 0 0.012057
0.000258 0 0.007484 0.000446 0.001232 0.004323 0 0 -9999 -9999 0 0.001164 -9999 0.001092 0.000364 0.000186 0.002109 0 0.003192 0 0.003372 0.001002 0.00101 0 0 -9999 0 0.000123 0.00053 0.005391 0 2.6e-005 0.009806 0.00029 0.006 0.0005 0.007867 0.000108 0.002166 0.005595 0 0.003022 0.002663 0.00094 0.002445 6e-005 0.000286 0.0019 0.005283 0.002229 0.000569 0 0.003384 0.001483 0 0.000395 0.0001 0.001174 8.9e-005 0.002201 0.000917 0.000945 0.000558 0.002289 0.000391 0.002275 0.001151 0.004823 0 0.007842 0.003925 0 0.000153 0.001437 0
-9999 0.001426 0.003286 0.002167 0.000621 4e-005 -9999 -9999 -9999 -9999 -9999 -9999 -9999 -9999 0 0.000767 0 0.001273 0 0 0.001298 0 0 0 -9999 -9999 0 0 0 0 0.0064 0 0.001056 3e-005 0 9.3e-005 0.007674 0 0.009101 0.004843 0.002878 0.015939 0.002632 0.001506 0 0.003563 0 0.002 0.003001 0.001595 0 0.000135 0.000333 0 0.002417 0.000401 0.000682 0.006154 0.001144 0.011883 0.004536 0.007046 0.000646 0 0 0.0002 0.000618 9.3e-005 0.00136 0.000928 7e-005 0.009422 0.005009 0.001779 0.003441
-9999 5.1e-005 0.004761 0.005546 0.000891 0 -9999 -9999 -9999 -9999 -9999 -9999 -9999 -9999 -9999 -9999 0.000786 0.000261 0 -9999 -9999 -9999 -9999 -9999 -9999 -9999 -9999 0 0.0025 0.009937 0 0 0 3e-005 0.00184 0.003844 0.007496 0 0.000754 0.000822 0.000775 0.000126 0.00249 0.000607 0.000428 0.004078 0.005339 0.0039 0.005223 0.003597 0.009282 0.000695 0.001584 0.004614 0.002764 0.012131 0.035594 0.013079 0.000542 0.003588 0.000384 0.013485 0.001316 0.0001 0.004644 0.010623 0 0.011321 0.002354 0.000593 0.000706 0 0.001412 0.001157 6.4e-005
-9999 0 0.012276 0.000297 0.00582 0 -9999 -9999 -9999 -9999 -9999 -9999 -9999 -9999 -9999 -9999 -9999 -9999 -9999 -9999 -9999 -9999 -9999 -9999 -9999 -9999 -9999 -9999 0 0.003485 0 0.0013 0.001188 0.0005 0.0027 0.002851 0.007466 7.7e-005 0.001078 0.000642 0.00512 0.007518 0.008184 0.003973 0.000285 0.004402 0.008997 0.001903 0.000884 0.000968 0.003994 0.002802 0 0.00357 0.006509 0.003807 0.017448 0.016073 0.001813 0.009262 0 0.00354 0.006483 0 0 0 0 0.003622 0 0 0.003339 0.001554 0 0.000314 0.008316
-9999 -9999 0 0.004328 0.00194 -9999 -9999 -9999 -9999 -9999 -9999 -9999 -9999 -9999 -9999 -9999 -9999 -9999 -9999 -9999 -9999 -9999 -9999 -9999 -9999 -9999 -9999 -9999 -9999 0.0001 0.0025 0.0059 0.016394 0.008066 0.005834 0.000263 0.005584 0.001008 0.002509 0.003508 0.003332 0.001005 0.000945 0.001161 0.008754 0.004007 0.004256 0.002108 0.008316 0.00088 0.00462 0.002475 0.000665 0 0.004933 0.000552 0.000934 0.005611 0.003909 0.02485 0.0043 0 0.01369 0.003009 0.000444 0 0.003213 0.005996 0.000904 0 0.007004 0 0.001324 0.017505 0.020134
-9999 -9999 -9999 0 0 -9999 -9999 -9999 -9999 -9999 -9999 -9999 -9999 -9999 -9999 -9999 -9999 -9999 -9999 -9999 -9999 -9999 -9999 -9999 -9999 -9999 -9999 -9999 -9999 -9999 -9999 0 0 0 0.005492 0.001872 0.008614 0 0 0 0 0.004865 0.000738 0.00368 0.003705 0 0.00074 0.008988 0 0 0.000846 0.00732 0.003927 0 0.003861 9.9e-005 0 0.001388 0.005903 0.003395 0 0.002231 0.004981 0 8e-006 0.000496 0 3.3e-005 0.001786 0 0.004956 0.004485 0.001071 0.008312 0.021449
-9999 -9999 -9999 -9999 -9999 -9999 -9999 -9999 -9999 -9999 -9999 -9999 -9999 -9999 -9999 -9999 -9999 -9999 -9999 -9999 -9999 -9999 -9999 -9999 -9999 -9999 -9999 -9999 -9999 -9999 -9999 -9999 2.2e-005 0 0.008359 0.001367 0.006489 0.001056 0 0.000288 0.000966 0.00161 0 0 0 0 0 0.012112 0.004331 0.000113 0.00134 0.006217 0.026545 0.006502 0.00024 0.000164 0.002581 0.004238 0.067122 0.035478 0.008315 0.01947 0 0.011365 0.002037 0 0 0.007884 0.005077 0 0 0 0.018844 0 0.011358
-9999 -9999 -9999 -9999 -9999 -9999 -9999 -9999 -9999 -9999 -9999 -9999 -9999 -9999 -9999 -9999 -9999 -9999 -9999 -9999 -9999 -9999 -9999 -9999 -9999 -9999 -9999 -9999 -9999 -9999 -9999 -9999 0 0.000814 7e-005 0.002553 0 0.005519 0 0.000522 0.004438 0.000553 0.006102 9.4e-005 0 0.003234 0.020468 0.000415 0.004043 8e-006 0.002151 0.002969 0.012232 0.002564 0.011218 0.001289 0.017706 0.001079 0.019354 0.005553 0.004133 6e-005 0 0.004391 0.004635 0.004373 0 0.004548 0.001264 0 0.008487 0.001483 0.002464 0 0
