EnvRasters/RC_High/agrcltr.asc
ncols         270
nrows         223
xllcorner     24099.479091542
yllcorner     21023.840179216
cellsize      1003.8986847201
NODATA_value  -9999
[rows 68 to 101 of 223, columns 0 to 74 of 270]
-9999 0.000203 0.014974 0.029537 0.048628 0.0159 0.014625 0.010115 0.000164 0.054154 0.055256 0.009215 0.016398 0.01222 0.025016 0.024169 0.005358 0.028689 0.025452 0.03715 0.028332 0.0251 0.005082 0.009152 0.007627 0.035658 0.016662 0.044792 0.023358 0.063924 0.028146 0.093224 0.007151 0.000297 0.025588 0.043945 0.056944 0.01399 0.009988 0.026701 0.010369 0.067909 0.011088 0.011013 0.051333 0.053907 7.9e-005 0.053463 0.000832 0.066752 0.069638 0.037149 0.000605 0.0042 0.011723 0.024713 0.052922 0.014681 0 3.9e-005 6.9e-005 0.007345 0.007855 0.044716 0.012906 0.057186 0.045402 0.118162 0.0704 0.018883 0.001861 0.050972 0.000874 0.023411 0.000466
-9999 0 0.0079 0.019333 0.01077 0.033117 0.020507 0.018698 0.019274 0.011192 0.066309 0.032683 0.036783 0.055681 0.043758 0.016725 0.023572 0.029729 0.034419 0.044202 0 0.042649 0.002878 0.001547 0.016531 0.051078 0.059852 0.015268 0.022316 0.017141 0.049018 0.030703 0.023234 0.050071 0.069721 0.016199 0.021284 0.058712 0.117428 0.041277 0.0521 0.059893 0.009529 0.057544 0.060171 0.026035 0.009616 0.012613 0.036254 0.059586 0.009108 0.047415 0.004251 0.063762 0.001106 0.003018 0.044272 0.055304 0.004598 0.005026 0.024501 0.013016 0.00553 0.014844 0 0.010993 0.00907 0.018849 0.076154 0.006395 0.012348 0.003643 0.01464 0.002961 0.001486
-9999 0.000456 0.006717 0.001883 0.011931 0.017407 0.00778 0.072109 0.05998 0.031288 0.014295 0.025908 0.007179 0.028005 0.003573 0.047029 0.016919 0.070356 0.131803 0.021264 0.015028 0 0.0141 0.003 0.066884 0.156538 0.038636 0.01578 0.000954 0.074216 0.045539 0.027395 0.03093 0.000267 0.045344 0.000238 0.015809 0.02132 0.022053 0.014046 0.114981 0.016804 0.000268 0.059438 0.109341 0.031611 0.02785 0.110913 0.000494 0.115177 0.015035 0.015687 0.01838 0.01378 0.002279 0.017028 0.060172 0.063345 0.033553 0.000863 0.00036 0.008256 0.065318 0.133458 0.031644 0.014164 0.000153 0.008764 0.011021 0.000378 0.002439 0.013094 0.000234 4.8e-005 0.007296
-9999 0.03417 0.041389 0.057661 0.005258 0.028317 0.013068 0.023434 0.026866 0.000798 0 0.018078 0.078821 0.027871 0.016631 0.028512 0.002225 0.045719 0.096845 0.087751 0 0 0.01254 0 0.082069 0.109323 0.010261 0.033902 0.013283 0.137232 0.140954 0.017861 0.024812 0.007234 0.025768 0.017702 0.053959 0.0163 0.055942 0.026208 0.052586 0.008048 0.010249 0.022331 0.020135 0.20537 0.101088 0.055508 0 0.059156 0.013828 0.004653 0.01653 0.020371 0.052627 0.012414 0.029836 0.009281 0.040452 0.009358 0.000608 0.000756 0.000242 0.020573 0.026833 0.01047 0.009608 0.019899 0.086323 0.030809 0.003742 0.002823 0 0 0.029557
-9999 0.001957 0.012403 0.045052 0.012319 0.008452 0.033767 0.042528 0.070578 0.001015 8e-006 0.005032 0.047993 0.067794 0.010456 0.028758 0.027018 1.6e-005 0.023067 0.041323 0 0 2e-006 0.001199 0.01366 0.013641 0.029314 0.015418 0.014283 0.028877 0.014366 0.08307 0.058461 0.074333 0.028718 0.006215 0.035125 0.049695 0.0188 0.00149 0.04716 0.003277 0.000958 0.028365 0.059985 0.078869 0.001742 0.001188 0 0 0 0 0 0.04062 0.004009 0.039265 0.014699 0.026136 0.0136 0.065727 0.023161 0.008918 0.036714 0.035268 0.001656 8.7e-005 0.043737 0.032826 0.011813 0.02946 0.0333 0.0155 0 0 0.005148
-9999 -9999 0 0.069226 0.005505 0.009431 0.00462 0.008499 0.025333 0.021093 0.018078 0.021278 0.008416 0.059144 0.02936 0.089029 0.043504 0.018193 0.008467 0.030572 0.000173 0 0.006888 0.03548 0.040988 0.011173 0.009894 0.007863 0.09896 0.095163 0.045745 0.011357 0.017945 0.035485 0.01493 0.006457 0.013134 0.027473 0.005499 0.016856 0.022247 0.009159 0.001094 0.000431 0.001694 0.007424 0.013586 0.009025 7.2e-005 0.005398 0 0.004876 0.012149 0.001742 0.0152 0.029617 0.114087 0.025228 0.010363 0.072904 0.004064 0.040054 0.025772 0.040691 0.049009 0.038243 0.024581 0.008335 0.017171 0.000312 0 0 0 0 0.010101
-9999 -9999 0 0.017546 0.019624 0.034963 0.03515 0.091643 0.020239 0.093845 0.039541 0.012964 0.107946 0.076279 0.034112 0.001509 0.001809 0.00898 0.013839 0.020979 0.005981 0.018912 0.018375 0.000661 0.012131 0.013565 0.008556 0.05207 0.014892 0.011326 0.027365 0.030403 0.018222 0.054315 0.031882 0.041947 0.103792 0.085024 0.108573 0.092632 0.003423 0.15866 0.040636 0.002619 0.02256 0 0 0 0 0.000265 0.010472 0 0.008236 0.033169 0.026028 0.022921 0.00056 0.012822 0.015316 0.000431 0.109677 0.016036 0.010423 0 0.014952 0.024832 0.008633 0.000185 0.002224 0.010197 0 0 0 0.004408 0
-9999 -9999 -9999 0.007665 0.038693 0.036118 0.015002 0.020397 0.00823 0.028049 0.023918 0.132275 0.021725 0.090187 0.162434 0.011295 0.00022 0.000769 0.005237 0.044288 0.054258 0.02476 0.037608 0.007592 0.005944 0.038068 0.000742 0.042661 0.005316 0.023726 0.053659 0.052335 0.011429 0.019048 0.062171 0.021218 0.023159 0.067937 0.10565 0.019791 0.081198 0.026182 0.009696 0.141485 0.019354 0 0.001602 0 0 0.000106 0 0 0.013656 0.014497 0.003553 0.021612 0.009327 0.014549 0.005996 0.071546 0.061637 0.042905 0.009598 0.005515 0 0.003263 0.012267 0.076909 0.024786 0.008217 0.003069 8.6e-005 0.008034 0.005148 3e-005
-9999 -9999 -9999 0 0 0 0 1e-006 0.006085 0.000748 0.009924 0.064446 0.02318 0.05013 0.032456 0.040836 0.039083 0.01187 0.07399 0.012133 0.001836 0.023903 0.000176 0 9.7e-005 0.066635 0.008099 0.012511 0.018174 0.076487 0.057515 0.020981 0.053815 0.020272 0.007611 0.018856 0.034272 0.015368 0.059909 0.038725 0.021092 0.00352 0.011853 0.017717 0.002799 0 0.012261 0.006462 0 4.6e-005 0 0.000148 0 0 0.029247 0.009192 0.007539 0.064671 0.03089 0.021569 0.014006 0.008616 0.007273 0.004933 0.034476 0.011482 0.011886 0.041306 0.041736 0.00152 0.025429 0.017374 0.034145 0.037023 0.015762
-9999 -9999 -9999 -9999 -9999 -9999 -9999 -9999 -9999 0.024158 0.009564 0.009271 0.043504 0.018604 0.015587 0.004157 0.04809 0.008525 0.0057 0.016777 0.009156 0.000236 0.012074 0.002946 0.013022 0.040607 0.025902 0.082267 0.022121 0.021722 0.052575 0.074609 0.006794 0.017139 0.000412 0.031198 0.000406 0 0.028714 0.014874 0.030033 0 0 0.01552 0.006468 0 0 0.000558 0 0 0.000296 0.001294 0 0.000101 0.009087 0.000148 0.028364 0.07445 0.017529 0.041617 0.006561 0.014816 0.005159 0.030985 0.034533 0.014043 0.0007 0.038589 0.006862 0 0.002871 0.012738 0.004002 0.006576 0.101012
-9999 -9999 -9999 -9999 -9999 -9999 -9999 -9999 -9999 0 0.062502 0.076338 0.015112 0.007236 0.012507 0.011875 0.016763 0.021914 0.010792 0.015805 0.013195 0.00829 0.002902 0.008066 0.017819 0.012193 0.005868 0.01974 0.00725 0.019196 0.064733 0.06737 0.017972 0.031222 0.028424 0.007283 0 0 0.000624 0.002889 0.010767 0.031695 0.018706 0.004056 0.00691 0 0.005828 0.008098 0.000574 6.4e-005 0.022056 0.014835 0.000806 0.012835 0.005108 0.026408 0.07435 0.03522 0.002237 0.045867 0.027914 0.019352 0.119115 0.071454 0.015158 0.0227 0.039798 0.05719 0 0.008348 0.07844 0.021629 0.00408 0.009101 0.01582
-9999 -9999 -9999 -9999 -9999 -9999 -9999 -9999 -9999 -9999 0 0.040848 0.033476 0.000296 0.007618 0.020812 0.026884 0.027205 0.031362 0.050111 0.001736 0.015801 0.026022 0.010206 0.002992 0.00391 0.008345 0.005319 0.010101 0.011394 0.01173 0.007295 0.00015 0.02179 0.021356 0.013523 0.001123 0 0 0.007154 0.001493 0.006892 0.013232 0.000861 0.004692 0 0.002632 0.00988 0.029888 0.024885 0.047566 0.124126 0.092287 0.01099 0.012107 0.020845 0.041057 0.054621 0.016462 0.016091 0.0262 0.056861 0.062379 0.024796 0.004723 0.015462 0.008641 0.049934 0.033462 0.035749 0.017028 0.0061 0.0044 0.000614 0.027936
-9999 -9999 -9999 -9999 -9999 -9999 -9999 -9999 -9999 -9999 0 0.006468 0.010878 0.01541 4.6e-005 0 0.000928 0.093143 0.049083 0.037753 0.020755 0.019949 0.016113 0.000985 0.010067 0.024324 0.018061 0.014028 0.006966 0.000444 0.004234 0 0 0.00792 0.010138 0.02929 0.011287 -9999 -9999 0.003107 0.016744 0.000432 0.006595 0.00015 1.2e-005 0.023164 0.033842 0.023346 0.023719 0.03693 0.037649 0.054375 0.05383 0.065486 0.030711 0.002681 0.026387 0.017741 0.002595 0.012945 0.002592 0.003569 0.005705 0.006447 0 0.000281 0.015631 0.008998 0.0139 0.017993 0 0.001273 0.002548 0.051663 0.003051
-9999 -9999 -9999 -9999 -9999 -9999 -9999 -9999 -9999 -9999 -9999 -9999 0.007957 0.004485 0.015278 0.0059 0.025779 0.024922 0.020501 0.008333 0.007498 0.01699 0.031527 0.019691 0.037313 0.03642 0.020717 0.01438 0.004614 0 0 0 -9999 -9999 0 0 -9999 -9999 -9999 -9999 0.008947 0.00719 0.003451 0.006254 0.003662 0.016392 0.060871 0.040611 0.006206 0.001038 0.008635 0.008264 0.0078 0.039207 0.012206 0.003055 0.010086 0.013425 0.011738 0 0 0 0 0.000577 0.019568 0.001194 0.004554 0.009108 0 0.011729 0.005585 0.008183 0.019121 0.035113 0.039738
-9999 -9999 -9999 -9999 -9999 -9999 -9999 -9999 -9999 -9999 -9999 -9999 0.010757 0.001995 4e-005 0.01351 0.013741 0.004148 0.005828 0.010231 0.018268 0.000234 0.0002 0.013243 0.005965 0.008823 0.061375 0.012802 0.003526 0 -9999 -9999 -9999 -9999 -9999 -9999 -9999 -9999 -9999 -9999 0 0.001999 0.00212 0.081459 0.002411 0.027822 0.056437 0.010382 0.015427 0.031558 0.033758 0.016786 0.034332 0.028124 0.00475 0.004539 0.000459 0.003836 0.01487 0 0 0.016335 0.012841 0.000775 0.034524 0.017929 0 0.093383 0.002716 0.016587 0.00286 0.000669 0.013196 0.006237 0.073
-9999 -9999 -9999 -9999 -9999 -9999 -9999 -9999 -9999 -9999 -9999 -9999 -9999 4e-006 0.001702 0.007547 0.03579 0.010509 0.022739 0.018865 0.006095 0.029104 0.014621 0.006606 0.040402 0.008808 0.010994 0.008193 -9999 -9999 -9999 -9999 -9999 -9999 -9999 -9999 -9999 -9999 -9999 -9999 -9999 0.012877 0.000696 0.01649 0.004275 0.001658 0.006942 0.016074 0.01845 0.027365 0.018939 0.020412 0.028141 0.073243 0.000813 0.00819 0.038613 0.010419 0.001321 0 0.00153 0.003464 0.005466 0.000117 0.000392 0 0.004494 0.014406 0 0.004018 0.00196 0.00102 0.014814 0 0.000316
-9999 -9999 -9999 -9999 -9999 -9999 -9999 -9999 -9999 -9999 -9999 -9999 -9999 0.000311 0.000146 0.016643 0.008103 0.021473 0.000546 0.003263 0.007862 0.020557 0.026468 0.015045 0.021038 0.000475 -9999 -9999 -9999 -9999 -9999 -9999 -9999 -9999 -9999 -9999 -9999 -9999 -9999 -9999 -9999 0 0.000333 2e-006 0.000874 0.001302 0.008046 0.006952 0.006953 0.008432 0.020511 0.068619 0.023793 0.006574 0.016159 0.015995 0.01354 0.013436 0.013801 0.002271 0.002185 0.003797 0.005101 0.003171 0.013338 0.01087 0.009809 0.025363 0 0 0 0 0 0 0
-9999 -9999 -9999 -9999 -9999 -9999 -9999 -9999 -9999 -9999 -9999 -9999 -9999 0 0.003337 0.045376 0.01261 0.009636 0.015723 0.013628 0.00693 0.001473 0.007265 0.015636 0.023235 0 -9999 -9999 -9999 -9999 -9999 -9999 -9999 -9999 -9999 -9999 -9999 -9999 -9999 -9999 -9999 -9999 4e-006 0 0 0.008862 0.014135 0.013292 0.00743 0.008965 0.002328 0.019882 0.012758 0.012203 0.007795 0.022628 0.017808 0.004906 0.002202 0.004182 0.014095 0.005309 0.00188 0.00218 0.002831 0.012936 0.003032 0.008722 0.000464 0 0 0 0.0389 0.003424 0.011329
-9999 -9999 -9999 -9999 -9999 -9999 -9999 -9999 -9999 -9999 -9999 -9999 -9999 -9999 0.001767 0.026383 0.02312 0.039948 0.015934 0.072952 0.017306 0.012982 0.004397 0.000796 0.001349 -9999 -9999 -9999 -9999 -9999 -9999 -9999 -9999 -9999 -9999 -9999 -9999 -9999 -9999 -9999 -9999 -9999 0 0.000285 0.00358 0.015154 0.017195 0.010918 0.010021 0.015521 0.001648 0.007247 0 0.05978 0.025715 0.023716 0.001781 0.004447 0.01608 0.003072 0.00236 0.010689 0.007719 0.003701 0.005884 0.003324 0.009446 0.001538 0.005572 0.00098 0.005782 0.001022 0 0.000672 0.036146
-9999 -9999 -9999 -9999 -9999 -9999 -9999 -9999 -9999 -9999 -9999 -9999 -9999 -9999 -9999 0.005848 0.007398 -9999 0.001187 0.022943 0.01546 0.006811 0.001881 0.003645 0 -9999 -9999 -9999 -9999 -9999 -9999 -9999 -9999 -9999 -9999 -9999 -9999 -9999 -9999 -9999 -9999 -9999 0 0.001768 0.006025 0.00284 0.011043 0.003188 0.012085 0.002699 0.002827 0.001197 0.00376 0.018216 0.046359 0.002594 0.006422 0.004671 0.011865 0.001982 0.006444 0.000548 0.011676 0.007851 0.003838 0.004743 0.005606 0.004549 0.002022 0.005203 0.004468 0.005302 0.005762 0.03058 0.011179
-9999 -9999 -9999 -9999 -9999 -9999 -9999 -9999 -9999 -9999 -9999 -9999 -9999 -9999 -9999 -9999 -9999 -9999 -9999 0.00258 0.002154 0.036596 0.022157 0 -9999 -9999 -9999 -9999 -9999 -9999 -9999 -9999 -9999 -9999 -9999 -9999 -9999 -9999 -9999 -9999 -9999 -9999 -9999 0 0 0.001538 0 0.006253 0.006974 0.006387 0.005848 0.005941 0.000511 0.004488 0.000216 0.012325 0.008713 0.006031 0.014546 0.006564 0.00142 0.003722 0.00292 0.004568 0.00083 0.002528 0.007511 0.001739 0.001043 0.011463 0.007854 0.013785 0.005573 0.003619 8.4e-005
-9999 -9999 -9999 -9999 -9999 -9999 -9999 -9999 -9999 -9999 -9999 -9999 -9999 -9999 -9999 -9999 -9999 -9999 -9999 -9999 -9999 0.012986 0.004853 -9999 -9999 -9999 -9999 -9999 -9999 -9999 -9999 -9999 -9999 -9999 -9999 -9999 -9999 -9999 -9999 -9999 -9999 -9999 -9999 -9999 -9999 -9999 0 0.004222 0.007005 0.00145 0.007457 0.006035 0.007182 0.002877 0.004135 0.003591 0.001594 0.006477 0.064856 0.010495 0.0035 0.013424 0.007904 0.007352 0.00385 0.004509 0.002683 0.007666 0.005264 0.007502 0.007332 0.006122 0.01064 0 0
-9999 -9999 -9999 -9999 -9999 -9999 -9999 -9999 -9999 -9999 -9999 -9999 -9999 -9999 -9999 -9999 -9999 -9999 -9999 -9999 -9999 -9999 -9999 -9999 -9999 -9999 -9999 -9999 -9999 -9999 -9999 -9999 -9999 -9999 -9999 -9999 -9999 -9999 -9999 -9999 -9999 -9999 -9999 -9999 -9999 -9999 0 0 0.010228 0.006131 0.008906 0.011103 0.020447 0.000525 0.003384 0.000509 0.012454 0.005923 0.010358 0.004871 0.010217 0.002872 0.005802 0.000186 0.004817 0.005723 0.00097 0.001885 0.006074 0.003985 0.013461 0.00391 0.0068 0.001869 0.000758
-9999 -9999 -9999 -9999 -9999 -9999 -9999 -9999 -9999 -9999 -9999 -9999 -9999 -9999 -9999 -9999 -9999 -9999 -9999 -9999 -9999 -9999 -9999 -9999 -9999 -9999 -9999 -9999 -9999 -9999 -9999 -9999 -9999 -9999 -9999 -9999 -9999 -9999 -9999 -9999 -9999 -9999 -9999 -9999 -9999 -9999 0 0.000554 0.009085 0.001656 0.005367 0.003536 0.001961 4.4e-005 0.009994 0.006311 0.006677 0.004447 0.007254 0.007672 0.000616 0.002912 0.00678 0.003824 0.007474 0.006257 0.007704 0.001471 0.021288 0.006094 0 0.004489 0.005233 0.011179 0.003408
-9999 -9999 -9999 -9999 -9999 -9999 -9999 -9999 -9999 -9999 -9999 -9999 -9999 -9999 -9999 -9999 -9999 -9999 -9999 -9999 -9999 -9999 -9999 -9999 -9999 -9999 -9999 -9999 -9999 -9999 -9999 -9999 -9999 -9999 -9999 -9999 -9999 -9999 -9999 -9999 -9999 -9999 -9999 -9999 -9999 -9999 0 7.8e-005 0.003512 0.005667 0.002125 0.004429 0.013804 0.001798 0.01117 0.0013 0.010418 0.009136 0.010365 0.016806 0.002409 0.013471 0.0145 0.001721 0.004846 0.002192 0.003282 0.001914 0.011106 0.000105 0.001479 0.000918 0.002131 0.005913 0.010091
-9999 -9999 -9999 -9999 -9999 -9999 -9999 -9999 -9999 -9999 -9999 -9999 -9999 -9999 -9999 -9999 -9999 -9999 -9999 -9999 -9999 -9999 -9999 -9999 -9999 -9999 -9999 -9999 -9999 -9999 -9999 -9999 -9999 -9999 -9999 -9999 -9999 -9999 -9999 -9999 -9999 -9999 -9999 -9999 -9999 0 0.00024 0.008287 0.007784 0.005571 0 0.010266 0.002228 0.019593 0.002626 0.009063 0.002644 0.007156 0.010518 0.006441 0.007538 0.005346 0.003101 0.003098 0.005144 0.003811 0.00466 0.007455 0.001496 0.006115 0.012191 0.009053 0.003376 0.001479 0.006571
-9999 -9999 -9999 -9999 -9999 -9999 -9999 -9999 -9999 -9999 -9999 -9999 -9999 -9999 -9999 -9999 -9999 -9999 -9999 -9999 -9999 -9999 -9999 -9999 -9999 -9999 -9999 -9999 -9999 -9999 -9999 -9999 -9999 -9999 -9999 -9999 -9999 -9999 -9999 -9999 -9999 -9999 -9999 -9999 -9999 0 0.000714 0.005409 0.015365 0.003757 0.006083 0.004238 0.002668 0.005597 0.005277 0.01675 0.000385 0.00509 0.007923 0.00367 0.006164 0.017701 0.010322 0.001371 0.003344 0.013407 0.008938 0.00404 0.005429 0.013079 0.001214 0.017847 0.01015 0.002242 0.005433
-9999 -9999 -9999 -9999 -9999 -9999 -9999 -9999 -9999 -9999 -9999 -9999 -9999 -9999 -9999 -9999 -9999 -9999 -9999 -9999 -9999 -9999 -9999 -9999 -9999 -9999 -9999 -9999 -9999 -9999 -9999 -9999 -9999 -9999 -9999 -9999 -9999 -9999 -9999 -9999 -9999 -9999 -9999 -9999 -9999 -9999 0.005662 0.001839 0.003473 0.008121 0.0008 0.003517 0.000701 0.006532 0.003166 0.004405 0.005266 0.006299 0.00171 0.001597 0.023177 0.002371 0.031331 0.021934 0.00352 0.003554 0.003132 0.00334 0.009193 0.004836 0.014635 0.031707 0.002118 0.010334 0.003269
-9999 -9999 -9999 -9999 -9999 -9999 -9999 -9999 -9999 -9999 -9999 -9999 -9999 -9999 -9999 -9999 -9999 -9999 -9999 -9999 -9999 -9999 -9999 -9999 -9999 -9999 -9999 -9999 -9999 -9999 -9999 -9999 -9999 -9999 -9999 -9999 -9999 -9999 -9999 -9999 -9999 -9999 -9999 -9999 -9999 -9999 0.006063 0.002288 0.010088 0.002 0.014424 0.006989 0.000339 0.000263 0.003172 0.024347 0.013545 0.007639 0.010121 0.001251 0.020108 0.006249 0.031978 0.025813 0.002202 0.015228 0.001767 0.002229 0.001089 0.009804 0.007968 0.007365 0.009105 0.009227 0.00099
-9999 -9999 -9999 -9999 -9999 -9999 -9999 -9999 -9999 -9999 -9999 -9999 -9999 -9999 -9999 -9999 -9999 -9999 -9999 -9999 -9999 -9999 -9999 -9999 -9999 -9999 -9999 -9999 -9999 -9999 -9999 -9999 -9999 -9999 -9999 -9999 -9999 -9999 -9999 -9999 -9999 -9999 -9999 -9999 -9999 -9999 9.3e-005 0.008438 0.016727 0.014983 0.013615 0.005646 0.006052 0.003378 0.002313 0.019073 0.014555 0.001621 0.001541 0.000388 0.003055 0.0011 0.000524 0.002625 0.016741 0.003183 0.00323 0 0.00262 0.011816 0.016053 0.004243 0.002464 0.001436 0.0009860001
-9999 -9999 -9999 -9999 -9999 -9999 -9999 -9999 -9999 -9999 -9999 -9999 -9999 -9999 -9999 -9999 -9999 -9999 -9999 -9999 -9999 -9999 -9999 -9999 -9999 -9999 -9999 -9999 -9999 -9999 -9999 -9999 -9999 -9999 -9999 -9999 -9999 -9999 -9999 -9999 -9999 -9999 -9999 -9999 -9999 -9999 0 0.008983 0.068017 0.040382 0.000792 0.000482 0.001691 0.011326 0.005261 0.000276 0.00119 0.003399 0.005421 0.008201 0.006542 0.004204 0.007253 0.005732 0.003904 0.008288 0.0041 0.008429 0.004409 0.000664 0.003336 0.006913 0.007332 0.006978 0.008537
-9999 -9999 -9999 -9999 -9999 -9999 -9999 -9999 -9999 -9999 -9999 -9999 -9999 -9999 -9999 -9999 -9999 -9999 -9999 -9999 -9999 -9999 -9999 -9999 -9999 -9999 -9999 -9999 -9999 -9999 -9999 -9999 -9999 -9999 -9999 -9999 -9999 -9999 -9999 -9999 -9999 -9999 -9999 -9999 -9999 -9999 -9999 0 0.001295 0.007157 0.000836 0.008558 0.007447 0.011016 0.015967 0.001494 0 0.000374 0.004867 9.2e-005 0.009553 0.002385 0.003078 0 0.00225 0.001613 0.003802 0.00334 0.019517 0.00588 0.015309 0.00149 0.0007 0.002478 0.006237
-9999 -9999 -9999 -9999 -9999 -9999 -9999 -9999 -9999 -9999 -9999 -9999 -9999 -9999 -9999 -9999 -9999 -9999 -9999 -9999 -9999 -9999 -9999 -9999 -9999 -9999 -9999 -9999 -9999 -9999 -9999 -9999 -9999 -9999 -9999 -9999 -9999 -9999 -9999 -9999 -9999 -9999 -9999 -9999 -9999 -9999 -9999 -9999 0.00044 0.006154 0.002296 0.002673 0.000297 0 0.000677 0.005892 0 0.002809 0.000662 0.003225 0.000888 0.001283 0.001581 0.005133 0.001352 0 0.001505 0.008836 0.007483 0.002576 0.002913 0.000189 0.00202 0.019128 0
-9999 -9999 -9999 -9999 -9999 -9999 -9999 -9999 -9999 -9999 -9999 -9999 -9999 -9999 -9999 -9999 -9999 -9999 -9999 -9999 -9999 -9999 -9999 -9999 -9999 -9999 -9999 -9999 -9999 -9999 -9999 -9999 -9999 -9999 -9999 -9999 -9999 -9999 -9999 -9999 -9999 -9999 -9999 -9999 -9999 -9999 -9999 -9999 0.00938 0.003386 0 0 0 0.007192 0.005346 0.00249 0.001838 0.002815 0.00207 0 0 0 0.003488 0.001638 0 0 0.002433 0.004095 0.013777 0.0245 0.004599 0.005642 0.001435 0.000144 0.017056
