EnvRasters/RC_High/agrcltr.asc
ncols         270
nrows         223
xllcorner     24099.479091542
yllcorner     21023.840179216
cellsize      1003.8986847201
NODATA_value  -9999
[rows 34 to 67 of 223, columns 150 to 224 of 270]
0.013988 0.008424 0 0.000578 0.008169 0.01822 0.002468 0.048114 0.006337 0 0.004851 0.003722 0.011892 0.061123 0.062508 0.043546 0.03722 0.034096 0.007726 0.051952 0.057382 0.033153 0.005987 0.00031 5e-005 0.018044 0.02827 0.000956 0 0.000644 0 0.002316 0.003642 0.009115 0.001128 0 0 0 0 0.011576 0.001103 0.002703 0.001008 0.0112 9.1e-005 0.028919 0.037015 0.012748 0.008977 0.007936 0.005171 0.011873 0 0 0.007347 0.002673 0.000478 0 0.006303 0.053553 0.025524 0.008812 0.008039 0.006 0.00396 0 -9999 -9999 -9999 -9999 -9999 -9999 -9999 -9999 -9999
1.4e-005 0.002204 0.000209 0.014488 0.010765 0.053968 0.000455 0.019434 2.6e-005 0.019171 0 0.042755 0.06236 0.038367 0.000889 0.0141 0.006579 0.002277 0.084366 0.06129 0.063602 0.01362 0.000281 0.00131 0.0054 0.001165 0.00155 0.004156 0.0011 0.001709 0 0.001824 0 0 0 0 0 0 0.00234 0 0 0 0.0801 0.0064 0.01206 0.007456 0 0.002511 0.000989 0 0.045194 0.026838 0.034924 0.030266 0.019427 0.000323 0.056623 0.004178 0.024397 0.062201 0.051407 0.031254 0.023782 0.013596 0.008425 0 0 0 -9999 0 0.00015 0.013534 0.000147 -9999 -9999
0.020884 0 0.000126 0.0497 0.021364 0.044079 0.043366 0.002842 0.006958 0.000735 0.001916 0.000532 0.00016 0.001559 0.013216 0 0.016198 0.072579 0.001773 0.121584 0.083332 0.009161 0.006521 0.003824 0.002138 0 0 0.002616 0.0218 0.000429 0 0.0004 0.024643 0.00972 0.037235 0 0.000171 0.007092 0.008527 0.015242 0.010778 0.019503 0.0508 0 0 0 0.0133 0.007544 0.000392 0.008316 0.051306 0.005056 0.022231 0.020667 0.016875 0.026592 0.017358 0.032484 0.012692 0.035048 0.00391 0.054131 0.051986 0.042768 0.0114 0 0 0 0.031672 0.017442 0.00056 0.002278 0.072381 0.020682 -9999
0 0 0 0 0 0 0.003665 0 0 0.00441 2e-005 0.009771 0.000649 0.019856 0.029506 0.017538 0.02889 0.012349 0.001694 0.064282 0.04934 0.02436 0.04731 0.019333 0.008985 0.005613 0 0.00036 0.000672 0.099201 0 0.003132 0.00293 0.007971 0.000212 0.001089 0.00314 0.024088 0.004194 0.003581 0.000119 0 0 0 0 0 0.096434 0.018564 0.02295 0.0051 0.013107 0.041299 0.001675 0 0.009471 0.00288 0.026893 0.011972 0.021675 0.00156 0.038904 0.050856 0.000681 0.010399 0.00414 0.0313 0.044056 0.005899 0.037967 0.102924 0.001794 0.001727 0.01453 0.013413 -9999
0.023951 0.003113 0.000756 8.5e-005 0.016559 0.0039 0.00042 0.000868 0 0.002874 0.034407 0.015995 0.002964 0.017269 0.096943 0.027907 0.023275 0.008009 0.0037 1e-005 0.008443 0.005625 0 0.01366 0.019239 0 0.100148 0.014876 0.074135 0.068159 0.004203 0.000306 0.05986 0.002701 0.010833 0.000792 0.034727 0.058003 0.012812 0.003345 0.003853 0.0134 0 0 0 0 0.118733 0.002987 0.010647 0.044777 0.0051 0.001234 0.000294 0.016199 0.03296 0.01953 0.030073 0.062268 0.021243 0.022872 0.089762 0.090786 0.039311 0.017432 0.029772 0.0048 0.05 0 0.008961 0.042229 0.00483 0.027656 0.023486 0.003595 0.000357
0.041577 0.10764 0.035633 0.025076 0.0001 0.003136 0.00798 0.047988 0.0086 8e-005 0 0.004292 0.000758 0.015286 0.047073 0.024412 0.044621 0.01424 0 0 0 0.00428 0.005443 0.029874 0.003974 0.0059 0.044263 0.039407 0.051352 0.024897 0.00545 0 0.016865 0.01583 0.041833 0.059865 0.024126 0.00375 0.017957 0.004742 0.000208 0 0 0.000336 0 0.001578 0.00147 0.02157 0.006644 2.2e-005 0.020682 0.005293 0.00261 0.084574 0.012959 0.00437 0.022011 0.003753 0.003182 0 0.028645 0 0.026499 0.028186 0.015321 0 0.002561 0.0257 0.0253 0.010278 0.06891 0.002159 0.017327 0.042083 0.036016
0.042388 0.023199 0.006682 0.016548 0.0027 0.018777 0.041994 0.019091 0.046582 0.00018 0.002375 0.000228 0.005313 0.007104 0.046752 0.102117 0.164598 0.028579 0.003866 0.013436 0.005053 0.008141 0.000659 0.01898 0.011092 0.025721 0.116134 0.00146 0.020062 0.022554 0.006881 0.022226 0.0007 0.008041 0.007517 0.010525 0.060032 0.063443 0.000331 0 0 0 0 0 0.006717 0.012881 0.019778 0.055831 0.002588 0.034349 0.068934 0.015416 0.009347 0.009634 0.016942 0.008029 0.001535 0.012039 0.009255 0.010629 0.005282 0 0.000136 0.002995 0.0059 0.0219 0.005481 0.052296 0.011135 0.016817 0.007612 0.003528 0.025676 0.017542 0.085738
0.003969 0.001504 0 0.017122 0.008243 0.060147 0.09164 0.038175 0.000368 0.0137 0.019278 7.8e-005 0.00034 0.000649 0.030955 0.003716 0.034221 0.045006 0.014617 0 0.001728 0.012919 0.010447 0.010843 0.019413 0.008868 0.00284 0.022969 0.045005 0.060352 0.00338 0.010275 0.000191 0.001428 0.0011 0.105057 0.064977 0.002886 0 0 0 0 0 0 0.000394 0.010271 0.015982 0.018812 0.007373 0.011121 0.010214 0.012691 0.015249 0.021309 0.035437 0.022599 0.003384 0.007605 0.072624 0.015189 0.001113 0.000476 0.021818 0.065489 0.014554 0.002566 0.015132 0.027127 0.020416 0.091933 0.013292 0.017032 0.009124 0.011673 0.022297
0.053367 0.024061 0.010566 0.015374 0.05602 0.064846 0.004478 0.015351 0.0041 0.012634 0.004934 0.050246 0.000594 0.006867 0.000442 0 0.067804 0.005471 0.032341 0.020615 0.000141 0.011814 0.008249 0.003418 0.000215 0.00038 0.006899 0.02529 0.049047 0.036223 0.014356 0.039711 0.010745 0.052896 0.00045 0.01599 0.004161 0.001108 0 0 0 0 0 0 0 0.008511 0.010636 0.022089 0.003854 0.028109 0.076654 0.000406 0.008718 0.004011 0.022081 0.020707 0.017334 0.031234 0.037226 0.041323 0.022414 0.001698 0.147485 0.005596 0.00612 0.01108 0.003327 0.009619 0.0248 0.0204 0.007135 0.000144 0.013438 0.017917 0.015869
0 0.015818 0.044415 0.026608 0.041924 0.019102 0.014282 0.011376 0.098588 0.086029 0.057615 0.036389 0.025464 0.000858 0.064573 0.032044 0.000742 0.00629 0.037306 0 0.002497 0.003299 0.002524 0.004077 0.05911 0.172359 0.042821 0.125492 0.086589 0.056222 0.0581 0.06085 0.00989 0.045458 0.000203 0.003742 0.012919 8.8e-005 0 0 0 0 0 0 0.000462 0.009986 0.013973 0.016084 0.01024 0.070943 0.046756 0.036352 0.031767 0.023305 0.107886 0.08782 0.015253 0.01877 0.036127 0.025945 0.001008 9.9e-005 0.029092 0.013461 0.000146 0.007533 0.021309 0.027365 0.0637 0.0208 0.0092 0.0023 0.037509 0.031782 0.008751
0.004079 0.015324 0.013556 0.008882 0.01551 0.00799 0.12328 0.03384 0.155575 0.037609 0.052089 0.241449 0.094449 0.00598 0.006612 0.006176 0.012457 0 0.032274 0.0108 1e-006 9.3e-005 0.000655 0.012078 0.140754 0.034061 0.01485 0.12314 0.246122 0.108347 0.051125 0.010893 0.009603 0.010771 0 0.01353 0.009601 0.00735 0 0 0 0 0 0 0 0.007546 0.000215 4.5e-005 0.015408 0.06289 0.019054 0.034587 0.041904 0.027916 0.081873 0.222248 0.141111 0.026704 0.002516 0.038508 0.00393 0.043735 0.044634 0.02103 1e-005 0.041889 0.04751 0.013287 0.000199 0.0254 0 0 0.047207 0.016976 0.000382
0.000485 0.007392 4e-006 0.014569 0.04196 4.2e-005 0.011371 0.000732 0.024547 0.008247 0.023916 0.002102 0.007697 0 0.00288 0.006085 0.064648 0.001822 0.006964 0.001813 0.012913 0.064674 0.053237 0.024601 0.003554 0.00912 0.002016 0.095537 0.208964 0.0363 0 0 0 0.00384 0.015871 0.007486 0.03105 0.057551 0.001012 0.001802 1.2e-005 0 0 0 0 0.008837 0 0.0018 0.0518 0.0177 0.012493 0.019865 0.016973 0.001136 0.039064 0.003153 0.021819 0.012257 0.079237 0.015696 0.00172 0.042904 0.015161 0.014231 0 0.008595 0.043393 0.003469 0 3.9e-005 0.024302 0.033735 0.018064 0.011145 0
0 0.001694 0.001057 0.001644 0.015659 0.1169 0.120738 0.080004 0.013941 0.01084 0.0076 0.022367 0.000859 0 0.00695 0 0.000989 5.7e-005 0.009109 0.010185 0.16445 0.074228 0.011384 0.032266 0.012699 0.001592 0.0301 0.000482 0.084432 0.053131 0.01485 0.00198 0.00963 0.001746 0.000757 0.022712 0.037771 0.008947 0.008707 0 0 0 0.00024 0 0 0.004257 0.000259 0 0.0042 0 0.012735 0.032819 0.134757 0.072769 0.024634 0.0024 0.008478 0.047704 0.011068 0.020689 0.002777 0.020786 0.01231 0.006458 0 0.000339 0.001606 0.003715 3.9e-005 0.002217 0.016307 0.008605 0.021642 0.029149 0.005086
8.8e-005 0.002672 0.008232 0 0 0.009999 0.0262 0.090076 0.007681 0.031098 0.000443 0.017024 0.000341 0 0.002976 0.015825 0.010409 0.010002 0.020735 0.025415 0.065111 0.102677 0.014847 0.035933 0.002847 0.017193 0.01667 0.002547 0.006762 0.0029 0.002079 0.0025 0.016 0.043482 0.007663 0.001608 0.013895 0.009899 0.004782 0.002254 0 0.001765 0.000519 0 0 0 0 0.011 0.017212 0.055235 0.023378 0.028274 0.049137 0.154779 0.030371 0.016438 0.006548 0.0109 0.003474 0.050455 0.043375 0.010164 0.01375 0.0093 0.018375 0.010599 0.036064 0.012361 4e-005 0.000766 0.023678 0.001216 0.048702 0.272651 0.029214
0 0.009584 0.021728 0.031232 0.000326 0 0 0.021523 0.001303 0 0.038092 0.000968 0.001385 0 0.000374 0.029836 0.014125 0 0.017598 0.00035 2.8e-005 0.003599 0.003723 0.024466 0.025251 0 0.0048 0.001632 0.009248 0 0.0013 0 0 0 0.000398 0 0.0014 0.008266 0.008927 0.011993 0.000284 0 0 0 0 0 0.013 0.173 0.02588 0.033103 0.042266 0.156606 0.082829 0.031283 0.074028 0.033724 0.063766 0.052476 0.008338 0.057771 0.02166 0.001895 0 0.005999 0.031515 0.000144 0.00057 0 0 6.5e-005 0.005006 0.009587 0.032421 0.042206 0.003604
0 0.007709 0.0062 0.03037 0 0 0 7.2e-005 0.000174 0.002162 0.014158 0.004647 0.019259 0.005402 0.014071 0.021432 0.006167 0.013024 0 0.000538 0.006277 0.000637 0.0066 0.002166 0.012877 0.00147 0 0.001276 0 0 0 0 0 0.0022 0.001235 0.000186 0.010049 0.10157 0.010592 0.024598 0.009353 0.000436 0 0 0 0.001386 0.001391 0.001079 0.009751 0.087307 0.057161 0.042768 0.04402 0.032777 0.00416 9.2e-005 0.027181 0 0.010385 0.000853 0 0 0 0.000416 0.001032 0.003934 2.4e-005 0 0 0.019793 0.00291 0.000413 0 0.003886 2.4e-005
3e-006 0 0.107384 0.062158 0.050339 0.187874 0.039258 0.004376 0.017864 0.001208 0.014518 0.02537 0.002599 0.003168 0.000382 0.086699 0.044617 0.015013 0.00131 0.008959 0.021619 0.015034 0.00278 4e-006 0.00388 0.005174 0 0.011818 0.0137 0.000184 0 0 0.0224 0.0127 0 0.014064 0.004998 0.008881 0.026362 0.000667 0.002832 0.000193 0 0 0 0.001347 0.000881 0.000861 0.028044 0.004947 0.0313 0.052438 0.006456 0 0 0 0 0 5e-006 0.024657 0.008736 0.014776 0.004556 0.00021 0.072275 0.078484 0.004752 0 0 0.005432 0.011185 0.02638 0.000172 0 -9999
0.042655 0 0 0.017912 0.046565 0.2874 0.210817 0.208678 0.018951 0.01067 0.016371 2.4e-005 0.000222 0.012503 0.000976 0.126928 0.105379 0.010994 0.008087 0 0 0 3.2e-005 0.00216 0.087636 0.010754 0.001529 0.000369 0.00072 0.0056 0.00258 0.0037 0.010328 0.0026 0.002926 9.5e-005 0.046752 0 0.000324 0.000182 0.004265 0.002075 0 0 0.000239 0.000266 0.000519 0.010158 0 0 0 0 0 0 0 0 0 0.0013 0.091892 0.110108 0.00188 0.042118 0.003744 0.023793 0.02539 0.025739 0.001296 0 0.000231 0.008854 0.036841 0.141951 0.055889 0 -9999
0.031267 0.009123 0.020981 0.000207 0.075964 0.096028 0.067828 0.036586 0.054199 0.004392 0.019819 0.003359 0.005152 0.004537 0.00024 0.02208 0.035485 0.000143 9.5e-005 0 0.001477 6e-005 0.001325 0.000539 0.027 0.00302 0.018186 0.000612 0.0199 0.011438 0.003707 0 0.000769 0.007614 0.000252 0.0029 0.000347 0.02959 0 0.000609 0.006929 0.001914 0.0017 0.002295 0.002593 0 0 0 0 0 0.000156 0 0.002541 0.00098 0 0 0.01677 0.0093 0.00706 0.123392 0.023061 0.002514 0.00469 0.005476 0.005675 0.016992 0.001316 0.000882 0.012336 0 0.00061 0.014163 0.004578 -9999 -9999
0.019903 0.086284 0.013605 0.000239 0.038835 0.060831 0.019933 0.002534 0.028252 0.01492 0.001832 0.030308 0.001269 0 0.007 0.017194 0.023083 0 0.05617 5.1e-005 0.003528 0.000288 0.005007 0.000493 0.007948 0.0026 0.000368 0.000213 0.005404 0.000249 0.005179 0.003128 0 0.008935 0.007645 0 0.007695 0.001188 0.000424 0.000154 0.006607 0.00065 0.002281 0.0002 0.007488 0 0 0 0 0 0.000124 0.000341 0.003259 0.002337 0 0 0.034997 0.00441 0.0124 0 0.049715 0.045082 0.004427 0.0873 8.5e-005 0 0 0 0.000558 0.04817 0 0.000489 0 0 -9999
0.051284 0.030329 0.003283 0.010208 0 0.017472 0.04598 0.006336 0.007428 0.00655 0.008001 0.004596 0 0.009359 0.028052 0.022473 0 0 0 0.000956 0.000728 0 0.023881 0.001884 0.014504 0.017 0.006519 0.017364 0.011815 0.007286 0.000308 0.008754 0.000807 0.003279 0.026144 0.028156 0.016926 0.043112 0.003988 0 0 0.0034 0.002741 0.00245 0 0 0 0 0 0 0 0.000759 0.002058 0.00084 0 0.002054 0 0 0 0 0.010317 0.0028 0.0021 0.0027 0 0 0 0.024255 0 0 0.015834 0.000644 0.009047 0.001602 -9999
0.009085 0.002217 0.008086 0.011233 0 0.00026 0 0.010259 0.013284 0 0.00801 0.007318 0.002277 0.0208 0.003627 0 0 0 0 0.000703 0.000164 0.002842 0.044604 0 0.012047 0.001542 0.071344 0.053444 0.014717 0.008427 0.005598 0.040355 0 0.001756 0.024226 0.001787 0.013267 9e-005 0 0.001012 0 0.000673 0 0 0 0.005491 0.007519 0.000296 0 0 0 0 0 0 0 0 0 0 0 0 0 0.000418 0 0.002017 0.001349 0.00038 0 0 0 0 0.0001 0.001396 0.049695 0.000219 -9999
0.017751 0.001961 0.000287 0.010791 0.000172 0.005819 0.014299 0.005196 0.006076 0 0 0 0.00014 0.04265 0 0.024651 0.0018 0.001 0 1.8e-005 0.004238 0.000586 0.025457 0.020208 0 3.2e-005 0.014682 0.00324 0.012365 0.004974 0.053188 0.03455 0.003341 0.000253 0.017511 0.010935 0 0.003841 0.000714 0 0.002079 0 0.001584 0 0.0033 0.006651 0.003881 4e-006 0 0 0 0 0 0 0 0 0 0 0 0.0179 0 0 0 0.001226 0.002395 0 0 0 0 0 0.027774 0.000351 0.066902 0.0207 -9999
0.000135 0.003468 0.000656 0.003252 0.000273 0 0 0 0.002548 0 0 0.0182 0.01668 0.011 0.013551 0 0.0094 0.007228 0 0 0.001342 0.001104 3.3e-005 0 0.000532 0 0.004152 0.022473 0.019938 0.001626 0.000816 0.048414 0.023981 0.000676 0.00088 0.000904 0 0 8.5e-005 3.2e-005 0 0 0.004026 0 0.000238 0.000194 0.000125 0.003432 0.00022 0 0 0 0.003876 0.001216 0 0 0 0 0 0 0.004364 0 0 0 0 0 0 0 0 0.013916 0.002933 0.028577 0.049845 -9999 -9999
0.001848 0.01038 0.006061 0.008532 0.001843 0.002784 0 0 0 0 0 0.0039 0.002163 0.004805 0.004155 0.021531 0.002648 0.0005 0.0768 0.051 0.005357 0.001726 0 0 0 0.003234 0 0 0.005501 0.004322 0.002008 0.019562 0.0048 0.0032 0.0025 0.0087 0 0.021978 0.003441 0.000294 0.01225 0.002574 0.000552 0 5.4e-005 0.000247 0 0.00361 0.000704 6.3e-005 0 0 0 0 0 0 0 0 0 0 0 0 0 0 0 0 0 0 0 0.000533 0.004723 0.062711 0 -9999 -9999
0.008843 0.006393 0 0.002942 0 0.008756 0.000133 0.020505 0 0.021057 0.000622 0.039302 0.000502 0 0.014875 0.010962 0 0.003514 0.045609 0.036909 0.005377 0.009532 0.000261 0 0 0.00098 0.007224 0 0.003585 0.007371 0.031709 0.003381 0 0.032 0.0116 0.0035 0.00079 0 0 2.4e-005 5.6e-005 0 0 0.001556 0.001354 0.008117 0.000234 0.001458 0.010185 0.000262 0 0 0 0 0 0 0 0 0 0 0 0 0 0 0 0 0 0 0 0 0.00114 0 -9999 -9999 -9999
0 0 0 0 0 0.000195 0.002516 0.003602 0.001782 0.028245 0.038513 0.011848 0.004129 0.00513 0.005376 0 0.014862 0.048786 0.016578 0.164148 0.110244 0.000257 0.003859 0.009919 0.037413 0 0.004136 0.000612 0.0029 0.005802 0.002773 6e-005 0.00048 0.001122 0 0.0112 0.061582 0.014263 0.009754 0.007209 0.006574 0.025407 0.050715 0.0346 0.031072 0.010946 0.043166 0 0.00207 0 0 0 0 0 0 0 0 0 0 0 0 0 0 0 0 0 0 0 0 0 0.00323 0 0 -9999 -9999
0.00032 0 0 0 0.009479 0.009091 0.006791 0.005962 0.023954 0.002182 0.003208 0.00068 0.013791 0.001078 0 0.06678 0.05704 0.028185 0.013536 0.112158 0.002403 0.019893 0.013361 0.034997 0.000143 0.015507 0.014878 0.01564 0.006716 0.004458 0.010098 0.0612 0.003264 0.001846 0.004674 0.02077 0.004034 0.002612 0.003348 0.002978 0.005084 0.038488 0.012501 0.091318 0.201852 0 0 0.000637 0.032916 0 0 0 0 0 0 0 0.0069 0 0.004846 0 0 0.0279 0.0081 0.0169 0 0 0 0 0 0.00617 0.002162 0.004338 0.06512 -9999 -9999
0.0015 0 0 0 0.00154 0 0.014363 0.010975 0.022529 0.000795 0.000192 0.004557 0.000642 0.004753 0 0.000955 0 0.015313 0.00484 0.015566 2e-006 0.008661 0.040684 0.002524 0 0.001846 0.009617 0.000261 0.000395 0.016695 0 0.036995 0 0 0 0.000192 0.000782 0.001668 0 0 0.008971 1.7e-005 0 0 0 0.000554 0 0 0 0.011392 0.00186 0.01334 0.009555 0 0 0 0 0 0.001265 0 0.0436 0.0267 0 0 0 0 0.000527 0.01407 0.017135 0 0 0.001485 0 -9999 -9999
0.000518 0 0 0 0.008813 0.006691 0 0.009283 0.002953 0.027262 0.012687 0.001302 0.002905 2.3e-005 0 0.001642 0.000126 0.005442 3.4e-005 0.071296 0.006793 0.005444 0.001326 0.008822 0.001504 0.010752 0.004647 1e-006 0.007284 0.018238 0.022289 0.000374 0 0.007612 0.009089 0.000924 0.067735 0 0.016396 0 0 1.8e-005 0 0 0 0 0 0 0 0 0 5.7e-005 0.00225 0 0 0 0.006958 0 0 0 0 0 0 0 0 0 0 0.011088 0.041728 0 0.008352 0.00153 -9999 -9999 -9999
0.001701 0 0.042089 0.022766 0.001066 0.02367 0.00095 0.00775 0.007774 0.006278 4.6e-005 0 0 0 0.00783 0.009209 0.002605 0.021706 0.008908 0.027219 0.005537 0.004956 0.011728 0.000204 0.003662 0.004529 0.011658 0.003068 0.017815 0.000941 0.008815 0.002728 0.002257 0.011995 0.039297 0.010566 0.093394 0.003834 0.015484 0.026276 0.00356 0.002598 0 0 0 0.000368 0 0.019576 0.005002 0.019925 0 0.000345 0.000224 0 0 0 0 0 0 0.0027 0.00035 0.001688 0.009792 0 0 0 0 0 0.00688 0 0.003308 0 -9999 -9999 -9999
0 0 0.010474 0.021116 0.008161 0.000803 0.004333 0.002558 0.040905 0.000207 0 0.000441 0.025242 0.026922 0.005596 0.005451 0.031194 0.003651 0.02741 9.2e-005 0.000143 0.012653 0.006562 0 0.000288 0 0.027292 0.047997 0.019887 0.013217 0.013043 0.009707 0.022647 0.004123 0.003339 0.030802 0.04822 0.058627 0.028346 0.03667 0.001472 0.000884 0 0 0.000673 0.064455 0.012827 0.010137 0.038763 0 0.003321 0.000774 0 0 0 0 0 0 0 0.000594 0.000299 0.003592 0.004313 0 0 0 3.1e-005 0 0 0.003056 0.088896 -9999 -9999 -9999 -9999
0.004365 0.000132 0.0169 0.001304 0.009901 0.018355 0.02928 0.008178 0.016462 0 0 0.004041 0.019356 0.06327 0.011418 0.001621 0.002445 0.000199 0.003199 0.004002 0.027218 0 0.014771 0.015166 0.02278 0.004749 0.039756 0.17225 0.017585 0.018411 0.015695 0.00312 0.004846 0.043673 0.023 0.005718 0 0 0 0.036135 0.016133 0 0.000445 0.003204 0 0.051989 0.026212 0.027385 0.027385 0 0.0025 0.010145 0 0 0 0 0 0 0 0 0.0028 0.00979 0.011258 1.9e-005 0 0.000371 0.002359 0 0 0 0.016925 -9999 -9999 -9999 -9999
0 0 0.002774 5e-005 0 0.019481 0.007663 0.015797 0.006045 0.00047 0.008503 0.006935 0.011695 0.00368 0.012681 0.00194 0.001137 0.001888 3.2e-005 0.007622 0.000226 0.003729 0.000264 0.003572 0.00437 0.053049 0.064786 0.067328 0.021964 0 0 0.000203 0.021784 0.003632 0.001188 0.005788 0.008416 0.00746 0.018606 0.031413 0.075387 0 0.006611 0 0.000788 9.6e-005 0.007551 0.011266 0.003444 0.001196 0.0046 0.004753 0 0.002668 0.024748 0 0.002376 0 0.021243 0.00026 0 0.00021 0.005914 0.004383 0.000372 0.005896 0 0 0 -9999 -9999 -9999 -9999 -9999 -9999
