EnvRasters/RC_High/barley.asc
ncols         270
nrows         223
xllcorner     24099.479091542
yllcorner     21023.840179216
cellsize      1003.8986847201
NODATA_value  -9999
[rows 34 to 67 of 223, columns 77 to 153 of 270]
0.000303 0.001039 0.000328 0.00268 0.018947 0.010597 0.002673 0.0097 0.002056 0.000466 0.001305 0.0032 0.001448 0 0.000832 0.000875 0.000804 0.002586 0.003415 0.00416 0.00201 0.004533 0.009976 0.019635 0.001302 0.000807 0.000185 0.00449 0.016333 0.025122 0.017369 0.011928 0.004328 0.016149 0.001696 0.002172 0.009078 0.010746 0.000564 0.002159 0.004509 0.006523 0.032393 0.029028 0.00489 0.01422 0.001006 0 0 0 0 0 0 0 0 0 0.000119 0.004074 0.004287 0.002644 0.017839 0.001161 0.000602 0 0.000514 5.5e-005 0.002019 0.006774 0.005592 0.000406 0.000989 0.028812 0.001526 0.000444 8.6e-005 0 0
0.004703 0.000427 0.002046 0.010739 0.000232 0.002886 0.000865 0.01008 0.000788 0.000997 0.001077 0.002452 0.020146 0.000593 0.009603 0.016558 0.014278 0.005453 0.04882 0.005738 0.000548 0.013637 0.016668 0.027597 0.000856 0.002067 0.008983 0.011486 0.012006 0.008503 0.004637 0.020165 0.005253 0.001047 0 0.007889 0.019236 0.00074 7.4e-005 0.010627 0.011759 0.02269 0.029416 0.010525 0.000929 0.000563 0 0 0 0 0 0 0 0 0.006066 0.004479 0.004763 0.000328 0.000179 0 5.4e-005 0 0.000757 0.000601 0.000178 0.000179 0.000788 0.000776 0.001056 1e-006 0.000266 0.00912 0.000248 0.000147 0.000453 1e-006 0.000365
0.009514 0.009034 0.007519 0.020002 0.000185 0.012915 0.04033 0.002689 0 0.000176 0.000162 0.003175 0.008767 0.005043 0.006526 0.008443 0.009369 0.047331 0.052381 0.016959 0.009522 0.020549 0.001915 0.006167 0.000608 0.000232 0.004134 0.015061 0.003091 0.000961 0.00144 0.00267 0.002824 0.000954 0 0.000768 0.007446 0.000166 0.000275 0.00051 0.002747 0.029754 0.012261 0.001426 3e-005 0 0 0 0 0 0 0 0 0 0.007514 0.012095 0.005617 0.000868 0.003608 0.000499 5.8e-005 0.006839 0.014803 0.011628 0.004658 0.004098 0 0 0 0 0 0 0 0.007892 0.004385 0 0
0.00803 0.017171 0.004653 0.007844 0.000448 0.000724 0.004482 0.001107 5.5e-005 0 0.000207 0.019566 0.006665 0.000747 0.003057 0.001994 0.027196 0.01365 0.001739 0.00097 0.018657 0.003752 0 1.4e-005 0.001232 0.013754 0.008469 0.009757 0.004719 0.001751 0.000524 8.9e-005 0 0.000262 0.000428 0 0.000583 0.002382 0.007441 0.005812 0.010982 0.009342 0.003978 0.000835 3e-005 0 0 0 0 0.000157 0 0 0 0 0 5.4e-005 0.009814 0.002626 0.019767 0.00319 0.000157 0.003946 0.01944 0.005256 8.3e-005 0 0 0 5e-006 0.000353 0 0 0 0 0 0 0
0.004016 0.002722 0.002976 0.00022 0.0006 0.002303 0.00067 0.000211 0 0 0.002256 0.004528 0.000438 0.000491 0.000529 0.005194 0.008236 0.008296 0.000105 0 0.00622 0 0 0 0.000352 0.012807 0.003536 0.008898 0.00129 0.007391 0.007114 0.000114 0 0 0.000248 0 0.000203 0.000261 0.004008 0.002378 0.003344 0.003862 0.001338 0.004354 9.4e-005 0 4.8e-005 0 0 8.6e-005 0 0.002856 4e-006 0.005337 0 0 0.000748 5.1e-005 0.001455 0.011256 0.005464 0.002907 0.01203 0.000263 7e-006 0 0 0.00038 0.004585 0.003416 0 0 0 5e-005 0.007098 0.001082 8.3e-005
0.008974 0.009159 0.00015 0.001004 0.002284 0.00023 0.003988 8.4e-005 0 0 0.00282 0.001294 0 0 0.001134 0.002636 0.013176 0 4.9e-005 0 0 0 1.8e-005 7.9e-005 0.003663 0.003795 0 0.000204 0.008097 0.00346 0.003359 0.000695 0.000328 0 0.000583 0.000852 0.000509 0.000234 0.000487 0.001909 0.000981 0.006518 0.003931 0.015417 2.2e-005 0.000159 0.000109 0.004886 0.000176 0.000128 0.000401 0.001634 0.00066 0.00876 0.000344 0.00068 0.002843 0.002692 0.007245 0.028975 0.035789 0.001981 0.009399 0.003342 0.000403 0 0 0.004881 0.008345 0.000504 0.002992 0.012266 0 0.002045 0.020013 0.011014 0.010654
0.006157 0.008612 0 0.003373 0.000157 0.000117 0.001084 4e-005 0 0.000429 0.00897 0.010506 0.002111 0 0 0 0.000316 0 0.007012 0.004362 0 0.001662 0.005368 0.007476 0.00596 0.000133 0.000358 0.000639 0.003691 0.000173 0.00057 0.007805 0.022566 0.000751 0.002189 0.011358 0.000587 0.003808 0.000533 0.005545 0.004826 0.002896 0.000425 0.000265 0.000799 0.000707 4.3e-005 0.000787 0.000994 0 4.2e-005 0 0.000365 0.001268 5.2e-005 0.00013 0.01185 0.00385 0.011918 0.028206 0.002232 0.000423 0.000664 0.000628 0.001765 0 0 0 0 0.002325 0.007957 0.009414 0.001225 0.020423 0.023813 0.036236 0.036747
0.002005 0.008061 0 0 0.000671 0.010454 0.0152 0 3.3e-005 0.004263 0.026379 0.016689 0.004166 4.8e-005 0 0.000463 0.00627 0.006262 0.011604 0.001565 0 0.000594 0.000728 0.006267 0.000146 0.00602 0.00448 0.003087 0.003925 0.005793 0.000999 0.01246 0.010413 0.000557 2.6e-005 0 0.00317 0.007015 0.002489 5e-006 0.00104 0.004808 0.009084 0.004136 0.001418 0.00154 0 0 4.8e-005 0 0.000637 0 0 0.00031 0.000758 0.000268 0.002082 0.002036 0.005041 0.018257 0.004382 0.00039 6.9e-005 0.005273 0.007108 0.000819 6e-005 0 0 0.000178 0.001163 0.000134 0.000771 0.000742 0.004757 0.004693 0.008249
0.006289 0.002817 0.001463 0.001619 0.001546 0.005862 0.003706 0 0.000449 0.002632 0.010305 0.002711 0.000793 0.001354 0.000414 0.00343 0.011965 0.010609 0.000548 0 0 0.003185 0.00087 0.001146 0.008283 0.000731 0.000662 0.000157 0.005471 0.026442 0.000547 0.000127 0.005609 0.001708 0 0 0.000263 0.001541 0.000164 0.001499 0.001418 0.004275 0.014841 0.006209 0.003967 0.000386 0.000604 0.000856 0.001138 0.001902 0.000955 0.001332 0.000124 0 0 0.000528 0 0 0.001737 0.019057 0.002756 0.000388 0 0.000902 0.025348 0.004165 0.000858 0.000803 0 0.000203 0.005065 0 0.003022 0.007678 0.007806 0.009075 0.01929
0.00346 0.005927 0.001276 0.003212 0.015447 0.000231 0 2e-005 0.005213 0.003377 0.003146 0.015198 0.013494 0.002511 0.00014 0.001277 0.001456 0.001966 0.001836 0.007938 0.002136 0 0 0.002663 0.008893 0.006423 0.002246 0 6.3e-005 0 0.000265 0.013442 0.005769 0.003868 0.000497 0.005075 0 1.6e-005 0 0.001756 0.000502 0 0.000874 1.6e-005 0 0.00079 0.001856 0.001395 0.000505 0.018647 0.000742 0.002353 0.001487 7.1e-005 0.00021 0.001885 0.001522 0 0.001236 0.002911 0.000271 0.003707 0.000202 0.002727 0.004429 0.005235 0.000667 0.001404 0.00067 0.000522 0.006275 0 0.000112 0.001688 0.002378 0.001782 0.004194
0.007394 0.00306 0.000148 0.001053 0.001408 0 0 0.000551 0.000423 0.001099 0.000218 0.002215 0.01068 0.022053 0.015867 0.009086 0.002378 0.006286 0.014061 0.006003 0.001035 0 0.000193 0.001732 0.024688 0.015022 0.000969 0.000136 0.001758 0 0.002387 0.005038 0.001231 0.000872 0.007256 0.002409 0.00118 0.00119 0.002111 0.001475 9e-005 0.000634 0.007693 0.002093 0 0 0 0.002374 0.00014 0.002093 0.001596 0.039918 0.001682 0.002057 0.003243 0.014111 0.005699 0 0 0 0 0.000506 0.001955 0.003032 0.025305 0.006431 0.00437 0.003829 0 0.000214 7.4e-005 0.000334 0.001652 0.018849 0.00469 0.00024 0
0.00278 0.013797 0.000144 0.000157 0 0 0 0.003296 0.000925 0.007992 0 0 0.007916 0.00983 0.000378 0.00069 0.0026 0.006916 0.020864 0.000252 0.001468 0 4.6e-005 0.001328 0.005557 0.002437 0.000297 0 0.001399 3.5e-005 0.000286 0.000689 0.001388 0.004221 0.004686 2.1e-005 4.7e-005 0.01485 0.009606 0.001954 0.024127 0.001129 0.010649 0.004477 0.000487 0.000269 0 0.0009 0 0 0.000119 0.001138 0.00151 0.015231 5e-006 0.000126 0.000158 0 0 0 0 0.007368 0.02015 0.02284 0.022258 0.006563 0.001122 0.00029 0.001946 0.006757 0.002167 0.003736 0.002397 0.006651 0.011874 0.003635 0
5e-006 0 0 0 0 0 9.3e-005 3e-006 0.013819 0.001592 0 0.002505 0.000882 0.000891 3.7e-005 0.000492 0.007859 0.009226 0.00498 0.013918 0.003552 0.001116 0.000982 0.000352 0 0 7.5e-005 3.9e-005 0.001531 0.001807 0.002893 0.001029 0 0.002633 0.005965 0.001104 0.00057 0.012357 0.003833 0 0.000263 0.001818 0.001055 0.01608 0.000925 0 1e-005 0 0 0 0 0 3.1e-005 0.007378 0.002473 0.000312 0 7.7e-005 2.8e-005 0.001148 0 0.003004 0.011506 0.066172 0.013824 0 0.000208 0.000478 0.000848 0.004567 0.000299 0.001332 0.004185 0.021682 0.001791 0.002942 0
0.001054 9e-006 0 0 0 4e-005 0.000579 0.000535 0.015977 0.014261 0.004031 0.004864 0.007919 0.009901 8.3e-005 0.011744 0.016593 0.000917 0.000616 0.00477 0.001106 0.000319 0.001146 0.000729 0.000181 0 0.00083 0.0024 5.8e-005 0.017023 0.022934 0.008632 0.001445 6.3e-005 0 0 0.004697 0.030692 0.005379 0.028676 0.009197 0.022997 0.012058 0.015813 0.006465 0.000136 6.5e-005 0 0 0 0 0 0 0.002097 0.004995 0.000519 0 0.000584 0.016807 0.007767 0 0 0.005831 0.010972 0.002037 0 0 0.002207 0.000723 0 0.000535 0.006149 0.009217 0.002061 0.013744 0.000207 0.001904
0 0 0 0 0 0 3.6e-005 0.000792 0.001821 0.006343 0.006731 0.000436 0.001789 0.018215 0.015739 0.015036 0.000582 2.4e-005 0.001335 0.013783 0.003949 0.001384 0 0.009092 0.000782 0 5.5e-005 0.000208 0.00298 0.024731 0.019266 0.006558 0.007914 0.000332 0 0 0.000992 0.025834 0.041174 0.056374 0.036957 0.017276 0.0059 0.014711 0.00495 0.000298 0.001696 1.5e-005 0 0 0 0 9.9e-005 0.005058 0.005905 0.000588 0.001386 0.008954 0.016011 0.048804 0.000448 0 9.4e-005 0.000153 0.000165 0.000167 5.6e-005 0.000231 0 0 0.000136 0.004649 0.008273 0.001893 0.009133 0.004969 0.036687
0.00025 0 0 0 0 0 0 0.00011 1.4e-005 0.008776 0.010621 0.000623 0.000179 0.007004 0.008749 0.001779 0.000368 0.005743 0.050753 0.012533 0.000317 9.5e-005 0.000385 0.001198 5.5e-005 0 0.001508 0.0001 0.002279 0.006462 0.000151 0.001174 0.010127 0.000418 0.000483 0.000745 0.004374 0.025967 0.015926 0.011274 0.014067 0.019399 0.003319 0.021129 0.002178 0 0.003706 2.7e-005 0 0 0 0 0.001056 0.002752 0.005487 0.032406 0.020246 0.015428 0.006996 0.00515 0.001538 0.002333 0 0 0.014382 0.006494 0.002581 0.00498 0.003832 0 0 5e-005 0.000261 0.000781 0 0.000933 0.010261
4.3e-005 0 0 0 0 0 0 0.000273 7.9e-005 0.002131 0.001774 0.000609 0 0 0.001411 0.006999 0.000488 0.001164 0.000689 0.000728 0.002653 5.8e-005 0.002795 0.004484 0.000202 0.001891 0.001542 0.000977 0.00126 0.000898 0.000576 0.001273 0.002344 0.003423 0.023597 0.006816 0.000426 0.016339 0.01002 0.037932 0.066526 0.037638 0.005465 0.009667 0.027309 0.01897 0.000748 0 0 0 0 0 0.00016 0.000432 0.002035 0.023283 0.004484 0.001728 0.000863 0.002717 0.015164 0.014952 8.9e-005 0.007451 0.055505 0.019521 0.001657 0.002497 0.001196 0 0 0.000387 5.5e-005 0 0 0.001528 0.002245
0 0 0 0 0 0 0.003078 0.007485 0.001416 0 3e-006 0.004065 0 0 0.004866 0.000918 9.4e-005 0.000292 0.001548 0.001042 0.01883 0.001146 0.007048 0.007613 0.00073 0.012498 0.011176 0.000459 0.002357 0.000401 0.006037 0.001605 6e-005 0.00251 0.018325 0.00834 0.000555 0.004484 0.002729 0.025239 0.014623 0.036151 0.007424 0.001258 0.001487 0.006879 0.000769 7.3e-005 0 0 0.000346 0.000231 0.000445 0.000414 0 0.008903 0.012139 7.1e-005 0.005581 0.001842 0.002589 0.004228 4.6e-005 0.013551 0.043808 0.014905 0.022192 0.000464 0 0 0 0.002423 0.007542 0 0 0.002569 0.012042
9.3e-005 0 0 0 0 0 9.5e-005 0.005491 0.001031 0 0.000884 1e-006 0.000226 0.014068 0.028307 0.004845 0.000335 0.005103 0.003157 0.001822 0.001112 0.002744 0.000712 7.2e-005 0.00811 0.005363 8.7e-005 0.000125 0.00076 0.000768 0.002395 0.000192 6.6e-005 0.000127 0.006416 0.001707 0.000611 0.003173 0.011446 0.000723 0.000267 0.00039 0.000765 0 0.004879 0.016737 0.02904 0.001101 0.003865 0.002553 0.003833 0.019521 0.002073 5.4e-005 0.000624 0.001038 0 0.000198 0.000426 0.000274 0 0.000137 0 0.000212 0.010055 0.008987 0.003826 4.6e-005 0 0 0.000169 0.002333 0.010281 4e-006 0 0.002007 0.017549
2.3e-005 0 0 0 0.001484 0 0 0.005318 0.003656 0.000472 0 0 0.000313 0.009782 0.042155 0.000431 0 0 0 3.3e-005 0 0.010307 0.008414 3.5e-005 0 0.000167 0.003484 0.00063 0.000415 0 8.7e-005 0.000419 1.6e-005 1e-005 0.000468 0.000214 2.1e-005 0.001646 0.003439 0.028505 0.002555 0.00027 0.007143 0.003166 0.009317 0.01594 0.045973 0.000982 0.026521 0.05232 0.018438 0.005129 0.00018 0.00087 0.009091 0 0 0 4.8e-005 2.5e-005 0 0 8.2e-005 0.000188 0.003165 0.007064 0.013602 0.00083 0 0.000949 0.003975 0.000157 0.000122 0.000239 6e-005 0 0.000285
0 0.000477 0.00048 0 0 0 0 0.000604 0.010091 0.007507 0.000291 8.8e-005 0.007824 0.014367 0.019267 0.001777 0 0.000429 0.001847 0.002049 0.001136 0.001165 5.4e-005 0.012669 0.020247 0.000286 0.012025 0.024378 0.000462 0 0 0.000196 0.000408 0.000172 0.001559 0.034974 0.011072 1.6e-005 0.003538 0.011319 0.039516 0.002716 0.002811 3.2e-005 0.001273 0.00052 0.008876 0.004246 0.028073 0.057626 0.06895 0.040109 0.008338 0.008364 0.005382 0 0 0 0 0 0 0 0.000485 0.001789 0.002539 0.001292 0.002074 0.000529 0.00196 0.008826 0.00109 0.005265 0.002568 0.001917 0.000618 0.001491 0.000723
0 0.000488 0 0 0.00024 0.000431 0.000221 0.002026 0.001078 0.001221 0.002144 0.003501 0.011167 0.001935 0.002824 0.00034 0.002003 0.000348 0.002428 0.001295 0.002948 0.000401 0.000837 0.002026 0.005041 0.009622 0.009095 0.00047 0 4.3e-005 7.6e-005 0.000713 0.00519 0.010445 0.017311 0.005259 0.002438 0.001752 0.012395 0.000801 0.006703 0.023731 0.005959 0.006118 0.001044 0 0.001088 0.002735 0.015107 0.04548 0.050863 0.015121 0.053732 0.007643 0.000294 0 0 0.000506 0.00051 0.000245 0.001122 0.000579 0.000176 4e-006 0 0 0 0.00026 0.003857 0.003093 0.005265 0.012112 0.001331 9e-005 0.000315 0.000629 0.006947
0.001266 0.002729 0 0.000675 0.000774 0.000277 0.002021 0.006328 0 0 0.001937 0.008898 1e-006 0 0 0.000171 0.001331 0.001213 0.000535 0.001202 0.000305 0.000206 0.000573 0.002164 0.00101 0.000479 0.000771 0 0 0.001008 0.017028 0.010971 0.000112 0.004785 0.019328 0.002138 0.004271 0 0.001357 0.00748 0.014746 0.002233 0.002622 0.000991 0.002677 0.035326 0.01788 0.005108 0.002147 0.003119 0.002238 0.001888 0.009629 0.029644 0.002043 0 0.003429 0.035593 0.002789 0.001667 0.004539 0.004495 0.001226 0.001307 0 0 0 0 0 0 5.1e-005 0.00134 0.001475 0.000272 0.003773 0.010239 0.01301
0.003174 0.007129 0.000626 0.000663 0.000353 0.001869 0.001541 0.029079 0.002116 0 0.001482 0.001608 0 0.000354 6.4e-005 0.002765 0.001065 0.005459 7.8e-005 0.00025 0.002526 0.007629 8.1e-005 0.002327 0.000432 0.000413 1.1e-005 0 3.4e-005 0.005349 0.029536 0.012105 0 0 0.000171 0 0 6.4e-005 0.000412 0.003752 0.007318 0.001317 0.006563 0.001203 0.006482 0.029637 0.007479 0.008287 0.014865 0.0053 0.020072 0.001532 0.019065 0.026752 0.012873 0.000118 0.002603 0.025405 0.004819 0.005993 9.4e-005 0.002836 0.009472 0.011547 0.000699 0.006764 0.010602 0.001247 0 0 0 0 0 0 0.002325 0.00951 0.037375
0.0035 0.0078 0 7.2e-005 0 0 0.00065 0.014805 0.002424 0 0.00627 0.002703 7.8e-005 0.003358 0 0.000109 0.004472 0.000315 0.000791 0.002383 0.003636 0.000106 1.1e-005 0.003544 0.005574 0.001784 4e-006 0 0.000168 0.000331 0.001041 0.006563 0.000699 0.000359 0.006071 9.6e-005 0.003221 0.019879 0.008957 0.044887 0.043832 0.002236 0.000977 1.5e-005 0.002401 0.010526 0.001261 0.009267 0.016646 0.000912 0.004351 0.005785 0.040048 0.021745 0.02152 0.002416 0.013835 0.000324 0 0 0.004164 0.000106 0.001539 0.006177 0.000395 0.008476 0.05968 0.075078 0.036448 0.047481 0.001902 0.005419 0.001019 0.0033 0.006702 0.02895 0.038709
0.000164 7.8e-005 0.000768 0.001666 0.000855 1.6e-005 0.005223 0.000999 0 0.0007 0.001827 0.000816 0.003597 0.00036 0.002888 0.002237 0.007427 0.002223 0.002841 0.000806 4e-005 0 0.000142 0 0.00345 0.006806 0.009999 0.00182 0.001307 0.011315 0.000647 0.014798 0.021909 0.003242 0.029592 0.003493 0.008193 0.031438 0.059499 0.073895 0.008906 0.003177 0.002105 1e-006 0.000182 0.00133 0.001804 0.006078 0.001115 0.001778 0.013206 0.046811 0.007706 0.003613 0.008617 0.002253 0.008269 0.001788 0 0.000694 0.00831 4e-005 0 0 0.000304 0.006233 0.001228 0.015337 0.012292 0.007719 0.002219 0.000229 0.00173 0.005911 0.00443 0.020123 0.032749
0.000159 0 0.002765 0.003382 0.002574 0.000386 0.007656 0.006262 0.002934 0.003951 0.003217 0.003144 0.009698 0.000262 0.001553 0.001455 0.001627 0.006884 0.00156 0.006225 0.000384 1.5e-005 0.000606 0.002265 0.005095 0.003899 0.007198 0.009179 0.005339 0.010724 0.000985 0.000841 0.00559 0.014753 0.004061 0.000243 0.0003 0.011243 0.044276 0.007019 0.010811 0.029601 0.001682 0.000344 0.001661 0.038698 0.022742 0.01838 0.007184 0.002562 0.017608 0.013329 0.025231 0.005274 0.000998 0.009843 0.026109 0.000262 0.006308 0.012039 0.002596 0.000343 0 2.3e-005 0 0.004946 0.001484 0.001788 0.001355 8e-005 0.001033 0.000192 0.005468 8.5e-005 0.00094 9e-006 0.000851
1.2e-005 0 0.00051 0.002139 0.003565 0.011122 0.035627 0.000926 0.011548 0.001919 0.001392 0.002726 0.001614 5e-005 8.7e-005 2.2e-005 0.015784 0.001281 0.000242 3.5e-005 0.000259 0.002783 0.003434 0.002013 0.001999 6e-006 0.003497 0.001914 0.000779 0.005911 0.004829 0.003475 0.010271 0.01407 0.000907 0.001647 0.000195 0.004322 0.000736 0.001069 0.015505 0.014518 0.015291 0.000192 0.011339 0.028881 0.027401 0.018532 0.007059 0.004272 0.010173 0.035048 0.026129 0.00077 0.000417 0.003137 0.018825 0.003115 0.005685 0.015208 0.03562 0.021007 0.004265 5.4e-005 0.000206 0 0.000162 7.9e-005 0.001848 0.005493 0.002506 0.000102 0.013732 0.003227 0.000325 0.000731 0.009421
0.001373 0.007439 0.000115 0.001053 0.001523 0.000548 0.004195 0.000266 0.009632 0.000588 0.01606 0.002061 0.004164 0.003589 0.00621 0.008298 0.016316 0.000336 0.00181 0.000189 0.007458 0.002119 0.000195 0.000478 0.001048 0 0.000487 0.00047 9.1e-005 4.4e-005 0.01839 0.004105 0.010189 0.019717 0.00436 0.002711 0.001621 0.021454 0.001908 0.002007 0.031426 0.019653 0.019501 0.000959 0.003665 0.00543 0.018605 0.033499 0.003191 0.003521 0.018214 0.00832 0.005603 0.001239 0.000126 0.017577 0.054061 0.047458 0.003535 0.019369 0.031155 0.013841 0.00198 0.000661 0.004207 0.007449 0.00166 0.000587 0.008854 0.019285 0.008636 0.00896 0.018344 0.003986 0.002936 0.00201 0.025633
0.002596 0.018807 0.009316 0.007954 0.002488 0.000712 0.000243 0.001066 0.011936 0.000585 0.004809 0.045192 0.028313 0.01326 0.001944 0.0008 0.006091 0.000768 0.008413 0.001473 0.00093 0.002428 0.007278 0.003369 0 0 0 0.000494 0.00639 0.000693 0.000373 0.001536 0.005048 0.001364 0.001699 0.010067 0.002202 0.038409 0.005805 0.000236 0.021983 0.033126 0.060255 0.002883 0.026205 0.000444 0.008984 0.010973 0.003331 0.007702 0.041365 0.001529 0 0.002043 0.006161 0.009689 0.035627 0.025611 0.030268 0.015939 0.020388 0.003395 0.015818 0.037401 0.035028 0.037818 0.008778 2.7e-005 0 0.00151 0.025948 0.011836 0.005766 0.029509 0.003361 0.000557 0.011359
0.009463 0.021579 0.009638 0.009972 0.032852 0.014595 0.000435 0.002618 0.007726 0.013433 0.017969 0.010513 0.018597 0.031803 0.004586 0.001082 0.005479 0.002486 0.008324 0.006911 0.00024 0.003148 0.005228 0.007365 0.000153 0 5.7e-005 0.001049 0.001712 0.001087 0.004072 0.00478 0.000352 3.7e-005 0.00353 0.034312 0.023315 0.023277 0.004929 0.000733 0.021491 0.037872 0.005579 0.00331 0.004015 7e-005 0.002177 0.016364 0.002556 0.015205 0.114505 0 0 0.00193 0.003522 0.021661 0.100804 0.051658 0.015119 0.051311 0.026134 0.036499 0.004121 0.006492 0.031754 0.013883 0.002109 0.00019 0 0.002484 0.010032 0.02813 0.018246 0.016155 0.035187 7.9e-005 0.003184
0.015957 0.005247 0.014608 0.001662 0.054498 0.0219 0.008235 0.005982 0.014625 0.015813 0.010815 0.016125 0.005232 0.018117 0.006408 0.006119 0.004022 0.00145 0.006505 0.007024 0.000143 0.000565 0.002977 0.000194 0.000348 1.9e-005 1.3e-005 3.1e-005 0.001127 0.001094 0.017009 0.009593 0.001133 0.001441 0.012082 0.006046 0.006173 0.015937 0.018007 0.015815 0.017174 0.004168 0.00427 0.000624 0.00037 0 0.004439 0.045742 0.003784 0.047019 0.004672 0 0 0 0.000148 0.032209 0.080258 0.082014 0.01006 0.029661 0.0266 0.016911 0.01123 0.003101 0.000199 0.019193 0.022794 0.002161 0.000569 0.003574 0.002821 0.003826 0.0174 0.020671 0.011248 0.000468 0.002307
0.000589 0.0174 0.105533 0.007254 0.006734 0.023495 0.045195 0.010484 0.01469 0.030344 0.015047 0.024575 0.003247 0.002364 0.000306 0.001364 0.000427 0.002757 0.000158 0.000105 0.003482 0.003303 0.003815 0.012723 0.000563 0.000122 0 0 0.006144 0.003709 0.004326 0.002517 0.004007 0.005765 0.013384 0.001442 0.000344 0.005931 0.00618 0.032577 0.023942 0.004688 0.025413 0.014314 0.002672 0.003727 0.000553 0.003482 0.001881 0.003969 0.005174 0 0 5.8e-005 0.000808 0.002139 0.021246 0.008377 0.021826 0.080035 0.085665 0.036841 0.022489 0.002787 4e-006 0.003836 0.021107 0.002343 0.022996 0.003957 0.007091 0.033529 0.016349 0.012428 0.003125 0.003162 0.013065
0.005063 0.018839 0.021106 0.024049 0.022634 0.075449 0.002744 0.006471 0.011516 0.003384 0 0.004358 0.011454 0.002174 0.00024 0.010827 0.003379 0.014314 0.002207 0.000145 0.006511 0.006938 0.003379 0.00985 0.001965 0.000488 0 0 0.008262 0.003745 0.00179 0.003459 0.010756 0.003315 0.001277 1.1e-005 0 0.000267 0.008735 0.008969 0.006716 0.03199 0.011189 0.006234 0.001094 0.005303 7e-006 1.2e-005 0.005296 0.015842 0.005272 0 0 2.8e-005 0.00023 0.003925 0 0 0.001375 0.187022 0.171463 0.018313 0.007437 0.032479 0.00062 0.003555 0.000402 0.007119 0.057727 0.000271 0.003122 0.003681 0.000163 0.00117 0.006056 0.027788 0.004076
