EnvRasters/RC_High/barley.asc
ncols         270
nrows         223
xllcorner     24099.479091542
yllcorner     21023.840179216
cellsize      1003.8986847201
NODATA_value  -9999
[rows 102 to 135 of 223, columns 77 to 153 of 270]
0.008278 0.001558 0.000344 0 0.001275 0.000703 0.031012 0.055746 0.015721 0.004044 0 0.003819 0.003469 0.007151 0.004706 0.0184 0.005799 0.015193 0.002932 0.002312 0.018783 0.012688 0.000896 0.028051 0.054511 0.020537 0.011387 1.2e-005 0.007325 0.00799 0.002447 0.011529 0.001872 0.005444 0.006042 0.01042 0.005283 0.001077 0.019159 0.023407 0.000855 0.048461 0.042344 0.012625 0.013022 0.051166 0.092147 0.00678 0.058172 0.119793 0.082717 0.005767 0.025456 0.069993 0.046018 0.090665 0.111639 0.067633 0.113289 0.011556 0.044077 0.072896 0.028799 0.033261 0.006507 0.040625 0.109051 0.025634 0.058736 0.110541 0.109651 0.161296 0.013453 0.006116 0.006639 0.020946 0.008783
0.010425 0.000888 0.011559 0.026309 0.006416 0.012479 0.019415 0.054059 0.035764 0.004297 0 0.00039 0.06363 0.105376 0.047406 0.125797 0.051927 0.069092 0.018289 0.036104 0.062468 0.03697 0.0175 0.056521 0.02307 0.017492 0.015308 0.00056 0.014445 0.0142 0.014031 0.017668 0.001998 0.000101 0.004263 0.011747 0.037809 0.009022 0.000541 0.001717 0.004732 0.055519 0.054312 0.077095 0.066539 0.014506 0.061125 0.065558 0.063763 0.032428 0.004261 0.004209 0.080367 0.106567 0.028042 0.055108 0.084226 0.061395 0.071096 0.020064 0.007233 0.008998 0.009946 0.007535 0.001323 0.030606 0.076527 0.088308 0.031235 0.112367 0.097241 0.081338 0.04565 0.056798 0.086546 0.121044 0.057649
0 0.001854 0.027546 0.050011 0.002539 0.008613 0.007719 0.043475 0.059124 0.003401 0.001108 0.006322 0.083205 0.148415 0.126003 0.115569 0.081744 0.006954 0.018138 0.084744 0.034626 0.021054 0.012904 0.060541 0.023528 0.015712 0.017099 0.006612 0.001143 0.01476 0.002721 0.000306 0 4.2e-005 0.004583 0.007783 0.056406 0.00111 0.001323 0.016292 0.006296 0.003298 0.034331 0.022157 0.017252 0.070289 0.05724 0.066075 0.052838 0.002822 0.021076 0.034133 0.100872 0.122322 0.094055 0.067422 0.090349 0.00214 0.054891 0.023119 0.073482 0.022584 0.01785 0.003009 0.013888 0.004884 0.051633 0.170335 0.112565 0.074255 0.016708 0.002355 0.169206 0.098339 0.115944 0.189546 0.112524
0 0.000241 0.007444 0.010855 0.01109 0.018024 0.045596 0.031111 0.017559 0.006904 0.011777 0.016285 0.079166 0.070642 0.026197 0.017412 0.042933 0.002188 0.004141 0.074151 0.045065 0.052165 0.026437 0.053158 0.017154 0.014019 0.045965 8.2e-005 0.001154 0.003343 0.00585 0.000747 0.000212 0.00521 0.049234 0.016299 0.012452 0.006725 0.013215 0.020377 0.022665 0.01795 0.053148 0.036841 0.010022 0.032397 0.071719 0.023842 0.003083 0.012581 0.100226 0.087666 0.103647 0.079778 0.117708 0.054081 0.077228 0.009039 0.050073 0.102204 0.10917 0.011907 0.038305 0.050899 0.045535 0.017714 0.047936 0.112841 0.171546 0.083434 0.004156 0 0.067584 0.059608 0.050675 0.064043 0.153072
0.002792 0 0.000152 0 0 0.008454 0.033444 0.09057 0.032402 0.019426 0.002981 0.018197 0.029282 0.006882 0.004715 0.002356 0.019085 3e-005 0.002547 0.041644 0.02692 0.033925 0.045773 0.03737 0.013275 0.009111 0.025264 0.005118 0.003894 0.029708 0.046074 0.025873 0.000284 0.003931 0.017268 0.013454 0.008133 0.001054 0.013236 0.063966 0.014284 0.003886 0.020316 0.01538 0.000924 0.0295 0.042165 0.015178 0.024207 0.003006 0.022373 0.077866 0.09014 0.04581 0.046418 0.159157 0.100971 0.074507 0.049994 0.045122 0.027096 0.014605 0.101248 0.085701 0.043904 0.079452 0.107102 0.142859 0.126384 0.068077 0.065754 0.103031 0.034468 0.017905 0.174285 0.089528 0.150955
0.017913 0 0 0.003283 0.010764 0.000377 0.019237 0.02161 0.017622 0.017573 0.002989 0.046057 0.081866 0.046901 0.000126 0.000228 0.001175 0.009566 0.000271 0.009972 0.046194 0.019602 0.038255 0.025267 0 0.003664 0.033074 0.014499 0.005411 0.080567 0.04906 0.011173 0.004309 0.021592 0.068743 0.050198 0.019663 0.000649 0.018544 0.018618 0.012985 0.000118 0.004565 0.010102 0.056205 0.020663 0.015887 0.011623 0.025988 0.128639 0.023336 0.019898 0.031461 0.009033 0.01793 0.116019 0.043658 0.033207 0.100702 0.124602 0.101504 0.0344 0.104842 0.030531 0.005379 0.004643 0.03027 0.073873 0.042701 0.056793 0.082391 0.016241 0.010912 0.049669 0.06722 0.058947 0.078567
0.01804 0.005537 0.000152 0.000366 0.006691 0.000194 0.000408 0.000427 0.072237 0.108774 0.083401 0.062278 0.044172 0.028436 0.000955 0.000273 0.000291 0.000386 0.001603 0.002325 0.008804 0.003894 0.014784 0.031077 0.000345 0.017128 0.008747 0.042813 0.059238 0.101202 0.035117 0.028256 0.028037 0.004442 0.026859 0.042679 0.092148 0.008825 0.002272 0.02292 0.002698 0 3.7e-005 0.001017 0.0544 0.120111 0.071916 0.007603 0.010696 0.032994 0.018487 0.062605 0.117596 0.060516 0.041289 0.051596 0.004532 0.033092 0.144447 0.13778 0.099362 0.031414 0.087243 0.062583 0.007404 0.000498 0.014547 0.083804 0.098982 0.113465 0.07541 0.009425 0.05105 0.128491 0.019155 0.071162 0.153943
0.021645 0.015838 0.007509 0 0.010922 0.000821 0 0.001331 0.095121 0.089557 0.168289 0.077189 0.012108 0.03024 0.031613 0.014468 0.010832 0.001794 0.010206 0.002516 3.6e-005 0.002847 0.013424 0.053573 0.024161 0.003341 0.003442 0.030511 0.010844 0.008253 0.014294 0.08143 0.025248 0.022899 0.001579 0.00046 0.037147 0.004787 0.000934 0.002426 0.004183 0 0.002551 0.032789 0.114903 0.11191 0.090913 0.011123 0.036593 0.015679 0.012164 0.096467 0.041744 0.026524 0.011451 0.002021 0.000536 0.008819 0.066093 0.041444 0.058256 0.037114 0.062376 0.061868 0.007459 0.00033 0.007375 0.079972 0.033683 0.105199 0.034917 0.037266 0.077035 0.033907 0.066468 0.118296 0.054564
0.000707 0.015852 0.003683 0 0.010829 0.000156 0 0.002541 0.084558 0.054653 0.058001 0.029999 0.018675 0.038018 0.014519 0.020127 0.013161 0.000293 0.000339 0.000497 8e-006 0.000278 9.4e-005 0.015566 0.022582 0.00092 0.007764 0.012699 0.018846 0.008493 0.010687 0.029879 0.003215 0.004858 0.000927 0.000199 0.00399 0.004424 0.00124 0 0.000222 0.000956 0.011798 0.069296 0.118384 0.085607 0.018768 0.009325 0.012104 0.002875 0.007553 0.029394 0.038025 0.0275 0.003031 0.016166 0.012896 0.004707 0.014288 0.010677 0.004317 0.00322 0.001474 0.046864 0.024233 0.023473 0.028602 0.067125 0.073229 0.06845 0.059792 0.068343 0.100253 0.120053 0.040505 0.125741 0.080288
0.002262 0.013058 0.001702 0.000136 6.8e-005 6.2e-005 0 0.007101 0.007462 0 2.6e-005 0 0 0 0 0 0 0 0 0.000115 0 3.1e-005 0 0.000402 0.001265 0.001185 0.012324 0.020259 0.083672 0.026416 0.02245 0.040272 0.014941 0.000664 0.000473 0.001668 0.002019 0.000452 0 0 0.000147 0.014707 0.020951 0.043547 0.097839 0.026089 0.038863 0.053311 0.003382 0.00426 0.001693 0.025613 0.111883 0.031593 0.001411 0.013991 0.01728 0.024041 0.077101 0.009416 0.096156 0.061247 0.015836 0.021959 0.017898 0.029208 0.050965 0.013294 0.03307 0.028838 0.123384 0.215095 0.137222 0.078675 0.126757 0.195512 0.159499
0 0 0 0 0 0 0.000193 0.000616 0.000442 0 1e-006 0 0 0 0.000118 0.003428 0.014864 0 0.000627 0.000222 0.000371 0.000456 0.010643 0.00679 0.005993 0.020032 0.00729 0.001212 0.009375 0.003311 0.002551 0.001241 0.000909 0.001215 0.000909 0.000655 0.000101 0 5.5e-005 0.000387 0.000468 0.009619 0.01059 0.038248 0.062152 0.017718 0.054472 0.068094 0.0034 0.000881 0.001693 0.001088 0.001505 0.004409 0.009264 0.063252 0.070221 0.025538 0.049839 0.157447 0.201478 0.116119 0.070979 0.021504 0.074223 0.084939 0.101956 0.107275 0.154316 0.046333 0.079151 0.024693 0.059906 0.060762 0.022223 0.120166 0.152713
0 0.000115 0.00035 0.002544 0.018761 0.002784 0.001598 0.000482 0.00039 0.000402 0 0 0 0 0.001265 0.007164 0.003273 1.1e-005 0.00037 0.000901 0.000416 0.00012 0.021313 0.037235 0.004229 0.028709 0.027939 0.000189 0.006565 0.014922 0.0012 0.006566 6.9e-005 2.3e-005 0.000528 0 1.5e-005 0.000509 0.000572 0.000537 0 0.006338 0.014339 0.012832 0.048323 0.035616 0.091298 0.026342 0.011184 0.004436 0.002852 0.008924 0.001597 0.002934 0.001066 0.002202 0.002753 0.001456 0.026053 0.039026 0.029032 0.014701 0.062218 0.069556 0.012506 0.08517 0.141113 0.174121 0.127707 0.032761 0.021682 0.013274 0.003953 0.054034 0.00571 0.004808 0.010356
0.000254 0.000679 0.002466 0.000838 0.001153 0 0.005312 0.000654 0 0 0 0 0 0 0.001401 0.004002 6e-006 0.000156 0.000214 0.00965 0.033306 0.004017 0.001755 0.000923 0.003562 0.003066 0.000871 0.000768 0.005937 0.001968 0.003162 0.000371 2.7e-005 0.003581 0.002067 0 0.00012 0.001321 4.8e-005 0.000214 0 5.2e-005 0.000658 0.002714 0.004595 0.005017 0.006969 0.005837 0.003875 0.000506 8.5e-005 0.003113 0.000354 0.000889 0.002953 0.000577 0.000236 0.000152 0.006631 0.07442 0.021479 0.001164 0.002797 0.04093 0.004635 0.009693 0.011597 0.105958 0.00671 0.042869 0.052074 0.011349 0.004746 0.051022 0.011836 0.018712 0.069457
0 9.1e-005 0.000827 0 0 0 0.000742 0 0 0 0 0 0 0 0.009524 0.003428 0 0 0 0.001003 0.006735 0.00064 0.00428 0.02319 0.006716 7.8e-005 0.00315 0.000959 0.001095 6.3e-005 0.000847 0.001992 0.020434 0.008588 0.00137 0.000336 7.6e-005 0.0002 3.9e-005 0 0 4e-006 0.002691 0.001168 0.000557 0.001896 0.003484 0.007696 0.003341 0.00049 0 0 0 0.004148 0.015087 0.000825 0.007046 0.022515 0.019579 0.017903 0.006655 0.000246 0.000564 3e-005 0.018854 0.004274 0.00626 0.015386 0.003866 0.011307 0.079675 0.021581 0.02447 0.109795 0.025728 0.043196 0.026848
0 0 0 0.000843 0.001529 0 0 0 0 0 0 0 0 0 0.001091 0.003521 1.4e-005 0 0 0.00054 0.000644 0 0 6e-006 0.001308 0.003035 6.8e-005 0.001938 0.012828 0.003774 0.004628 0.024674 0.006454 0.001045 0.012936 0.005414 0.000535 0.00147 4e-005 0 0.000282 0.0321 0.037258 0.009178 0.00082 0.00453 0.001326 0.000798 0.00047 0 0 0 0.000113 0 0.000353 0.002431 0.00421 0.013541 0.029194 0.006873 0.002256 0.00132 0.001 0.013814 0.002659 0.000166 0.001144 0.000851 0.000746 0.010467 0.037351 0.014441 0.006967 0.019582 0.025628 0.090719 0.046925
0.007339 0.026075 0.031873 0.010595 0.013955 0 0 0 0 0 0.001182 0.000394 0.000386 0 0.000816 0.00139 0 5.5e-005 0 0 0 0.000168 0.021063 0.000115 6.4e-005 0.000542 0.001003 0.00514 0.049979 0.021499 0.038067 0.027593 0.009401 0.095028 0.096105 0.053331 0.004887 0.000108 0.005915 0.003343 0 0.013516 0.048766 0.020173 0.023515 0.084671 0.030866 0.000717 0.001494 0.000368 0 1e-006 0 0.000124 0.000864 0.001837 1.7e-005 0.001242 0 0.003819 9e-006 0.00237 0.000626 0.003558 0.023107 0.001259 0.001545 7e-006 0.000121 0.008221 0.005906 0.000301 0.000256 0.018075 0.010758 0.046261 0.003485
0.01778 0.010964 0.002003 0.005146 0.013571 0.003929 0.000453 0 0 0.000125 2.6e-005 0.009668 0 0.000847 0.000269 0.004902 0.002159 0.001464 0.00491 0.003117 0.000209 0 0.00134 0 0.000797 0.005213 0.083002 0.074391 0.015221 0.002503 0.019122 0.01144 0.0036 0.026898 0.051198 0.01407 0.016207 0.004094 0.0002 0.007791 0.001014 0.01374 0.036984 0.029583 0.035609 0.055716 0.041271 0.004983 0.00061 0.00228 0.001292 5e-006 0 0 3e-006 0 0.000117 0.000971 0.00085 0.001165 0.000829 0.000932 0.012898 0.008243 0.02633 0.002213 0.003883 0.002643 0.004508 0.005567 0.002466 0.00462 0.018229 0.018276 0.023017 0.033251 0.00721
0.051591 0.0057 0.003586 0.002182 0.013271 0.040558 0.016892 0.005213 2.8e-005 0.002002 0.000288 0.002248 0.000785 0.00179 0.008147 0.051613 0.019361 0.038989 0.005843 0.007371 0.000388 0 0 0.000661 0.005415 0.027967 0.085678 0.07462 0.03589 0.001128 0.098763 0.031188 0.000785 0.005302 0.025157 0.006984 0.009535 0.024458 0.000207 0 0.006633 0.035942 0.037752 0.05284 0.000488 0.007147 0.003878 0.003639 0.002698 4e-005 0.000856 2e-006 1.6e-005 0 1.9e-005 0 0 0 0.000121 0.000923 0.000177 0 0.013797 0.015972 0.000184 0.00031 0.001948 0.00194 0.007249 0.01556 0.002497 0.016578 0.030341 0.00631 1e-005 0 0.015138
0.150602 0.113319 0.042054 0.051616 0.004008 0.028664 0.020583 0.001476 3.4e-005 0.000278 0 6e-006 2.3e-005 0.001604 0.009806 0.009167 0.092247 0.033177 0.000765 0.003787 0.001217 0.000393 0 0.000604 0.008366 0.077741 0.144635 0.172731 0.071521 0.015156 0.046716 0.013761 0.01038 0.035886 0.005901 0.013172 0.012328 0.010465 0.001099 0.000354 0.004318 0.0048 0.015451 0.06117 0.013655 0.010004 0.001168 0.000661 1.8e-005 0.000133 0 2e-006 0 0 2e-006 0 0 0.00037 0.000866 0.00039 0.000237 0.001362 0.002501 0.00468 0.00093 0.002851 0.000322 0.000788 0.007094 0.02575 0.024412 0.009798 0.067388 0.119037 0.008801 0.001096 0.004633
0.043391 0.010243 0.115961 0.114507 0.029809 0.003952 0.002796 0.004364 0.00968 3.2e-005 0.000107 0 0 0 1.9e-005 0.002657 0.023564 0.031961 0.024775 0.014272 0.047156 0.081619 0.002139 0.008893 0.063458 0.06203 0.072652 0.076832 0.089923 0.004825 0.057928 0.097469 0.064568 0.001228 0.001841 0.00303 0.01773 0.003868 0.000241 0.002646 0.005876 0.000485 0.017723 0.020069 0.000584 0 0.000171 0 1e-005 0 0 0 0 0 0 0 0 0 0 7.6e-005 0.001054 0.001197 0.00299 0.004645 0.000426 0.000143 4.6e-005 0.001835 0.007806 0.064534 0.030817 0.053717 0.13406 0.115612 0.050549 0.009613 0.001303
0.036222 0.057619 0.11355 0.140885 0.004234 0.004648 0.000134 0.006711 0.005054 0.000226 0 0.000525 0.005244 0.000385 0.00186 0.008256 0.04471 0.021019 0.123117 0.03677 0.053885 0.07807 0.004692 0.00424 0.102321 0.155268 0.070963 0.141015 0.072805 0.012282 0.087625 0.07234 0.021494 0.002056 0.014257 0.026914 0.010832 0.000584 0.000131 0.004868 0.009031 0.002871 0.001511 0.001325 0 0.000252 0.006483 0.011073 0.015184 0.000249 0 0.00308 1e-006 0 0 0 0 2e-006 0 0 0.000908 0.00894 0.030606 0.006276 0.000613 0.00015 0 0.001193 0.006022 0.015118 0.00452 0.026878 0.047624 0.065483 0.014886 0.002487 0
0.004536 0.081328 0.005263 0.035787 0.004008 0.003566 0.014945 0.020309 0.042517 0.001532 0.000804 0 0.001992 0.007197 0.015294 0.020163 0.032758 0.070556 0.090761 0.027016 0.017029 0.002932 0.029899 0.030957 0.066649 0.146868 0.164717 0.06912 0.024262 0.065885 0.099298 0.046452 0.015897 0.015212 0.019525 0.028897 0.0009860001 0.000803 0 0.005574 0.030303 0.002324 0.004033 0.002766 0.029904 0.017239 0.074456 0.051316 0.013901 0 0.000317 0.002233 0.00106 0 0 0 2.1e-005 0.000862 0.001042 0.007029 0.004589 0.003855 0.025075 0.003593 0 0.000698 0.000379 0.000922 0.007703 0.016347 0.003024 0.004882 0.02752 0.018955 0.002112 0.000579 0
0.006528 0.007474 0.006864 0.024278 0.002525 0.003087 0.008054 0.038385 0.010748 0.005247 0.004316 2.9e-005 0.090055 0.106158 0.048764 0.10444 0.138403 0.082243 0.05473 0.079094 0.079048 0.048724 0.022492 0.010432 0.02256 0.077666 0.040841 0.023464 0.025918 0.022194 0.062065 0.092038 0.038779 0.07227 0.00605 0.019388 0.003246 0.005234 0.003006 0.024487 0.014501 0.020788 0.004666 0.013546 0.16161 0.089201 0.07696 0.025816 0.015485 0 6.6e-005 0.001235 0.001427 0 0 0 4.2e-005 0.004121 0.008459 0.011148 0.011174 0.000766 0.007235 0.000159 0 0.001634 0.000878 0.001009 0.000565 0.003866 0.000801 0.007926 0.010635 0.011151 0.003866 0.000977 0.000286
0.005241 0.094672 0.016975 0.016551 0.077462 0.028632 0.007153 0.002156 0.012442 0.051318 0.002488 0 0.05421 0.093808 0.057731 0.045027 0.073574 0.074203 0.156616 0.069829 0.074985 0.123448 0.086271 0.098892 0.014076 0.037415 0.1121 0.077348 0.090605 0.059626 0.058968 0.08007 0.122152 0.059092 0.003862 0.000459 0.0007 0.003137 0.007149 0.021148 2.4e-005 0.010954 0.000905 4.7e-005 0.037551 0.01595 0.026391 0 5.5e-005 0.000281 0.000756 0.001466 0.00066 0.000348 0 0.00283 0 0.003118 0.007116 0.008122 0.006353 0 0.014891 0.002439 0.00048 0.000595 0.012343 0.020341 0.060481 0.029561 0.004003 0.01284 0.004715 0.033366 0.021384 0.023945 0.000922
0.001122 0.029396 0.039743 0.035853 0.13333 0.0506 0.00567 0.000468 0.001262 0.030863 0.002328 0.010027 0.010209 0.061304 0.018231 0.019878 0.080885 0.029247 0.108191 0.09747 0.029588 0.070471 0.095265 0.081772 0.093798 0.168252 0.155651 0.117365 0.08756 0.011836 0.043692 0.129587 0.013272 0.000964 0 0 0 0 0.001409 0.001501 0.012151 0.003941 0.004773 0.000227 0 0.000276 0.000516 0 1.8e-005 0 0.001873 0.001543 0.000213 0.000335 0.000965 0.019146 0 0.000126 0.000469 0.000286 0.002211 0.002122 0.011689 0.000431 0 0.002148 0.015623 0.062624 0.08569 0.057175 0.002432 0.058231 0.011811 0.032199 0.043838 0.041722 0.007431
0.001925 0.00382 0.010903 0.009389 0.009436 0.005902 9.1e-005 0.000854 0.001754 0.009115 0.013695 0.045612 0.026866 0.08026 0.013218 0.0075 0.079361 0.114178 0.113027 0.109545 0.04018 0.100191 0.120463 0.060432 0.015998 0.10215 0.028394 0.037971 0.061082 0.005449 0.025959 0.075892 0.003487 0.004599 0 0 0 0 7e-005 0.003695 0.01875 0.003533 0.008241 0.00318 0 0 0 0.000151 0 0.000169 0.002498 0.001652 6.7e-005 0 0 0.007467 0.00084 0.004118 0.000966 0.009416 0.004682 0.003707 0.003775 6e-006 0 0.002117 0.001663 0.009828 0.051271 0.005684 0.007747 0.033015 0.034848 0.06448 0.118465 0.080959 0.000191
0.027029 0.015277 0 0 0 0 -9999 -9999 0.001138 0.00737 -9999 0.004584 0.015072 0.09701 0.154719 0.08757 0.12268 0.108528 0.117031 0.073788 0.034338 0.058106 0.025226 -9999 0.02593 0.07208 0.033199 0.003299 0.00489 0.001883 0.00173 0.011616 0.037298 0.004213 0 0.000855 0.00165 0.004622 0.019722 0.009521 0.00187 0.002095 0.00281 0.000458 0.002693 0.000211 0.020146 0.008467 0.000376 0 0.000396 0.001442 0.000683 0.00072 0.000359 0.000163 0.037687 0.026216 0.000425 0.003128 0.007806 0.000217 0.004101 0.003948 0.00072 0.001441 0.00023 0.004312 0.014538 0.009702 0.044438 0.049706 0.046107 0.078806 0.061429 0.047328 0.006793
0.031073 0.042215 0.02188 0.00106 -9999 -9999 -9999 -9999 -9999 -9999 -9999 -9999 0.003861 0.046452 0.109548 0.046497 0.174684 0.039093 0.002863 0.006885 0.00039 0.003543 -9999 -9999 0.003904 0.025157 0.008512 0 0 0.000425 0 0.007234 0.088776 0.02209 0.000121 0.01878 0.039196 0.004388 0.013858 0.033168 0.012044 0.012961 3.2e-005 0.003734 0.025561 6e-005 0.020362 0.000944 0.000337 0.004867 0.000753 0.000115 0.002349 0.009468 0.035225 0.012785 0.002172 0.006139 0.000525 0 0.000394 0.000118 0.000154 0.000856 0.003974 0.001303 0.011692 0.073221 0.042103 0.01953 0.147983 0.060423 0.093598 0.096902 0.052991 0.041671 0.000742
0.005274 0.00886 0.018029 4.7e-005 -9999 -9999 -9999 -9999 -9999 -9999 -9999 -9999 -9999 -9999 0.020087 0.036326 0.015362 -9999 -9999 -9999 -9999 -9999 -9999 -9999 -9999 0 0 0 0 0 0.00283 0.039848 0.052878 0.022377 0.00246 0.07169 0.066789 0.00158 0.002972 0.005367 0.013178 0.022055 0.001312 0.003165 0.015488 0.002832 0.03284 0.003159 0.000344 0.002002 0.001828 7.5e-005 0.001807 0.007022 0.028125 0.042973 0.027035 0.017241 0.0006 1e-006 0.004302 0.001939 0.000461 0 0.001296 0.005228 0.010387 0.030059 0.020132 0.068145 0.121952 0.190314 0.190976 0.183199 0.211063 0.143766 0.021358
0.002578 0.000932 0.002199 3.6e-005 -9999 -9999 -9999 -9999 -9999 -9999 -9999 -9999 -9999 -9999 -9999 -9999 -9999 -9999 -9999 -9999 -9999 -9999 -9999 -9999 -9999 -9999 0 0 0 0.001146 0.010987 0.078904 0.106878 0.012926 0.013983 0.08258 0.061139 0.02325 0.034595 0.014177 0.025372 0.059611 0.060634 0.008726 0.01821 0.075703 0.171191 0.093294 0.008722 1.7e-005 1.1e-005 0.000296 0.005654 0.005004 0.011911 0.02674 0.044833 0.029048 0.014275 0 0.001765 0.023872 0.006491 0 0.001784 0.002366 0.03004 0.091518 0.007563 0.057577 0.164362 0.158285 0.107023 0.055025 0.108869 0.078695 0.031378
0 0.001319 7.2e-005 -9999 -9999 -9999 -9999 -9999 -9999 -9999 -9999 -9999 -9999 -9999 -9999 -9999 -9999 -9999 -9999 -9999 -9999 -9999 -9999 -9999 -9999 -9999 -9999 0 0 0.009831 0.013852 0.032833 0.037363 0.048048 0.057989 0.025033 0.087843 0.075677 0.165051 0.061518 0.075762 0.097601 0.091048 0.02841 0.027152 0.07412 0.128958 0.146575 0.081021 0.005028 0.001579 0.00489 0.010597 0.020769 0.006548 0.005608 0.005456 0.016596 0.003191 0.000141 0.005287 0.019769 0.007446 0 0.000412 0.000557 0.043732 0.16607 0.031108 0.05599 0.123344 0.049327 0.035784 0.049496 0.005955 0.003564 1.9e-005
-9999 0.000411 0 -9999 -9999 -9999 -9999 -9999 -9999 -9999 -9999 -9999 -9999 -9999 -9999 -9999 -9999 -9999 -9999 -9999 -9999 -9999 -9999 -9999 -9999 -9999 -9999 -9999 -9999 0.000378 0.00346 0.053175 0.074227 0.065938 0.029602 0.070379 0.175968 0.18364 0.23174 0.073825 0.056468 0.103762 0.086231 0.072771 0.12026 0.047994 0.149541 0.135473 0.060516 0.012534 0.000542 0.000389 0.000386 0.002299 0.083373 0.066773 0.034482 0.057113 0.002091 0.023713 0.028599 0.014735 0.004327 8.2e-005 0.005188 0.008354 0.128104 0.09276 0.01786 0.018093 0.080692 0.033461 0.003709 0.013228 0.017167 2.2e-005 5.1e-005
-9999 -9999 -9999 -9999 -9999 -9999 -9999 -9999 -9999 -9999 -9999 -9999 -9999 -9999 -9999 -9999 -9999 -9999 -9999 -9999 -9999 -9999 -9999 -9999 -9999 -9999 -9999 -9999 -9999 -9999 0.003492 0.014306 0.053903 0.11277 0.064811 0.054552 0.194638 0.222173 0.160218 0.105398 0.122096 0.13926 0.118885 0.110988 0.10412 0.036565 0.112261 0.22635 0.091661 0.040425 0.012882 0.002372 0.000794 0.009367 0.070381 0.075871 0.008904 0.004585 0.017279 0.014557 0.014622 0.004208 0.004342 0 0.020112 0.012361 0.034025 0.095118 0.112235 0.006117 0.008559 0.014112 0.001322 0.020602 0.051275 0.0082 0.001799
-9999 -9999 -9999 -9999 -9999 -9999 -9999 -9999 -9999 -9999 -9999 -9999 -9999 -9999 -9999 -9999 -9999 -9999 -9999 -9999 -9999 -9999 -9999 -9999 -9999 -9999 -9999 -9999 -9999 -9999 9.8e-005 0.037387 0.020624 0.011689 0.069206 0.007569 0.038801 0.067668 0.0237 0.02349 0.083212 0.023784 0.049131 0.092314 0.093242 0.138171 0.166748 0.139382 0.089278 0.010578 0.005445 0.001407 0.001634 0.00097 0.002636 0.020313 0.022749 0.009648 0.007668 0.007308 0.002722 0.002945 0.001056 0.011088 0.055887 0.036989 0.055603 0.222688 0.068171 0.052786 0.006846 0.007012 0.006561 0.0555 0.048109 0.018356 0.024426
