EnvRasters/RC_High/barley.asc
ncols         270
nrows         223
xllcorner     24099.479091542
yllcorner     21023.840179216
cellsize      1003.8986847201
NODATA_value  -9999
[rows 68 to 101 of 223, columns 0 to 76 of 270]
-9999 0 0 0 0.000474 0.003291 0.010595 0.013393 0.021116 0.014981 4e-006 0.000355 0.002115 0.001731 0.002174 8e-005 0.009587 0.031616 0.007567 0.000435 0.009811 0.060352 0.042349 0.010683 0.015482 0.019116 0.031066 0.082994 0.021728 0.0409 0.009666 0.049054 0.035487 0.004653 0.032688 0.046087 0.038164 0.023415 0.013973 0.053306 0.027919 0.02959 0.017541 0.025625 0.012538 0.015264 0.002544 0.035984 0.010315 0.011507 0.022821 0.061787 0.010072 0.001041 0.007803 0.021614 0.012947 0.011869 0 0 0.00667 0.008118 0.026651 0.02639 0.00387 0.007106 0.001454 0.011868 0.014239 0.057034 0.004027 0.006098 0.046724 0.008444 0.011969 0.002237 0.002277
-9999 2.2e-005 0.001262 3.1e-005 0.001291 0.00164 0.002365 0.009418 0.053678 0.004914 0.001068 0 0.000178 0.006105 0.023054 0.000241 0.001064 0.011135 0.000211 0.004352 0.008978 0.04297 0.069217 0.020731 0.046165 0.010729 0.012869 0.069271 0.015647 0.013072 0.020913 0.037154 0.047826 0.052697 0.038463 0.053325 0.033296 0.027535 0.032154 0.048775 0.035103 0.016357 0.003969 0.015059 0.04061 0.008597 0.024521 0.016553 0.003112 0.000613 0.008798 0.009758 0.016861 0.007721 0.000599 0.001452 0.000471 5e-006 0 0 0.001709 0.007481 0.004435 0.003163 4.7e-005 0.000796 0.002241 0.011407 0.00529 0.005836 0.004173 0.009414 0.018134 0.016304 0.004526 0.001323 0.013313
-9999 0.000764 0.030734 0.019838 0.03575 0.020328 0.008855 8.5e-005 0.016363 0.052729 0.017069 0.000206 0.004934 0.022586 0.002559 0.001214 0.002286 0.005859 0.003656 0.086508 0.033189 0.005662 0.027235 0.049602 0.019978 0.003994 0.031152 0.023975 0.009734 0.010871 0.04047 0.04485 0.071976 0.043658 0.018657 0.029024 0.030701 0.021552 0.020253 0.04077 0.008454 0.000901 0.00061 0.00294 0.025611 0.034252 0.004549 0.002621 0.008532 0.007252 0.023574 0.003022 0.001639 0.008277 0.00548 0.000555 0.003601 0 8e-006 0.000453 0.000586 0.001889 0.004873 0.003897 0.00123 0.002901 0.006829 0.030301 0.019636 0.002071 0.006219 0.008453 0.005401 0.013153 0.026161 0.008257 0.002513
-9999 0.00999 0.033125 0.0346 0.00029 0.010635 0.001379 0.007545 0.034561 0.003492 4e-005 0.001075 0.015964 0.019084 0.006621 0.006615 0.002387 0.008965 0.002897 0.005571 0.011414 4e-005 0.017555 0.063107 0.031219 0.016531 0.00427 0.008273 0.015858 0.012555 0.026701 0.027332 0.045497 0.018218 0.014319 0.028706 0.015028 0.014793 0.020569 0.01157 0.030251 0.028194 0.008583 0.006494 0.022835 0.018294 0.006682 0.000817 0.001543 0.014882 0.003263 0.000184 0.013095 0.010686 0.016826 0.011073 0.013115 0.001497 0.001328 0.001423 0.010525 0.001592 0.010192 0.007429 0.006548 0.008509 0.004211 0.011281 0.024689 0.009627 0.007942 8.7e-005 0 0.000778 0.023218 0.010615 0.022496
-9999 0.009577 0.012377 0.000908 0.004186 0.015457 0.000228 0 0.001034 0.007609 0.003265 0.015782 0.000693 0.021592 0.057908 0.007697 0.042936 0.015989 0.002565 0.003276 0 0 0.002177 0.027461 0.013607 0.002553 0.001287 0.004562 0.001403 0.012811 0.033894 0.015525 0.105656 0.05946 0.055437 0.037312 0.009342 0.002842 0.001898 0.005863 0.045406 0.027451 0.009513 0.007309 0.001097 0.009116 0.003746 0.002444 6.8e-005 0.00064 0.000652 0 0.002406 0.007751 0.00084 0 0.000328 0.00244 0.025482 0.01015 0.021518 0.009878 0.011594 0.008585 0.001863 0.013046 0.036801 0.006077 0.001747 0.008812 0.009635 0.000368 0 0 0.000695 0.02447 0.011183
-9999 -9999 0.005953 0 0.003035 0.019752 0.018992 0.000286 0.002228 0.043301 0.065639 0.044043 0.005038 0.021277 0.002528 0 0.004836 0.06016 0.003938 0.036103 0.001059 0.000639 0.018412 0.046267 0.01004 0.044315 0.018887 0.028351 0.016122 0.000566 0.006638 0.015284 0.01453 0.015708 0.013236 0.027666 0.011004 0.014836 0.011912 0.0263 0.005083 0.020317 0.002239 0.003991 0.001077 0.002051 0.012202 0.00333 0.000582 0.005645 0 0.000376 0.002073 0.003735 0.000312 0.000609 0.008137 0.007234 0.003538 0.001302 0.008587 0.033537 0.001794 0.005382 0.002407 0.019352 0.019842 0.001273 0.025974 0.03265 0.004108 8.7e-005 0 0.000808 0.00861 0.00568 0.00519
-9999 -9999 0 0 0.001897 0.038585 0.000836 0 0.000574 0.003 0.009049 0.054291 0.000119 0.002439 0.050952 0.002056 0.004783 0.019422 0.030391 0.031095 0.019902 0.015133 0.034336 0.019845 0.012119 0.015771 0.03768 0.022472 0.004471 0.000457 0.000787 0.013805 0.02698 0.01578 0.005248 0.016415 0.015417 0.003606 0.030218 0.068656 0.022318 0.007014 0.016664 0.005315 0.001568 0.000981 0.001859 0.000627 0.001266 0.001527 0.001356 0.000121 0.006948 0.000924 0.000204 0.000244 0.00086 0.001529 0.002085 0.002688 0.019537 0.033713 0.00461 0.010007 0.009459 0.004549 0.002337 1e-006 0.003106 0.009118 0 0 0.000397 0.005347 0.005102 0.004892 0.012052
-9999 -9999 -9999 0.00013 0.002653 0.034612 0.0176 8e-006 0.016245 0.026823 0.019859 0.045641 0.008942 0.002578 0.002706 0.008378 0.036603 0.010426 0.006394 0.008174 0.009945 0.028671 0.01326 0.016986 0.006607 0.014202 0.007921 0.037748 0.00723 0.002451 0.001964 0.034707 0.016702 0.026669 0.014073 0.028632 0.07089 0.030982 0.049851 0.029665 0.042177 0.000683 0.017144 0.004626 0.000742 0.000366 0.001751 0 0 0.001252 0.018124 0.000915 0.000917 0.010552 0.001439 0.000925 0.003834 0.034039 0.02089 0.022581 0.01804 0.005646 9e-005 0.005674 0.002068 0.01246 0.000648 6.8e-005 0.000201 1.4e-005 0 4e-006 0.002386 0.001542 0.001134 0.000605 0.004932
-9999 -9999 -9999 0.000445 0.000277 0.000514 0.000532 0.0001 0.007878 0.013023 0.004584 0.002025 0.02764 0.043217 0.053606 0.029799 0.046014 0.027281 0.001 0.005352 0.0017 0.042872 0.010614 0.001225 0.002767 0.0509 0.035154 0.00745 0.037784 0.022306 0.015448 0.008224 0.04125 0.008013 0.009242 0.033613 0.010619 0.025951 0.029117 0.037799 0.025114 0.000173 0.00373 0.002167 0.00642 0.010242 0.007469 0.000805 0 0.001305 0.020991 0.029722 0.002806 0 0.000287 0.001295 0.009119 0.055827 0.018501 0.003343 0.018248 0.005245 0 0.001145 0.03791 0.036294 0.000615 1.8e-005 0.005966 0.001477 0.001885 0.00225 0.002434 0.000681 0.003894 0.000762 0.007073
-9999 -9999 -9999 -9999 -9999 -9999 -9999 -9999 -9999 0.001181 0.003959 0.009111 0.011666 0.028723 0.035304 0.009801 0.008097 0.00018 0.006477 0.005625 0.010525 0.005847 0.050221 0.009914 0.002469 0.03127 0.008697 0.020276 0.009276 0.00066 0.006992 0.005486 0.053444 0.017297 0.009121 0.002357 0.006683 0.002012 0.002861 0.057369 0.009488 0.000103 0.000897 0.011843 0.007178 0.005128 0.003241 0.00081 0 0.0058 0.024138 0.056067 0.003384 0.001162 0.006749 0.039042 0.01402 0.054813 0.008933 0.001747 0.003617 0.005542 7.7e-005 6e-005 0.009974 0.037704 0.007139 0.011153 0.054525 0.005496 0.012123 0.004764 0.001883 0 0.003448 0.003153 0.004748
-9999 -9999 -9999 -9999 -9999 -9999 -9999 -9999 -9999 1.4e-005 0.000865 0.013134 0.013658 0.007806 0.01869 0.063072 0.005485 0.038496 0.014348 0.007531 0.019167 0.002279 0.005632 0.01224 0.034633 0.041311 0.009015 0.058822 0.002012 0.001749 0.024589 0.042123 0.012273 0.044203 0.028934 0.010501 2.2e-005 0 0.001026 0.00938 0.008171 0.000944 0.003326 0.024094 0.014075 0.033741 0.002062 0.006171 0.009188 0.002437 0.05983 0.048985 0.008193 0.026456 0.017904 0.026383 0.03366 0.098344 0.070071 0.018944 0.016655 0.015404 0.000126 0.000451 0.001389 0.005865 0.033177 0.101365 0.073373 0.006632 0.001824 0.00655 0.010354 0.001184 0.029731 0.049808 0.002335
-9999 -9999 -9999 -9999 -9999 -9999 -9999 -9999 -9999 -9999 0.000534 0.0099 0.017399 0.017475 0.006482 0.040625 0.015555 0.037854 0.057421 0.0449 0.005269 0.017466 0.01476 0.036918 0.008834 0.004189 0.001698 0.040846 0.012446 0.015881 0.017059 0.046895 0.014615 0.043161 0.0515 0.009472 3.4e-005 0 0.000244 0.002818 0.00099 0.009867 0.003117 0.005183 0.044866 0.004936 0.005644 0.022974 0.04546 0.033571 0.052178 0.026003 0.016002 0.022065 0.031396 0.054948 0.06658 0.074923 0.067539 0.003654 0.049629 0.053654 0.006889 0.006617 0.00047 0.001959 0.043726 0.019391 0.002095 8.4e-005 0.002735 0.002903 0.001413 0.002878 0.018109 0.004746 0.001583
-9999 -9999 -9999 -9999 -9999 -9999 -9999 -9999 -9999 -9999 0 0.006219 0.04597 0.054399 0.002415 0.002597 0.002377 0.022659 0.055412 0.021589 7.1e-005 0.01881 0.024237 0.023437 0.000102 0.002901 0.020082 0.011998 0.00703 0.008205 0.006008 0.000316 0 0.00563 0.001824 0.029986 0.01474 -9999 -9999 0 0.000817 0.012427 0.012026 0.005129 0.004627 0.013999 0.022471 0.017569 0.053056 0.050496 0.054854 0.031598 0.00656 0.007893 0.02372 0.030893 0.039043 0.055816 0.045635 0.04965 0.036025 0.001475 0.003058 0.000563 0.000221 0.004914 0.002436 0.000444 0.012408 0.005665 0.00141 0.000635 0.000942 0.002043 0.000566 0.003245 0.00376
-9999 -9999 -9999 -9999 -9999 -9999 -9999 -9999 -9999 -9999 -9999 -9999 0.036692 0.025636 0.004309 0.028504 0.002785 0.063568 0.082341 0.013668 0.027984 0.013156 0.014397 0.000475 0.005523 0.03812 0.030374 0.005272 0.01597 0.001621 0.001866 4e-005 -9999 -9999 4.6e-005 0.000146 -9999 -9999 -9999 -9999 0.005971 0.011536 0.017897 0.029827 0.007795 0.013674 0.008778 0.00466 0.004451 0.007068 0.011319 0.02829 0.00288 0.004646 0.043884 0.050856 0.02446 0.036049 0.01826 0.004257 0.000684 2.5e-005 0.000798 0.000127 0.0001 0.003569 0.003017 0.006684 0.010111 0.001215 9.7e-005 0 0.001662 0.001793 0.003679 0.004644 0.001831
-9999 -9999 -9999 -9999 -9999 -9999 -9999 -9999 -9999 -9999 -9999 -9999 0.007283 0.017619 0.001946 0.021645 0.019282 0.019958 0.07485 0.001051 0.003791 0.01167 0.00826 0.046857 0.047215 0.032961 0.02877 0.038577 0.008361 0 -9999 -9999 -9999 -9999 -9999 -9999 -9999 -9999 -9999 -9999 0.000171 0.004146 0.057368 0.005107 0.002451 0.022192 0.020998 0.001765 0.030317 0.052315 0.022254 0.046312 0.030809 0.058595 0.095626 0.083669 0.010518 0.065922 0.043836 0.021222 0.000995 0.00142 0.004948 0.000591 0.000407 0.001019 0.000701 0.004334 0.002774 0.001354 6.5e-005 0.00037 0.001797 0.002522 0.000867 0.003475 0.003089
-9999 -9999 -9999 -9999 -9999 -9999 -9999 -9999 -9999 -9999 -9999 -9999 -9999 0.007161 0.031522 0.003007 0.007503 0.043597 0.033104 0.000655 0 0.001899 0.003807 0.0009869999 0.000887 0.00133 0.000997 0.001335 -9999 -9999 -9999 -9999 -9999 -9999 -9999 -9999 -9999 -9999 -9999 -9999 -9999 0.002155 0.002945 0.007322 0.003357 0.0053 0.000605 0.006499 0.009729 0.041464 0.035278 0.085719 0.059415 0.062466 0.040781 0.056891 0.05174 0.100536 0.005671 0.015153 0.004078 0.006432 0.006162 0.00072 0.004919 0.009187 0.009966 0.001598 0.004517 0.00039 0.000203 0 0.000676 0.00029 0.010363 0.009667 0.003719
-9999 -9999 -9999 -9999 -9999 -9999 -9999 -9999 -9999 -9999 -9999 -9999 -9999 0.002365 0.010277 0.001562 0.002433 0.022514 0.019326 0.000936 0.002093 0.019049 0.01382 0.003205 0.000305 3.8e-005 -9999 -9999 -9999 -9999 -9999 -9999 -9999 -9999 -9999 -9999 -9999 -9999 -9999 -9999 -9999 0 9e-006 7.2e-005 1e-006 0.000107 0.000212 0.001232 0.014711 0.01366 0.02056 0.028734 0.044091 0.020504 0.003024 0.049602 0.048713 0.073324 0.046785 0.001338 0.010544 0.010777 0.002947 0.021941 0.063503 0.068463 0.051889 0.033276 0.006943 0.008282 0.000144 0 0 0 0.00067 0.001642 0.001943
-9999 -9999 -9999 -9999 -9999 -9999 -9999 -9999 -9999 -9999 -9999 -9999 -9999 0 0.001955 0.020504 0.044903 0.002627 0.01519 0.016223 0.017457 0.009845 0.003479 0 0.000761 0 -9999 -9999 -9999 -9999 -9999 -9999 -9999 -9999 -9999 -9999 -9999 -9999 -9999 -9999 -9999 -9999 4e-006 0 0.002027 0 0.000752 0.004179 0.016423 0.018999 0.007705 0.066529 0.054317 0.001378 0.00133 0.032912 0.00727 0.041253 0.00673 0.001277 0.004951 0.046631 0.014885 0.014322 0.010822 0.009527 0.01886 0.015474 0.008647 0.005869 0.000711 0.000392 0.000219 0 0.001966 0.001631 0.006938
-9999 -9999 -9999 -9999 -9999 -9999 -9999 -9999 -9999 -9999 -9999 -9999 -9999 -9999 0.000266 0.027172 0.024186 0.005771 0.020978 0.001617 0.002408 0.013068 0.004975 0 0.000257 -9999 -9999 -9999 -9999 -9999 -9999 -9999 -9999 -9999 -9999 -9999 -9999 -9999 -9999 -9999 -9999 -9999 6e-006 0.001869 0.01005 0.002627 0.005638 0.02428 0.013493 0.002555 0.001804 0.005356 0.046462 0.055309 0.006921 0.013693 0.001561 0.047675 0.051225 0.010063 0.000481 0.000736 0.038673 0.068696 0.029915 0.012433 0.004188 0.010238 0.002617 0.011182 0.002741 0.003409 0.00343 0.000118 0.002877 0.003475 0.002196
-9999 -9999 -9999 -9999 -9999 -9999 -9999 -9999 -9999 -9999 -9999 -9999 -9999 -9999 -9999 0.001098 0.000934 -9999 0 0.004118 0.042907 0.021186 0.000248 0.002347 0.000688 -9999 -9999 -9999 -9999 -9999 -9999 -9999 -9999 -9999 -9999 -9999 -9999 -9999 -9999 -9999 -9999 -9999 7.8e-005 0.003667 0.016138 0.056297 0.031944 0.013659 0.001956 0.010465 0.009159 0.019676 0.074853 0.027414 0.006678 0 1e-006 0.000687 0.001381 0.001068 0.018541 0.001397 0.00731 0.036908 0.012115 0.041376 0.028504 0.045116 0.013494 0.003194 0.001189 0.00183 0.000298 4.8e-005 0.005187 0.006129 0.000443
-9999 -9999 -9999 -9999 -9999 -9999 -9999 -9999 -9999 -9999 -9999 -9999 -9999 -9999 -9999 -9999 -9999 -9999 -9999 0.000496 0.005251 0.010981 0.000286 0 -9999 -9999 -9999 -9999 -9999 -9999 -9999 -9999 -9999 -9999 -9999 -9999 -9999 -9999 -9999 -9999 -9999 -9999 -9999 2.7e-005 0.005779 0.018583 0.000189 0.006484 0.00356 0.017583 0.000841 0.003423 0.02292 0.001806 0.000504 0 0 0.013653 0.040057 0.004399 0.02187 0.005686 0.033918 0.05635 0.021304 0.00366 0.079743 0.1694 0.00833 0.001004 0.002561 0.017494 0.000116 0.00415 8e-005 0.001636 0.001327
-9999 -9999 -9999 -9999 -9999 -9999 -9999 -9999 -9999 -9999 -9999 -9999 -9999 -9999 -9999 -9999 -9999 -9999 -9999 -9999 -9999 0.001388 0.003368 -9999 -9999 -9999 -9999 -9999 -9999 -9999 -9999 -9999 -9999 -9999 -9999 -9999 -9999 -9999 -9999 -9999 -9999 -9999 -9999 -9999 -9999 -9999 0 0.000389 0.001428 0.002796 0.012445 0 0.000864 0.008658 0.017432 0 0 0.006219 0.021658 0.033193 0.080192 0.098352 0.043467 0.065066 0.065147 0.036648 0.04994 0.099121 0.033015 0.017975 0.003313 0.010724 0.001132 0.005463 0.000165 0.010812 0.001401
-9999 -9999 -9999 -9999 -9999 -9999 -9999 -9999 -9999 -9999 -9999 -9999 -9999 -9999 -9999 -9999 -9999 -9999 -9999 -9999 -9999 -9999 -9999 -9999 -9999 -9999 -9999 -9999 -9999 -9999 -9999 -9999 -9999 -9999 -9999 -9999 -9999 -9999 -9999 -9999 -9999 -9999 -9999 -9999 -9999 -9999 0.001613 0.01895 0.056055 0 0.000413 0.001804 0.000552 0.009003 0.055485 0.000438 0.00197 0.009564 0.044534 0.029751 0.004923 0.029933 0.071989 0.015458 0.053901 0.056808 0.03765 0.024003 0.046472 0.07899 0.008739 0.008125 0.005025 0.002932 0.000708 0.009092 0.002513
-9999 -9999 -9999 -9999 -9999 -9999 -9999 -9999 -9999 -9999 -9999 -9999 -9999 -9999 -9999 -9999 -9999 -9999 -9999 -9999 -9999 -9999 -9999 -9999 -9999 -9999 -9999 -9999 -9999 -9999 -9999 -9999 -9999 -9999 -9999 -9999 -9999 -9999 -9999 -9999 -9999 -9999 -9999 -9999 -9999 -9999 0.000254 0.022834 0.001592 0.006978 0.039078 0.011748 0.031172 0.096038 0.062201 0.068984 0.080514 0.057521 0.017068 0.014075 0.02536 0.033325 0.060651 0.002181 0.006141 0.056329 0.011828 0.002718 0.005095 0.024455 0.006897 0.001126 0.002203 0.002183 0.010269 0.00753 0.01092
-9999 -9999 -9999 -9999 -9999 -9999 -9999 -9999 -9999 -9999 -9999 -9999 -9999 -9999 -9999 -9999 -9999 -9999 -9999 -9999 -9999 -9999 -9999 -9999 -9999 -9999 -9999 -9999 -9999 -9999 -9999 -9999 -9999 -9999 -9999 -9999 -9999 -9999 -9999 -9999 -9999 -9999 -9999 -9999 -9999 -9999 0.000839 0.015642 0.00177 0.000522 0.034601 0.020688 0.026735 0.06397 0.070343 0.029802 0.054412 0.038857 0.00276 0.001953 0.039954 0.021135 0.020035 0.0233 0.024818 0.091663 0.053054 0.044394 0.047843 0.062767 0.009625 0.006372 0.021557 0.022103 0.005208 0.003287 0.006944
-9999 -9999 -9999 -9999 -9999 -9999 -9999 -9999 -9999 -9999 -9999 -9999 -9999 -9999 -9999 -9999 -9999 -9999 -9999 -9999 -9999 -9999 -9999 -9999 -9999 -9999 -9999 -9999 -9999 -9999 -9999 -9999 -9999 -9999 -9999 -9999 -9999 -9999 -9999 -9999 -9999 -9999 -9999 -9999 -9999 0.000733 0.033284 0.028973 0.060288 0.008615 0.002813 0.033273 0.016715 0.000551 0.0055 0.035348 0.057926 0.056803 0.038661 0.01246 0.000324 0.002745 0.012006 0.019699 0.054826 0.002954 0.016491 0.003928 0.055143 0.077806 0.010375 0.002764 0.008751 0.042793 0.006852 0.003567 0.008227
-9999 -9999 -9999 -9999 -9999 -9999 -9999 -9999 -9999 -9999 -9999 -9999 -9999 -9999 -9999 -9999 -9999 -9999 -9999 -9999 -9999 -9999 -9999 -9999 -9999 -9999 -9999 -9999 -9999 -9999 -9999 -9999 -9999 -9999 -9999 -9999 -9999 -9999 -9999 -9999 -9999 -9999 -9999 -9999 -9999 0.000141 0.02338 0.037136 0.01795 0.033792 0.019278 0.01164 0.01145 0.019685 0.034166 0.063623 0.012101 0.027406 0.045533 0.00751 0.017566 0.041516 0.053746 0.053675 0.037516 0.036962 0.070179 0.011095 0.009481 0.02033 0.005113 0.015932 0.051261 0.048924 0.003017 0.000787 0.006833
-9999 -9999 -9999 -9999 -9999 -9999 -9999 -9999 -9999 -9999 -9999 -9999 -9999 -9999 -9999 -9999 -9999 -9999 -9999 -9999 -9999 -9999 -9999 -9999 -9999 -9999 -9999 -9999 -9999 -9999 -9999 -9999 -9999 -9999 -9999 -9999 -9999 -9999 -9999 -9999 -9999 -9999 -9999 -9999 -9999 -9999 0.024356 0.004042 0.00674 0.040112 0.022149 0.000502 0.009506 0.054428 0.063777 0.100907 0.024525 0.053285 0.022543 0.002078 0.030175 0.096538 0.089016 0.013516 0.007871 0.085972 0.101188 0.11097 0.004951 0.010851 0.00092 0.034192 0.034653 0.030839 0.005321 0.003326 0.017303
-9999 -9999 -9999 -9999 -9999 -9999 -9999 -9999 -9999 -9999 -9999 -9999 -9999 -9999 -9999 -9999 -9999 -9999 -9999 -9999 -9999 -9999 -9999 -9999 -9999 -9999 -9999 -9999 -9999 -9999 -9999 -9999 -9999 -9999 -9999 -9999 -9999 -9999 -9999 -9999 -9999 -9999 -9999 -9999 -9999 -9999 0.049974 0.01056 0.033545 0.001388 0.003082 0.009671 0.002086 0.012806 0.012437 0.024739 0.053983 0.094279 0.019523 0.04833 0.028842 0.084881 0.008904 0.015856 0.011125 0.050462 0.057094 0.155376 0.027012 0.001398 0.002738 0.054431 0.105447 0.058886 0.00969 0.035978 0.030119
-9999 -9999 -9999 -9999 -9999 -9999 -9999 -9999 -9999 -9999 -9999 -9999 -9999 -9999 -9999 -9999 -9999 -9999 -9999 -9999 -9999 -9999 -9999 -9999 -9999 -9999 -9999 -9999 -9999 -9999 -9999 -9999 -9999 -9999 -9999 -9999 -9999 -9999 -9999 -9999 -9999 -9999 -9999 -9999 -9999 -9999 0.001676 0.009209 0.052562 0.009754 0.012379 0.011617 0.002253 0.007647 0.002383 0.002082 0.000828 0.009584 0.049636 0.130267 0.029698 0.015168 0.012488 0.006219 0.027398 0.036884 0.050237 0.048005 0.042637 0.036578 0.00265 0.008944 0.033523 0.060329 0.033408 0.004734 0.037226
-9999 -9999 -9999 -9999 -9999 -9999 -9999 -9999 -9999 -9999 -9999 -9999 -9999 -9999 -9999 -9999 -9999 -9999 -9999 -9999 -9999 -9999 -9999 -9999 -9999 -9999 -9999 -9999 -9999 -9999 -9999 -9999 -9999 -9999 -9999 -9999 -9999 -9999 -9999 -9999 -9999 -9999 -9999 -9999 -9999 -9999 0.001196 0.019118 0.062292 0.013671 0.020011 0.005692 0.009765 0.027074 0.00066 0.002542 0.001864 0.025999 0.033791 0.043735 0.040316 0.04139 0.00514 0.001511 0.008521 0.119637 0.034447 0.088948 0.096655 0.052701 0.007775 0.001548 0.001633 0.017414 0.054328 0.043714 0.017417
-9999 -9999 -9999 -9999 -9999 -9999 -9999 -9999 -9999 -9999 -9999 -9999 -9999 -9999 -9999 -9999 -9999 -9999 -9999 -9999 -9999 -9999 -9999 -9999 -9999 -9999 -9999 -9999 -9999 -9999 -9999 -9999 -9999 -9999 -9999 -9999 -9999 -9999 -9999 -9999 -9999 -9999 -9999 -9999 -9999 -9999 -9999 0.000524 0.009553 0.002943 0.006298 0.010546 0.008023 0.004445 0.018493 0.000164 0 1.1e-005 0.019229 0.092127 0.089076 0.030531 0.002128 0.012638 0.068946 0.12593 0.009999 0.065368 0.04135 0.015458 0.011043 0.046393 0.023341 0.003743 0.03013 0.009527 0.000533
-9999 -9999 -9999 -9999 -9999 -9999 -9999 -9999 -9999 -9999 -9999 -9999 -9999 -9999 -9999 -9999 -9999 -9999 -9999 -9999 -9999 -9999 -9999 -9999 -9999 -9999 -9999 -9999 -9999 -9999 -9999 -9999 -9999 -9999 -9999 -9999 -9999 -9999 -9999 -9999 -9999 -9999 -9999 -9999 -9999 -9999 -9999 -9999 0.01454 0.027038 0.048475 0.007019 0.007588 0.033996 0.06116 0.003408 0.001065 0.001559 0.011351 0.012567 0.000769 0.010371 0.008096 0.011517 0.03386 0.080609 0.014785 0.001623 0.00431 0.088707 0.013795 0.01439 0.000703 0.001306 0.000182 0.001711 5e-005
-9999 -9999 -9999 -9999 -9999 -9999 -9999 -9999 -9999 -9999 -9999 -9999 -9999 -9999 -9999 -9999 -9999 -9999 -9999 -9999 -9999 -9999 -9999 -9999 -9999 -9999 -9999 -9999 -9999 -9999 -9999 -9999 -9999 -9999 -9999 -9999 -9999 -9999 -9999 -9999 -9999 -9999 -9999 -9999 -9999 -9999 -9999 -9999 0.01339 0.046613 0.068944 0.023572 0.06719 0.012733 0.019727 0.042482 0.029034 0.079709 0.02229 0.00173 0 0.003085 0.034996 0.009276 0 0.001638 0.00643 0.015943 0.002431 0.015791 0.020432 0.005113 0.000221 0.005546 0.000656 0.013193 0.006079
