EnvRasters/RC_High/barley.asc
ncols         270
nrows         223
xllcorner     24099.479091542
yllcorner     21023.840179216
cellsize      1003.8986847201
NODATA_value  -9999
[rows 34 to 67 of 223, columns 154 to 230 of 270]
0.003639 0.000154 0.003999 0 0 0 4.9e-005 0.002105 0.002466 0.000121 0.000342 0.004926 7.2e-005 0 0.000477 0.003016 0.00382 0.01562 0.008978 0.002844 0 0 0.004409 0.001118 0.00027 0.001186 0 0.004116 0.006372 0.004201 0.003192 0 0 0 0.000616 0.009241 0.024601 0.00146 3e-006 0 0 0 0.000124 0.00116 0.00037 0.00413 0.015864 0.003852 0.001597 0.000459 0.004061 0.000753 0.005391 0.01055 0.001077 0.000312 0.003082 0.011407 0.001604 0 0 0 -9999 -9999 -9999 -9999 -9999 -9999 -9999 -9999 -9999 -9999 -9999 -9999 -9999 -9999 -9999
0.004107 0 0 0 0.000584 0.001737 0.000352 0 0 0 0 0 0 0.0004 0.001485 0.001246 0.005076 0.005445 0.001245 0.012808 0.001974 0 0.001162 3.6e-005 0 0.000632 7.2e-005 0 0 0 0 0 0.002416 0.011015 0.037324 0.001958 0.001088 0.000306 0.000126 0 0.00234 0.00041 0 0 0 0.000509 0.001908 0.015026 0.005622 0 0.001429 0.001989 0.003126 0.000503 0.010493 0.001531 0.01066 0.002923 0.002237 0.000529 0 0 0 0 -9999 0 0.001438 0.01356 0.002767 -9999 -9999 -9999 -9999 -9999 -9999 -9999 -9999
0 0.000143 0.000141 4e-006 0.000147 0.002565 0.003889 7.5e-005 0.000104 0.001561 4e-005 0.000753 0.000135 0.002005 0.002243 0.00475 0.003679 0 0.003833 0.009835 0.005371 3.4e-005 9.7e-005 0 0 0.000283 0.002027 8.2e-005 0 0.002526 0.005856 0.000688 1.9e-005 0.004638 0.010038 0.000506 0.000313 0.003982 0.002028 0 0.001065 0 0 0 3.2e-005 0 0.00674 0.016483 0.024214 0 0.003977 0.000516 0.005832 0.003815 0.004706 0.006776 0.012957 0.016969 0.001744 0 0 0 0.00012 8.1e-005 0.000772 0.000268 0.013503 0.035293 0.035939 0.014593 -9999 -9999 -9999 -9999 -9999 -9999 -9999
0 0.000276 0.000218 0.000552 3.9e-005 0 0.001816 0.020436 0.005 0.067502 0.001918 0.009271 0.011007 0.003056 0.000344 0.000614 0.00178 0.003904 0.000102 0.000777 0.000352 6.2e-005 0.000208 0.000177 0 0.000894 0.005017 6.1e-005 4e-005 0.00027 0.000673 9e-006 0.000639 0.000726 0.000903 0.000234 0 0 0 0 0 3.1e-005 0.001437 0.000694 0.010175 0.000955 0.007546 0.004308 0.000565 0 0.000717 0.000225 0.010461 0.003903 0.001726 0 0.009763 0.015499 0.009282 0.000466 0.000757 0 6.2e-005 0.000112 0.006023 0.000521 0.005658 0.045482 0.019499 0.006051 -9999 -9999 0 0 -9999 -9999 -9999
0 0 0 2.7e-005 0.003876 0.000127 0.000391 0.006152 6.5e-005 0.004709 0.002046 0.002896 0.015409 0.002153 0.000122 0.001866 0.004056 0.006273 0.010613 0.012494 0.007676 0.003612 0.010126 0.002085 0 7.1e-005 0.006765 0.009517 0.000683 0.000111 8e-006 0.000635 0.010804 0.002149 1.6e-005 0.00012 1e-006 0 1.7e-005 0 0.000456 0.003322 0.021623 0.012571 0.04055 0.000462 0.001669 0.001107 0.002701 0.000276 0.011222 0.005773 0.001165 0.001329 0.021134 0.000802 0.001201 0.007006 0.0105 0.005961 0.002369 0 0 0 0 0.000179 0.017084 0.019646 0.026682 0.004109 0.00033 0.031013 0.011451 0.007262 -9999 -9999 -9999
0.012323 0.000213 8.1e-005 0.006908 0.038519 0.003394 0 0 0.000309 0.026312 0.02572 0.007063 0.001234 0.026905 0.001333 0.000585 0.001388 0.000777 0.002325 0.034716 0.009203 0.002489 0.010621 0.001501 0 0.00016 0.002517 0.017297 0.009947 0.003585 0.001235 0.001333 0.001201 0.000518 0.005631 0.000582 0.000291 0.000125 0.000211 0.000171 0 0.002196 0.005937 0.012389 0.016332 0.001909 0.001557 0.003167 0.036467 0.013725 0.001461 0.001025 0.000183 0.007433 0.02372 0.010799 0.002188 0.00479 0.005349 0.003965 0 0 0 0 0 0.007301 0.001763 0.003937 0.053093 0.005294 0.039156 0.03726 0.008296 0.017899 0.001161 -9999 -9999
0.026739 8.6e-005 0.000489 0.02476 0.051356 0.005804 0 0 0.000474 0.004473 0.009617 0.000536 7.4e-005 0.008435 0.005583 0.000241 0.000119 0.000198 0.003219 0.014589 0.002836 0.001328 0.000368 9.1e-005 0.000164 0.000994 0.004929 0.006401 0.000326 0.002615 0.002503 0.003134 0.009657 0.005131 0.005381 0 0 0 0 8.1e-005 0 0.00095 0.009154 0.007076 0.000723 3.2e-005 0.02483 0.025163 0.06121 0.014456 0.016324 0.00046 0 0 0.000804 0.009881 0.010403 0 0.000112 0.003697 0.001604 0.005178 0.003546 0 0.000493 0.025618 0.003982 0.007741 0.008173 0.02935 0.082485 0.059179 0.022222 0 0.00832 0.001386 -9999
0.001539 0 0.001249 0.014127 0.00038 0.000373 0.001479 0.000735 0.000518 0.00087 0 0 0.000225 0.010157 0.005634 0 0.002812 0.003178 0.002622 0.00603 0.007434 0.009344 0.000149 0.001055 0.002278 0.006245 0.001139 0 0.000633 8.7e-005 0.006202 0.006877 0.019428 0.019081 0.002072 0 0 0 0 0 0.000318 0.00808 0.028732 0.003621 0.000284 0.014069 0.014265 0.012112 0.002851 0.001328 0.009821 0.001567 0 0 0 0.002598 0.005994 0 0.001436 0.029254 0.01903 0.048346 0.020409 8.4e-005 0.000586 0.007157 0.00918 0.020513 0.009781 0.066633 0.045032 0.009956 0.011888 0.00555 0.004907 -9999 -9999
0.006237 0.000637 0.007412 0.001943 0 0 0.01722 0.013723 0.020928 0.005836 0.000354 0 0.000226 0.035168 0.004926 0 0.001043 0.008057 0.000199 0.000743 0.002098 0.000363 0.00088 0.0015 0.00553 0.002599 0.000819 0.003532 0.005466 0.005523 0.000465 0.003915 0.012807 0.001381 0 0 0 0 0 8.2e-005 0.000356 0.020479 0.027638 0.00983 0.023301 0.037405 0.011151 0.002612 0.000716 0.006008 0.001382 0 0 0.001142 0.004924 0.000443 0.007962 0.005322 0.002205 0.028627 0.045744 0.040108 0.022063 0.00136 0 0.000514 0.002143 0.004675 0.009201 0.016135 0.003139 0.0168 0.00103 0 -9999 -9999 -9999
0.002744 0.005873 0.011466 0.001352 0.004436 0.003693 0.000365 0.020011 0.019171 0.017159 0.011874 0.002614 0.000218 0.005836 0 0 0.000731 3.6e-005 0.00042 0.010791 0.007876 0.006262 0.000135 1.2e-005 0.001243 0.000202 0.000308 0.001467 0.002956 0.009489 0.00015 0.000405 0.002602 0 0 0 0 0 0 0 0.000109 0.001748 0.00632 0.022567 0.000571 7.1e-005 0.005061 0.000289 0.000788 0.004607 0.000673 0.003522 0.000124 0.007702 0.013168 0.010828 0.004586 0.0026 0.008147 0.02101 0.006515 0.019299 0.006329 0.004577 0.001296 0 6.9e-005 0 3.8e-005 0.003871 0.032567 0.044695 0.00131 -9999 -9999 -9999 -9999
0.000212 0.000198 0.008387 0.003854 0.004255 0.012052 0.00107 0.001942 0.036014 0.004809 0.013488 0.012981 0.001226 0.001223 0.000582 0 0 3e-006 0.00668 0.021527 0.006964 0.004324 0.004872 8.9e-005 0.002745 0 0 0 0.001372 0.003019 0 0.000391 0.001684 0.000174 2.3e-005 0 0 0 0 0 0.000123 0.004165 0.00031 0.001097 0.000123 0 0.002085 0.000638 0.001482 0.002357 0.010157 0.003051 0.002058 0.001647 0.00158 0.006867 0.015922 0.002856 0.038152 0.009284 0.000181 0.000801 0.020198 0.023876 0.002947 0 1.4e-005 0 0 0.003331 0.013239 0.01127 0.00202 0.012921 -9999 -9999 -9999
0.000354 0.008322 0.036708 0.058019 0.001141 0 0.004737 0.005869 0.001728 0.003897 0.050957 0.045678 0.003857 0.004254 0.000679 0.000418 0 0 0.000764 6.8e-005 0.005668 0.008341 0.003463 0.000118 0.000156 2.7e-005 0 0 7.4e-005 0.000195 0.001184 0.000168 0.005774 0.002647 0.001228 0.000477 0.000376 0 0 0 0 0.005553 0 0 0 0 0.000765 0.003438 5e-006 0.012044 0.020618 0.004772 0.002445 0.000459 0.006048 0.001582 0.010399 0.001872 0.011238 0.001221 0.011623 0.009178 0.055645 0.047134 0.006548 3e-005 0.008347 0.006287 0.001675 0.000793 0 0.004532 0.002078 0.010469 -9999 -9999 -9999
0 0.003824 0.026343 0.042181 0.0008 0.002507 0.003715 0.005553 0.004178 0.002551 0.005668 0.001239 0.00041 0.001092 0.001023 0.003335 6.5e-005 0 0 0.000766 0.002035 0.006885 0 0.000378 0.000968 0.001986 0.001201 0.003964 0.000245 0.000152 0.002563 4.3e-005 0 2.5e-005 0.001579 0 0 0.000144 3e-005 0 0 9.3e-005 0 0 0 0 0.004336 0.046296 0.007861 0.00209 0.000827 0.000101 0.004534 0.002159 0.001071 0.001333 0.000622 0.000803 0.005072 0.000676 0.002986 0.017207 0.059894 0.027634 0.002668 0.0005 0.002297 0.000331 0.00699 0.012331 0.021082 0.000925 -9999 -9999 -9999 -9999 -9999
0.000301 0.000167 0.001079 0.007344 0.000262 0.00384 0.008249 0.00106 5e-005 0.001065 0.000903 0.005021 0.000123 0 0.005172 0.000245 0 0 0.001316 0 9.8e-005 0.00035 0 0 0.00027 0.000171 0.00011 0.00145 0.000508 0.000801 0.000692 0 0.000726 0.006797 0.013388 0.00258 0 0.001092 0.000233 0 0 0 0 0 0.000254 0.010881 0.011254 0.002187 0.002694 0.000925 0.006783 0.000262 0.003685 0.000412 0 0.002369 0.000107 0.00113 0.009569 0.001161 0.008906 0.012868 0.050914 0.005055 0.015311 0.003007 0.002448 0.00017 0.00174 0.008729 0.002141 0.003454 -9999 -9999 -9999 -9999 -9999
0.012882 0.000815 0.001578 0.006062 0.02252 0.012858 0.003747 0.001192 0.00128 0 0.000626 0.001932 3.3e-005 0 0.003032 0.005278 0.000251 0.000161 0.009682 0.001387 0.000202 0 0 0.001114 0.004577 0.003637 0.00012 0 0.000125 0.006544 0.00362 0 0.000281 0.00299 0.001781 0 0 0 0 1.9e-005 0 0 0 0.000183 0.000518 0.009616 0.011173 3.5e-005 0 0 0.001413 0.00142 0.001946 0.001984 0.011277 0.006001 0 0 0.00075 0.002322 0.039699 0.006143 0.005148 0.000845 0.001146 0.008884 0.000718 0.002889 0.005251 0.008259 0.008779 0.0021 -9999 -9999 -9999 -9999 -9999
0.004395 0.005005 0.003147 0.019026 0.004104 0.003604 0.000789 0.000308 0.000652 0.00047 0.001944 0.003648 0 0 0 0.016906 0.001838 0 7.6e-005 0 0.001584 0.000733 0 0.00213 7.9e-005 0.000251 0 0 0 0 0 0.007587 0.00547 0 0 0 0 0.000198 0.00715 0.002268 0 0 7e-006 0.002253 0.001388 5e-006 0.00015 0 0 0 0.000772 0.003669 0.011441 0.006161 0.011159 0.009158 0 0 0 0.001182 0.004485 0.007202 0.011421 3e-005 0 0.003112 0.010434 0.020079 0.019818 0.003479 0.001822 0.002161 -9999 -9999 -9999 -9999 -9999
0.002051 0.001805 0.001935 0.000963 0.000104 0 0.000146 0 0.000997 0.000132 0.003229 0.005237 0 0 0 0.001043 0.000476 0.000748 0.006088 0.000547 0.003579 0.00016 0 0.000516 0.000205 0.000171 0 0 0 0.000173 2.4e-005 0.012133 0.016839 0.000515 0 0.000658 0.002964 0.002381 0.014054 0.000941 0 0.000505 0.000102 0.000748 5e-006 0 0 0 0 0 0 0.010868 0.007526 0.001257 0.00034 0.001411 0.001496 0.006302 0.00225 0.001072 0.015749 0.033962 0.007141 0 0 0.005328 0.023733 0.003248 0.001666 1.9e-005 -9999 -9999 -9999 -9999 -9999 -9999 -9999
0.016722 0.008596 0.001391 0.000905 2.2e-005 0.000589 0.005604 0.013632 0.023914 0.015044 0.001158 0 0 0 0 1.2e-005 0.00016 0.000988 0.014299 0.003678 0.002732 0.000637 0.002394 0.00026 0 6.1e-005 0 0 0 0 0.000237 0 0.004294 0.003183 0.000867 0.013743 0.011639 0.000112 0.010542 0.000559 0.001139 0.000774 0.000119 0.000186 0 0 0 0 0 0 0 0.001672 0.002225 0.000969 0.000642 0.003816 0.001528 0.008671 0.005272 0.002915 0.008001 0.005784 0.016679 0.006434 0.000271 0.001603 0.002083 0.003206 0.000808 0 -9999 -9999 -9999 -9999 -9999 -9999 -9999
0.012371 0.002039 0.008812 0.025229 0.002375 0.003036 0.011261 0.020035 0.020014 0.044007 0.00346 7e-006 0 0 0.000308 0 0.001432 0.00101 0.007033 0.001199 0 8.3e-005 0.008462 0.00276 2e-006 0.000116 0.000504 7.8e-005 0 0 0 0 0.004244 0.000375 0 0.001373 0.002136 0.002041 0.008548 0.002088 0.005079 6e-006 0.000155 0 0 0.002943 0.018708 0.003234 0.000876 0.001254 0.000445 0.004954 0.014543 0.001662 0.00249 0.005172 0.003971 0.009943 0.011538 0.00831 0.00808 0.00289 0.026206 0.005227 0.003751 0.001203 0.001217 0.004046 0.008187 -9999 -9999 -9999 -9999 -9999 -9999 -9999 -9999
0.001449 0.000301 0.000139 0.00206 0.000394 0.011176 0.004316 0.004562 0.005273 0.023938 0.004492 0.004976 0.001222 0 0.000261 0.002495 0.007703 0.003202 0.00055 1e-006 0.000874 0 0.000494 0.000483 0.005615 0.003951 0.006305 0.000201 0 0.000104 3e-005 0 0.000194 2.4e-005 0.000217 0.00524 0.007186 0 0.001971 0.009791 0.002506 0 0 0 0 0 0.001809 0 0.000105 0.003099 0.004949 0.010828 0.014082 0.003726 0.000238 0 0 0.002749 0.025653 0.008014 0.023007 0.002994 0.012277 0.000471 0.001168 0.002896 0.001836 0.006854 0.000434 0.00024 -9999 -9999 -9999 -9999 -9999 -9999 -9999
0 0.003949 0.004821 8.4e-005 0 0.000385 0.00276 0.003407 0.023177 0.009158 0.00409 0.011104 0.002021 0.003785 0.002141 0.008982 0.02204 0.006167 0.000497 0.00058 0.003688 0.000321 0.004831 0.014061 0.021951 0.044638 0.026301 0.012524 9.8e-005 0.001338 0.000228 0.000363 0.000569 0.002548 0.016223 0.007238 0.014423 0 0.000775 0.000267 0 4.3e-005 8.3e-005 0 0 0 0 0 2.1e-005 0.000547 0.002445 0.010237 0.015033 0.009403 0 0 0.000126 0.000426 0.000692 0.001499 0.011197 0 0 0.000238 0 9e-006 0.000777 0.001415 0 0.00091 -9999 -9999 -9999 -9999 -9999 -9999 -9999
0.005586 0.007404 0.042524 0.001463 0 0.000405 0.000502 0.001472 0.000444 0.00109 0.00084 0.000452 0.001033 0.001119 0.004322 0.008219 0.002904 0.001425 0.000678 0.000258 0.000784 0.000561 0.000711 0.010851 0.008708 0.006078 0.026188 0.008897 0 0 0 0.000188 0.000457 0.001039 8e-005 0.000239 0 0.000434 0.000122 0.000536 0.002586 0.001296 0.00109 0.000643 6e-006 0 0 0 0 0 0 0 0 0 7.4e-005 0.000461 0.000805 0 0 5.7e-005 0.000312 0.000285 0 0 0 0 7.6e-005 0.000105 0 0 -9999 -9999 -9999 -9999 -9999 -9999 -9999
0.014895 0.029191 0.031211 0.000231 9e-006 0 0 0 0.000201 0.003467 0.019193 0.007888 0.008219 0.000982 0.004742 0.003698 0.024273 0.003624 0.011538 0.003419 0.005577 0.001791 0.001182 0.025083 0.009469 0.003687 0.028719 0.00064 2.9e-005 0.000123 0 0.000365 0.001214 0.000911 0.000339 0.000364 0 0 0.000477 0.000223 0.007208 0.006237 0.00316 4e-006 0 0 0 0 0 0 0 0 0 0 0 0.015561 0.004792 0.001071 0 0.000375 0.001334 0 0 0 0 0.005932 0.007908 0 0.000335 0.000417 -9999 -9999 -9999 -9999 -9999 -9999 -9999
0.013567 0.007302 0.014338 0.002086 0.000228 9.7e-005 0 0 0.001005 0.000529 0.00909 1.9e-005 0.000565 0.005354 0.002328 0.000136 0.007441 0.002004 0.000678 0.01195 0.02438 0.024592 0.007094 0.006315 0.001212 0.000118 0.00213 0.002034 0.001915 0.001876 0 0 0 0.000101 0 0 0.000588 0 0.000107 8.9e-005 0.008559 0.004523 0.001308 0.001183 0.001466 2e-005 0 0 0.000204 0.003593 0.003382 0 0 0 0 0 0.003269 0 0 0 0 0 0.002176 0 0 0.001291 0.007874 0.002082 0.00092 -9999 -9999 -9999 -9999 -9999 -9999 -9999 -9999
0.010218 0.014542 0.006541 0.000129 0.000574 0.006705 0.000636 0.000102 0.020515 0.00136 0.000682 0.000575 6.3e-005 0.00164 5e-006 0.000173 0.002884 0.001844 0.000219 4e-005 0 0.000595 0.000551 0.00073 0.000197 0.000144 0.000141 0.000287 0 0.002761 0.001413 0 0 0 3.5e-005 0.000973 0.002033 2.6e-005 0 9.2e-005 0.000426 0.000984 0.004889 0.006994 0.000753 2.1e-005 0 0 0 6.6e-005 0.001189 0 0 0 0 0 8.8e-005 0.000152 0 0 0 0 0 0.001102 5.1e-005 0.000834 0.001168 0.002213 9e-006 -9999 -9999 -9999 -9999 -9999 -9999 -9999 -9999
0.020924 0.018749 0.004756 0.000814 0.000616 8.1e-005 8.9e-005 0.003852 0.007376 0.000687 0.002735 0.012028 0.006285 0.000401 0.000112 0 0.000615 0.001349 0.000148 0 0.000637 0.000873 0.002392 0.001853 0.00027 0.000151 0.00246 0 0 0 0.000222 0.000352 0.000309 4.1e-005 0.000618 0.0036 0.001371 0.000599 0.003935 0.000807 0.000292 0.020477 0.017004 0.012831 0.012879 7e-005 0 0 0 0 0 0 4e-006 0 0 0 0 0 0 0 0 0 6.6e-005 0 7.2e-005 0.003963 0.003425 5.4e-005 -9999 -9999 -9999 -9999 -9999 -9999 -9999 -9999 -9999
0.007946 0.009976 0.006287 0.003297 0.005076 0.009913 0.010667 0.038853 0.00321 0.000413 0.001541 0.016146 0.013482 0.002365 0.008017 0.006433 0.002195 0.000118 0.006056 0.002366 0.000183 0.001654 0.009097 0.00637 0.000758 0.000177 9.5e-005 0 6.2e-005 0.005665 0.029205 0.003645 0.002319 0.000208 0.001589 0.005676 0.001608 0.002287 0.022243 0.000413 0.000685 0.003063 0.008311 0.020708 0.01705 0.005469 0 0 0 0 0 0 0 0.00025 0 0 0 0 0 0 0 0 0 3.6e-005 0.000159 0.000533 0.00018 0 0 -9999 -9999 -9999 -9999 -9999 -9999 -9999 -9999
0.014793 0.023778 0.086764 0.085799 0.008462 0.023128 0.033906 0.017333 0.016078 0.015683 0.019044 0.025251 0.003364 0.001471 0.002491 0.008826 0.004735 0.004228 0.001781 0.002119 0.001518 0.003355 0.00569 0.021926 0.002529 0 7.4e-005 0.0003 4.1e-005 0.006617 0.024211 0.003727 0.000132 0 0 0.001389 0.001403 0.003138 0.00503 0.000889 0 0 3e-006 0.007821 0.007898 0.006844 6.2e-005 0 0.000324 0.00019 0 4.5e-005 0 0 0 0 0 0 0 0 0 0 0.000143 0.001413 0.001827 0.007837 0.012207 0.002033 0.002036 -9999 -9999 -9999 -9999 -9999 -9999 -9999 -9999
0.033299 0.027582 0.022368 0.020739 0.00223 0.006227 0.026018 0.007205 0.008298 0.037615 0.007527 0.008014 0.001495 0.005757 0.006553 0.006731 0.011161 0.036416 0.017373 0.032223 0.034327 0.012999 0.001659 0.00036 0.002781 0.00854 0.00777 0.000967 3e-006 0.007202 0.003412 0.011512 0.002772 0.000528 0 6.7e-005 0.000313 0 0.001124 0.000458 0 0 0.00334 0.001147 0.000273 0.000891 7e-005 0.000359 0.000212 2.2e-005 0.000129 1.5e-005 9e-005 0 0 0 0 0 0 0 0 0 3e-005 0.000422 0.000293 0 0.000492 0.0021 0.000196 -9999 -9999 -9999 -9999 -9999 -9999 -9999 -9999
0.017977 0.037973 0.022544 0.005032 0.015943 0.033972 0.013805 0.001535 0.00067 0.005225 0.001507 0.004391 0.00726 0.012799 0.030301 0.024693 0.059984 0.058897 0.039361 0.050113 0.04033 0.018928 0.006636 0.001166 0.005406 0.015594 0.017864 0.000106 0.001398 0.052147 0.024447 0.001643 0.011568 0.001154 0.000322 0 8e-006 0.000176 0 0 0 0 0.008663 0.001139 0.000593 7e-005 0.000167 0.000368 0.000194 0 0.000125 4.5e-005 0.000421 2.9e-005 0 0 0 0 0 0 0 0 0 0.001146 0.005668 0.007067 0.004399 0.009215 -9999 -9999 -9999 -9999 -9999 -9999 -9999 -9999 -9999
0.009301 0.00427 0.005523 0.012946 0.010181 0.020795 0.00829 0.000528 0 0.003375 0.019397 0.011083 0.014507 0.034669 0.033351 0.014911 0.073932 0.042234 0.021774 0.008947 0.009057 0.019833 0.011303 0.002474 0.001612 0.026252 0.023398 0.003367 0.000918 0.009332 0.007671 0.001435 0.001065 2.5e-005 0.000104 0.001287 0.004785 0.00052 0 0 0 0 0.000381 0.001924 0.001694 0 2.5e-005 0.000358 0.000948 0.000266 0 0 0 4.8e-005 0 0 0 0 0 0 0 0 0 0.003205 0.012285 0.017323 0.006144 0.000318 -9999 -9999 -9999 -9999 -9999 -9999 -9999 -9999 -9999
0.007418 0.013995 0.007001 0.026026 0.044697 0.017286 0.001368 0.009195 0.002133 0.01179 0.02867 0.035768 0.024636 0.009586 0.015222 0.010998 0.03391 0.020276 0.018013 0.017032 0.015353 0.006518 0.015068 0.016059 0.002066 0.009416 0.018515 0.020167 0.006993 0.02768 0.020846 0.011793 0.002525 7.5e-005 0.003358 0.023889 0.00139 0.000503 9.1e-005 0 0.000278 0.000345 0 0.002868 0.001104 0 0.000231 0.001132 0 0.003785 0 0 0 0.000142 0.00049 0 0 0 0 0 0 0 0.000282 0.001675 0.001945 0.012618 0.004223 -9999 -9999 -9999 -9999 -9999 -9999 -9999 -9999 -9999 -9999
0.023486 0.021364 0.010619 0.02093 0.014642 0.003043 0.009271 0.027438 0.00572 0.027164 0.033739 0.045451 0.044532 0.01931 0.022776 0.005428 0.007136 0.013657 0.009921 0.001709 0.007687 0.011518 0.01124 0.013781 0.002263 0.009584 0.017273 0.027289 0.008447 0.02416 0.02154 0.033215 0.043603 0.001091 0.001313 0.012411 0.002124 0.004955 0.000214 6.8e-005 0.000845 0.002293 0.000174 0.001106 0 0 9.1e-005 0.002122 0.000582 0.004743 0.000203 0 0 8.7e-005 0 0 0 0 0 9.6e-005 0 3.2e-005 4.8e-005 0.001291 0.016894 0.003116 0.00261 -9999 -9999 -9999 -9999 -9999 -9999 -9999 -9999 -9999 -9999
0.011912 0.038124 0.043721 0.002161 0.020322 0.01651 0.000331 0.002437 0.003527 0.011892 0.032406 0.037088 0.023627 0.009663 0.003745 0.054656 0.038538 0.01678 0.015022 0.004777 0.004221 0.005325 0.001502 0.000105 0 0.0164 0.015382 0.015485 0.003983 0.009674 0.012635 0.021493 0.030229 0.005081 0.000827 8.1e-005 0 0.000914 0.000848 0.006799 0.00078 0.003682 0.002216 0.00494 0.002565 0.000985 0.000815 0.000555 0.003675 0.00038 0.005303 0.000907 0.000268 0 0 0 0 0 0 0.000149 0.001569 0.000654 0.000579 0.018772 0.013954 -9999 -9999 -9999 -9999 -9999 -9999 -9999 -9999 -9999 -9999 -9999 -9999
