EnvRasters/RC_High/commerc.asc
ncols         270
nrows         223
xllcorner     24099.479091542
yllcorner     21023.840179216
cellsize      1003.8986847201
NODATA_value  -9999
[rows 34 to 67 of 223, columns 78 to 155 of 270]
0 0 0 0 0.01992996 0.08968481 0.003138904 0.08272861 0.0653213 0.03206263 0.009964978 0 0 0.001291195 0 0 0 0.009964978 0 0 0 0.01992996 0 0 0.02989493 0.07213582 0.01053957 0.04070703 0 0.007300515 0 0.04699786 0.002827031 0 0.009964978 0 0.03228763 0.05850148 0.04055858 0 0.03546847 0 0 0.2565029 0.1103206 0.1463959 0.02989493 0.1016452 0.06753048 0.1135767 0.1634596 0.1492652 0.1694685 0.05484835 0.1195797 0.04982489 0.004755111 0.08143799 0.1472127 0 0 0 0.1922886 0.07137498 0 0 0.04559579 0.03185676 0.002339737 0 0 0.01366703 0.009964978 0.009964978 0 0.01992996 0 0
0.01992996 0 0 0.009964978 0.01992996 0 0.006826074 0.02688615 0.01461504 0.03747571 0 0.009964978 0 0.008673783 0 0 0 0 0 0 0 0 0 0 0 0 0 0.002326151 0.009964978 0.007659308 0.009152535 0 0 0.01606277 0.05576653 0 0.06085699 0.08751338 0 0 0.02989493 0 0 0.157669 0.152559 0.05839542 0 0.196831 0.1198799 0.1521221 0.1825069 0.0879349 0.09956048 0.0729022 0.1096148 0.08463905 0.05526235 0.1743587 0.01458425 0.07118626 0.1132092 0.003576175 0.008489761 0 0 0.0277363 0.03968454 0.00282285 0.009964978 0 0.009964978 0.02958828 0.0501032 0.08971316 0 0 0 0
0 0 0 0.0738454 0 0.01992996 0 0 0.03985991 0 0.01992996 0 0 0 0 0 0.0001949666 0.0003823382 0 0 0.004388908 0.005576071 0 0 0 0 0.02797393 0 0 0.0418628 0.003779694 0.01351156 0.008144924 0.0754421 0.01398831 0.09026841 0.0009851466 0.009964978 0.01984531 0.00477882 0.004296506 0 0 0.01656186 0.1299323 0.1838603 0.1448335 0.1448483 0.1072905 0.06794541 0.01424067 0.1641179 0.2357698 0.2587299 0.009964978 0 0 0 0.009964978 0.02046831 0.02654736 0.01335899 0.001475218 0.01515007 0.0301913 0.06427339 0.02000241 0.009964978 0 0 0 0.01992996 0.006011853 0 0 0 0.009964978 0
0 0 0 0.0158394 0.009964978 0.009964978 0.02034456 0.009550379 0 0 0 0.03985991 0.03985991 0.009964978 0.009964978 0 0.06000352 0.08889385 0 0.009964978 0.009964978 0 0 0.009964978 0 0 0.02837812 0.003437822 0.009964978 0.02989493 0.04241627 0.2311199 0.1012142 0.2371011 0.06975485 0.03829116 0.03543498 0 0.03001151 0.00515423 0.005668472 0 0.02050363 0.0567864 0.0659067 0.3464314 0.06691569 0.06725401 0.01992996 0.1132749 0.1735827 0.176512 0.2953495 0.1436419 0.06631661 0.01056045 0 0.009964978 0.01992996 0 0.0007781883 0.009025026 0.01992996 0.009964978 0 0.06574097 0.02219152 0 0 0 0 0.01017881 0.07393423 0.09167229 0.0291245 0 0.07154236 0.2166948
0 0 0 0 0 0 0 0 0 0 0.003784294 0.04821105 0.01775951 0 0 0 0 0 0 0 0 0 0 0.009964978 0.008605261 0 0 0.01794566 0 0 0.0308502 0.2948888 0.1272461 0.2933995 0.09898569 0.009396217 0.03488864 0 0.01992996 0 0 0 0.0009357999 0.05766398 0.03547458 0.1308919 0.01992996 0.01307416 0.02261979 0.06421045 0.1039508 0.01156976 0.1273727 0.1090374 0.06393798 0.08032504 0.04937881 0 0 0.01992996 0 0.0009399529 0 0 0.009964978 0.01397886 0.01992996 0 0.009964978 0.03985991 0.02989493 0 0.01992996 0.01827283 0 0.03681658 0.2896605 0.326899
0 0 0.009964978 0.009964978 0 0 0 0 0 0.01992996 0 0 0 0 0 0 0 0 0 0 0.0197357 0 0.009964978 0.009964978 0.03856703 0 0 0.02191425 0.009964978 0.01736751 0.01650386 0.1191955 0.2251371 0.2202339 0.09700334 0.03545353 0.04006434 0.009964978 0 0 0 0.009964978 0.003773652 0.03608626 0.01135967 0.3337796 0.0495417 0.4801594 0.5874562 0.1310018 0.04187547 0.08808002 0.05978987 0.02989493 0.01556878 0.06804128 0.07713997 0.07629766 0.003422168 0.009560291 0.01992996 0 0.009964978 0 0 0.009964978 0.03985991 0.01992996 0.07961923 0.02003056 0 0 0 0.001316938 0.008648041 0 0.2066606 0.4739368
0 0 0 0 0 0 0 0 0 0 0 0 0 0 0 0 0 0 0.009964978 0 0.0001942538 0 0 0.009964978 0.01145482 0 0 0.04514537 0.05230069 0.0374684 0.05698759 0.05754496 0.2002854 0.2325015 0.1737002 0.1221037 0 0 0.009964978 0.009964978 0 0 0.03810467 0 0.03392976 0.2116603 0.02989879 0.2971563 0.4184455 0.1283571 0.007949428 0.03985991 0.1410512 0.05095001 0.03985991 0.03779494 0 0 0.05106092 0.2673765 0.3111067 0.05352212 0 0.01992996 0 0.03985991 0.009964978 0 0 0 0 0.009964978 0 0 0 0 0 0.03498396
0 0 0.009964978 0.1697388 0.04809305 0 0 0 0 0 0 0 0.01202358 0 0.003812103 0.006152875 0.004498829 0.02539611 0.009964978 0 0 0 0.009964978 0 0.001162765 0 0.03509222 0.03466263 0.01216871 0.00495396 0.01276726 0.01707001 0.3529451 0.1313212 0.617685 0.572637 0.05913173 0 0 0 0 0.009964978 0.04161515 0 0.009964978 0.003333299 0.02343267 0.0203997 0.1707436 0.06080646 0.009964978 0.009964978 0.2675129 0.09852467 0.02229163 0.009243741 0 0 5.250537e-005 0.0382834 0.1696259 0.102936 0.01992996 0.02861102 0.00128392 0.08968481 0.009964978 0.009964978 0 0 0 0 0 0.009964978 0.04401328 0.01577659 0 0
0 0 0 0.0556177 0 0 0 0 0.009964978 0 0 0.009964978 0.02783634 0 0.009964978 0.02989493 0.009964978 0 0.009964978 0.0003093672 0.01979692 0 0 0.01901619 0 0 0 0 0.009964978 0 0.00735965 0.01282493 0.02312822 0.009964978 0.007861843 0.2039624 0.09472454 0.01117595 0.03025131 0.008397629 0.04982489 0.02437491 0.009964978 0 0.009964978 0.1594397 0 0.2838045 0.2372652 0.01872144 0 0.09710704 0.06359012 0.04895504 0.06238576 0.07633714 0 0.080584 0.009912473 0.009964978 0.1483293 0.2443154 0.08450151 0.008762708 0 0 0 0.009964978 0 0.009964978 0 0 0 0 0.02989493 0 0.009964978 0
0 0.01482294 0.02933359 0.005569832 0 0 0.01352173 0.01992996 0 0.009964978 0.002489769 0 0 0.009964978 0.009964978 0 0.009964978 0 0.001101951 0.01962059 0.01009802 0.02989493 0.1885961 0.03041104 0 0 0 0.0580877 0.02437424 0.0208554 0.002605329 0.01992996 0.009964978 0.009964978 0.009964978 0.0438185 0.03421785 0.04982489 0 0 0 0.005520025 0 0 0.01992996 0.0368218 0.02989493 0.3740345 0.0922611 0.009964978 0.1308562 0.112709 0.0448949 0.5361989 0.07185838 0.009111347 0.01992996 0.06889068 0 0.09738723 0.08044571 0.04151527 0.07238819 0.04106218 0.00958394 0.0003810392 0.00020159 0.07007011 0.01695606 0.0009080259 0.006079425 0 0 0 0 0 0.003322929 0.01660703
0.01034928 0.06451259 0.02049131 0.01992996 0 0 0.0163732 0.009964978 0.01992996 0 0.007475209 0 0.00204174 0.02372717 0.001495234 0.009964978 0.009964978 0.009964978 0.1085128 0.04007997 0.05929844 0.0602813 0.1412905 0.08733208 0 0 0.01992996 0.04659916 0.0540143 0.001375788 0.009964978 0.06975485 0.01992996 0 0 0 0 0 0 0 0 0 0 0 0.07739914 0.03127419 0.05680266 0.2594529 0.03911894 0.01992996 0.02215162 0.008102029 0.01840532 0.1058103 0 0.01083339 0 0 0 0.03852929 0.01107617 0.009964978 0.01096468 0 0.009948276 1.67022e-005 0.02098374 0.09876724 0.06207569 0.0003887127 0.02251877 0 0 0 0.009964978 0.009964978 0 0.02384348
0.02989493 0.03494985 0.05469764 0 0.03267058 0.1292363 0 0.009964978 0 0.04982489 0.01996098 0.01770786 0.1018264 0.06173925 0.04832966 0.009964978 0.009964978 0 0 0.05956982 0.103199 0.1242484 0.04230307 0.02073996 0.007896333 0.002068646 0.009964978 0.001835847 0.002122112 0 0 0.1041362 0.009964978 0 0 0 0 0.01546006 0.06522493 0.07548658 0.01967996 0 0.02989493 0 0.075827 0 0.1885834 0.1506601 0.03985991 0 0.07749816 0.01992996 0.02643451 0.09031539 0 0.01906154 0 0.01796514 0.00196482 0.06711662 0.03208667 0.001077864 0 0 0.03703129 0.07014657 0.02742529 0.01992996 0 0 0 0.006689946 0.08968481 0 0 0.009964978 0.02989493 0.01992996
0.03918139 0.04476998 0.03990634 0 0.0128009 0.1506063 0.03735543 0 0.0828995 0.05978987 0.05742973 0.004551223 0.009964978 0 0 0.009964978 0 0 0 0.009964978 0.07971983 0.09443499 0.1196833 0.3605883 0.01199964 0 0.008586325 0.009964978 0 0.009964978 0.07998069 0.09321436 0.02877315 0 0 0 0 0.01443488 0.0490079 0.2414398 0.2898613 0.006748012 0 0 0.08027251 0.132394 0.5347592 0.1944571 0.02475587 0.009964978 0.009964978 0 0 0 0 0.03297227 0.2241343 0.001982882 0.009964978 0 0.009964978 0.009964978 0 0.0002181548 0.09101848 0 0.002077925 0.009964978 0 0 0.01221665 0.01098834 0 0 0 0 0.0460443 0
0 0.05278962 0.07664539 0 0.004288974 0.1083972 0.0601983 0.130088 0.08650514 0 0 0 0 0.01992996 0 0 0 0 0 0 0 0.1968805 0.3560346 0.004925674 0.02714741 0.03664396 0.001378654 0 0 0 0.01992996 0.05326904 0.02926077 0 0 0.001208502 0.004873891 0.009964978 0 0.1615289 0.2109642 0.1410504 0.009081217 0 0 0.1669445 0.1548189 0.167762 0.08015687 0.006410741 0.1011252 0.2508306 0.01359165 0.06267777 0.05101476 0.2649889 0.1156957 0.01992996 0.009964978 0 0.009964978 0 0.01992996 3.334591e-005 0.001243453 0.02989493 0.03985991 0 0 0 0 0.03271117 0.03704368 0 0 0 0.02371055 0.01744507
0.03866091 0.02989493 0.0151205 0.01992996 0.05814347 0.07723738 0.1435549 0.04060714 0.01258464 0 0.01992996 0 0 0.07971983 0 0 0 0 0 0 0.009964978 0.08593385 0.01534339 0.009355807 0.2126399 0.5343615 0 0 0.03985991 0.007820386 0.09968074 0.2063937 0 0.00688352 0 0.02281477 0.02092773 0 0 0 0.03711214 0.03921485 0.003363746 0 0.04982489 0.009964978 0.3349016 0.1335192 0.01429384 0.02751133 0.08820937 0.09142911 0 0.009964978 0.01874009 0.06773945 0.01992996 0 0 0.009964978 0 0 0 0 0 0 0 0.007844169 0.009964978 0.002441798 0.02449956 0.08968481 0.1328478 0.006360797 0.01992996 0 0.01992996 0.04189843
0.1197018 0.1540828 0.1639199 0.0323705 0.04316291 0.05558459 0.009964978 0.02286365 0.05978987 0.009964978 0 0 0.00544152 0.06431333 0 0 0 0 0 0 0 0 0.009964978 0.1096091 0.06951731 0.1161878 0.019589 0.0003409571 0 0.02207455 0.123792 0.06838255 0.01992996 0.003081459 0 0 0 0.009964978 0.009964978 0 0.02003151 0.02018458 0.07971983 0.1179315 0.2506492 0.2158712 0.1679727 0.1101699 0 0 0 0 0.01992996 0.02989493 0 0 0.009964978 0.1534975 0.04250488 0.07052806 0.02989493 0.009964978 0 0 0 0.009964978 0 0.009933335 0 0.03267505 0.2050494 0.03333575 0.06005693 0.009980166 0 0 0.009964978 0
0.1215262 0.1673616 0.161222 0.1497939 0.1039135 0.06230793 0.04652671 0.08387394 0.02574083 0.003257175 0.009964978 0 0 0.009964978 0 0 0 0 0 0 0.008162399 0.0418228 0.01992996 0.05043969 0.03985991 0 0 0 0.009964978 0 0 0 0.05978987 0 0 0.01530745 0.1341672 0.009964978 0.009964978 0 0 0.03501189 0 0.1013886 0.1786843 0.1241294 0.06004569 0.101616 0 0 0 0 0.0507936 0.2300214 0.07961929 0.009964978 0.01992996 0.2587207 0.3717055 0.07006455 0.009964978 0.0294024 0.01992996 0.009964978 0 0.04831742 0.01992996 0.002152454 0.03985991 0.009964978 0.3193106 0.2531804 0.2052584 0 0 0.01589815 0 0.03072931
0.1131496 0.148792 0.2841993 0.09333669 0.1556875 0.121424 0.03220946 0.003746012 0 0.006707804 0.005275276 0.03458464 0 0 0.009964978 0.009964978 0 0 0.03985991 0.01795317 0.01194177 0.009804669 0 0.02955517 0 0.009964978 0 0.0005358991 0.03017324 0.02908073 0 0 0 0 0 0.01277935 0.03704555 0.009964978 0 0.009964978 0 0.01992996 0.009964978 0 0 0.1733045 0.050464 0.1121909 0.009964978 0.002728831 0.02173033 0.0105291 0.2702222 0.4132396 0.1849379 0.01992996 0 0.01992996 0.02994136 0.009964978 0 0.09017734 0 0 0.1096148 0.0534677 0.007829645 0 0.01285715 0.04693272 0.02119406 0.0129298 0.04677076 0.006448033 0.004822225 0.06431004 0.04451431 0.02906056
0.0807806 0.1049771 0.1594524 0.116831 0.1846201 0.05416384 0.01992996 0.05604386 0 0 0 0.009964978 0 0 0.01203983 0.04146633 0 0 0 0 0.009964978 0.009964978 0 0.0003397678 0 0 0 0 0.02989493 0 0.01670712 0.01623519 0.006296575 0.03069362 0 0.02989493 0.02346504 0.006429899 0 0 0.02989493 0 0.009964978 0.009964978 0.09721252 0.06078016 0.1040486 0.2262054 0 0.01720113 0.01586355 0.06185379 0.07449242 0.01910109 0.1239802 0.081264 0.01167034 0.1111836 0.05932513 0.0005956385 0.01927295 0.009964978 0.03922602 0 0 0.01992996 0.009964978 0 0.01992996 0.01992996 0.00284032 0 0.01640032 0.01348192 0 0.009964978 0.009964978 0.009964978
0.2419907 0.2093355 0.1099945 0.1131447 0.1648835 0.1124145 0.0469675 0.009895676 0.02996424 0.009964978 0 0.01992996 0.1893346 0 0.02782008 0.008358561 0 0 0 0 0.009964978 0.0001694734 0 0 0 0 0 0.02096031 0.1099711 0.1875964 0.1822109 0.3469693 0.01064775 0.08874317 0.1067845 0.01992996 0 0.009964978 0 0.01551919 0 0.009964978 0.009964978 0 0.1977886 0 0.05021722 0.03961249 0 0 0.01746699 0.006392884 0.009261734 0.0858542 0.2070236 0.1613719 0.1400647 0.1486887 0.009873897 0 0.01002634 0 0.01059887 0 0.01992996 0 0 0 0 0 0 0.007087394 0.00470803 0.005256949 0 0.01334912 0.002506148 0
0.1739863 0.1218372 0.2982545 0.3576002 0.04875597 0.04123551 0.01992996 0.009964978 0.009964978 0.01327774 0 0 0.01665565 0.003274303 0 0 0 0 0.01992996 0 0.009964978 0.1096872 0.009964978 0 0.1293337 0.06713404 0.01992996 0 0.07803597 0.199346 0.02202458 0.2909905 0.1496683 0.3080768 0.006796373 0.009964978 0.009964978 0 0 0.04542891 0 0 0.02989493 0 0.01147598 0 0.1223139 0 0 0 0 0 0 0.01992996 0.03931866 0.1785557 0.01111551 0 0 0.05003855 0.01992996 0.009964978 0.01992996 0 0.008955508 0 0.03985991 0.01819181 0.009964978 0 0.02989493 0.002877584 0 0.02169477 0.004770454 0.01230595 0.04362083 0.01369233
0.1325516 0.4693308 0.3258193 0.06997549 0.06552328 0.03536963 0.03985991 0.01992996 0.009964978 0.006652213 0.009964978 0.02989493 0.09478971 0.09964979 0.02989493 0 0.03985991 0 0.03985991 0.01082586 0 0.04958297 0.02001012 0.01992996 0.01130883 0.02141792 0.1793696 0.06123661 0.02016707 0.05975823 0 0 0 0 0.04982489 0.02774472 0.04201014 0.01453306 0.03529183 0.0287367 0 0 0.06177204 0.05749842 0.4818594 0.0603725 0.1093217 0 0 0.009964978 0 0 0.04982489 0.1091131 0.1166791 0.3069189 0.2714594 0.009527622 0 0.009751319 0.07971983 0.02989493 0.01992996 0.01992996 0.009881286 0.02989493 0 0.001738145 0.004089276 0.01584068 0.009964978 0.009964978 0.01992996 0.03332464 0.006373504 0 0.02414039 0.01992996
0 0.07764547 0.2079441 0.05429149 0.1151596 0.0642885 0 0.06975485 0.04360385 0.009964978 0 0 0.07902022 0.08027808 0.03985991 0 0.009964978 0 0 0.05892899 0.009964978 0.07971983 0.02981477 0.0006197962 0.009345182 0.01992996 0 0.001759031 0.008205948 0.006580988 0.07572716 0.01499032 0.009964978 0 0 0.1047805 0.01138652 0 0 0 0 0 0.08255633 0.1233546 0.0574758 0 0.07607661 0.009964978 0.009964978 0 0 0 0.009964978 0.1177409 0.3539696 0.1196325 0.05616559 0.03076674 0.009093175 0 0 0 0.009964978 0.06783777 0.01105814 0.01017949 0.05277632 0.1330792 0 0.01353084 0.004025155 0 0.006914389 0 0.003591475 0 0 0
0.0211892 0.03295698 0 0.08474377 0.05977108 0.1305614 0.05045957 0.1405008 0.03232702 0.0635983 0.1848728 0.0270713 0.007367302 0.1471088 0.01992996 0.009964978 0.03985991 0 0 0.01094474 0 0.0001412631 0.009823715 0 0.009964978 0 0 0 0 0.009964978 0.08460741 0.1289321 0.04982489 0.02377519 0.02604971 0.01337766 0 0.009964978 0 0.009964978 0.1195797 0 0.01389288 0.1497344 0.009964978 0.01992996 0 0 0 0 0.009044808 0.00092017 0 0 0.03827822 0.04172516 0.02067035 0.009964978 0.01111328 0.040369 0.02989493 0 0 0.001917076 0.02989493 0.01992996 0.01056593 0.02259356 0 0.001114008 0.001259955 0.009964978 0.003050589 0.01594022 0.003989732 0.009964978 0.009964978 0.009964978
0 0 0 0.0695931 0.06503323 0.09964979 0 0.03762103 0 0.01325352 0.2061071 0.05339324 0 0 0 0.009964978 0.01992996 0.009964978 0 0.02050916 0.0002071494 0 0 0.009964978 0.112478 0.08626035 0 0 0 0 0.006463056 0.1031517 0 0.009964978 0 0 0.009964978 0 0 0.005827336 0.004137643 0.02989493 0.009964978 0.08132236 0.01992996 0 0.01390362 0 0 0 0 0 0 0.01992996 0.03156949 0.008623119 0.01866617 0.0008938295 0.02874664 0.07147504 0.008056995 0 0 0 0 0.009964978 0.01992996 0 0 0.009964978 0.05047891 0.009310966 0 0 0 0 0.02989493 0.007452794
0.009964978 0.009964978 0.01992996 0 0 0.02989493 0 0 0 0.0311236 0.2148351 0 0.009964978 0 0 0 0 0 0 0.08880914 0 0.009964978 0 0.009964978 0.009964978 0.01248338 0.01034738 0.07986801 0.127057 0 0.003426709 0.02423579 0 0.009964978 0.07686281 0 0.009964978 0.01611005 0.009964978 0.009964978 0 0 0.009964978 0.009964978 0 0 0.01599131 0 0.01899969 0.05075516 0.009964978 0.009964978 0.00242363 0.05023409 0.03777617 0 0.001252546 0.009071149 0.01992996 0.01207588 0.02025149 0.0472601 0.01992996 0 0 0.01415621 0.06556361 0 0 0 0.04982489 0 0.009964978 0.01653878 0.003391178 0 0 0
0 0.01992996 0 0 0.02989493 0 0 0.009964978 0 0 0.006732361 0 0 0 0 0.002029889 0.009964978 0 0 0.02931782 0.03093488 0.02989493 0 0.03145161 0.2027273 0.05405076 0 0 0 0 0 0.002232438 0.01992996 0.02989493 0.09220286 0.09002376 0 0.003819906 0.006069514 0.003895464 0 0 0.007338869 0.01259109 0.02989493 0 0.01992996 0 0.009964978 0 0 0 0.007541349 0.03202668 0 0 0.03860737 0 0 0.009964978 0.005489283 0.1701059 0.09223973 0.0237988 0.09301347 0.02989493 0.009964978 0.01992996 0 0.005616735 0.0242782 0.009964978 0 0 0.009964978 0.01992996 0.005981066 0
0.01992996 0 0 0.009964978 0 0 0 0 0.01992996 0.01992996 0 0 0 0.02989493 0.04898093 0.008779053 0.001842101 0 0 0 0.04924673 0 0.009964978 0.1414827 0.3896151 0.07752053 0.04982489 0 0 0 0 0 0.007565156 0.007278891 0.005086424 0.01484353 0.01667134 0.05595442 0.1034852 0 0 0 0.01769421 0.03213068 0.004520339 0.009964978 0 0.009964978 0 0 0.01590879 0 0.009964978 0.007833234 0 0 0.02132741 0 0.0008509449 0 0 0.01013188 0.3133346 0.1743242 0.04262738 0.009964978 0.04982489 0.004499764 0.009494593 0.004314258 0 0 0 0 0 0.02989493 0.01394889 0.009964978
0 0 0.005651263 0.004313716 0 0 0.03985991 0.02454499 0.1024599 0.002539804 0 0 0.00298154 0 0.009964978 0 0.09778056 2.711839e-005 0.01128098 0 0.01915484 0.009964978 0 0.1346543 0.253712 0.06975485 0.03912001 0 0.03985991 0 0.01992996 0 0.002399823 0.002686088 0 0.009964978 0.003258617 0.05248199 0.1299728 0.07127858 0.009964978 0 0.03985991 0.08444274 0.005444639 0 0 0 0.01992996 0 0.1943325 0.2225691 0.1006922 0.1384847 0.02989493 0 0.008567528 0 0.009114034 0 0 0 0.040128 0.09090547 0 0 0.04982489 0.0008726545 0.0007486875 0 0 0.009964978 0 0.01992996 0.009964978 0 0 0
0 0.009964978 0 0 0 0 0.04982489 0 0 0 0 0.03985991 0.1066332 0 0.009964978 0 0 0.0109618 0.06744202 0.01992996 0.020876 0.05341247 0.1163657 0.08210441 0.2663591 0.1291896 0.0505648 0.009964978 0.04982489 0 0 0 0 0 0 0.009964978 0 0.00360255 0.1109369 0.01039638 0 0 0.008145615 0.02545033 0.05476844 0.02541555 0.06571929 0.08968136 0.01015861 0.05146623 0.4088857 0.304905 0.3702373 0.01676201 0.01992996 0 0 0.04260545 0.01718442 0.01992996 0.05019616 0.009964978 0.009964978 0 0.01920822 0 0.01992996 0.08567084 0.01268467 0 0.009964978 0.009964978 0.1043838 0.1723961 0.07899956 0 0 0
0.009964978 0 0.009964978 0 0.01992996 0 0 0.01992996 0 0 0 0 0 0 0 0.002293674 0 0 0.3200074 0.1098931 0.04747251 0 0.02952142 0.1445136 0.1450495 0.09003997 0.04682908 0.01296079 0 0 0 0.009964978 0 0 0.007340103 0 0 0.009964978 0 0 0.009964978 0 0 0 0.005455879 0.005586 0.05296863 0.07035548 0.04992589 0.0007707072 0.3472094 0.3013714 0.285546 0.05073628 0.009964978 0 0 0 0.0009381808 0.009964978 0.02952367 0 0 0 0.0007217397 0 0 0.001294269 0 0.01810959 0 0 0 0.00295981 0 0 0 0
0.009964978 0 0.01992996 0 0 0 0 0 0.009964978 0 0 0.06636983 0.02989493 0 0 0.00804251 0.01955875 0.009964978 0.02989493 0.07971983 0.009964978 0.0305695 0.07971983 0.03288292 0.02020162 0.04572628 0 0.009156168 0.008817854 0 0.005118273 0.004846705 0 0.02596121 0.04641851 0 0 0.009964978 0 0 0.01992996 0 0 0 0.004601955 0.01992996 0.0363079 0.009964978 0.04078395 0.07298899 0.07075565 0.250411 0.3791372 0.1146008 0 0 0.01448381 0.01689019 0.01899178 0 0 0 0 0 0 0 0.01992996 0 0 0.06540307 0.162765 0.06540444 0.02472866 0 0.02666364 0.01992996 0.01992996 0
0.009964978 0 0 0 0 0 0 0 0 0 0 0.03327995 0 0 0 0.02989493 0.009964978 0 0 0.009964978 0.02989493 0.009290418 0.00281378 0.08677316 0.289345 0.09962628 0 0.000808811 0.02107708 0.03985991 0.03985991 0.009964978 0 0 0.07221444 0.1013364 0.09800021 0.362699 0.07740965 0.01612276 0.009964978 0.009964978 0 0.03498573 0.0651529 0.06420404 0.1374814 0.02961217 0.02989493 0.1870995 0.06564582 0.5154921 0.1513746 0.04358233 0.01938758 0.08216626 0.04256266 0 0 0 0 0 0 0 0 0 0 0.07172189 0.0621269 0.009964978 0.009964978 0.06764916 0.01206505 0.01992996 0.003231291 0 0.009964978 0.009964978
0.009964978 0.009964978 0 0 0 0 0 0 0.009964978 0 0 0 0.003057536 0.09964979 0 0 0.01992996 0 0 0.009964978 0 0.07992589 0.0004832759 0.03958134 0.1007293 0.16906 0 0 0 0.02989493 0 0 0 0.007687579 0.04999469 0.1152637 0.044213 0 0.006308303 0.003807199 0 0.02989493 0.03985991 0.1834778 0.02069594 0.1743845 0.06700659 0.161045 0.2241289 0.008839346 0.1961479 0.2898722 0.02924966 0.2724515 0.1003064 0.04179055 0.009964978 0.2291945 0.009964978 0 0.02523847 0.005666338 0.005256085 0.004708894 0 0.009964978 0 0.0101155 0.1239035 0.02989493 0.009964978 0.04226406 0.009964978 0 0 0 0.02989493 0
