EnvRasters/RC_High/grain.asc
ncols         270
nrows         223
xllcorner     24099.479091542
yllcorner     21023.840179216
cellsize      1003.8986847201
NODATA_value  -9999
[rows 64 to 95 of 223, columns 72 to 143 of 270]
0.523047 0.279676 0.136548 0.145394 0.2438 0.340666 0.547128 0.700105 0.398889 0.541647 0.450278 0.466185 0.426803 0.646411 0.453027 0.39337 0.352882 0.487328 0.508475 0.172368 0.044441 0.45502 0.473057 0.192862 0.147681 0.025515 0.373693 0.216037 0.17027 0.046765 0 0.000499 0.103992 0.088895 0.293268 0.314914 0.242069 0.239606 0.127987 0.407248 0.487151 0.574152 0.325935 0.2752 0.554766 0.424052 0.452276 0.297404 0.562165 0.396021 0.013238 0.127723 0.156831 0.030965 0.141818 0.438369 0 0 0.038238 0.296576 0.123764 0.419778 0.278519 0.089408 0.418553 0.297122 0.197558 0.219024 0.073914 0.495659 0.357086 0.267859
0.4594 0.469179 0.38735 0.3095 0.192319 0.190319 0.259662 0.65446 0.304793 0.542127 0.373326 0.509248 0.408644 0.26314 0.311112 0.405769 0.32266 0.127967 0.270631 0.509508 0.304852 0.272828 0.22694 0.187417 0.222535 0.030151 0.17039 0.200648 0.076125 0.253041 0.013673 0.01369 0.020163 0.039231 0.339608 0.308879 0.357849 0.3899 0.109253 0.26974 0.206685 0.610814 0.485301 0.514001 0.363174 0.553081 0.250164 0.29697 0.43088 0.212225 0.000588 0.224732 0.592473 0.122851 0.493158 0.126966 0 0 0 0.105563 0.123078 0.254431 0.331543 0.070483 0.117753 0.176122 0.276027 0.145078 0.276957 0.214791 0.249205 0.461922
0.222843 0.420671 0.170326 0.24898 0.289974 0.140147 0.381168 0.648658 0.451185 0.820232 0.595067 0.751327 0.510371 0.285147 0.426801 0.629709 0.654992 0.213465 0.404658 0.36046 0.383739 0.310697 0.170806 0.285873 0.175204 0.14796 0.141668 0.169747 0.164883 0.096879 0.024928 0.016608 0.001479 0.134057 0.095919 0.049582 0.110458 0.256447 0.226238 0.343476 0.186072 0.109066 0.403411 0.41501 0.395902 0.618849 0.489639 0.291123 0.401989 0.285987 0.270268 0.067947 0.143007 0.107272 0.113379 0.150434 0 0 0.007087 0.278399 0.032098 0.181195 0.051379 0.133049 0.306691 0.530511 0.54908 0.419501 0.038586 0.163254 0.187965 0.269142
0.637032 0.562565 0.419151 0.135701 0.23834 0.227942 0.48906 0.191545 0.408467 0.330076 0.642723 0.412967 0.685071 0.582816 0.414636 0.428245 0.280478 0.556221 0.32005 0.108145 0.236925 0.35611 0.313504 0.307593 0.34005 0.290099 0.254842 0.093813 0.154201 0.0676 0.056829 0.03909 0.008114 0.19941 0.350362 0.090106 0.192906 0.359441 0.419587 0.211604 0.120676 0.033414 0.192852 0.325384 0.500167 0.509866 0.578123 0.535299 0.088086 0.091928 0.49669 0.000679 9.3e-005 0.036958 0.189698 0.084558 0 0 0.048094 0.057919 0.039926 0 0 0.006693 0.421831 0.599689 0.528303 0.151839 0.291463 0.256842 0.166142 0.125968
0.60044 0.499105 0.62291 0.299328 0.26848 0.301512 0.342223 0.335783 0.655917 0.288546 0.661908 0.244002 0.454431 0.543665 0.330628 0.208101 0.414299 0.14002 0.07753 0.165349 0.33914 0.351304 0.279687 0.437962 0.402829 0.19737 0.145084 0.160526 0.14617 0.233014 0.237022 0.015772 0.012652 0.27295 0.291728 0.183094 0.453523 0.116445 0.135324 0.096222 0.153299 0.34799 0.273136 0.224129 0.155867 0.311728 0.507268 0.244504 0.374494 0.138852 0.017702 0 0 0.08937 0.036833 0.02506 0 0 0.00965 0 0.012391 0 0 0.04142 0.516467 0.503204 0.12072 0.358224 0.474259 0.178905 0.231227 0.13118
0.555823 0.50422 0.2314 0.369065 0.549611 0.448967 0.436355 0.256944 0.263141 0.729976 0.303154 0.617824 0.284915 0.309844 0.419035 0.071912 0.277203 0.3563 0.38897 0.108607 0.221502 0.396577 0.301993 0.211762 0.283793 0.178022 0.068988 0.243962 0.180896 0.218552 0.457427 0.399932 0.003354 5.2e-005 0.027629 0.004402 0.131866 0.134192 0.081042 0.157029 0.161245 0.342157 0.342476 0.238442 0.480923 0.260549 0.019673 0.225329 0.290539 6.8e-005 0 0 0 0 0 0 0 0.056892 0.10531 0.000338 0.0052 0.059371 0.125707 0.518251 0.459481 0.001763 0.17487 0.254749 0.092917 0.312221 0.492786 0.408096
0.336497 0.137128 0.324578 0.501856 0.520965 0.606518 0.511322 0.61135 0.327154 0.175554 0.510521 0.241837 0.391649 0.324642 0.067159 0.019622 0.373187 0.444629 0.303434 0.520521 0.25159 0.270141 0.289093 0.426414 0.192396 0.302603 0.193122 0.267853 0.260361 0.369501 0.527065 0.301961 0.018445 0.017631 0.029224 0.141103 0.120417 0.318069 0.178072 0.029186 0.078237 0.243581 0.107098 0.12528 0.307808 0.269771 0.0387 0.021176 0.084335 0.005567 0 0 0 0 0 0 0 0.024495 0.246315 0.116663 0.056631 0.159446 0.226262 0.229387 0.442056 0.041197 0.12345 0.141379 0.12208 0.522231 0.196024 0.463367
0.042271 0.024847 0.30665 0.541972 0.579552 0.64384 0.435437 0.452103 0.413022 0.60296 0.224372 0.496585 0.423199 0.253901 0 0.12777 0.240992 0.326968 0.332578 0.378074 0.32118 0.285684 0.553781 0.637496 0.36672 0.531081 0.293882 0.237919 0.070382 0.320223 0.329525 0.164958 0.003686 0.010619 0.13638 0.040966 0.124813 0.24399 0.044308 0.036599 0.092993 0.258005 0.2076 0.226661 0.101406 0.049451 0.014704 0.000418 0.012429 0 0 0 0 0 0 0 0 0.046232 0.324563 0.062893 0.102202 0.171148 0.056255 0.270162 0.227187 0.058243 0.492553 0.479449 0.640584 0.580037 0.535244 0.383831
0 0.065716 0.018177 0.235802 0.470263 0.494285 0.223781 0.683787 0.618008 0.606684 0.532945 0.229668 0.418016 0.313364 0.090986 0.231457 0.360217 0.424161 0.294207 0.246134 0.422377 0.515347 0.425531 0.54378 0.288176 0.150515 0.392037 0.417786 0.357519 0.41306 0.397294 0.170895 0.030787 0.051345 0.120613 0.129749 0.205959 0.198084 0.252729 0.44768 0.663992 0.499859 0.101331 0.516276 0.060572 0.14676 0.186384 0.036082 0.000497 0 0 0 0 0 0 0 0 0.057748 0.049248 0.061226 0.016187 0.244274 0.100226 0.042053 0.346643 0.216216 0.231765 0.518485 0.544635 0.548582 0.368812 0.071362
0.001112 0.007313 0.308873 0.492753 0.390924 0.460779 0.416198 0.28051 0.409643 0.641969 0.292965 0.414548 0.442117 0.309276 0.29896 0.468653 0.366701 0.323596 0.352827 0.476157 0.234006 0.318172 0.332149 0.337716 0.168666 0.174069 0.724882 0.657867 0.310905 0.414012 0.260315 0.173276 0.146987 0.113441 0.24508 0.469773 0.218412 0.360452 0.239855 0.153051 0.607094 0.382539 0.401095 0.178148 0.131177 0.103605 0.119076 0.092191 0.018192 0 0 0 0 0 0 0 0 0 0 0.071399 0.26575 0.032527 0.253681 0.273039 0.407334 0.04262 0.496117 0.614319 0.386943 0.189064 0.541195 0.870051
0.023282 0.226014 0.260122 0.486313 0.386766 0.56886 0.340176 0.486702 0.386869 0.3489 0.28536 0.182333 0.351828 0.295308 0.366564 0.368104 0.568781 0.517113 0.440131 0.29012 0.382277 0.435833 0.308662 0.247352 0.076614 0.194186 0.193736 0.074195 0.194963 0.047542 0.164408 0.291637 0.263358 0.017626 0.394301 0.239565 0.071289 0.385217 0.226901 0.524801 0.503497 0.414086 0.268376 0.0592 0.038453 0.001794 0.010602 0.00334 0.000382 0 0 0 0 0 0 0 0 0 0 0 0.042713 0.000708 0.095015 0.247229 0.512351 0.271954 0.378891 0.785843 0.373738 0.380148 0.720888 0.860173
0.303299 0.591931 0.588407 0.520365 0.421115 0.529549 0.406996 0.295319 0.524765 0.377213 0.192206 0.149981 0.229324 0.192293 0.339804 0.40034 0.401612 0.358162 0.286283 0.517 0.517544 0.390127 0.423115 0.357389 0.44653 0.353643 0.479271 0.209088 0.020486 0 0.032698 0.31478 0.067652 0.18147 0.411352 0.03401 0.220161 0.137888 0.187392 0.344307 0.198945 0.150709 0.139331 0.097819 0.098599 0.048352 0.179262 0.01282 0 0 0 0 0 0 0 0 0 0 0 0 0 0 0.309903 0.222976 0.133923 0.059843 0.116526 0.215654 0.743037 0.431732 0.642515 0.540325
0.530093 0.39458 0.337434 0.551091 0.346174 0.479498 0.482357 0.505214 0.561508 0.433385 0.503796 0.343243 0.382117 0.229372 0.457628 0.380684 0.3384 0.502576 0.3827 0.234248 0.268765 0.27634 0.383511 0.231943 0.443021 0.274525 0.261206 0.047614 0.289065 0.231362 0.143154 0.126602 0.159552 0.499949 0.427317 0.150161 0.21393 0.471908 0.47507 0.459342 0.415035 0.173247 0.207405 0.444822 0.360882 0.277172 0.165059 5.7e-005 0 0 0 0 0 0 0 0 0 0 0 0 0.068404 0 0.022887 0 0 0.162684 0.788629 0.696483 0.750777 0.532047 0.819947 0.583553
0.540345 0.339741 0.540769 0.462131 0.564936 0.509132 0.361196 0.584524 0.458774 0.300808 0.183226 0.322789 0.328198 0.28107 0.356258 0.350252 0.365874 0.429 0.460074 0.259662 0.179415 0.136021 0.236101 0.326395 0.52784 0.133572 0.040261 0.136189 0.40845 0.395665 0.433543 0.162165 0.207002 0.429255 0.601565 0.161012 0.384341 0.319703 0.468895 0.242687 0.329928 0.330927 0.440498 0.382821 0.36553 0.256474 0.035151 0.008338 0 0 0 0 0 0 0 0 0 0 0 0 0 0 0.053071 0.000686 0.002529 0.189714 0.265411 0.436888 0.515443 0.763749 0.308322 0.100788
0.498193 0.31948 0.779618 0.688112 0.363609 0.334942 0.123155 0.545325 0.444948 0.203799 0.153554 0.008064 0.297054 0.501814 0.36977 0.314259 0.309846 0.309197 0.4409 0.380077 0.534591 0.415759 0.346743 0.357157 0.040093 0.015948 0.194927 0.219019 0.339338 0.326823 0.518247 0.111746 0.224522 0.392481 0.513231 0.513033 0.447632 0.195922 0.061138 0.27561 0.582672 0.503644 0.268836 0.104258 0.130092 0.289113 0.459685 0.01721 0 0 0 0 0 0 0 0 0 0 0 0 0 0 0.000724 0 0.000582 0.299544 0.583377 0.689197 0.559765 0.246362 0.157139 0.105915
0.599216 0.501408 0.427029 0.608865 0.414756 0.250168 0.645608 0.337068 0.436489 0.326683 0.112487 0.165232 0.706628 0.426214 0.509819 0.575836 0.359099 0.408949 0.56423 0.331042 0.125457 0.22887 0.06056 0.067336 0.091793 0.356638 0.292757 0.54373 0.352574 0.135168 0.558564 0.349267 0.416544 0.298434 0.373586 0.265133 0.407272 0.467599 0.294064 0.47588 0.259795 0.174506 0.350648 0.316992 0.568054 0.283781 0.192508 0.059054 0.047355 0 0 0 0 0 0 0 0 0 0 0 0 0 0.029033 0.02551 0.060054 0.262691 0.204285 0.642235 0.629422 0.113365 0.178212 0.297104
0.646029 0.509172 0.555391 0.51702 0.499835 0.307042 0.771023 0.432813 0.274462 0.421573 0.342264 0.596548 0.421482 0.315993 0.37008 0.28896 0.282381 0.542334 0.280763 0.19 0.034041 0.044063 0.374552 0.301019 0.166614 0.50186 0.209568 0.484154 0.31352 0.240989 0.28134 0.30598 0.407803 0.313845 0.331184 0.313148 0.264707 0.423007 0.694087 0.767845 0.59462 0.178534 0.423905 0.401791 0.342083 0.283248 0.023168 0.060449 0.071683 0.005268 0 0.005396 0.002408 0 0 0 0 0 0 0.001984 0.188544 0.041399 0.024366 0.01717 0.267495 0.412193 0.212482 0.379532 0.040572 0.146283 0.425911 0.147276
0.382335 0.247524 0.556918 0.315976 0.512619 0.442915 0.572992 0.446197 0.322147 0.420883 0.229718 0.24066 0.248354 0.39111 0.378586 0.557171 0.519649 0.560806 0.099222 0.073068 0.232543 0.425087 0.382389 0.231349 0.450644 0.387139 0.481486 0.412194 0.312735 0.456935 0.487262 0.599703 0.328091 0.377499 0.254751 0.239098 0.368392 0.627515 0.728763 0.367671 0.70989 0.385413 0.276998 0.31287 0.030372 0.310912 0.425875 0.156585 0.096921 0.033197 0.00091 0.000937 0.006652 0 0 0 0 0 0 0.024261 0.196317 0.200987 0.126176 0.119671 0.204207 0.236867 0.099143 0.419542 0.176668 0.450856 0.452423 0.085732
0.426485 0.199812 0.07872 0.160537 0.351463 0.553462 0.296817 0.005572 0.085786 0.073343 0.525761 0.307236 0.331184 0.289261 0.461588 0.334811 0.328648 0.045079 0.000776 0.048864 0.370912 0.383244 0.165618 0.263165 0.385239 0.56889 0.574097 0.423534 0.197861 0.370885 0.139533 0.257363 0.300703 0.486357 0.336935 0.426241 0.477373 0.36778 0.502714 0.382087 0.252657 0.416909 0.57615 0.519476 0.247898 0.589708 0.237585 0.165284 0.237999 0.040149 0.046181 0.055397 0.419833 0.019819 0 0 0 0 0.003888 0.009161 0.015621 0.164027 0.011801 0.000623 0.006405 0.017219 0.531189 0.745432 0.828292 0.219947 0.084447 0.276552
0.583099 0.080858 0.168062 0.420101 0.493991 0.407041 0.134558 0.330462 0.235138 0.210403 0.492424 0.271126 0.447692 0.466021 0.320113 0.208835 0.635122 0.180227 1.3e-005 0.144407 0.440381 0.358373 0.302281 0.25451 0.550626 0.677981 0.356364 0.455477 0.469459 0.230742 0.346081 0.353751 0.34841 0.435568 0.441951 0.279191 0.457301 0.31323 0.295749 0.287618 0.44193 0.402798 0.327765 0.28939 0.408366 0.089459 0.08411 0.369788 0.055416 0.093281 0.225519 0.040966 0.60178 0.227465 0 0 0 0 0 8.4e-005 0 0.038669 0.079119 0.100765 0.076245 0.275166 0.481172 0.4314 0.276372 0.184955 0.128091 0.313249
0.030122 0.20365 0.148715 0.166314 0.274721 0.192871 0.270259 0.680383 0.160179 0.194027 0.478781 0.536631 0.452055 0.606663 0.412741 0.479552 0.241184 0.008267 0.258786 0.201786 0.331154 0.106113 0.10321 0.163285 0.360871 0.106554 0.209929 0.340272 0.637906 0.574517 0.412719 0.359586 0.583004 0.523746 0.377443 0.532815 0.481226 0.500906 0.430297 0.513527 0.605806 0.529108 0.375277 0.43242 0.589068 0.01324 0.052913 0.126623 0.1979 0.177385 0.486509 0.199935 0.098124 0.03498 4.2e-005 0 0 0 0 0 0.030798 0.12039 0.110914 0.35405 0.341535 0.531707 0.439907 0.030571 0.225083 0.428863 0.115604 0.359029
0.034702 0.321876 0.428447 0.119619 0.341564 0.238342 0.402121 0.306157 0.34004 0.150671 0.361841 0.539702 0.491969 0.59698 0.496749 0.477068 0.510808 0.191253 0.314918 0.171632 0.089176 0.009301 0.143582 0.492669 0.422667 0.485565 0.626287 0.187961 0.264433 0.623637 0.46915 0.669486 0.489846 0.534878 0.379918 0.686141 0.477299 0.595539 0.310377 0.539114 0.463805 0.455914 0.511328 0.171438 0.170647 0.029566 0.01559 0.036105 0.40043 0.615301 0.053986 0.050787 0 0.008668 0.175528 0.003124 0 0 0 0.000112 0.000236 0.01408 0.011682 0.230551 0.667522 0.535746 0.479702 0.048667 0.277293 0.43976 0.199814 0.600963
0.420328 0.228977 0.218115 0.302593 0.296721 0.305159 0.398305 0.413557 0.288278 0.408304 0.428431 0.297878 0.579111 0.343125 0.456446 0.458386 0.231115 0.221769 0.144358 0.51022 0.494299 0.353986 0.498436 0.340261 0.334253 0.359057 0.45411 0.330359 0.245113 0.213024 0.469031 0.676272 0.534239 0.404751 0.47775 0.617122 0.604111 0.646263 0.395005 0.501874 0.582071 0.588054 0.394933 0.146011 0.000761 0.155049 0.092013 0.166599 0.075889 0.143835 0.024673 0.049974 0.160125 0.343733 0.169653 0.000164 0.474654 0.047861 0 0 0 0.001779 2.6e-005 0.174414 0.392076 0.423568 0.088882 0.104514 0.154391 0.097048 0.387878 0.312167
0.564535 0.227226 0.182364 0.502592 0.412866 0.451929 0.587449 0.432943 0.52829 0.384899 0.59551 0.380339 0.447739 0.436962 0.44813 0.289814 0.108108 0.127288 0.365575 0.634919 0.548902 0.382615 0.622128 0.538691 0.552486 0.441787 0.662112 0.529767 0.285331 0.104607 0.489905 0.392749 0.290313 0.307306 0.381421 0.63555 0.582323 0.649683 0.388767 0.448912 0.693867 0.603461 0.25581 0.06791 0.000412 0.208436 0.089223 0.169112 0.074384 0.111436 0.02021 0.105015 0.675815 0.815041 0.262939 0.001576 0.003835 0.000101 6.9e-005 0.090647 0.076277 0.005086 0.002202 0 0.001666 0.016953 0.031539 0.206432 0.375829 0.091605 0.054004 0.382021
0.249081 0.185772 0.215326 0.514949 0.524168 0.399385 0.699041 0.512835 0.285641 0.311981 0.502518 0.266479 0.41931 0.594375 0.392475 0.030237 0.047122 0.12218 0.242261 0.160472 0.42078 0.416819 0.508971 0.204663 0.63015 0.499207 0.570914 0.504346 0.581784 0.226417 0.396018 0.390678 0.544787 0.257134 0.51212 0.642934 0.789498 0.707767 0.267334 0.604274 0.543492 0.179752 0.232204 0.07571 0.369037 0.163971 0.137674 0.104285 0.312386 0.229564 0.10324 0.025156 0.248044 0.375874 0.054551 5e-005 1.8e-005 0.000242 0.076079 0.354971 0.226947 0.068242 0.03675 0.091147 0.0159 0.107127 0 0.018663 0.162661 0.142366 0.003332 0.00609
0.425212 0.296203 0.031132 0.331844 0.244416 0.528651 0.574997 0.657425 0.588598 0.406025 0.670917 0.493886 0.776053 0.694594 0.446049 0.011584 0 0.121503 0.355208 0.112042 0.605627 0.576109 0.530868 0.489307 0.576034 0.596267 0.431132 0.63153 0.530503 0.428219 0.645785 0.52792 0.302071 0.023364 0.059679 0.289608 0.691307 0.674148 0.271463 0.353351 0.282719 0.715197 0.153144 0.270684 0.26243 0.278303 0.145978 0.0233 0.062003 0.240417 0.404227 0.375295 0.198684 0.002333 0.020904 0 0.027653 0.216068 0.177351 0.251029 0.394976 0.095941 0.163244 0.015383 0.006144 0 0.053244 0.369615 0.165892 0.072437 0.004064 0.000172
0.530377 0.519478 0.130755 0.464018 0.13349 0.399283 0.462624 0.501659 0.392301 0.740746 0.595035 0.460031 0.55526 0.488746 0.610501 0.227513 0.1164 0.403809 0.392839 0.096128 0.487068 0.547989 0.552197 0.520013 0.434267 0.577909 0.596858 0.612413 0.609887 0.448314 0.188424 0.271865 0.238938 0.233665 0.776992 0.434801 0.411557 0.482146 0.483855 0.613461 0.581866 0.104518 0.278165 0.649336 0.264077 0.399893 0.158435 0.027375 0.0011 0.406684 0.137071 0.07676 0.064112 0.000127 0.603775 0.129436 6.2e-005 0.332223 0.052896 0.244169 0.053475 0.074714 0.101151 0.032963 0.077458 0.163041 0.123112 0.0407 0.003063 0.194876 0.060455 0.19616
0.521958 0.419055 0.411378 0.556249 0.245302 0.403729 0.646112 0.438359 0.578584 0.514519 0.388773 0.573219 0.67936 0.372454 0.311678 0.287168 0.535197 0.260604 0.432156 0.178634 0.48204 0.554791 0.547603 0.560533 0.629274 0.640717 0.652541 0.71255 0.143925 0.136422 0.000284 0.235404 0.457225 0.234476 0.148517 0.483656 0.553725 0.684457 0.495338 0.525845 0.408647 0.040463 0.001033 0.31111 0.053157 0.275439 0.238119 0.033181 0.003441 0.164354 0.108925 0.026434 0.409477 0.002818 0.065369 0.005296 0.198164 0.713324 0.25883 0.04918 0.156568 0.211794 0.100566 0.392486 0.588311 0.277404 0.148095 0.139364 0.029042 0.121499 0.151002 0.076426
0.642553 0.515724 0.588863 0.434769 0.426921 0.605072 0.522454 0.423522 0.657399 0.582672 0.410977 0.556082 0.363061 0.350252 0.157393 0.524596 0.52041 0.218112 0.708664 0.566829 0.838302 0.474494 0.499363 0.758989 0.717983 0.715606 0.518685 0.452866 0.492715 0.398247 0.157586 0.810352 0.723348 0.51053 0.679367 0.595957 0.386746 0.367513 0.598093 0.621869 0.558718 0.182945 0.036123 0.031196 0.065771 0.133492 0.076634 0.300641 0.157273 0.172547 0.094394 0.12705 0.470229 0.018319 0.004582 0.180453 0.634973 0.606127 0.423479 0.158734 0.11937 0.024707 0.259378 0.520675 0.694732 0.205124 0.072349 0.068841 0.059167 0.00136 0.073065 0.113885
0.116201 0.497221 0.740579 0.498944 0.500509 0.674525 0.627074 0.77323 0.456872 0.39824 0.591918 0.573999 0.737318 0.387573 0.118021 0.402788 0.661607 0.504963 0.543659 0.409886 0.368719 0.397248 0.455233 0.298547 0.474223 0.687489 0.534594 0.519324 0.498721 0.504545 0.457716 0.816579 0.713673 0.63775 0.686469 0.662907 0.583269 0.372567 0.168855 0.266934 0.515736 0.305815 0.309481 0.0596 0.400074 0.14581 0.086357 0.268341 0.070121 0.218372 0.072976 0.414951 0.322637 0.156866 0.018335 0.700122 0.746564 0.547977 0.526244 0.398364 0.002829 0.076748 0.271315 0.650906 0.477452 0.483153 0.076643 0.00068 0.000395 0.000252 0.070218 0.272438
0.348666 0.626955 0.630666 0.343268 0.110406 0.46116 0.384297 0.472672 0.37976 0.599957 0.547893 0.683108 0.278608 0.713173 0.319976 0.472732 0.5231 0.251908 0.152693 0.344333 0.60265 0.704665 0.718212 0.549443 0.443449 0.804175 0.637273 0.642123 0.585366 0.656881 0.534866 0.52845 0.801462 0.859816 0.86103 0.391201 0.190987 0.035227 0.002421 0.22873 0.44773 0.548733 0.410215 0.071027 0.1284 0.22055 0.419367 0.455077 0.50374 0.343608 0.526151 0.353986 0.316643 0.382954 0.272766 0.644501 0.594547 0.347439 0.36984 0.189162 0.184284 0.04677 0.563354 0.520472 0.525613 0.644906 0.199219 0 0.019242 0.054821 0.002491 0.099354
0.440189 0.533576 0.522006 0.036572 0.233867 0.409833 0.450848 0.409649 0.602209 0.420459 0.560916 0.619191 0.425359 0.366046 0.616085 0.57831 0.336265 0.059859 0.250001 0.715044 0.698958 0.566876 0.50891 0.700435 0.73096 0.541096 0.569883 0.542108 0.620739 0.780756 0.649462 0.721547 0.662675 0.648011 0.398552 0.596016 0.624316 0.235602 0.408751 0.745603 0.414779 0.265926 0.371982 0.217332 0.099139 0.320461 0.377948 0.374885 0.345652 0.536292 0.605716 0.288159 0.506674 0.245066 0.524283 0.44882 0.470003 0.190529 0.22121 0.376098 0.285704 0.0946 0.642361 0.314574 0.410332 0.582134 0.040123 0.000217 0.337302 0.100201 0.022065 0.064031
