EnvRasters/RC_High/grain.asc
ncols         270
nrows         223
xllcorner     24099.479091542
yllcorner     21023.840179216
cellsize      1003.8986847201
NODATA_value  -9999
[rows 64 to 95 of 223, columns 0 to 71 of 270]
0.05844 0.476443 0.366985 0.339535 0.768916 0.605146 0.59467 0.49221 0.76278 0.660799 0.552048 0.495201 0.578601 0.647344 0.681012 0.665315 0.714875 0.682262 0.536534 0.599827 0.668341 0.563144 0.576273 0.543245 0.692434 0.475996 0.442781 0.574936 0.553303 0.355034 0.371036 0.449939 0.51843 0.579846 0.486279 0.520898 0.417638 0.165977 0.210975 0.054672 0.118569 0.120933 0.04181 0.011117 0.006829 0.141442 0.15372 0.094961 0.387295 0.398722 0.42012 0.434947 0.335386 0.335172 0.268666 0.418297 0.485971 0.12318 0.215429 0.317922 0.217848 0.075417 0.087509 0.25508 0.63262 0.558718 0.431418 0.484512 0.428393 0.399405 0.396384 0.695642
-9999 0.033706 0.56941 0.657848 0.704424 0.580013 0.72065 0.41589 0.704924 0.660199 0.601186 0.56469 0.582217 0.377875 0.502645 0.49056 0.677208 0.413577 0.554902 0.388611 0.755219 0.681865 0.690441 0.156775 0.273732 0.51886 0.368628 0.581004 0.624486 0.67232 0.484834 0.514248 0.616874 0.743658 0.349363 0.532138 0.474805 0.213572 0.343353 0.307913 0.305845 0.316698 0.191855 0.026873 0.002641 0.040758 0.100147 0.00141 0.183692 0.168651 0.128416 0.309765 0.09261 0.109381 0.309634 0.236924 0.458258 0.438969 0.435571 0.204741 0.04902 0.057441 0.32085 0.295176 0.279288 0.495384 0.413523 0.501422 0.456477 0.159932 0.33549 0.484632
-9999 0.05012 0.588367 0.686083 0.597728 0.686452 0.591706 0.492726 0.580056 0.536389 0.516825 0.646705 0.746229 0.663693 0.348357 0.578674 0.64281 0.698644 0.53391 0.593335 0.596852 0.556173 0.532727 0.47756 0.291196 0.529757 0.656076 0.578966 0.668486 0.587267 0.40887 0.470968 0.529878 0.530481 0.505572 0.440877 0.55284 0.476471 0.511554 0.583542 0.607594 0.579103 0.280255 0.04696 0.047547 0.278576 0.471004 0.183417 0.310659 0.335473 0.310617 0.283644 0.148858 0.340582 0.227987 0.096642 0.159245 0.03585 0.105306 0.247793 0.266703 0.134109 0.270186 0.252993 0.348041 0.531363 0.326374 0.44088 0.565816 0.599165 0.583828 0.317286
-9999 0.09549 0.694689 0.628978 0.462822 0.44986 0.553582 0.494544 0.412188 0.668396 0.707125 0.529463 0.638143 0.534249 0.641689 0.804967 0.639073 0.671407 0.586783 0.254703 0.260214 0.538504 0.697284 0.644165 0.528216 0.47233 0.524958 0.621958 0.62719 0.606345 0.348865 0.268198 0.447324 0.299136 0.315581 0.531564 0.494929 0.273517 0.412724 0.466052 0.401709 0.384459 0.394997 0.268664 0.437478 0.36209 0.45976 0.476183 0.540867 0.458574 0.445915 0.438178 0.150883 0.148341 0.176862 0.083841 0.1902 0.09496 0.098126 0.302028 0.410886 0.400244 0.180649 0.392283 0.508156 0.436669 0.154957 0.725289 0.739113 0.61382 0.485243 0.682756
-9999 0.060904 0.784049 0.593539 0.66071 0.730501 0.649972 0.39949 0.3235 0.728678 0.602605 0.612902 0.736506 0.560489 0.646375 0.765279 0.177876 0.522689 0.564863 0.64856 0.192542 0.584057 0.670902 0.802579 0.639798 0.604228 0.504786 0.574341 0.637546 0.505508 0.430831 0.487855 0.49995 0.086787 0.269889 0.423289 0.589501 0.320581 0.517273 0.564692 0.473852 0.36121 0.371953 0.618569 0.537221 0.351403 0.089614 0.448319 0.542269 0.400984 0.379768 0.496667 0.244471 0.167007 0.208145 0.230053 0.232396 0.241476 0.001926 0.0072 0.076142 0.259773 0.225085 0.405091 0.387785 0.384426 0.730203 0.527463 0.47212 0.609173 0.557766 0.507192
-9999 0.036567 0.651878 0.841084 0.74954 0.711546 0.516349 0.588073 0.437716 0.621852 0.618572 0.536015 0.84858 0.500722 0.474442 0.833002 0.695858 0.662339 0.720192 0.749436 0.194333 0.393498 0.607461 0.700132 0.656074 0.601943 0.58704 0.621276 0.412585 0.361324 0.56972 0.608245 0.574874 0.524714 0.615118 0.515431 0.492068 0.470862 0.3858 0.391818 0.407328 0.442976 0.480048 0.591041 0.492042 0.402006 0.22021 0.517107 0.527765 0.235807 0.373248 0.32561 0.412223 0.179773 0.020329 0.171067 0.643402 0.451831 0.160501 0.009812 0.01075 0.129308 0.136227 0.374271 0.23712 0.328019 0.728828 0.577228 0.542506 0.474055 0.7068 0.638366
-9999 0.007724 0.466631 0.644311 0.603507 0.585034 0.577694 0.646235 0.557814 0.40525 0.53324 0.590151 0.632627 0.50172 0.314741 0.669499 0.71837 0.647605 0.382255 0.540931 0.407035 0.084577 0.427126 0.600342 0.630098 0.602887 0.486303 0.32711 0.126241 0.458838 0.543259 0.657138 0.600006 0.551424 0.517538 0.650263 0.624429 0.522982 0.525606 0.40659 0.252699 0.256073 0.290683 0.60715 0.413619 0.660858 0.291697 0.476511 0.349609 0.358968 0.391115 0.191038 0.094513 0.139978 0.353866 0.367256 0.466262 0.523502 0.18983 0.33558 0.044082 0.043252 0.207519 0.262834 0.294391 0.473116 0.670115 0.597034 0.643915 0.727463 0.640626 0.524292
-9999 0.306286 0.471069 0.546218 0.807911 0.56727 0.691932 0.654034 0.513452 0.128067 0.001547 0.27476 0.552403 0.520967 0.482512 0.570943 0.33897 0.350036 0.695854 0.613489 0.196603 0.006979 0.248455 0.509379 0.601617 0.549233 0.330432 0.502397 0.430109 0.349297 0.448453 0.582514 0.643367 0.656852 0.585884 0.421066 0.662243 0.207342 0.311631 0.563221 0.414953 0.211204 0.227 0.51845 0.34423 0.371656 0.601428 0.269691 0.110148 0.330305 0.07242 0.046447 0.18599 0.263106 0.386347 0.403746 0.335485 0.129628 0.245089 0.231469 0.078062 0.029649 0.118703 0.422951 0.515677 0.407818 0.660824 0.709187 0.548469 0.678975 0.515678 0.082982
-9999 0.0747 0.377558 0.599988 0.731044 0.740231 0.527731 0.733121 0.510494 0.132871 0.048189 0.151975 0.531058 0.629321 0.510415 0.541716 0.491513 0.251434 0.648175 0.240889 0.000634 0.000892 0.026472 0.327606 0.581739 0.364758 0.438422 0.285521 0.114897 0.510555 0.459128 0.308888 0.596942 0.588229 0.563295 0.378704 0.166172 0.357627 0.233782 0.683274 0.385449 0.283614 0.156694 0.375706 0.654334 0.337612 0.089702 0.036606 0.006528 0.008703 0.045077 0.000207 0.163055 0.368053 0.020258 0.198978 0.203712 0.275833 0.320245 0.484387 0.651158 0.298292 0.218326 0.499729 0.511198 0.570403 0.702407 0.718588 0.632149 0.646392 0.423951 0.019214
-9999 -9999 0.130327 0.502195 0.58913 0.524254 0.470537 0.718646 0.575491 0.57301 0.490504 0.508964 0.53963 0.594221 0.675377 0.524871 0.532572 0.570924 0.743999 0.391116 0.120534 0.070604 0.189128 0.372323 0.562642 0.394956 0.315962 0.352808 0.417836 0.455665 0.487156 0.597886 0.606763 0.551247 0.574312 0.439871 0.357947 0.4587 0.604722 0.465452 0.210301 0.1838 0.076509 0.144976 0.14274 0.077899 0.28952 0.02824 0.010929 0.09388 0 0.006923 0.113921 0.235885 0.082728 0.143355 0.385905 0.371091 0.346447 0.506861 0.283898 0.387914 0.314892 0.494799 0.349123 0.548567 0.447719 0.632683 0.620335 0.432985 0.115213 0.000838
-9999 -9999 0 0.436629 0.583801 0.494954 0.567597 0.714031 0.565899 0.617842 0.663195 0.523938 0.532947 0.571834 0.589234 0.649715 0.748895 0.616225 0.680213 0.516226 0.401894 0.301372 0.562249 0.441901 0.468761 0.386363 0.370395 0.275093 0.264852 0.358377 0.442231 0.524429 0.629365 0.628732 0.676806 0.549421 0.659658 0.454876 0.558085 0.560756 0.188598 0.338239 0.296728 0.149735 0.130426 0.043638 0.092782 0.017879 0.01566 0.021143 0.029657 0.005408 0.160942 0.354366 0.432721 0.413875 0.131142 0.038525 0.174381 0.600292 0.540525 0.530054 0.134435 0.476882 0.512244 0.462919 0.658624 0.503811 0.449076 0.411399 0.031839 0
-9999 -9999 -9999 0.530735 0.751175 0.477653 0.309376 0.796551 0.651885 0.639638 0.614398 0.629223 0.408054 0.555698 0.543366 0.603945 0.665077 0.372747 0.446303 0.635587 0.675319 0.575986 0.423663 0.331844 0.226886 0.267096 0.339551 0.542532 0.49163 0.597731 0.46532 0.596651 0.435317 0.540899 0.574634 0.464898 0.561666 0.512133 0.541303 0.542814 0.541649 0.404862 0.277041 0.498518 0.296782 0.050635 0.013275 0 0 0.007825 0.116592 0.021892 0.098033 0.452419 0.517221 0.437553 0.406423 0.513202 0.387169 0.514441 0.560258 0.555171 0.489822 0.485116 0.418702 0.541803 0.713575 0.514524 0.391249 0.407007 0.041191 0.046723
-9999 -9999 -9999 0.033735 0.120388 0.031295 0.040939 0.144911 0.142591 0.265072 0.71707 0.588757 0.57987 0.503297 0.532093 0.727752 0.606674 0.558274 0.5061 0.457871 0.516082 0.517539 0.46411 0.035964 0.137089 0.479973 0.692726 0.598526 0.593603 0.508998 0.468327 0.572765 0.532512 0.421539 0.192965 0.427002 0.510415 0.316883 0.44711 0.581442 0.513578 0.008261 0.155071 0.309465 0.285097 0.287605 0.184825 0.009639 6e-005 0.04219 0.309368 0.429854 0.052563 0 0.393195 0.245465 0.479769 0.454559 0.596841 0.272995 0.448369 0.571332 0.590138 0.609878 0.535552 0.495863 0.425184 0.270338 0.130644 0.352708 0.53378 0.518552
-9999 -9999 -9999 -9999 -9999 -9999 -9999 -9999 -9999 0.100762 0.719236 0.442112 0.642616 0.690518 0.578276 0.584649 0.685543 0.799351 0.61329 0.762246 0.685674 0.682584 0.673408 0.348647 0.551127 0.544128 0.43585 0.583437 0.491164 0.555976 0.552165 0.566452 0.515013 0.475849 0.234771 0.443609 0.506276 0.053075 0.247124 0.493994 0.314106 0.010156 0.019911 0.147666 0.116993 0.0478 0.019659 0.009966 0.000962 0.076273 0.213518 0.378813 0.04673 0.036683 0.168958 0.470101 0.615937 0.617148 0.447353 0.474045 0.695939 0.278311 0.339108 0.568069 0.578312 0.685035 0.382118 0.331824 0.468654 0.30437 0.309216 0.478095
-9999 -9999 -9999 -9999 -9999 -9999 -9999 -9999 -9999 0.047568 0.573431 0.340249 0.484517 0.545047 0.496406 0.470791 0.749145 0.603701 0.512605 0.689889 0.495625 0.590067 0.655926 0.660205 0.706178 0.685566 0.401021 0.579601 0.65608 0.465838 0.645227 0.502682 0.467215 0.570986 0.584411 0.414288 0.0022 0 0.097055 0.265258 0.253079 0.319657 0.069131 0.266866 0.197949 0.260618 0.064934 0.181578 0.141835 0.066333 0.436991 0.616724 0.282897 0.54066 0.386338 0.66067 0.528967 0.557015 0.405457 0.532703 0.574016 0.478837 0.534796 0.607661 0.456532 0.496943 0.474445 0.445265 0.688721 0.69721 0.47314 0.459431
-9999 -9999 -9999 -9999 -9999 -9999 -9999 -9999 -9999 -9999 0.19681 0.205061 0.243205 0.549706 0.636411 0.513425 0.361555 0.326892 0.62434 0.545602 0.295489 0.517729 0.645978 0.650133 0.636035 0.7175 0.30041 0.636915 0.534687 0.425987 0.558395 0.405874 0.235362 0.313436 0.531828 0.221389 0.000532 0 0.019643 0.171319 0.349415 0.41474 0.088446 0.106482 0.361862 0.233063 0.152486 0.451037 0.728207 0.439286 0.663914 0.444848 0.627902 0.682494 0.536187 0.482017 0.539643 0.522764 0.508362 0.573083 0.564598 0.675384 0.604049 0.401566 0.145143 0.120397 0.622655 0.472854 0.806618 0.357761 0.233046 0.479912
-9999 -9999 -9999 -9999 -9999 -9999 -9999 -9999 -9999 -9999 0 0.067298 0.494487 0.643854 0.577468 0.294476 0.266696 0.480662 0.598703 0.670964 0.643688 0.648053 0.620962 0.580842 0.557487 0.690441 0.667978 0.520201 0.348807 0.2098 0.140774 0.018991 7.9e-005 0.078425 0.351107 0.381009 0.080236 -9999 -9999 0.059677 0.461685 0.616821 0.522675 0.37644 0.38334 0.266243 0.426341 0.622329 0.515208 0.598528 0.455112 0.567787 0.613562 0.672381 0.493251 0.300479 0.500045 0.453484 0.456716 0.533164 0.485576 0.473422 0.456447 0.136506 0.35115 0.248167 0.65806 0.431948 0.621355 0.457913 0.448807 0.621473
-9999 -9999 -9999 -9999 -9999 -9999 -9999 -9999 -9999 -9999 -9999 -9999 0.459895 0.354398 0.453768 0.532004 0.636254 0.580836 0.611627 0.807034 0.688424 0.531692 0.538834 0.741418 0.462994 0.615157 0.597175 0.644773 0.232365 0.027676 0.03976 0.057267 -9999 -9999 0.000221 0.011005 -9999 -9999 -9999 -9999 0.272049 0.36675 0.207877 0.447615 0.419908 0.326194 0.590054 0.536061 0.400688 0.366576 0.470764 0.620172 0.604395 0.655369 0.580165 0.542448 0.364522 0.581545 0.57911 0.368808 0.009248 0.169344 0.256451 0.111283 0.701162 0.483531 0.522989 0.486512 0.539759 0.546759 0.476669 0.633118
-9999 -9999 -9999 -9999 -9999 -9999 -9999 -9999 -9999 -9999 -9999 -9999 0.33336 0.641769 0.821628 0.703138 0.729126 0.559725 0.514732 0.709286 0.689677 0.540289 0.606105 0.714335 0.66012 0.529938 0.46662 0.624444 0.229077 0 -9999 -9999 -9999 -9999 -9999 -9999 -9999 -9999 -9999 -9999 0.0007 0.301558 0.492669 0.505006 0.222244 0.412057 0.629879 0.308797 0.642394 0.59729 0.323802 0.62404 0.710372 0.666737 0.474036 0.648197 0.245238 0.340712 0.713835 0.637166 0.154626 0.340136 0.592692 0.25882 0.304874 0.180178 0.332491 0.358763 0.398236 0.340527 0.384175 0.326588
-9999 -9999 -9999 -9999 -9999 -9999 -9999 -9999 -9999 -9999 -9999 -9999 -9999 0.261168 0.655816 0.791488 0.51785 0.510686 0.692413 0.803458 0.877669 0.674757 0.679528 0.674879 0.507783 0.05226 0.148257 0.06115 -9999 -9999 -9999 -9999 -9999 -9999 -9999 -9999 -9999 -9999 -9999 -9999 -9999 0.144223 0.055884 0.173756 0.072268 0.066842 0.277359 0.609587 0.782931 0.729036 0.707397 0.561533 0.648525 0.60117 0.458937 0.552872 0.676517 0.468438 0.621994 0.404745 0.183028 0.326176 0.451953 0.037628 0.035556 0.198245 0.398048 0.336191 0.239771 0.08536 0.08245 0.06726
-9999 -9999 -9999 -9999 -9999 -9999 -9999 -9999 -9999 -9999 -9999 -9999 -9999 0.052305 0.371358 0.622903 0.478033 0.622118 0.743413 0.611648 0.387904 0.352042 0.42285 0.788017 0.219089 0.001121 -9999 -9999 -9999 -9999 -9999 -9999 -9999 -9999 -9999 -9999 -9999 -9999 -9999 -9999 -9999 0 9e-006 0.006661 0.000116 0.008239 0.007659 0.444298 0.689454 0.689906 0.626714 0.601209 0.645367 0.655543 0.472222 0.44747 0.647398 0.375476 0.520045 0.465284 0.678553 0.501323 0.5157 0.643737 0.467066 0.5176 0.577914 0.644343 0.554626 0.301888 0.026324 0.000374
-9999 -9999 -9999 -9999 -9999 -9999 -9999 -9999 -9999 -9999 -9999 -9999 -9999 0 0.293427 0.540477 0.643568 0.681471 0.675912 0.776684 0.442644 0.27428 0.24976 0.762838 0.463396 0.008137 -9999 -9999 -9999 -9999 -9999 -9999 -9999 -9999 -9999 -9999 -9999 -9999 -9999 -9999 -9999 -9999 9e-005 0 0.023188 0.017429 0.130834 0.425562 0.508642 0.636699 0.660843 0.614909 0.4594 0.687119 0.706554 0.643166 0.721491 0.597996 0.595361 0.681439 0.539928 0.599547 0.589778 0.477354 0.27763 0.266839 0.48315 0.719091 0.338187 0.250815 0.070751 0.06462
-9999 -9999 -9999 -9999 -9999 -9999 -9999 -9999 -9999 -9999 -9999 -9999 -9999 -9999 0.094403 0.462783 0.497808 0.53685 0.444526 0.577627 0.336847 0.599722 0.591591 0.345577 0.000445 -9999 -9999 -9999 -9999 -9999 -9999 -9999 -9999 -9999 -9999 -9999 -9999 -9999 -9999 -9999 -9999 -9999 0.000106 0.040772 0.163952 0.362723 0.63362 0.67847 0.576902 0.505396 0.074686 0.119572 0.386484 0.457462 0.615981 0.560377 0.463575 0.399638 0.482952 0.853927 0.810366 0.548076 0.696839 0.581969 0.536413 0.581755 0.666698 0.394846 0.368833 0.490008 0.301341 0.260005
-9999 -9999 -9999 -9999 -9999 -9999 -9999 -9999 -9999 -9999 -9999 -9999 -9999 -9999 -9999 0.02185 0.041076 -9999 0.147908 0.676422 0.572615 0.293257 0.057264 0.475053 0.007957 -9999 -9999 -9999 -9999 -9999 -9999 -9999 -9999 -9999 -9999 -9999 -9999 -9999 -9999 -9999 -9999 -9999 0.015307 0.111762 0.19929 0.304679 0.407204 0.418994 0.445192 0.22413 0.263953 0.421606 0.47636 0.430929 0.294015 0.687075 0.648977 0.447675 0.601755 0.624195 0.80353 0.583149 0.611537 0.672255 0.615227 0.516325 0.644231 0.620636 0.703981 0.318302 0.195318 0.538229
-9999 -9999 -9999 -9999 -9999 -9999 -9999 -9999 -9999 -9999 -9999 -9999 -9999 -9999 -9999 -9999 -9999 -9999 -9999 0.219016 0.22696 0.337243 0.579304 0.369755 -9999 -9999 -9999 -9999 -9999 -9999 -9999 -9999 -9999 -9999 -9999 -9999 -9999 -9999 -9999 -9999 -9999 -9999 -9999 7.2e-005 0.091038 0.133453 0.01469 0.302409 0.672712 0.471628 0.647793 0.529753 0.442149 0.413389 0.400118 0.342652 0.490674 0.456237 0.747081 0.651005 0.696039 0.365842 0.457994 0.541601 0.800879 0.860813 0.549804 0.599543 0.664258 0.493191 0.527795 0.618051
-9999 -9999 -9999 -9999 -9999 -9999 -9999 -9999 -9999 -9999 -9999 -9999 -9999 -9999 -9999 -9999 -9999 -9999 -9999 -9999 -9999 0.223562 0.179027 -9999 -9999 -9999 -9999 -9999 -9999 -9999 -9999 -9999 -9999 -9999 -9999 -9999 -9999 -9999 -9999 -9999 -9999 -9999 -9999 -9999 -9999 -9999 0.037094 0.251737 0.661867 0.681358 0.57005 0.649005 0.482391 0.151217 0.311471 0.727463 0.472434 0.383742 0.663527 0.579528 0.550664 0.57089 0.65058 0.660014 0.543748 0.713771 0.44943 0.639744 0.564668 0.553659 0.380057 0.429029
-9999 -9999 -9999 -9999 -9999 -9999 -9999 -9999 -9999 -9999 -9999 -9999 -9999 -9999 -9999 -9999 -9999 -9999 -9999 -9999 -9999 -9999 -9999 -9999 -9999 -9999 -9999 -9999 -9999 -9999 -9999 -9999 -9999 -9999 -9999 -9999 -9999 -9999 -9999 -9999 -9999 -9999 -9999 -9999 -9999 -9999 0.031755 0.454668 0.479611 0.51509 0.632935 0.508237 0.546912 0.515008 0.40064 0.841055 0.465773 0.576432 0.622413 0.46487 0.683492 0.550257 0.602063 0.694081 0.586975 0.593366 0.520346 0.740456 0.635545 0.495534 0.666384 0.392437
-9999 -9999 -9999 -9999 -9999 -9999 -9999 -9999 -9999 -9999 -9999 -9999 -9999 -9999 -9999 -9999 -9999 -9999 -9999 -9999 -9999 -9999 -9999 -9999 -9999 -9999 -9999 -9999 -9999 -9999 -9999 -9999 -9999 -9999 -9999 -9999 -9999 -9999 -9999 -9999 -9999 -9999 -9999 -9999 -9999 -9999 0.005397 0.436486 0.536225 0.524616 0.621492 0.34414 0.409483 0.358487 0.43221 0.594556 0.492358 0.58523 0.582011 0.707895 0.790369 0.627315 0.626546 0.743042 0.594843 0.67541 0.498593 0.781612 0.446042 0.363362 0.281401 0.466448
-9999 -9999 -9999 -9999 -9999 -9999 -9999 -9999 -9999 -9999 -9999 -9999 -9999 -9999 -9999 -9999 -9999 -9999 -9999 -9999 -9999 -9999 -9999 -9999 -9999 -9999 -9999 -9999 -9999 -9999 -9999 -9999 -9999 -9999 -9999 -9999 -9999 -9999 -9999 -9999 -9999 -9999 -9999 -9999 -9999 -9999 0.130649 0.616404 0.493319 0.524712 0.408567 0.591428 0.59718 0.473625 0.477146 0.747381 0.606664 0.598953 0.558489 0.828755 0.78874 0.507605 0.635993 0.645814 0.44252 0.543634 0.703034 0.747407 0.48823 0.346885 0.381322 0.411267
-9999 -9999 -9999 -9999 -9999 -9999 -9999 -9999 -9999 -9999 -9999 -9999 -9999 -9999 -9999 -9999 -9999 -9999 -9999 -9999 -9999 -9999 -9999 -9999 -9999 -9999 -9999 -9999 -9999 -9999 -9999 -9999 -9999 -9999 -9999 -9999 -9999 -9999 -9999 -9999 -9999 -9999 -9999 -9999 -9999 0.011912 0.64883 0.474518 0.567126 0.461809 0.666487 0.574517 0.62279 0.501685 0.577657 0.666986 0.584992 0.502573 0.671669 0.767973 0.573602 0.856961 0.579298 0.447686 0.654669 0.687636 0.714748 0.607638 0.689448 0.519055 0.4346 0.573469
-9999 -9999 -9999 -9999 -9999 -9999 -9999 -9999 -9999 -9999 -9999 -9999 -9999 -9999 -9999 -9999 -9999 -9999 -9999 -9999 -9999 -9999 -9999 -9999 -9999 -9999 -9999 -9999 -9999 -9999 -9999 -9999 -9999 -9999 -9999 -9999 -9999 -9999 -9999 -9999 -9999 -9999 -9999 -9999 -9999 0.004878 0.605568 0.621053 0.627793 0.584191 0.754357 0.796232 0.395477 0.416248 0.347596 0.56406 0.279345 0.279053 0.433976 0.681082 0.555272 0.628638 0.652099 0.582669 0.533275 0.505202 0.581929 0.649693 0.700327 0.653722 0.64244 0.648915
-9999 -9999 -9999 -9999 -9999 -9999 -9999 -9999 -9999 -9999 -9999 -9999 -9999 -9999 -9999 -9999 -9999 -9999 -9999 -9999 -9999 -9999 -9999 -9999 -9999 -9999 -9999 -9999 -9999 -9999 -9999 -9999 -9999 -9999 -9999 -9999 -9999 -9999 -9999 -9999 -9999 -9999 -9999 -9999 -9999 -9999 0.420993 0.622598 0.478909 0.491812 0.628779 0.730341 0.588412 0.434292 0.35828 0.438037 0.483585 0.382956 0.502182 0.732774 0.48457 0.547331 0.504862 0.547021 0.687471 0.541499 0.525523 0.487846 0.401546 0.670341 0.439784 0.680806
