EnvRasters/RC_High/grain.asc
ncols         270
nrows         223
xllcorner     24099.479091542
yllcorner     21023.840179216
cellsize      1003.8986847201
NODATA_value  -9999
[rows 96 to 127 of 223, columns 144 to 215 of 270]
0.767132 0.303386 0.661531 0.329305 0.547786 0.375689 0.466099 0.572847 0.566505 0.435636 0.556886 0.538999 0.656584 0.645893 0.56042 0.601824 0.464026 0.284506 0.557928 0.591838 0.614896 0.55885 0.620063 0.650159 0.672547 0.522638 0.574861 0.471723 0.426627 0.568989 0.646381 0.795352 0.865628 0.899565 0.890645 0.631357 0.574984 0.587119 0.52389 0.617782 0.47584 0.470267 0.600057 0.737137 0.528568 0.732671 0.71277 0.752265 0.397983 0.690614 0.647893 0.763668 0.960666 0.947675 0.661197 0.627126 0.40381 0.044568 0.144224 0.104793 0.192438 0.089579 0.032176 3.6e-005 0 0 0 0 0.053757 0.086143 0.008139 0.037556
0.73729 0.497574 0.181349 0.55591 0.713166 0.475344 0.434622 0.471777 0.487826 0.372625 0.385693 0.561851 0.547634 0.629795 0.444567 0.277957 0.361901 0.505494 0.485632 0.612688 0.674693 0.475168 0.616424 0.626738 0.567994 0.677178 0.703792 0.569854 0.654681 0.594286 0.689398 0.329286 0.660793 0.672527 0.804446 0.586244 0.484087 0.59891 0.529533 0.631827 0.59357 0.416885 0.254462 0.448453 0.699736 0.897459 0.910746 0.899029 0.340423 0.591582 0.736465 0.843618 0.589881 0.69243 0.781463 0.584836 0.004827 0.11707 0.420227 0.066402 0.112377 0.001962 0 0.000674 0.000103 0.001118 0 0.000198 0.012969 0.00065 0.004962 0.00229
0.277155 0.389192 0.614136 0.617035 0.438486 0.640021 0.445712 0.407749 0.485524 0.580028 0.350489 0.442968 0.362774 0.340095 0.699408 0.614498 0.396205 0.450894 0.472339 0.708199 0.678205 0.669893 0.720304 0.444591 0.557955 0.441953 0.542396 0.523694 0.413204 0.287309 0.213122 0.115341 0.365356 0.287086 0.494694 0.358332 0.228047 0.420892 0.544277 0.564044 0.775151 0.885629 0.663037 0.479296 0.65815 0.908636 0.838884 0.554737 0.556458 0.49574 0.740037 0.848654 0.431033 0.183563 0.492 0.16197 0.10765 0.243848 0.174876 0.059812 3.8e-005 0.000448 0.00014 0.004312 0.00063 8.6e-005 3e-006 5.6e-005 0.00169 0.000382 0.024232 0.172652
0.276356 0.19665 0.791339 0.806059 0.513243 0.555765 0.555123 0.229714 0.342619 0.40129 0.499982 0.704161 0.790298 0.882483 0.932603 0.533772 0.561692 0.555045 0.260538 0.289105 0.507375 0.705367 0.653443 0.680548 0.818587 0.567122 0.468628 0.45863 0.437439 0.527333 0.551123 0.778209 0.722301 0.566855 0.570426 0.736717 0.684851 0.413243 0.203615 0.182439 0.688836 0.511748 0.613751 0.576294 0.554767 0.504742 0.916244 0.599641 0.054304 0.507837 0.588686 0.515956 0.346144 0.327449 0.284129 0.210558 0.526308 0.019199 0.089972 0.030895 0 0 0 0 0 0 0 0 0.000103 0 0.00101 0.041219
0.398239 0.577845 0.801245 0.836808 0.742118 0.666535 0.616447 0.492914 0.587455 0.503831 0.50605 0.779018 0.682815 0.540974 0.426309 0.430413 0.43239 0.415546 0.606059 0.32231 0.573452 0.790277 0.837111 0.715234 0.448635 0.376237 0.64633 0.556311 0.629597 0.576946 0.613869 0.614094 0.601108 0.553898 0.659909 0.777864 0.68848 0.623078 0.36734 0.430703 0.4638 0.416931 0.494127 0.725208 0.766142 0.773174 0.670527 0.30945 0.440617 0.655978 0.593452 0.11849 0.323668 0.089711 0.07168 0.135575 0.436586 0.002417 0.000602 5.4e-005 0 0 0 5.8e-005 0 0 3e-005 0 0 0.000744 0.00157 0.001478
0.257466 0.547636 0.296319 0.458596 0.64561 0.739726 0.430733 0.711095 0.621056 0.726811 0.048591 0.715681 0.676662 0.584907 0.603165 0.513545 0.429139 0.508233 0.485857 0.125835 0.621363 0.692419 0.282856 0.67585 0.558121 0.831752 0.515027 0.596535 0.744041 0.55547 0.761352 0.747375 0.636429 0.750994 0.432679 0.677522 0.613891 0.771498 0.589193 0.133484 0.454179 0.548067 0.585723 0.893439 0.390836 0.658502 0.532088 0.417413 0.588873 0.700458 0.493572 0.235747 0.236825 0.325243 0.010961 0.144591 0.073005 0.006684 0.018332 0.003498 0.000814 0 1e-006 0 0 0.000736 0.002985 0.000142 0 0 0.00012 0
0.369167 0.774081 0.529033 0.686838 0.577994 0.200909 0.214732 0.619322 0.73381 0.104307 0.497302 0.820857 0.621106 0.435994 0.567809 0.677132 0.573151 0.522739 0.527397 0.448168 0.500232 0.49839 0.466762 0.613937 0.661816 0.427353 0.317792 0.595789 0.520477 0.375427 0.205338 0.23606 0.420931 0.406809 0.048098 0.21686 0.243127 0.309796 0.388055 0.409657 0.409644 0.539915 0.739679 0.841458 0.319374 0.423235 0.506202 0.522962 0.324375 0.66483 0.453285 0.040306 0.00631 0.000358 0 0 0.00058 0.004141 0.02689 0.001532 0 1e-006 0.000492 0.002227 0.001892 0 0.000905 0.007962 0.004533 0.0155 0.1436 0.0144
0.528981 0.623183 0.595687 0.371663 0.30823 0.268079 0.606018 0.607948 0.499233 0.532661 0.645136 0.862626 0.562807 0.863818 0.484023 0.47792 0.404512 0.571339 0.272063 0.3486 0.642361 0.617677 0.602688 0.600279 0.562867 0.652271 0.422306 0.607529 0.546275 0.527859 0.708647 0.567874 0.563335 0.521204 0.392784 0.212282 0.233199 0.183722 0.276162 0.539385 0.449032 0.681791 0.62949 0.531848 0.256358 0.536194 0.416361 0.243396 0.505746 0.506783 0.39393 0.081864 0.033179 0 0.060722 0 0.125255 0.240274 0.287661 0.01353 0 0 0.000368 0.001915 0.000611 0 0 0.00926 0.001332 0.04 0.0666 0.039
0.556391 0.605174 0.627231 0.127615 0.013628 0.523429 0.574578 0.60745 0.506292 0.583483 0.597757 0.733453 0.937638 0.712897 0.541444 0.407264 0.497639 0.486929 0.527576 0.312676 0.483376 0.880937 0.384936 0.584923 0.633226 0.715726 0.77582 0.520166 0.510161 0.53583 0.616822 0.660505 0.51017 0.525572 0.578268 0.664479 0.612526 0.243909 0.066516 0.26744 0.459362 0.247575 0.057702 0.006759 0.117862 0.117062 0.292282 0.144441 0.219186 0.23335 0.081737 0.09249 0.135842 0.002104 0.081049 0.318146 0.259286 0.614076 0.246326 0 0 0 0 6.4e-005 0.1027 0 0.053367 0.375139 1.1e-005 0 0.0437 0.026862
0.446956 0.416762 0.402968 0.041203 0.000186 0.417384 0.393229 0.354523 0.485972 0.517123 0.763966 0.435364 0.460565 0.558286 0.546627 0.549119 0.52544 0.603059 0.507132 0.209832 0.516961 0.591668 0.583651 0.65768 0.239501 0.669345 0.78367 0.61922 0.394071 0.520171 0.444943 0.75382 0.627794 0.694726 0.606807 0.632611 0.548626 0.198253 0.0585 0.091175 0.286656 0.486276 0.251367 0.047131 0.337456 0.251686 0.010807 0.002385 0.070795 0.171444 0.478819 0.056538 0.019423 0.342097 0.313579 0.64986 0.620639 0.410929 0.008474 0 0 0.121552 0.134391 0.266703 0.037663 0.005072 0.000516 0 0 0 0.0284 0
0.609882 0.54882 0.443653 0.394889 0.457244 0.278164 0.123557 0.652581 0.579322 0.56794 0.402101 0.307332 0.70714 0.716165 0.602411 0.598497 0.612063 0.565622 0.456916 0.476732 0.554221 0.518991 0.456956 0.540707 0.442279 0.618209 0.808342 0.414424 0.286463 0.139349 0.670138 0.568668 0.382155 0.678968 0.544777 0.173257 0.227339 0.329822 0.497846 0.121697 0.282663 0.289565 0.393776 0.371102 0.177118 0.163931 0.001065 0.004812 0.000351 0.016056 0.032064 0 0.021018 0.697756 0.575115 0.754123 0.82013 0.234894 0.025475 0.03415 0.044971 0.242604 0.056405 0.010633 0.003741 0.207792 0.010016 0 0.0425 0 0.04498 0.076062
0.507449 0.459511 0.434947 0.435904 0.198033 0.315372 0.480569 0.624657 0.570589 0.710919 0.1998 0.675764 0.836809 0.97147 0.681943 0.734546 0.366749 0.466933 0.5422 0.349619 0.362355 0.48718 0.57245 0.24211 0.190506 0.14378 0.813151 0.659728 0.466302 0.569335 0.775837 0.527129 0.626388 0.761518 0.517887 0.53877 0.562507 0.920478 0.854183 0.490952 0.109686 0.023764 0.090132 0.052755 0.003286 0.000188 0.00723 0.002113 2.8e-005 0.025073 0.004747 0.008225 0.057293 0.140702 0.451124 0.663945 0.843835 0.1527 0.071547 0.122154 0.179924 0.136582 0.000533 0.150296 0.223511 0.000177 9.6e-005 0.041385 0.322838 0.167314 0.0017 0.241445
0.661229 0.528132 0.513367 0.472146 0.170673 0.30967 0.573721 0.304961 0.388914 0.666131 0.42725 0.62792 0.860529 0.775153 0.596281 0.622548 0.51107 0.574877 0.525983 0.469034 0.543696 0.361268 0.5071 0.560632 0.410725 0.5782 0.288759 0.784046 0.576023 0.379167 0.661721 0.610481 0.625776 0.667121 0.434858 0.210655 0.318304 0.833334 0.660562 0.181531 0.009811 0.01516 0.000168 0.000692 0.01232 0.126445 0.092576 0 0 0.00018 0.076441 0.47224 0.633005 0.620533 0.666902 0.310267 0.602917 0.529942 0.21472 0.0687 0.040158 0.051419 0.041818 0.000225 0.003627 0.0017 0.038156 0.137599 0.160282 0.0437 0.148772 0.146787
0.731789 0.401987 0.629018 0.298473 0.48332 0.409757 0.244867 0.36523 0.597125 0.578075 0.317345 0.618869 0.538178 0.534881 0.361504 0.508694 0.616794 0.248469 0.4167 0.479124 0.637494 0.34515 0.519144 0.572931 0.417665 0.594458 0.5367 0.731331 0.280017 0.4931 0.591123 0.411673 0.511132 0.383553 0.25033 0.104873 0.304328 0.460873 0.02072 0.006908 0.070112 0.019163 6.8e-005 0.002984 0.008174 0.001848 0 0.02063 0.10963 0.086126 0.077676 0.284566 0.482086 0.322162 0.427506 0.543236 0.289148 0.173465 0.195618 0.379391 0.24868 0.013655 0.047305 0 0 0.0076 0.156403 0.217929 0.1779 0.596641 0.130326 0.095592
0.806651 0.571084 0.382858 0.320276 0.380286 0.46334 0.62882 0.392258 0.52397 0.697431 0.4766 0.502261 0.460567 0.577169 0.396012 0.661064 0.380387 0.481029 0.667578 0.374694 0.610155 0.56657 0.180292 0.225922 0.358443 0.332823 0.865989 0.422114 0.267272 0.412333 0.772615 0.338082 0.097505 0.186861 0 0 0.020661 0.182741 0.134943 0.144422 0.165512 0.001987 3e-005 0.023489 0.298644 0.106965 0.291716 0.448051 0.319426 0.126934 0.189106 0.018439 0.069122 0.307185 0.336758 0.301458 0.307538 0.329684 0.320985 0.297954 0.097666 0.196715 0.195113 0.041396 0 0.00338 0.015173 0.1779 0.0414 0.2395 0.227516 0.0169
0.235942 0.314293 0.158633 0.407579 0.588402 0.410849 0.369747 0.6951 0.579734 0.419721 0.542834 0.22381 0.080866 0.450058 0.489144 0.563902 0.172381 0.145628 0.384829 0.233543 0.3498 0.271057 0.39829 0.401309 0.295689 0.092547 0.443191 0.332483 0.251841 0.215495 0.393108 0.132766 0.034758 0.15879 0.026663 0.027784 0.000268 0.0284 0.105407 0.050478 0.217707 0.395797 0.018858 0.038841 0.662305 0.594312 0.140382 0.545743 0.362678 0.467581 0.427905 0.228477 0.28575 0.670716 0.13282 0.443436 0.31104 0.095872 0.600705 0.3148 0.160034 0.405762 0.106034 0.075556 0.002579 0.086053 0.09145 0.253644 0 0 0.0063 0.062293
0.61007 0.598947 0.280404 0.649832 0.497274 0.570416 0.48982 0.659027 0.632716 0.535553 0.54319 0.206235 0.183653 0.260598 0.330642 0.172711 0.319282 0.146513 0.045495 0.7973 0.315306 0.3135 0.086526 0.114114 0.123651 0.375166 0.616859 0.19349 0.08774 0.208255 0.101518 0.128967 0.013024 0.002434 0.001258 0.001351 0.023561 0.1297 0.09605 0.134116 0.573721 0.275 0.0022 0.000141 0.181534 0.081264 0.087218 0.309691 0.077743 0.385899 0.66003 0.169436 0.515182 0.799062 0.291966 0.651611 0.079612 0.293865 0.1512 0.259938 0.735807 0.172437 0.308515 0.022837 0.0001 0.020504 0.247918 0.070189 0.000665 0.232812 0.0446 0.036932
0.490675 0.516338 0.230545 0.375922 0.359845 0.234206 0.71847 0.589646 0.205599 0.285382 0.230672 0.65674 0.279567 0.08211 0.074603 0.150528 0.540582 0.003198 0.572449 0.699111 0.474872 0.1346 0 0.049895 0.142353 0.357807 0.601647 0.064884 0.365362 0.516625 0.217359 0.023829 0.006049 0.022875 0.064159 0.133697 0.084157 0.198612 0.285234 0.623893 0.752056 0.084732 0.143474 0.008272 0.015038 0.062883 0.023587 0.370839 0.82965 0.643382 0.582236 0.287751 0.106754 0.501308 0.860182 0.240625 0.458009 0.295019 0.304307 0.498374 0.649944 0.113308 0.253625 0.293868 0.442152 0.646471 0.116351 0 9.2e-005 0.033925 0.258252 0.0169
0.58576 0.095901 0.357006 0.303357 0.074169 0.064398 0.546731 0.147994 0.39848 0.687608 0.571543 0.485476 0.34653 0.122942 0.009597 0.049944 0.045896 0.005751 0.304739 0.17576 0.012964 0.001709 0.126379 0.404741 0.045921 0.092649 0.048291 0.146166 0.369123 0.471458 0.64025 0.412317 0.212041 0.194109 0.073042 0.254189 0.480231 0.615816 0.574324 0.89714 0.486589 0.399189 0.424386 0.333991 0.132684 0.035003 0.09803 0.390785 0.570768 0.564577 0.541367 0.487729 0.23299 0.312652 0.876116 0.348093 0.383928 0.539414 0.375022 0.119879 0.387567 0.381447 0.326912 0.673461 0.142108 0.227 0.0468 0.0568 0.1135 0.096142 0.1437 0.0224
0.635616 0.264173 0.083508 0.589121 0.211875 0.236855 0.672857 0.266308 0.324179 0.145073 0.093169 0.152434 0.382013 0.018813 8e-006 0 0 0.001523 0.084421 0.049081 0.019675 0.149345 0.502016 0.744734 0.190125 0.0009 0.091507 0.32969 0.555792 0.627237 0.694112 0.478258 0.528581 0.316341 0.104483 0.32711 0.752216 0.601284 0.356505 0.756595 0.480303 0.388547 0.210195 0.102861 0.353776 0.148999 0.022592 0.160451 0.357216 0.311091 0.568861 0.895617 0.854832 0.847675 0.5789 0.505975 0.859645 0.38394 0.562271 0.111551 0.202802 0.309136 0.130283 0.009194 0.0472 0.1572 0.0094 0.2166 0.1155 0.010394 0.0484 0.102798
0.203858 0.539852 0.076619 0.255041 0.214578 0.114526 0.360838 0.473069 0.523893 0.237851 0.195382 0.059452 0.024655 2.4e-005 0.000148 3.2e-005 0 0.003109 0.289787 0.191999 0.211654 0.317182 0.273356 0.510633 0.625887 0.103131 0.080162 0.480657 0.424656 0.44638 0.232939 0.296683 0.407044 0.186449 0.316959 0.272474 0.287131 0.519919 0.410752 0.621324 0.484318 0.393758 0.32022 0.721697 0.459814 0.387337 0.02743 0.244074 0.328258 0.414688 0.647803 0.623564 0.639056 0.759767 0.205229 0.428286 0.203902 0.694197 0.347749 0.547949 0.431056 0.333275 0.110737 0.0961 0.1526 0.0469 0 0.0345 0.03925 0.350255 0.273586 0.247604
0.009589 0.049189 0.098914 0.087484 0.010069 0.008222 0.239204 0.117544 0.366212 0.034968 0.221438 0.029176 0.02176 0.009398 0.000236 0 6.9e-005 0.007877 0.094516 0.103125 0.085298 0.424194 0.262828 0.439949 0.288735 0.158973 0.009272 0.15127 0.008312 0.223539 0.227319 0.447831 0.093906 0.036005 0.320214 0.397762 0.201078 0.705846 0.512597 0.504139 0.546019 0.425827 0.2696 0.518688 0.111054 0.007469 0.001952 0.193776 0.299016 0.627658 0.425113 0.272625 0.544485 0.680029 0.374894 0.29039 0.441656 0.572616 0.127057 0.126761 0.431051 0.136626 0.018026 0.2621 0 0.1073 0.097368 0.33191 0.044921 0.014315 0.210015 0.227381
0.122728 0.14381 0.096691 0.064781 0.16099 0.187829 0.18802 0.211116 0.321535 0.132469 0.059375 0.000975 0.086157 0.019012 0.220923 0.012789 7.5e-005 0.013084 0.096721 0.097516 0.290526 0.289587 0.339004 0.638757 0.4297 0.383611 0.280711 0.407104 0.010866 0.259147 0.100744 0.280907 0.658559 0.378362 0.058266 0.113654 0.150626 0.414692 0.438605 0.350952 0.312939 0.329494 0.622943 0.37117 0.159186 0.1817 0.001396 0.134365 0.793282 0.311269 0.372614 0.809443 0.191545 0.228797 0.242785 0.76798 0.708107 0.620021 0.10916 0.405243 0.379151 0.247817 0.031476 0.132758 0.0344 0.2035 0.2278 0.0557 0.090989 0.01251 0.012491 0
0.217489 0.425 0.335778 0.059849 0.249755 0.42584 0.185069 0.081724 0.044593 0.305416 0.605258 0.051251 0.216035 0.063341 0.290034 0.189484 0.003144 0.056462 0.151218 0.429557 0.220239 0.510167 0.609654 0.463903 0.199646 0.007488 0.010228 0.093757 0.062948 0.151961 0.371382 0.345766 0.472521 0.437293 0.337178 0.563243 0.737473 0.440231 0.649106 0.518856 0.414875 0.388372 0.194479 0.617576 0.547975 0.246255 0.190631 0.503212 0.418628 0.471072 0.541489 0.233121 0.218613 0.76263 0.439271 0.417248 0.465904 0.684983 0.234667 0.660557 0.370202 0.082489 0.140297 0.171464 0.0249 0.172736 0.20796 0.1219 0.274685 0.001322 9.7e-005 0
0.091144 0.61794 0.458024 0.17645 0.358292 0.757135 0.68281 0.210453 0.079588 0.220698 0.115447 0.06321 0.080057 0.273515 0.173991 0.072805 4e-006 1e-006 0.199207 0.214812 0.039719 0.073052 0.008533 0.156479 0.212317 0.098839 0.176835 0.139114 0.008754 0.034523 0.170675 0.29297 0.363371 0.507126 0.872759 0.71313 0.67964 0.778167 0.550162 0.504405 0.508747 0.246527 0.008901 0.011524 0.221363 0.654122 0.689784 0.178232 0.734125 0.512447 0.618572 0.442548 0.187236 0.571988 0.13641 0.158105 0.347469 0.252579 0.105627 0.298154 0.05373 0.335185 0.123779 0.2403 0.342629 0.510307 0.326434 0.2243 0.223028 0.1394 0.0436 0
0.237337 0.36134 0.559174 0.66441 0.831691 0.692988 0.601155 0.614249 0.49713 0.157793 0.154513 0.119536 0.189102 0.234575 0.094708 0.153791 0.074429 0.001667 0.009766 0.002199 0.002241 0.160312 0.469724 0.200045 0.211413 0 0.005877 0 0 0.023206 0.047537 0.232941 0.55218 0.699777 0.646684 0.768677 0.402145 0.678014 0.183041 0.398299 0.071553 0.443724 0.277009 0.138721 0.559455 0.721549 0.243337 0.351139 0.448274 0.563599 0.361377 0.339043 0.46468 0.525516 0.131376 0.400698 0.403332 0.129704 0.1756 0.092015 0.205695 0.322751 0.1287 0.0001 0.2914 0.6086 0.0992 0.2658 0.2391 0.1321 0.0935 0
0.172422 0.143833 0.377348 0.295824 0.261156 0.404467 0.698106 0.332303 0.160909 0.094928 0 0.0135 0.328762 0.108035 0.227743 0.365852 0.17981 0.002836 0.000268 0 0 0.065178 0.064571 0.047844 0.001098 0.125924 0.200681 0.048131 0.004322 0.020308 0.192842 0.241984 0.688888 0.704841 0.497685 0.436717 0.299952 0.137903 0.742993 0.490699 0.404474 0.030252 0.221693 0.133689 0.024906 0.368339 0.127157 0.463922 0.722945 0.354319 0.224664 0.587148 0.399449 0.096818 0.076953 0.148019 0.11249 0.2708 0.313 0.1607 0.139 0.034392 0.069276 0.209673 0.003736 0.1768 0.0103 0.2388 0.313804 0.076574 0.0848 0.04862
0.089693 0.187333 0.419239 0.230667 0.151038 0.523895 0.668136 0.669529 0.540233 0.298683 0.191 0.242999 0.212608 0.070244 0.368244 0.213236 0.087916 0.014784 0 0 0 0.155762 0.302085 0.014905 0.193165 0.152961 0.237218 0.065276 0.452773 0.348871 0.197955 0.470687 0.667198 0.413481 0.572718 0.31237 0.515942 0.46567 0.482703 0.481945 0.059283 0.227719 0.250227 0.253534 0.406915 0.190079 0.342349 0.237944 0.242267 0.1978 0.398247 0.47528 0.298418 0.546684 0.335396 0.053215 0.394295 0.6202 0.1842 0.1853 0.1454 0.170934 0.617844 0.5153 0.169715 0.17825 0.7406 0.207223 0 0.131356 0.1879 0.0855
0.381581 0.077089 0.417709 0.182311 0.386072 0.296779 0.32388 0.650395 0.79645 0.671392 0.485706 0.172207 0.043584 0.10479 0.26028 0.02031 0 0.025884 0.024086 0.210089 0.060697 0.000304 0.1009 0.0083 0.241095 0.412667 0.275234 0.548237 0.54999 0.638211 0.388163 0.526329 0.107076 0.296851 0.542561 0.525059 0.304819 0.404718 0.361989 0.320545 0.367492 0.144752 0.327546 0.18228 0.489457 0.321962 0.305252 0.294285 0.401033 0.662601 0.5885 0.5131 0.249161 0.366784 0.133754 0.166224 0.143933 0.263403 0.2137 0.070756 0.008 0.411562 0.351 0.07662 0.0444 0.584 0.2813 0.0345 0.0349 0.1988 0.1064 0.0498
0.337577 0.437011 0.605666 0.250192 0.240348 0.168621 0.660117 0.328571 0.314658 0.187462 0.061891 0.2788 0.255127 0.139959 0.192627 0.000645 0.001978 0.002041 0.003047 0.247914 0.518962 0.699356 0.572411 0.294526 0.3513 0.591269 0.720019 0.313387 0.310252 0.606518 0.3617 0.563653 0.803399 0.744 0.287424 0.314381 0.493978 0.605452 0.538179 0.445876 0.012965 0.127686 0.448556 0.366329 0.46686 0.3637 0.834732 0.9622 0.759212 0.371755 0.016736 0.076122 0.010929 0.0945 0.1157 0.453156 0.010538 0 0.1172 0.253426 0.252977 0.5235 0.018003 0.046127 0.034635 0.0267 0.0366 0 0.0084 0.1011 0 0
0.572918 0.604672 0.480872 0.177926 0.527977 0.216153 0.573578 0.368034 0.511103 0.647296 0.602048 0.270775 0.204597 0.33159 0.227395 0.033706 0.080002 0.005391 0.048754 0.200727 0.381989 0.722594 0.43726 0.862006 0.361417 0.160928 0.437896 0.517638 0.251983 0.29609 0.510589 0.523044 0.7335 0.6213 0.218 0.304899 0.819122 0.49252 0.380715 0.458551 0.012094 0.180485 0.365244 0.13427 0.608791 0.246074 0.506537 0.819306 0.8977 0.310938 0.402047 0.272453 0.276659 0.383552 0.385836 0.0462 0.1248 0.427 0.1409 0.0437 0.0177 0.07779 0.18724 0.178485 0.352744 0.226127 0.2015 0.0332 0.1891 0.0316 0.0383 0
0.086135 0.4659 0.085474 0.03937 0.366855 0.613529 0.591323 0.556968 0.761098 0.695756 0.430476 0.261793 0.11051 0.22644 0.000384 0.000256 0.000528 0.081122 0.390529 0.070847 0.287702 0.44952 0.585867 0.27737 0.419937 0.694757 0.452985 0.120731 0.485607 0.479745 0.239504 0.250609 0.476277 0.622817 0.218428 0.589848 0.512083 0.283046 0.349213 0.373007 0.433237 0.159259 0.310895 0.186669 0.64092 0.18519 0.457803 0.243577 0.25432 0.573857 0.372909 0.504186 0.356379 0.089046 0.0193 0.026 0.379544 0.497529 0.0822 0.019901 0.047783 0.136121 0.0049 0.107831 0.177366 0.0497 0.031792 7.8e-005 0.0707 0.0633 0.0015 0
