EnvRasters/RC_High/grain.asc
ncols         270
nrows         223
xllcorner     24099.479091542
yllcorner     21023.840179216
cellsize      1003.8986847201
NODATA_value  -9999
[rows 32 to 63 of 223, columns 72 to 143 of 270]
0.439731 0.23748 0.535992 0.569438 0.657921 0.509048 0.641597 0.456478 0.647554 0.669686 0.23776 0.491421 0.555325 0.111798 -9999 -9999 -9999 -9999 0.038135 0.320078 0.199758 -9999 0.155952 0.028483 0.0054 0.600463 0.512015 0.453319 0.530783 0.314036 0.299436 0.588705 0.357613 0.465486 0.337596 0.323997 0.029701 0.330536 0.402661 0.364782 0.213412 0.073779 0.295211 0.410707 0.3766 0.010081 0.018455 0.012834 0.233446 0.338404 0.041303 0.035278 0 0 0 0 0 0 0 0 0 0.028192 0.21051 0.082095 0.1212 0.084176 0.008348 0.0001 0.150918 0.05907 0.172222 0.391203
0.626226 0.481876 0.63092 0.519204 0.503943 0.555176 0.463607 0.527419 0.527077 0.733268 0.612915 0.327771 0.754796 0.364257 0.039655 0.192728 0.604456 0.349839 0.280939 0.520715 0.043131 0.011074 0.52658 0.479921 0.633794 0.539741 0.539661 0.644879 0.604326 0.192664 0.081823 0.255262 0.354596 0.317854 0.235963 0.106877 0.078367 0.182156 0.435567 0.484279 0.290964 0.226268 0.593245 0.36063 0.022466 0.002814 0.228667 0.23346 0.334645 0.248201 0.128274 0.018858 0 0 0 0 0 0 0 0 0.001 0.112988 0.050315 0.130256 0.237184 0.187014 0.25274 0.388218 0.012548 0.011506 0.19437 0.190329
0.525716 0.317963 0.547822 0.458063 0.440624 0.581098 0.455494 0.514844 0.548809 0.61574 0.672586 0.281497 0.34307 0.068809 0.017192 0.157244 0.318792 0.449257 0.50442 0.373006 0.170246 0.39077 0.3187 0.216938 0.38753 0.336414 0.193172 0.311438 0.272916 0.375623 0.075107 0.063841 0.352194 0.272293 0.436106 0.216218 0.262503 0.253368 0.373848 0.458353 0.323412 0.201335 0.498008 0.07875 0.191664 0.378312 0.274024 0.351432 0.379512 0.225265 0.221877 0.048743 0 0 0 0 0 0 0 0 0 0.019882 0.219722 0.204612 0.013138 0.215187 0.204051 0.148576 0.037741 0.090374 0.09492 0.12666
0.477499 0.485351 0.393395 0.509905 0.434557 0.245895 0.24763 0.594045 0.547019 0.645671 0.358512 0.52726 0.19016 0.017139 0.079408 0.070584 0.125133 0.212696 0.449759 0.336866 0.432281 0.31469 0.269986 0.459848 0.434982 0.669478 0.742023 0.576614 0.301215 0.386928 0.160326 0.263387 0.376264 0.426848 0.157358 0.384233 0.416533 0.410256 0.602734 0.330356 0.196753 0.320093 0.243749 0.451246 0.402918 0.440903 0.459188 0.341164 0.407426 0.161179 0.010042 0 0 0 0 0 0 0 0 0.114481 0.088837 0.101095 0.103626 0.155518 0.100481 0.144383 0.016036 0.202382 0.173419 0.044433 0.234915 0.061602
0.370026 0.086886 0.11567 0.308137 0.552745 0.31821 0.368518 0.531144 0.509962 0.301123 0.212998 0.410805 0.084704 0 0.007568 0.00486 0.065619 0.23686 0.372485 0.430586 0.285738 0.06516 0.502031 0.442724 0.558814 0.333077 0.322108 0.154713 0.216839 0.123298 0.487629 0.500446 0.35463 0.343059 0.298211 0.210921 0.371749 0.264434 0.420141 0.292869 0.282879 0.20689 0.130956 0.379053 0.199302 0.348378 0.511924 0.472279 0.3568 0.299656 0.0208 0 0 0 0 0 0 0 0 0.161701 0.387401 0.164478 0.216389 0.26879 0.252347 0.359164 0.241256 0.134391 0.146867 0.105564 0.2379 0.203266
0.546749 0.297782 0.194482 0.414486 0.389544 0.300625 0.470187 0.544547 0.267124 0.083887 0.226187 0.174366 0.25576 0.022837 0 0.014988 0.435183 0.168469 0.169781 0.27399 0.272021 0.26735 0.180215 0.037914 0.126175 0.529941 0.345397 0.156624 0.221731 0.303975 0.529585 0.549473 0.316181 0.388753 0.293418 0.274889 0.157383 0 0.030287 0.088569 0.111391 0.022146 0.035548 0.296741 0.251572 0.448908 0.274412 0.41295 0.344063 0.236312 0 0 0 0 0.000603 0 0.000288 0 0 0 0.12154 0.661238 0.44774 0.245637 0.136106 0.323432 0.352168 0.383066 0.199704 0.062239 0.270493 0.326991
0.376236 0.364726 0.492769 0.562596 0.565854 0.655439 0.593551 0.503805 0.616853 0.703775 0.427336 0.231429 0.083303 0 0 0.247894 0.559164 0.195842 0.422981 0.383078 0.64232 0.663531 0.533548 0.272744 0.61176 0.726229 0.438713 0.138034 0.544665 0.678517 0.635854 0.298522 0.255815 0.129426 0.457479 0.263728 0.041843 0 0.000104 0.018241 0.249566 0.246651 0.267718 0.530941 0.411374 0.528409 0.412889 0.477136 0.401224 0.019221 0 0.000112 0 0 0.003956 0 0.020488 4.2e-005 0.052286 0 1.1e-005 0.129745 0.091998 0.111341 0.292792 0.280766 0.492561 0.502321 0.351338 0.164817 0.112711 0.015907
0.088072 0.203693 0.629366 0.350009 0.473443 0.4934 0.344288 0.057803 0.234232 0.427926 0.058376 0.257172 0.005996 0.0537 0.027064 0.326233 0.308881 0.585311 0.591564 0.381432 0.311674 0.734115 0.492803 0.538744 0.584455 0.630927 0.405061 0.315469 0.317792 0.378033 0.090448 0.340674 0.215984 0.31466 0.371873 0.226488 0.084486 0.007146 0 0.06106 0.284223 0.25436 0.416105 0.367418 0.47411 0.536862 0.578032 0.568261 0.451115 0.087739 0.012634 0.000543 0.144776 0.029202 0.026991 0.065517 0.027008 0.00693 0.135532 0.008796 0.026967 0.170195 0.179746 0.176242 0.323539 0.610724 0.543614 0.579235 0.09925 0.039547 0 0.043906
0.311647 0.200474 0.446989 0.326615 0.431016 0.459518 0.507315 0.346506 0.665336 0.285418 0.056545 0.098797 0.00892 0.082674 0.232346 0.407819 0.354129 0.339419 0.182545 6e-006 0.001051 0.15127 0.178826 0.498626 0.132634 0.309669 0.279684 0.471319 0.480108 0.548178 0.231356 0.286804 0.409242 0.222838 0.214235 0.286272 0.161023 0.180651 0.120668 0.023988 0.222595 0.355484 0.300982 0.400611 0.42825 0.562358 0.703243 0.498406 0.107359 0.002479 0.016664 0.001355 0.125776 0.302031 0.089233 0.235171 0.508208 0.177637 0.150269 0.00498 0.005882 0.211976 0.179473 0.287898 0.441079 0.17557 0.115967 0.219617 0.018729 0.014475 0.091826 0.098454
0.480518 0.629916 0.449793 0.275551 0.333357 0.212686 0.590983 0.778254 0.494124 0.118025 0.227321 0.228161 0.048112 0.006358 0.388795 0.528998 0.560658 0.571651 0.416485 0.403539 0.400833 0.480849 0.397741 0.30763 0.348362 0.535171 0.292384 0.708273 0.60281 0.578156 0.307454 0.367255 0.171531 0.170752 0.236361 0.467066 0.23622 0.257793 0.086636 0.102456 0.041421 0.049445 0.253749 0.269241 0.401838 0.605556 0.52205 0.354476 0.083691 0.008233 0.005433 0 0.00758 0.110909 1.7e-005 0.216791 0.389301 0.401271 0.0407 0.071146 0.219725 0.152157 0.43456 0.37685 0.446959 0.125669 0.030614 0.0254 0.036629 0.172841 0.215486 0.061265
0.382013 0.645945 0.579942 0.399573 0.259191 0.165468 0.567087 0.535496 0.480933 0.270377 0.293856 0.132093 0.00139 0.033326 0.671284 0.677657 0.431076 0.298602 0.195683 0.555914 0.417352 0.273733 0.441511 0.40735 0.436028 0.662684 0.221668 0.520129 0.467182 0.687464 0.362368 0.368883 0.085365 0.162874 0.27697 0.227454 0.184624 0.232788 0.440975 0.502468 0.584883 0.099494 0.019614 0.040336 0.375948 0.46423 0.105645 0.221642 0.100597 0.019538 0.027653 0.106589 0.446018 0.293063 0.058084 0.315837 0.510651 0.296 0.100466 0.014087 0.046138 0.020385 0.128692 0.132612 0.277889 0.373128 0.012803 0 0.008528 0.327656 0.24368 0.444121
0.444561 0.446696 0.382723 0.421791 0.350635 0.30229 0.500544 0.309151 0.096265 0.207786 0.032373 0.000294 0.079278 0.301687 0.427185 0.425822 0.373156 0.275792 0.292183 0.540237 0.531631 0.373118 0.24265 0.329002 0.523848 0.508554 0.134166 0.028045 0.209619 0.33536 0.324572 0.334405 0.102865 6.3e-005 0.016734 0.083781 0.578667 0.459076 0.377585 0.431488 0.334904 0.044607 0.001456 0.027818 0.12903 0.08661 3.1e-005 0.012335 0.031716 0.0739 0.230685 0.247858 0.401219 0.215921 0.294543 0.300539 0.410369 0.300205 0.163258 0.008103 0.062929 0.11063 0.109791 0.298322 0.298555 0.157372 0.05402 0.046402 0.072001 0.396891 0.561695 0.572356
0.331763 0.139531 0.187302 0.721799 0.427393 0.484779 0.309895 0.007138 0.039449 0.028317 0 0.09913 0.182162 0.203285 0.258606 0.425812 0.310933 0.649927 0.412565 0.420272 0.422257 0.377948 0.390675 0.467517 0.357836 0.171468 0.039727 0.006747 0.013551 0.401229 0.394839 0.447466 0.117149 0.153712 0.011599 0.156925 0.064466 0.041846 0.141674 0.149973 0.134586 0.03593 0.006412 0.031068 0.138704 0.026272 0.012443 0.107806 0.136991 0.0351 0.116735 0.051018 0.100977 0.027565 0.312543 0.255093 0.492903 0.321655 0.348053 0.219071 0.524944 0.281746 0.315175 0.274577 0.303525 0.068524 0.043328 0.28517 0.318621 0.334533 0.414286 0.407773
0.184406 0.379775 0.15618 0.333393 0.208996 0.211907 0.221575 0.003114 0.000712 0 0.010165 0.008269 0.230177 0.338577 0.327798 0.171868 0.073856 0.208456 0.287591 0.366681 0.245001 0.460523 0.532903 0.439205 0.295249 0.186582 0.00643 0.002371 0.024677 0.101096 0.395944 0.129752 0.273927 0.143924 0.16474 0.135181 0.083529 0.03208 0.138485 0.110867 0.064323 0.144494 0.127795 0.18097 0.085607 0.207935 0.065571 0.373112 0.228328 0.070097 0.024618 0 0.04384 0.072866 0.248385 0.075312 0.185168 0.424307 0.255223 0.193179 0.278382 0.31755 0.221344 0.199386 0.105937 0.098825 0.202029 0.491349 0.315242 0.35612 0.508481 0.258567
0.155514 0.167058 0.039232 0.076861 0.125671 0.031457 0.001567 0 0 0 0.009251 0.112744 0.106094 0.291592 0.170888 0.010299 0.142595 0.157903 0.339007 0.596016 0.553659 0.246964 0.485803 0.485253 0.358176 0.221102 0.203707 0.02342 0.002936 0.03786 0.261006 0.479836 0.387945 0.386223 0.260239 0.219055 0.031082 0 0.065754 0.134232 0.08102 0.148122 0.120503 0.032147 0 0.002399 0.108287 0.417415 0.290845 0.259056 0.009988 0.00096 0 0 0.0343 0.239572 0.186461 0.486805 0.317534 0.394325 0.512763 0.287015 0.016756 0.00281 0.109072 0.252865 0.11398 0.245062 0.368671 0.286688 0.011125 0.404519
0.558484 0.363691 0.032371 0.228166 0.091558 0.051681 0.010524 0.00065 0 0 0.025472 0.153581 0.026757 0.196785 0.245105 0.187911 0.27073 0.290014 0.437761 0.277219 0.488966 0.352961 0.395238 0.71916 0.306166 0.504059 0.553449 0.050517 0.079418 0.25132 0.246421 0.221309 0.607652 0.551096 0.407646 0.498067 0.392518 0.026853 0.220178 0.230493 0.022706 0.151326 0.219387 0.062717 0.225305 0.188532 0.212981 0.12401 0.307777 0.283231 0.028853 0.006043 0 0 0 0 0 0.046049 0.120628 0.175853 0.208916 0.035369 0.004198 0.065894 0.134871 0.173763 0.163107 0.278892 0.268973 0.34877 0.244068 0.229343
0.285815 0.36019 0.520601 0.099144 0.028756 0 0.00028 4e-005 0 0 0.019173 0.009382 0.051503 0.10195 0.325043 0.37407 0.18309 0.444231 0.313913 0.194448 0.568893 0.604643 0.593801 0.633308 0.565934 0.623154 0.561494 0.402633 0.703133 0.143223 0.048212 0.045215 0.518489 0.396856 0.192712 0.274005 0.291521 0.293716 0.435247 0.227431 0.0808 0.094036 0.280766 0.432471 0.529554 0.756101 0.358421 0.068461 0.16149 0.05254 0.111696 0.077685 0.00147 0 0 0.035046 0.264729 0.000396 0.08213 0.099529 0.003778 0.009361 0.085226 0.132308 0.213739 0.171061 0.281545 0.227747 0.23956 0.361999 0.505864 0.363212
0.300104 0.161659 0.230435 0.229602 0.004532 0.002508 0 0 0 0 0 0 0.123855 0.135233 0.205633 0.23423 0.299187 0.417642 0.300839 0.266556 0.453208 0.475779 0.390533 0.630192 0.583951 0.600192 0.511526 0.262065 0.303024 0.019067 4.8e-005 0.094871 0.40498 0.338435 0.392394 0.456303 0.262593 0.312396 0.119208 0.480183 0.072238 0.196043 0.279055 0.554767 0.270318 0.389762 0.376934 0.172828 0.219303 0.027487 0.226674 0.247242 0.002646 0.003627 0.001581 0.227751 0.259528 0.129717 0.027435 0.032577 0.106584 0.128373 0.178613 0.079599 0.069614 0.096585 0.299267 0.173641 0.081018 0.375234 0.294911 0.20981
0.307125 0.297347 0.32356 0.168448 0.000769 0.001442 0 0 0 0 0 0.00476 0.032933 0.026232 0.109956 0.095589 0.295477 0.284335 0.409429 0.412174 0.373473 0.42469 0.47785 0.603707 0.34191 0.528821 0.385268 0.388828 0.198489 0.347681 0.132049 0.351411 0.375473 0.487259 0.118206 0.175592 0.276815 0.17765 0.144252 0.3958 0.072835 0.00231 0.208037 0.530455 0.285628 0.450384 0.458644 0.130514 0.559778 0.287884 0.249207 0.08493 0 0.023775 0.047977 0.0016 0.450067 0.266335 0.09946 0.008419 0.120981 0.030284 0.112961 0.018043 0.046039 0.269686 0.306711 0.114587 0.166922 0.265738 0.503423 0.063431
0.432019 0.339292 0.079706 0.010963 0.00245 3e-006 0 0 0 0 0 0.070701 0.272877 0.133882 0.029404 0.116613 0.366084 0.237396 0.416275 0.410234 0.261995 0.393462 0.31891 0.403017 0.08572 0.258374 0.094631 0.373603 0.300336 0.466469 0.461535 0.355276 0.081685 0.135117 0.101485 0.17594 0.084286 0.05749 0.044665 0.155884 0.117038 0.182788 0.163191 0.308873 0.535536 0.412609 0.368537 0.223539 0.36341 0.380873 0.417032 0.230773 0.026077 0.001 0.168203 0.303147 0.209887 0.057848 0.046275 0 0.055612 0.066327 0.000213 0.064169 0.106252 0.081864 0.20575 0.244124 0.409038 0.335349 0.257177 0.142989
0.19796 0.176875 0.240792 0.251519 0.092682 0.08651 0 0 0 0 0 0.00104 0.137476 0.047365 0.065344 0.394443 0.504013 0.200411 0.208277 0.202371 0.294795 0.281339 0.158656 0.411385 0.371013 0.192276 0.058166 0.360439 0.239721 0.578132 0.493243 0.091233 0.286172 0.042834 0.01489 0.133185 0.055271 0.099263 0.037738 0.098165 0.168459 0.410581 0.364376 0.492728 0.510756 0.179696 0.102113 0.373153 0.348255 0.482968 0.136127 0.258901 0.159612 0.112585 0.381375 0.477805 0.374097 0.063989 0.002114 0.008228 0.008121 0 0.000596 0.02593 0.172693 0.028191 0.170695 0.183315 0.235515 0.317577 0.414253 0.223979
0.104419 0.01236 0.136798 0.466599 0.08021 0.026116 7.3e-005 0 0 0.021406 0 0 0.103671 0.137826 0.078831 0.087673 0.284589 0.097869 0.18223 0.375281 0.341592 0.043578 0.0651 0.06584 0.309175 0.072604 0.13748 0.269724 0.349689 0.597952 0.169556 0.180015 0.233607 0.029904 0.0003 0.003098 0.112976 0.164784 0.21646 0.132316 0.047308 0.192896 0.386726 0.416872 0.269066 0.052477 0.208442 0.273581 0.114246 0.501815 0.171148 0.616196 0.109414 0.465738 0.574128 0.465046 0.221479 0.016165 0.076007 0.176597 0 0 0 0.03822 0.029369 0.07209 0.130204 0.269346 0.11391 0.231491 0.172982 0.433553
0.005782 0 0.031248 0.106048 0.001448 0.086238 0.008464 0.007366 0 1.6e-005 0 0 0.00253 0.20992 0.18311 0.396232 0.215161 0.315232 0.191361 0.298727 0.377125 0.212691 0.149443 0.104686 0.170637 0.097013 0.236734 0.000409 0.136901 0.452633 0.053986 0.269599 0.313718 0.32329 0.00669 0.006435 0.167547 0.13394 0.195738 0.237683 0.383169 0.264246 0.364827 0.171619 0.323899 0.391588 0.435951 0.385231 0.191829 0.400652 0.312554 0.41168 0.158318 0.418652 0.525312 0.595692 0.538243 0.484148 0.317769 0.108353 0 0 0 0.017019 0.003002 0.038337 0.003852 0.085734 0.100889 0.212212 0.279856 0.362416
0 9.1e-005 0.034404 0.299075 0.148535 0.214482 0.098435 1e-005 0 0.00258 0.007014 0.013683 0.020501 0.115059 0.222815 0.260204 0.268618 0.239841 0.045327 0.070273 0.113301 0.092111 0.05723 0.081526 0.082509 0.096833 0.145844 0.112885 0.266171 0.209521 0.432581 0.367452 0.08062 0.048834 0.242789 0.08738 0.27767 0.44295 0.416433 0.456647 0.108122 0.059001 0.149777 0.191718 0.10103 0.397118 0.543099 0.264951 0.331561 0.233487 0.162983 0.171743 0.085689 0.234653 0.484538 0.492221 0.36544 0.441901 0.109928 0.048718 0 0 0.003569 0.092586 0.119498 0.034334 0.016683 0.019012 0.005826 0.07079 0.157278 0.292236
0.074166 0.203641 0.130002 0.301883 0.263778 0.28372 0.286665 0.000516 0.004243 0.014536 0.041768 0.018682 0.069311 0.000279 0.04022 0.07668 0.263199 0.289678 0.004628 0 0.020188 0.154166 0.092621 0.067011 0.145605 0.108131 0.096921 0.111074 0.193954 0.299504 0.448209 0.18062 0.398233 0.14051 0.241153 0.358284 0.165717 0.182295 0.325231 0.386857 0.213033 0.146323 0.03767 0.188942 0.6069 0.460288 0.227855 0.248608 0.101053 0.058896 0.389921 0.527121 0.20957 0.11799 0.392785 0.418127 0.361149 0.372733 0.364956 0.093599 0 0.025089 0.24964 0.03041 0.220529 0.212528 0.200929 0.240661 0.073927 0 0 0.047518
0.348296 0.435949 0.031606 0.001516 0.415715 0.218144 0.505409 0.209364 0.180496 0.012606 0.180015 0.105085 0.22553 0.085351 0.210301 0.160635 0.17085 0.107652 0.101164 0.13578 0.123256 0.191944 0.093184 0.14113 0.091598 0.433044 0.509544 0.318768 0.388956 0.238278 0.315205 0.254676 0.243767 0.133471 0.257299 0.508366 0.1063 0.012563 0.252944 0.269421 0.180054 0.251805 0.139211 0.24533 0.339852 0.300527 0.173897 0.651445 0.367939 0.186331 0.464158 0.458276 0.367484 0.261937 0.17647 0.321799 0.5276 0.455545 0.528955 0.324448 0.05762 0.144785 0.185624 0.026409 0.140179 0.022907 0.089564 0.248198 0.274272 0.314548 0.101151 0.167325
0.349919 0.530675 0.245731 0.154468 0.261167 0.423779 0.499536 0.297028 0.172367 0.048689 0.289768 0.488362 0.426548 0.225326 0.4529 0.419439 0.15262 0.264687 0.301452 0.218163 0.223224 0.096767 0.133328 0.125733 0.105862 0.332231 0.356991 0.46806 0.284339 0.348029 0.162298 0.028786 0.149064 0.152755 0.173118 0.378649 0.312982 0.050079 0.238623 0.329081 0.321372 0.440475 0.438654 0.152227 0.572656 0.44678 0.224221 0.547736 0.563112 0.229039 0.3985 0.486086 0.380742 0.251759 0.019805 0.344304 0.44505 0.530882 0.452019 0.246583 0.187752 0.309666 0.002264 0 5.4e-005 0.10189 0.179427 0.066395 0.165039 0.160718 0.383212 0.281195
0.273976 0.42363 0.476267 0.077038 0.283136 0.365413 0.194857 0.09277 0.09886 0.107514 0.288367 0.375998 0.573381 0.076064 0.362526 0.388603 0.140631 0.16336 0.176249 0.310951 0.356671 0.143854 0.097686 0.302921 0.209118 0.210382 0.286516 0.198333 0.305647 0.357562 0.237594 0.134469 0.201905 0.169916 0.181937 0.22747 0.356039 0.256335 0.470454 0.466987 0.134041 0.543537 0.389339 0.422087 0.62365 0.508899 0.299013 0.535184 0.365224 0.27771 0.491728 0.504017 0.158054 0.107103 0.017131 0.20145 0.573668 0.204012 0.419947 0.299324 0.055418 0.152027 0.021985 0 0.096663 0.099552 0.056587 0.025885 0.094597 0.06382 0.121604 0.005528
0.720689 0.550344 0.279999 0.368505 0.561758 0.186137 0.098264 0.226732 0.265283 0.211331 0.255595 0.575334 0.503851 0.399003 0.295484 0.436898 0.340598 0.300303 0.222195 0.404353 0.330775 0.223615 0.180433 0.122009 0.187283 0.175133 0.000175 0.080418 0.364383 0.248967 0.066064 0.195844 0.197208 0.385072 0.291065 0.339427 0.390279 0.437304 0.206429 0.174747 0.017435 0.172815 0.367403 0.508742 0.405709 0.27534 0.540884 0.328056 0.50527 0.063135 0.317758 0.38346 0.546273 0.318656 0.150966 0.33513 0.286549 0.502272 0.453532 0.149296 0.235432 0.355038 0.012969 0.172489 0.348058 0.096292 0.243756 0.12294 0.247083 0.070677 0.146306 0.029043
0.313054 0.284722 0.070407 0.230147 0.135324 0.080416 0.097236 0.463978 0.185206 0.312901 0.372476 0.407427 0.315926 0.461696 0.483425 0.262173 0.268946 0.620001 0.219831 0.429764 0.090633 0.339337 0.2752 0.303087 0.153612 0.118776 0.177447 0.247327 0.262604 0.056193 0.0038 0.179644 0.202955 0.298206 0.2209 0.25702 0.418604 0.157351 0.223745 0.308853 0.189197 0.445368 0.410696 0.065199 0.089603 0.311126 0.334429 0.470991 0.196996 0.261748 0.249129 0.258156 0.603033 0.270091 0.645829 0.591032 0.486592 0.526164 0.318735 0.136072 0.425781 0.174619 0.112811 0.157465 0.446599 0.510604 0.509757 0.42539 0.075631 0.101449 0.073031 0.044436
0.475852 0.483311 0.456593 0.354484 0.139431 0.179962 0.359141 0.144477 0.136462 0.363155 0.349969 0.262636 0.336719 0.337459 0.120308 0.442449 0.297678 0.623008 0.214281 0.425474 0.203245 0.235682 0.262034 0.370938 0.134877 0.299142 0.16703 0.135091 0.205651 0.111935 0.001736 0.097926 0.190474 0.315262 0.138969 0.253515 0.372363 0.345804 0.42485 0.327413 0.425256 0.460728 0.552058 0.205448 0.21917 0.39309 0.497864 0.504592 0.311112 0.137598 0.540857 0.513798 0.639315 0.258138 0.303127 0.306569 0.192017 0.119076 0.186175 0.253068 0.201858 0.229833 0.41751 0.178177 0.239829 0.264417 0.331465 0.415782 0.099107 0.317002 0.513518 0.212044
0.617939 0.369823 0.52895 0.17986 0.478219 0.520781 0.38415 0.511781 0.663936 0.510444 0.522627 0.386806 0.097548 0.227774 0.246057 0.26354 0.56316 0.272542 0.469808 0.336389 0.10847 0.345579 0.478839 0.3071 0.106666 0.256788 0.058518 0.136655 0.127952 0.00026 0 0 0.082873 0.286392 0.025656 0.222804 0.294937 0.262255 0.22919 0.150071 0.481741 0.499387 0.5959 0.333776 0.630657 0.458643 0.391739 0.60194 0.324047 0.387336 0.05526 0.36487 0.576704 0.195837 0.198626 0.249659 0.043724 0 0.062464 0.401997 0.174748 0.395555 0.465503 0.226099 0.313031 0.425129 0.179763 0.300998 0.298252 0.403811 0.410548 0.449532
