EnvRasters/RC_High/grass.asc
ncols         270
nrows         223
xllcorner     24099.479091542
yllcorner     21023.840179216
cellsize      1003.8986847201
NODATA_value  -9999
[rows 31 to 61 of 223, columns 0 to 68 of 270]
-9999 -9999 -9999 -9999 -9999 -9999 -9999 -9999 -9999 -9999 -9999 -9999 -9999 -9999 -9999 -9999 -9999 -9999 -9999 -9999 -9999 0 0.0174 0 0 0 0.004852 0.074545 0.030652 0.026489 0.02566 0.112239 0.271772 0.2231 0.231095 0.038927 0.233115 0.2697 0.266027 0.542082 0.601966 0.483155 0.6588 0.1695 0.0679 0.007 0 0.00521 0.144723 0.187105 0.22205 0.154434 0.261083 0.169502 0.215613 0.089101 0.51054 0.267681 0.185266 0.218605 0.252742 0.133312 0.178675 0.129023 0.242123 0.366879 0.213177 0.283997 0.225139
-9999 -9999 -9999 -9999 -9999 -9999 -9999 -9999 -9999 -9999 -9999 -9999 -9999 -9999 -9999 -9999 -9999 -9999 -9999 0 0.0003 0.0572 0.050969 0.078792 0 0 0.035046 0.067462 0.014121 0.0915 0.09558 0.1861 0.644414 0.272784 0.145245 0.057964 0.269683 0.249614 0.258125 0.554358 0.586165 0.233924 0.132872 0.034 0.0011 0 0.000336 0.009083 0.02657 0.004998 0.20846 0.147107 0.168484 0.187003 0.01658 0.265643 0.327089 0.170371 0.232231 0.114059 0.06072 0.102539 0.305359 0.207395 0.149176 0.174724 0.213873 0.195788 0.161712
-9999 -9999 -9999 -9999 -9999 -9999 -9999 -9999 -9999 -9999 -9999 -9999 -9999 -9999 -9999 -9999 -9999 -9999 0.0071 0.01205 0 0.059734 0.041362 0.155463 0.115823 0.137938 0.315948 0.409721 0.213605 0.781404 0.322105 0.320886 0.254835 0.456742 0.4053 0.438342 0.210481 0.5437 0.360921 0.117807 0.145646 0.064583 0.125335 0 0 0 0 0.000349 0.007419 0.090866 0.105519 0.132545 0.106882 0.117191 0.159918 0.11576 0.0339 0.116217 0.212069 0.176359 0.053909 0.017018 0.217471 0.235823 0.113417 0.277693 0.297749 0.354071 0.077422
-9999 -9999 -9999 -9999 -9999 -9999 -9999 -9999 -9999 -9999 -9999 -9999 -9999 -9999 -9999 -9999 0 0 0.080428 0.102713 0.056248 0.261643 0.117179 0.051086 0.180332 0.192954 0.368699 0.278126 0.131889 0.332801 0.229363 0.209537 0.164144 0.475043 0.412071 0.251651 0.276078 0.115305 0.168907 0.047556 0.173945 0.06045 0.007801 0 0.0129 0 0 0.000494 0.253999 0.092519 0.039595 0.169765 0.096282 0.335689 0.191685 0.344385 0.322646 0.223584 0.300878 0.294248 0.318032 0.097594 0.078823 0.266808 0.206227 0.199389 0.128301 0.11406 0.288008
-9999 -9999 -9999 -9999 -9999 -9999 -9999 -9999 -9999 -9999 -9999 -9999 -9999 -9999 -9999 0 0.039529 0.022542 0.249758 0.163381 0.152776 0.414594 0.319399 0.218728 0.146277 0.143786 0.414512 0.376686 0.265894 0.098561 0.036955 0.148518 0.253811 0.358525 0.203018 0.161595 0.040854 0.124254 0.10246 0.018748 0.017976 0.057198 0.0037 0.0092 0 0 0.018369 0.216483 0.196734 0.332885 0.199559 0.167453 0.253542 0.406047 0.103721 0.280088 0.196338 0.169086 0.191211 0.506426 0.281246 0.245383 0.233536 0.228555 0.222951 0.243369 0.084439 0.048533 0.079861
-9999 -9999 -9999 -9999 -9999 -9999 -9999 -9999 -9999 -9999 -9999 -9999 -9999 0 0 0.018962 0.231576 0.231832 0.139935 0.245625 0.241551 0.105467 0.454674 0.242831 0.120916 0.249459 0.142742 0.253654 0.224571 0.103615 0.201904 0.141725 0.200717 0.091205 0.245797 0.111396 0.075854 0.090729 0.142676 0.083874 0.064117 0.192573 0.084186 0.075967 0.229656 0.004483 0.016453 0.341827 0.387079 0.467245 0.401634 0.257698 0.354327 0.325454 0.276022 0.276229 0.235581 0.1466 0.066366 0.273231 0.276782 0.093874 0.273543 0.281801 0.162478 0.489667 0.260621 0.137489 0.099292
-9999 -9999 -9999 -9999 -9999 -9999 -9999 -9999 -9999 -9999 -9999 0 0 0 0.160666 0.114543 0.17902 0.210917 0.221082 0.200344 0.212964 0.18506 0.235765 0.149819 0.408643 0.264009 0.193395 0.16636 0.196189 0.112203 0.250925 0.200279 0.177932 0.306784 0.064365 0.188758 0.130197 0.097816 0.159401 0.228665 0.085435 0.095752 0.074707 0.0625 0.163449 0.455337 0.104392 0.187213 0.3327 0.233069 0.341273 0.347747 0.173033 0.058461 0.4263 0.267344 0.307943 0.2798 0.319537 0.189045 0.322889 0.260804 0.346652 0.317449 0.325167 0.343988 0.28547 0.22897 0.325586
-9999 -9999 -9999 -9999 -9999 -9999 -9999 -9999 -9999 0 0.013071 0.297668 0.078947 0.037925 0.240775 0.139572 0.274883 0.265833 0.181991 0.374633 0.144419 0.315825 0.356432 0.1017 0.217466 0.225345 0.101575 0.011135 0.113381 0.216931 0.36152 0.236379 0.23042 0.142491 0.214674 0.302847 0.219617 0.212451 0.317174 0.102358 0.119846 0.096255 0.141753 0.033224 0.2697 0.334379 0.051829 0.212932 0.131321 0.303717 0.22152 0.172545 0.233277 0.187827 0.356405 0.176308 0.363403 0.348072 0.423315 0.226737 0.295252 0.1314 0.224674 0.201288 0.141829 0.317637 0.254021 0.265155 0.095722
-9999 -9999 -9999 -9999 -9999 -9999 -9999 -9999 0 0 0.041106 0.119127 0.099034 0.180525 0.398506 0.212604 0.056182 0.372846 0.100452 0.130779 0.414886 0.197696 0.047006 0.0183 0.063332 0.060271 0.007056 0.045592 0.19826 0.299841 0.483689 0.259897 0.371492 0.328711 0.224871 0.219133 0.15072 0.027729 0.0937 0.155898 0.346551 0.234664 0.170134 0.096738 0.168562 0.232682 0.002915 0.125259 0.117864 0.250759 0.296913 0.339013 0.209195 0.286916 0.453083 0.242652 0.14159 0.245442 0.231126 0.290109 0.297284 0.240167 0.460027 0.295148 0.348208 0.150361 0.105937 0.131247 0.041112
-9999 -9999 -9999 -9999 -9999 0 0 0 0.4219 0.0573 0.23641 0.00805 0.000148 0.111534 0.097299 0.136988 0.090136 0.309438 0.267497 0.130048 0.224982 0.119987 0.298269 0.24377 0.0699 0.032803 0.130126 0.15823 0.206703 0.345426 0.213973 0.196303 0.212307 0.351759 0.164382 0.156236 0.300805 0.097341 0.304749 0.224708 0.276668 0.191262 0.173461 0.21926 0.208708 0.476782 0.029608 0.204525 0.261935 0.400491 0.152259 0.143733 0.11539 0.093 0.126026 0.234882 0.311968 0.268036 0.192042 0.067658 0.308377 0.255552 0.20474 0.391597 0.434937 0.243969 0.20682 0.242954 0.094321
-9999 -9999 -9999 -9999 0 0 0 0 0.0648 0.221982 0.402783 0.194617 0.056461 0.152722 0.023495 0.187897 0.133421 0.121955 0.095977 0.139023 0.193396 0.186197 0.204955 0.138707 0.127796 0.002876 0.016276 0.133197 0.215396 0.171953 0.074089 0.062731 0.110499 0.158854 0.124761 0.16038 0.189754 0.278161 0.274081 0.131196 0.144706 0.022945 0.169515 0.232917 0.187294 0.180144 0.273064 0.393628 0.323466 0.20758 0.344222 0.335555 0.069123 0.03804 0.202542 0.150149 0.249272 0.450851 0.216321 0.212044 0.211166 0.215974 0.28578 0.419511 0.144114 0.118436 0.171557 0.418579 0.270866
-9999 -9999 0 0 0.004054 0 0.0437 0.0281 0.067419 0.24125 0.138862 0.066308 0.379493 0.037489 0.04496 0.048124 0.085125 0.048687 0.282481 0.132293 0.082571 0.417251 0.330785 0.134603 0.183703 0.077727 0.217594 0.147298 0.308684 0.135454 0.171539 0.133648 0.139795 0.260518 0.229987 0.165485 0.228881 0.185933 0.398789 0.150652 0.032655 0.198993 0.154044 0.27132 0.069053 0.089995 0.229939 0.22181 0.347037 0.231673 0.153616 0.184887 0.045801 0.082075 0.063281 0.086062 0.168142 0.271304 0.308094 0.245595 0.246958 0.107384 0.220027 0.139634 0.175705 0.3568 0.313883 0.2602 0.193747
0 0.0266 0.2369 0.0259 0.191468 0 0.046022 0.054988 0.019238 0.082621 0.072761 0.187173 0.16691 0.169857 0.253856 0.076966 0 0.1016 0.338884 0.298727 0.071113 0.21919 0.217873 0.08791 0.087211 0.099412 0.052548 0.164134 0.201048 0.133571 0.079555 0.171493 0.237717 0.128153 0.359554 0.203909 0.121995 0.178986 0.355798 0.108361 0.176525 0.236474 0.169063 0.206835 0.162924 0.21508 0.37764 0.379079 0.381557 0.096623 0.1462 0.160636 0.078277 0.210223 0.272914 0.328003 0.143243 0.166434 0.243817 0.133631 0.398608 0.245215 0.403586 0.33457 0.452289 0.309766 0.215831 0.198409 0.132201
0 0.088 0.3928 0.0161 0.120486 0.112557 0.161776 0.155208 0.051012 0.15856 0.053874 0.082966 0.032034 0.029824 0.178095 0.0972 0.0142 0.143 0.0429 0.299423 0.287859 0.221491 0.106048 0.251221 0.113666 0.222451 0.126957 0.109757 0.09466 0.188481 0.157758 0.325045 0.145412 0.127863 0.198299 0.128239 0.139967 0.23336 0.230305 0.127292 0.151193 0.242934 0.300191 0.373463 0.368345 0.062729 0.231436 0.451131 0.166193 0.076413 0.020902 0.005536 0.177903 0.141322 0.173844 0.174819 0.096805 0.147325 0.18714 0.160441 0.017885 0.062181 0.186426 0.246831 0.183689 0.363041 0.435004 0.292124 0.096827
0.2388 0.1212 0.145058 0.095094 0.216857 0.144335 0.131112 0.312349 0.037195 0.106284 0.164862 0.065009 0.096281 0.023143 0.190061 0.129291 0.06401 0.181474 0.059693 0.212551 0.4538 0.31359 0.143697 0.338873 0.089538 0.219443 0.111841 0.039931 0.070538 0.20368 0.07204 0.2414 0.207964 0.319224 0.230307 0.164606 0.178381 0.216058 0.168377 0.255178 0.197045 0.138947 0.216905 0.367846 0.170549 0.324213 0.340381 0.256878 0.34721 0.152923 0.044936 0.209217 0.121195 0.234192 0.3361 0.217793 0.007394 0.296199 0.175106 0.168629 0.14974 0.104918 0.300455 0.293546 0.279806 0.255982 0.207994 0.247357 0.197132
0.306852 0.039673 0.012213 0.065625 0.180167 0.10482 0.119875 0.080581 0.083865 0.103003 0.078097 0.106207 0.095183 0.117611 0.054981 0.263103 0.078277 0.159443 0.318306 0.289914 0.354331 0.269243 0.346846 0.322882 0.105009 0.084794 0.049141 0.169813 0.122864 0.286403 0.404392 0.277547 0.169859 0.123177 0.149259 0.071551 0.096587 0.186284 0.300795 0.175485 0.133429 0.210973 0.347282 0.256055 0.242545 0.254121 0.250147 0.320125 0.185624 0.214136 0.201508 0.393786 0.1812 0.158659 0.287561 0.089629 0.093311 0.040275 0.285566 0.275242 0.197664 0.095536 0.233849 0.201998 0.127962 0.080693 0.273986 0.446291 0.259287
0.263599 0.106895 0.030516 0.200288 0.234227 0.182679 1.4e-005 0.042763 0.068009 0.05465 0.111964 0.114585 0.025206 0.205948 0.081894 0.074688 0.105506 0.354471 0.295388 0.280794 0.133798 0.097093 0.162493 0.0885 0.090277 0.096419 0.108517 0.201412 0.190104 0.227664 0.347169 0.184279 0.026797 0.081579 0.117121 0.156768 0.093833 0.022284 0.170062 0.11129 0.239087 0.293201 0.241389 0.232351 0.308821 0.148974 0.222513 0.285839 0.279419 0.22609 0.019854 0.094159 0.336033 0.446395 0.375727 0.119109 0.035528 0.070677 0.209093 0.141963 0.10547 0.053993 0.233649 0.354286 0.116538 0.144068 0.279968 0.31328 0.229492
0.34001 0.205129 0.173051 0.061222 0.147689 0.322935 0.025639 0.12882 0.094634 0.188313 0.086423 0.054749 0.041283 0.069296 0.081859 0.114275 0.042901 0.210192 0.038462 0.226393 0.189641 0.245323 0.204085 0.136307 0.083693 0.097891 0.16576 0.136974 0.064312 0.165745 0.110508 0.201991 0.030895 0.046 0.20193 0.039292 0.090937 0.041164 0.30601 0.226985 0.266603 0.207591 0.222219 0.190432 0.277636 0.15635 0.118654 0.132948 0.291289 0.078476 0.121987 0.235051 0.158517 0.251619 0.236675 0.185998 0.300194 0.375395 0.101976 0.266912 0.248652 0.128599 0.03998 0.029038 0.204675 0.252136 0.263541 0.073477 0.185629
0.065596 0.013339 0.065565 0.038957 0.086474 0.112218 0.208081 0.16669 0.270735 0.241972 0.146106 0.091047 0.170751 0.107979 0.068844 0.284014 0.3104 0.211774 0.317491 0.192584 0.460566 0.251848 0.198638 0.199069 0.189315 0.258249 0.10611 0.188734 0.194624 0.102235 0.092752 0.128754 0.167559 0.220868 0.131818 0.198476 0.143745 0.081592 0.224591 0.294345 0.226631 0.252274 0.252302 0.14405 0.125223 0.1004 0.120139 0.131866 0.118662 0.075049 0.217692 0.289235 0.15127 0.193149 0.240783 0.286642 0.352748 0.434634 0.334499 0.275079 0.270871 0.279401 0.104459 0.0645 0.264982 0.231259 0.109696 0.279265 0.329476
0.099026 0.092399 0.035262 0.012742 0.121015 0.174021 0.118765 0.259759 0.133051 0.069912 0.230491 0.258732 0.539424 0.368731 0.058876 0.213932 0.249029 0.149635 0.116621 0.2147 0.6249 0.7319 0.513157 0.129526 0.178884 0.136585 0.120895 0.043619 0.132785 0.147399 0.105484 0.07308 0.127784 0.19091 0.106039 0.175168 0.183352 0.072654 0.166102 0.266223 0.217249 0.298623 0.216367 0.250209 0.274313 0.249188 0.116401 0.182574 0.221421 0.176863 0.302821 0.268994 0.356048 0.329329 0.1843 0.174661 0.110573 0.350632 0.256639 0.373673 0.316965 0.284465 0.253891 0.324751 0.304931 0.313272 0.181653 0.355897 0.172257
0.191735 0.046069 0.017731 0.044455 0.116104 0.164824 0.13368 0.157525 0.142789 0.20301 0.154464 0.358294 0.355782 0.487648 0.35269 0.13709 0.290355 0.231146 0.229472 0.20108 0.26068 0.66036 0.7737 0.690312 0.386744 0.132644 0.112026 0.072336 0.138377 0.179006 0.09931 0.135552 0.053069 0.262004 0.242485 0.156268 0.153478 0.233647 0.347398 0.240366 0.293276 0.202829 0.458285 0.21459 0.254826 0.077067 0.229267 0.293895 0.203616 0.282149 0.2044 0.164467 0.305599 0.440745 0.257255 0.272182 0.22795 0.147546 0.174828 0.216863 0.339224 0.248278 0.112434 0.291938 0.399303 0.428099 0.335959 0.327479 0.298795
0.17005 0.041888 0.136604 0.108891 0.176588 0.1677 0.042867 0.091916 0.3866 0.040346 0.270768 0.177206 0.319908 0.726425 0.691838 0.552564 0.47326 0.38778 0.242684 0.101468 0.076368 0.147752 0.26062 0.584347 0.642456 0.769507 0.294808 0.14095 0.131769 0.092746 0.061649 0.070442 0.065617 0.111457 0.079176 0.107515 0.213985 0.160042 0.099559 0.0698 0.209244 0.22494 0.259756 0.249665 0.05656 0.227249 0.172466 0.103726 0.158022 0.301998 0.326646 0.347507 0.288604 0.204035 0.298439 0.365332 0.273621 0.152609 0.276145 0.165532 0.244108 0.303949 0.231689 0.184858 0.263354 0.138182 0.207549 0.204492 0.184175
0.059612 0.057446 0.166015 0.11585 0.103681 0.07929 0.175019 0.208555 0.186994 0.103404 0.230353 0.118376 0.376044 0.237384 0.654331 0.8171 0.65308 0.268792 0.220006 0.2114 0.016193 0.076596 0.062624 0.178021 0.052158 0.360523 0.589082 0.428025 0.489699 0.361317 0.293001 0.106141 0.035972 0.133677 0.137108 0.155272 0.158213 0.157436 0.06592 0.012664 0.158711 0.218697 0.186011 0.152244 0.179669 0.128178 0.117678 0.107686 0.240147 0.14252 0.224589 0.19072 0.327028 0.402395 0.312591 0.386231 0.183809 0.306865 0.232168 0.178879 0.309892 0.291667 0.309001 0.429739 0.434442 0.384309 0.165112 0.056222 0.070432
0.175436 0.186083 0.122866 0.13598 0.144338 0.112606 0.189981 0.080133 0.138693 0.134319 0.025239 0.203626 0.180588 0.190424 0.075993 0.206911 0.378378 0.293873 0.44806 0.706243 0.184817 0.074265 0.090197 0.103084 0.141355 0.057019 0.1234 0.13428 0.085518 0.044801 0.116665 0.151906 0.036956 0.137701 0.097708 0.054564 0.164354 0.228592 0.083223 0.085334 0.13994 0.208388 0.246883 0.276936 0.313631 0.148292 0.126807 0.050395 0.119163 0.092097 0.117863 0.19357 0.18013 0.124254 0.525751 0.451988 0.252928 0.180882 0.205939 0.226968 0.364139 0.387358 0.265538 0.190509 0.204802 0.249628 0.136659 0.256771 0.226793
0.063503 0.093903 0.137995 0.061182 0.06589 0.142166 0.239614 0.051125 0.054716 0.117442 0.090239 0.379961 0.028999 0.212518 0.138215 0.315354 0.305333 0.324236 0.753335 0.430035 0.177983 0.113892 0.08842 0.159699 0.176897 0.13401 0.284614 0.201565 0.116778 0.138303 0.05462 0.189935 0.053401 0.048169 0.08967 0.019591 0.032355 0.104676 0.152489 0.090051 0.088263 0.254468 0.219097 0.096028 0.083167 0.205305 0.059876 0.204025 0.174512 0.28013 0.281695 0.340261 0.250221 0.285372 0.320151 0.348075 0.260412 0.220926 0.378558 0.301278 0.265566 0.358846 0.116984 0.069215 0.173995 0.179121 0.135225 0.065313 0.183048
-9999 0.016773 0.166679 0.066817 0.059226 0.256605 0.142186 0.107684 0.106221 0.034267 0.076641 0.336134 0.186355 0.264846 0.171533 0.265349 0.446017 0.5334 0.6774 0.522267 0.185083 0.207665 0.022394 0.065985 0.10515 0.263134 0.088078 0.173318 0.092912 0.135074 0.096901 0.140494 0.096355 0.153116 0.204437 0.078009 0.066531 0.065079 0.073388 0.149634 0.055753 0.137263 0.236351 0.129938 0.201882 0.150467 0.15739 0.101584 0.070131 0.138985 0.172704 0.063235 0 0.002846 0.04438 0.273394 0.360691 0.299284 0.294341 0.204237 0.24036 0.223139 0.225805 0.204373 0.097432 0.208915 0.272091 0.092555 0.138509
-9999 -9999 0.036879 0.036589 0.144004 0.104323 0.09262 0.199209 0.091269 0.060806 0.146112 0.172891 0.295514 0.210935 0.267381 0.471974 0.7428 0.5832 0.2988 0.357757 0.323894 0.117916 0.142815 0.094929 0.103024 0.144144 0.035644 0.061375 0.153719 0.065341 0.049228 0.07447 0.090389 0.095539 0.122916 0.113706 0.094312 0.069755 0.095129 0.068473 0.117978 0.127642 0.109795 0.119179 0.17886 0.077361 0.08016 0.10332 0.065096 0.143262 0.163423 0.156151 0.042289 0.193011 0.315298 0.349087 0.295604 0.339353 0.128675 0.164584 0.211314 0.120701 0.143676 0.248516 0.105456 0.329894 0.088468 0.116536 0.497076
-9999 -9999 0.043415 0.121098 0.1157 0.07311 0.198498 0.110884 0.05525 0.08327 0.09502 0.166143 0.273994 0.213605 0.363044 0.345022 0.824227 0.497802 0.1328 0.421707 0.200918 0.269567 0.200201 0.031158 0.096899 0.014259 0.010998 0.024097 0.054645 0.078627 0.00661 0.061434 0.124745 0.14905 0.053939 0.005804 0.136415 0.119028 0.040642 0.10596 0.191476 0.053669 0.081892 0.013286 0.116343 0.13186 0.109375 0.06363 0.129806 0.150787 0.089293 0.250003 0.101216 0.150083 0.408728 0.170673 0.268469 0.396722 0.244505 0.28627 0.190795 0.420959 0.133958 0.180339 0.263484 0.137607 0 0.058726 0.109195
-9999 -9999 0 0.078426 0.085214 0.166979 0.107157 0.171499 0.063556 0.153283 0.263529 0.174747 0.2943 0.300789 0.579892 0.695194 0.672444 0.432992 0.27577 0.350727 0.272254 0.230873 0.203596 0.101479 0.152214 0.153844 0.028195 0.041299 0.019682 0.129987 0.087286 0.065021 0.039334 0.057142 0.091573 0.081746 0.209475 0.01813 0.022221 0.021622 0.106658 0.107743 0.107734 0.091428 0.102987 0.075672 0.091931 0.068546 0.115472 0.332706 0.049975 0.192191 0.297873 0.36868 0.336743 0.302235 0.341789 0.303838 0.123878 0.200807 0.131463 0.24672 0.17962 0.117021 0.098509 0.023591 0.014144 0.000674 0.148973
-9999 -9999 -9999 0.010469 0.092618 0.041174 0.16095 0.074456 0.218103 0.147387 0.476047 0.658889 0.5945 0.7113 0.6121 0.7474 0.616912 0.598387 0.441687 0.051368 0.156739 0.118402 0.19581 0.07129 0.210995 0.112226 0.0248 0.006483 0.037728 0.067368 0.06783 0.054055 0.122829 0.199987 0.175736 0.202256 0.084513 0 6.8e-005 0.096586 0.098793 0.051568 0.098993 0.243807 0.127093 0.032896 0.084527 0.122911 0.095225 0.231 0.144732 0.16348 0.188726 0.162422 0.286243 0.185266 0.261083 0.341071 0.122496 0.284377 0.324675 0.291606 0.303622 0.128637 0.155592 0.022813 0.08305 0.097035 0.21369
-9999 -9999 0.001529 0.05099 0.115511 0.37068 0.442871 0.458971 0.332186 0.390089 0.227977 0.530669 0.66933 0.573292 0.263282 0.742639 0.133249 0.502472 0.369763 0.420617 0.238766 0.140358 0.103341 0.172291 0.159852 0.082043 0.064362 0.169249 0.048224 0.170614 0.053913 0.010163 0.098818 0.155509 0.035824 0.067004 0.07823 0 0 0.019553 0.06869 0.205353 0.03932 0.148545 0.043805 0.095458 0.152823 0.108157 0.103937 0.093649 0.072011 0.171066 0.097784 0.241582 0.246939 0.180705 0.173065 0.285177 0.280355 0.201678 0.158108 0.145735 0.056698 0.053827 0.061949 0.128694 0.128811 0.032129 0.046266
