EnvRasters/RC_High/grass.asc
ncols         270
nrows         223
xllcorner     24099.479091542
yllcorner     21023.840179216
cellsize      1003.8986847201
NODATA_value  -9999
[rows 31 to 61 of 223, columns 69 to 137 of 270]
0.334135 0.14878 0.134344 0.069398 0.206456 0.131393 0.193991 0.028042 0.074575 0.208962 0.223404 0.188321 0.171465 0.052649 0.039586 0.036319 0 -9999 -9999 -9999 -9999 -9999 -9999 -9999 -9999 -9999 -9999 -9999 0 0.086811 0.017531 0.038013 0.031614 0.098329 0.065843 0.092805 0.02839 0.071392 0.069456 0.16362 0.140959 0.2075 0.108516 0.107656 0.038691 0.250646 0.287863 0.161358 0.284016 0.125842 0.144505 0.227528 0.046367 0.065097 0.011108 0 0.0234 0 0 0 0 0 0 3.5e-005 0.064035 0.073641 0.010434 0 0
0.480754 0.294587 0.05161 0.099127 0.116521 0.242314 0.268272 0.227902 0.224285 0.202098 0.300091 0.218388 0.108942 0.138364 0.17658 0.190983 0.030446 -9999 -9999 -9999 -9999 0 0.081679 0.001653 -9999 0.0099 0 0 0.0229 0.014325 0.078959 0.045349 0.074644 0.145546 0.019945 0.128132 0.061829 0.139688 0.036237 0.024069 0.218603 0.222089 0.193041 0.180751 0.101576 0.325593 0.236036 0.174973 0.011187 0.073671 0.040157 0.14635 0.03936 0.04343 0.013266 0 0 0 0 0 0 0 0 0.002 0.036482 0.041777 0.014142 0.01089 0.093209
0.269745 0.170761 0.13844 0.125893 0.263124 0.15985 0.234282 0.274821 0.11076 0.264581 0.164972 0.159648 0.142562 0.228703 0.253199 0.149681 0.180663 0.037464 0.066056 0.021516 0.059755 0.181466 0.046412 0.000247 0 0.032571 0.1328 0.059918 0.171269 0.035924 0.051683 0.045847 0.18754 0.084506 0.137334 0.189037 0.065847 0.047604 0.031181 0.072415 0.148735 0.171346 0.057556 0.216174 0.215628 0.135869 0.20324 0.015006 0.000555 0.222797 0.123383 0.17204 0.103935 0.036679 0.0091 0 0 0 0 0 0 0 0 0.0038 0.0255 0.00779 0.035988 0.054014 0.092167
0.333805 0.179684 0.168709 0.212426 0.313425 0.159048 0.323651 0.383882 0.257713 0.215407 0.195222 0.166782 0.135353 0.015462 0.068582 0.086049 0.062218 0 0.013202 0.199859 0.151042 0.122275 0.12996 0.084029 0.079306 0.263413 0.208002 0.113773 0.044906 0.025848 0.086638 0.074117 0.103711 0.070767 0.046999 0.064304 0.021021 0.030881 0.012736 0.175618 0.132331 0.10783 0.108306 0.122211 0.079838 0.219699 0.180557 0.1006 0.179299 0.194117 0.281452 0.25518 0.14697 0.135006 0.007583 0 0 0 0 0 0 0 0 0 0 0.00649 0.023087 0 0.088036
0.048312 0.0649 0.232222 0.246109 0.072575 0.049161 0.251822 0.14079 0.249278 0.266592 0.181258 0.180716 0.121628 0.182789 0.122958 0.04252 0 2e-006 0.000244 0.020356 0.109157 0.137019 0.243657 0.092827 0.280083 0.336514 0.161539 0.150099 0.053876 0.133053 0.077541 0.037511 0.089119 0.453893 0.324626 0.309664 0.033263 0.024999 0.070692 0.030285 0.086958 0.203259 0.179361 0.036329 0.32473 0.144765 0.109287 0.162227 0.209267 0.269711 0.161497 0.236729 0.0856 0.0765 0.2279 0.0469 0 0 0 0 0 0 0.005444 0.005024 0.00261 0.005694 0.059477 0.075016 0.040613
0.018718 0.00714 0.102272 0.138144 0.076174 0.025994 0.13802 0.17317 0.30765 0.416231 0.192422 0.09935 0.105991 0.104921 0.069381 0.115628 0 0.000176 0.000108 0.000278 0.110783 0.351408 0.166776 0.065136 0.12374 0.106229 0.125567 0.073145 0.096117 0.072037 0.11274 0.085427 0.580047 0.388373 0.346016 0.063681 0.057413 0.104349 0.05467 0.134498 0.096574 0.169366 0.06108 0.125172 0.029029 0.021745 0.282834 0.20014 0.221874 0.105803 0.176529 0.233454 0.341359 0.042519 0.0211 0 0 0 0 0 0 0 0.007728 0.182885 0.034335 0.087269 0.063446 0.051493 0.031893
0.279065 0.159047 0.27869 0.194141 0.2117 0.0924 0.17336 0.108028 0.241978 0.067006 0.195326 0.308381 0.213606 0.183773 0.151243 0.081527 0.014065 0 0.000873 0.13206 0.113346 0.054407 0.171143 0.2637 0.35136 0.056607 0.030776 0.108813 0.136574 0.276384 0.538264 0.253417 0.300961 0.226812 0.202282 0.181489 0.042377 0.273568 0.059912 0.174508 0.0069 0.035138 0.162888 0.183684 0.005878 0.021525 0.231195 0.213914 0.312656 0.263186 0.230026 0.189119 0.066771 0.0451 0 0 0 0.011081 0 0.009216 0 0 0 0.004528 0.073921 0.047236 0.000143 0.059679 0.025252
0.023409 0.08509 0.294808 0.384969 0.084401 0.192027 0.151591 0.189774 0.127981 0.177181 0.207397 0.135908 0.05655 0.084549 0.054642 0.006945 0 0 0.119298 0.13357 0.172938 0.097173 0.310653 0.127932 0.096541 0.176172 0.0566 0.007064 0.094886 0.060511 0.0183 0.052719 0.127046 0.141246 0.273384 0.179892 0.222918 0.220533 0.282921 0.015862 0 0 0.077925 0.216167 0.095982 0.118884 0.253671 0.250071 0.229657 0.194718 0.249645 0.264968 0.027213 0.1013 0.004672 0 0 0 0 0.033048 5.2e-005 0.004668 0 0 0.012789 0.000204 0.067758 0.092972 0.145217
0.341702 0.117155 0.149887 0.080746 0.105885 0.099531 0.477886 0.327905 0.141888 0.091991 0.006282 0.132878 0.068164 0.56071 0.15879 0.000222 0.0032 0.008246 0.255271 0.310834 0.266327 0.088632 0.1237 0.0046 0.0134 0.179938 0.037728 0.016577 0.059706 0.090546 0.118519 0.214658 0.304437 0.169197 0.204903 0.126408 0.112519 0.289512 0.22393 0.207244 0.000909 0 0.031883 0.171186 0.269401 0.122289 0.294981 0.221978 0.226227 0.131801 0.221771 0.121571 0.168273 0.225464 0.013194 0.123815 0.007062 0.026419 0.033807 0.066872 0.00858 0.038137 0.032988 0.015704 0.037697 0.029549 0.002515 0.067081 0.060664
0.222578 0.275895 0.218989 0.056569 0.206248 0.107083 0.231691 0.128745 0.22308 0.139871 0.141273 0.143179 0.22424 0.825466 0.127216 0.0248 0.017226 0.238404 0.191482 0.416427 0.295614 0.166239 0.066815 0.188638 0.369274 0.199228 0.056537 0.038816 0.099188 0.103554 0.238525 0.213718 0.118218 0.171249 0.146134 0.072851 0.19682 0.063079 0.171623 0.098777 0.133402 0.034468 0.038533 0.106622 0.082003 0.291031 0.410926 0.317562 0.221317 0.142345 0.23258 0.07027 0.1825 0.350325 0.015952 0.013032 0.020359 0.031074 0.031529 0.01199 0.0095 0.020206 0.023228 0.00013 0 0.102645 0.248457 0.056368 0.020032
0.143884 0.083129 0.172756 0.204109 0.120056 0.179496 0.182457 0.217793 0.067712 0.121464 0.093815 0.141233 0.126823 0.229709 0.012456 0 0.013926 0.169454 0.06136 0.069821 0.159516 0.161891 0.041046 0.041724 0.132948 0.158837 0.098744 0.209 0.085313 0.099059 0.095283 0.168611 0.106094 0.204686 0.077428 0.107094 0.128005 0.305622 0.213846 0.076268 0.254343 0.047935 0.050329 8e-005 0.006438 0.224037 0.247651 0.300655 0.164435 0.146166 0.309449 0.011695 0.239394 0.169088 0 0.000599 0.024254 0.002784 0.016196 0.063495 0.0652 0.0669 0.167601 0.022412 0.105949 0.0613 0.102386 0.080909 0.017492
0.362308 0.132666 0.192328 0.096529 0.147264 0.207735 0.24782 0.064568 0.177886 0.188319 0.156797 0.231049 0.090526 0.132039 0.060012 0.010848 0.058681 0.127256 0.107464 0.182129 0.052592 0.026233 0.056279 0.155525 0.318518 0.11499 0.163145 0.073652 0.138039 0.285981 0.063339 0.236982 0.071606 0.121123 0.264732 0.200607 0.044656 0.069917 0.069009 0.181133 0.133746 0.295573 0.258375 0.144387 0.060702 0.06437 0.005794 0.12675 0.085575 0.178138 0.047404 0.175387 0.237081 0.075329 0 0.037853 0.031571 0.001565 0.090584 0.093347 0.066139 0.023428 0.062473 0.133295 0.000153 0.165253 0.046415 0.116662 0.166604
0.034502 0.19933 0.270441 0.090375 0.148393 0.196388 0.277628 0.091046 0.124044 0.066302 0.087349 0.062474 0.052388 0.02966 0 0.118778 0.118589 0.206914 0.173469 0.097034 0.124063 0.209097 0.15961 0.159383 0.303711 0.184423 0.261223 0.254496 0.132289 0.380331 0.135655 0.023483 0.141241 0.167593 0.23989 0.1867 0.022171 0.000138 0.047647 0.121746 0.247462 0.260916 0.099031 0.110981 0.006708 0.008044 0.0163 0.059563 0.186451 0.024707 0.026005 0.024032 0.0367 0.047582 0.017774 0.109984 0.041687 0.166123 0.060865 0.031973 0.007831 0.232636 0.026791 0.036539 0.067123 0.003676 0.007748 0.247871 0.164199
0.256509 0.18287 0.228541 0.149671 0.111949 0.198546 0.070123 0.191764 0.214551 0.04686 0.061143 0.144025 0.038062 0 0.061838 0.071813 0.182632 0.219473 0.200515 0.084661 0.043734 0.208344 0.132126 0.100041 0.31239 0.25356 0.253668 0.089483 0.0112 0.1811 0.066848 0.010889 0.082663 0.177539 0.170126 0.259708 0.062384 0.134729 0.306832 0.167904 0.23667 0.270956 0.015287 0.37274 0.178474 0.090078 0.07523 0.130828 0.0606 0.026321 0.038164 0.055661 0.3236 0.1233 0.0098 0.071024 0.021116 0.095793 0.141634 0.005901 0.087874 0.206127 0.104481 0.120104 0.116072 0.015318 0.128282 0.187016 0.0375
0.206829 0.228655 0.223798 0.055273 0.091717 0.056213 0.164471 0.208721 0.226278 0.134628 0.079951 0.020736 0 0 0.003061 0.189392 0.212075 0.172742 0.041436 0.04878 0.06685 0.121309 0.156696 0.182003 0.053344 0.098746 0.184164 0.093157 0.042639 0.0077 0.060637 0.138771 0.04903 0.208036 0.326741 0.287903 0.292432 0.505254 0.375966 0.282085 0.108628 0.030088 0.087681 0.219616 0.089493 0.068596 0.157542 0.186233 0.054314 4.3e-005 0.009046 0.041418 0.12256 0.122811 0.3108 0.0697 0.018608 0.079001 0.005348 0.010231 0.052591 0.184818 0.026843 0.159262 0.20516 0.048252 0.052319 0.009016 0.109675
0.151998 0.189326 0.192824 0.073852 0.140812 0.075021 0.282819 0.122444 0.086325 0.008484 0.0065 0 0 0.007461 0.056094 0.118937 0.140698 0.059198 0.026544 0.021366 0.152634 0.326698 0.166281 0.119187 0.13865 0.113151 0.303615 0.311836 0.229485 0.135648 0.018996 0.078438 0.058286 0.303648 0.369936 0.1896 0.148472 0.352692 0.150859 0.041281 0 0.037203 0.091968 0.050476 0.033396 0.071435 0.026039 0 0.00573 0.103644 0.161268 0.094667 0.015776 0.07409 0.0026 0 0 0.017117 0.134597 0.224334 0.232857 0.05599 0.026543 0 0.022854 0 0.000898 0.144818 0.108141
0.140177 0.13544 0.388304 0.210357 0.378774 0.318642 0.13377 0.068186 0.038 0.005 0 0 0 0.020656 0.066554 0.04087 0.054638 0.134157 0.036892 0.089921 0.108368 0.075613 0.236352 0.110034 0.097396 0.237051 0.100257 0.279156 0.208959 0.180988 0.043971 0.03837 0.359563 0.351351 0.288231 0.26946 0.242052 0.252368 0.256109 0.012222 0.14484 0.152024 0.088261 0.05652 0.124049 0.017358 0.016124 0.107601 0.042023 1.5e-005 0.050135 0.18164 0.1214 0.015729 0.0193 0 0 0 0 0 0.032294 0.039804 0.025375 0.010035 0 0.00568 0.013912 0.144738 0.12272
0.19712 0.245994 0.257634 0.429541 0.377783 0.237174 0.19978 0.025266 0 0 0 0 0 0.009433 0 0.039257 0.084197 0.191676 0.190641 0.130921 0.132484 0.121438 0.124845 0.063387 0.111273 0.115709 0.119389 0.124192 0.093293 0.163577 0.143938 0.110582 0.513213 0.190264 0.078212 0.302384 0.179997 0.106299 0.241517 0.118859 0.051924 0.170012 0.129732 0.061004 0.057331 0.028975 0.17079 0.201402 0.068368 0.023289 0.008183 0.038541 0.046247 0.014208 0.016261 0 0.0173 0.024 0.003564 0 0.002706 0.000254 0.050935 0.000117 0.0206 0.046273 0.039588 0.139431 0.172445
0.171125 0.145509 0.388901 0.443615 0.252915 0.123433 0.078494 0.443242 0.304609 0 0 0 0 0.00633 0.036609 0.122777 0.067478 0.034552 0.232458 0.104053 0.0516 0.13499 0.088318 0.221047 0.193745 0.130627 0.107309 0.200785 0.148199 0.19015 0.351405 0.397769 0.231501 0.023981 0.163654 0.245545 0.244369 0.305202 0.257953 0.178436 0.208176 0.013998 0.02679 0.027874 0.050139 0.175945 0.268687 0.164577 0.113523 0.03593 0.107469 0.057057 0.0354 0.023916 0.054335 0.000363 0.022173 0.030719 0.035658 0.078434 0.149953 0.085219 0.025257 0.02387 0.019534 0.02805 0.000701 0.01727 0.094667
0.242081 0.189779 0.198539 0.373056 0.417777 0.235126 0.134286 0.186608 0.267271 0 0 0 0 0.003 0.004234 0.129576 0.031262 0.16173 0.110819 0.118703 0.093817 0.147052 0.140227 0.164966 0.13506 0.250528 0.234322 0.347175 0.247081 0.234104 0.239997 0.115588 0.075169 0.082421 0.160657 0.344295 0.321344 0.352532 0.079373 0.104462 0.155136 0.081059 0.070826 0.018342 0.018788 0.090126 0.127057 0.072284 0.054848 0.049467 0.19275 0.041252 0.128287 0.053553 0.019982 0 0.061246 0.15978 0.00977 0.213015 0.147944 0.110063 0.038507 0.000232 0.020221 0.07259 0.047203 0.005927 0.083544
0.302316 0.202476 0.204251 0.174421 0.186378 0.158137 0.149294 0.317981 0.070794 0 0 0 0 0 0.049729 0.347653 0.289728 0.178318 0.029594 0.216294 0.11417 0.204316 0.233128 0.332198 0.105746 0.169845 0.198263 0.206987 0.097038 0.101591 0.060421 0.123548 0.320915 0.156339 0.103661 0.178113 0.13317 0.116708 0.146419 0.142034 0.092276 0.05531 0.028491 0.035803 0.02252 0.00605 0.272912 0.06076 0.134589 0.097689 0.067985 0.065231 0.212447 0.057345 0.04418 0.005225 0.002376 0.0095 0.074596 0.054772 0.142957 0.017379 0 0.012789 0.004198 0.004899 0.027382 0.094985 0.069071
0.219295 0.2413 0.220062 0.140191 0.095993 0.30942 0.329234 0.246688 0.152348 0 0 0 0 0 0.005395 0.160209 0.1356 0.06377 0.111331 0.308206 0.25743 0.042644 0.189118 0.21674 0.060365 0.100759 0.177799 0.165595 0.164961 0.000558 0.097686 0.187155 0.148921 0.193494 0.420971 0.422576 0.116223 0.068429 0.164454 0.154892 0.132393 0.022035 0.040197 0.037082 0.147016 0.135359 0.088814 0.139503 0.081988 0.099453 0.334938 0.137315 0.195968 0.073468 0.245142 0.042127 0.008671 0.233136 0.168106 0.163741 0.200003 0.028643 0.019392 0 0 0.032968 0.031582 0.065209 0.08711
0.136684 0.110758 0.265988 0.263723 0.255103 0.402465 0.070675 0.093291 0.059041 0.007154 0 0 0.004752 0 0 0.10733 0.083259 0.057846 0.167896 0.175518 0.102722 0.092611 0.065196 0.153166 0.350403 0.67867 0.645175 0.349016 0.067296 0.041646 0.069919 0.092703 0.16324 0.36021 0.231191 0.164426 0.151185 0 0.018913 0.129426 0.097866 0.110822 0.009231 0.013387 0.228151 0.222186 0.102452 0.167146 0.237695 0.188641 0.222373 0.152386 0.133294 0.215167 0.140598 0.0295 0.084681 0.05978 0.036783 0.061087 0.332783 0.493965 0.005567 0 0 0.009954 0.160804 0.040962 0.186338
0.225832 0.148447 0.185843 0.254818 0 0.116663 0.093667 0.049844 0.038154 0.004798 0 0 0.013266 0 0 0.058501 0.079203 0.097437 0.069496 0.361399 0.141412 0.228213 0.129032 0.34979 0.567762 0.53917 0.550671 0.118893 0.216622 0.270275 0.005949 0.127685 0.29968 0.347741 0.078362 0.175846 0.035517 0 0 0.086102 0.061011 0.161713 0.031234 0.102983 0.389679 0.221522 0.100595 0.04248 0.082733 0.205076 0.269324 0.171307 0.14085 0.205744 0.147147 0.059396 0.162789 0.112986 0.114892 0.125304 0.05082 0.129462 0.092064 0 0 0.000693 0.480948 0.1302 0.06228
0.100036 0.124534 0.25003 0 0.007909 0.107652 0.149026 0.10186 0.469857 0.206532 0 0 0 0 0.022189 0.001646 0.24417 0.146901 0.209083 0.112777 0.184554 0.046267 0.071958 0.315017 0.12652 0.099961 0.239085 0.222065 0.171777 0.367474 0.105271 0.097295 0.265364 0.170944 0.12288 0.089016 0.486183 0.154174 0.024621 0.216178 0.135007 0.178409 0.204826 0.191799 0.025841 0.290478 0.167504 0.053041 0.148921 0.204116 0.235182 0.06748 0.008135 0.053963 0.056277 0.011377 0.014533 0.053227 0.165962 0.170513 0.086367 0.023815 0.052759 0 0 0.007956 0.284914 0.249258 0.439859
0.259694 0.286651 0.571958 0.057163 0.099379 0.148479 0.04002 0.319622 0.1835 0.026773 0 0.090871 0.022389 0.01668 0.04374 0.025822 0.02772 0.265953 0.138031 0.261519 0.098827 0.131074 0 0.050911 0.274311 0.024622 0.08604 0.111449 0.214638 0.175302 0.226675 0.13236 0.217833 0.29469 0.145604 0.144483 0.391025 0.308435 0.258988 0.098197 0.133202 0.227818 0.203406 0.135122 0.13129 0.00726 0.19069 0.11065 0.21827 0.444778 0.299571 0.099845 0.036345 0.033917 0.286491 0.094365 0.044269 0.205858 0.288191 0.224834 0.032724 0.117393 0.022316 0 0.000697 0.038483 0 0.187278 0.327346
0.257112 0.3357 0.24843 0.167458 0.165741 0.029647 0.003494 0.322705 0.23987 0.053445 0.184684 0.406478 0.074802 0.046301 0.061105 0.146685 0.0318 0.088199 0.089765 0.230435 0.067721 0.241339 0.087867 0.097559 0.091962 0.148818 0.296435 0.152861 0.089651 0.197639 0.410713 0.207442 0.223748 0.289928 0.273579 0.221751 0.435006 0.194321 0.108705 0.038207 0.028647 0.052284 0.15224 0.152004 0.286319 0.059898 0.180402 0.330034 0.239068 0.246896 0.089291 0.166626 0.103642 0.078267 0.123004 0.289851 0.188538 0.142719 0.203948 0.208994 0.140273 0.091053 0.173655 0 0.05603 0.021523 0.044271 0.048972 0.00779
0.049566 0.110045 0.189214 0.281536 0.178933 0.209361 0.1162 0.04435 0.149104 0.076912 0.400897 0.299308 0.018118 0.075858 0.087088 0.193702 0.1226 0.2119 0.303008 0.156317 0.029053 0.169746 0.214852 0.300379 0.091398 0.055053 0.073938 0.137941 0.193407 0.312425 0.264656 0.321671 0.180502 0.08445 0.064038 0.410388 0.329738 0.216533 0.126724 0.283152 0.023325 0.168887 0.122512 0.26251 0.217974 0.197381 0.224736 0.096787 0.151155 0.422216 0.184096 0.11907 0.172277 0.068721 0.14738 0.123185 0.17483 0.271408 0.266892 0.095867 0.150928 0.167679 0.1261 0.15386 0.096579 0.035962 0.019404 0.023364 0.014073
0.065058 0.19931 0.147892 0.216261 0.125591 0.186521 0.055239 0.219019 0.23602 0.26366 0.483323 0.106962 0.076661 0.033425 0.112402 0.192292 0.17612 0.279945 0.203998 0.063763 0.194982 0.238843 0.130483 0.162929 0.251482 0.086001 0.218455 0.17601 0.219072 0.151859 0.210662 0.313663 0.261901 0.103214 0.236984 0.273941 0.112163 0.120677 0.354555 0.216308 0.112278 0.129509 0.015195 0.1037 0.181122 0.147808 0.025589 0.006217 0.198947 0.329189 0.186163 0.443276 0.367995 0.167605 0.19276 0.092379 0.252839 0.150839 0.131327 0.118392 0.311895 0.203792 0.045402 0.054351 0.047397 0.161814 0.0011 0.018617 0.026693
0.225877 0.133565 0.13634 0.009543 0.074477 0.101714 0.117888 0.216133 0.585425 0.314903 0.109716 0.13128 0.133624 0.009984 0.060806 0.17007 0.150728 0.206584 0.061105 0.053598 0.149897 0.206774 0.20242 0.135261 0.148007 0.104909 0.289119 0.250808 0.04814 0.003207 0.111935 0.281071 0.152272 0.066428 0.303406 0.012411 0.097388 0.093952 0.100895 0.24174 0.189233 0.104359 0.180859 0.042555 0.122939 0.198198 0.038178 0.292169 0.424526 0.07345 0.206217 0.135686 0.359256 0.04819 0.065275 0.047625 0.191449 0.077471 0.149252 0.151151 0.20646 0.153868 0.066738 0.057838 0.089455 0.00839 0.013884 0.094342 0.212966
0.155049 0.099237 0.1728 0.144281 0.07008 0.047696 0.215618 0.471297 0.418604 0.101574 0.163994 0.193755 0.085771 0.18787 0.11039 0.038607 0.079705 0.117934 0.12109 0.234534 0.118587 0.418585 0.186487 0.074337 0.092288 0.210807 0.150574 0.243405 0.043296 0.07834 0.239525 0.262062 0.111465 0.009834 0.154838 0.187448 0.148584 0.131705 0.136143 0.250911 0.08252 0.111945 0.265291 0.364958 0.028147 0.135518 0.102369 0.235338 0.225276 0.168021 0.247738 0.271579 0.180698 0.165352 0.06366 0.053936 0.051422 0.128547 0.091697 0.028571 0.215146 0.141284 0.069561 0.105382 0.079242 0.0636 0.018524 0.042375 0.019376
