EnvRasters/RC_High/grass.asc
ncols         270
nrows         223
xllcorner     24099.479091542
yllcorner     21023.840179216
cellsize      1003.8986847201
NODATA_value  -9999
[rows 124 to 154 of 223, columns 138 to 206 of 270]
0.048071 0.164056 0.040367 0.0681 0.359342 0.269118 0.070807 0.096453 0.11695 0.149208 0.385138 0.367427 0.176011 0.039881 0.056239 0.059677 0.153414 0.384621 0.249228 0.303628 0.148446 0.065699 0 0.005043 0.03594 0.055549 0.189641 0.014896 0.0286 0.3111 0.213 0.097928 0.459516 0.182862 0.227297 0.133607 0.283877 0.064912 0.353055 0.487201 0.156677 0.226154 0.272678 0.324159 0.201724 0.301897 0.111394 0.00643 0.325303 0.217295 0.185743 0.22194 0.312406 0.524086 0.382559 0.26311 0.2481 0.1108 0.085639 0.357555 0.52738 0.680355 0.104262 0.023897 0.278784 0.581222 0.69016 0.549 0.361
0.026784 0.116686 0.213853 0.137239 0.083175 0.101521 0.033854 0.058851 0.189989 0.193764 0.190853 0.334878 0.096155 0.182272 0.316493 0.24962 0.124468 0.232204 0.198666 0.119434 0.04279 0.006075 0.023663 0.033573 0.028938 0.263322 0.073453 0.022402 0.197699 0.3071 0.3783 0.108902 0.067032 0.329838 0.495881 0.128397 0.28994 0.161027 0.0648 0.205078 0.385425 0.373895 0.201503 0.048657 0.0245 0.068115 0.05724 0.117147 0.277271 0.390082 0.348895 0.484417 0.110685 0.0003 0.0176 0.252447 0.415364 0.558784 0.644688 0.554221 0.524828 0.1764 0.0112 0.1185 0.2544 0.513897 0.220883 0.2729 0.350178
0.001213 0.004991 0.125769 0.110587 0.105311 0.021196 0.059215 0.240432 0.028304 0.017349 0.112524 0.327163 0.168393 0.103065 0.264061 0.300561 0.151418 0.168891 0.069825 0.151515 0.036441 0.001584 0.01571 0.011155 0.063051 0.08807 0.125003 0.097166 0.338482 0.016248 0.364221 0.362641 0.296562 0.07095 0.382495 0.17319 0.293625 0.363014 0.1649 0.1502 0.417985 0.532737 0.031197 0.196057 0.135354 0.196575 0.021997 0.007173 0.301808 0.474624 0.285866 0.584777 0.328519 0.070794 0.047 0.43162 0.240454 0.307609 0.429685 0.298791 0.2096 0.0031 0.39972 0.374238 0.32 0.236534 0.3802 0.3258 0.223333
0.066948 0.017902 1e-006 0 0.116918 0.049892 0.052998 0.106973 0.183018 0.002244 0.219297 0.136462 0.127904 0.005117 0.001051 0.027289 0.322591 0.278666 0.114112 0.094315 0.101716 1.5e-005 0.052075 0.039111 0.226668 0.212966 0.167436 0.225628 0.336544 0.315264 0.4102 0.132976 0.172055 0.305184 0.375375 0.347645 0.52262 0.120704 0.119397 0.210593 0.422296 0.246267 0.286487 0.398425 0.087424 0.02159 0.008668 0.070484 0.350486 0.509543 0.178889 0.440589 0.405255 0.546947 0.415003 0.308396 0.309541 0.175937 0.443837 0.2304 0.304548 0.40369 0.322336 0.362242 0.0868 0.215984 0.229617 0.065219 0.048052
0.28169 0.082293 0.031948 0.108888 0.297324 0.067686 0.025653 0.040006 0.111902 0.026556 0.074049 0.046365 0.087571 0.128841 0.220608 0.206198 0.113834 0.204846 0.247393 0.031067 0.081047 0.035286 0.057958 0 0.053899 0.063817 0.031886 0.111258 0.198538 0.275362 0.339958 0.46049 0.084105 0.133943 0.28963 0.395727 0.254876 0.025539 0.156741 0.24499 0.404628 0.26736 0.5398 0.444951 0.32421 0.231922 0.165502 0.117861 0.273083 0.766498 0.110636 0.149237 0.007946 0.232333 0.265888 0.186479 0.226633 0.122244 0.34631 0.2336 0.114816 0.1198 0.08305 0.183095 0.215162 0.116713 0.074761 0.058775 0.237987
0.025382 0.041198 0.094964 0.267173 0.184891 0.131411 0.032845 0.074105 0.237466 0.092565 0.111141 0.228638 0.144446 0.169176 0.110642 0.153638 0.174056 0.241433 0.28188 0.034423 0.062298 0.0667 0.093253 0.162878 0.271008 0.020656 0.236208 0.082035 0.028896 0.249454 0.539049 0.332996 0.158033 0.355962 0.258566 0.143132 0.353598 0.187053 0.381243 0.322872 0.084433 0.204658 0.376465 0.234011 0.271483 0.297748 0.098234 0.253435 0.141274 0.242509 0.048463 0.056216 0.349287 0.128116 0.1674 0.092906 0.221795 0.515551 0.47329 0.629164 0.4716 0.2785 0.576293 0.234267 0.211703 0.173627 0.136127 0.0089 0.229834
0.025064 0.147165 0.200085 0.204229 0.234843 0.152344 0.244588 0.12495 0.107332 0.115543 0.051116 0.007385 0.019767 0.005551 0.021591 0.143358 0.375049 0.312148 0.201421 0.070815 0.110304 0.124473 0.141179 0.0207 0.029739 0.097019 0.159702 0.225723 0.029399 0.040265 0.310844 0.180345 0.061811 0.160398 0.32808 0.320943 0.341221 0.454342 0.207803 0.338982 0.377007 0.223583 0.227414 0.248489 0.58328 0.492049 0.136006 0.053083 0.190405 0.170072 0.393011 0.225111 0.068031 0.0257 0.20857 0.293842 0.43452 0.517266 0.419382 0.319784 0.310316 0.6202 0.406347 0.141324 0.0955 0.066 0.0172 0 0.2572
0.191646 0.017139 1.4e-005 0.181539 0.420366 0.019898 0.016543 0.135985 0.120186 0.002274 0 8e-006 0.003838 0.007647 0.130823 0.088288 0.014783 0.09341 0.219792 0.205679 0.244251 0.161884 0.040511 0.005247 0.062188 0.277405 0.29069 0.143378 0.020336 0.113421 0.323008 0.156301 0.0126 0.278328 0.174388 0.201145 0.295769 0.237027 0.28044 0.428014 0.403328 0.190329 0.257339 0.090264 0.39573 0.321588 0.245084 0.1101 0.0255 0.21481 0.11966 0.093986 0.245351 0.015406 0.442166 0.4307 0.2419 0.185144 0.286977 0.470319 0.2749 0.5427 0.178022 0 0 0.1936 0.11777 0.191947 0.59291
0.194396 0.125763 0.075277 0.36458 0.289152 0.12313 0.046024 0.203039 0.139619 0.066361 0.102053 0.099604 0.004045 0.068012 0.165286 0.11819 2e-005 0.014974 0.081162 0.048314 0.153847 0.162692 0.256376 0.011655 0.056237 0.134099 0.224579 0.19253 0.309086 0.346362 0.46895 0.145 0.145306 0.152381 0.172625 0.128389 0.316672 0.223196 0.145193 0.139195 0.107974 0.175107 0.167186 0.11459 0.109251 0.386903 0.3989 0.2113 0.0641 0.20214 0.163049 0.00392 0.0144 0.306401 0.422689 0.22 0.181197 0.082763 0.313423 0.650374 0.4111 0.40609 0.0723 0 0 0.121378 0.293072 0.271632 0.643185
0.221018 0.151639 0.075256 0.057721 0.164883 0.168768 0.088115 0.124046 0.228618 0.138163 0.157012 0.170023 0.139564 0.197022 0.190216 0.107253 0.179535 0.162719 0.000198 0.157882 0.185335 0.311076 0.400946 0.129856 0.064169 0.10369 0.127377 0.073914 0.129904 0.035741 0.0496 0.1993 0.37432 0.070035 0.554863 0.19202 0.47379 0.101573 0.22362 0.248027 0.168878 0.144212 0.21046 0.109179 0.074494 0.056269 0.3258 0.0452 0.0005 0.316209 0.265663 0.377795 0.4029 0.59284 0.420322 0.00108 0.110456 0.201494 0.441672 0.582116 0.443356 0.411483 0.291016 0.0382 0 0.206752 0.33695 0.327168 0.610804
0.108722 0.09555 1.8e-005 0.059555 0.427611 0.19246 0.044209 0.002371 0.333448 0.261946 0.139091 0.124655 0.163676 0.184614 0.245581 0.415603 0.16308 0.142589 0.14992 0.075759 0.0912 0.112266 0.242781 0.166531 0.08628 0.021062 0.039111 0.206886 0.492059 0.111998 0.0747 0.159807 0.037085 0.221574 0.33984 0.565704 0.229472 0.169425 0.113143 0.008033 0.192461 0.45362 0.292103 0.248913 0.203367 0.091039 0.0016 0.179393 0.5055 0.482079 0.486958 0.357669 0.394097 0.326329 0.0549 0.2289 0.439835 0.533472 0.371561 0.181894 0.219 0.536002 0.529 0.274901 0.04046 0.295709 0.552082 0.2787 0.493421
0.074386 0.142278 0.112311 0.105342 0.166425 0.047811 0.005381 0.01444 0.059162 0.192263 0.00667 0.023808 0.123631 0.089349 0.005189 0.202266 0.238573 0.37407 0.218595 0.095332 0.207032 0.028609 0.229496 0.115455 0.00552 0.098495 0.386408 0.48139 0.455431 0.51694 0.195553 0.604586 0.266509 0.132964 0.097687 0.132237 0.013657 0.187868 0.103828 0.065564 0.204287 0.258402 0.411409 0.568875 0.409046 0.155883 0.10958 0.371792 0.709906 0.46288 0.207431 0.523628 0.4619 0.209577 0.106938 0.263968 0.492325 0.089455 0.237328 0.066565 0.0001 0.1266 0.60966 0.32962 0.331963 0.379802 0.127132 0.343909 0.2299
0.053774 0.185818 0.229113 0.088354 0.029706 0.022601 0.007347 0.210236 0.251282 0.093681 0.065531 0.525475 0.495204 0.129293 0.230062 0.330864 0.25537 0.51284 0.161073 0.124976 0.227842 0.241243 0.307157 0.241039 0.096454 0.312628 0.099575 0.26673 0.127933 0.341688 0.412105 0.176952 0.006144 0.110616 0.016127 0.00061 0.222972 0.481489 0.385516 0.080607 0.206534 0.604161 0.072401 0.273468 0.248635 0.2138 0.03 0.0554 0.485555 0.374427 0.485585 0.5571 0.0838 0.008832 0.016632 0.035956 0.228927 0.036105 0.056202 0 0 0.0025 0.0573 0.181743 0.626367 0.388792 0.190815 0.435152 0.2579
0.084315 0.163391 0.133166 0.039258 0.055434 0.043708 0.032741 0.084505 0.054617 0.041148 0.247717 0.267934 0.120372 0.145155 0.358056 0.188078 0.164701 0.3478 0.248305 0.054351 0.041163 0.173825 0.203257 0.318321 0.209123 0.011701 0.235531 0.19589 0.368003 0.160728 0.110149 0.080807 0.061854 0.193687 0.079656 0.286082 0.185882 0.084285 0.266552 0.239354 0.217241 0.259619 0.087674 0.065745 0.163126 0 0 0.108965 0.652864 0.423431 0.435143 0.1232 0.015534 0.357579 0.436757 0.278489 0.393952 0.026136 0.233099 0.0035 0.2642 0.048 0.2277 0.070533 0.022786 0.186346 0.311044 0.0252 0.410841
0.110708 0.15282 0.163227 0.097322 0.033242 0.096467 0.007856 0.00358 0.121346 0.03769 0.083438 0.135633 0.052193 0.167965 0.035727 0.180687 0.371562 0.1488 0.1735 0.224216 0.106506 0 0.353654 0.218581 0.295438 0.061886 0.0192 0.173729 0.201702 0.205698 0.334823 0.165438 0.141535 0.573163 0.348222 0.278782 0.229228 0.418918 0.433438 0.538065 0.654131 0.265649 0.110845 0.048209 0.504752 0.146649 0.1228 0.0961 0.09629 0.290467 0.239412 0.1648 0.523754 0.511625 0.248094 0 0.22407 0 0 0.3507 0.5559 0.486 0.3306 0.26069 0.276623 0.09807 0.126739 0.202287 0.397572
0.177049 0.311012 0.210626 0.113322 0.093978 0.059469 0.025444 0.086134 0.268125 0.349459 0.314023 0.364701 0.471823 0.113767 0.1663 0.315941 0.158651 0.104681 0.278353 0.323829 0.243372 0.27271 0.315024 0.312486 0.273416 0.214655 0.090505 0.251311 0.133255 0.027966 0.214953 0.343956 0.333286 0.149817 0.055351 0.171161 0.533651 0.365187 0.179516 0.399035 0.578375 0.32446 0.215752 0.179227 0.395107 0.331351 0.254997 0.4581 0.400301 0.1496 0.1473 0.2075 0.6222 0.224064 0.062865 0 0.03217 0 0.0259 0.5235 0.371302 0.2863 0.484426 0.514472 0.1302 0.0083 0.068807 0.335985 0.0981
0.299374 0.138688 0.397765 0.246549 0.185174 0.180707 0.136416 0.158346 0.299277 0.277158 0.272933 0.127268 0.260193 0.38897 0.557417 0.544732 0.144136 0.021 0.370514 0.32566 0.257714 0.270222 0.050284 0.126083 0.006317 0.079609 0.059608 0.2616 0.122122 0.012876 0.18752 0.450759 0.615908 0.368103 0.2627 0.1921 0.515614 0.162001 0.343193 0.361498 0.349946 0.155715 0.040051 0.175082 0.472688 0.202386 0.2152 0 0.012341 0.385254 0.239786 0.2363 0.0988 0.1179 0.266801 0.349435 0.272617 0.068538 0.209 0.1506 0.221266 0.458 0.220044 0.081 0 0.215303 0.080118 0.314218 0.145195
0.430841 0.197367 0.054649 0.057114 0.09751 0.030633 0.039311 0.066162 0.478874 0.347138 0.288071 0.03663 0.248485 0.305463 0.421141 0.306793 0.435459 0.34399 0.36836 0.092125 0.336191 0.088559 0.046545 6.4e-005 0.022533 0.058116 0.149855 0.195237 0.127511 0.268504 0.1595 0.266443 0.285269 0.096492 0.214932 0.17656 0.023886 0.227351 0.121423 0.369858 0.301728 0.03418 0.002548 0.045983 0.272263 0.0548 0.0917 0.0845 0.482216 0.427317 0 0.0065 0.1087 0.102742 0.451484 0.097257 0.038584 0.102817 0.2387 0.1719 0.5679 0.145 0 0 0.1201 0.552106 0.358 0.29317 0.419074
0.342689 0.247785 0.0431 0.050597 0.006917 0.002258 0 0.084529 0.220141 0.353103 0.063638 0.002061 0.146809 0.107421 9.8e-005 0.034491 0.135517 0.088352 0.3202 0.0622 0.241168 0.016644 0.015076 0.000586 0.026994 0.161677 0.092357 0.026732 0.132893 0.265317 0.1793 0.151759 0.155321 0.088987 0.196616 0.076598 0.1055 0 0.033822 0.194835 0.458787 0.146413 0.18464 0.492183 0.289868 0.16621 0.303501 0.397755 0.206885 0.01026 0.046955 0.5529 0.289235 0.375257 0.396754 0.193015 0.101443 0.366767 0.55004 0.126784 0.0469 0.0317 0.222057 0.0442 0.1056 0.524281 0.609954 0.227032 0.140003
0.174026 0.2079 0.068721 0.0001 0 0.0799 0 0 0.275135 0.08946 0.08773 0.033786 0 0 0 0 0.067612 0.1609 0.325919 0.04594 0.096494 0.015723 0.044002 0.268493 0.134115 0.189606 0.218205 0.133278 0.0853 0.0586 0.216104 0.415067 0.098929 0.304534 0.226812 0.56054 0.293618 0.0092 0.009537 0.163624 0.40233 0.291207 0.281918 0.159491 0.232216 0.537661 0.339701 0.630481 0.652299 0.019497 0.29884 0.269817 0.375849 0.409019 0.13739 0.109597 0.284935 0.144507 0.234759 0.0453 0.0201 0.0816 0.543404 0.2697 0.303696 0.342622 0.274254 0.1238 0
0.410624 0.421648 0.4875 0.4735 0.3057 0.542 0.25877 0.164055 0.437203 0.361 0.0972 0.0933 0 0 0 0 0.0016 0.195104 0.186273 0.102495 0.23711 0.081317 0.061604 0.3749 0.368745 0.375633 0.352158 0.207524 0.269738 0.081557 0.1316 0.3264 0.0032 0.0372 0.095968 0.198346 0.130259 0.0297 0.091144 0.277786 0.433949 0.237904 0.210628 0.0292 0.277871 0.440649 0.0058 0.220584 0.585381 0.701163 0.235542 0.132217 0.038658 0.06345 0.008769 0.125004 0.162277 0.131873 0.110897 0.1435 0.1718 0.064284 0.31221 0.597384 0.094243 0.0322 0.2084 0.300468 0.2521
0.294978 0.4577 0.605894 0.725348 0.499988 0.231889 0.656884 0.255403 0.154126 0.540659 0.34154 0.173651 0.451302 0.328581 0.1839 0.075711 0.036638 0.136089 0.128958 0.049785 0.500002 0.293708 0.0518 0.1255 0.331111 0.2048 0.141227 0.1585 0.275806 0 0.045199 0.219903 0.015908 0.0401 0.1542 0.266155 0.094101 0.0276 0 0.023824 0.033322 0 0 0.0039 0.2559 0.18551 0 0.055876 0.740725 0.228363 0.268439 0.054976 0.111086 0.18792 0.132252 0.089959 0.188248 0.2261 0.4705 0.0964 0.1076 0.381661 0.642477 0.3376 0.0046 0.1157 0.3923 0.1953 0.2587
0.326845 0.4627 0.2172 0.378781 0.212586 0.386022 0.285607 0.258499 0.4206 0.245212 0.404109 0.074988 0.342431 0.577052 0.512703 0.140026 0.00144 0.093288 0.133634 0.028677 0.259445 0.473137 0.1943 0.161237 0.1524 0.2762 0.361248 0.094687 0.045357 0.0382 0.0934 0.0081 0.080898 1.6e-005 0.28826 0.23882 0.2021 0.0734 0.13111 0 0.0091 0.0445 0.071013 0.181017 0.0587 0 0 0.12549 0.272729 0.168793 0.009772 0.08088 0.131382 0.369832 0.231828 0.322531 0.513916 0.6014 0.47506 0.3168 0.373582 0.442318 0.289835 0.479104 0.230946 0.372864 0.455723 0.1621 0.4373
0.327992 0.433746 0.147441 0.256356 0.249038 0.289992 0.0933 0.2256 0.2753 0.347218 0.387653 0.507602 0.185026 0.181412 0.149868 0.15743 0.148603 0.053781 0.054037 0.044667 0.093108 0.155316 0.0846 0.458376 0.278033 0.0983 0.09441 0.130141 0.0415 0.2436 0.0495 0.027324 0.094986 0.263143 0.490804 0.522221 0.299387 0.2493 0.0914 0.0281 0.082 0.21244 0.473407 0.27141 0 0 0.0043 0.191575 0.085176 0.168964 0.014213 0.114747 0.348746 0.38921 0.394912 0.34264 0.354816 0.424015 0.249335 0.1768 0.502 0.284966 0.402297 0.392 0.306057 0.162303 0.354977 0.3169 0.371656
0.33296 0.348341 0.122365 0.250972 0.419368 0.45872 0.2207 0.1127 0.382674 0.372051 0.34082 0.514176 0.323067 0.293663 0.147924 0.249222 0.184454 0.041556 0.122782 0.079274 0.086289 0.000314 0.246152 0.514226 0.365086 0.201742 0.2149 0.3076 0.2169 0.3738 0.1556 0 0.214472 0.114815 0.2787 0.386072 0.371451 0.3597 0.391463 0.2455 0.3455 0.3948 0.2025 0.0356 0 0.4187 0.408494 0.109977 0.103314 0.161771 0.008668 0.046771 0.024642 0.190178 0.3111 0.261 0.404086 0.309887 0.143097 0.366604 0.230259 0.540784 0.689477 0.37893 0 0.0154 0.01597 0.146 0.203236
0.376974 0.331577 0.299204 0.29726 0.392922 0.14506 0.394271 0.257 0.164609 0.371155 0.252802 0.146166 0.0184 0.019636 0 0.017622 0.006701 0.227881 0.245189 0.027385 0.274677 0.145551 0.020117 0.259794 0.278958 0.114321 0.0189 0.5242 0.3741 0.1828 0.161059 0 0.006221 0.320812 0.404856 0.442545 0.400591 0.462276 0.1633 0.429412 0.596828 0.19456 0.0018 0.1362 0.5139 0.701402 0.684108 0.187622 0.202056 0.111636 0.054274 0 0.0039 0.011 0.3114 0.6801 0.405044 0.222753 0.311106 0.344014 0.693928 0.270353 0.211771 0.0652 0 0 0 0 0.30124
0.0464 0.079681 0.275551 0.588275 0.48986 0.132614 0.070884 0 0 0 0.003626 0 0 0.015535 0.202973 0.092863 0.171402 0.50205 0.092713 -9999 0.070494 0.087496 0.018382 0.139903 0.439316 0.291364 0.329586 0.304365 0.2505 0.492848 0.444064 0.18422 0 0.329338 0.637177 0.531037 0.725524 0.268065 0.0262 0.2302 0.48596 0.2829 0.183581 0.533861 0.526792 0.353137 0.24072 0.080135 0.339649 0.215642 0.4951 0.25571 0.252758 0.25324 0.616042 0.585409 0.22537 0.300775 0.180196 0.480596 0.232668 3.3e-005 0 0 0 0 0 0.005472 0.331643
0.247495 0.10963 0.471113 0.167417 0 0 0 0.0074 0.225885 0.512547 0.197044 0.315566 0.635842 0.572602 0.505093 0.196899 0.076791 0.054654 -9999 -9999 -9999 -9999 -9999 0.098553 0.592485 0.363929 0.265681 0.3865 0.2567 0.626069 0.269377 0.031464 0 0.564208 0.7091 0.8139 0.586 0.1408 0.010456 0.0516 0.5913 0.476748 0.47643 0.551835 0.367066 0.135457 0.114423 0.2329 0.2642 0.452 0.435264 0.175195 0.128771 0.45529 0.442959 0.25973 0.478639 0.1981 0.092574 0.021014 0 0 0 0 0 0 0 0.0187 0.048995
0.2107 0.179273 0.21754 0.02 0 0 0.0022 0.405412 0.373722 0.303622 0.176355 0.461121 0.393436 0.2551 0.253546 0.119979 -9999 -9999 -9999 -9999 -9999 -9999 -9999 0.007941 0.254199 0.321718 0.01269 0.0079 0.4815 0.443885 0.3953 0.4104 0.3009 0.477432 0.68431 0.4301 0.6248 0.3592 0.1103 0.2713 0.301 0.3724 0.227358 0.345034 0.627208 0.155972 0.4204 0.0997 0.084643 0.0617 0.092722 0.345338 0.135266 0.236371 0.206544 0.350827 0.107106 0.409438 0.033081 0 0 0.0281 0 0 0 0 0 0.0565 0.1495
0.436732 0.0214 0.008693 0.0415 0.12326 0.42184 0.6674 0.70627 0.279027 0.207206 0.191224 0.323103 0.229918 0.055541 0.043393 -9999 -9999 -9999 -9999 -9999 -9999 -9999 0.0001 0.180774 0.42183 0.506335 0.1848 0.2506 0.125136 0.383906 0.319659 0.496649 0.630888 0.456542 0.449775 0.275431 0.049 0.141312 0.643998 0.326689 0.543289 0.707244 0.701774 0.439754 0.5224 0.206937 0.320842 0.217913 0.245907 0.424442 0.412568 0.25569 0.184766 0.0206 0.013112 0.296743 0.285428 0.233676 0.0027 0.0062 0.0042 0.028 0 0 0 0 0 0.2374 0.4483
0.017094 0.22545 0.052 0.3026 0.463133 0.358161 0.411884 0.561358 0.345828 0.079111 0.022052 0.106769 0.018843 0.208722 0.133202 -9999 -9999 -9999 -9999 -9999 -9999 -9999 0.0205 0.655367 0.543424 0.387538 0.27635 0.411389 0.366048 0.147764 0.281204 0.1643 0.238775 0.072557 0.283059 0.466079 0.2162 0.3033 0.537665 0.3503 0.196781 0.075429 0.381019 0.600811 0.326247 0.2978 0.195917 0.014674 0.093141 0.287312 0.5888 0.542064 0.402569 0.214939 0.22042 0.155728 0.043596 0.0251 0 0.0032 0.0218 0.056 0.0047 0 0 0.001122 0.1291 0.5031 0.3573
