EnvRasters/RC_High/grass.asc
ncols         270
nrows         223
xllcorner     24099.479091542
yllcorner     21023.840179216
cellsize      1003.8986847201
NODATA_value  -9999
[rows 62 to 92 of 223, columns 138 to 206 of 270]
0.038429 0.040321 0.015022 0.062289 0.066879 0.096275 0.020573 0.17757 0.112187 0.118572 0.134396 0.023334 0.084372 0.006964 0.004525 0.070165 0.018891 0.30719 0.073596 0.052863 0.053241 0.061918 0.000172 0.003588 0.065678 0.082649 0.305867 0.232826 0.052761 0.20668 0.203498 0.153599 0.150887 0.014778 0.045214 0.018352 0.020483 0.013026 0.156166 0.000945 0.096732 0.134733 0.43757 0.261138 0.172596 0.095031 0.081754 0.064823 0.084286 0.003134 0 0.014267 0.020087 0 0.015551 0.000148 0 0.003601 0.038974 0.001386 0.035866 0.161145 0.205712 0.339025 0.05909 0.002226 0.005428 0.002058 0.000294
0.066893 0.031555 0.070981 0.153573 0.112678 0.06574 0.092893 0.178646 0.120052 0.116751 0.123034 0.096827 0.051848 0.011632 0.059544 0.041123 0.192789 0.235126 0.294772 0.172253 0.007785 0.069653 0.027049 0.378558 0.180579 0.066245 0.097415 0.080548 0.060195 0.050524 0.061953 0.090661 0.067323 0.023561 0.00282 0.027782 0.02524 0.076741 0.091766 0.066207 0.097799 0.035099 0.016641 0.042878 0.199281 0.090555 0.058274 0.01855 0.053029 0.022421 0.224247 0.070854 0.000229 0.000142 0 0 0 0 0.039546 0.033369 0.107004 0.00273 0.035892 0.042606 0.042535 0 0 0 0.006638
0.007125 0.016648 0.060709 0.182746 0.248859 0.123711 0.037021 0.073156 0.173212 0.113586 0.1126 0.044859 0.012173 0 0.14491 0.235053 0.03013 0.16794 0.181207 0.073339 0.185163 0.057058 0.085671 0.681895 0.409293 0.113434 0.152815 0.080902 0.082782 0.078572 0.019746 0.120978 0.007046 0.018686 0.013288 0.045877 0.033618 0.046659 0.246988 0.160408 0.235698 0.013309 0.067936 0.058557 0.091635 0.174752 0.039262 0.028041 0.21757 0.02916 0.183016 0.092036 0.145674 0.018574 0 0 0 0.012838 0.123439 0.071861 0.100712 0.121981 0.01531 0.143603 0.056127 0.012236 0 0 0.0191
0.047972 0.041949 0.117316 0.235012 0.045577 0.111128 0.127941 0.265179 0.049128 0.029585 0.01921 0.006366 0.005479 0.006884 0.084042 0.041133 0.024504 0.047344 0.076899 0.038918 0.081216 0.292719 0.099734 0.357934 0.155633 0.179419 0.091395 0.105963 0.14988 0.030595 0.0942 0.090571 0.007175 0.048095 0.0431 0.030831 0.036356 0.143338 0.082695 0.078129 0.409337 0.139467 0.000943 0.026126 0.023996 0.052224 0.0882 0.074856 0.058232 0.01833 0.092241 0.091169 0.05181 0.061499 0.000307 0.011583 0.00745 0.156066 0.144809 0.184108 0.073601 0.0171 0.09352 0.046266 0.017632 0.039432 0 0.0016 0.0128
0.044194 0.089798 0.280436 0.161219 0.115581 0.138881 0.245867 0.194226 0.162617 0.009348 0.094057 0.013503 0.000583 0.00338 0 0.02616 0.103333 0.014857 0.047812 0.02622 0.096649 0.06806 0.018186 0.023761 0.118995 0.059401 0.061552 0.036283 0.085608 0.031571 0.028915 0.150341 0.054357 0.114119 0.158061 0.178002 0.0969 0.037384 0.08546 0.064281 0.237145 0.100506 0.011456 0.035606 0.006262 0.022199 0.016816 0.00208 0.058539 0.081897 0.179223 0.226374 0.198022 0.264645 0.093629 0.018034 0.169394 0.31309 0.244927 0.148728 0.101528 0.171925 0.266833 0.178452 0.046144 0.0019 0.046912 0.005544 0.139689
0.035072 0.037005 0.103733 0.17799 0.03956 0.101963 0.099269 0.038156 0.0081 0.045537 0.002516 0.000163 0 0 0.026779 0.000864 0.078548 0.082278 0.014897 0.058447 0.037204 0.056377 0.009156 0.046255 0.180662 0.083059 0.041373 0.122191 0.161275 0.114522 0.057888 0.031017 0.016382 0.160821 0.022046 0.19291 0.105773 0.141111 0.054216 0.128524 0.245208 0.183142 0.046794 0.067658 0.108824 0.013465 0.053024 0.063203 0.123692 0.06486 0.272368 0.200121 0.175684 0.045953 0.123479 0.218156 0.045263 0.217929 0.121803 0.116201 0.028568 0.011017 0.277151 0.146022 0.040211 0.044823 0.226101 0.040941 0.136363
0.012022 0.053361 0.04215 0.116595 0.027516 0.037968 0.004172 0.107114 0.096547 9.8e-005 0 0 0.000207 0.03376 0.033758 0.06123 0.019857 0.088013 0.083542 0.043919 0.029205 0.065902 0.048354 0.045268 0.067718 0.043218 0.034737 0.171915 0.167293 0.018698 0.082253 0.146193 0.012665 0.104457 0.089874 0.030809 0.095977 0.001589 0.044532 0.136766 0.466385 0.307164 0.149194 0.084302 0.052991 0.04593 0.016472 0.057439 0.072091 0.004937 0.032734 0.085771 0.212293 0.122325 0.135586 0.193621 0.135592 0.183894 0.285644 0.067626 0.156947 0.218861 0.150405 0.160915 0.019498 0.219149 0.205476 0.066375 0.08878
0.070382 0.167601 0.085411 0.009441 0.020479 0.049485 0.008642 0.02277 0.031569 0.012271 0.0008 0 9.6e-005 0.007862 0.038033 0.057119 0.015557 0.094933 0.055187 0.077545 0.19882 0.193804 0.106239 0.04189 0.176413 0.06489 0.107048 0.11858 0.14296 0.049819 0.038486 0.093019 0.080043 0.123431 0.049002 0.042323 0.055309 0.042044 0.103579 0.165014 0.4289 0.329677 0.076637 0.049496 0.065777 0.105604 0.057447 0.003834 0.010343 0.013801 0.337148 0.058372 0.083001 0.222189 0.155511 0.123362 0.115253 0.358451 0.200761 0.190923 0.16425 0.036254 0.000525 0.020799 0.277251 0.116923 0.115074 0.060809 0.04794
0.008489 0.252948 0.16776 0.030167 0.04958 0.10123 0.140105 0.023757 0.01497 0.000238 0 0 0.00012 0.010782 0.048988 0.065991 0.063488 0.117621 0.050867 0.018717 0.06107 0.056679 0.113546 0.072601 0.077081 0.086944 0.115508 0.030984 0.101665 0.103843 0.190122 0.278625 0.269878 0.057802 0.042767 0.067496 0.057664 0.024165 0.144483 0.270402 0.30244 0.290596 0.2466 0.078062 0.035112 0.040807 0.009831 0.000541 0.00395 0.032996 0.130146 0.216595 0.078155 0.092814 0.10757 0.162845 0.218002 0.260093 0.233699 0.235073 0.218599 0.08042 0.053893 0.253514 0.214907 0.170729 0.153033 0.004711 0.083934
0.00024 0.040655 0.067692 0.073756 0.096775 0.089549 0.264642 0.070346 0.034612 0.003022 0 0.018006 0.008532 0.145746 0.116276 0.08811 0.10077 0.041859 0.082309 0.076063 0.076385 0.002945 0.072312 0.123472 0.136136 0.114677 0.024393 0.059288 0.134257 0.133372 0.23614 0.032016 0.059539 0.02767 0.060617 0.103638 0.088296 0.052968 0.173954 0.255675 0.124428 0.195827 0.097698 0.061332 0.151199 0.020707 0.000137 0.013411 0.03196 0.175291 0.0552 0.097471 0.049986 0.155707 0.055196 0.115248 0.167107 0.204088 0.099372 0.065809 0.36537 0.052497 0.094235 0.234759 0.510046 0.116625 0.052992 0.001365 0.005901
0.024461 0.067623 0.005455 0.00755 0.068768 0.11842 0.092375 0.151413 0.067556 0.001346 0 0.021571 0.053995 0.03575 0.006465 0.219102 0.062647 0.009575 0.211911 0.11164 0.131446 0.059711 0.081724 0.152915 0.069612 0.100917 0.227851 0.245125 0.149689 0.374735 0.020373 0.026443 0.229511 0.044357 0.268093 0.190564 0.159815 0.152919 0.185345 0.318243 0.197759 0.215027 0.151642 0.037832 0.074256 0.026223 0.067326 0.026045 0.032124 0.062849 0.073518 0.160598 0.113366 0.164073 0.174031 0.09328 0.015677 0.068867 0.021192 0.063146 0.112888 0.250185 0.19398 0.066402 0.114085 0.143258 0.046316 0.104756 0.030248
0.0017 0.010168 0.029571 0.08325 0.058313 0.028427 0.097209 0.166429 0.19651 0 0.030893 0.047099 0.015106 0.127451 0.023274 0.204253 0.048073 0.096738 0.03355 0.032916 0.022703 0.067956 0.232111 0.045673 0.223306 0.214871 0.331569 0.386518 0.214677 0.080843 0.03345 0.166599 0.083964 0.223528 0.062742 0.042238 0.168606 0.195449 0.182274 0.529834 0.043062 0.018545 0.232436 0.092025 0.085957 0.202793 0.035969 0.121678 0.026176 0.030682 0.083749 0.052744 0.037738 0.087119 0.151438 0.175117 0.078363 0.270246 0.04688 0.018228 0.02621 0.149889 0.036517 0.041514 0.137157 0.05718 0.061801 0.228974 0.261917
0.064527 0.053941 0.027718 0.009096 0.00648 0.005302 0.159623 0.294544 0.035627 0 0.00909 0.075072 0.076425 0.029088 0.050855 0.069591 0.078721 0.086834 0.111296 0.013664 0.057052 0.129826 0.053759 0.348278 0.180348 0.175413 0.155928 0.064641 0.095515 0.095202 0.02469 0.138356 0.064836 0.07251 0.046759 0.173728 0.305507 0.167026 0.411442 0.433071 0.105911 0.309386 0.187167 0.05115 0.116777 0.045744 0.019026 0.013711 0.01708 0.001661 0.071219 0.190071 0.067753 0.130374 0.007556 0.048981 0.240123 0.089686 0.088469 0.02187 0.316085 0.155878 0.022371 0.093666 0.043607 0.022408 0.1048 0.191614 0.344393
0.027549 0.146474 0.087386 0.002552 0.004438 0.067011 0.421762 0.086155 0.023628 0 0.010728 0.044188 0.017944 0.026934 0.082096 0.019505 0.020322 0.06769 0.059768 0.115746 0.149947 0.111379 0.006342 0.174394 0.02263 0.017715 0.114015 0.02502 0.094855 0.069585 0.096276 0.130773 0.119279 0.304552 0.382552 0.27586 0.154161 0.161071 0.268422 0.056613 0.226186 0.318517 0.18416 0.019119 0.086598 0.170142 0.033256 0.009219 0.063928 0.050229 0.027709 5.7e-005 0.116896 0.082548 0.063353 0.114294 0.095849 0.269412 0.236968 0.150373 0.30328 0.197287 0.013047 0.058355 0.069868 0.062768 0.06778 0.037802 0.072833
0.013875 0.0278 0.053043 0.179931 0.028241 0.064064 0.260075 0.05565 0.041453 0.050941 0.167068 0.024638 0.037799 0.062342 0.030277 0.056002 0.124876 0.07057 0.110392 0.095638 0.054125 0.008978 0.104154 0.040184 0.094948 0.016267 0.091418 0.106648 0.057208 0.046054 0.106012 0.237389 0.7907 0.485221 0.206723 0.090637 0.285774 0.116039 0.365536 0.169413 0.130176 0.116827 0.01403 0.233804 0 0.038103 0.017395 0.01291 0.030193 0.030987 0.014721 0.143169 0.031674 0.015042 0.025673 0.112746 0.147592 0.163417 0.363827 0.166726 0.230192 0.13072 0.037637 0.167885 0.095297 0.019859 0.018684 0.002726 0.050503
0.056318 0.123184 0.120688 0.087569 0.223755 0.162615 0.338095 0.05307 0.102206 0.075077 0.026616 0.180651 0.016117 0.002045 0.06271 0.026613 0.050992 0.124793 0.197994 0.013423 0.0863 0.026402 0.00372 0.02087 0.083691 0.055366 0.005103 0.000784 0.001913 0.039155 0.295936 0.404213 0.152962 0.135326 0.202893 0.109019 0.074639 0.163925 0.310695 0.044931 0.019428 0.006616 0.045846 0.166187 5.1e-005 0 0.002962 0.025069 0.038942 0.018464 0.005812 0.010831 0.066395 0.038214 0.098745 0.114016 0.192545 0.091688 0.074483 0.066419 0.281402 0.093096 0.213231 0.194135 0.127757 0.014515 0.049008 0.044916 0.014873
0.045945 0.030594 0.095786 0.075385 0.081045 0.209106 0.200529 0.082323 0.089993 0.1637 0 0.017484 0 0.000235 0.040737 0.092903 0.03959 0.041948 0.040912 0.053623 0.257526 0.014058 0.046485 0.088293 0.091705 0.059722 0.002136 0 0.031946 0.069647 0.090588 0.036922 0.034726 0.072355 0.083383 0.018287 0.128914 0.150779 0.18105 0.028394 0.015682 0.019779 0.120977 0.06107 0.001576 0.00028 0.003329 0.024797 0.010653 0.035662 0.063282 0.019851 0.107256 0.070655 0.154389 0.149099 0.119761 0.089256 0.084892 0.158656 0.249447 0.165066 0.169144 0.128112 0.03864 0.038925 0.050321 0.045562 0.017389
0.009492 0.030335 0.076601 0.090105 0.002795 0.109718 0.178856 0.010672 0.008712 0 0 0 0.002062 0.000725 0.011766 0.039162 0.060678 0.04583 0.053148 0.087744 0.064919 0.084406 0.149182 0.054938 0.066193 0.011252 0.010851 0.008788 0.002266 0.042923 0.139424 0.034442 0.065611 0.031212 0.078019 0.038466 0.12966 0.013663 0.064241 0.024066 0.000539 0.087644 0.040923 0.051245 0.088933 0.004548 0.017281 0.080946 0.005757 0.000362 0.009745 0.050236 0.007029 0.30504 0.246982 0.142591 0.231378 0.122868 0.065269 0.136592 0.295384 0.218546 0.24733 0.124403 0.120235 0.056207 0.159087 0.177119 0.083374
0.106532 0.078396 0.038261 0.045155 0.17081 0.271783 0.189767 0.051752 0.034213 0.062458 0.001278 0.0192 0.011399 0.070394 0.027525 0.009897 0.003328 0.009468 0.002677 0.074981 0.132311 0.068427 0.054678 0.028099 0.011007 0.079996 0.126267 0.042659 0.073817 0.048205 0.217697 0.013067 0.01987 0.086209 0.068289 0.050467 0.007649 0.010969 6e-006 0.007888 0.104698 0.103559 0.011666 0.014722 0.104573 0.036555 0.022311 0.01285 8.1e-005 0.005109 0.194743 0.110021 0.034172 0.067208 0.120793 0.137258 0.167328 0.017437 0.177151 0.092584 0.219209 0.195864 0.056013 0.101964 0.038884 0.007139 0.140374 0.031808 0.051898
0.116965 0.036655 0.198557 0.030955 0.106986 0.165956 0.438166 0.037649 0.209891 0.040014 0.006348 0.030139 0.073158 0.098599 0.001628 0.121473 0.142123 0.138478 0.001187 0.105196 0.021053 0.144943 0.043973 0.021588 0.031791 0.230536 0.04187 0.094884 0.035823 0.056851 0.049728 0.017435 0.244645 0.011388 8.8e-005 0.000209 0.121701 0.03641 0.003271 0.013919 0.08758 0.02756 0.00611 0.042443 0.149595 0.0028 0.018718 0.000186 0.010006 0.037034 0.057743 0.118416 0.141505 0.106863 0.077351 0.082982 0.141025 0.053619 0.013184 0.065322 0.110254 0.044971 0.059948 0.085695 0.003344 0.258141 0.243734 0.39831 0.160532
0.086458 0.039933 0.090064 0.099376 0.464798 0.381311 0.364084 0.000959 0.0021 0.003345 0.060347 0.085858 0.035285 0.127648 0.029847 0.016377 0.100534 0.053377 0.00309 0.141037 0.066262 0.205251 0.177006 0.046483 0.015799 0.076598 0.008077 0.018686 0.038973 0.011131 0.021748 0.045229 0.030028 0.113083 0.028382 0.009409 0.077045 0.073964 0.092848 0.005226 0.011667 0.139855 0.007213 0.001252 0.109471 0 0.001076 4e-006 0.034096 0.04327 0.095171 0.097678 0.066664 0.08426 0.116782 0.020781 0.155568 0.29929 0.056539 0.058773 0.179155 0.007876 0.039236 0.158804 0.038769 0.064485 0.13275 0.103592 0.109911
0.092831 0.13807 0.067023 0.04746 0.527615 0.112871 0.164559 0.009114 0 0.070897 0.120271 0.001751 0.038379 0.136406 0.0014 0.041101 0.044306 0.032252 0.02902 0.155782 0.012498 0.035935 0.00091 0.040094 0.053597 0.007354 0.043352 0.050029 0.071944 0 0.000246 0.011156 0.033271 0.012216 0.08615 0.007804 0.0019 0.04465 0.103209 0.028998 0.001824 0.008819 0.042354 0.006161 0.002077 0.00031 0.011655 0 0.004564 0.020815 0.123442 0.004225 0.120115 0.018877 0.137913 0.146751 0.018942 0.376161 0.110663 0.013397 0.023106 0.001103 0.251887 0.055627 0.15608 0.140836 0.05169 0.167035 0.019714
0.054317 0.096245 0.042251 0.024769 0.126839 0.066655 0.041678 3.2e-005 0.018139 0.054003 0.071093 0.166412 0.052989 0.211892 0.074051 0.167053 0.000715 0.030262 0.037475 0.00631 0.163631 0.062354 0.03194 0.011926 0.000544 0.015679 0.138847 0.056867 0.003429 0 0 0.000835 0.010828 0.012797 0.113611 0.04586 0.018994 0.000118 0.00404 0.00173 0.06559 0.005025 0 0.044941 0.085749 0 0.000344 0.000117 0.036191 0.077781 0.073278 0.03067 0.062802 0.054246 0.13723 0.154304 0 0.015951 0.012693 0.004378 0.035442 0.123573 0.197673 0.182224 0.086224 0.07561 0.121046 0.041244 0.008798
0.10621 0.08173 0.457297 0.099779 0.171209 0.070325 0.08164 0.069519 0.019568 0.031561 0.077985 0.115909 0.048988 0.004893 0.035016 0.021905 0.002983 0.042524 0.041865 0.081095 0.067498 0.27956 0.096906 0.062111 0.21792 0.296065 0.014343 0.011724 0 0.001155 0.009773 0.039985 0.221854 0.002776 0.000721 0.002895 0.073305 0.014029 0.001083 0.001753 0.029173 0.037369 1e-006 0.002251 0.088036 0.005044 0.00704 0.005356 0.04144 0.078991 0.021787 0.040245 0.059899 0.200665 0.009961 0.00284 0.005561 0.00218 0.004494 0.063456 0.074328 0.239566 0.228994 0.19471 0.021762 0.072308 0.100598 0.093944 0
0.121256 0.155337 0.139796 0.00503 0.000866 0.017987 0.20737 0.028734 0.003569 0.080371 0.029071 0.069038 0.058136 0 0.047535 0.055324 0.056522 0.147019 0.131348 0.005829 0.061355 0.037569 0.030243 0.175458 0.121253 0.195636 0.000827 0.073684 0.05777 0.123268 0.055866 0.089063 0.039574 0.084133 0.007581 0.018184 0.136168 0.029528 0.010961 0.051368 0 0.029572 0.019536 0 0.020508 0.059998 0.011767 0.074641 0.050622 0.11663 7e-006 0.043213 0.125162 0.000353 0.000147 0.019929 0.073174 0.197776 0.21325 0.132295 0.129954 0.087756 0.00889 0.002514 0.117413 0.000471 0.006177 0.080576 0.014503
0.008674 0.027256 0.138813 0.027761 0 0.009556 0.02839 0 0.004279 0.011725 0.020515 0.058466 0.069088 0.116337 0.132008 0.078161 0.019708 0.213626 0.131121 0.20232 0.116749 0.163634 0.01603 0.048495 0.016392 0.065524 0.04349 0.090612 0.036015 0.226426 0.034794 0.022153 0.023282 0.008588 0 0.075881 0.187746 0.025666 0.083856 0.110499 0.06644 0.074939 0.063991 0.001122 0.012269 0.003546 0.006049 0.001894 0.033647 0.03411 0.001246 0.000674 0.000378 0.017169 0.054185 0.182595 0.057228 0.183592 0.096532 0.16612 0.008798 0.040119 0.026872 0.003137 0.257247 0.014439 0 0.148558 0.256885
0 0.000878 0.029135 0.041511 0.000294 0.01344 0.002154 0.022777 0.025598 0.031269 0.067214 0.058541 0.127162 0.0259 0.061569 0 0.057478 0.039794 0.012472 0.259548 0.035582 0.071056 0.057222 0.063658 0.043686 0.209012 0.125217 0.039489 0.07015 0.038243 0.00375 0.109884 0.033605 0.003624 0.058054 0.000503 0.001072 0.012297 0.011593 0.002178 0.031944 0.037089 0.062232 0.006525 0.009403 0.029567 0.007414 0.01578 0.010482 0.000443 0.019843 0.071515 0.026747 0.057861 0.222941 0.143076 0.049548 0.006841 0.032538 0.224945 0.149377 0.025944 0.209305 0.033719 0.108014 0.016356 0.001287 0 0.18378
0.003473 0.041042 0.019833 0.054475 0.024126 0 0.06154 0.036699 0.025277 0.033915 0.058481 0.121372 0.022365 0.117065 0.015163 0.01058 0.30375 0.00876 0.023345 0.191703 0.248383 0.252135 0.035721 0.088521 0.099541 0.038318 0.030516 0.065289 0.213426 0.173003 0.010356 0.035276 0.0161 0.082431 0.104064 0.021972 0 0.000484 0.00076 0.001254 0.000912 0.00136 0.168165 0.033276 0.096509 0.025637 0.017047 0.021198 0.229268 0.084139 0.187453 0.087767 0.030913 0.007462 0.084106 0.010878 0 0.023859 0.023876 0.042941 0.065633 0.131641 0.111897 0.177454 0.060136 0.220375 0.055862 0.037587 0.132949
0.115311 0.1268 0.000219 0.08882 0.011286 0.04901 0.040781 0.05364 0.093824 0.215644 0.1514 0.034155 0.043641 0.112733 0.034773 0.201973 0.062029 0.022654 0.012917 0.075171 0.147343 0.051312 0.028139 0.183839 0.073238 0.007237 0.083992 0.072343 0.047206 0.011865 0.020081 0.063559 0.033845 0.174902 0.06908 0.00416 0.001235 0.079552 0.023171 0.108216 0.203678 0.245817 0.035912 0.156729 0.130503 0.021166 0.048427 0.208702 0.083881 0.006692 0.041356 0.037156 0.046346 0.170583 0.17129 0.194126 0.060806 0.025904 0.019839 0.042093 0.083089 0.013442 0.026597 0.115222 0.179493 0.051237 0.173351 0.190172 0.115936
0.106939 0.00243 0.001544 0.020948 0.115802 0.050512 0.037556 0.149631 0.145237 0.160398 0.00357 0.022551 0.072408 0.072813 0.026104 0.015361 0.069849 0.132872 0.116693 0.050187 0.13308 0.077616 0.00208 0.105371 0.099358 0.103025 0.154742 0.039134 0.015703 0.017374 0.011071 0.051787 0.098565 0.183783 0.118665 0.026608 0.020638 0.044981 0.032092 0.035757 0.103942 0.003953 0.065192 0.183126 0.035741 0.152995 0.029142 0.087176 0.212597 0.002088 0.046302 0.141674 0.08384 0.025725 0.009118 0.098917 0.180261 0.128729 0.35038 0.004148 0.027253 0.162418 0.002414 0.010082 0.009363 0.00129 0.049419 0.032988 0.145096
0.111515 0.012109 0.002882 6.4e-005 0.080134 0.052557 0.095895 0.285393 0.034038 0.071339 0.011509 0.054904 0.251336 0.050996 0.289176 0.311648 0.176066 0.072893 0.189359 0.105048 0.125211 0.080216 0.036654 0.0026 0.03473 0.062909 0.000334 0.025469 0.040644 0.009119 0.032343 0.00237 0.089296 0.023946 0 0.01504 0.050613 0.01365 0.138385 0.025695 0.038851 0.060458 0.017325 0.12573 0.018434 0.104915 0.156708 0.166366 0.096531 0.022579 0.156794 0.048446 0.060055 0.183247 0.06604 0.085638 0.234535 0.23377 0.175921 0.176558 0.075241 0.212936 0.252255 0.040018 0.051863 0.008786 0.044488 0.013517 0.064962
