EnvRasters/RC_High/infrstr.asc
ncols         270
nrows         223
xllcorner     24099.479091542
yllcorner     21023.840179216
cellsize      1003.8986847201
NODATA_value  -9999
[rows 60 to 89 of 223, columns 0 to 67 of 270]
-9999 -9999 -9999 0 0 0.005001117 0 0 0 0.03985991 0 0.03398316 0.02026031 0.005546405 0.009964978 0.01241574 0.009964978 0.01992996 0.009964978 0.02989493 0.01127068 0.01908707 0 0 0 0 0 0 0 0.01992996 0 0.01203838 0.03957206 0.03762634 0.01992996 0.0271669 0.08155534 0.1176345 0.1367806 0.02651532 0.009964978 0.04324777 0.06636699 0 0 0 0.009964978 0 0.009964978 0 0.08264772 0.02374681 0.009964978 0 0.009964978 0.02989493 0 0.0180352 0.0203644 0.02139027 0 0 0.03948679 0.04040733 0 0.02989493 0.03985991 0.02989493
-9999 -9999 0 0.001939875 0.01799008 0.004963862 0 0 0 0.02366977 0.03612011 0.009964978 0 0.005139286 0.02475565 0.007514221 0.009964978 0 0 0.03673006 0.01178913 0.009964978 0 0 0 0 0.008991436 0.01031282 0.03985991 0 0 0.01050018 0.03755395 0.02216353 0 0.01269301 0.08380723 0.1487139 0.1761042 0.04982489 0.02989493 0.05546875 0.009964978 0.009964978 0 0.009964978 0.04417654 0 0.02572967 0.08313094 0.08739159 0.006676131 0 0.009964978 0 0.02783393 0.002061 0.009964978 0 0.01992996 0 0.03009894 0.02019102 0.06003 0.08985902 0.01940816 0.009964978 0.05879759
-9999 -9999 0 0 0.009964978 0 0.01315615 0.006773811 0.009964978 0 0.03985991 0 0 0 0.009964978 0.01256064 0 0 0 0.02989493 0 0 0 0.009964978 0.008695072 0.01123489 0.009964978 0.01059068 0.009964978 0 0 0.0399769 0.01161875 0.05129392 0.01846092 0 0.04692947 0.08660722 0.1555918 0.1369275 0.159252 0.1341815 0.01610438 0.009964978 0 0.009964978 0.04337849 0.006466802 0.01992996 0.04877905 0.00375684 0.006845457 0.01713815 0.01275679 0.009964978 0 0.009964978 0.02156049 0 0 0.02989493 0.04006249 0.03042367 0.08948908 0.02989493 0 0 0.1114603
-9999 0.009964978 0.01992996 0 0 0 0.01992996 0 0 0.01992996 0.01992996 0 0 0 0 0.007369317 0 0.01992996 0 0.01992996 0 0 0.009964978 0 0.010369 0.009964978 0 0 0 0 0.05978987 0 0 0 0 0 0.05975823 0.08250464 0.1198332 0.06316294 0.08408941 0.1761551 0.08268331 0.01992996 0 0 0.0130584 0.0352245 0.009964978 0.009964978 0 0.009964978 0 0.02989493 0 0 0 0.01829943 0 0.0009722932 0.019958 0.01995036 0.05981028 0.03997512 0 0.001502748 0.08754288 0.05079677
0 0 0 0.01992996 0.009964978 0 0 0.009964978 0 0.009964978 0.01191453 0.001910052 0.02182071 0.001448368 0 0 0.009964978 0 0.0218898 0.009964978 0 0 0 0.00946577 0.01117729 0.009964978 0.00985023 0.0001147482 0.01992996 0.02989493 0.02989493 0 0.01827245 0 0 0.009964978 0.002927062 0.0798322 0.06701531 0.07003316 0.1024104 0.1490225 0.088819 0.09004118 0.0998935 0.02469816 0.02902395 0.1068197 0 0 0 0 0.01992996 0.02540661 0.02989493 0 0 0 0.02937149 0.02904898 0.05224257 0.06932317 0.08030072 0.06881535 0 0.08091608 0.04888326 0.002319594
-9999 0 0 0.03985991 0 0 0.01992996 0.02989493 0.004556631 0 0.003083503 0.03674477 0.01371593 0.0526998 0 0.006736854 0.003228125 0.03711032 0.05061464 0 0 0 0 0.07921733 0.03924529 0.02939752 0.01054289 0 0 0 0.02989493 0 0.001657503 0 0 0 0 0.04296914 0.09079978 0.04870992 0.05148841 0.1514769 0.08916658 0.0402844 0.08984952 0.075308 0.0548893 0.06939983 0.0632185 0.05075256 0.01281098 0.01992996 0.06560255 0.02857058 0.02989493 0.02209013 0 0.01992996 0.009964978 0.01253079 0.1385463 0.0603575 0.01886208 0.05391248 0.1452867 0.01034954 0.01224049 0.00768947
-9999 0 0.009964978 0 0.009964978 0.005331733 0 0 0.005408348 0 0 0.04989735 0 0 0.009964978 0.009964978 0.009964978 0 0.01934858 0.01241689 0.001376074 0 0 0.02989493 0 0.03004546 0 0 0 0 0.03865961 0 0 0 0.009964978 0 0.009964978 0.003042398 0.009964978 0 0 0.0467702 0.03302208 0.06536354 0.1071823 0.03194744 0 0.09785246 0.04305432 0.04605123 0.05504484 0.07449988 0.06975485 0.06833436 0.04128041 0.08142126 0.03062871 0.06975485 0.04136387 0.03749137 0.04043396 0.04908908 0.009964978 0.1213012 0.08826654 0 0.04234362 0.02741124
-9999 0 0 0 0.01568145 0.03993237 0 0 0.01992996 0.009964978 0 0.02599453 0 0 0 0 0.009964978 0 0.01645358 0.0796366 0.0617596 0 0 0 0 0.05955886 0 0 0.009461699 0 0.01116529 0.01992996 0 0.008082423 0.009964978 0 0 0.04982489 0 0.009964978 0.01992996 0.08288921 0.02377966 0.04892518 0.002918911 0.03189778 0 0.02233393 0.02302027 0.009964978 0 0.009964978 0.02989493 0.04278957 0.04258138 0.09505441 0.08968481 0.1613854 0.06821987 0.03115905 0.04894552 0 0.053897 0.0962116 0.01992996 0.009964978 0.03985991 0.009964978
-9999 0 0.009964978 0.005919046 0.004248505 0.01897406 0.005516693 0 0 0 0 0.01992996 0.009964978 0 0.009964978 0.02989493 0.02989493 0.02790004 0.001994894 0.007131003 0.100827 0 0 0 0.02006535 0.009829585 0.01992996 0 0.0005032797 0.009964978 0 0.01992996 0.018276 0.04174247 0.01992996 0.01992996 0 0.03403862 0.01578627 0.009964978 0.05485554 0.1068426 0.02614137 0 0 0.01305251 0.07477684 0.04121582 0.03409415 0.009964978 0 0 0.05853348 0.09797652 0.00990731 0.02989493 0.03985991 0.04827312 0.07406297 0.1468632 0.04211446 0.04941071 0.1304276 0.02989493 0.009964978 0.009964978 0 0
-9999 0 0 0.004045933 0 0 0.01992996 0.009964978 0 0 0.01606502 0.00386494 0.003649332 0.009964978 0 0.009964978 0 0.04824638 0.003744468 0 0.06975485 0.02989493 9.048201e-007 0.1112872 0.04052064 0 0 0 0.02902204 0.009964978 0.009964978 0 0.01161894 0.008071182 0 0.01373423 0.02039043 0.02566521 0 0 0 0.09708622 0.02837306 0 0 0 0.07574891 0.05180362 0.04811744 0.009964978 0.02989493 0.009964978 0.02892481 0.03278084 0.04075284 0.009964978 0.03019416 0.05984035 0.1186066 0.1041101 0.04865911 0.08161315 0.05635352 0.01992996 0 0.009964978 0 0.01992996
-9999 0 0.01992996 0 0.03461142 0.00524849 0 0.02989493 0 0.01889192 0.04407616 0 0.03621058 0 0 0 0.008316359 0.001648619 0.017764 0.02913327 0.06055154 0.07126459 0.03100858 0.03849184 0.09934051 0.1198404 0.05187144 0.1082201 0.01083787 0.02989493 0 0 0 0.001893796 0.009964978 0 0 0.01992996 0.009964978 0.01665127 0 0.09018582 0.03362427 0.006412057 0.003552922 0 0.04982489 0 0.07776661 0.05575789 0.0124961 0.0736486 0.05078706 0.04574037 0.07115241 0.03993512 0 0.009964978 0.01909746 0.09445584 0.1537664 0.1070275 0 0 0 0 0 0
-9999 0 0.02989493 0.009964978 0 0.009964978 0.009964978 0.005733564 0.04409133 0.03093297 0.08351075 0.1770298 0.05012922 0.1199361 0.05204818 0.03654796 0.04568448 0.04982489 0.01217175 0.03166723 0.1093837 0.09162088 0.06953476 0.04982489 0.01987229 0.03207517 0.1380718 0.07792426 0 0.009964978 0.01903986 0.009964978 0 0 0 0.009964978 0.01992996 0.03985991 0.00525476 0.02791887 0.009964978 0.09969621 0.009964978 0.01992996 0 0.009964978 0.009964978 0.009964978 0.06811392 0.03752106 0.1036225 0.12737 0.1298751 0.03034458 0.04986787 0.02250227 0 0.01992996 0.04307642 0.1227577 0.04455863 0 0 0.01992996 0 0 0 0
-9999 0 0.009964978 0.009964978 0 0 0 0 0.009964978 0.04982489 0.08228587 0.08310272 0.01539464 0 0 0.02003867 0.0770985 0.08968481 0.08688048 0.03831387 0.1750823 0.1778637 0.1090947 0.07006107 0.06055512 0.009417427 0.009964978 0.1917468 0.01741334 0.009964978 0.01085508 0.02231486 0.00655424 0 0 0.02769801 0.03234412 0.03241833 0.06975485 0 0.009964978 0.1195741 0.05584934 0.01562509 0 0.02282796 0.1446934 0.06941056 0.05153593 0.04982489 0.1261964 0.1763052 0.1127954 0.02006731 0.07273518 0.03699847 0.06563197 0.07989404 0.04678259 0.03685616 0.002167137 0.0277278 0.009964978 0 0.009964978 0.003727678 0.006276208 0
-9999 -9999 0 0 0.009964978 0 0 0.009964978 0.04641829 0.04326652 0 0.01992996 0.01992996 0.009964978 0 0.009964978 0 0 0 0.03185625 0.05530165 0.1404172 0.03112757 0.03890792 0 0.0195709 0.05197424 0.04755493 0.1027049 0.06458861 0.01921079 0.001025838 0 0 0 0.002196921 0.007545678 0.01737667 0.01992996 0 0.06272133 0.1157841 0.04380045 0.06446507 0.03068643 0.1523707 0.07173061 0.1220184 0.1607696 0.09154151 0.09475672 0.05623771 0.01661202 0.05978987 0.1612038 0.2585321 0.03881281 0.009964978 0.003699721 0.03014721 0.007737831 0.01992996 0.02989493 0.01992996 0 0.01989105 0.004409482 0.009991786
-9999 -9999 0 0 0 0.01564211 0.04982489 0 0.009964978 0 0 0.02401962 0 0 0 0 0 0 2.124643e-005 0.03012831 0.02043551 0.05773377 0.0286623 0.009964978 0 0.01945202 0 0.002704408 0.03699374 0.06798834 0.1573227 0.06878788 0.01612886 0.01458292 0.005347033 0.009964978 0 0.02989493 0 0 0.04362464 0.04147701 0.1204914 0.05428357 0.1277919 0.05416209 0.0532911 0.08542766 0.08034523 0.1599521 0.07694703 0.06980821 0.1303241 0.1204414 0.03269314 0 0.04504758 0.07163942 0.0182051 0.009964978 0 0.02307805 0.02750319 0 0.009964978 0 0.02966236 0.000303543
-9999 -9999 -9999 0 0 0.004287846 0.01648723 0.03333766 0 0 0.009964978 0.01386715 0.01193812 0.008574463 0.001390515 0.009391309 0.0005736695 0 0.03994376 0.01763018 0.01992996 0.07812847 0 0.02181762 0.07051644 0.01048372 0 0 0.01024736 0.000620693 0.02989493 0.04987132 0.06975485 0.05978987 0.03811457 0.01795039 0.009964978 0.02731682 0 0 0.06321934 0.1132044 0.3170918 0.1635384 0.2169457 0.05197382 0.07180634 0.3178255 0.1805262 0.2645398 0.0863822 0.2322798 0.1745206 0.04308292 0 0.002780599 0.04169494 0.0383057 0.08002415 0.01029533 0.0272514 0.03322519 0.02580834 0.02451549 0.01660767 0 0.0002325732 0
-9999 -9999 -9999 0.0116089 0.02825101 0 0 0 0 0.009964978 0 0.004234568 0 0.009964978 0 0 0.01992996 0 0 0.02989493 0.01992996 0.009964978 0 0.01166909 0.03785399 0.01706377 0 0.009964978 0 0 0.01992996 0.01105972 0.04458992 0.03946933 0.08437921 0.1166551 0.1398401 0.1187228 0.1771343 0.07344217 0.01683084 0.05267168 0.09462307 0.2346749 0.1688739 0.09289734 0.3213946 0.1625915 0.1138197 0.1183744 0.2256805 0.06846967 0.09173758 0.04783584 0.03177427 0.02711434 0 0.009964978 0 0.02989493 0 0.003694595 0.006270383 0.04928236 0.01920924 0.009964978 0.009851285 0.009964978
-9999 -9999 -9999 -9999 -9999 -9999 -9999 -9999 -9999 0.009964978 0 0.01569539 0 0.009964978 0.00330585 0.01008133 0.009964978 0 0.002433287 0 0 0.01992996 0 0 0.009964978 0.02989493 0.01992996 0 0 0.009964978 0.004355568 0.02553937 0 0.006171654 0.03261592 0.05419097 0.009964978 0.1469634 0.149443 0 0.01992996 0.05339755 0.07134061 0.08620089 0.0415934 0.1344106 0.1940997 0.1676732 0.256758 0.1599452 0.08968481 0.03145783 0.06922568 0.06025034 0.09809792 0 0.009964978 0 0.01992996 0 0.0005047522 0.001989149 0.02989493 0.0144504 0.005641079 0.0001615788 0.02004365 0.005517919
-9999 -9999 -9999 -9999 -9999 -9999 -9999 -9999 -9999 0 0 0.01876356 0.001166398 0 0.0262576 0.0201451 0.01296518 0.0002232985 0.03986521 0 0 0.009964978 0.01992996 0.001126463 0 0 0 0 0 0.009660118 0 0.04485812 0.06012022 0.05316754 0.03570203 0.03210844 0.08968481 0.1495211 0.1096352 0.02989493 0.01992996 0.009964978 0.02989493 0.03449273 0.1827826 0.03696908 0.1336416 0.1404783 0.1506553 0.1049782 0.009964978 0 0.01276111 0.04702877 0.0608778 0.02869729 0.01992996 0 0.003171976 0.01675798 0.003171781 0.03419423 0 0 0.01522297 0.01487454 0.0299013 0.03015781
-9999 -9999 -9999 -9999 -9999 -9999 -9999 -9999 -9999 -9999 0 0.03985991 0.02926708 0.01452428 0 0 0.03832489 0.06890811 0.006684663 0.009964978 0 0 0 0.01880349 0 0.01331939 0.05020729 0.006228164 0 0.07445107 0.05459538 0.03905497 0.02872566 0.04971518 0.009964978 0.07169922 0.06975485 0.009419146 0.09029413 0.0550034 0.02470217 0.001993615 0.02989493 0.0638422 0.06757645 0.3963818 0.07697307 0.02490012 0 0.0497412 0 0.009964978 0 0 0.002136838 0.1074203 0 0 0 0 0 0 0.0004537409 0.01044767 0.07453941 0.03454969 0.01992359 0
-9999 -9999 -9999 -9999 -9999 -9999 -9999 -9999 -9999 -9999 0 0 0 0.006033536 0 0 0.009964978 0 0 0 0 0 0 0 0 0 0 0.06445178 0.08538342 0.06985333 0.03885775 0.04066485 0.04102919 0.03129843 0 0.02989493 0.01992996 -9999 -9999 0 0.02312911 0.01649097 0.01992996 0.06712512 0.1337509 0.1465739 0.1254762 0.04943742 0 0.01558437 0.04982489 0 0 0.009964978 0 0.07966216 0.01992996 0.03336114 0.01646375 0.02989493 0.01992996 0.009964978 0.005464909 0.004676618 0 0.02989493 0 0.009964978
-9999 -9999 -9999 -9999 -9999 -9999 -9999 -9999 -9999 -9999 -9999 -9999 0 0 0.009964978 0.009964978 0.02111796 0.02870693 0 0 0 0.03270867 0.01711622 0.009964978 0.01992996 0.01026007 0.08427116 0.01544226 0.06952047 0.1299036 0.03678627 0.05441936 -9999 -9999 0 0 -9999 -9999 -9999 -9999 0.009964978 0.01340397 0.2068284 0.08341427 0.0197522 0.01014273 0.05483984 0.1449446 0.05399654 0.009964978 0.009964978 0.009964978 0 0 0.009964978 0.05296966 0.09367444 0 0 0.009964978 0.05155683 0.01480463 0.03390728 0.02989493 0 0.02609101 0.004066839 0
-9999 -9999 -9999 -9999 -9999 -9999 -9999 -9999 -9999 -9999 -9999 -9999 0 0 0 0.00357627 0 0.009964978 0.009964978 0 0.002561456 0.02026031 0.007602681 0.001016882 0.003986956 0.07949485 0.0353787 0 0.009992308 3.415068e-005 -9999 -9999 -9999 -9999 -9999 -9999 -9999 -9999 -9999 -9999 0.008674013 0.1389315 0.06228814 0.05851934 0.06552831 0.01006466 0.005473786 0.03985991 0.0972384 0.05197042 0.02989493 0 0.009964978 0 0 0 0.1829739 0.06127774 0 0.02183845 0.04989735 0.009964978 0.009964978 0.0009716211 0 0 0.05952695 0.03985991
-9999 -9999 -9999 -9999 -9999 -9999 -9999 -9999 -9999 -9999 -9999 -9999 -9999 0 0 0.006388709 0.01317129 0.01195177 0.01076812 0.01992996 0 0.002009205 0.002874817 0.00554377 0.0652135 0.05559472 0 0 -9999 -9999 -9999 -9999 -9999 -9999 -9999 -9999 -9999 -9999 -9999 -9999 -9999 0.03861531 0.05106949 0.1593289 0.05022988 0.08005018 0.0144296 0.03503735 0 0.08890693 0.003999061 0.03006284 0 0 0 0 0 0.05469771 0.00447318 0.02351327 0.02809054 0.009964978 0.009964978 0.02892331 0 0 0 0.009964978
-9999 -9999 -9999 -9999 -9999 -9999 -9999 -9999 -9999 -9999 -9999 -9999 -9999 0 0 0 0.02668862 0.009964978 0.007175051 0.009964978 0.009964978 0.007955774 0 0.01411604 0.09427024 0 -9999 -9999 -9999 -9999 -9999 -9999 -9999 -9999 -9999 -9999 -9999 -9999 -9999 -9999 -9999 0 0.06285793 0.07161569 0.1244255 0.2268827 0.03977875 0.02377512 0 0.0905035 0.009964978 0.03569295 0.009964978 0 0.009964978 0 0.009964978 0.03985991 0.03213049 0.01992996 0 0.009964978 0.0111856 0.009964978 0 0 0.0002577308 0.009964978
-9999 -9999 -9999 -9999 -9999 -9999 -9999 -9999 -9999 -9999 -9999 -9999 -9999 0 0 0.001872594 0.01805736 0 0 0 0 0 0.004054928 0.06735957 0.009964978 0 -9999 -9999 -9999 -9999 -9999 -9999 -9999 -9999 -9999 -9999 -9999 -9999 -9999 -9999 -9999 -9999 0.0168619 0.07644729 0.1277978 0.09063226 0.02784536 0.06975485 0.04982489 0.06980128 0 0 0.06381547 0.009964978 0 0.004132729 0.03572718 0 0.007729418 0 0.009964978 0 0.03110525 0.1071838 0 0 0.01967223 0
-9999 -9999 -9999 -9999 -9999 -9999 -9999 -9999 -9999 -9999 -9999 -9999 -9999 -9999 0 0 0 0.01992996 0.009964978 0 0.01992996 0 0.02843018 0.01973507 0 -9999 -9999 -9999 -9999 -9999 -9999 -9999 -9999 -9999 -9999 -9999 -9999 -9999 -9999 -9999 -9999 -9999 0.01992996 0.1082815 0.1212661 0.005763594 0 0.01051225 0.009964978 0.1268638 0.09703073 0.02989493 0.05576427 0 0.004140692 0.03571922 0.01992996 0.009964978 0.009964978 0 0 0.009964978 0 0 0 0.01052376 0 0.01992996
-9999 -9999 -9999 -9999 -9999 -9999 -9999 -9999 -9999 -9999 -9999 -9999 -9999 -9999 -9999 0 0 -9999 0 0.009964978 0.01992996 0.009964978 0.03299817 0.05843914 0 -9999 -9999 -9999 -9999 -9999 -9999 -9999 -9999 -9999 -9999 -9999 -9999 -9999 -9999 -9999 -9999 -9999 0 0.01909515 0.04029312 0.03557614 0.03522819 0.03146357 0.05798326 0.1796649 0.1242184 0.009964978 0.06751844 0.006276796 0.02355396 0.003181591 0 0.009964978 0.009964978 0 0 0 0.009964978 0 0.007392151 0.01197903 0 0
-9999 -9999 -9999 -9999 -9999 -9999 -9999 -9999 -9999 -9999 -9999 -9999 -9999 -9999 -9999 -9999 -9999 -9999 -9999 0 0.02413093 0.03565894 0.009964978 0.04807239 -9999 -9999 -9999 -9999 -9999 -9999 -9999 -9999 -9999 -9999 -9999 -9999 -9999 -9999 -9999 -9999 -9999 -9999 -9999 0 0.01759827 0 0.09708163 0.06106168 0.03450278 0.03587003 0.1089341 0 0.03581953 0.004200702 0.01210526 0.006783388 0 0 0 0 0 0.02157051 0 0.01116312 0 0 0 0
-9999 -9999 -9999 -9999 -9999 -9999 -9999 -9999 -9999 -9999 -9999 -9999 -9999 -9999 -9999 -9999 -9999 -9999 -9999 -9999 -9999 0 0.05978987 -9999 -9999 -9999 -9999 -9999 -9999 -9999 -9999 -9999 -9999 -9999 -9999 -9999 -9999 -9999 -9999 -9999 -9999 -9999 -9999 -9999 -9999 -9999 0 0.07971421 0.01506111 0.0695441 0.01030023 0 0.03985991 0.05446801 0.01528685 0 0 0 0.009964978 0 0 0.008324428 0.02989493 0.008766837 0 0 0 0
