EnvRasters/RC_High/infrstr.asc
ncols         270
nrows         223
xllcorner     24099.479091542
yllcorner     21023.840179216
cellsize      1003.8986847201
NODATA_value  -9999
[rows 30 to 59 of 223, columns 68 to 135 of 270]
0.02261613 0.01992996 0.009964978 0.02642242 0.01992996 0 0 0.01452488 0.01992996 0.01486998 0.01992996 0.004358492 0.005887131 0.02989493 0 0.01655476 0 0.00287512 -9999 -9999 -9999 -9999 -9999 -9999 -9999 -9999 -9999 -9999 -9999 -9999 0 0.01304472 0.006885237 0.009964978 0 0.009964978 0.01992996 0.02989493 0.009964978 0.01553138 0.01436355 0 0.09219861 0.1085657 0.0799721 0.149727 0.05242353 0.04775684 0.1480413 0.05876332 0.3000685 0.1609771 0.104024 0.003471432 0.009964978 0.009964978 0.0174158 0.08364498 0.04403747 0.06850755 0.1761768 0.3225392 0.2416669 0.1239106 0.0652524 0.070688 0.158907 0.03584371
0.01992996 0.01992996 0.01668604 0.01992434 0 0.02989493 0.009088325 0.03821998 0.02384177 0.03495492 0.02989493 0.01557146 0 0 0.03985991 0.01992996 0 0.02994136 -9999 -9999 -9999 -9999 -9999 -9999 -9999 -9999 -9999 -9999 -9999 0 0 0.009217132 0.009964978 0.00410478 0.005860198 0.05080456 0.1476779 0.07005918 0.109867 0.1198841 0.07003316 0.07997211 0.09115266 0.03119624 0.009964978 0.005573762 0.009964978 0.009964978 0 0.02887794 0.02514144 0 0.05613627 0.06628342 0.1001284 0.04019026 0.07271824 0.09140676 0.2699236 0.137598 0.2881778 0.1920818 0.2744934 0.1406421 0.1529491 0.1165346 0.1317107 0.1711042
0.02716588 0.01405546 0.02317387 0.008626285 0.05464172 0.02989493 0.03246415 0.05337568 0.003677592 0.01493681 0 0.009964978 0.009964978 0.01807833 0.0353131 0.01345344 0 0.01995036 -9999 -9999 -9999 -9999 0 0 0 -9999 0.01040862 0 0 0.009964978 0 0.01071282 0.0617711 0.119806 0.109815 0.02914152 0.03194398 0 0.007441875 0 0.0665291 0.009964978 0.006296816 0.009964978 0.01754747 0.02670366 0 0 0.009964978 0.04899007 0.07015765 0.08387471 0.0638927 0.05965967 0.06288572 0.0916931 0.1626441 0.0710268 0.249241 0.1365754 0.1917243 0.1247194 0.2775719 0.2770445 0.1321726 0.1293984 0.1043193 0.07204349
0.05694526 0.07123803 0.06484189 0.05473785 0.0853805 0.119858 0.07799328 0.07427957 0.07663283 0.1050253 0.08066189 0.01891339 0.01206093 0 0.006398449 0.02322501 0 0.06866927 0.03102694 0.02231978 0 0.0008952699 0.009069708 0.009964978 0.009964978 0 0.009521337 0.01260814 0.007321821 0.04271259 0.07992006 0.08607662 0.0219834 0.01456422 0.01533072 0 0 0.009964978 0.02981124 0.01633813 0.02674754 0.009964978 0.003668163 0 0 0.009964978 0.009964978 0.009964978 0.0480086 0.1581569 0.07690639 0.0361495 0.05601739 0.05103226 0.1651014 0.1723604 0.1733419 0.1086701 0.1341611 0.253326 0.2556193 0.1454805 0.2512485 0.3315264 0.1288587 0.1163294 0.1499026 0.03523492
0 0 0.009964978 0 0.009964978 0.009964978 0 0.009964978 0.009964978 0.009964978 0.009405316 0.0610327 0.06819744 0.08127724 0.06883212 0.103754 0.03279972 0.1026251 0.07985827 0.09953175 0.02989493 0.01019489 0.01152071 0.009964978 0 0.009964978 0.03459796 0.1401423 0.06995508 0.06710241 0 0 0.009964978 0 0.06482355 0.03482623 0.01783802 0.02759481 0.03250173 0.009964978 0.009964978 0 0.02989493 0.03985991 0.01992996 0.01992996 0.009964978 0.03495738 0.08396182 0.05189051 0.008563444 0 0 0.03963184 0.1323871 0.1196053 0.05098151 0.03264564 0.1666177 0.1936739 0.1216358 0.1821444 0.2909633 0.1554328 0.1182352 0.1039953 0.05083051 0.05496516
0.09006721 0.08998913 0.07437358 0.02989493 0.03985991 0.004013393 0.02193852 0.009529599 0.01899293 0.002436399 0.03798012 0.01640938 0 0.01992996 0.01992996 0.009964978 0.1662638 0.196471 0.1123577 0.09909979 0.1457145 0.05675925 0.01575091 0.02554069 0.09203956 0.06992906 0.04537415 0.0593835 0 0 0.009964978 0.0193418 0 0.009964978 0.009964978 0 0.02202189 0.01844599 0.003784097 0.009964978 0 0.02405951 0.03240968 0.01992996 0.02989493 0.005629354 0.06975485 0.09458734 0.005162775 0 0.03129647 0.009964978 0.02939316 0.1834647 0.08693338 0.009964978 0.03719169 0.2508805 0.3238469 0.323527 0.2883657 0.3178202 0.2593362 0.1821807 0.116617 0.0903356 0.06978516 0.07467569
0.02748171 0.04533628 0.1040967 0.00689078 0 0.07860761 0.04117471 0.05751055 0.001215327 0 0 0.01392 0.0213753 0.009964978 0.03743171 0.03998376 0.009964978 0.01703089 0.007222055 0.0007172023 0.05457012 0.04770098 0.08002415 0.09216283 0.009964978 0 0.009964978 0.01992996 0.02989493 0.02409261 0.03569726 0.03048309 0.01992996 0 0 0.01590154 0.02395837 0.01159211 0.01601748 0.009964978 0.01992996 0.04001044 0.01992996 0.0849034 0.04464132 0.07872906 0.02646076 0.009964978 0.009964978 0.009964978 0 0.07892843 0.09116761 0.01500513 0.07123634 0.01522659 0.06235255 0.2094698 0.1477664 0.2391583 0.1534782 0.1931066 0.2317893 0.2858753 0.1542085 0.02482948 0.009964978 0.02989493
0.02720623 0.009964978 0.08872188 0.001243577 0.009964978 0.00374045 0.009964978 0 0.009964978 0.008171219 0.01175874 0 0.02989493 0.0318165 0.08197204 0.05032337 0.04311208 0.01992996 0 0.03637514 0.06339914 0.03822452 0.0332935 0 0 0.01087498 0.0441497 0.05635803 0.009964978 0.009964978 0.01992996 0.009964978 0.02989493 0.02551811 0.004376826 0.03834967 0.009964978 0.02145431 0.03065593 0.009964978 0.01696237 0.05786806 0.1179298 0.06844731 0.04614669 0.0942523 0.05462661 0.03031551 0 0.0251036 0.06990303 0.05189155 0.0088379 0.02989493 0.02194399 0.1706349 0.1096148 0.03985991 0.1539598 0.1996789 0.2395102 0.1910151 0.2320175 0.1637419 0.20878 0.03025131 0.02463432 0.01006599
0 0 0.0191274 0.0203644 0.06299321 0.02989493 0 0.009964978 0 0.009964978 0.009964978 0 0.009964978 0.05171848 0.08376123 0.05007717 0.01635933 0 0 0.1098434 0.009964978 0.06358447 0.04630532 0.01448123 0.01704676 0.04231165 0.05960141 0.00660392 0 0 0.01992996 0 0.009964978 0 0.009964978 0.01147522 0.009964978 0.009964978 0 0.007752426 0.05224002 0.1377701 0.04023669 0.120103 0.04296935 0.000847064 0.01992996 0 0.1050448 0.09457228 0.03985991 0 0 0.03985991 0 0.05339412 0.08968481 0.07281198 0.1353272 0.1104666 0.1237228 0.1374286 0.09091499 0.2165291 0.1399646 0.0962529 0.1088682 0.05986232
0 0 0 0.04982489 0.0371691 0.02262077 0.009964978 0.009964978 0.02989493 0.009964978 0.02989493 0 0.02961271 0.06023846 0.1053374 0.01992996 0 0.001213384 0.07440142 0.02426357 0.009964978 0.01029418 0.04542284 0.008331927 0.004710861 0.01656026 0.01136169 0.02782806 0.02033426 0.009964978 0.04960461 0.01992996 0.009964978 0 0.02623882 0.01362109 0 0 0.009964978 0.1048398 0.0148905 0.09822243 0.1267345 0.06838349 0.01992996 0.02989493 0.02120055 0.1297189 0.07442093 0.009964978 0 0 0.009964978 0.009964978 0 0.0429945 0.04308116 0.09182189 0.1288062 0.1193334 0.1066302 0.1179111 0.09112138 0.1481923 0.0737287 0.05100826 0.1332207 0.08993147
0 0.009964978 0.009964978 0.01443413 0.02542578 0.01767359 0.01222135 0.02989493 0.009964978 0.01992996 0 0.02946453 0.000430408 0.1140155 0.009964978 0.03372879 0.07462788 0.0632254 0.04534456 0.02989493 0.002376509 0.002168317 0.009964978 0.001595787 0.03336877 0.02507993 0.0003367931 0.0004262237 0.05431988 0.04514211 0.01018526 0.01992996 0.01992996 0.009964978 0 0.02989493 0.03546752 0.0400081 0.05838282 0.05206919 0.1076394 0.0439121 0.07542787 0.07717054 0.03186043 0.1278337 0.05876614 0 0 0.009964978 0.009964978 0 0.05836703 0.03937137 0 0.05999244 0.01992996 0.01457163 0.08370025 0.09578825 0.02793143 0.1350642 0.07640374 0.03099402 0.1353251 0.05408197 0.009964978 0.01984019
0.009964978 0.009964978 0 0.04982489 0.01992996 0 0 0.01507425 0.01063575 0.009964978 0.009964978 0 0 0.125393 0.02388831 0.0160961 0.01687204 0.1192666 0.009964978 0.01243762 0.01508081 0.04979325 0.02722458 0.01497458 0.02507199 0.006178899 0.01399689 0.005170046 0.009964978 0.009748467 0 0 0.02625475 0.01360517 0.009964978 0.01992996 0.05161224 0.0675322 0.06390607 0.0004663242 0.01245287 0.1170757 0.139762 0.2657664 0.1442233 0.04186894 0.009964978 0 0 0.02953376 0 0.02641845 0.03360002 0.02865785 0.0471523 0.1095122 0.05699512 0.006223256 0.1125391 0.06371693 0.04080175 0.1013418 0.1517906 0.0589782 0.07028608 0.03021734 0.01992996 0
0 0.009964978 0.01722277 0.009964978 0.02989493 0 0 0.003702449 0.01044747 0.009964978 0.01992996 0.02989493 0.04485809 0.09567551 0.0742339 0.01992996 0.07420439 0.04807593 0.02682439 0.03985991 0.009964978 0.03995839 0.01599493 0.01386312 0.05453578 0.01992996 0.009964978 0 0 0.005698074 0.004266905 0.01992996 0.02989493 0.006967429 0.08771919 0.04997307 0.002597089 0.04794824 0.07816584 0.06004215 0.07011122 0.1225985 0.009964978 0 0.02389465 0.07005918 0.1000322 0.06447323 0.03143626 0.1152978 0.04264138 0.04545239 0.009964978 0 0.05341105 0.07643472 0 0.0227277 0.05433721 0.009964978 0 0.1368272 0.09997451 0.05432067 0.04461413 0.1329849 0.06027916 0.02008094
0.02989493 0.01992996 0.01267216 0.009964978 0.02666165 0 0 0 0.009402312 0.0304576 0.009964978 0.02989493 0.1601663 0.009964978 0.06039329 0.110258 0.0863674 0.02322647 0.01989831 0.009964978 0 0.00772983 0.01992996 0.001761095 0.01992996 0 0.01501031 0.0248496 0.04044992 0.01992996 0.009964978 0.009748245 0.06504807 0.04297962 0.04207781 0.009964978 0.06623042 0.04374307 0.009964978 0.02880142 0.0110585 0.03985991 0 0 0.01057526 0.09685247 0.07441044 0.1133756 0 0.01488645 0.03214339 0.0547247 0.06719645 0.02384881 0.02999341 0.08027372 0.05546357 0.08254567 0 0.002279335 0.06196511 0.1932703 0.01857391 0.1137722 0.03087307 0.03066487 0.06926556 0.02974395
0.009964978 0 0.02989493 0.009964978 0.02179966 0.02129355 0.03985991 0 0.01992996 0 0.07556402 0.1048585 0.2135267 0.04253255 0.05299106 0.154006 0.02214022 0.07421305 0.03684966 0.01992996 0.01992996 0.01992996 0.01205877 0.03085958 0.0114742 0.02493121 0.07999813 0.05005115 0.08358899 0.06003595 0.0726393 0.1133414 0.1015152 0.05996408 0.01039943 0.09669226 0.03533187 0.01701864 0.05082229 0.01992996 0.01942703 0.05738996 0 0.02077396 0.0860538 0.02922698 0.04434554 0.1061599 0 0.02498825 0.04520339 0.0153605 0.01992996 0.02597608 0.04369001 0.09061879 0.1102615 0.08533891 0.01992996 0.04283383 0.02246644 0.09967019 0.03319321 0.03843937 0.01573571 0.07296535 0.0117895 0
0 0.0677125 0.01200733 0.02989493 0.03985991 0.009964978 0.07608494 0.06975485 0.009964978 0.0154623 0.09961814 0.2163677 0.0942774 0.09982399 0.1134187 0.06464243 0.03619722 0.04730234 0.009964978 0.01992996 0.03258166 0.03985991 0.03776613 0.05606651 0.03934831 0.009964978 0.0254177 0.02516813 0 0.09605388 0.1799868 0.15417 0.02847433 0.009964978 0.07589403 0.07134852 0.04152014 0.08649576 0.003235478 0 0.009964978 0.1030238 0.03938873 0.01143782 0.06287111 0.01269994 0 0.0569759 0.08365766 0.05504615 0.02745073 0.009964978 0.02989493 0.04982489 0.04017276 0.05754722 0.09370662 0.1811394 0.04473788 0.04120788 0.086692 0.05290861 0.1452872 0.04491181 0.009964978 0.04495859 0.09287711 0.0283505
0 0.1040342 0.06537042 0.03985991 0.05978987 0.06975485 0.1486876 0.07677448 0.06963293 0.06592285 0.09938763 0.1293999 0.1242851 0.06426664 0.1651769 0.03785954 0.02892402 0.007156164 0.03317459 0.06645301 0.04741647 0.01895622 0.03696367 0.009964978 0.001770259 0.02100844 0.03878143 0.009204038 0.009964978 0.02999341 0.1033947 0.1430253 0.1177894 0.04201604 0.0716161 0.01992996 0.009964978 0.02161585 0.06806333 0.009964978 0.07971983 0.03985991 0.06975485 0.006686567 0 0.01992996 0.009964978 0.009212312 0.05639971 0.07237098 0.07175914 0 0.009964978 0.05377267 0.07577205 0.06985333 0.099458 0.2702655 0.06205149 0.01433871 0.1207084 0.02118331 0.1943201 0.07141562 0 0.03990634 0.1291201 0.1305428
0 0.04982489 0 0 0 0 0.05991437 0.07435968 0.1750813 0.1054327 0.03073644 0.08481481 0.2442107 0.1181568 0.2316753 0.03953 0.09959141 0.1503531 0.03658026 0.03064936 0.05596398 0.01992996 0.009964978 0.04798546 0.0181597 0.02708621 0.07005918 0.04019026 0.02350431 0.009626044 0 0.009909166 0.1125528 0.1466235 0.05159931 0 0 0.02936385 0.01236918 0.01992996 0.05015474 0.09985001 0.01939988 0.05111415 0.008670107 0.009964978 0.01589123 0.005256542 0.01337321 0.04982489 0.06818501 0.07645082 0.009964978 0.01992996 0.01383533 0.06177808 0.1620573 0.1403604 0.08575594 0.02593791 0.0745749 0.009964978 0.1611444 0.02723329 0.01262662 0.0588286 0.07651705 0.09018917
0.02796078 0.08612468 0.0386669 0 0 0.02989493 0.003437935 0.06262533 0.02437487 0.1240134 0.0495897 0.1239164 0.1069224 0.241012 0.19023 0.06816036 0.0756531 0.08980456 0.06707343 0.03302527 0.04568671 0.009964978 0.03985991 0.04169935 0 0.03932135 0.07969357 0.1167421 0.07999813 0.06006818 0.07003316 0.1198358 0.04247658 0.009329782 0.07674513 0.06000019 0 0 0.009964978 0 0.06796613 0.06913874 0.001094642 0.05362144 0.0183228 0.03985991 0.02396869 0 0 0 0.04471356 0.09769028 0.1023565 0.01238235 0.05591952 0.09190175 0.1802393 0.009964978 0.01992996 0.0462322 0.01355767 0.02989493 0.1378198 0.04982489 0.009964978 0 0.04067982 0
0.01189914 0.1008948 0.04336799 0.01731355 0.009964978 0.0301629 0.009697012 0.05888617 0.02074435 0.09834155 0.1194071 0.1288313 0.1404844 0.4150826 0.08545765 0.1136145 0.05070091 0.07379924 0.1263928 0.01269757 0.009964978 0.004981049 0.06950373 0.1494747 0.1154828 0.1351336 0.113738 0.003115923 0.000894604 0 0 0 0.000192787 0.03877893 0.04185112 0.1195481 0.009964978 0.01992996 0.03021468 0.04541292 0.06985333 0.007424405 0.008116283 0.02123669 0.08439201 0.0521448 0.007645068 0 0.01317185 0.006758112 0.005111337 0.04468191 0.01358985 0.133152 0.06707024 0.1261609 0.07758109 0.05978987 0.03632724 0.01349766 0.03985991 0.002063446 0.1384339 0.03428528 0 0.02989493 0.1295912 0.06975485
0.04982489 0.1013387 0.01992996 0.03251134 0.08985664 0.03968808 0.02321956 0.08119047 0.1565935 0.08061567 0.1098396 0.1013873 0.2122478 0.2145413 0.02625261 0.02385292 0.009964978 0.05981028 0.1454954 0.06036497 0.1007458 0.109815 0.06974861 0 0.03985991 0.009964978 0.009964978 0 0.01997638 0 0.009964978 0.03985991 0.02722082 0.07207968 0.02969759 0.06104947 0.009131055 0 0 0.04395215 0.09086782 0.1040657 0.1471461 0.03883148 0.06781896 0.05518617 0.03897507 0.04267663 0 0 0.009964978 0.0450029 0.009964978 0.04885538 0.1176501 0.174149 0.1090407 0.0601983 0.0563443 0.009964978 0.01992996 0.03294744 0.06029094 0.1205759 0.009964978 0.03109397 0.1386923 0.07989404
0 0.04755097 0.07016327 0.07009805 0.03425583 0.01992996 0.08405358 0.1296669 0.05674819 0.1514463 0.1385452 0.2035488 0.2637202 0.2008578 0.09920085 0.03633253 0.01159412 0.1002427 0.2291412 0.2030943 0.03893815 0.02989493 0.0246374 0.01992996 0.00182023 0.028443 0.01302895 0.03109059 0.01982024 0.06590538 0.03374441 0 0.009964978 0 0.07019163 0.06983408 0.04140659 0.07835981 0.03935004 0.02099644 0.1951713 0.03585922 0.07963613 0.04688272 0.06914055 0.06006818 0.03396859 0.01097995 0.002167062 0.01400882 0.004414073 0.02548086 0.03985991 0.02567711 0.04358379 0.1060154 0.0524977 0.03035541 0.0738351 0.0561876 0.02989493 0.00233847 0.009964978 0.2295054 0.1126219 0.08975726 0.1707138 0.08042753
0.09565392 0.01043792 0 0.05985509 0.08299497 0.1508797 0.07782502 0.01992996 0.00596859 0.2051603 0.2863694 0.2846064 0.1785854 0.2200825 0.1233343 0.1120165 0.1540489 0.02580269 0.0135232 0.1228461 0.003115814 0 0.01522251 0.03985991 0.05796964 0.04525298 0.02288983 0.02869928 0.01909864 0.009964978 0.01992996 0.01992996 0 0 0.02901632 0.03103349 0.0103734 0.09936055 0.08714985 0.04642358 0.2102442 0.02255984 0.05727249 0.09511272 0.06980128 0 0.01612337 0.01992996 0.01569502 0.0578139 0.02989493 0.01992996 0.009964978 0 0.1031413 0.01860432 0.08014145 0.07668426 0.04982489 0.01992996 0.009964978 0.02978522 0.07652041 0.3393135 0.0909932 0.02988932 0.09777782 0.02075341
0.09299502 0.0002127032 0.009964978 0.02050011 0.02207114 0.01227055 0.09068913 0.08161139 0.1100422 0.1182327 0.2224159 0.1106756 0.1900157 0.3877423 0.3019007 0.09869123 0.05124162 0.06975485 0.05623165 0.1130619 0.04567607 0.02681901 0.01992996 0 0.01992996 0.009964978 0 0 0.02989493 0 0 0.01992996 0.009964978 0.01968305 0.05994039 0 0.04468369 0.1447234 0.1343919 0.1361621 0.09591024 0.04798565 0 0.05659662 0.05311004 0.05662923 0.03221871 0.01978498 0 0.009964978 0 0 0.01992996 0.005873559 0.06388129 0 0.08336867 0 0.009964978 0.03985991 0.01992996 0.02766618 0.02768726 0.2286662 0.1225991 0.1812085 0.02251015 0.0491744
0.02144475 0.009964978 0.009964978 0.02989493 0.007372521 0 0.02989493 0.0327232 0.144481 0.3390773 0.1745967 0.2586369 0.1228855 0.195494 0.1555032 0.2010999 0.07004441 0.05953074 0.1366819 0.02452566 0.02683679 0.007167074 0.009964978 0.03459468 0 0 0 0 0.00854266 0.0113873 0.01992996 0.04875417 0.04054346 0.01059907 0.05041012 0.02989493 0.01006726 0.02240614 0.2396387 0.1017513 0.04190735 0.1375576 0.07461723 0.03598393 0.01307454 0 0.009255626 0.01230213 0.01992996 0.004890469 0.01503949 0 0.01992996 0.01267249 0.06140782 0.003987151 0.03980597 0.01285715 0.01992996 0.009964978 0 0.009964978 0.06876782 0.05083233 0.1271432 0.2189974 0.260553 0.009919232
2.939489e-005 0.01992996 0.08053216 0.01911762 0.03248739 0.01344163 0.0662782 0.04699663 0.07225958 0.01585022 0.0738185 0.160388 0.3009097 0.1260259 0.1145218 0.1376843 0.3541749 0.1199871 0.01288894 0.01992996 0 0.01285574 0.0313079 0.06530739 0.01055048 0 0.01992996 0 0.0674307 0.01228913 0 0.01955074 0.0103442 0.07001031 0.05023332 0.02923105 0.04095028 0.008874612 0.02989493 0.07159485 0.06212623 0.02562927 0.002724819 0.05312362 0.03656119 0.08235174 0.03371684 0.03985991 0.05978987 0.009964978 0.009964978 0.02989493 0.04701879 0.08639722 0.06083136 0.05826649 0.055527 0.1260551 0.08005018 0.03189219 0.02989493 0 0.08885281 0.2194762 0.1709545 0.1958899 0.2485179 0.1297988
0.02989493 0.01992996 0.009964978 0.01141995 0.06829987 0.04982489 0 0.07900769 0.04757244 0.05231042 0.04435767 0.1398209 0.1203962 0.07409053 0.1753202 0.2189144 0.08624621 0.1048146 0.05581515 0.02625416 0.003640777 0.04286956 0.102072 0.1408843 0.06148686 0.008124137 0.1031787 0.02989493 0.04982489 0.06975485 0.04982489 0.08968474 0.0998352 0.02970959 0 0.009964978 0 0.009964978 0.009964978 0.002263587 0.05071311 0.02886939 0.01735004 0.009964978 0 0.001431609 0.01204453 0 0.01992996 0 0 0 0.03127445 0.06297769 0.04511621 0.03453796 0.01931136 0.02668617 0.002145439 0.01834112 0.05141373 0.01243149 0.002102177 0.1609771 0.239495 0.02452313 0.009964978 0.1087953
0 0.01820546 0.02785815 0.05897384 0.02833586 0.06975485 0.0822179 0.04072024 0.03985991 0.07388835 0.03109933 0.1103349 0.0351658 0.07486448 0.06026352 0.0716684 0.06034648 0.1279215 0.0486226 0.08573855 0.04803452 0.1100785 0.08715484 0.07971421 0.01992996 0.009964978 0.02680051 0.04126631 0.01123101 0.02031221 0.01096972 0 0.009964978 0.02989493 0.0194784 0 0.009964978 0 0.009964978 0 0.04194537 0.05567757 0.04171937 0 0 0.009964978 0.02989493 0.009964978 0.00594812 0.003205207 0.03806686 0.004093557 0 0.1149997 0 0 0.009964978 0.03807881 0.01174608 0.01305045 0.009964978 0.01746344 0.007862802 0.0359329 0.283733 0.1539376 0.01992996 0.08072338
0.04901469 0.03161943 0.03193172 0.002375101 0 0.01252306 0.05798341 0.09579936 0.2225434 0.1302104 0.1101898 0.01254082 0.02910425 0.0647934 0.009964978 0.005315821 0 0.04616839 0.08020633 0.02484533 0.05583625 0.0228444 0.01042337 0.02241792 0.008314268 0.00165071 0.01992996 0.009964978 0.01866393 0.009167384 0.009375577 0.02040953 0.02941536 0.0009841331 0.04929232 0.01992996 0.04802571 0 0 0 0 0.04066256 0.02396007 0.007217679 0 0 0 0.006228765 0.004016859 0.002596104 0.01182814 0.009964978 0.01481447 0.09969621 0.009964978 0.01782647 0.02203345 0.02989493 0.0419054 0.02805202 0.009964978 0.009964978 0 0.04016501 0.2245308 0.08156858 0.0610661 0.01938688
0.04942312 0.0285462 0.009964978 0.02989493 0.08745215 0.08997871 0.09823316 0.08877511 0.06992643 0.03380045 0.0359544 0.009964978 0.01992996 0.01992996 0 0 0 0.04564979 0.009964978 0.1271912 0.1325118 0.0492725 0.04713316 0.0173163 0.009964978 0.009964978 0 0.009964978 0.02989493 0.01992996 0.01992996 0.009964978 0 0 0.02989493 0 0.03382545 0.03027733 0.02595551 0 0 0.01992996 0 0.02267726 0.05675069 0 0 0.02366617 0.009964978 0 0.01640893 0.003521028 0.01508047 0.09508656 0.009964978 0 0.009964978 0.009964978 0.01664191 0.01992996 0 0.009964978 0.0101219 0.06169225 0.1601476 0.1912762 0.102775 0.05561515
