EnvRasters/RC_High/infrstr.asc
ncols         270
nrows         223
xllcorner     24099.479091542
yllcorner     21023.840179216
cellsize      1003.8986847201
NODATA_value  -9999
[rows 90 to 119 of 223, columns 136 to 203 of 270]
0.009964978 0.0499212 0.02161462 0 0.1045159 0.1743192 0.1311238 0.04078849 0.07716705 0.01992996 0.01888564 0 0 0 0 0.0516036 0 0 0 0.009964978 0 0.009964978 0 0.03365147 0 0 0.02522194 0 0 0 0 0.009964978 0.04697952 0.02660434 0 0 0.01992996 0.01992996 0 0.05175977 0 0.002153703 0.01651238 0.08836755 0.1134298 0.1325663 0.1077585 0.1015061 0.04658502 0.03571569 0.03512755 0.1243065 0.02134657 0.01992996 0.001911068 0.009964978 0.01215459 0.05275964 0.08738706 0.08812583 0.09683236 0.08243086 0.0211846 0.02415717 0.01528074 0 0 0.009964978
0.01992996 0.0004495249 0.06919561 0.05504139 0.09204243 0 0.08025134 0.2403525 0.00735897 0 0.001044317 0.05362218 0.01514947 0 0.02318859 0.02531479 0 0.009964978 0.009964978 0 0.01691688 0 0 0 0 0 0.02300017 0.001602788 0.009964978 0.009964978 0 0.01400218 0.08233878 0.009928006 0 0.009964978 0 0.009964978 0 0.06781998 0 0 0 0 0 0 0.01437065 0.005559305 0.009964978 0.009964978 0.02555294 0.06128221 0.07999813 0.01372435 0.01629353 0 0 0 0 0 0.003556204 0.08768652 0.1192721 0.1206782 0.05130274 0.009964978 0.02989493 0
0.009964978 0.02989493 0.03967692 0.0986255 0.07069917 0 0.02497573 0.1357134 0.01329179 0.006846451 0 0 0.05080809 0.02444 0.006776451 0 0.005475068 0.01445489 0 0 0.01297806 0 0.02635576 0 0 0 0.009964978 0.02989493 0 0.01944834 0.04034153 0.01589275 0.009964978 0 0 0 0 0 0.01992996 0.03237851 0.007481399 0 0.009964978 0 0 0 0 0.02989052 0.01516147 0.01473346 0 0.009964978 0 0.006640056 0.01393175 0.01295955 0.06742098 0.02952016 0 0 0 0.01992996 0 0 0.03347472 0.1000322 0.1718058 0.09131774
0.03217953 0.02989493 0.01111391 0.1722031 0.100456 0.06216031 0.1986104 0.1422321 0.03386156 0 0 0 0 0 0 0.009964978 0 0 0 0.009964978 0 0.03352501 0.003539179 0 0.01487763 0.0009870478 0.0088046 0.006461523 0.005040903 0.009964978 0 0.009964978 0.04044743 0.009377469 0 0.009964978 0 0.002620664 0.01992996 0.07809041 0.07138427 0.009964978 0 0 0 0.009964978 0.0102695 0.009969394 0.009964978 0.03568202 0.01414287 0 0 0 0 0.009964978 0 0.00270865 0.02989493 0.02989493 0.03830341 0.01788737 0 0 0.0003089356 0.01962102 0.03128625 0.2332818
0.02761034 0 0.02176903 0.1378472 0.05106078 0.2039106 0.1557459 0.116547 0.1348841 0.1621043 0.01992996 0.04982489 0 0.009964978 0 0.009964978 0 0 0 0.009964978 0 0.006334901 0 0 0.01335237 0.0006778878 0 0.02996739 0.04478399 0 0 0 0.00399432 0 0 0 0 0.007344314 0 0.02298607 0.04019026 0.02650848 0.001287817 0 0 0.009964978 0.009660456 0 0 0 0.009964978 0 0.02989493 0 0 0.01992996 0.02989493 0 0 0.009964978 0.02989493 0.03943242 0.04020372 0.1003096 0.2505625 0.1949684 0.08241855 0.08945829
0.001412588 0.02272576 0 0.04155512 0.06557436 0.04550727 0.2364775 0.09641124 0.08825155 0.01403477 0.1000322 0.085281 0.1171873 0 0 0 0 0 0.009964978 0.007194795 0.01273516 0 0 0 0 0 0.08968481 0.004591383 0.009829639 0.0001353401 0 0 0.005970658 0 0 0 0 0 0.009964978 0.009964978 0.01992996 0.009964978 0.01864214 0.009964978 0 0 0.009964978 0.03567192 0.02411795 0 0 0.009964978 0.01992996 0 0 0.009964978 0.009964978 0 0 0 0 0.003682781 0 0 0.03985991 0.05238494 0.2898261 0.2045052
0.009964978 0.01572157 0.03410584 0.09566186 0.02092857 0.1754954 0.01093151 0.009964978 0.05949435 0 0 0 0.007587093 0.09912498 0.1598741 0.01256887 0 0.01992996 0 0.01992996 0 0 0 0.02989493 0.009964978 0.02989493 0.005674644 0 0 0 0 0.009964978 0 0.009964978 0.009964978 0 0 0 0 0 0 0 0 0 0 0.01992996 0 0.009964978 0.009964978 0.009654086 0 0 0.009964978 0 0 0.008497865 0.01143209 0.007598185 0 0 0 0 0 0 0.01333673 0.5860735 0.5702298 0.2581159
0.002392232 0.04435942 0.04765995 0.02864821 0.137985 0.009964978 0.0725994 0.03677553 0 0.01992996 0.02488027 0.005014666 0 0.0009072046 0 0.0676895 0.02175547 0.01992996 0.04982489 0 0 0.009964978 0.009964978 0.01879347 0.02106645 0 0.004290334 0.009964978 0 0 0 0.02427175 0 0 0.009964978 0 0.002988545 0 0.01245907 0.002337943 0.009964978 0.02989493 0.009964978 0 0.01992996 0 0 0 0 0.01027587 0.007210448 0.01271951 0 0 0 0.01867104 0.02118888 0.002366794 0 0 0 0.009964978 0.006291361 0.01900359 0.6669214 0.483257 0.05410165 0.1076923
0.1016962 0.1185983 0.1439579 0.06229154 0.005877828 0 0.009964978 0.03939983 0.01069811 0.0401646 0.01992996 0 0.009964978 0 0.009964978 0 0.08439284 0.07130455 0 0.01791447 0.05645522 0.04682452 0 0.009964978 0.009964978 0.01601874 0 0 0 0 0 0.05544807 0 0.009964978 0 0.02283575 0.0240006 0.003514442 0.01392143 0.05745193 0.009964978 0.02623933 0.00536335 0 0 0.009964978 0 0 0 0 0 0 0 0 0 0 0 0 0 0 0 0.009964978 0.04353353 0.09845003 0.3539589 0.03532118 0.003768703 0.02608262
0.009964978 0.05748695 0.01992996 0 0 0 0 0 0.02459713 0.02509202 0.01992996 0 0 0 0 0 0 0.02744446 0.09409469 0 0 0 0 0 0 0.01052279 0.0393021 0.02989493 0 0 0 0 0 0.01992996 0 0.009964978 0 0 0 0 0 0.01992996 0 0 0.001202047 0 0.01056847 0.009964978 0.0001871086 0 0.01992996 0.009964978 0.01992996 0.01878984 0 0 0.01992996 0.05542837 0.1594574 0.08246199 0.00582173 0.001295713 0.06012022 0.02224899 0.03564895 0.03810992 0.03279762 0.1502565
0.005948065 0.04387683 0 0 0 0 0.009964978 0 0.009964978 0.03536651 0.0102693 0.003869607 0 0 0.01889056 0.01992996 0 0 0.04039557 0.1288473 0 0 0.02989493 0.009964978 0 0 0 0.009964978 0 0 0.009964978 0 0.02262542 0.0172345 0 0 0.009964978 0 0 0 0 0 0 0 0.008762931 0 0.009361485 0.01727739 0.01243044 0 0 0 0.009964978 0.001140119 0 0.04944225 0.07798752 0.06449035 0.01992996 0 0 0.02989493 0.02625089 0 0.03649676 0.09006158 0.1863664 0.2356385
0.05978987 0 0 0 0 0 0 0 0.009964978 0 0.07971983 0.03985991 0 0.009964978 0.02096936 0 0 0 0 0.07109491 0.01845416 0 0 0 0.01992996 0.009964978 0 0.07124096 0.01844384 0 0 0 0 0 0 0 0 0.02989493 0.002752251 0 0.009964978 0 0 0 0 0 0.01992996 0.01992996 0.009964978 0.04793082 0.09141643 0.05978987 0.3061777 0.1400663 0.09099972 0.2293234 0.001986058 0 0 0.02989493 0 0.001764146 0.03042786 0.03167974 0.07892855 0.1217548 0.1308196 0.08254792
0.05978987 0.009964978 0 0.01992996 0 0.02989493 0.0509863 0 0.01992996 0 0.006459708 0.03331245 0.009964978 0.06472641 0.01499341 0 0 0.02989493 0 0 0.07961011 0 0.01992996 0.009964978 0.009964978 0 0.02188619 0.02559128 0.009964978 0 0.02989493 0 0.009964978 0 0.0138156 0.006114361 0 0 0.02714268 0 0.009964978 0.009964978 0 0.00666763 0.03319228 0.01992996 0.01992996 0.009964978 0.1260594 0.06373797 0 0 0.04072501 0.05860687 0 0 0.01992996 0.009964978 0 0.02989493 0.009964978 0.07380363 0.1702159 0.06862279 0.09115485 0.0228845 0.02989493 0
0 0.04249907 0.02989493 0.009964978 0 0 0.008803574 0.0009736157 0 0.02033104 0 0.08844316 0.1299694 0 0.009964978 0 0 0 0.009964978 0 0.03220116 0.04738292 0.009964978 0.01758106 0.01919272 0 0.008008748 0.01426863 0 0 0 0 0.009964978 0 0.01992996 0 0 0.005127935 0.004837044 0 0 0 0 0 0 0.02095338 0.02927115 0.107761 0.0236075 0.02989493 0.009058157 0.0009068211 0.01992996 0.001183004 0.08839209 0.009964978 0.04062291 0.009201984 0 0.01461199 0.02989493 0.09196944 0.07091732 0 0 0 0.005497321 0
0 0.0172908 0.03224221 0 0 0 0 0.008991363 0 0.009563892 0 0.01730154 0.1182616 0.03407978 0.009964978 0.01892012 0 0 0 0 0 0.0611329 0.1252865 0.00308614 0 0 0.009964978 0.02989493 0.01992996 0 0 0 0 0 0.009964978 0 0 0 0.002813463 0 0 0 0 0.001668404 0 0.117458 0.0904828 0 0 0.008935999 0.03092392 0 0.009770907 0.02052671 0.06067991 0.03835338 0 0.01779885 0.03152682 0.1307614 0.06197837 0.02770644 0 0 0 0 0.004467657 0
0.01431829 0.00561167 0.02005446 0 0 0 0 0 0.009964978 0 0.01801112 0.04253241 0.03012405 0.1278316 0.04089024 0.01097481 0 0 0 0.007804465 0 0.002727423 0.07462328 0.08460256 0.009964978 0.001918424 0.01801153 0.02989493 0 0 0 0 0 0 0 0 0.009964978 0.01326728 0.02320061 0 0 0 0.003924122 0.01687324 0.1031636 0.01115948 0.009964978 0.04112958 0.009964978 0.02989696 0.009964978 0 0.009964978 0.02144853 0.0272806 0.02236359 0.01867008 0.1282556 0.05978987 0.03236436 0 0 0.009964978 0 0.01992996 0.02403045 0.01582947 0
0.02289057 0 0.04735312 0 0 0 0 0 0 0.02989493 0.01917629 0.03954774 0.010245 0.04879456 0.05197529 0 0 0 0 0.01212549 0.009964978 0 0 0.07437019 0.05493469 0 0 0.009964978 0 0.005430655 0.009964978 0.009964978 0.009964978 0.01992996 0 0 0 0.01662766 0.01384584 0.009964978 0.01242889 0.009964978 0.03715784 0.2258019 0.05230023 0.01241121 0.009964978 0.03933657 0.009048058 0.01087988 0.01992996 0 0.009964978 0.03963278 0.02911915 0.02129947 0.09008769 0.1315253 0.01992996 0 0 0 0 0 0 0.06420265 0.0553771 0.03486432
0.01001141 0 0.06975485 0 0 0.001679809 0 0 0.02093314 0.009964978 0.009964978 0.08145878 0.01835579 0 0.01896922 0.04082065 0.008860212 0 0 0.009964978 0.009964978 0 0 0 0.06523564 0.0242874 0 0 0.009964978 0.02446428 0.02989493 0 0.01458327 0 0.01808252 0.003785518 0 0.01194645 0.001205495 0.002770579 0.007501069 0.04172929 0.1782177 0 0.006997059 0.01938373 0.008699645 0.05950402 0.0306998 0.03995001 0.01015956 0.0800619 0.06836946 0.1614944 0.1774516 0.05206519 0.03820414 0.009964978 0 0 0 0 0 0 0.02989493 0 0 0.005203599
0.006957942 0 0.01821462 0.01418727 0.009964978 0.06807504 0.02240751 0.0287764 0.02178358 0 0 0.0265446 0.003356475 0.009964978 0 0.02949877 0.02026846 0.008464231 0 0 0 0 0.009964978 0 0.009964978 0.0697232 0.001900748 0.00755514 0.05219675 0.1034621 0.09992809 0.07562917 0.2389864 0.1250995 0.206455 0.05630868 0.1099191 0.1104145 0.10934 0.1270785 0.07283818 0.05524164 0.01230954 0.01992996 0.009964978 0 0 0.02156455 0.0692663 0.2202691 0.1403209 0.05908552 0.02159759 0.04190983 0.09564184 0.00800298 0 0.009964978 0 0 0.003359577 0.006605402 0 0 0 0 0.01992996 0.009964978
0.009964978 0 0.007458019 0.02989493 0.009964978 0.0434665 0.1105427 0.01371004 0 0 0.0004454373 0.03007148 0.009964978 0.009194373 0.01073558 0 0.03122577 0.101585 0.009362132 0 0 0.01759082 0.009964978 0 0.07194511 0.359763 0.1241985 0.1094216 0.03069029 0.00551789 0 0.009964978 0.01508068 0.004849281 0 0 0 0.01652424 0.02346018 0.009964978 0.01992996 0.01765946 0 0 0.001536207 0.01134504 0.02989493 0.06754961 0 0.01006345 0.09024855 0.02916303 0.03941829 0.01132439 0.04445861 0.0282312 0 0.009964978 0 0 0 0 0.04672882 0 0.009964978 0 0 0
0.009964978 0 0.009964978 0.08968481 0.01992996 0.01695896 0.002971002 0.02736454 0 0.01992996 0.01948452 0.06943953 0 0 0.009964978 0 0.009964978 0.02068895 0.09727471 0.008244798 0 0.002339138 0.03703463 0.08732611 0.07290073 0.09269617 0.03968586 0.03628391 0.01584159 0.004447088 0.009964978 0.01490647 0.03491842 0.01992996 0 0 0 0.009964978 0.006789255 0 0.02989493 0 0 0.009964978 0.09980031 0.05840981 0.03985991 0.01992996 0 0.009755999 0.02989493 0.000285478 0.0004416224 0.0133344 0.01656053 0.009964978 0.009964978 0 0 0.009964978 0 0.011412 0.02875458 0 0 0.009964978 0 0
0 0 0.01643634 0.0134586 0.04982489 0 0.009964978 0 0.01831434 0.001615612 0.02046825 0.02077233 0.02941856 0.07980005 0.07971741 0 0 0 0.07107279 0.1117954 0.105921 0.1276125 0.03252034 0.009964978 0.01011352 0.08036254 0.09297069 0 0.004088372 0.009964978 0.02989493 0 0.005532083 0.0102693 0.01409355 0 0 0.02237864 0.0009239931 0.04946054 0.0600942 0.0839197 0.04082802 0.03004312 0.009415598 0 0.009964978 0 0 0 0.05978987 0.01992996 0 0.01187089 0.037954 0.009964978 0 0 0 0 0.02989493 0.0498453 0 0.004923159 0.0150068 0 0 0.03985991
0 0.01992996 0.02989493 0 0.007314228 0.04816844 0.07295414 0.07994609 0.06155366 0.03985991 0.08914652 0.07830495 0.1492426 0.1500413 0.1900375 0.1006249 0.07937936 0.2173011 0.1518272 0.2246519 0.1162398 0.07303097 0.002558571 0.03921123 0.04358765 0.009964978 0.2057455 0.01409191 0.005564168 0 0.009964978 0 0.01992996 0 0.006374953 0.05689548 0.04431057 0.01210116 0.04431603 0.05107152 0.06975485 0.03012353 0.01767632 0.002039828 0 0 0.001207058 0 0 0.001104995 0.03875492 0.02989493 0.02989493 0 0.009964978 0 0.01317424 0.0167207 0 0 0 0.03266394 0 0 0 0 0 0
0.009964978 0.06962719 0.04995255 0.02169365 0.08793139 0.1895656 0.07100622 0 0 0 0.04982489 0.009964978 0 0.05986232 0.009964978 0 0.01992996 0.153232 0.02034924 0.07774005 0.008019744 0.03479976 0.07698883 0.04717701 0.007004806 0.04982489 0.06339047 0.1402987 0.03525091 0.00562553 0.04989814 0.0724134 0.009035525 0 0.004298302 0.03006819 0.001860504 0 0 0.01690121 0.02836509 0.02883845 0.009964978 0.00792515 0 0 0.03865286 0 0 0.02989493 0.009964978 0 0.04982489 0 0 0 0 0 0.009964978 0 0.0719737 0.005408294 0 0.009964978 0 0 0.009964978 0.009964978
0.009964978 0.1749833 0.1297449 0.08809532 0.0218836 0.02989493 0.03161348 0.03143131 0 0.009964978 0.04976373 0.0006866905 0.009964978 0.0001495728 0 0.009964978 0 0.01110347 0.05999244 0.07384845 0.09807571 0.03017324 0.1431096 0.09392136 0.06612331 0.0242426 0.03198293 0.2092793 0.02989493 0.03423439 0.0310308 0.0120017 0.02492001 0.04064827 0.03875332 0 0 0 0 0 0.009964978 0 0 0 0 0 0 0 0 0.001573428 0.008391551 0 0.009964978 0.009964978 0.01992996 0.02319922 0.01666069 0 0 0 0.1019876 0.009964978 0 0.009964978 0 0.009964978 0 0
0.1704051 0.1203288 0.02278794 0 0.01230248 0.01992996 0.05807133 0.08721741 0.03214852 0.009616584 0.09156116 0.01048741 0.02145394 0.0008949357 0.009070043 0 0 0.009964978 0.001274228 0 0.02388371 0 0.1523992 0.166258 0.2801488 0.2289662 0.2814865 0.09237609 0.1864499 0 0 0 0.01992996 0.04050523 0 0 0 0 0.009964978 0 0.008955611 0.01097435 0.01992996 0 0 0 0.009964978 0 0 0.001885717 0.02020826 0.007800959 0 0.02989493 0 0.01992996 0 0.009964978 0 0.04256994 0.01513109 0 0.009964978 0.009964978 0 0 0 0
0.1358321 0.0467327 0.1466167 0.03985991 0.007627481 0.01060103 0.05025934 0.09992809 0.1488489 0.03985991 0.1689817 0.02040546 0.1391715 0.03018748 0 0.009964978 0 0.07866858 0 0.04982489 0.0963338 0.4051633 0.2110913 0.06975335 0.09043811 0.1883622 0.1049005 0 0.2130371 0 0 0.006476912 0.02341802 0.005339603 0 0 0 0 0 0.009964978 0 0 0 0 0.001809155 0 0.03985991 0 0 0.009964978 0.009964978 0 0.009964978 0.03985991 0.02920578 0 0 0 0 0.07984433 0 0 0.02989493 0.006803535 0.009964978 0 0.009964978 0.005918717
0.07795334 0.01509869 0.0428628 0.058136 0.07140873 0.1164369 0.1007471 0.07925723 0.1810075 0.1396877 0.03885972 0.04980841 0.06600793 0.1708243 0.009964978 0.009506661 0 0.07052845 0.03717514 0.09991863 0.06659155 0.2021324 0.07052688 0.01244755 0.02983727 0.06279293 0.04656868 0.009964978 0.05560433 0.06389172 0.009964978 0 0 0 0.02778828 0.01207163 0 0.009964978 0 0 0 0.002662329 0.002454137 0.002271968 0.03805076 0.009964978 0.009964978 0.001641401 0.008323578 0 0.009964978 0.009964978 0.009964978 0.01340631 0.036465 0.02989493 0 0 0.0142039 0.09553537 0 0 0.01992996 0.01974115 0.003350255 0 0.01608627 0.03980225
0.07192155 0.06216659 0.04490589 0.02989493 0.009964978 0.009964978 0.1319633 0.06277759 0.1400898 0.01959859 0.009200165 0.0407968 0.06030833 0.01854723 0.04982489 0.09014312 0.05230943 0.09207124 0.05018127 0.03963516 0.003727872 0.0141767 0 0.009964978 0.03486052 0.02201353 0.0365073 0.009964978 0.04241702 0.1133981 0.001938613 0 0.005233092 0 0.01992996 0 0 0 0 0 0 0.007302649 0.0274408 0.01765799 0 0 0 0 0.01992996 0.009964978 0 0 0.009964978 0 0.0006427281 0 0.009964978 0.01992996 0.1088837 0.0008815658 0 0 0 0 0 0 0.01155356 0.01632402
0.1124185 0.1281736 0.1153533 0 0.06895181 0.0799721 0.1859467 0.02008048 0.04918162 0.06170158 0 0 0.0211927 0.05025934 0.02793301 0.01932915 0.03478482 0.06506754 0.009964978 0.01377888 0.02608103 0.002025383 0 0 0.04256192 0.03998442 0.00335261 0 0.03730281 0.1024261 0.02133337 0.01740478 0.01722204 0 0 0 0 0 0.003561931 0 0.009964978 0 0.03071735 0.009142561 0 0 0 0 0.009964978 0.009964978 0 0 0 0 0 0 0.02490885 0.01495106 0.08140914 0.01992996 0 0 0 0 0 0 0 0
