EnvRasters/RC_High/infrstr.asc
ncols         270
nrows         223
xllcorner     24099.479091542
yllcorner     21023.840179216
cellsize      1003.8986847201
NODATA_value  -9999
[rows 30 to 59 of 223, columns 0 to 67 of 270]
-9999 -9999 -9999 -9999 -9999 -9999 -9999 -9999 -9999 -9999 -9999 -9999 -9999 -9999 -9999 -9999 -9999 -9999 -9999 -9999 -9999 -9999 0 0.08884297 0.3491564 0.2112526 0.1553927 0.07872139 0.02877073 0.00753567 0.02720539 0.01241058 0.05007717 0.03716203 0.1057281 0 0 0 0.009964978 0 0.005546577 0.004282661 0.005962962 0.1515928 0.1749206 0.06348312 0.09964979 0.09982495 0.02260613 0 0.0197541 0.0218325 0 0 0.02898978 0.009964978 0.02951027 0.01046496 0.03935994 0.0005521962 0.009964978 0.08975726 0 0.009964978 0.02245337 0.02737153 0.009964978 0.012495
-9999 -9999 -9999 -9999 -9999 -9999 -9999 -9999 -9999 -9999 -9999 -9999 -9999 -9999 -9999 -9999 -9999 -9999 -9999 -9999 -9999 0.04956555 0.1872716 0.1800877 0.2120317 0.2680112 0.1675974 0.06401011 0.05689086 0.09211411 0.002689549 0 0.009964978 0.02989493 0.01385164 0.05571543 0.01992996 0 0.03985991 0 0 0.02561227 0 0.0662528 0.1761077 0.1298673 0.1496749 0.05253953 0.01244636 0.02989493 0.02672658 0.009642702 0.009964978 0 0.01992996 0 0.009964978 0.009964978 0.07039598 0.01869153 0.04230408 0.1405931 0.08458405 0.006731244 0.002757624 0.06012022 0.07445493 0.03985991
-9999 -9999 -9999 -9999 -9999 -9999 -9999 -9999 -9999 -9999 -9999 -9999 -9999 -9999 -9999 -9999 -9999 -9999 -9999 0.0001098106 0.1083598 0.1584038 0.07202992 0.141271 0.2400488 0.1987821 0.1347901 0.1671399 0.08616414 0.08187664 0.05038656 0 0 0 0 0.03396938 0.01566772 0.009964978 0.01514724 0 0 0.01597433 0.02225525 0.1695291 0.2528185 0.1479283 0.06136255 0.08212218 0.09536909 0.07376968 0 0.008974549 0.0009904295 0 0.02989493 0.01992996 0.0006613242 0.009303655 0.03142943 0.03892272 0.02393332 0.0550778 0.06519496 0.06337998 0.07711039 0.07642525 0.09102543 0.01992996
-9999 -9999 -9999 -9999 -9999 -9999 -9999 -9999 -9999 -9999 -9999 -9999 -9999 -9999 -9999 -9999 -9999 -9999 0.03044154 0.2389183 0.6479328 0.4718212 0.3395503 0.127368 0.03108633 0.04276396 0.05004553 0.02419366 0.1041174 0.05081633 0.1273123 0.1103535 0.1328411 0.1036968 0.03599891 0.04441482 0.1128052 0.05490321 0.03956432 0.03550383 0.004356084 0.05596437 0.03951247 0.1135887 0.1269853 0.137172 0.1290932 0.05516581 0.09651959 0.09059948 0.05190467 0.03923382 0.05485777 0.02000145 0.03017324 0.02020826 0.0392687 0.01992996 0.03139913 0.09990206 0.09789331 0.059007 0.1139626 0.02760788 0.06344569 0.003634481 0.08201892 0.1058061
-9999 -9999 -9999 -9999 -9999 -9999 -9999 -9999 -9999 -9999 -9999 -9999 -9999 -9999 -9999 -9999 0.03087061 0.1898664 0.06159131 0.06876556 0.02031165 0.2592278 0.02058046 0.04914274 0.009964978 0.009964978 0.001691471 0.02989493 0.005095131 0.02479981 0.009964978 0.02713086 0.01093808 0.04880366 0.2913404 0.2108317 0.1485085 0 0 0.01091004 0.04847618 0.02645979 0.0802007 0.1357695 0.06179427 0.2787195 0.104262 0.1220324 0.02159119 0.01992996 0.01785018 0 0.02524446 0.01017178 0 0 0.009964978 0 0 0.01992996 0.04982489 0.02071283 0.1006408 0.02861199 0.003257303 0.04982489 0.04186592 0.06756106
-9999 -9999 -9999 -9999 -9999 -9999 -9999 -9999 -9999 -9999 -9999 -9999 -9999 -9999 -9999 0.1187291 0.2278568 0.08987588 0.0006178593 0 0 0 0.03079871 0.05882843 0.01992996 0.03168567 0.008174249 0.01992996 0.04274579 0.05690399 0.02989493 0.05354006 0.1058159 0.08394517 0.04642512 0.02494612 0.09380791 0.1146937 0.0647561 0.02498415 0.05513933 0.01992996 0.0754076 0.0703084 0.1927355 0.2018082 0.1096612 0.04982489 0.009964978 0.009964978 0.009555041 0.0004099376 0.009964978 0 0 0.000845407 0 0.009964978 0.001842507 0.008122471 0 0.0391699 0.009964978 0.001282947 0 0.009964978 0.0516709 0.1224137
-9999 -9999 -9999 -9999 -9999 -9999 -9999 -9999 -9999 -9999 -9999 -9999 -9999 0.01992996 0.1482041 0.04972736 0.02878705 0.01992996 0.01067689 0.01023448 0.009964978 0.029696 0.01992996 0.07204109 0.09714974 0.03985991 0 0 0.0103832 0.09622978 0.11978 0.04902199 0.009964978 0 0.009964978 0.01029257 0.03901079 0.02449637 0.06530114 0.09650887 0.0218591 0 0.05449113 0.05512363 0.1456513 0.1062144 0.126359 0 0.009180604 0.01074935 0 0.04982489 0 0.02989493 0 0.009119571 0.01992996 0 0.0001111127 0.009964978 0 0.06985333 0.009964978 0 0 0.009964978 0 0.06196326
-9999 -9999 -9999 -9999 -9999 -9999 -9999 -9999 -9999 -9999 -9999 0 0.009964978 0.08785234 0.05252437 0.001010358 0.009964978 0.01992996 0.04911299 0.02005446 0.01088468 0.07899906 0.009964978 0 0.04292453 0.05651144 0.08111587 0.08991106 0.04965895 0.0172959 0.00630634 0.009964978 0.009964978 0 0.009964978 0.003401564 0.0225934 0.005726692 0.009964978 0 0.04188853 0.07021532 0.07989404 0.05263396 0.1262451 0.06797602 0.1031207 0.05978987 0 0.01992996 0 0.009964978 0.0007452213 0.03066051 0 0.02140599 0.0284189 0.01992996 0.01981884 0 0.003179834 0.0472366 0 0 0.009964978 0.02989493 0.009964978 0.03499686
-9999 -9999 -9999 -9999 -9999 -9999 -9999 -9999 -9999 0 0.1208232 0 0.06202596 0.0579125 0.009964978 0.0113683 0.01992996 0.01992996 0.03101148 0.04872875 0 0.001458242 0.01847172 0.009964978 0.04899014 0.1222236 0.018578 0.08133651 0.04476907 0.01380579 0.01608915 0.02989493 0.009964978 0 0 0.00780185 0.006063102 0.004238286 0.009964978 0 0.009964978 0.02989493 0.009964978 0.2140479 0.2630063 0.06593025 0.05786368 0.112462 0.03003628 0.02989493 0.009964978 0.0005449909 0.02934995 0.01841917 0 0.009964978 0 0.02989493 0 0.009964978 0.04982489 0.003744402 0.01618556 0.0287977 0 0.01992996 0.01813007 0.009964978
-9999 -9999 -9999 -9999 -9999 -9999 -9999 -9999 0.002566758 0.13431 0.1324985 0.07143601 0.07984433 0.05902169 0.02069814 0.01852664 0 0 0 0.02072373 0.07120559 0.06004215 0.08788826 0.06203894 0.01851565 0.003895742 0.06585349 0.01155443 0.01181467 0.00848836 0.0114416 0.03460464 0.02518523 0.009964978 0.003738886 0.02861425 0.01392488 0 0.01696111 0.03006914 0.00279464 0.03769995 0.03019926 0.08057716 0.1690769 0.09855665 0.1455819 0.05031699 0.0401827 0.01298834 0.03195261 0.009964978 0 0.01156863 0.01125634 0 0.06066485 0 0 0 0.02989493 0.009964978 0 0.001097235 0.01992996 0.02504781 0.00664701 0.009964978
-9999 -9999 -9999 -9999 -9999 0 0.02281194 0.09829827 0.03749339 0.01136795 0.02288348 0.05657022 0.2292673 0.02294105 0.06975485 0.001678342 0.03307829 0.0511628 0.06004215 0.07170803 0.1259184 0 0.01230008 0.01759486 0.009964978 0.01033424 0.01080043 0 0 0.0179389 0.009964978 0.01992996 0 0.006828867 0.002065964 0.01144589 0 0 0.009964978 0.0571774 0.03276499 0.03474597 0.02989493 0.03705679 0.04112496 0.00938666 0.07639063 0.1067743 0.02288269 0.0272243 0.07752954 0.01201952 0.03516344 0.03019364 0.04680736 0 0.01905498 0.00294348 0.04710016 0.06323791 0.006516941 0 0.009246864 0.02989493 0.005177863 0.02007814 0.01460391 0.02989493
-9999 -9999 -9999 -9999 0.07046139 0.03269941 0.06444284 0.0330496 0.01201261 0.01992996 0.02583279 0.07086348 0.08222532 0.06730833 0.04191045 0.1182624 0.07734994 0.04810001 0 0.009483744 0.01992996 0.05982308 0.01240417 0.0203644 0.007091337 0 0 0.00416902 0.03001709 0.01762983 0.009964978 0.03252989 0.04454266 0.003136112 0 0 0.009964978 0 0 0.04927385 0.06354357 0.06997549 0.00169153 0.06562687 0.009964978 0.0588154 0.0343876 0.02011644 0.03716091 0.0693161 0.02555557 0.04035271 0.06648718 0.07009119 0.007900491 0.01992996 0.0007856619 0.003203721 0.06986645 0.04629082 0 0.02937939 0.01068309 0 0.03985991 0.009964978 0.005916637 0.004048341
-9999 -9999 0.0183308 0.08257386 0.1934621 0.01992996 0.004139388 0.06605225 0.02214387 0.00137897 0.009964978 0.0349752 0.07495886 0.1042676 0.05789641 0 0 0.001120596 0.009964978 0.01992996 0.009964978 0.03238696 0.03707756 0 0.009964978 0.003794583 0.03606533 0.01992996 0 0.01492482 0.06258452 0.04250719 0.01581178 0.0439781 0.02295395 0.03370879 0.08284695 0.02729839 0.0225265 0.03162661 0.0527062 0.05491843 0.004709677 0.1252458 0.009550766 0.02034417 0.01641177 0.009964978 0.01992996 0 0.04753779 0.1166197 0.1616374 0.03796963 0.02859388 0.04006014 0.08601781 0.01056285 0 0.04982489 0.009964978 0.0005155417 0 0.03892237 0.009964978 0.00850695 0.05501738 0.002976152
0 0.04753289 0.06840136 0.06206862 0.05266783 0.03985991 0.03572053 0 0.02879661 0.06995508 0.03012119 0.01758593 0.1622058 0.07523632 0 0.01095051 0.01894442 0.02877434 0.01992996 0.02989493 0.01992996 0.009964978 0.02018708 0 0.01303479 0.006240505 0 0 0 0.01807819 0.05203538 0.03743562 0.01992996 0.02989493 0 0.02692395 0.02290094 0.009964978 0 0.01825435 0.05659492 0.01427047 0.07730125 0.03175924 0.0142006 0.07971983 0.003883559 0.009640417 0.01097627 0.02888365 0.009964978 0.002205746 0.08578256 0.04241886 0.153826 0.03985991 0.003857893 0.07611655 0 0.02428884 0.04000179 0.03503426 0.02989493 0.0009375469 0 0.01747773 0.04140887 0.01412262
0.1633024 0.07754631 0.02499497 0.0649965 0.0551096 0.004414413 0.009964978 0.01992996 0.08960111 0.01992996 0.01992996 0.07983105 9.135035e-005 0.04049703 0.01929284 0 0 0.009964978 0 0.002463081 0.007501897 0.02300169 0.07656034 0.009964978 0.01061964 0.04887835 0 0 0.01992996 0.001851768 0 0.03990634 0.009964978 0 0 0.02989493 0 0 0 0.03545217 0.02480052 0.01956824 0.08029976 0.03092499 0.005729355 0.02379562 0.0462659 0.02989493 0.06975485 0.009964978 0 0.0297696 0.02781452 0.009964978 0.03992519 0.07021532 0.09420823 0.03277593 0.009964978 0.009264265 0.09547141 0.07542337 0.02943039 0 0 0 0.009964978 0
0.05268607 0.0715099 0.007628498 0.01992996 0.039233 0.005550566 0 0.02989493 0.025663 0.02065833 0.04295189 0.06966075 0 0 0.02989493 0 0.009964978 0 0 0.03985991 0 0.02661993 0.03676387 0.03635373 0.03985991 0.01091152 0.01992996 0.01514894 0.0514264 0.03812703 0.04982489 0.01234285 0 0 0.02706203 0.01279788 0 0.009964978 0.02480001 0.04505332 0 0.0392818 0.05566393 0.009964978 0.01020137 0.05568781 0 0 0.01992996 0 0 0.009964978 0 0.009964978 0 0.01992996 0.05271018 0.07956029 0.03607347 0.05460016 0.09491751 0.009964978 0 0.006018596 0.07269478 0 0.02989493 0
0.03985991 0.08968481 0.03307101 0.01212895 0.03877537 0.07586948 0.02304816 0.01502855 0 0.1229042 0.06010825 0.007221726 0.01270261 0 0.01142691 0.02843301 0.05152156 0 0 0 0 0.05978987 0.009964978 0 0.009964978 0.009964978 0.009964978 0.009964978 0.02310947 0.01169787 0.01992996 0 0.007445748 0.02989493 0.02688125 0 0.01992996 0 0.01367853 0.0105607 0.01931338 0.03547139 0 0.009964978 0.009964978 0.0239145 0 0 0 0.01992996 0 0.009964978 0 0.03985991 0 0.009964978 0 0.02402585 0.08979113 0.04567197 0.1349726 0.08413965 0.03570202 0.01624999 0.03816958 0.01992996 0.02989493 0
0.01728746 0.1156959 0.1724042 0.07612976 0.01226472 0.0892743 0.1043946 0.05968016 0.1829607 0.06338131 0.05647315 0 0.01719232 0.009964978 0.02989493 0.03179131 0.01633691 0 0.009964978 0 0 0.02989493 0.009964978 0.009964978 0 0 0 0.008637235 0.01992996 0.02989493 0.03638224 0.02340764 0.01248421 0 0.01297867 0.01667643 0.009964978 0.09323304 0.03157268 0.04013822 0.06583476 0.02986895 0.01092215 0.03892873 0.004395311 0.04411948 0.009964978 0 0 0.003016035 0.02253881 0.007356124 0 0 0.02989493 0 0 0 0.01992996 0.05443829 0.1455946 0.07829411 0.02027955 0.04944366 0.009964978 0.06975485 0 0.01992996
0.06752077 0.02906479 0.009964978 0.02425881 0.07942791 0.05055451 0.134007 0.1138452 0.03661691 0.02338229 0.02956428 0.009964978 0 0.009964978 0.009964978 0.009964978 0 0 0 0 0 0.02989493 0 0.0145761 0.02512154 0.02989493 0.01992996 0.06111762 0 0 0 0 0 0 0 0.07141667 0.1227322 0.07106263 0.02595917 0 0.06432657 9.609886e-005 0.03985991 0 0.005569667 0.02165082 0.009964978 0.01202519 0.007904767 0.006948943 0.01992996 0 0.002307765 0.009964978 0 0.009964978 0 0 0 0 0.02158225 0.1637854 0.09340707 0.06927242 0.009149855 0 0.02989493 0.05978987
0.009964978 0.01557442 0.009964978 0 0 0.04465041 0.1767234 0.05187459 0.01992996 0.009964978 0.009964978 0.01992996 0 0.009964978 0 0.02989493 0.001835953 0 0 0.02095916 0.009964978 0.009964978 0.03988244 0.01014502 0 0.009964978 0 0.009964978 0.006555273 0.003409706 0 0 0 0 0 0 0.0270468 0.02924457 0.004684609 0.04982489 0.08968481 0.009964978 0.004982625 0.01992996 0 0.009964978 0 0 0.02316897 0.01992996 0 0 0.01762219 0 0 0.01464197 0.01661824 0 0.0006886527 0.01583325 0.01406168 0.03017193 0 0.03801221 0.1008733 0.06017227 0.03638212 0.02147265
0 0.03425047 0 0 0.009964978 0 0.01992996 0.009964978 0.009964978 0 0 0 0 0.009964978 0.009964978 0.01992996 0.02805898 0.03149105 0 0.008935772 0.03060623 0 0.004758833 0.03493932 0 0 0 0.01992996 0 0.009964978 0.009964978 0 0 0 0 0.02989493 0.009041934 0.03444708 0.009964978 0.009964978 0.01150636 0.04828351 0.01494733 0.009964978 0 0.02407419 0.02989493 0.009964978 0.04658588 0.003137298 0.04958267 0 0 0 0 0 0.0085997 0 0.05910122 0 0 0.006763194 0.003201784 0 0 0.01992996 0.1216297 0.04188571
0 0 0 0 0.009964978 0.01992996 0.0005789668 0.02931597 0.009964978 0.009964978 0 0.009964978 0.02989493 0.01259644 0 0 0 0.1116948 0.02754908 0.01992996 0.05534826 0.01528882 0 0.01008645 0.005728327 0.01420163 0.02989493 0.01992996 0 0 0.009964978 0 0.009964978 0.01992996 0 0 0.009964978 0.0362456 0.009964978 0 0 0.08133717 0.008897956 0.009964978 0.004398855 0.01578572 0.009964978 0 0.02989493 0.009964978 0.03696484 0 0 0 0 0 0 0 0.04604844 0.01374143 0.009964978 0.03988385 0.01992996 0.01992996 0.009964978 0 0.008519044 0.02978021
0.01992996 0.009964978 0.02989493 0 0.009964978 0 0 0.0149933 0.04906193 0.01992996 0.009964978 0 0 0.0172985 0.01992996 0 0.009964978 0.01992996 0.008634723 0.05439593 0.09989082 0.005167693 0.01542297 0.01447197 0 0 0.01585696 0.003367757 0 0 0.00819275 0.01992996 0.05978987 0 0 0 0.009964978 0.1032641 0 0.009964978 0.009964978 0.1044556 0 0 0.04542604 0.009964978 0 0 0.02989493 0 0 0 0.01992996 0.01992996 0.009964978 0 0 0.04592628 0.003898609 0 0 0.029871 0.01992996 0 0 0 0.01992996 0.01152564
0 0 0.005309272 0.01077499 0.009964978 0.009964978 0.009964978 0.02562958 0 0.01360014 0.02348704 0.01992996 0 0 0 0 0 0 0.009964978 0.03462211 0.06341936 0.009964978 0 0.02989493 0.006300857 0.03355906 0.06379443 0.07311465 0.01266407 0.01768337 0.06197052 0.04169808 0.1071557 0.07015531 0.02198851 0 0.009964978 0.1096148 0.08968481 0.03985991 0.009964978 0.06516078 0.009964978 0 0 0.009964978 0 0 0.009964978 0 0 0.01992996 0 0.01992996 0 0 0.01992996 0 0 0 0 0 0.01992996 0 0 0 0 0
0 0 0.004391497 0.02462718 0 0 0 0.01860333 0.009964978 0.05615471 0.01869942 0.00763843 0.009964978 0.009964978 0 0 0.009964978 0 0.01992996 0 0.009964978 0 0 0 0 0 0.02765443 0.02277723 0.008728014 0 0.01992996 0 0.1694046 0.009964978 0.009964978 0 0 0.04624576 0.02068255 0.08893221 0.02136928 0.1381372 0 0 0.01992996 0.008627363 0.01401517 0.01356061 0.0262993 0.003288983 0 0.03985991 0.009964978 0 0.009964978 0.01179661 0 0 0.01992996 0 0.009964978 0 0.009964978 0 0 0 0 0.04681066
0 0 0 0.004721948 0 0.009964978 0.009964978 0.02125658 0.009964978 0 0 0 0.009964978 0.009964978 0 0 0 0 0.009964978 0.001125606 0.03985991 0.00661758 0.02422737 0 0.009964978 0.02989493 0.02989493 0.01703171 0.003152872 0 0.009964978 0 0.009964978 0.009964978 0.009964978 0.01019496 0.01969998 0.01354411 0 0.009964978 0 0.1241161 0 0.01992996 0.009481423 0.04050578 0.03650148 0 0 0.02105345 0.01551748 0.03045083 0.06734046 0.03461395 0.06192818 0.008133343 0.01992996 0.009964978 0.009964978 0 0.009964978 0 0.009964978 0 0 0.009964978 0.009964978 0.02140001
-9999 0 0 0.009964978 0 0.009964978 0 0.009964978 0.004216851 0 0 0 0 0 0.02662368 0.005900642 0.009964978 0.009964978 0 0.008839373 0.06975485 0.03925479 0.009620095 0.009964978 0.009861833 0.009964978 0.009964978 0.0007716875 0.03848255 0.01025275 0 0.008222316 0.007962076 0.009964978 0 0 0.009964978 0.04982489 0.03985991 0.02989493 0.01992996 0.08970521 0 0 0.03500949 0.009964978 0.01992996 0.01992996 0.01727516 0 0.01824579 0.1241932 0.09441485 0.06103895 0.05168347 0 0 0 0.009964978 0 0 0 0 0.02989493 0.01940819 0 0 0.03985991
-9999 -9999 0 0 0 0.009964978 0 0 0.01422264 0 0.0204017 0.06656951 0.009964978 0.009964978 0.007335596 0 0 0.005237557 0.004727421 0 0.02094023 0 0 0.01992996 0.0001031452 0.009964978 0.009964978 0.009101516 0.008971395 0.04011069 0.01101446 0.01170764 0.002002903 0 0 0 0 0.03636802 0 0 0 0.05981964 0.05437441 0.08280081 0.03214794 0 0.04380182 0.09019732 0.1224087 0.04008617 0.0118754 0.03563244 0.08983533 0.06451273 0.01764645 0.009964978 0.01992996 0.009964978 0.009964978 0 0 0.01865395 0.01124098 0.009297629 0.04021889 0.06056132 0.1168445 0.04978745
-9999 -9999 0 0 0 0 0.01992996 0.009964978 0.05407422 0.03710106 0.02264356 0.009964978 0.009964978 0.01281734 0 0 0.009964978 0 0.01992996 0 0.04992337 0 0 0 0.0299367 0 0.01992996 0.01082844 0.0009935838 0 0.02989493 0.01992996 0 0.007664571 0 0.03698698 0.01090787 0.1120871 0.1102494 0.06816152 0.08750885 0.02128641 0.08514633 0.03842844 0.04126857 0.02390585 0.06577896 0 0 0 0.01992996 0.06976715 0.03135847 0.04393516 0.01569294 0 0 0 0.009964978 0.009964978 0.01992996 0.01992996 0.009964978 0.009926424 0 0.01931887 0.1305074 0.094772
-9999 -9999 0 0 0 0.009964978 0 0.009964978 0 0.009964978 0.009964978 0 0 0.01162733 0.01541525 0.009964978 0 0 0.01992996 0 0.03875117 0.000842885 0.007227624 0.02266731 0.02985318 0.02619414 0.003700798 0 0 0 0.01992996 0.03807437 0 0.002300408 0 0.03406484 0.04897813 0.02498279 0.1020797 0.05337871 0.02745874 0.05752492 0.1449567 0.05475373 0.01502394 0.01992996 0 0 0.01992996 0 0.009964978 0.02989493 0 0 0.02761735 0 0 0 0.01992996 0 0 0 0.009964978 0.01979422 0.02989493 0.03050602 0.1037761 0.0550057
