EnvRasters/RC_High/maize.asc
ncols         270
nrows         223
xllcorner     24099.479091542
yllcorner     21023.840179216
cellsize      1003.8986847201
NODATA_value  -9999
[rows 160 to 191 of 223, columns 144 to 215 of 270]
0 0 0 0 0 -9999 -9999 -9999 -9999 -9999 -9999 -9999 -9999 0 0.0832 0 0.1912 0.0327 0 0 0 0 0.000705 0.183349 0.021851 0.147716 0.003393 0.034185 0.000364 0.051015 0.301874 0.325047 0.124988 0.06973 2.4e-005 0.00329 0.010782 0 0 0 0.0617 0.091646 0.000891 0 0.001263 0.009196 0.035295 0 0 0 0 0 0 0 0 0 0 0 0 0 0 0 0 0.0334 0.0311 0.0006 0 0 0.080777 0.0248 0.1133 0.188957
0 0 0 0 0 -9999 -9999 -9999 -9999 -9999 -9999 -9999 -9999 0 0 0 0 0.0089 0 0 0 0.001561 0.001597 0.000222 0.011519 0.079513 0.035946 0.0198 0 0 6.4e-005 0.108761 0.109842 0 0 5e-006 4e-006 0 0 0 0 0 0 0 0 0 0 0 0 0 0.0265 0 0 0 0 0 0 0 0 0 0 0 0.00087 0.043506 0.1523 0.3209 0.226 0.48225 0.458624 0.14083 0.0895 0.2076
0 0 0 0 0 -9999 -9999 -9999 -9999 -9999 -9999 -9999 -9999 -9999 0 0 0 0 0 0 0.01161 0.079087 0.151456 0.012 0.0044 0 0.0004 0.0026 0 0 0.006318 0.157242 0.023516 0 0 0 0 0 0 0 0 0 0 0 0 0 0 0.0139 0.0573 0.1686 0.2391 0.0622 0.000331 0.000207 0 0 0 0 0 0 0 0 0.0892 0.236 0.203862 0.061864 0.2618 0.521449 0.360528 0.325734 0.22548 0.346703
0 0 0 0 0 -9999 -9999 -9999 -9999 -9999 -9999 -9999 -9999 0 0 0.021744 0.014479 0 0 0 0.008875 0.084669 0.111239 0.1196 0.0096 0 0 0 0 0 0 0.00586 0 0 0 0 0 0 0 0 0 0 0 0 0 3.3e-005 0 0.078409 0.0244 0.118472 0.4257 0.1908 0.017077 0.000208 0.032274 0.00044 0 0 0 0 0 0 0.011606 0.059302 0.213338 0.247554 0.12994 0.65485 0.501055 0.417898 0.354107 0.273768
0.0725 0 0 0 -9999 -9999 -9999 -9999 -9999 -9999 -9999 -9999 -9999 0 1.6e-005 0.034819 0.065363 0.033225 0 0 0.00026 0.000429 0 0.136583 0.225346 0 0 0 0 0 0 0 0 0.0084 0.050084 0.0555 0 0 0.022321 0 0 0 0 0 0.130974 0.040201 0.002101 0.0001 0 0.160332 0.1938 0.2477 0.074477 0.1509 0.029862 0.000632 0 0 0 0 1.9e-005 0 0.027497 0.324869 0.396174 0.462423 0.176927 0.1609 0.191 0.5009 0.521831 0.156713
0 0 0 0 -9999 -9999 -9999 -9999 -9999 -9999 -9999 -9999 -9999 0 4e-006 0.143133 0.084655 0.093854 0 0 0 0 0.008787 0.135608 0.215528 0 0 0.000356 0.050636 0.00102 0 0 0 0.348415 0.2184 0.0188 0.001332 0.168687 0.018678 0 0 6e-006 0 0 0.003472 0.079986 0.003277 0.000158 0 0 0.003549 0.065724 0.122443 0.013869 0.003636 0.084393 0 0 0 0.000562 0.002949 0.000474 0 0.268224 0.081036 0.630885 0.19648 0.000544 0.2785 0.1958 0.3788 0.306917
0 0 0 0 -9999 -9999 -9999 -9999 -9999 -9999 -9999 -9999 -9999 0 6.2e-005 0.046196 0.118525 8e-006 0.031914 9.2e-005 0.039266 0.014638 0.013273 0.182949 0.194791 0 0.000208 0.018195 0.280404 0.214924 0.139698 0.000237 0 0.037222 0.084 0 0.154159 0.08576 0.043732 0.007126 0.081795 0.090003 0.081157 0.027481 0.03209 0 0.016532 1e-006 0 0 0.065289 0.036194 0.050483 0.06021 0.013722 0.106655 0 0 0 0.046376 0.062253 0.072498 0 0.0573 0.162806 0.133192 0.090548 0.006487 0.4111 0.3925 0.3155 0.150796
0 0 0 0 0 -9999 -9999 -9999 -9999 -9999 -9999 -9999 -9999 0 0.077757 0.239185 0.032029 0.169483 0.121539 0.029796 0.062817 0.027516 0.224253 0.21838 0.048165 0 0.001874 0.044203 0.030572 0.161404 0.051557 6.1e-005 0 0 0 0 0.147873 0.015854 0 0.01209 0.120279 0.260104 0.009743 0.060974 0.275997 0.020354 0.024409 0 0 0.0153 0.008811 0.042642 0.0804 0.108278 0.080005 0.0366 0 0 0.045124 0.048616 0.127257 0.28745 0.113407 0.117731 0.1122 0.421242 0.179971 0.072998 0.0901 0.4296 0.212128 0.058186
0 0 -9999 -9999 -9999 -9999 -9999 -9999 -9999 -9999 -9999 -9999 0 0.000745 0.235951 0.101573 0.068662 0.001019 0.093172 0.024 0.16929 0.125358 0.208888 0.0427 0.015088 0 7.2e-005 0.224369 0.072207 0.599747 0.35427 0.175 0.0556 0.0025 0 0 0.00336 0.030413 0 0 0.128263 0.05757 0.02069 0.048245 0.074804 0.04426 0.094059 0 0 0 0 0 0.181645 0.238649 0.071526 0.0545 0.012576 0 0.000267 0.001326 0.129355 0.450467 0.45448 0.072663 0 0.005049 0.022571 0.1965 0.1663 0.1944 0.268457 0.169664
-9999 -9999 -9999 -9999 -9999 -9999 -9999 -9999 -9999 -9999 -9999 0 0 0 0.105425 0.106424 0.046303 0.084694 0.084185 0.046 0.148032 0.051587 0.14949 0.0536 0 0 0 0 0.003235 0.002586 0.0089 0.0616 0.236 0.108 0 0 0.003549 0.001092 0 4.7e-005 0 0.097799 0.095781 0.253625 0.123623 0.197706 0.11065 0 0 0 0 0 0 0.048504 0.15788 0.072508 0.050016 0.188612 0.082277 0.1311 0 0.0679 0.295616 0.364936 0.0212 0 0.112726 0.1343 0.660679 0.246779 0.136527 0.285249
-9999 -9999 -9999 -9999 -9999 -9999 -9999 -9999 -9999 -9999 -9999 0 0 0 0 0 0 0 0 0.1569 0.1709 0.096625 0.178572 0.0238 0.0197 0 0 0 0 0 0.000158 0.022984 0.1689 0.036148 8.1e-005 0.250651 0.1469 0.116967 0.271342 0.040476 0.065619 0.046014 0.15854 0.119279 0.026568 0.095115 0.320531 0.00087 0 0 0 0 0 0.058773 0.077365 0.16548 0.239252 0.18111 0.001672 0 0.314297 0.226314 0.341937 0.4457 0.0397 0 0.231577 0.1823 0.4277 0.358536 0.1079 0.055792
-9999 -9999 -9999 -9999 -9999 -9999 -9999 -9999 -9999 -9999 -9999 0 0 0 0 0 0 0 0 0.0101 0.090176 0.108522 0.091702 0.076374 0.306243 0.02502 0.0016 0 0 0 0.048183 0.133552 0.1943 0.0096 0.06297 0.099735 0.253445 0.00424 0.16518 0.001175 0.041083 0.016443 0.0342 0.087018 0.107659 0.100648 0 0 0 0 0 0 0 0.033279 0.322611 0.249743 0.221131 0 0 0 0.051689 0.0887 0.068727 0.2783 0.0678 0 0.009 0.0901 0.089885 0.225 0.1581 0.033855
-9999 -9999 -9999 -9999 -9999 -9999 -9999 -9999 -9999 -9999 -9999 0 0 0 0 0 0 0 0 0 0.048485 0.1132 0.3075 0.23866 0.493636 0.045268 0.1576 0.3659 0.070042 0.125145 0.128647 0.069055 0.041065 0 0.198547 0.030257 0.000169 0.000711 0.01646 0.038364 0.236053 0.18462 0.107912 0.232851 0.325975 0.300147 0 0 0 0 0 0 0 0 0 0.065131 0.115021 0 0 0 0.09 0.2832 0.689592 0.162232 0.0437 0.0049 0.1389 0.0782 0.2366 0.01741 0.14715 0.2722
-9999 -9999 -9999 -9999 -9999 -9999 -9999 -9999 -9999 -9999 -9999 -9999 -9999 -9999 -9999 0 0 0 0 0 0.022294 0.162717 0.1559 0.0304 0.17446 0.060426 0.07623 0.054832 0.011224 0.18399 0.076276 0.000426 0 0.006869 0.134138 0.015473 0.095703 0.000657 6.5e-005 0 0.163846 0.033613 0.14348 0.119281 0.04255 0 0 0 0 0 0 0.02837 0 0 0 0 0.0092 0.0007 0.0251 0.044872 0.242 0.097003 0.2345 0.0007 0 0 0.05468 0.162428 0.159412 0.212609 0.33162 0.2764
-9999 -9999 -9999 -9999 -9999 -9999 -9999 -9999 -9999 -9999 -9999 -9999 -9999 -9999 -9999 0 0 0 0 0 0.092327 0.1199 0.1018 0.1206 0.130355 0.024512 0.083703 0.023201 0.059134 0.032809 0.00165 0.0404 0.0265 0.190514 0.198121 0.0076 0.040356 0 0.3966 0.0194 0.008155 0.000139 0.023041 0.005841 0.019206 0.027257 0.038537 0.046065 0.132645 0.064444 0.0096 0.004835 0.013434 0 0 0.0119 0.164394 0.089262 0.1354 0.241926 0.082418 0.19382 0.176512 0.0352 0 0 0.112 0.2105 0.2666 0.1103 0.0047 0.1824
-9999 -9999 -9999 -9999 -9999 -9999 -9999 -9999 -9999 -9999 -9999 -9999 -9999 -9999 -9999 -9999 0 0 0.008758 0.188248 0.350651 0.063198 0 0.091396 0.132645 0 0.061843 0.000892 0.061558 0.050857 0.030971 0.100193 0.09111 0.071838 0.109327 0.000484 0.065782 0.034072 0.071142 0 0.263593 0.090385 0 0.067968 0.274548 0.343022 0.073298 0.26408 0.037079 0 0.0426 0.004296 0.087597 0.000428 3.3e-005 0.228099 0.1259 0.182477 0.166781 0.013772 0.418829 0.2159 0.244876 1.3e-005 0.0037 0.00826 0.297912 0.109228 0.151247 0.334455 0.1367 0.367
-9999 -9999 -9999 -9999 -9999 -9999 -9999 -9999 -9999 -9999 -9999 -9999 -9999 -9999 -9999 -9999 -9999 0 0 0.034624 0.217203 0.027362 0.0102 0.024663 0.103351 0.058999 0.172852 0.017937 0.178712 0.064386 0.141854 0.331386 0.131081 0.12827 0.0805 0.076156 0.360452 0.281713 0.1143 0.077647 0.114305 0.05172 0.001992 0.132989 0.062434 0.136261 0.055319 0.045715 0.041606 0.0176 0.1137 0.071337 0.012987 1.5e-005 0 0.189012 0.287058 0.219778 0.198065 0.048489 0.015376 0.3368 0.028872 0.112398 0.1059 0.222114 0.042613 0.076128 0.25633 0.05125 0.01615 0.202435
-9999 -9999 -9999 -9999 -9999 -9999 -9999 -9999 -9999 -9999 -9999 -9999 -9999 -9999 -9999 -9999 -9999 0 1e-006 0.008118 0.070737 0.217202 0.125986 0.166937 0.187647 0.027342 0.071731 0.00585 0.09506 0.058 0 0.148006 0.211943 0.193606 0.0382 0.023092 0.085591 0.384374 0.199195 0.226633 0.069753 0.098038 0.108485 0.1902 0 0 0 0 0 0.0805 0.215399 0.057858 0.095428 0.270377 0.173379 0.2861 0.319526 0.21165 0.079598 0.044466 0.036525 0.0169 0.000306 0.133386 0.1025 0.322305 0.240798 0.136037 0.196311 0.169425 0.3195 0.055114
-9999 -9999 -9999 -9999 -9999 -9999 -9999 -9999 -9999 -9999 -9999 -9999 -9999 -9999 -9999 -9999 -9999 0 0.167732 0.139208 0.090487 0.141606 0.049473 0.230807 0.081511 0.074633 0.161554 0.044496 0.02844 0 0.0475 0.114554 0.014051 0.023888 0.131941 0.060958 0.065383 0.214201 0.1046 0.217216 0.251854 0.033526 0.017646 0.146308 0.048458 0 0 0 0 0.145623 0.21605 0.042391 0.10373 0.427076 0.127892 0.4129 0.1153 0.184144 0.0191 0.0416 0 0 0.0089 0.056393 0.267718 0.217374 0.300246 0.239538 0.1908 0.4245 0.1484 0.132255
-9999 -9999 -9999 -9999 -9999 -9999 -9999 -9999 -9999 -9999 -9999 -9999 -9999 -9999 -9999 -9999 -9999 0.019884 0.065696 0.178401 0.123843 0.025443 0.000148 0 0 0.000348 0.013934 0.217395 0.079786 0.00162 0.343556 0.256777 0.0062 0.0173 0 0.091936 0.103431 0.306554 0.322861 0.1749 0.225509 0.084556 0.148981 0.0812 0.042075 0 0 0 0 0.014308 0.099547 0.116957 0.064122 0.1841 0.0893 0.0075 0.0316 0.075 0.073772 0.018008 0.075864 0.1369 0.199324 0.277089 0.293945 0.085811 0.410685 0.402058 0.0886 0.202665 0.257651 0.25826
-9999 -9999 -9999 -9999 -9999 -9999 -9999 -9999 -9999 -9999 -9999 -9999 -9999 -9999 -9999 -9999 0 0.00442 0.003648 0.017721 0.101475 0.050193 0 0.0798 0.015449 0.071279 0.0794 0.095887 2.4e-005 0.001 0.0012 0.0882 0 0.000487 0.18334 0.206817 0.200492 0.287123 0.119789 0.1955 0.266023 0.050457 0.014087 0.094145 0.166659 0.0632 0.0079 0 0 8e-006 0 0 0 0.043127 0.00015 0.060923 0.012083 0.1142 0.484491 0.130618 0.038701 0.084123 0.097684 0.035618 0.1028 0.118148 0.175148 0.2593 0.2826 0.321009 0.0158 0.17393
-9999 -9999 -9999 -9999 -9999 -9999 -9999 -9999 -9999 -9999 -9999 -9999 -9999 -9999 -9999 -9999 0 0.06894 0 0.016731 0 0.016356 0 0 0.080611 0.000542 0 0 0.045706 0.128951 0.02396 0.085771 0.007814 0.089238 0.313101 0.097799 0.2663 0.0447 0.063901 0.13932 0.1243 0.0518 0.055312 0.342511 0.23517 0.157017 0.0807 0 0 0 0 0 0.02139 0.13493 0.22622 0.441792 0.281377 0.105 0.053838 0.146841 0.034155 0.1968 0.29941 0.237508 0.208391 0.2081 0.234 0.1093 0.1842 0.3211 0.1927 0.36029
-9999 -9999 -9999 -9999 -9999 -9999 -9999 -9999 -9999 -9999 -9999 -9999 -9999 -9999 -9999 0 0 0 0 0 0.011662 0.012598 0.066271 0.000544 0 0 0 0.0292 0.0791 0.0105 0.07763 0.258318 0.107183 0.107934 0.225522 0.156373 0.1095 0.105566 0.046068 0.0062 0.0324 0.1214 0.07185 0.145168 0.04028 0.137648 0.115615 0.0357 0.0935 0.01871 0.2127 0.0256 0.205619 0.053269 0.250758 0.336807 0.6842 0.238425 0.195394 0.062725 0.284194 0.023295 0.0559 0.07459 0.094468 0.1707 0.0189 0.26441 0.375795 0.072707 0.173377 0.2222
-9999 -9999 -9999 -9999 -9999 -9999 -9999 -9999 -9999 -9999 -9999 -9999 -9999 -9999 -9999 0 0 0 0 0 0 0 0.1692 0.000722 3e-006 0 0 0.0029 0.0091 0 0.0012 0.100344 0.060671 0.074828 0.284059 0.102104 0.07721 0.158017 0.024317 0 0 0.040193 0.260876 0.098047 0.0292 0.010318 0.028648 0.299828 0.209156 0.107462 0.128061 0.064565 0.030466 0.055941 0.306703 0.195838 0.340856 0.105252 0.031886 0.146539 0.026713 0.018828 0.102425 0.059709 0.061277 0.087175 0.111391 0.028205 0.056415 0.041552 0.2058 0.0348
-9999 -9999 -9999 -9999 -9999 -9999 -9999 -9999 -9999 -9999 -9999 -9999 -9999 -9999 -9999 0 0 0 0 0 0 0 0 0 1e-006 0 0.000803 0.011535 0.005549 0.200028 0.220777 0.040198 0.000195 0.162459 0.057262 0.157208 0 0 0.0033 0 0 0.01288 0.150115 0.149087 0.09408 0.246714 0.018688 0.233891 0.165161 0.144086 0.052409 0.0953 0.0661 0.0608 0.3934 0.193253 0.087019 0.032664 0.00076 0.140686 0.211165 0.056689 0.077534 0.1016 0.0157 0.053235 0.091604 0 0.006248 0.0021 0.0109 0.009385
-9999 -9999 -9999 -9999 -9999 -9999 -9999 -9999 -9999 -9999 -9999 -9999 -9999 -9999 -9999 -9999 0 0 0 0 0 0 0 0 2e-006 0.005967 0.015424 0.005158 0.0226 0.063591 0.43637 0.0045 0.0029 0.046294 0.188853 0.1605 0 0 0 0.048411 0 0 0 0.0013 0.019 0.060374 0.147973 0.042874 0.061303 0.04157 0.200595 0.19595 0.0779 0.0537 0.190017 0.05392 0.04981 0 0.01292 0.144376 0.219168 0.121897 0.023342 0.0031 0 0.0864 0 0 0 0 0 0
-9999 -9999 -9999 -9999 -9999 -9999 -9999 -9999 -9999 -9999 -9999 -9999 -9999 -9999 -9999 -9999 0 0.084754 0.231353 0.033793 0 0 0 0 0 0.00144 0.004589 6.1e-005 0 0.0228 0 0.038 0.126169 0.105573 0 0 0 0 0.008217 0.27347 0.113061 0 0 0 0 0.0364 0.2037 0.018815 0.145527 0.0396 0.151771 0.168296 0.078294 0.127152 0.009801 0.262857 0.2696 0.1163 0.2389 0.409727 0.180824 0.243188 0.137035 0.013761 0.019243 0.006 0.04653 0.05781 0.000372 0 0 0
-9999 -9999 -9999 -9999 -9999 -9999 -9999 -9999 -9999 -9999 -9999 -9999 -9999 -9999 -9999 -9999 0 0.009951 0.1422 0.09172 0 0 0 0 0 0.000198 0 0 0.1204 0.0608 0.0644 0.041 0.0655 0.0755 0 0.019526 0.089967 0.051242 0.003987 0.003481 0.069498 0.0039 0 0 0 0 0 0 0.0851 0.040222 0 0 0.1498 0.0785 0.065334 0.21111 0.144 0.1258 0.153163 0.441732 0.051408 0.299315 0.058606 0.074835 0.157914 0.096687 0.112557 0.076293 0 0 0 0
-9999 -9999 -9999 -9999 -9999 -9999 -9999 -9999 -9999 -9999 -9999 -9999 -9999 -9999 -9999 -9999 0 0 0.00833 0.2886 0.05 0 0 0 0 0 7e-006 0.033681 0 0 0.0893 0.0652 0.2281 0.077605 0 0.023853 0.070881 0.001786 0 0.050128 0 0 0 0 0 0 0 0.0017 0.0695 0.0407 0.0117 0.180617 0.032884 0.098652 0.0729 0 0.0729 0.1097 0.02058 0.120249 0.225362 0.275614 0.216588 0.237941 0.189081 0.086756 0.465227 0.0094 0 0 0 0.0232
-9999 -9999 -9999 -9999 -9999 -9999 -9999 -9999 -9999 -9999 -9999 -9999 -9999 -9999 -9999 0 0 0 0.078 0.2501 0.0775 0 0 0 0 0 0 0.0911 0.0377 0 0.0002 0.001738 0.074822 0.222137 0 0 0.030866 0 0 0.0033 0 0 0 0 0 0 0 0 0.018 0.0457 0 0.00089 0.021589 0.070658 0.121811 0 0 0 0 0.0169 0.1266 0.060855 0.052668 0.1033 0 0.1584 0.1841 0.0579 0 0 0.09715 0.034107
-9999 -9999 -9999 -9999 -9999 -9999 -9999 -9999 -9999 -9999 -9999 -9999 -9999 -9999 -9999 0 0 0 0 0 0 0 0 -9999 -9999 -9999 0 0.022 0 0 0 0.064687 0.072201 0.03273 0.000858 0.037968 0.060997 0.0178 0 0 0.0023 0.0178 0 0.0203 0 0 0 0 0 0 0 0.003729 0.000901 0.03343 0.000177 0 0 0 0 0 0.043046 0.093569 0.032833 0.09965 0.024974 0.306582 0.1913 0.0251 0.0498 0.1767 0.027946 0.00864
-9999 -9999 -9999 -9999 -9999 -9999 -9999 -9999 -9999 -9999 -9999 -9999 -9999 -9999 -9999 -9999 -9999 -9999 -9999 0 -9999 -9999 -9999 -9999 -9999 -9999 0 0 0 0 0.001173 0.003583 0.052951 0 0.000571 0 0 0 0 0 0 0.0477 0 0 0 0 0 0 0 0 0 0 0 0 0.000334 0 0 0 0 0.0008 0.106055 0.299164 7.3e-005 0.017636 0.139148 0.373716 0.216023 0.12503 0.04107 0.13474 0.261172 0.1643
