EnvRasters/RC_High/maize.asc
ncols         270
nrows         223
xllcorner     24099.479091542
yllcorner     21023.840179216
cellsize      1003.8986847201
NODATA_value  -9999
[rows 64 to 95 of 223, columns 144 to 215 of 270]
0.493731 0.281042 0.27942 0.306743 0.283337 0.257275 0.243118 0.252779 0.146804 0.052803 0.089435 0.150079 0.138408 0.141156 0.276546 0.319459 0.045368 0.005994 0.082714 0.108685 0.227659 0.400709 0.246907 0.170977 0.3026 0.346391 0.255353 0.145217 0.074559 0.047593 0.103701 0.32695 0.303803 0.231195 0.124282 0.176083 0.207557 0.04917 0.151885 0.468412 0.158428 0.205112 0.254613 0.293484 0.456895 0.383041 0.233353 0.040824 0 0 0 0.00475 0.095873 0.100237 0.209298 0.015745 0.03041 0.06931 0.023443 0.001235 0 0 0.0109 0.0439 0.081406 0.144023 0.090362 0.122033 0.015098 0 0 0
0.286563 0.514777 0.551612 0.232221 0.057098 0.136416 0.249063 0.088484 0.127999 0.199191 0.198016 0.266812 0.477269 0.619874 0.337229 0.160054 0.020791 0.122871 0.480987 0.327137 0.30128 0.316844 0.259049 0.071805 0.299305 0.389171 0.194595 0.272207 0.348555 0.131891 0.149305 0.260144 0.360199 0.200115 0.104914 0.258925 0.104806 0.091706 0.087509 0.127819 0.061709 0.149002 0.148305 0.072403 0.179274 0.233787 0.13719 0.28712 0.015739 0 0.066753 0.154902 0.180686 0.227146 0.175409 0.0104 0.115088 0.047925 0.000486 0.06151 0 0 0 0.04236 0.032107 0.219222 0.216909 0.179207 0.172625 0 0 0
0.089431 0.266055 0.344664 0.351128 0.415446 0.203362 0.069482 0.059418 0.060094 0.107719 0.258611 0.653256 0.481114 0.454176 0.40725 0.120686 0.202317 0.261172 0.49791 0.243321 0.275306 0.254377 0.184423 0.235788 0.411274 0.141575 0.144215 0.285541 0.145258 0.311686 0.281293 0.28709 0.292092 0.248064 0.236617 0.075614 0.212138 0.102782 0.066996 0.113785 0.112357 0.12887 0.163632 0.049572 0.242058 0.186724 0.259054 0.366515 0.010255 0.003797 0.062503 0.213867 0.37547 0.242738 0.062959 0.056216 0.102882 0.399627 0.059791 0.113031 0.173664 0 0.001411 0.03637 0.042082 0.106811 0.102749 0.049286 0.107644 0.001711 0 0.000951
0.521484 0.437155 0.018506 0.225137 0.413527 0.043559 0.004494 0.064927 0.306672 0.064807 0.221645 0.634617 0.434358 0.551626 0.455302 0.218956 0.179478 0.198645 0.426726 0.292442 0.177858 0.190257 0.208349 0.249794 0.273986 0.152704 0.157434 0.223258 0.098496 0.075098 0.03286 0.147159 0.297994 0.259864 0.25805 0.096761 0.072236 0.121798 0.031557 0.046622 0.177691 0.088745 0.099811 0.156908 0.168419 0.194615 0.183306 0.054942 0.116235 0.122107 0.016172 0.312522 0.579538 0.365065 0.124045 0.086569 0.120134 0.123948 0.040759 0.023895 0.173124 0.055307 0.040114 0.115184 0.024361 0.07542 0.041036 0.003264 0.030566 0.030756 0.059701 0.033054
0.164938 0.382311 0.298578 0.210176 0.216777 0 0.008021 0.13382 0.084739 0.162082 0.224414 0.611606 0.466415 0.117268 0.205494 0.358741 0.530376 0.328073 0.238792 0.144552 0.049196 0.22845 0.266818 0.108095 0.136538 0.241577 0.148398 0.141109 0.10882 0.096361 0.204029 0.154445 0.170859 0.234924 0.20554 0.301103 0.125548 0.251644 0.128497 0.077212 0.089495 0.194118 0.036975 0.015377 0.096853 0.116966 0.210598 0.026629 0.227551 0.312396 0.182649 0.216655 0.311202 0.429662 0.389773 0.342688 0.329757 0.480922 0.217844 0.099324 0.193707 0.206723 0.015729 0.081474 0.208994 0.075435 0.032912 0.018286 0.016345 0.047823 0.039729 0.008263
0.226283 0.426531 0.192438 0.341715 0.000855 0 0.006336 0.114152 0.255401 0.098169 0.361825 0.521925 0.390346 0.35583 0.17834 0.310909 0.490522 0.505464 0.354035 0.137579 0.117096 0.111388 0.067852 0.153953 0.31708 0.248074 0.161664 0.081406 0.130997 0.111248 0.160975 0.127461 0.271206 0.205205 0.202943 0.506328 0.339159 0.104642 0.120522 0.112867 0.046968 0.080353 0.028254 0.048281 0.107271 0.140298 0.084909 0.082749 0.168667 0.269405 0.127091 0.16318 0.226283 0.057312 0.421343 0.365411 0.471021 0.745465 0.380759 0.350946 0.298626 0.154616 0.063132 0.102197 0.146164 0.045158 0.09381 0.239867 0.039365 0.27583 0.195975 0.176265
0.211814 0.781376 0.177584 0.011218 0 0 0 0.079222 0.25918 0.29257 0.429844 0.65083 0.579753 0.350011 0.144118 0.119022 0.102171 0.33692 0.260819 0.21352 0.099266 0.156685 0.13348 0.246867 0.444679 0.198946 0.19636 0.166561 0.125508 0.143277 0.132727 0.123672 0.161449 0.215846 0.141015 0.239442 0.174796 0.2795 0.03392 0.097442 0.069093 0.052166 0.008056 0.075786 0.068653 0.105367 0.092695 0.005805 0.089605 0.225039 0.230512 0.075791 0.198161 0.030999 0.213035 0.347689 0.095257 0.444443 0.324913 0.337679 0.281172 0.016697 0.239986 0.275434 0.139538 0.260447 0.141421 0.382123 0.378753 0.342422 0.231402 0.269547
0.161693 0.495997 0.095067 0.137856 0 0.001146 0.007263 0.058462 0.179019 0.354659 0.266176 0.182398 0.382428 0.525917 0.432264 0.195415 0.235666 0.293136 0.40706 0.455265 0.163314 0.240247 0.16712 0.268329 0.227377 0.383565 0.323297 0.287818 0.128729 0.174956 0.178418 0.271634 0.213083 0.312954 0.200477 0.135744 0.26773 0.107818 0.140128 0.089562 0.048587 0.004308 0.005961 0.060906 0.222892 0.195483 0.195197 0.15435 0.138688 0.234861 0.361262 0.309288 0.027629 0.051967 0.143213 0.106941 0.490764 0.379298 0.250574 0.120214 0.183483 0.007595 0.084806 0.225107 0.113526 0.265138 0.204594 0.518608 0.65223 0.301756 0.185477 0.068651
0.132746 0.066696 0.112111 0.056937 0 0.021896 0.297737 0.184159 0.029951 0.111672 0.443716 0.270921 0.414319 0.310865 0.441573 0.462599 0.308922 0.436519 0.481597 0.585923 0.134337 0.237049 0.411402 0.421972 0.419811 0.274663 0.23856 0.287972 0.283447 0.309306 0.186226 0.125575 0.425512 0.101227 0.108372 0.046681 0.178765 0.049433 0.070405 0.051175 0.172593 0.044951 0.166815 0.073662 0.056657 0.138219 0.25438 0.212643 0.083974 0.078972 0.113726 0.108988 0.031124 0.281872 0.449547 0.168353 0.263317 0.106625 0.201698 0.099708 0.060702 0.052779 0.125049 0.314889 0.447167 0.325911 0.417268 0.605831 0.64356 0.463925 0.188145 -9999
0.568245 0.172312 2e-006 0 0.297443 0.215611 0.090145 0.478311 0.314237 0.224303 0.141034 0.249386 0.613769 0.330209 0.343679 0.563996 0.250429 0.355898 0.402075 0.418742 0.350388 0.175151 0.204645 0.370201 0.355641 0.244716 0.280615 0.356684 0.233277 0.227014 0.371703 0.343285 0.334156 0.163135 0.263231 0.142995 0.096815 0.228436 0.08294 0.117925 0.103812 0.011295 0.013827 0.020371 0.030408 0.270709 0.187635 0.152942 0.091184 0.033054 0.097773 0.129333 0.113465 0.081906 0.262723 0.134097 0.447977 0.258004 0.12257 0.015814 0.05403 0.251915 0.296653 0.384724 0.32774 0.354764 0.505073 0.741446 0.483927 0.664387 0.225633 -9999
0.391511 0.016359 0.020173 0 0.003734 0.263116 0.188779 0.428421 0.345551 0.63276 0.531436 0.246213 0.377665 0.26759 0.181067 0.161312 0.224656 0.384595 0.414171 0.182023 0.223692 0.160104 0.194712 0.278925 0.407068 0.410765 0.424574 0.328206 0.196073 0.115963 0.253833 0.564866 0.307307 0.185875 0.166542 0.034083 0.019105 0.23936 0.104747 0.102048 0.08045 0.026091 0.049179 0.023589 0.029837 0.154584 0.17727 0.044289 0.072848 0.026776 0.064709 0.430644 0.17474 0.176369 0.310269 0.228718 0.147494 0.191652 0.096523 0.154687 0.14059 0.274017 0.084666 0.580707 0.208727 0.651016 0.534377 0.423552 0.431741 0.240304 0.240963 0.033015
0.081865 0.03959 0.009465 0 0.054087 0.349962 0.303099 0.542345 0.291713 0.568672 0.55561 0.409055 0.699368 0.385667 0.139773 0.29351 0.283126 0.38465 0.504134 0.159104 0.165368 0.330926 0.260193 0.225617 0.325365 0.206248 0.409591 0.13633 0.16659 0.153769 0.254476 0.360373 0.190172 0.149757 0.066353 0.096309 0.209115 0.181063 0.102312 0.056591 0.049543 0.135303 0.056801 0.021045 0.027523 0.036988 0.023835 0.057047 0.03723 0.048483 0.080613 0.313578 0.2307 0.267192 0.355776 0.336821 0.17702 0.171518 0.210505 0.228288 0.147418 0.115069 0.412315 0.400057 0.223765 0.456982 0.184336 0.222809 0.41567 0.400714 0.264315 0.145609
0.048897 0.003364 0.055482 0.09336 0.212588 0.28204 0.166381 0.493265 0.329159 0.358922 0.453348 0.459537 0.369713 0.290308 0.539399 0.654981 0.446888 0.167919 0.48906 0.34121 0.258627 0.298201 0.206189 0.139777 0.186381 0.287731 0.111234 0.351585 0.42306 0.339531 0.226221 0.480272 0.250499 0.156319 0.121059 0.051149 0.380627 0.118169 0 0.018858 0.020449 0.142009 0.02267 0.048324 0.049138 0.033799 0.025556 0.052383 0.091364 0.064128 0.088072 0.048632 0.114941 0.286187 0.352096 0.317547 0.213959 0.293199 0.345569 0.644773 0.429494 0.349849 0.250537 0.417132 0.53874 0.330042 0.229855 0.275088 0.563376 0.338098 0.340449 0.238831
0.000469 0.020491 0.209284 0.1185 0.095797 0.26216 0.079936 0.082666 0.3134 0.25688 0.316484 0.407563 0.325214 0.58487 0.493117 0.48729 0.269261 0.198349 0.156937 0.259984 0.161932 0.065012 0.046894 0.388668 0.249595 0.342604 0.46022 0.393972 0.442757 0.42393 0.368154 0.240753 0.170199 0.122045 0.123279 0.032558 0.146904 0.07409 0 0.004422 0.009581 0.057578 0.018708 0.068871 0.02903 0.003768 0.020068 0.033134 0.302205 0.217207 0.078616 0.066316 0.165564 0.385518 0.141644 0.16688 0.367383 0.423883 0.360956 0.654036 0.44979 0.449166 0.438283 0.213382 0.454598 0.463743 0.360266 0.162919 0.237488 0.307606 0.467255 0.419039
0.052436 0.0263 0.003802 0 0 0.00094 0.003094 0.050736 0.535841 0.599076 0.261716 0.392708 0.599443 0.716313 0.310659 0.678628 0.519953 0.476339 0.401888 0.550709 0.014264 0 0.005976 0.055623 0.317749 0.433629 0.23367 0.445732 0.514299 0.306646 0.169332 0.225208 0.109878 0.041926 0.053928 0.061939 0.138021 0.090169 0.005663 0.00186 0.009301 0.030995 0.079459 0.144935 0.030427 0.028858 0.046228 0.049738 0.111524 0.015952 0.012302 0.122817 0.213997 0.128647 0.217133 0.105763 0.23199 0.387642 0.067976 0.373355 0.298263 0.229341 0.305416 0.233664 0.476433 0.507715 0.352413 0.448637 0.394217 0.652109 0.515919 0.497744
0.111202 0.001352 2.8e-005 0 0 0.009724 0.405135 0.610996 0.653002 0.457664 0.389482 0.390961 0.659995 0.507629 0.605473 0.398884 0.409936 0.5408 0.435706 0.856892 0.327091 0.07783 0.096498 0.320782 0.238946 0.360507 0.347484 0.481921 0.265008 0.162071 0.458103 0.244742 0.082272 0.111796 0.083102 0.233479 0.162462 0.247615 0.067018 0.094583 0.094984 0.043212 0.020689 0.074245 0.102785 0.040873 0.104888 0.087504 0.145321 0.130451 0.031893 0.080721 0.199587 0.253166 0.410642 0.321504 0.268295 0.171409 0.19281 0.352881 0.341693 0.376206 0.251158 0.197474 0.404276 0.563135 0.565666 0.33456 0.235302 0.264647 0.315647 0.623242
0.03703 0.037182 0.064465 0.153876 0.05424 0.10775 0.392296 0.40076 0.674001 0.755072 0.414176 0.39736 0.284883 0.321346 0.186894 0.714467 0.663831 0.739284 0.780053 0.513114 0.480032 0.05493 0.555072 0.52269 0.531996 0.358914 0.269674 0.43788 0.277983 0.402135 0.452934 0.273831 0.123996 0.165537 0.100573 0.1332 0.177034 0.073517 0.072283 0.132183 0.075775 0.16071 0.040015 0.201429 0.116384 0.073371 0.209417 0.501173 0.204302 0.236268 0.296337 0.289292 0.195852 0.250359 0.230639 0.27741 0.432632 0.059358 0.043314 0.025526 0.259698 0.424008 0.028572 0.258002 0.380314 0.376147 0.781628 0.33241 0.573405 0.645475 0.434039 0.01897
0.065404 0.129975 0.249888 0.124172 0.166047 0.045972 0.180572 0.11729 0.36257 0.175972 0.237959 0.427512 0.287585 0.331253 0.378151 0.56237 0.488944 0.656465 0.380181 0.328941 0.467394 0.382533 0.525483 0.69837 0.467098 0.322766 0.242639 0.52436 0.276772 0.469889 0.243892 0.274107 0.314859 0.179988 0.051503 0.098241 0.10688 0.109849 0.030279 0.08554 0.087743 0.114028 0.068902 0.164328 0.120034 0.074599 0.139551 0.258227 0.142383 0.240316 0.469368 0.527385 0.755529 0.649597 0.215112 0.311247 0.229962 0.003796 6e-005 0.004943 0.281792 0.070354 0.162232 0.55906 0.312971 0.468153 0.904886 0.774785 0.773099 0.64127 0.509103 0.157418
0.098636 0.02418 0.214817 0.236461 0.434862 0.304365 0.410903 0.185046 0.373936 0.227326 0.431791 0.448648 0.383685 0.309346 0.422331 0.393852 0.368931 0.437791 0.112812 0.379485 0.290899 0.281604 0.221705 0.326978 0.226719 0.181824 0.488812 0.373676 0.168865 0.250341 0.362754 0.239243 0.311732 0.181353 0.101486 0.12609 0.043942 0.143447 0.16257 0.101215 0.136639 0.116054 0.136828 0.043716 0.036331 0.075824 0.23422 0.280799 0.190949 0.338719 0.200849 0.303892 0.308741 0.67632 0.344046 0.809913 0.330247 0.194487 0.105757 0.123165 0.425115 0.412437 0.190651 0.453183 0.441006 0.38432 0.696022 0.92726 0.694919 0.27712 0.131934 0.403044
0.140266 0.023516 0.112847 0.335412 0.273971 0.268151 0.454624 0.287132 0.309423 0.238391 0.230779 0.36935 0.381781 0.582277 0.329379 0.431879 0.796576 0.384668 0.332099 0.658127 0.471002 0.364114 0.428644 0.185374 0.234526 0.108064 0.300557 0.408245 0.300924 0.431833 0.172249 0.176428 0.228094 0.283041 0.175041 0.259724 0.242137 0.211203 0.096933 0.078994 0.059758 0.078719 0.065734 0.078074 0.034742 0.096988 0.160114 0.27241 0.317699 0.180802 0.444574 0.201648 0.182794 0.32452 0.314149 0.777469 0.291704 0.486719 0.55066 0.452042 0.272527 0.400471 0.553994 0.354528 0.307112 0.316245 0.418651 0.266893 0.021818 0.357115 0.689392 0.38667
0.233773 0.160301 0.15979 0.353818 0.394263 0.20792 0.336212 0.287589 0.276188 0.200315 0.182902 0.310835 0.280267 0.608531 0.404676 0.324697 0.502407 0.503866 0.493658 0.482436 0.434994 0.487217 0.326842 0.192018 0.214642 0.192191 0.163101 0.189566 0.32474 0.327919 0.099494 0.001494 0.255562 0.362855 0.167881 0.155162 0.211072 0.301093 0.141036 0.076203 0.078909 0.138105 0.113022 0.223976 0.206552 0.170416 0.163151 0.391519 0.501925 0.341191 0.241731 0.633401 0.634962 0.187564 0.639373 0.638693 0.359514 0.258578 0.63573 0.512866 0.131478 0.605664 0.810248 0.355236 0.064115 0.192352 0.1838 0.226312 0.43304 0.859118 0.911541 0.048234
0.27063 0.21861 0.151625 0.273759 0.307944 0.405902 0.098645 0.294249 0.425051 0.232809 0.261469 0.333323 0.35423 0.507259 0.494418 0.242564 0.40899 0.456201 0.461731 0.315895 0.433246 0.590758 0.258262 0.203202 0.099045 0.200853 0.288692 0.300869 0.246007 0.319252 0.273027 0.081033 0.218888 0.320437 0.185133 0.189132 0.267855 0.220157 0.194584 0.235396 0.068237 0.141509 0.25299 0.343595 0.094182 0.389407 0.335898 0.268441 0.285495 0.456567 0.316293 0.640679 0.784003 0.573998 0.515539 0.355424 0.589547 0.577316 0.751502 0.684727 0.574565 0.481105 0.853727 0.811927 0.789392 0.910142 0.7008 0.918407 0.30148 0.56463 0.619403 0.347974
0.101825 0.164544 0.167534 0.085766 0.104721 0.275694 0.16002 0.306638 0.338125 0.336329 0.546263 0.498862 0.396821 0.458939 0.458445 0.555796 0.394831 0.277242 0.286829 0.46548 0.306541 0.397013 0.292306 0.191969 0.264399 0.204465 0.380179 0.315141 0.335578 0.39254 0.310956 0.240461 0.368865 0.472056 0.349235 0.401777 0.410429 0.187215 0.164011 0.277346 0.049342 0.147233 0.427381 0.114715 0.405248 0.599699 0.483275 0.59821 0.496231 0.752736 0.301763 0.438017 0.294083 0.611226 0.593501 0.664316 0.866936 0.753148 0.634272 0.534583 0.492647 0.531625 0.763247 0.557321 0.797676 0.219138 0.652727 0.778685 0.53316 0.407995 0.119202 0.254657
0.014936 0.309015 0.16369 0.088064 0.282188 0.225846 0.198594 0.331461 0.314902 0.270918 0.484373 0.590208 0.564478 0.265311 0.552409 0.335818 0.094023 0.171232 0.351976 0.464357 0.256856 0.425698 0.450979 0.15944 0.362195 0.404214 0.281348 0.338615 0.230662 0.473201 0.225892 0.374311 0.405213 0.389344 0.239102 0.413791 0.518783 0.332778 0.277352 0.170782 0.070808 0.092556 0.23729 0.135325 0.55355 0.789724 0.469889 0.609373 0.557634 0.450103 0.126202 0.351225 0.458682 0.531775 0.418933 0.434586 0.464684 0.410192 0.459944 0.380779 0.279029 0.334084 0.186313 0.698102 0.733695 0.278329 0.20501 0.667474 0.394125 0.087595 0.368659 0.65601
0.10301 0.376579 0.028704 0.123056 0.066331 0.301682 0.200081 0.359619 0.272191 0.255038 0.430339 0.391607 0.529102 0.422875 0.372671 0.395203 0.234195 0.192921 0.252152 0.373616 0.557992 0.713105 0.499093 0.293429 0.199915 0.302423 0.318592 0.286926 0.275631 0.399162 0.472805 0.42941 0.328868 0.334779 0.24926 0.303739 0.308445 0.250883 0.139164 0.287787 0.231474 0.386927 0.367333 0.701403 0.526547 0.509672 0.401978 0.529683 0.3142 0.508507 0.594654 0.631888 0.579584 0.210662 0.334634 0.221485 0.326595 0.421382 0.246962 0.380635 0.190601 0.452257 0.498385 0.263211 0.47035 0.366611 0.331433 0.457863 0.244153 0.068459 0.340426 0.372381
0.103401 0.353541 0.165173 0.350492 0.108887 0.171771 0.741055 0.488396 0.275596 0.226459 0.185042 0.263771 0.467307 0.473678 0.250378 0.167424 0.369086 0.391781 0.422956 0.661846 0.764391 0.543778 0.291526 0.310714 0.248519 0.218239 0.278827 0.383917 0.470463 0.772192 0.810104 0.664264 0.322371 0.281352 0.296919 0.650108 0.447659 0.215364 0.055438 0.264517 0.200101 0.427497 0.267807 0.372992 0.194472 0.279431 0.398523 0.401949 0.533337 0.82789 0.902087 0.857568 0.497098 0.411601 0.335603 0.430148 0.337842 0.198384 0.323749 0.232027 0.298053 0.53674 0.506174 0.472297 0.341946 0.310927 0.330665 0.337799 0.567268 0.138889 0.462685 0.056835
0.08654 0.152977 0.067452 0.363521 0.066649 0.092771 0.510323 0.260099 0.397163 0.290004 0.579354 0.412652 0.206984 0.212857 0.387555 0.446555 0.247564 0.496352 0.440848 0.548806 0.519589 0.445305 0.317761 0.33476 0.292802 0.218846 0.238075 0.39492 0.492717 0.828704 0.679523 0.397823 0.320243 0.389242 0.29904 0.4824 0.766621 0.241498 0.308131 0.335034 0.252131 0.249657 0.492449 0.072652 0.043933 0.313089 0.561003 0.244789 0.382617 0.289309 0.396226 0.788904 0.735112 0.510788 0.229227 0.501376 0.437005 0.483645 0.335683 0.340717 0.376787 0.33796 0.400807 0.314055 0.313875 0.128851 0.151583 0.11988 0.132969 0.00265 0.248734 0.016839
0.057488 0.335893 0.227613 0.210823 0.01194 0.380473 0.552222 0.615361 0.582758 0.363489 0.314045 0.293865 0.238888 0.423033 0.408813 0.3943 0.232601 0.38315 0.328738 0.455731 0.305033 0.661673 0.384987 0.241664 0.225728 0.326264 0.390565 0.359696 0.563334 0.673679 0.657272 0.379305 0.3003 0.409851 0.488264 0.676249 0.680186 0.498509 0.455405 0.48009 0.882117 0.810284 0.221677 0.162845 0.32776 0.232678 0.362602 0.331252 0.363633 0.336237 0.378471 0.370456 0.356691 0.376657 0.345038 0.241188 0.359674 0.379944 0.281883 0.388255 0.30779 0.472611 0.251206 0.278862 0.275287 0.288842 0.153064 0.173705 0.198501 0.551016 0.062944 0.030466
0.465421 0.085613 0.546608 0.40076 0.014598 0.175365 0.101206 0.652529 0.33935 0.257143 0.431827 0.172825 0.3578 0.636962 0.149458 0.414218 0.345858 0.338785 0.42239 0.542449 0.587755 0.330703 0.159982 0.310551 0.390408 0.313387 0.458839 0.636174 0.782061 0.712467 0.738011 0.453666 0.374712 0.312272 0.49247 0.687801 0.570627 0.358502 0.462754 0.5379 0.544331 0.376381 0.597179 0.768721 0.509915 0.330646 0.236678 0.290258 0.227166 0.255494 0.290936 0.42668 0.313101 0.328202 0.349958 0.256198 0.20794 0.3904 0.187261 0.352135 0.185326 0.22111 0.090707 0.171734 0.012915 0.185363 0.095937 0.140765 0.205386 0.041656 0.011423 5.6e-005
0.301136 0.46337 0.637775 0.167617 0.143949 0.273148 0.252993 0.445113 0.326299 0.41915 0.253609 0.345209 0.360644 0.573385 0.46201 0.751184 0.390335 0.449835 0.377887 0.431488 0.371849 0.334066 0.477184 0.720249 0.311292 0.299124 0.351827 0.43608 0.403691 0.45745 0.544191 0.015902 0.362765 0.413966 0.415981 0.588882 0.397998 0.43449 0.176599 0.383515 0.088005 0.460039 0.553651 0.739891 0.487879 0.393961 0.391506 0.481611 0.411217 0.365953 0.401115 0.51509 0.541676 0.529883 0.364664 0.216573 0.34257 0.429597 0.102703 0.163373 0.047967 0.094008 0.012581 0.102447 0.034592 0.138293 0.015361 0.033149 0.03954 0.000506 0 0
0.221179 0.630794 0.346196 0.580993 0.421268 0.194583 0.285089 0.452598 0.259439 0.248854 0.374649 0.23657 0.630312 0.365427 0.452025 0.677888 0.433744 0.436287 0.315053 0.395431 0.25874 0.222471 0.29714 0.729454 0.496914 0.268127 0.181285 0.288002 0.500897 0.323017 0.44824 0.400862 0.317397 0.492303 0.259879 0.403051 0.311574 0.524036 0.218135 0.489696 0.370762 0.412574 0.400113 0.600388 0.573025 0.53776 0.765259 0.504814 0.363832 0.488066 0.695432 0.458257 0.378235 0.340627 0.324657 0.288006 0.395662 0.405948 0.255078 0.44759 0.103706 0.061177 0.016906 0.013013 0.182251 0.002737 0.000563 0.036927 0.000335 6e-005 0 3e-006
0.571754 0.731119 0.808286 0.651627 0.260902 0.261669 0.365877 0.344038 0.259591 0.32201 0.148855 0.581732 0.572282 0.504338 0.526613 0.443594 0.169198 0.338968 0.33442 0.456989 0.509102 0.30643 0.28702 0.484892 0.331849 0.507967 0.351243 0.257744 0.266883 0.582641 0.536631 0.681204 0.462683 0.574091 0.431687 0.388069 0.549268 0.73976 0.674914 0.394803 0.450769 0.414004 0.409243 0.518156 0.590882 0.742759 0.859085 0.48541 0.450108 0.703059 0.456001 0.330699 0.70907 0.484614 0.361294 0.304145 0.302348 0.174198 0.156648 0.111859 0.052947 0.023723 0.038106 0 0.000687 0 0.000688 0 0 4e-005 0 0.052707
