EnvRasters/RC_High/maize.asc
ncols         270
nrows         223
xllcorner     24099.479091542
yllcorner     21023.840179216
cellsize      1003.8986847201
NODATA_value  -9999
[rows 128 to 159 of 223, columns 144 to 215 of 270]
0.086163 0.151669 0.191438 0.190017 0.251709 0.200748 0.445662 0.188069 0.426397 0.746693 0.829804 0.552958 0.31948 0.122929 0.003481 0.011604 0.000623 0 0.000252 0.005639 0.188392 0.071941 0.268904 0.099551 0.2313 0.109214 0.219328 0.256784 0.519559 0.45148 0.207139 0.558394 0.367206 0.465293 0.287427 0.4137 0.1885 0.254988 0.319323 0.163307 0.350053 0.435914 0.507125 0.217397 0.46232 0.388609 0.872561 0.545713 0.291347 0.203677 0.000323 0.393317 0.232244 0.1244 0 0.0623 0.176769 0.109403 0.102763 0.05019 0.000152 0.000588 0.001024 0.226092 0.7426 0.061508 0.006 0.000169 0.033337 0 0 0
0.50914 0.268716 0.110163 0.45444 0.335369 0.284248 0.383174 0.441855 0.352679 0.012248 0.062427 0.108039 0.134037 0.017352 0.279203 0.264457 0.001094 0 0 0.031486 0.170215 0.263145 0.264085 0.002595 0.014391 0.252858 0.512878 0.185866 0.396667 0.18278 0.050744 0.516934 0.133416 0.406038 0.620285 0.513594 0.137947 0.319982 0.247162 0.337174 0.452036 0.284713 0.491488 0.478866 0.805201 0.639413 0.350434 0.054561 0.2771 0.286594 0.049745 0.061894 0.012328 0.2508 0.0546 0.3187 0.002175 0.000461 0.022278 0.069679 0.000373 0 0.06646 0.40348 0.0067 0.009 0.0763 0.0566 0.0044 0 0 0
0.434277 0.225488 0.534048 0.491898 0.403891 0.398644 0.49944 0.372638 0.333312 0.645609 0.384158 0.040183 0.13606 0.03128 0.110277 0.304886 0.359469 0 0.000399 0.093113 0.088236 0.094813 0.068656 0.443182 0.18833 0.20738 0.189852 0.513166 0.239952 0.224464 0.226733 0.420326 0.606262 0.408614 0.298689 0.274392 0.384276 0.369746 0.055636 0.177752 0.563207 0.262803 0.304369 0.666495 0.18162 0.301464 0.064542 0.114719 0.064613 0.187623 0.154435 0.28702 1.8e-005 0.013 0.428 0.0361 0.0773 0 0.0344 0 0 0 0.3655 0.2518 0 0 0 0 0 0.0333 0.005792 0
0.736017 0.285544 0.253973 0.499143 0.419152 0.631812 0.683557 0.56365 0.380596 0.764882 0.906845 0.760003 0.49705 0.0591 0.094401 0.261869 0.284908 0.008645 0.056597 0.141473 0.160535 0.120671 0.079473 0.115951 0.143872 0.311472 0.1227 0.3138 0.163187 0.550193 0.405024 0.135475 0.41349 0.345791 0.286758 0.276263 0.293929 0.439092 0.274098 0.211772 0.263823 0.3089 0.703044 0.450882 0.514618 0.268622 0.089684 0.060715 0.05125 0.204 0.2552 0.045336 0.003107 0.055668 0.3346 0.0697 0 0 0 0 0.00033 0.014074 0.163076 0.0018 0 0 0.000247 0 0 0.0274 0.01 0
0.398609 0.193421 0.479474 0.512567 0.647748 0.613532 0.781597 0.637075 0.295245 0.274103 0.64138 0.167043 0.25597 0.3157 0.067476 0.501002 0.004109 0.000408 0.109761 0.151301 0.580959 0.529264 0.210378 0.501053 0.283038 0.71826 0.631394 0.475989 0.462281 0.645 0.093424 0.025452 0.346598 0.314698 0.259864 0.600187 0.43695 0.458395 0.394226 0.266468 0.2953 0.491452 0.316511 0.3371 0.033675 0 0 0.019588 0.153082 0.0792 0.022103 0.000633 0.003522 0.134997 0.1729 0.0304 0 0 0 0.000322 0.002438 0.174772 0.068106 0.019148 0.000198 0.003061 0.001324 0 0 0 0 0
0.205306 0.193252 0.565204 0.445406 0.258327 0.121781 0.245766 0.5027 0.284568 0.000804 0.036125 0.270792 0.895687 0.331 0.3349 0.047534 0.056769 0.296912 0.142766 0.016383 0.738969 0.801055 0.832616 0.946635 0.9177 0.6818 0.52698 0.735717 0.199446 0.610151 0.317005 0.471689 0.138725 0.065018 0.12869 0.582604 0.65663 0.184709 0.28514 0.236711 0.2681 0.397 0.16854 0.132519 0.142718 0.194651 0.198017 0.157194 0.008529 2e-005 0.000228 0.024065 0.003679 0.000193 0.094456 0.228509 0.0036 0.0011 0 0.000672 0.059209 0.143184 0.153719 0.37643 0.076179 0.084619 0.000324 0.0114 0 0 0 0
0.219026 0.623963 0.541271 0.157951 0.595319 0.466114 0.308435 0.479156 0.156684 0.048162 0.028798 0.197252 0.35262 0.132327 0.664902 0.55935 0.107895 0.311764 0.067906 0.073095 0.009558 0.025242 0.165776 0.798202 0.829944 0.777227 0.916761 0.585446 0.036102 0.263406 0.567268 0.465886 0.103794 0.019701 0.437164 0.235185 0.505029 0.220114 0.630467 0.743748 0.3403 0.18658 0.0585 0.051031 0.084541 0.181064 0.06048 0.0277 0.010052 0.002 0.0001 0.002339 0.001532 0 0 0.0672 0.1127 0.2093 0 0.116229 0.025825 0.280762 0.379317 0.375524 0.001415 0.030482 0 0.0021 0 0 0 0
0.392077 0.657647 0.597203 0.252499 0.609551 0.376625 0.602556 0.358614 0.256866 0.281736 0.418825 0.305875 0.461415 0.015929 0.421491 0.728803 0.492959 0.263017 0.080674 0.431427 0.491309 0.004354 0.084296 0.33223 0.685098 0.243517 0.52631 0.062693 0.485825 0.574411 0.920253 0.528701 0.117777 0.318085 0.429552 0.472246 0.223121 0.293076 0.159416 0.053349 0 0.082661 0.025853 0.277498 0.023892 0.110759 0.2411 0.0961 0.00301 0.1725 0.140273 0.02384 0.000512 0 0 0 0.0108 0.0399 0.149357 0.44821 0.330786 0.12413 0.02049 0.0671 0.0725 0.0017 0.1044 0 0 0 0 0
0.378125 0.144136 0.386943 0.645727 0.515598 0.238054 0.330801 0.544764 0.304599 0.427804 0.486854 0.143384 0.385309 0.063859 0.447426 0.517594 0.272064 0.418996 0.205883 0.14631 0.477288 0.233254 0.296123 0.346184 0.325299 0.163571 0.08617 0.405337 0.348185 0.792497 0.589807 0.162468 0.2702 0.36886 0.292966 0.263599 0.674141 0.333735 0.100779 0.0006 0 0.014 0.0104 0.281027 0.11292 0.1342 0.0468 0.0025 0.002574 0.0164 0.051305 0 0 0 0 0 0.00114 0.082776 0.013641 0.27247 0.023093 0.002396 0 0.0091 0.0852 0 0.0125 0 0 0 0 0
0.184607 0.194057 0.356903 0.196365 0.14186 0.376345 0.588149 0.452543 0.404787 0.264143 0.509736 0.094929 0.1182 0.006049 0.423172 0.668193 0.693917 0.376632 0.036981 8.2e-005 0.016779 0.330675 0.207359 0.461853 0.370448 0.296753 0.293981 0.138108 0.33712 0.251024 0.319572 0.440989 0.5953 0.212009 0.363535 0.409895 0.607816 0.057105 0.234746 0 0 0.0534 0.003196 0.06978 0.107661 0.272033 0 0.015939 0.086625 0 0.040658 0 0 0 0 0 0.0027 0.048966 0.0978 0 0.000292 0.033509 0.060379 0 0 0.098109 0 0 0 0 0 0.0126
0.068977 0.01497 0.222996 0.40776 0.392397 0.555958 0.584806 0.554972 0.367557 0.397599 0.400893 0.631291 0.421846 0.019735 0.671401 0.632675 0.391716 0.72666 0.247632 0.011019 0.105101 0.725513 0.534416 0.408878 0.222478 0.577818 0.636683 0.284999 0.503886 0.485167 0.058314 0.421502 0.435023 0.12431 0.190029 0.102395 0.420151 0.223571 0.147837 0.1145 0.0087 0.0921 0 0.097446 0.199173 0.228111 0.178496 0.097358 0.028322 0 0.000822 0 0 0 0 0 0.0534 0.0428 0.105247 0.000182 0.000704 0.107513 0.1312 0.0115 0.011 0 0 0 0 0 0 0.0515
0.215011 0.294808 0.327069 0.400171 0.506658 0.127568 0.272911 0.697633 0.535542 0.071973 0.435613 0.230552 0.204963 0.165582 0.174125 0.19958 0.489356 0.277999 0.271693 0.449195 0.000246 0.192418 0.50851 0.072619 0.355349 0.390218 0.464995 0.220107 0.526892 0.642887 0.046759 0.17528 0.502649 0.508955 0.232744 0.387992 0.241791 0.111537 0.163466 0.129584 0.1404 0.3481 0.1272 0.0112 0.0242 0.044718 0.0123 0.0305 0 0 9.6e-005 0 0 0.0704 0 0 0 0 0 0 0.056712 0.037358 0.050701 0.01 0.0298 0.0152 0 0 0 0 0 0.0122
0.346274 0.406626 0.352736 0.635779 0.611571 0.555259 0.407681 0.246281 0.052764 0.192261 0.711725 0.948014 0.503352 0.337808 0.101015 0.325649 0.424865 0.084111 0.051011 0.061838 0.011982 0.045958 0.3759 0.40993 0.302782 0.257177 0.282407 0.358973 0.460497 0.2745 0.070502 0.159695 0.251175 0.502276 0.100244 0.289419 0.295784 0.128188 0.220279 0.1676 0.2785 0.1344 0.000137 0.00375 0.109826 0.0842 0.0428 0 0.036986 0.13744 0.012815 0.000135 0 0.207048 0.1463 0.135 0 0 0 0.0487 1e-005 0.008274 0.022466 0 0.0472 0.0753 0.0135 0 0 0.0282 0.0612 0.0011
0.093925 0.128527 0.275326 0.141833 0.299462 0.128165 0.297996 0.18385 0.09825 0.093295 0.176501 0.449753 0.47553 0.765753 0.536483 0.583708 0.361276 0.060913 0.027618 0.048534 0.471825 0.442571 0.706472 0.569143 0.548915 0.206571 0.025693 0.005748 0.153787 0.33484 0.074989 0.366211 0.307513 0.267162 0.081981 1.8e-005 2.6e-005 0.1634 0.553837 0.1938 0.086745 0.0776 0.068172 0.022257 0 0 0.002964 0.066656 0.0814 0.127525 0.006443 0.052545 0.198759 0.587662 0.125655 0.1039 0 0 0.0119 0 0 0.000163 0.033929 0.0169 0.2126 0 0 0 0 0.0024 0.0562 0.0071
0 0.049945 0.399218 0.430511 0.629455 0.040973 0.159936 0.250615 1e-006 0.043143 0.246173 0.074122 0.1033 0.237869 0.573078 0.742045 0.514353 0.275955 0.141413 0.158662 0.001052 0.437648 0.46086 0.398059 0.355 0.002487 0.31858 0.546802 0.324801 0.230351 0.206227 0 0.005935 0.352923 0.050123 0.052272 0.23514 0.121064 0.096706 0 0.166557 0.231409 0.196805 3.3e-005 0.013622 0.0338 0.096691 0.041219 0.1049 0.0324 0.000666 0.133053 0.11796 0 0.002 0.0663 0.147392 0 0.0726 0 0.0254 0 0.0028 0.0071 0.2351 0.1581 0.0045 0 0 0 0.0001 0.0769
0 0 0.276883 0.292487 0.131408 0.285734 0.000546 0 0 0.028748 0.4258 0.635507 0.269981 0.0067 0.023768 0.195724 0.367788 0.141218 0.41247 0.556469 0.250569 0.111352 0.0876 0.0369 0.1213 0.072891 0.44399 0.261157 0.097931 0.06361 0.298162 0 0.013563 0.129843 0.096785 0.201995 0.250692 0.040744 0.1137 0.019286 0.01251 0.149521 0.055277 3e-006 0.08034 0.121433 0.224149 0.132355 0.0459 0.178 0.001881 0.090869 0.038957 0 0 0 0.299967 0.135789 0 0.049338 0.009 0 0 0 0.1607 0.3465 0.0096 0 0 0 0 0.037
0.024503 0.053886 0.023253 0.103045 0.116467 0.0103 0 0 0 0.04902 0.00222 0.027703 0.00036 0.098858 0.559054 0.0042 0.000465 0.427594 0.180426 0.422944 0.441167 0.262085 0.282196 0.140768 0.3678 0 0 0.010635 0.154483 0.002428 0.049345 0.106 0.455522 0.136991 0.007402 0.014127 0.032795 0 0.0133 0.0261 0.0431 0.017954 0.001602 0.093489 0.012515 0.331192 0.63936 0.669213 0.039079 0.120313 0.146745 0.118458 3e-006 0 0.1708 0.200914 0.103251 0.121916 0.046 0 0 0 0.0159 0.0294 0.0176 0.0921 0.0216 0 0 0 0 0
0.056157 0.385745 0.800348 0.369798 0.473177 0.190759 0.168698 0.022659 0.0277 0.116316 0.124091 0.539218 0.163272 0.03362 0.086463 0.197392 0.300196 0.7846 0.1588 0.656307 0.499485 0.657925 0.247115 0 0.1333 0.114895 0.000164 0.004 0.2837 0.1002 0.063569 0.0914 0.0172 0.000726 0.000709 0 0 0 0 0 0 0.000524 0.014455 0.313349 0.339389 0.644003 0.683283 0.614366 0.151142 0.021306 0.2971 0.315735 0.211551 0.156 0.168178 0.174816 0.14175 0.006325 0 0.0629 0.2299 0.0587 0.0116 0.0444 0 0.2053 0.0295 0 0 0 0 0
0.047518 0.042701 0.216493 0.721776 0.213746 0.689623 0.162533 0.031905 6e-006 0.233375 0.081741 0.434919 0.109398 0.013326 0.0369 0.214463 0.4188 0.494274 0.6489 0.5928 0.276695 0.463247 0.081919 0.0314 0.3354 0.147205 0.03315 1.9e-005 0.206137 0.042603 0.0802 0.0046 0 0 0 0.0176 0.0644 0 0 0 0 0.0744 0.000891 0.436722 0.74093 0.658134 0.751716 0.179336 0.056239 0.179628 0.292304 0.071427 0.1136 0.3673 0.257 0.1719 0.2309 0.298216 0.113513 0.240145 0.181179 0.0333 0.0138 0.0773 0.137836 0.0273 0.036355 0 0.000696 0 0 0
0.0136 0 0.11185 0.509776 0.271929 0.220025 0.081234 0.272289 0.606432 0.593411 0.139758 0.009772 0.12936 0.026944 0.109434 0.209388 0.696041 0.427247 0.516832 0.408927 0.737586 0.402351 0.1013 0.0283 0.431132 0.015 0.003969 0.015427 0.288432 0.099823 0.065677 0.079 0 0 0 0.1289 0.0685 0.0574 0 0 0 0.039828 0.196475 0.554866 0.710391 0.566963 0.141383 0.008727 0.073988 0.0987 0.05957 0.061664 0.390055 0.1909 0.0745 0.3215 0.484503 0.1701 0.088378 0.09245 0.002619 0.0135 0.2445 0.4042 0.279709 0.173213 0.260884 0 1e-006 8.4e-005 0.017518 0.003952
0 0.0627 0.153909 0.010014 0.07058 0.230968 0.039234 0.227496 0.644634 0.402023 0.114385 0.031304 0.034113 0.096862 0.099502 0.332966 0.433916 0.179908 0.183897 0.659748 0.508454 0.3815 0.3989 0.347248 0.2355 0 0.16733 0.175586 0.382812 0.123646 0.015137 0.1328 0.0789 0.0453 0.0016 0.0517 0 0 0 0.0384 0 3.7e-005 0.020026 0.293931 0.053458 0.070788 0.000377 0.067667 0.214834 0.310714 0.5398 0.126385 0.102548 0.043556 9.4e-005 0.055099 0.094007 0.0586 0 0 6.5e-005 0 0.238572 0.090961 0.208978 0.032588 0.047556 0.031 0.002503 0.108448 0.03807 0.038338
0.0423 0 0.015101 0.002886 0.00522 0.007598 0 6.4e-005 0 0.000504 0.033308 0.088527 0.186483 0.080456 0.031707 0.139946 0.066832 0.021447 0.167188 0.70641 0.772512 0.309692 0.2273 0.0717 0.001635 0 0.04232 0.018238 0.231716 0.085417 0.003361 0.000743 0 0.0561 0.0427 0.0042 0 0 0 0.029058 0.010492 0.000159 3e-005 0.001608 0.075655 0 0.0613 0.053021 0.1806 0.0968 0.346665 0.270379 0.422038 0.249833 0.05219 0.061558 0.030564 0 0 0 0 0 0.329158 0.302814 0.277991 0 0.0561 0.1869 0.00381 0.44286 0.174824 0.039573
0.008915 0 0 0 3.7e-005 0 0 6.9e-005 0.002009 0.008489 0.008346 0.036236 0.034303 -9999 0.012453 0.055766 0.000404 0.0209 0.056506 0.073673 0.179531 0.254528 0.2377 0.126481 0.036556 0.005899 0 0.000312 0.045779 0.075599 0.08558 0 0 0 0.0925 0.3306 0.008539 0.003086 0.252994 0.189309 0.096788 0.112764 0.1289 0.281204 0.059226 0.0001 0.092736 0.118668 0.0138 0.1545 0.281708 0.224798 0.525456 0.086088 0.002189 0 0 0 0 0 0 0 0.202999 0.130904 0.110054 0.0072 0.030263 0.0566 0.164351 0.125711 0.253867 0.334568
0 0 0.091131 0.089754 0.099083 0.389666 0.156148 0.179188 0.044149 0.051871 0.003324 0.00234 -9999 -9999 -9999 -9999 -9999 0 0.0091 0.01938 0 0.0229 0.301 0.114866 0.02811 0.001342 0 0.0844 0.2227 0.0738 0.1214 0 0 0 0 0.0987 0.0556 0.02518 0.35197 0.173327 0.169377 0.3504 0.4198 0.4374 0.191575 0.077888 0.229025 0.1624 0 0.36421 0.134709 0.3254 0.391686 0.000311 0 0 0 0 0 0 0 0 0.001404 0.426591 0.334018 0.030598 0.136838 0.2161 0.1038 0.1163 0.500405 0.1668
0 0.142788 0.422599 0.137689 0.468035 0.164502 0.195805 0.095283 0.266535 0.073572 -9999 -9999 -9999 -9999 -9999 -9999 -9999 0 0 0 0 0.0158 0.0604 0.434115 0.2779 0.1765 0.3265 0.139997 0.10872 0.356509 0.0769 0 0 0 0 0 0 0.07629 0.1909 0 0.0456 0.096 0.1422 0.483119 0.828445 0.117684 0.013931 0.0591 0.022712 0.144106 0.032533 0.060886 0 0 0 0 0 0 0 0 0 0 0.1507 0.1047 0.0371 0 0.1331 0.0192 0.0056 0.1608 0.3042 0.56502
0.1078 0.0503 0.13442 0.368826 0.374226 0.383147 0.542985 0.000194 0.529141 -9999 -9999 -9999 -9999 -9999 -9999 -9999 0 0.041513 0.052154 0.054453 0.009481 0.0663 0.0306 0.369336 0.245259 0.28932 0.296081 0.473005 0.491714 0.702969 0.1343 0.0954 0.09534 0 0.145511 0.0308 0.11761 0.243546 0.093026 0.016582 0.0405 0.0639 0.31139 0.09954 0.023734 0.377449 0.233554 0.0018 0.057565 0.127413 0.081466 0.004412 0 0 0 0 0 0 0 0 0 0 0.1578 0.2665 0.037121 0.081497 0.048001 0.2548 0.20085 0.4546 0.13 0.104759
0.221491 0.0832 0.203766 0.516485 0.815319 0.504769 0.293757 0.086205 0.078759 -9999 -9999 -9999 -9999 -9999 -9999 -9999 9.9e-005 0.161643 0.211453 0.427686 0.386288 0.113594 0.047591 0.416429 0.47298 0.5152 0.100467 0.199198 0.191738 0.375379 0.044258 0.131 0.0104 0 0.113919 0.022459 0.118628 0.156791 0.057 0.017 0 0 0.1717 0.191402 0.021679 0.0454 0.0464 0.00149 0.044186 0.000475 4.4e-005 0 0 0 0 0 0 0 0 0 0 0.056 0.4606 0.5129 0.085183 0.124774 0.572927 0.25782 0.202035 0.47868 0.206839 0.242515
0.697768 0.2981 0.149805 0.496736 0.305326 0.253373 0.439634 0.047124 0 -9999 -9999 -9999 -9999 -9999 -9999 0 0 0.228772 0.516911 0.433941 0.331252 0.541192 0.171694 0.086897 0.355004 0.234355 0.2392 0.2421 0.495076 0.228308 0.041217 0 0 0.0138 0.028084 0.229836 0.135548 0.019868 0.068713 0.043935 0.011071 0.0638 0.4324 0.355488 0.046564 0.114283 0.203272 9.4e-005 0.001033 0.000111 0 0 0 0 0 0 0 0 0 0 0.102224 0.2882 0.2743 0.3003 0.7485 0.451632 0.46026 0.250447 0.0849 0.141 0.0815 0.0185
0.6009 0.112984 0.062041 0.172578 0.028787 0.22647 0.015742 -9999 -9999 -9999 -9999 -9999 -9999 -9999 0 0 0 0.194223 0.16445 0.190123 0.108865 0.506286 0.27722 0.0319 0.7991 0.2204 0.1476 0.1499 0.058773 0.131484 0.0154 0.0671 0.0797 0.045 0.0859 0.182682 0.240396 0.286784 0.188208 0.025754 0.158581 0.249086 0.442059 0.379952 0.197752 0.038687 0.071276 0 0 0 0 0 0 0 0 0 0 0 0 0 0 0.228724 0.0389 0.0297 0.3006 0.2594 0.0422 0.2819 0.011945 0 0.071158 0.017334
0.3184 0.209714 0.167019 0.010474 0.083515 -9999 -9999 -9999 -9999 -9999 -9999 -9999 -9999 -9999 0 0.000115 0 0.003288 0.228528 0.095056 0.032162 0.0925 0.2259 0.15619 0.402836 0.0151 0.0827 0.2893 0.194943 0.195935 0.136697 0.186129 0.2181 0.1726 0.018167 0.070265 0.1885 0.192112 0.0144 0.015398 0.2909 0.130283 0.007762 0.078464 0.019793 0.118119 0.102332 0.1057 0.0102 0.0528 0.047 0 0 0 0 0 0 0 0 0.0041 0.1072 0.044 0.135 0.001505 0.103598 0.361165 0.275842 0 0 0.001763 0.133679 0.006511
4e-006 0.062 0.078061 0 0 -9999 -9999 -9999 -9999 -9999 -9999 -9999 -9999 -9999 0.0079 0.177992 0 0 0 0 0 0 0.0037 0.122477 0.2405 0.5247 0.2257 0.032711 0.13749 0.042686 0.040924 0.185507 0.148949 0.062913 0.23948 0.138839 0.165336 0.037624 0.027386 0.112416 0.305916 0.162585 0.268854 0.010646 0.061943 0.002702 0.29463 0.0021 0.179321 0.346209 0.0253 0 0 0 0 0 0 0 0 0.029433 0.149102 0 0.0057 0.1168 0 0.053721 0.001742 0 0 0.046707 0.018089 0.15754
0 0 0 0 -9999 -9999 -9999 -9999 -9999 -9999 -9999 -9999 -9999 0 0.1147 0.127 0.2715 0.0202 0 0 0 0 0 0.1431 0.35721 0.121254 0.132722 0.045191 0.126695 0.0912 0.074371 0.041585 0.12763 0.134832 0.437789 0.244234 0.02224 0.031016 0.025507 0.0064 0.185614 0.29753 0.076584 0.055935 0 0.001451 0.27295 0.012156 0.0048 0.030848 0 0 0 0 0 0 0 0 0 0 0 0 0 0 0 0.1355 0.054106 0 0.0023 0.1337 0.0496 0.465723
