EnvRasters/RC_High/maize.asc
ncols         270
nrows         223
xllcorner     24099.479091542
yllcorner     21023.840179216
cellsize      1003.8986847201
NODATA_value  -9999
[rows 96 to 127 of 223, columns 144 to 215 of 270]
0.749909 0.275695 0.654693 0.317446 0.410698 0.246293 0.357547 0.242903 0.284937 0.320189 0.381337 0.383199 0.38467 0.420484 0.414369 0.532615 0.390981 0.19876 0.415264 0.477488 0.533179 0.401044 0.321164 0.562638 0.438871 0.431815 0.439505 0.244251 0.198031 0.384263 0.38761 0.665245 0.782998 0.870023 0.853199 0.509861 0.331447 0.418286 0.419674 0.426738 0.340775 0.317778 0.437879 0.591632 0.506113 0.700794 0.579254 0.64111 0.340955 0.470024 0.518869 0.726946 0.954754 0.933182 0.537826 0.538831 0.321426 0.035423 0.102965 0.066574 0.125831 0.071014 0.020702 1.5e-005 0 0 0 0 0.049956 0.080184 0.005121 0.036928
0.716425 0.444806 0.166105 0.447587 0.537311 0.408729 0.303687 0.288381 0.328538 0.231141 0.276082 0.390637 0.274993 0.408418 0.310316 0.204236 0.249179 0.341496 0.335278 0.522838 0.636265 0.32219 0.512641 0.574949 0.382812 0.57204 0.599372 0.376804 0.509093 0.453116 0.579738 0.267028 0.603518 0.666897 0.773356 0.440814 0.387582 0.45327 0.384835 0.406513 0.501313 0.386128 0.21114 0.344565 0.602094 0.847818 0.878436 0.837632 0.298775 0.440552 0.593771 0.826892 0.589846 0.691863 0.769676 0.574857 0.004236 0.10348 0.327244 0.042069 0.075549 0.001143 0 0.000432 4.9e-005 0.001092 0 0.000176 0.012052 0.000598 0.002836 0.001266
0.26483 0.371511 0.538734 0.503833 0.347269 0.563303 0.339661 0.241331 0.314644 0.415439 0.250424 0.307512 0.192261 0.29104 0.680592 0.53396 0.302527 0.359275 0.290859 0.510635 0.563041 0.420442 0.636233 0.433559 0.495511 0.38399 0.406304 0.410462 0.357068 0.278895 0.209818 0.099338 0.362804 0.285969 0.465485 0.335122 0.168165 0.305145 0.32986 0.389412 0.719955 0.831577 0.528398 0.355301 0.588368 0.879804 0.834481 0.451099 0.410153 0.370793 0.674966 0.847231 0.431033 0.180684 0.492 0.16197 0.106988 0.226488 0.159879 0.054542 3.7e-005 0.000296 6.7e-005 0.00418 0.00045 8.4e-005 1e-006 5.6e-005 0.00156 0.000352 0.022175 0.16924
0.247119 0.190668 0.746417 0.791482 0.445464 0.408229 0.419564 0.132762 0.20543 0.228855 0.328639 0.610526 0.67127 0.852344 0.911331 0.392429 0.379921 0.436515 0.199114 0.190847 0.389922 0.5839 0.536398 0.56639 0.505253 0.436751 0.322523 0.356893 0.179989 0.297006 0.342667 0.630188 0.603993 0.494902 0.553086 0.696077 0.605057 0.327578 0.167324 0.163371 0.667228 0.508514 0.611159 0.538566 0.530701 0.449035 0.895273 0.588224 0.048551 0.486128 0.582989 0.511171 0.316415 0.30094 0.28015 0.187186 0.47349 0.014344 0.088875 0.030122 0 0 0 0 0 0 0 0 0.000101 0 0.000282 0.033145
0.38084 0.420624 0.739426 0.791786 0.546114 0.477437 0.396926 0.313215 0.435424 0.354345 0.43646 0.764599 0.652098 0.46095 0.377141 0.31165 0.296141 0.306089 0.462652 0.19443 0.435741 0.765268 0.798544 0.527908 0.319301 0.360662 0.637543 0.488821 0.474408 0.379126 0.390912 0.323077 0.350606 0.354979 0.450493 0.685774 0.569464 0.503824 0.335989 0.42315 0.335232 0.367766 0.487844 0.703262 0.657385 0.632085 0.456704 0.212046 0.400679 0.606421 0.516321 0.107851 0.317613 0.082289 0.069399 0.118495 0.368964 0.001847 0.000543 5.4e-005 0 0 0 5.8e-005 0 0 1.5e-005 0 0 0.000248 0.001048 0.00072
0.225615 0.414408 0.246845 0.378488 0.425537 0.682998 0.345381 0.639268 0.554241 0.668518 0.045272 0.685615 0.549659 0.472342 0.494493 0.364788 0.315374 0.36812 0.325301 0.097281 0.479033 0.588117 0.254497 0.563127 0.461162 0.807935 0.377079 0.420062 0.677291 0.503167 0.663904 0.577444 0.509655 0.690581 0.355057 0.602892 0.544975 0.714202 0.57253 0.114474 0.305347 0.380058 0.549049 0.867432 0.3353 0.619608 0.37724 0.30421 0.542564 0.662662 0.456881 0.216426 0.226489 0.282139 0.010413 0.13505 0.068169 0.005169 0.01449 0.002825 0.000814 0 1e-006 0 0 0.000368 0.001101 6.7e-005 0 0 8e-005 0
0.317566 0.664484 0.409047 0.570588 0.399577 0.183284 0.199654 0.608764 0.70804 0.089737 0.469929 0.806697 0.586262 0.355468 0.538982 0.576753 0.391648 0.320324 0.367388 0.379629 0.409349 0.39044 0.442227 0.559106 0.641605 0.418726 0.19646 0.414372 0.351283 0.342817 0.197669 0.211463 0.417821 0.40516 0.043711 0.203112 0.218842 0.294769 0.369302 0.318062 0.29003 0.390439 0.625994 0.818668 0.316881 0.417143 0.478968 0.440731 0.259792 0.591308 0.414376 0.030961 0.002779 0.000235 0 0 0.00058 0.003306 0.020287 0.001193 0 1e-006 6.4e-005 0.001112 0.001383 0 0.00044 0.005688 0.003864 0.0155 0.1436 0.0144
0.409955 0.572659 0.477264 0.243407 0.198339 0.167852 0.491888 0.516734 0.368068 0.459901 0.617929 0.838767 0.555688 0.851846 0.430055 0.335932 0.272528 0.3939 0.203016 0.253733 0.548299 0.489181 0.518804 0.506453 0.470948 0.630212 0.292212 0.420847 0.351367 0.475766 0.662753 0.444329 0.503975 0.502679 0.378085 0.185083 0.189637 0.148651 0.197188 0.377257 0.357548 0.556766 0.5444 0.52162 0.25231 0.520733 0.407021 0.226555 0.494121 0.450343 0.323956 0.065003 0.026462 0 0.058667 0 0.084682 0.184552 0.261071 0.011286 0 0 0.000184 0.001048 0.000611 0 0 0.006183 0.000888 0.04 0.0666 0.039
0.349346 0.400333 0.542273 0.094185 0.009316 0.298357 0.433578 0.486189 0.306758 0.464998 0.517504 0.602609 0.931868 0.702343 0.402744 0.302023 0.375277 0.334968 0.368717 0.275375 0.348557 0.857832 0.323442 0.549525 0.578213 0.671648 0.699748 0.392624 0.326068 0.303677 0.408644 0.502917 0.386348 0.43549 0.450379 0.564491 0.512166 0.223102 0.041165 0.15325 0.344343 0.206467 0.050537 0.004237 0.113237 0.107355 0.268324 0.131045 0.213189 0.21649 0.080364 0.089123 0.131024 0.0012 0.077682 0.305659 0.192821 0.475352 0.184334 0 0 0 0 6.4e-005 0.101872 0 0.039891 0.291606 5e-006 0 0.0437 0.026862
0.32576 0.226671 0.285572 0.033776 0.000186 0.302021 0.286233 0.241054 0.386311 0.355294 0.707864 0.408647 0.436533 0.406121 0.393176 0.355893 0.296876 0.429514 0.354925 0.149888 0.330099 0.37189 0.449317 0.546852 0.19149 0.636042 0.771279 0.483835 0.311701 0.374032 0.386691 0.717265 0.547389 0.546076 0.438424 0.496363 0.417996 0.128266 0.049764 0.061262 0.187337 0.352422 0.207431 0.043207 0.321643 0.240612 0.009715 0.001763 0.068671 0.169569 0.473165 0.054361 0.018701 0.34093 0.308115 0.614717 0.526277 0.351017 0.003731 0 0 0.1181 0.131221 0.266703 0.037242 0.005072 0.00051 0 0 0 0.0284 0
0.460331 0.41233 0.366351 0.319958 0.330203 0.222123 0.093094 0.451343 0.383312 0.401717 0.313729 0.274257 0.681222 0.579433 0.472578 0.523033 0.51718 0.444363 0.331524 0.407329 0.47408 0.419938 0.333092 0.497315 0.364923 0.475129 0.779907 0.36842 0.231016 0.118665 0.621732 0.473366 0.342474 0.638999 0.494909 0.149575 0.195434 0.27362 0.444959 0.105548 0.227421 0.19629 0.340841 0.299383 0.168146 0.158967 0.000966 0.004716 0.000234 0.015069 0.029868 0 0.020849 0.695996 0.572729 0.739709 0.798105 0.18692 0.021159 0.032839 0.042507 0.221587 0.05389 0.010217 0.001914 0.203405 0.009987 0 0.0425 0 0.04498 0.0759
0.428264 0.385809 0.353169 0.341236 0.173812 0.297821 0.414614 0.5432 0.426883 0.555963 0.145643 0.639307 0.833954 0.957595 0.64268 0.676078 0.288839 0.391537 0.43057 0.273682 0.241534 0.331943 0.411535 0.185816 0.157678 0.124481 0.809316 0.589247 0.336806 0.479392 0.738044 0.50384 0.49361 0.58175 0.436926 0.470899 0.550058 0.908277 0.849495 0.475074 0.084162 0.016136 0.074282 0.042991 0.003152 0.000179 0.006395 0.001515 1.4e-005 0.023266 0.002932 0.007002 0.046933 0.109103 0.422474 0.655727 0.836547 0.120132 0.055721 0.115975 0.160683 0.129491 0.000378 0.14823 0.220349 0.000177 9.6e-005 0.038998 0.322838 0.167314 0.0017 0.233995
0.558602 0.414237 0.386734 0.387896 0.158412 0.236837 0.436095 0.258997 0.292379 0.490347 0.351688 0.598207 0.858641 0.765166 0.54059 0.537801 0.464822 0.434915 0.356135 0.418047 0.365323 0.226417 0.384971 0.415464 0.376971 0.5782 0.287597 0.727098 0.457989 0.267534 0.566323 0.525886 0.446103 0.520264 0.412522 0.206327 0.305695 0.822083 0.660562 0.177609 0.007924 0.01486 0.000158 0.000521 0.008483 0.112141 0.07993 0 0 0.000135 0.070373 0.420895 0.517751 0.445317 0.458053 0.259687 0.594724 0.451852 0.173008 0.06813 0.039725 0.050015 0.041407 0.000225 0.003627 0.0017 0.033824 0.128787 0.158434 0.0437 0.148686 0.133515
0.554504 0.353758 0.50819 0.225204 0.427051 0.303663 0.182315 0.290955 0.447022 0.501584 0.27413 0.519702 0.47912 0.499383 0.308516 0.401634 0.555668 0.21512 0.277171 0.420099 0.606319 0.227615 0.421975 0.38683 0.402754 0.594458 0.5367 0.730058 0.262776 0.477471 0.473709 0.281505 0.343285 0.285006 0.217471 0.090574 0.282427 0.430638 0.02072 0.006908 0.065637 0.019132 6.8e-005 0.002351 0.003145 0.001746 0 0.010376 0.071529 0.065535 0.073676 0.215098 0.357818 0.174277 0.286261 0.411425 0.267544 0.169237 0.195128 0.377178 0.244213 0.013125 0.045623 0 0 0.0076 0.156403 0.217929 0.1779 0.596641 0.130326 0.095512
0.666722 0.48356 0.276546 0.223562 0.278169 0.336025 0.498811 0.330953 0.3677 0.513008 0.386992 0.417968 0.378961 0.445224 0.28878 0.554487 0.355623 0.467335 0.638259 0.349624 0.607337 0.563687 0.163109 0.210518 0.347976 0.332748 0.865989 0.422085 0.266813 0.402455 0.725593 0.223639 0.052332 0.116405 0 0 0.01731 0.176521 0.13193 0.138063 0.165104 0.001002 3e-005 0.02034 0.253828 0.10125 0.290291 0.428984 0.197212 0.098295 0.183326 0.016438 0.061028 0.247807 0.320457 0.274521 0.261753 0.323498 0.320968 0.297398 0.097083 0.190403 0.178244 0.041316 0 0.00338 0.015132 0.1779 0.0414 0.2395 0.227516 0.0169
0.203959 0.236525 0.107912 0.263146 0.362148 0.268924 0.268753 0.557646 0.376637 0.246076 0.355988 0.195109 0.060413 0.286987 0.278434 0.347112 0.129812 0.14252 0.380485 0.233469 0.3498 0.270298 0.397015 0.391039 0.291918 0.092347 0.443191 0.332319 0.250059 0.211864 0.370234 0.095639 0.022429 0.101481 0.025073 0.02744 0.000236 0.0284 0.104093 0.045445 0.217707 0.395797 0.018858 0.035884 0.626569 0.533191 0.13242 0.531466 0.342991 0.438732 0.425134 0.22304 0.251942 0.577911 0.123423 0.408172 0.255058 0.094571 0.600541 0.3148 0.160012 0.397767 0.103568 0.074973 0.002579 0.086053 0.090019 0.2536 0 0 0.0063 0.061886
0.494109 0.424634 0.21773 0.564968 0.45472 0.48694 0.405624 0.632791 0.482858 0.379401 0.376629 0.163209 0.147877 0.165481 0.199949 0.110717 0.304889 0.142702 0.0454 0.7973 0.315306 0.3135 0.086526 0.105521 0.107721 0.37272 0.574779 0.174588 0.068588 0.187211 0.091126 0.118393 0.011982 0.000881 3.9e-005 0.000734 0.023561 0.1297 0.094664 0.126687 0.572254 0.275 0.0022 0 0.177832 0.073873 0.086745 0.30607 0.071951 0.379931 0.659554 0.168099 0.501587 0.775885 0.291418 0.649456 0.077773 0.293865 0.1512 0.259938 0.735494 0.164185 0.29699 0.022737 0.0001 0.020504 0.246645 0.069551 0 0.2328 0.0446 0.036558
0.290972 0.352505 0.183802 0.344793 0.331344 0.226973 0.646692 0.582532 0.196546 0.260308 0.215296 0.561952 0.185254 0.065388 0.057949 0.133356 0.531324 0.001982 0.566498 0.69868 0.474274 0.1346 0 0.042952 0.129934 0.343347 0.524616 0.058377 0.271224 0.449562 0.199814 0.018483 0.003535 0.021536 0.059665 0.128963 0.082816 0.198612 0.283833 0.614795 0.748068 0.084722 0.14311 0.007549 0.011184 0.06152 0.021924 0.330894 0.788388 0.624811 0.580741 0.283801 0.099344 0.501308 0.860182 0.239885 0.455468 0.295019 0.300594 0.49784 0.649944 0.105446 0.224143 0.266566 0.43082 0.646471 0.115938 0 2e-006 0.0339 0.258252 0.0169
0.457051 0.077008 0.293298 0.223444 0.049098 0.053295 0.458326 0.117288 0.355628 0.609588 0.489285 0.397772 0.24224 0.099017 0.008144 0.044532 0.045398 0.004259 0.286908 0.170299 0.010558 0.001709 0.120577 0.404741 0.045921 0.08983 0.037829 0.109136 0.217465 0.350173 0.573659 0.359357 0.18402 0.194065 0.070312 0.237034 0.456452 0.61487 0.574324 0.89714 0.48548 0.394396 0.423731 0.320473 0.112187 0.034783 0.093472 0.342019 0.500288 0.536154 0.524707 0.457862 0.228497 0.312652 0.876116 0.348093 0.383928 0.53737 0.356879 0.115826 0.387362 0.37068 0.318781 0.643593 0.130378 0.227 0.0468 0.0568 0.1135 0.096142 0.1437 0.0224
0.61283 0.253909 0.062993 0.475786 0.172094 0.195252 0.549562 0.224795 0.268466 0.104014 0.068352 0.101382 0.270748 0.013747 2e-006 0 0 0.001386 0.076996 0.045588 0.017293 0.136141 0.485713 0.744614 0.190125 0.0009 0.073003 0.271193 0.465244 0.461345 0.602899 0.464656 0.51523 0.312357 0.096679 0.32607 0.74981 0.599674 0.355117 0.75233 0.438822 0.359172 0.208003 0.10145 0.34981 0.148617 0.020405 0.150241 0.343922 0.297608 0.556312 0.885227 0.850701 0.846195 0.5789 0.505975 0.856054 0.368448 0.538175 0.107512 0.200756 0.306841 0.129218 0.008596 0.0472 0.157175 0.0094 0.2166 0.1155 0.010394 0.0484 0.102798
0.198571 0.537996 0.06029 0.201576 0.17881 0.096216 0.296003 0.432192 0.408595 0.150219 0.123773 0.048677 0.018458 1.2e-005 0.000126 3.2e-005 0 0.003019 0.277853 0.181904 0.184034 0.262339 0.256822 0.505683 0.625731 0.103131 0.071056 0.401786 0.345125 0.380248 0.227254 0.285435 0.369483 0.174797 0.316071 0.269494 0.281973 0.499744 0.394556 0.599759 0.44265 0.389765 0.315419 0.707419 0.459159 0.387337 0.026875 0.243495 0.324912 0.389646 0.634592 0.612146 0.591549 0.750948 0.205105 0.428286 0.203191 0.651899 0.286119 0.541342 0.426985 0.333275 0.110737 0.0961 0.1526 0.04511 0 0.0345 0.039083 0.337444 0.247818 0.246238
0.009504 0.048697 0.080752 0.070842 0.008966 0.007396 0.201239 0.097807 0.301178 0.028724 0.155931 0.017566 0.015558 0.005046 0 0 6.6e-005 0.006678 0.093358 0.102057 0.068986 0.352652 0.240085 0.437242 0.288374 0.158973 0.00905 0.14499 0.005108 0.192656 0.218848 0.444678 0.092597 0.034651 0.318344 0.379815 0.183747 0.621301 0.401217 0.464694 0.531576 0.425772 0.268325 0.507123 0.107644 0.007153 0.000977 0.187522 0.276689 0.611932 0.424288 0.266418 0.455631 0.607487 0.364161 0.289676 0.434057 0.535464 0.111615 0.122658 0.42797 0.133545 0.018026 0.2621 0 0.1073 0.097368 0.33191 0.044912 0.010198 0.181864 0.223671
0.115763 0.1327 0.086632 0.058886 0.148724 0.160083 0.157017 0.172015 0.282815 0.118524 0.04256 0.000775 0.062157 0.014132 0.20158 0.008236 6.5e-005 0.01279 0.096614 0.096442 0.286568 0.231841 0.318312 0.638044 0.4297 0.382795 0.280162 0.405996 0.008391 0.23798 0.092357 0.278185 0.656057 0.37282 0.056183 0.105354 0.14584 0.379143 0.388948 0.333938 0.31166 0.329464 0.621046 0.36075 0.158211 0.18108 0.001 0.122923 0.738808 0.298741 0.37196 0.750244 0.145522 0.223114 0.235305 0.767326 0.693453 0.579335 0.102741 0.372941 0.323015 0.216948 0.030988 0.132758 0.0344 0.2035 0.2278 0.0557 0.090809 0.00841 0.008621 0
0.20712 0.404536 0.303432 0.055772 0.22438 0.377656 0.169632 0.081136 0.043687 0.28086 0.519457 0.040593 0.143426 0.044969 0.261198 0.169074 0.002549 0.052254 0.142666 0.42614 0.217432 0.457973 0.534068 0.460826 0.198684 0.006048 0.005526 0.08701 0.052916 0.145235 0.292971 0.321012 0.47124 0.437026 0.332534 0.562574 0.737473 0.437216 0.553555 0.464618 0.410914 0.387425 0.194016 0.617375 0.544205 0.245431 0.189661 0.477469 0.388993 0.447231 0.514354 0.19796 0.214452 0.758332 0.438973 0.417204 0.461317 0.674529 0.229403 0.586094 0.305489 0.07438 0.137915 0.171464 0.0249 0.172736 0.20748 0.121658 0.273369 0.000474 0 0
0.088756 0.599894 0.401761 0.139435 0.336675 0.629118 0.554254 0.198997 0.077744 0.211181 0.107922 0.062257 0.078744 0.238807 0.157745 0.071319 2e-006 1e-006 0.17559 0.207694 0.038891 0.067284 0.005617 0.155077 0.210561 0.093567 0.14326 0.103883 0.003726 0.025921 0.129875 0.269133 0.318581 0.495925 0.853461 0.70981 0.679532 0.772854 0.436134 0.43539 0.492426 0.245334 0.008807 0.011524 0.220168 0.654048 0.689075 0.177279 0.630058 0.394445 0.562266 0.403229 0.160952 0.558843 0.135724 0.158105 0.347469 0.25234 0.10329 0.279911 0.047712 0.334782 0.123457 0.2403 0.342629 0.510307 0.326102 0.2243 0.223028 0.1394 0.0436 0
0.234046 0.34442 0.471445 0.623651 0.766475 0.544707 0.467311 0.550588 0.485435 0.15418 0.148336 0.119356 0.189056 0.23086 0.09341 0.144802 0.072794 0.001324 0.00595 0.001648 0.000383 0.157239 0.460685 0.191896 0.20799 0 0.004252 0 0 0.019707 0.040335 0.214053 0.540807 0.632481 0.516125 0.743502 0.401238 0.673998 0.155357 0.38166 0.070396 0.437654 0.2736 0.134342 0.552459 0.721178 0.243176 0.332647 0.387421 0.429658 0.330736 0.28289 0.343518 0.502364 0.126278 0.333578 0.392564 0.129646 0.1756 0.091986 0.205281 0.322195 0.1287 0.0001 0.2914 0.6086 0.0992 0.2658 0.2391 0.1321 0.0935 0
0.168846 0.131521 0.341588 0.283364 0.220682 0.338996 0.615312 0.304216 0.154349 0.094903 0 0.0135 0.328356 0.103717 0.220318 0.315567 0.157137 0.002524 0.000201 0 0 0.0561 0.051884 0.041786 0.00095 0.117209 0.19507 0.04734 0.003959 0.018089 0.180622 0.23333 0.666306 0.597887 0.325695 0.4042 0.28991 0.136944 0.741349 0.490384 0.402531 0.025884 0.216859 0.132442 0.023325 0.363004 0.112228 0.436479 0.654035 0.287272 0.195522 0.477218 0.3726 0.094177 0.068184 0.117667 0.093681 0.2708 0.313 0.1607 0.139 0.030859 0.069098 0.209673 0.003736 0.1768 0.0103 0.2388 0.313804 0.076574 0.0848 0.04862
0.087188 0.172451 0.377154 0.224194 0.141893 0.479159 0.640865 0.665237 0.539093 0.2986 0.191 0.242949 0.212548 0.063855 0.347737 0.16895 0.062558 0.013993 0 0 0 0.148961 0.261398 0.013472 0.179299 0.146657 0.231398 0.062683 0.445992 0.329551 0.186388 0.470277 0.628425 0.359685 0.547102 0.301704 0.434801 0.419967 0.47608 0.471423 0.056112 0.199125 0.238877 0.237056 0.322795 0.151589 0.259841 0.225437 0.236923 0.191917 0.395719 0.458048 0.296893 0.490636 0.309958 0.052152 0.387662 0.619292 0.1842 0.1853 0.1454 0.166363 0.616793 0.5153 0.169715 0.17825 0.7406 0.207223 0 0.131356 0.1879 0.0855
0.3777 0.075122 0.409443 0.179373 0.36249 0.273714 0.305823 0.643975 0.795178 0.671106 0.48546 0.171264 0.043421 0.101015 0.194749 0.014635 0 0.024965 0.022336 0.187835 0.05234 0.000152 0.100321 0.0083 0.238824 0.410031 0.2702 0.540677 0.54516 0.635388 0.387311 0.523922 0.106423 0.292882 0.54075 0.510631 0.265503 0.35585 0.312953 0.28777 0.327743 0.111185 0.300513 0.168224 0.358251 0.220188 0.250598 0.293848 0.400571 0.660756 0.5885 0.5131 0.248854 0.353193 0.131157 0.165087 0.143286 0.262041 0.2137 0.070756 0.008 0.411562 0.351 0.07662 0.0444 0.584 0.2813 0.0345 0.0349 0.1988 0.1064 0.0498
0.305831 0.360182 0.558339 0.241555 0.214648 0.159341 0.596383 0.282695 0.260697 0.1853 0.061155 0.254739 0.246674 0.135075 0.136583 0.000154 0.001613 0.001789 0.001682 0.198603 0.414047 0.629427 0.566507 0.294408 0.3513 0.586439 0.679758 0.298684 0.308351 0.60605 0.361464 0.562486 0.803399 0.744 0.287424 0.310385 0.411007 0.36943 0.413751 0.392979 0.011008 0.092961 0.384893 0.299108 0.403824 0.273847 0.800355 0.961485 0.759212 0.371755 0.016736 0.075865 0.009222 0.0945 0.1157 0.453156 0.010538 0 0.1172 0.253116 0.252304 0.5235 0.017621 0.045636 0.034635 0.0267 0.0366 0 0.0084 0.1011 0 0
0.484465 0.480443 0.395925 0.171193 0.438194 0.192364 0.524612 0.309023 0.438247 0.635685 0.599923 0.224472 0.19295 0.321251 0.206653 0.027318 0.07654 0.004954 0.041004 0.181415 0.28025 0.656639 0.429248 0.861243 0.351899 0.149103 0.390727 0.442433 0.229301 0.29574 0.509423 0.520113 0.7335 0.6213 0.217817 0.302426 0.735759 0.317345 0.258455 0.311959 0.007771 0.163987 0.339673 0.13231 0.589809 0.237184 0.503482 0.819306 0.896929 0.305454 0.398625 0.271186 0.261628 0.383552 0.385836 0.0462 0.1248 0.427 0.1409 0.0437 0.0177 0.07779 0.186451 0.15129 0.309516 0.221891 0.2015 0.0332 0.1891 0.0316 0.0383 0
0.069262 0.38822 0.074056 0.025175 0.294295 0.561969 0.465575 0.406581 0.672995 0.695526 0.427363 0.258296 0.109998 0.220549 0.000384 0.000216 2e-006 0.075854 0.351649 0.061217 0.213658 0.386696 0.580191 0.273808 0.377924 0.560089 0.410358 0.110982 0.479952 0.475199 0.234226 0.231138 0.472414 0.620706 0.218349 0.587961 0.507067 0.274337 0.279907 0.242097 0.395056 0.155419 0.304173 0.183028 0.637114 0.184152 0.45189 0.243577 0.244553 0.564146 0.369325 0.500844 0.355783 0.088979 0.0193 0.026 0.379401 0.497529 0.08203 0.019354 0.047358 0.136121 0.0049 0.092469 0.173625 0.0497 0.030742 7.1e-005 0.0707 0.0633 0.0015 0
