EnvRasters/BAU_High/agrcltr.asc
ncols         270
nrows         223
xllcorner     24099.479091542
yllcorner     21023.840179216
cellsize      1003.8986847201
NODATA_value  -9999
[rows 68 to 101 of 223, columns 75 to 149 of 270]
0.021832 0.031746 0.017775 0.02271 0.014717 0.039701 0.024684 0.027423 0.001516 0.003195 0.06174 0 0 0.0001 0.024154 0.028314 0 0.006836 0 0.00291 0.021964 0.010787 0.0043 0.005266 0 0.010517 0.0047 0 0 0 0 0 0 0.000428 0.003528 0.016745 0.010774 0.01566 0.004462 0.00092 0 0.01677 0.009218 0.001413 6.6e-005 0.004461 0 0 0 0 0 0 0 0 0 0 1.8e-005 0 0 0 0 0 0.000852 0.012709 0.00285 0.016836 0 0 0.00132 0.000282 0.00432 0 0 0 0
0.036217 0.011983 0.002712 0.007294 0.011461 9.8e-005 0 0.002134 0.0279 0.0003 0.005187 0.009948 0.007 0.006146 0.0745 0.005049 0 0.013483 0.009721 0.016422 3e-005 0 0.024413 0.003168 0.012796 0.002144 0.000802 0.021056 0 0 0 0 0 3.2e-005 0 0.006336 0.000608 0.000658 0.003285 0.02216 0.070909 0.006901 0.010276 0.00105 0.011297 0.025428 0 0 0 0 0 0 0 0 0.01564 0 0 0 0 0 0 0.013115 9e-005 0 0 0.000324 0.008478 0.001615 0.002125 0 0 0 0 0 0
0.002715 0.002929 0.006762 0.008559 0.008629 0.00274 0.008457 0.046845 0.007737 0.000396 9.1e-005 0.024616 0 0.000221 0.0094 0.0039 0.0035 0.005708 8.7e-005 0.004767 0.005281 0.002271 0.0009860001 0 0.003097 0 0.002378 0.008747 0 0 2.2e-005 0.003474 0 0.001174 0.00855 0.0036 0.014356 0 0.00435 0.011019 0.0069 0.000818 0.007405 0.0007 0 0.02418 0 0 0 0 0 0 0 0 0 0 0 0 0 0 0 0.015362 0 0.00268 0.000394 0.006626 0.000982 0.005225 0.00462 0 0.009595 0.00038 0 0 0
0.006917 0.000242 0.002475 0.008285 0.002234 0.000662 0.021468 0.001228 0.00055 0.005114 0.011118 0 0.034065 0.01331 0.01287 0.083234 0.003094 0 0.000894 0.016655 0.009066 0.01393 0 0.014599 0 1.1e-005 0.000464 0.008525 0 0 0 0 0 0 0 0 0.009785 0 0.000343 0 0.009408 0.004042 0 0.0097 0 7.2e-005 0 0 0 0 0 0 0 0 0 0 0 0 0 0 0.047015 0.004653 0 0 0.031002 0.0052 0.0237 0.003298 0.024056 0.000504 0 0 0.011454 0 0
0.014789 0.005999 0.004653 0.007016 0.02256 0.012823 0.005838 0.000418 0.009027 0.006348 0 0.002316 0 0.004953 0 0.022448 0.007325 0.054717 0.008712 0.0044 0.0052 0.008619 0 0.035766 0.020589 0.005681 0.021431 0 0.00104 0.002034 0 0 0 0.045281 0.010479 0.020795 0.009045 0.031779 0.029203 0 0.011683 0.00329 0 0 0 0 0 0 0 0 0 0 0 0 0 0.000194 0.000173 0.000139 0 0.000295 0.010734 0.00396 0 0.066307 0.013813 0.043248 0.000546 0.002883 0.008277 0 0 0 0 0 0
1.7e-005 0.008272 0 0.01636 0.011393 0.00267 0.017396 0.022319 0.01358 0.000196 1.2e-005 8.6e-005 0.000312 0.005427 0.000164 0.01974 0.003564 0.008289 5.2e-005 0 0.0548 0.011264 0.0032 0.0013 0.01746 0.004501 0.010653 0.000513 3.6e-005 0.000117 0 0.003726 0.001866 0.003866 0.03814 0.027091 0.058543 0.01188 0.016959 0.022666 0.000584 0.004462 0.008448 0 0 0 0 0 0 0 0 0 0 0 0 0 3.4e-005 0.000213 0 8e-006 0.000624 0.022234 0.000576 0 0.008917 0 0.004992 0.010817 0.00576 0 0.006674 0 0 0.014213 0.000448
0.020976 0.000572 0.017188 0.002995 0.020885 0.0052 0.0846 0.030385 0 0.004214 0.0072 0.00025 0.002119 0.000123 0.005743 0.00544 0.011201 0.0074 0 0 0.011235 0.007592 0.007979 0.000718 0.000406 0.002168 0.000264 0.015244 0 0.003962 0.001463 0.000941 0 0.01016 0.006513 0.031694 0.041535 4.2e-005 0.00453 0 0 0 6.3e-005 0.00028 0 0 0 0 0 0 0 0 0 0 0 0 0 0 0 0 0.003054 0.002484 0 0 0 0.003018 0 0 0.000155 0.000229 0.001021 0 0 0.000103 0
0.031402 0.009335 0.016319 0 0.0056 0.005832 0.010728 0.0109 0.0221 0.0048 0.00528 0.000869 0 0.000165 0.0078 0.000966 0.000232 0 0.000141 0.005717 0.0006 0.00049 0.013167 0.000102 0.0146 0 0 0.014259 0 0.061123 0.000216 0.004482 0 0 0.000453 0.007722 0 0.029693 0.000468 0 0 0.005093 0.003338 0.017644 0 0 0 0 0 0 0 0 0 0 0 0 0 0 0.002444 7e-005 0.006678 0 0 0.034254 0.042498 0.001276 0 0.034941 0.008736 0.005165 0 0.010542 0 0.013387 0.006086
0.0095 0.007443 0.001564 0.028865 0.0065 0 0 0 0.013854 0.0089 0 0.004158 0.003168 0 0 0 0.0053 0.000279 0.01295 0.005268 0.001424 0 0.009394 0 6.4e-005 0 0.0007 0.003201 0.0049 0.000693 0.006877 0.021561 0.00075 0.00013 0.001371 0.005942 0.061955 0.019781 0.002586 0 0.00134 0 0.000531 0.0005 0 0 0 0 0 0 0 0 0 0 0 0 0 0 0 0 0 0 0.005192 0.021617 0.002813 0.000376 0.003047 0.01229 0.011048 0.00023 0 0.000882 0 0.003048 0.064508
0.032713 0.014501 0.000702 0.020484 0.021036 0.04033 0.0307 0 0.0049 0 0.006732 0 0.00846 0.009849 0.0479 0.0002 0 0.000428 0.007924 0.019306 0.001 0.005913 0.000706 0.030565 0.001695 0.003948 0.0042 0.002187 0.000236 0.000198 0.03595 0.014764 0.003783 0.018463 0.002903 0.036429 0.019641 0.006264 0.002698 0.011853 0.006887 0 0 0 0 0 0 0 0 0 0 0 0 0 0 0 0 0 0 0 0 0.010332 0.004743 0 0.004061 0.02992 0 0.020399 0.007246 0 0 0.020246 0.004952 0 0.085358
0.01683 0.005052 0.003819 0.072254 0.007048 0.033391 0.0064 2.2e-005 0 0 0.00637 0 0.00023 0.006616 0.1092 0.0574 0 0.007223 0.001262 0.009009 0 0.000702 1e-006 0.003616 0.013547 0.019281 0.004098 0 0.007043 0.007974 0.013226 0.008009 0.007331 0.02963 0.0024 0.02009 0.00689 0.0033 0 0.00135 8.1e-005 0.019145 0.010615 0.000377 0 0 0 0 0 0 0 0 0 0 0 0 0 0 0 0 0 0 0.00432 0.003936 0.012149 0.04232 0.004277 0.000639 0 0 0 0 0 0 0
1e-006 0.041973 0.027904 0.000124 0.007667 0.012398 0 0 0.000113 0 0.0146 0.000172 0.007382 0.001312 0.000658 0 0.0063 0.001241 0 0 0 0.006984 4e-005 0.003352 0.007128 0 0.021844 0.020052 0.010512 0.003977 4.2e-005 0.000244 0.012179 0 0.000945 0 0 0.036149 0.008397 0.02443 0 0.000612 0 0 0 0 0 0 0 0 0 0 0 0 0 0 0 0 0 0 0 0 0.000261 0.009202 0.010583 0.000405 0.000876 5.9e-005 0.001801 0.000438 7.5e-005 0 0 0 0
0.000852 0.0068 0 0.000121 0.009 0 0.004257 0 0.004508 0.022106 0.049357 0.00127 0.00013 0.00152 0.023418 0.0015 0 9.8e-005 0 3e-006 0.000267 0.010292 0 0.007594 0.0004 0 0.012618 0.009948 0.007401 0.001199 0.006412 0.010764 0 0.0038 0.006348 0.000912 0 0.042927 4.8e-005 0.001128 0.017028 0.00588 0.000424 0.000384 0 0 0 0 0 0 0 0 0 0 0 0 0 0.0123 0 0 0 0 0.015224 0.008831 0 0 0.005488 0.00441 0.001378 0 9.4e-005 4e-005 0.000909 0.000999 0.00084
3.4e-005 0.0125 0.000219 0 0.010913 0.010701 0.011884 0.000286 7.5e-005 0.009168 0 0.008328 0.020583 0.04635 0.001683 0.006499 0 0 0 0.00036 0.007392 0.0006 0.000141 0.0131 8.4e-005 0.012547 0.003578 0 0.008736 0.007753 0.00312 0.058684 0.001023 0.004865 0.000142 0 0 0 0 0 0.005049 0.000396 0 0.000362 0.000177 0 0 0.002624 0 0 0 0 0 0 0 0 0.012393 0 0 0 0 0 0 0 0 0.00639 0.004859 0.000275 0 0.00153 0.001095 0 0.000995 0.001203 0.001039
0.000508 0.01081 0.004507 0.001386 0 0.012858 0.00013 0.030415 0.033308 0.000309 0.000992 0.001538 0.005248 0.00036 0 0 0 0.0213 0.003724 0.000918 0 0 0 0 0 0.005917 0 0.025673 0.006789 0.00028 0.004704 0.00388 0.01594 0.014342 0.006256 0.010213 0.073681 0.000196 0 0.034364 0.005285 0 0.000123 0.00111 0.005707 0 0 0.000201 0.001725 0.006251 0 0 0 0 0 0.003648 0.005954 0 0.006966 0 0 0 0 0.001767 0.005194 0.000249 0 0.0084 0 0.001391 1.8e-005 0 0 0.005162 0.00296
0.004907 0.008036 0.004324 0.0002 0.000928 0.001491 0.006702 0.001846 0.00828 0.021943 0 0 0.0204 0 0 0 0 0.00671 0.000666 0.0004 0 0 0.007371 0.00123 0 0.001422 0.003383 0.033939 0.00399 0.048877 0.077226 0 0 0 0 0 0.00792 0 0 0.024084 0 0.0115 0 9e-005 0.000552 0 0.002256 0.002633 0 0.000504 0 0 0 0 0 0 6.3e-005 0 0.000442 0.002014 0 0 0 0.000186 0 0 0.003335 0.009111 0.001255 0.005725 0 0 0.003768 0.022124 0.003273
0.000524 0.006212 0.001651 0.0014 0.001023 0.0049 0.002896 0.003002 0.002088 0.004213 0.00667 0.013106 0.000279 0.000693 0 0.003072 0.0029 0.0021 0.007524 0 0 0 0 0.006744 0.000846 0.001017 0.001664 0.008742 0.016318 0.007425 0.046949 0 0.003744 0.000238 0.003391 0.006446 0.011319 0.000847 0 0.011374 0 0 3.8e-005 0.000728 0.010312 0.007914 0 0 0 0 0 0 0 0 0 0 0 0.003814 0.001803 0.000351 0 0.000558 0.001364 0.011776 0 0 0.000204 0.006336 0.001841 0.000104 0 0.001536 0.001428 0.001484 0.01154
0.009344 0.001594 0.001877 0.00043 0.003068 0.002913 0.005717 0.007251 0.005004 0.010506 0.000555 0.011546 0.005977 0.002702 0.0001 0.003551 0.003194 0.001531 0.00075 0 0.0156 0.0089 0.000104 0.000572 0 0.001403 0.002214 0.007154 0.0159 0.0136 0.005828 0 0.005796 0.019163 0.020639 0.006984 5e-006 0.007428 0.015051 1.1e-005 0 0 0 0 0.004 0.0373 0.005238 0 0 0 0 0.000315 0.00154 0 0 0 0 0.001275 0.0015 0 0 0.002822 0.00062 0 0.004048 0.001957 0.000968 0.026778 0.030092 0 0 0.001104 0 0.004573 9.5e-005
0.012856 0.001451 0.002166 0.0046 0.002165 0.001771 0.004002 0.001034 0.002994 0.00559 0.001771 0.002106 0.004595 0.000951 0.000625 0.00072 0.003653 0.00131 0.000105 0.000352 0.00667 0.00132 0.007449 0.000897 0.000114 5e-005 0.002393 0.038385 0 0.0038 0.007047 0.000245 0.002164 0.012654 5.7e-005 0 0 0.019041 0.002354 0.006257 0 0 0.00019 0.003066 0 0 0 0 0 0 0 0 0 0.006285 0 0 0 0 0 0 0 0.00012 0.001749 0.003197 0.002197 0.001182 0.001768 0.00684 0.000183 0.001225 0.002457 0.000806 0.00019 0.001587 0.00327
3.6e-005 0.006966 0.006517 0.002032 0.008653 0.005767 0.004231 0.002044 0.007901 0 0.003711 0.003061 0.002154 0.002223 0.000504 0.013047 0.002016 0 0 7.3e-005 1.8e-005 0.007977 0.000428 0 0.010094 0.005684 0 0.005 0 0.161172 0.015546 0.007689 0.006336 0.007557 0.002709 0.002339 0.010573 0 0.001405 2.1e-005 0 0 0.000538 0.001517 0.000582 0 0 0 0 0 0.000735 0 0.000897 0.000188 9.5e-005 0.000216 0.001995 9.7e-005 0 0 0 0 0 0 0.000429 0.000216 0.000923 0 0.002382 0 0 0.002584 0 0.000603 0
0.004283 0.004091 0.004084 0.001304 0.006252 0.00684 0.003603 0.005854 0.009397 0.002314 0 0.001295 0.001491 0 0.000222 0.000582 0.005488 0.001089 7.2e-005 5.1e-005 0.000322 0.006565 0.000252 0 0 0.009212 0 0.006492 0.008118 0.009801 0.001751 0.012115 0.000757 2.5e-005 0.000105 0.002184 0.00024 0.006187 0.001562 0 0 0.007161 0.000176 0.017561 0.006837 0 0.01188 0.008153 0.000791 0.000629 0.000504 3.8e-005 0 0 8.4e-005 0.000137 4.6e-005 0.001815 0.001263 0 0 0 0 0 0.001248 0.00036 0.0001 0 0 0 0.001561 0.003059 0.000263 0.000996 0.004808
0.003528 0.0033 0.002093 0.003619 0.007819 0.006217 0.003435 0.00388 0 0.001396 0.000802 0.003867 0.001386 0 0 0.005437 0.000797 0.009972 0.000865 0.039974 0.003646 8.8e-005 0.00116 0 0 0.0204 0 0 0.003771 0.0007 0 0 0.001176 0.003991 0.002387 0.00243 1.6e-005 0.087599 0.00049 0 0 0 0.001552 0.01769 0 0 0.000441 0.003872 0.004818 0 0.0005 0 0 0 0.000687 0.004762 0 0 0.001746 0.000611 0 0 0 5.2e-005 0.002532 0.001286 0 0.000302 0.003168 7.2e-005 0.00056 0.00016 0.00048 0.000306 0.000527
0.000114 0 0.001503 0.010487 0.002063 0.007875 0.006203 0.007715 0.009024 0.005542 0.004513 0.002256 0.00683 0.004399 0.004222 0.003564 0.002416 0.002074 0 0.007104 0.002927 0.0157 0.035482 0.036541 0.0086 0.014217 0 0 0.023817 0.00213 0.003855 0.0001 0.014364 0.006709 0.002121 0.00461 0.001631 0.000216 0.004304 0.001285 0.00126 0 9.9e-005 0.000639 0 0 0.00651 0.005913 0 2.8e-005 0 0 3e-005 0.000368 0.000328 0.005791 0 0.003524 0.000353 0.000494 0 0.000522 0.00141 0.004775 0.004594 0 0.002709 0.00034 0.000466 0.003813 0.001556 0.003081 0.004278 0.000288 0
0.01407 0 0.004875 0.002091 0 0.001704 0.029825 0.026461 0.00323 0.007798 0.005349 0.004984 0.001303 0.013763 0.001938 0.003197 0 0.010048 0.013009 0.003163 0.015108 0.013929 0.014384 0.003803 0.00259 0.004678 0.002311 1.5e-005 0.002614 0.003892 0.000424 0.002425 0.00198 0.008981 0.00474 0.006871 0.001288 0.011209 0.000358 0 0 0 0.000706 0.002247 0 0.000588 0.003283 0.00283 0 0.002475 0 0.006523 0.000158 0.000275 0.000815 0 0.001141 0.000474 0.002163 0.003665 0.000725 0 0.003734 5.2e-005 0 0.000172 0.000978 1.1e-005 4.2e-005 0.00339 0 0.003136 0.00087 0 0.001218
0.001219 0.002974 0.004561 0.004076 0.017966 0.006433 0.002283 0.011016 0.008986 0.002769 0.004606 0 0.002079 0.007155 0.004529 0.0006 0.0069 0.008639 0.003972 0.006569 0.016424 0.025662 0.004831 0.005985 0.012046 0.000307 0 0.0005 0.004751 0.000185 0.013816 0.007524 0 0.008168 0.007889 0.000495 0 0.014071 0 0 0.00143 0.001386 0.0045 0.000124 0.005031 0.00108 0.001118 0.000948 0 0.00033 0.00047 0 0 0.00801 0.00025 0.003367 0.000422 0.000144 0.006903 0.000508 0.00154 0.003738 0.009 0.002557 0.004918 0 0 0.000252 0 0.002688 0.008328 0 0.000182 0.00021 0
0.009727 0.001897 0.002023 0.009204 0 0.009034 0.003587 0.011357 0.000572 0.0024 0.00225 0.003952 0.010344 0.006524 0.003455 0.000244 0.005076 0.001698 0.00876 0.005077 0.008984 0.008006 0.010239 0.015796 0.001826 0.00716 0.000861 0.000144 0.004351 0 0.012972 0.009505 0.003724 0.000328 0.00222 0.003759 0.000234 0.033505 0.020576 0 0 0.001711 0.000585 0.000129 0.000174 0.000112 0.006007 0 0 0.001839 0.000219 0.000436 0.00396 0.000112 0 0.000261 0.001498 0.001961 0.00024 3.1e-005 1.4e-005 0.003485 0.002074 0.00119 0 0 0 0 0.000126 0.002131 0.030765 0.001271 0.005208 0 0.000749
0.001629 0.003996 0.003614 0.000732 0.002027 0.006185 0.004404 0.009313 0.000585 0.004722 7.8e-005 0.005764 0.004898 0.005484 0.00184 0.00911 0.004596 0.000713 0.0092 0.005815 0.008552 0.032897 0 0.003305 0.015754 0.00459 0.008729 0.003411 0.006436 0.0334 0.005894 0.000624 0.027316 0.001065 0.000728 0 0.000208 0.015983 0.003119 0 0.005744 0.000365 0 0 0.001696 0.000259 0.002278 7e-006 0.001632 0.000264 0.003828 0.003549 0.000702 0.002792 0.003549 0 0.000322 0.000332 0.0027 0 0.006679 0.001992 0.000719 0 0 0.000351 0.000357 0.000231 0 0.001492 0.000704 0.005947 0.004798 0 0
0 0.002845 0.000966 0.003652 0.002735 0.0079 0.002943 0.003716 0.010187 0.003045 0.002877 0.001989 0.006022 0.003482 0.000953 0.002598 0.000136 0.003135 0.006846 0.004542 0.003103 0.002858 0.00359 0.003412 0.00786 0.003142 0.006201 0.003438 0.005542 0.003957 0.0006 0 0.007577 0.000576 0.00054 0.00061 0.00108 0.001431 0.000959 0.003406 9.6e-005 0.002373 0.001898 0.00039 0.000855 0.002402 9e-005 0.000876 0.011646 0.000973 0 0 0 0.005925 0.000646 0.00055 0 0.000232 0.00282 0 0.004225 0.00074 0.000753 0 0.00244 0 0.000438 0 0 3e-005 0 0.013774 0.006111 0 0.004504
0.0019 0.001541 0.000677 0.007383 0.008966 0.007066 0.00062 0.002915 0.001463 0.002856 0.008667 0.009704 0.005583 0.010843 0.002467 0.011312 0.009235 0.003716 0.004641 0.005799 0.001807 0.004398 0 0 0.00152 0.002003 0.004007 0.005866 0.001164 0.001206 0.002538 0 0.000961 0.015095 5.2e-005 0.000403 0.005553 0.001399 0.00038 0.009245 0.00165 0.003748 0.00046 0.001044 0 0.003783 0.001289 0.001744 0 7.8e-005 0.000658 0.000272 0 0.002328 0.002526 0.001 0.007612 0 0.004192 0 0 0 0.001352 0 2.2e-005 0.000444 0.003148 0.002898 0 0.00174 0.005676 0.001437 0.006333 0.000745 0.010986
0.001261 0.005197 0.061676 0.015141 0.001107 0.00108 0.001189 0.001782 0 0.000813 0.003952 0.007367 0.006224 0.009001 0.005224 0.000359 0.009472 0 0.007758 0.005091 0.012866 0 0 0.001952 0.005069 0.00398 0.000908 0.008245 0.007085 0.000896 0.003324 0.0092 0.005152 0.003383 0.002974 0.003409 0.000858 0 0.00068 0.000943 0.008635 0.00094 0.0047 0.00329 0.00418 0 0 0.00238 0.001296 0.004232 0 0.0057 0.00297 0.002156 0.004918 0 0.006497 0 0.002639 0.006435 0.002287 0 0.001624 0.001036 0.002622 0.00018 0.00529 0.002748 0.00014 0 0.000868 0.001924 0.00062 0.000285 0.004067
0.020866 0 0.058681 0.011071 0.012207 0.006466 0.007578 0.003569 6.2e-005 0.001326 0.005632 0.008343 0.00066 0.000466 0.003 0.00618 0.00224 0.003627 0.00394 6e-005 0.007962 0.001596 0 0.001529 0.005931 0.00059 0.005326 0.00839 0.006287 9e-005 0.007004 0.008233 0.007022 0.003507 0.009651 0.006615 0.001023 0.000174 0 0.007341 3.2e-005 0.003149 0.012768 0.002815 0.007938 0 0.00033 0.000435 0 0 0 0.004302 0.005468 0.004563 0.00048 0.002659 0.002 0.001518 0.006048 0.000192 0.004044 0.000348 0.003718 0 0 0 0 0.00071 0.000247 0 0.009121 0 0 0.004798 0
0.002245 0.000916 0.003442 0.000969 0.001025 4e-005 0.003191 0.001175 0.010341 0.002996 0.014548 0.001726 0.003876 0.003242 0 0.000655 0.010357 0.000422 0 0.001546 0.005008 0.003827 0.004498 0.008462 0.001944 0.006898 0.021982 0.001096 0.000984 0 0.005666 0.028094 0.012134 0.003675 0 0.006897 0.00046 0 0.001633 0.001675 0.001656 0.002162 0.005876 0.013219 0.022758 0.003758 0.00028 0.008036 0.003346 0.003695 0.004613 0.009025 0 0.015174 0 0.004311 0.00024 0.004417 0.004607 0.000209 0.000539 8.4e-005 0.001248 0.00033 0.00344 0.001026 0.000294 0 0.003334 0.005354 0.001746 0 0.000562 0.005048 0.00076
0.00119 0.002356 0.000972 0.004603 0.006772 0 0.006963 0.002227 0.006567 0.019827 0.053441 0.004577 0.004024 0 0.002353 0.001799 0.00104 0 0 0.002127 0.000902 0.000825 0 0.002538 0.009346 0.000544 0.006004 0.003381 0.009112 0.003354 0.006014 0.008513 0.004664 0.004404 0.003928 0.006137 0.00018 0.001599 0.003965 0.00174 0.001273 0.00164 0.014923 0.016009 0.002663 0.001184 0.000448 0 0 0.001486 0.002284 0.000891 0.001821 0.004264 0 0.003683 0.002998 0.001485 0 0.001155 0 0 0 0 0.01071 0 0.001596 0.004604 0 0.000627 0 0.002768 0 0 0.003254
0.004221 0.000345 0.006807 0.001713 0.012758 0.004887 0.00299 0.00294 0.004519 0.005672 0.005989 0.004238 0 0.007788 0.000429 0.003013 0.017872 0 0.001221 0.003669 0.009142 0.002231 0.007609 0.002254 0.003035 0 0.015953 0.013462 0.002132 0.000331 6.6e-005 0.000302 9e-005 0.002891 0.006004 0.005511 0.007722 0.003395 0.006598 0.000413 0.006016 0.021711 0.017979 0.00126 0.003337 0.003658 6.3e-005 0 0.004684 0.000432 0.006883 0.000133 0 0.001272 0 0.002038 0.007701 0.009056 0.003412 0.003652 0.0046 0 0.001003 0.012794 0.00833 0 0.000602 0 0 0.010985 0.002186 0.002853 0.01082 0.004342 0.006178
