EnvRasters/BAU_High/agrcltr.asc
ncols         270
nrows         223
xllcorner     24099.479091542
yllcorner     21023.840179216
cellsize      1003.8986847201
NODATA_value  -9999
[rows 34 to 67 of 223, columns 0 to 74 of 270]
-9999 -9999 -9999 -9999 -9999 -9999 -9999 -9999 -9999 -9999 -9999 -9999 -9999 -9999 -9999 -9999 0 0 0.000212 0.007541 0.033018 0.058054 0.019019 0.012812 0.045009 0.01426 0.0182 0.0075 0.007275 0.001063 0 0.081747 0.097106 0.01297 0 0.025839 0.007031 0.06291 0.131534 0.041552 0.019814 0.069715 0 0 0 0 0 0 0 0 5.8e-005 3.3e-005 0.017765 0.000335 0.037715 0.009356 0.040189 0.075958 0.012716 0.0098 0.04136 0.002592 0.010368 0.000224 0.000574 0.007004 0.01104 0.012927 0.032394 0.042726 0.067452 0.07591 0.05346 0.029606 0.005157
-9999 -9999 -9999 -9999 -9999 -9999 -9999 -9999 -9999 -9999 -9999 -9999 -9999 -9999 -9999 0 0.004128 0.00049 0.128297 0.05222 0.119163 0.057557 0.072253 0.042981 0.067207 0.020645 0.004852 0.038675 0.010686 0.000882 0 0.025191 0.033489 0.051322 0.112007 0.035302 0 0.010192 0.055828 0.044878 0 0.000419 0 0 0 0 0.000296 0 0.007601 0.004173 0.02328 0.096948 0.010346 0.037853 0.114704 0.014284 0.040661 0.015276 0.043956 0.032865 0.042 0.001825 0.06659 0.062117 0.021114 0.046027 0.10226 0 0 0.019982 0 0.024478 0.082594 0.062418 0.003679
-9999 -9999 -9999 -9999 -9999 -9999 -9999 -9999 -9999 -9999 -9999 -9999 -9999 0 0 0.00108 0.048576 0.049926 0.05128 0.004605 0.012043 0.024294 0.052545 0.024927 0.020409 0.005123 0.000688 0.104166 4.6e-005 0.00652 0.027711 0.059833 0.018819 0.000659 0.052661 0.082464 0.007868 0.199908 0.00505 0.000873 0.069573 0.00028 0.024852 0 0 0 9.7e-005 0 0.0111 0.120579 0.045176 0.025038 0.016954 0.01995 0.080481 0.00401 0.022059 0 0.002238 0.00732 0.01724 0.00297 0.030344 0.084577 0.069607 0.070095 0.106485 0 0 0 0 0.008117 0.008113 0 0.00136
-9999 -9999 -9999 -9999 -9999 -9999 -9999 -9999 -9999 -9999 -9999 0 0 0 0.0003 0.105626 0.010869 0.046135 0.024253 0.115143 0.012643 0.051888 0.019678 0.030487 0.036551 0.046237 0.0294 0.009108 0.007326 0.03414 0.013862 0.019093 0.039241 0.041375 0.034474 0.016787 0.00148 0.098681 0.012007 0.038491 0.004732 0.050871 0.044123 0 0.057431 0.012904 0.083432 0.023349 0.011853 0.047913 0.036427 0.017718 0.01731 0 0.004216 0.077226 0.062409 0.028669 0.001745 0.000913 0.013185 0.010323 0 0.001472 0.021523 0.010497 0.00548 0.069588 0.000801 0.008722 0.007056 0.026381 0.03387 0 0.049302
-9999 -9999 -9999 -9999 -9999 -9999 -9999 -9999 -9999 0 0 0 0.006951 0 0.008398 0.05086 0.043758 0.042762 0.009318 0.017739 0.00791 0.014312 0.012161 0.009771 0.055567 0.040232 0.0081 0 0.000792 2.2e-005 0.050164 0.131345 0.059649 0.0059 0.017696 0.0098 0.030525 0.099926 0.065977 0.047658 0.003004 0.046086 0.056684 0.04 0.049295 0.034055 0.0022 0.056154 0.103485 0.046799 0.153074 0.053035 0.029462 0.075007 0.095809 0.067835 0.000928 0.031066 0.030677 0.011803 0.024754 0.000197 0.008439 0.009509 0.000859 0.037376 0.010532 0.017688 0.011401 0 0.000186 0.086778 0.0288 0.036679 0.109266
-9999 -9999 -9999 -9999 -9999 -9999 -9999 -9999 0 0 0 0 0.015934 0.005888 0.082797 0.112053 0.017274 0.008142 0 0.098365 0.003558 0.030082 0.010129 0.00857 0.066361 0.120481 0.000388 0 0.081511 0.02959 0.002843 0.147602 0.139691 0.074838 0.071591 0.079018 0.047502 0.0038 0.001016 0.022998 0.025836 0.004128 0.019144 3.8e-005 0.001608 0.063305 0 0 0.155457 0.037164 0.042408 0.058828 0.036196 0.001256 0.04687 0.083906 0.065221 0.028565 0.097469 0.04409 0.000576 0 0 0.0077 0.0074 0 0.007467 0.009432 0.00028 0.040414 0.024613 0.000693 0.0009 0.103103 0.05238
-9999 -9999 -9999 -9999 -9999 0 0 0 0 0 0.052038 0 0.014162 0.001991 0.003573 0.048753 0.002114 0.018122 0.001768 0.018817 0.011736 0.101129 0.040781 0.007231 0.057792 0.057785 0.020552 0.028906 0.044253 0.057955 0.12582 0.05222 0.119437 0.030952 0.064898 0.037201 0.049119 0.094547 0.002702 0.00054 0.016355 0.040485 0.037518 0.03111 0.104397 0.053688 0 0 0.016147 0.131405 0.043574 0.092244 0.154885 0.025998 0.008251 0.032234 0.036031 0.029909 0.009681 0.022546 0.016791 0.000376 0 0 0.007156 0.0069 0.009688 0.000983 0.00062 0.002332 0.022869 0.00236 0.049022 0.059797 0.051173
-9999 -9999 -9999 -9999 0 0 0 0 0 0 0.017104 0.017128 3.9e-005 0.00784 0 0.015348 0.005883 0.008714 0.005501 0.022675 0.025569 0.005615 0.072505 0.032239 0.081828 0.120977 0.00345 0.01718 0.021323 0.077671 0.082763 0.025392 0.009717 0.084492 0.032839 0.277223 0.11794 0.072319 0.075415 0.025126 0.019022 4e-005 0.032925 0.016492 0.021948 0.024796 0.000458 0.006848 0.048148 0.092959 0.053151 3.3e-005 0 0 0.018419 0.001711 0.088139 0.04048 0.000528 0.010483 0.00219 0 0.002326 0.049859 0.028403 0.028819 0 0 0.029866 2.4e-005 0.006996 0.084487 0.003545 0.06624 0.055815
-9999 -9999 0 0 0.000787 0 0.007 0 0.000352 0.018372 0.012078 0.038861 0.04738 0 0.01004 0 0.088 0.002496 0.023313 0.029261 0.00384 0.009083 0.000297 0.132341 0.077319 0.088691 0.055583 0.048224 0.043924 0.102651 0.039497 0.076768 0.049236 0.095967 0.016002 0.039187 0.035226 0.097766 0.037602 0.02625 0.009528 0.004058 0.001513 0.014409 0.0006 0.016072 0 0.001185 0.110395 0.041292 0.085648 0.011751 0.000142 0 0.058472 0.002774 0.026894 0.025509 0.010182 0.016921 0.038819 0.001294 0.057348 0.001665 0.031782 0.004261 0.000444 0.009425 0 0.016533 0.002514 0.008506 5e-006 0.006568 0.03658
0 0 0 0 3.6e-005 0.000942 0.070567 0.026041 0.056154 0.063437 0.131987 0.059769 0.027955 0.000322 0.003328 0.038568 0.001435 0.000484 0.000305 0.001383 0.016126 0.047632 0.044257 0.045773 0.113674 0.064113 0.056522 0.043452 0.121289 0.165304 0.051988 0.16806 0.12116 0.044879 0.008643 0.07534 0.010699 0.075142 0.012547 0.103042 0.018997 0.042045 0.05804 0.066543 0.018077 0.025058 0.042166 0.028223 0.08703 0.098736 0.000695 0.046739 0.016418 0.024948 0.042023 0.012224 0.040707 0.030721 0.044054 0.019397 0.01039 0.008981 0.04929 0.002306 0.011956 0.027764 0.000678 0 0 6e-006 0.072046 0.008175 0.02307 0.051442 0.146445
0 0 0 0 0.003122 0.076503 0.024942 0.042337 0.057011 0.067119 0.020304 0.023241 0.077332 0.004773 0.016546 0.01113 0.0052 0.078327 0.0065 0.01762 0.070418 0.151828 0.056239 0.080146 0.097342 0.019419 0.201114 0.071612 0.192486 0.08349 0.027124 0.050585 0.011497 0.02576 0.08876 0.090627 0.152826 0.0132 0.102581 0.040157 0.044524 0.034387 0.038666 0.044196 0.007644 0.076495 0.125551 0.049227 0.041693 0 0 0 0.067708 0.042565 0.049554 0.0195 0.0004 0.076201 0.00908 0.009935 0.000255 0.065235 0.028231 0.038184 0.054264 0.008554 0.054592 0.0198 0.023714 0.025189 0.063 0.048114 0.142059 0.095833 0.09835
0 0 0.053038 0.011847 0.00068 0.004973 0.024006 0.0302 0.030482 0.002258 5e-006 0.087705 0.095662 0.050481 0.015484 0.058518 0.0031 0.000154 0.081 0.0949 0.001414 0.024256 0.087639 0.099367 0.121635 0.182843 0.103308 0.179191 0.126946 0.109866 0.088005 0.0081 0.064462 0.097498 0.023447 0.00593 0.095322 0.005735 0.118959 0.063702 0.136134 0.035172 0.093421 0.001559 0.002713 0.129707 0.152973 0.071257 0.028765 0.00058 0 0.000405 0.033965 0.11762 0.009686 0.005652 0.019446 0.000404 0.021409 0.044071 0.009207 0.010444 0.036105 0.005431 0.001152 0.011777 0.091469 0.037037 0.01 0 0.028462 0.053075 0.028033 0.015158 0.013561
0.0119 0.00874 0.013132 0.066729 0.04182 0.002854 0.000365 0.009694 0.023241 0.023048 0.012194 0.026601 0.056709 0.057394 0.059675 0.004729 0 0 0.020293 0.025408 0.016259 0.01005 0.065324 0.116713 0.141321 0.200738 0.274767 0.116934 0.102341 0.111231 0.086927 0.028258 0.085997 0.144081 0.066572 0.011599 0.025972 0.037862 0.05374 0.082384 0.087902 0.046115 0.08094 0.107636 0.006894 0.028918 0.07746 0.08331 0.052276 0.058246 0.029038 0.013068 0.01021 0.0892 0.049126 0.074272 0.011987 0.017866 0.1088 0.01753 0.012672 0.000234 0.001864 0.002365 0.029672 0.005199 0.015462 0.001936 0.007151 0.002267 0.007663 0.002899 1.1e-005 0.007952 3e-005
0.0715 0.045252 0.025673 0.092165 0.054514 0.005174 0 0 0.010964 0.097634 0.082703 0.043994 0.055464 0.021299 0.04208 0.010282 0.001433 0 0.096704 0.018295 0.004017 0.082932 0.118778 0.209059 0.152336 0.151718 0.112657 0.220613 0.077836 0.044814 0.1009 0.075004 0.037156 0.0774 0.051056 0.052518 0.016825 0.035875 0.021194 0.058929 0.017259 0.004975 0.030832 0.064876 0.170478 0.056548 0.081869 0.056833 0.047845 0.132013 0.097998 0.118931 0.035576 0.001724 0.029193 0.009083 0.015732 0.016017 0.04817 0.127647 0.070135 4.5e-005 0.006336 0.037795 0.015612 0.01518 0.00662 0.00341 0.0127 0.018197 0.054005 0.002051 0.012439 0.004183 0.014764
0.116901 0.035973 0.005442 0.03289 0.154072 0.022111 0.014653 0.000156 0.007401 0.008277 0.027574 0.119151 0.170847 0.021432 0.030712 0.06964 0.013275 0.03293 0.027876 0.03698 0.035868 0.112289 0.087677 0.167796 0.028291 0.303657 0.095955 0.053593 0.213665 0.179117 0.148801 0.10521 0.01151 0 0.234042 0.071839 0 0.00621 0.034423 0.025022 0.05016 0.027241 0.00712 0.094819 0.035572 0.085926 0.035497 0.0928 0.055761 0.099962 0.141135 0.097635 0.031085 0.023161 0.014729 0.00255 0.008655 0.019438 0.127686 0.019425 0.05255 0.0373 0 0 0.009672 0.005869 0.01109 0.027272 0.018527 0.014445 0.001184 0.034312 0.045924 0.004335 0.005903
0.01882 0.060727 0.172874 0.023451 0.04187 0.024663 0.055166 0.039148 0.008268 0.025602 0.046228 0.077291 0.003593 0.027298 0.021135 0.062758 0.169616 0.056416 0.059091 0.000753 0.001277 0.04505 0.082532 0.139672 0.086597 0.135136 0.077375 0.043283 0.143089 0.175631 0.106504 0.02152 0.143108 0.221749 0.157098 0.199414 0.051907 0 0.081677 0.018758 0.030285 0.134178 0.042677 0.053266 0.069584 0.100964 0.168626 0.12958 0.085383 0.018163 0.136059 0.021137 0.062228 0.11788 0.089112 0.076478 0.094491 0.025907 0.001369 0.001501 0.038139 0.073747 0.039668 0.0071 0.003918 0.000124 0.017866 0.059161 5.8e-005 0.01011 0.002393 0.037513 0.001994 0.007198 0.019338
0.087904 0.091473 0.055051 0.088415 0.056787 0.070172 0.034005 0.111396 0.022873 0.060337 0.093316 0.108251 8.1e-005 0.023358 0.019391 0.01036 0.022504 0.105428 0.066392 0.011388 0.000216 0.052577 0.108817 0.060257 0.13952 0.185651 0.096071 0.338819 0.111961 0.070985 0.062455 0.160259 0.20765 0.112503 0.249287 0.182711 0.030847 0.088598 0.054901 0.109518 0.091099 0.060024 0.154108 0.078961 0.042279 0.022191 0.022184 0.162803 0.021115 0.021175 0.125423 0.032013 0.043246 0.063165 0.101946 0.126943 0.127729 0.060356 0.009987 0.021264 0.039795 0.049282 0.043886 0.025623 0.012977 0.051776 0.038623 0.009191 0.014735 0.002977 0.01971 0.044144 0.012899 0.001996 0.051343
0.155634 0.100055 0.074928 0.071387 0.057155 0.081383 0.002956 0.02791 0.134114 0.03652 0.119764 0.122875 0.036711 0.006039 0.045683 0.014608 0.0234 0.008503 0.035781 0.084525 0.009658 0.0053 0.015345 0.096034 0.037649 0.099735 0.220391 0.120447 0.243892 0.1278 0.152803 0.175255 0.107785 0.091726 0.208482 0.111144 0.139954 0.182807 0.057342 0.052425 0.114976 0.124322 0.064455 0.089489 0.031232 0.043443 0.077038 0.106491 0.027143 0.077933 0.038941 0.089174 0.073166 0.035038 0.085651 0.112719 0.082579 0.044673 0.041364 0.066322 0.057076 0.01416 0.000318 0.016297 0.066852 0.013297 0.006807 0.057548 0.020849 0.022206 0.006041 0.006638 0.025786 0.000854 0
0.17112 0.100164 0.171922 0.030605 0.03342 0.013 0.0528 0.007674 0.087325 0.055544 0.054285 0.007535 0.0068 0 0.000592 0.002829 0.0172 0.011349 0.031122 0.000387 0.00776 0.030233 0.012582 0.013527 0.02972 0.009264 0.090861 0.073928 0.148859 0.120711 0.255541 0.093502 0.000964 0.167967 0.172176 0.041362 0.138007 0.030633 0.124468 0.065119 0.058004 0.058973 0.079153 0.062059 0.030617 0.034338 0.13498 0.164077 0.127543 0.069096 0.09895 0.078441 0.050409 0.045981 0.097418 0.052513 0.129162 0.02197 0.082936 0.003876 0.04955 0.049468 0.041023 0.008948 0.037052 0.025113 0.037894 0.082834 0.008257 0.052281 0.006911 0.025192 0.001106 0.006765 0.007427
0.124555 0.162245 0.070156 0.07143 0.038835 0.12295 0.022849 0.081847 0.050094 0.043746 0.085905 0.17414 0.057431 0.024655 0.033145 0.0004 0.00827 0.007487 0.008258 0 0.039777 0.258879 0.112575 0.209058 0.12704 0.098289 0.0111 0.031288 0.096205 0.034828 0.038616 0.122867 0.01814 0.025173 0.177385 0.125444 0.001423 0.021934 0.007945 0.00014 0.041166 0.109257 0.198101 0.207579 0.094686 0.092014 0.048036 0.058319 0.123286 0.15954 0.160477 0.163138 0.04962 0.030158 0.053526 0.024425 0.028941 0.021911 0.112124 0.044803 0.053609 0.009722 0.023876 0.010494 0.025063 0.081773 0.020316 0.034166 0.00013 0.011302 0.039389 0.082339 0 2e-006 0.001516
0.030715 0.030124 0.077983 0.104862 0.044508 0.047925 0.072183 0.08125 0.023999 0.041925 0.093896 0.031934 0.157771 0.103485 0.0538 0.021149 0.02131 0.046957 0.007228 0.058171 0.092412 0.230476 0.17408 0.156221 0.213309 0.195999 0.010944 0.075469 0.15556 0.166923 0.228613 0.098255 0.047634 0.05064 0.288856 0.113407 0.053553 0.081893 0.153836 0.042594 0.155093 0.174036 0.065774 0.13808 0.140482 0.129442 0.051765 0.057342 0.048855 0.087043 0.079509 0.118136 0.04055 0.109816 0.025125 0.042879 0.072573 0.011002 0.061026 0.03955 0.037805 0.007453 0.035066 0.008737 0.012081 0.036674 0.079265 0.002391 0.102138 0.006871 0.042071 0.089704 0.0066 0 0
0.003824 0.068589 0.070907 0.078382 0.017635 0.076605 0.02481 0.022812 0.07744 0.075281 0.083695 0.105202 0.019376 0.044497 0.234793 0.016986 0.016564 0.030595 0.010082 0.039558 0.073 0.055917 0.134484 0.092885 0.230494 0.112777 0.100981 0.118558 0.186833 0.138835 0.14573 0.076939 0.157689 0.042708 0.201392 0.052249 0.034398 0.05394 0.129157 0.043109 0.200829 0.0923 0.15402 0.094039 0.165835 0.022786 0.027716 0.142642 0.051428 0.092882 0.113491 0.027109 0.027495 0.009882 0.008936 0.033878 0.089972 0.067023 0.033738 0.013774 0.0034 0.010924 0.003363 0.01896 0.024594 0.006903 0.014544 0.002418 0.136387 0.062365 0.00016 0.001377 0 0 0
-9999 0 0.055426 0.125702 0.043278 0.117979 0.098485 0.068523 0.030124 0.073125 0.068793 0.073038 0.026956 0.030495 0.062344 0.054672 0.005571 0 0.0076 0.021054 0.013652 0.052164 0.042967 0.095359 0.049003 0.072601 0.150246 0.105043 0.083832 0.087298 0.181107 0.064744 0.016748 0.057712 0.059819 0.058869 0.016332 0.018915 0.053895 0.058306 0.108657 0.052452 0.171909 0.142004 0.063907 0.029736 0.069749 0.001299 0.013476 0.073652 0.063066 0.007235 0 0 0.025027 0.033956 0.086913 0.095367 0.057808 0.023062 0.044717 0.007845 0.037356 0.009378 0.040804 0.059019 0.014654 0.001179 0.000403 0.000237 0.0086 0 0 0.002856 0.036946
-9999 -9999 0.019656 0.025972 0.029975 0.044626 0.02044 0.049835 0.039277 0.024453 0.035524 0.017595 0.020764 0.059445 0.128357 0.102951 0.009583 0 0.000148 0 0.012622 0.062345 0.143783 0.10157 0.12654 0.04202 0.062078 0.168816 0.244058 0.062551 0.243123 0.119227 0.05483 0.137602 0.130008 0.130125 0.068378 0.013125 0.12732 0.145194 0.098206 0.073786 0.137563 0.058716 0.12216 0.051633 0.079509 0.017296 0.006112 0.083127 0.10419 0.07258 0.000289 0.00193 0.024924 0.103601 0.03029 0.053574 0.070316 0.036964 0.00053 0.018304 0.029191 0.004385 0.000665 0.005952 0.0102 0.000421 0.000797 0.005691 0.0039 0.002079 0.033565 0 0
-9999 -9999 0 0.000331 0.034817 0.007754 0.009674 0.091501 0.016201 0.010702 0.074424 0.076241 0.054974 0.091033 0.014301 0.030755 0 0.014589 0.108795 0.054414 0.095425 0.053967 0.037781 0.079345 0.043712 0.002565 0.014417 0.09242 0.146194 0.135797 0.067146 0.080713 0.100646 0.077738 0.007423 0.000453 0.073647 0.047231 0.000452 0.031862 0.081793 0.057268 0.045678 0.001952 0.05143 0.134088 0.072035 0.151731 0.114504 0.113636 0.124043 0.00876 0.096896 0.011706 0.025288 0.044176 0.082251 0.107949 0.043257 0.032421 0.024001 0.025613 0.022076 0.060939 0.010092 0.003456 0 0.005642 8.5e-005 0.033562 0 0.0362 0.002214 0.026428 0.0098
-9999 -9999 0 0.010171 0.013953 0.09489 0.154354 0.015379 0.006717 0.019141 0.016485 0.001591 0.048933 0.048419 0.002924 0.001275 0.0125 0.038492 0.046503 0.027056 0.007544 0.017471 0.031821 0.013463 0.004995 0.016039 0 0.04715 0.142532 0.053247 0.01833 0.057653 0.09767 0.026698 0.050229 0.009506 0.016015 0.077112 0.00042 0 0.038336 0.024193 0.032681 0.01802 0.05789 0.073301 0.068189 0.164804 0.094378 0.100704 0.119346 0.112906 0.112216 0.059573 0.085594 0.082058 0.037729 0.027752 0.152146 0.170489 0.077727 0.026926 0.025833 0.00942 0.0138 0.036072 0 0 0.000897 0.040047 0.015716 0.021218 0.014103 0.032859 0.002673
-9999 -9999 -9999 0.005131 0.018868 0.007813 0.050552 0.067747 0.029468 0.006738 0.016729 0 2.4e-005 0 0.0075 0.009 0.013 0.0269 0.000394 0.013151 0.034399 0.165801 0.079112 0.126733 0.036275 0.010878 0 0.090653 0.142394 0.145809 0.112446 0.073268 0.069659 0.033717 0.026446 0.021079 0.006164 0 0 0.071778 0.013333 0.019934 0.02648 0.080568 0.056571 0.174644 0.040605 0.099751 0.094362 0.037846 0.078788 0.082932 0.009622 0.113946 0.094531 0.138253 0.038734 0.010902 0.002719 0.010005 0.023274 0.050459 0.048584 0.036419 0.003956 0.000788 0 0.001414 0.018346 0.005957 0.025049 0.026963 0.064459 0.005814 0.031699
-9999 -9999 0 0.002067 0.062941 0.050175 0 0.002518 0.045089 0.024962 0.020061 0.014518 0.008427 0.002748 0.055507 0.000282 0.029104 0.04869 0.031526 0.000225 0.011798 0.064056 0.013326 0.071042 0.159819 0.020079 0.082844 0.068557 0.096956 0.185486 0.204192 0.185189 0.048861 0.125698 0.042023 0.047462 5e-005 0 0 0.01308 0.037944 0.039994 0.092465 0.054708 0.04277 0.065211 0.143314 0.034907 0.213018 0.012945 0.018289 0.065574 0.085244 0.057176 0.042198 0.029287 0.160807 0.109795 0.02118 0.029347 0.035573 0.056103 0.049781 0.030694 0.004003 0.004812 0.032777 3e-005 0 0.013525 0.006135 0.001374 0.017247 0.00404 0.009148
-9999 -9999 0.001328 0.079533 0.01414 0.01441 0.081579 0.000773 0.022993 0 0.0233 0.018414 0.080463 0.076383 0.151221 0.04428 0.071097 0.030953 0.071118 0.107803 0.032932 0.076807 0.026879 0.047786 0.101206 0.110059 0.040259 0.057498 0.09205 0.122156 0.149765 0.080463 0.034305 0.013723 0.011763 0.085706 0.03648 0 0 0.000352 0 0.008622 0.001494 0.090782 0.042318 0.117599 0.184509 0.094682 0.08883 0 0.033016 0.088487 0.132735 0.119638 0.112224 0.104695 0.026533 0.002962 0.01705 0.036162 0.002965 0.014657 0.044133 0.072047 0.001027 0.145617 0.069662 0.016572 0.008444 0.024626 0.010546 0.0065 0.0002 0.025307 0.008354
-9999 0.015017 0.015443 0.018796 0.002673 0.015977 0.007383 0.014516 0.079519 0.013967 0.00656 0.021539 0.031089 0.106069 0.044723 0.068207 0.029642 0.004422 0.04136 0.102512 0.062217 0.027535 0.007259 0.067953 0.077747 0.030197 0.058794 0.140214 0.177088 0.12559 0.029041 0.065165 0.085899 0.034785 0.078153 0.08297 0.05975 0 0 0 0 0.011039 0.008185 0.024523 0.02106 0.122673 0.101065 0.048169 0.047904 0.044059 0.077433 0.16733 0.069656 0.035891 0.115347 0.054757 0.008553 0.010628 0.030372 0.083425 0.006993 0.001164 0 0.04703 0.022103 0.011692 0.002716 0.003538 0.007014 0.014666 0.018152 0.000213 0.000112 0.00015 0.01031
9.2e-005 0.027153 0.110755 0.052355 0.027956 0.065564 0.058632 0.037908 0.019611 0.029965 0.075373 0.039798 0.059799 0.109486 0.05518 0.029725 0.00959 0.033443 0.002376 0.051065 0.049672 0.018461 0.027818 0.038169 0.049151 0.078144 0.023489 0.014095 0.047825 0.147284 0.124447 0.049953 0.081898 0.003264 0.020449 0.051713 0.154058 0.025233 0.016331 0.00269 0.000153 0.000424 0.000416 0 0 0.000363 0.004459 0.00485 0.135718 0.125269 0.053079 0.051728 0.098263 0.000855 0.024037 0.031337 0.001052 0.028999 0.089928 0.034494 0.022025 0.00332 0.00066 0.050184 0.00252 0.014887 0.032386 0.023672 0.057275 0.013757 0.001083 0.020843 0.043378 4.9e-005 0
-9999 0 0.027031 0.006936 0.04335 0.128449 0.023492 0.039734 0.017203 0.019388 0.147752 0.027403 0.018088 0.008297 0.040236 0.087247 0.017752 0.000822 0.002242 0.10048 0.03478 0.01886 0.019193 0.01045 0.018125 0.027615 0.017146 0.0947 0.07931 0.029338 0.103617 0.030635 0.045294 0.019011 0.083128 0.032255 0.120617 0.035568 0.040144 0.017932 0.009787 0.029977 0.008889 8.1e-005 0 0.017675 0.01456 0.0009860001 0.034023 0.039983 0.040563 0.007107 0.002786 7e-005 0.049726 0.009363 0.005383 0.00337 0.004212 4.8e-005 2.4e-005 0.001689 0.056101 0.09626 0.033608 0.029168 0.001896 0.042894 0.0277 0.006536 0.024546 0 0.072 0.000224 0.023736
-9999 0 0.062194 0.045151 0.052165 0.041022 0.029501 0.03828 0.039365 0.028566 0.024335 0.02642 0.044106 0.017007 0.001784 0.049179 0.024096 0.038311 0.081218 0.016758 0.01278 0.016125 0.017367 0.022757 0.005812 0.0067 0.020937 0.031527 0.06826 0.033721 0.005916 0.048094 0.036934 0.028077 0.011833 0.036441 0.047975 0.022713 0.021569 0.013349 0.013578 0.057025 0.01767 0.000679 0.004819 0.018988 0.01531 0 0.00469 0.095522 0.112292 0.142723 0.005288 0.003618 0.052725 0.001049 8.6e-005 0 0.001368 0.001004 0.000602 0.017226 0.022255 0.026812 0.054432 0.024086 0.016853 0.032271 0.035887 0.002115 0.008857 0.00636 0.021015 7e-006 0.019755
-9999 0 0.086505 0.055994 0.069131 0.025318 0.054399 0.024547 0.016173 0.063595 0.015786 0.006916 0.02441 0.033767 0.000785 0.016401 0.056684 0.064937 0.01528 0.005843 0.006585 0.07913 0.077973 0.029489 0.035716 0.061545 0.093643 0.033634 0.026309 0.041468 0.02381 0.093031 0.014571 0.023478 0.015904 0.117469 0.024142 0.075951 0.012923 0.073215 0.077084 0.046198 0.020167 0.001348 0.061047 0.064894 0.06288 0.093483 0.020292 0.163689 0.114692 0.062031 0.015409 0.016219 0.047728 0.012602 0.010514 0 0 0.063778 0.016587 0.020813 0.001658 0.020311 0.003578 0.0085 0.000375 0.033808 0.038983 0.024855 0.000894 0.098751 0.007617 0.008045 0.020364
