EnvRasters/BAU_High/agrcltr.asc
ncols         270
nrows         223
xllcorner     24099.479091542
yllcorner     21023.840179216
cellsize      1003.8986847201
NODATA_value  -9999
[rows 34 to 67 of 223, columns 75 to 149 of 270]
0.031901 0.027561 0.00836 0.045828 0.048575 0.020884 0.005632 0.013046 0.007227 0.002622 0 5.8e-005 0 0.108894 0.029156 0.00237 0 0.001748 0.027029 0.012462 0.028276 0.018996 0.000266 0 0.004988 0.021079 0.015362 0 0.001024 1e-006 0.019797 0.012643 0.008089 0.021189 0.028607 0.040236 0.026208 0.016409 0.015294 0.002762 0.008777 0.000255 0.003845 0.055181 0.001457 0.005629 6.6e-005 0 0 0 0 0 0 0 0 0 0 0 0 0.012192 0.015264 9e-005 0.25408 0.027365 0.001132 0.0054 0.0449 0.000516 0.066701 0.018668 0.030465 0.016629 0.020184 0.007519 0.000876
0.020129 0.016612 0.008706 0.002795 0 0.052498 0.012664 0.052067 0.018212 0.008611 0 0.033031 0.039929 0.120442 4e-005 0.0444 0.016213 0.002701 9.4e-005 0.008051 0.005978 0.009166 0.001289 0.002419 0.015758 0.005817 0.006058 0.000249 0.017597 0.010021 0.001473 0 0.018774 0.001619 0 0.015091 0.001802 0 0.014213 0 0.007293 0.002012 0.065722 0.004437 0.021229 0.013054 0 0 0 0 0 0 0 0 0 0 0 0 0 0 0.020385 0.028596 0.050268 0.002376 8.8e-005 0.009527 0.004305 0.045339 0.06229 0.011304 0.0068 8e-005 0.015909 0 4.4e-005
0.00284 0.052978 0.007824 0.052309 0.065952 0.022824 0.004887 0.001274 0.012015 0.008085 0 0.00044 0.000162 0.000149 0.010412 0.000446 0.016709 0.0251 0 0.008725 0.014021 0.08322 0.049481 0.032185 0.000929 0.000391 0.000197 0 0.000542 0.001051 4.8e-005 0.001691 0.00428 0.003312 0 0 0.000195 0.001599 0.013527 0 0.024667 0.017455 0.037161 0.017414 0.00189 0.02471 0.010318 0 0 0 0 0 0 0 0 0 0 0 0.041587 0.043461 0.072722 0.048078 0.068543 0.010563 0.003282 0.039623 0.009265 0.011517 0.023123 0.066583 0.007935 0.0056 0.0157 0 6e-005
0.000532 0.020079 0.003233 0.007093 0.012875 0.002514 0.000328 0.018854 0.01975 0.00025 0 0 0 0.02077 0 0 0.019093 0.000976 0.031714 7.5e-005 0.00061 0.016886 0.015039 0.019015 0.012828 4e-005 0.00142 0.001553 0.01019 0.002882 0 0.013462 0.00158 0.001844 0 0 0.0003 0.000527 0 0 0.018431 0.012474 0.030734 0.03817 0.008067 0.014931 0.001965 0 0 0 0 0 0 0 0 0 0 2.4e-005 0.007425 0.014144 0.007897 0.002041 0.020578 0.072743 0.094616 0.005924 0.002808 0.000886 0.039558 0.0701 0.0365 0 0.0016 0.0071 0
0.141321 0.04414 0.012646 0.078948 0.035785 0.021346 0.039142 0.060955 0.003168 0 0 0 0.000826 0.019856 0.000428 0.0202 0.0047 0.000351 0.023041 2.2e-005 0 0.00858 0.000152 0.000696 0 0.012537 2.5e-005 0.014162 0.016864 0.00128 0.001358 0.012552 0.000321 0.000324 0 0 0 0.009 0.0213 0 0.012964 0.018575 0.028313 0.002531 0.002814 0.005386 0 0 0 0 0 0 0 0.002842 0 0 0 0 0 0 0.000561 0.03296 0.08564 0.012767 0.128204 0.060407 0.020076 0.011187 0.001488 0.000552 0.032266 0.002 0.00074 0.000253 0.000518
0.029689 0.043595 0.032121 0.009149 0 0.0057 0.012348 0.007821 0.001177 1.9e-005 0 0 0.029154 0.036463 0 0.028295 0.0101 0 0.068231 0.106071 0.065043 0.029211 0.000299 0.075174 0.04851 0.032218 0.000559 0.009892 0.023372 0.000732 0.000556 0.001676 0.005332 0.001154 0 0 0.003 0.003052 0.028051 0.016801 0.014581 0.002527 0.015331 0.001009 0.001409 0 0 0 0 0.000291 0 0.001297 0.031262 0.00392 0 0 0 0 0 0 0.00137 0.001574 0.052843 0.065766 0.100486 0.075064 0 0 0 0 0 0 0.095315 0.284408 0.02361
0.06049 0.085837 0.092175 0.048029 9e-005 0.0047 0.044751 6.6e-005 0.01156 0 0 0.015386 0.01317 0.007677 0.049242 0.003 0.000594 0.004263 0.007708 0.227541 0.036077 0.00152 0.0148 0.074283 0.022183 0.00168 0.0222 0 0 0.0073 0.008624 0.00102 0.0026 0.007478 0.006741 0 0 0.007488 0 0.050748 0.007162 0.02089 0.009555 0.02137 0.034498 0.032376 0.002744 0.005782 0.000433 0.077473 0.105197 0.001044 0.003294 0.023984 0.0001 0 0 0 0 0 0.016882 0.000137 0.036861 0.03531 0.02622 0 0 0 0.00253 0.001961 0.049179 0.033098 0.019369 0.069141 0.020835
0.181051 0.076223 0.000126 0.010102 0.022022 0.0583 9.6e-005 0.016162 0.00044 0 0 0.0058 0.10536 0.029907 0.046221 0.010796 0.041996 0.002962 0.018912 0.08114 0.011138 0.0912 0.022 0 0.016961 0.026362 0.041377 0.0091 0 0 0 0.003197 0.00856 0.00343 0.012623 0.001043 0.039374 0.007623 0.000742 0.076063 0.018509 0.0114 0.010009 0.025958 0.018923 2.6e-005 0 0 0 0 0.0558 0 0.0489 0.0094 0.0204 0 0 0 0.027918 0.007018 0.007417 0.04657 0.003762 0 0 0 0 0 0.001178 0.0876 0.04566 0.003594 0.003268 0.026347 0.009978
0.013539 0 0.006401 0.010362 0.071602 0.001862 0.004736 0.00088 0 0 0 0 0.058956 0.02809 0.000135 0.154717 0.030638 0.023453 0.021945 0.048043 0.028381 0.064283 0.009222 0.006232 0.006569 0.017797 6.9e-005 0.020914 0.024531 0.03762 0.0079 0.00119 0.001028 0.002901 0.001573 0.020982 0.011634 0.015514 0 0.015606 0.023269 0.000795 0.002482 0.00592 0.015616 0 0 0 0 0.1122 0.0263 0.000638 0.006237 0.064081 0.02376 0 0.020605 0 0 2e-005 0 0.036021 0.006909 0 0 0 0.027916 1.6e-005 0.02208 0.088385 0.071792 0.02215 0.011342 0.026777 0.000192
0.00153 0.036425 0.041841 0.008464 0.028119 0.004312 0 0 0 0 0.008189 0.018875 0.03756 0.026072 0.046303 0.003541 0.059083 0.032666 0.014512 0.0338 0.013292 0.015869 0.010296 0 0 0 0.002749 0.024497 0.00099 0.004554 0 0.000184 0.000156 0.00033 0.013912 0.008339 0.005832 0.005346 0 0 0 0 0.000625 0 0 0 0.0066 0.0039 0 0.00937 0.008514 0 0.073328 0.019725 0 0.025839 0.001008 0.020244 0.020138 0.000288 0.014673 0.045243 0.00015 0 0 0.009538 0.00846 0.028772 0.012018 0.015132 0.0061 0.210953 0.138288 0.11602 0.0379
0.030389 0.119179 0.044352 0 0 0 0 0 0.000324 0 8.8e-005 0.023245 0.04926 0.084688 0.127451 0.053533 0.023869 0.001519 0.016 0.050005 0.031614 0.03379 0.001076 0 0 0 0.00138 0.017762 0.013309 0.01053 0 0.000495 0.001281 0.000484 0 0.000184 0 0 0.021384 0.009801 0.003626 0.006762 0 0 0.003473 0.00207 0.032 0.006206 0.007757 0.039665 0.005544 0.038872 0.044139 0.061397 0.055028 0.010397 0 0.004118 0.001448 0.006214 0.000297 0.01826 0 0 0.062068 0.001808 0.021796 0.036975 0.010957 0 0 0.016516 0.0128 0.013363 0.006054
0.014827 0.00331 0.019016 0 0 0 0 0.00027 9e-006 0.020228 0.017277 0.005411 0.027666 0.054183 0.049423 0.00056 0.050055 0.058051 0.023196 0.052866 0 0.013026 0.000168 0 0 0 0 0.000828 0.000161 0 0.012953 0.017127 0.018102 0.022391 0 0 0 0 0 0.007308 0 0.000392 0 0 0.005626 0.0018 0 0 0 0.000219 0.000178 0.002108 0.005267 0.010196 0.004514 0.020111 0.002725 0.100289 0.003604 0.000172 0 0.020214 0.02963 0.046666 0.06515 0.037275 0.016196 0.007737 0.012684 0.008115 0.019612 0.01823 0.01872 0 0.03422
0.000392 0.03667 0.017008 0 0 0 0 0 0 0.007512 0.005594 0.006446 0.019004 0 0.000553 0.036012 0.010674 0.003273 0.008541 0.035557 0.064537 0.024222 0.027567 0.001411 0 0 0 0.006352 0.00584 0.007363 0.024741 0.034666 0.055686 0.00012 0 0.001485 0 0 0 0 0 0 0 0.003969 0.01 0.029624 0 0.012928 0.0044 0 0 0.069533 0.132112 0.047547 0.027547 3.9e-005 0.007022 0.15833 0.135071 0.001196 0 0.027699 0.086603 0.024648 0.090541 0.081029 0.11053 0 0.038633 0.031992 0.060096 0.137266 0.134677 0.066429 0.002673
0.003162 0 0 0 0 0 0 0.006076 0.00042 0 0 0.001034 0 0.087552 0.035054 0.075935 0.016972 0.025407 0.047819 0.02529 0.020874 0.020598 0.025526 0.033568 0.002143 0 0.000692 0.008949 0.021164 0.003425 0.034381 0.014157 0.0019 0.021905 0 0.02218 0.04264 0 0.001395 0 1.6e-005 0.006232 0.006098 0.002002 0.041507 0.0145 0.004356 0 9.4e-005 0 0 0 0 0 8e-005 0.005349 0.017543 0.093397 0.055071 3.6e-005 0.00579 0.059715 0.047279 0.002373 0.006505 0.099395 0.049709 0.011888 0.018243 0.017297 0.073465 0.071611 0.010941 0.006968 0.018311
0 0 0 0 0 0 0 0 0.00024 0.008354 0.001738 0.011511 0.026795 0.020805 0.029337 0.005278 0.038095 0.018901 0.040262 0.03936 0.0221 0.003442 0.037337 0.021737 0.005292 0.005576 0.014857 0.012507 0.000995 0.008959 0.110034 0.087853 0.008977 0.030033 0.005235 0.034935 0.019114 0.015072 0.003999 0.014208 0.006387 0.01074 0.000581 0.030861 0 0 0 0.007562 0.017234 0 0 0 0.0142 0 0 0 0.008534 0.029492 0 0.037396 0.019058 0.02753 0.005838 0.043276 0.017956 0.005081 0.034755 0.0397 0.236258 0.056138 0.150538 0.033948 0.010014 0.001078 0
0.072997 0 0 0 0 0 0 0 0 0.004947 0.003589 0.017591 0.025139 0.053608 0.019202 0.012366 0.003746 0.024419 0.0641 0.016883 0.0071 0.000259 0.0372 0.0088 0.024616 0.006508 0 0 0.000112 0.003111 0.005662 0.060534 0.024467 0.0359 0.021724 0.02214 0.042165 0 0.002668 0.006268 0.018571 0.010494 0.014895 0.023053 0 0.005402 0.008613 0 0 0 0.00064 0.0044 0.016153 0.0263 0.0105 0 0 0.003054 0.002744 0.001537 0.001458 0.000434 0.005092 0.024254 0.033186 0.0421 0.028126 0.144575 0.232202 0.030291 0.177203 0.086311 0.017927 0.022638 0
0 0 0 0 0 0 0 0 0 0.000396 0 0 0.013759 0.03037 0.020032 0.077829 0.062236 0.045547 0.028642 0.044219 0.008441 0.0168 0.044316 0.02539 0.004999 0.01323 2e-006 0.006684 0.064387 0.003173 0.024756 0.018069 0.039179 0.047262 0.005351 6.8e-005 0.016902 0 0 0 0.008934 0.00018 0.000803 0 0 0.007057 0.004296 0.005796 0.022635 0 0.0033 0.0022 0 0.0275 0.018515 0 0 0 0.003777 0.003693 0.008331 0 0.00665 0.001983 0.002821 0.00712 0.017786 0.018982 0.012294 0 0.00052 0.008368 0.217381 0.042962 0.028312
0 0 0.0044 0 0 0 0 0 0 0 0 0.000474 0 0.012493 0.022231 0.0357 0.073281 0.025021 0.088362 0.073248 0.0099 0 0.009951 0 0.009682 0.012485 0.015918 0.010496 0.03561 0.013984 0.004708 0.0084 0.043666 0.054367 0.000252 0.004534 9.9e-005 0 0 0 0.02085 0.005551 0.022244 0.000849 0.00012 0.039123 0 0.005772 0.009213 0 0 0.028546 0.04866 0 6.8e-005 0 0 0 0.000304 0 0.00374 0 0.008466 0 0.010385 0.010775 0.018031 0.0221 0.011928 0.025739 0.022804 0.067586 0.15039 0.012677 0.049342
0.012503 0.000266 0.005922 0 0 0 0 0 0 0 0 0.000168 0.001984 0 0.010412 0.014485 0.039905 0.007521 0.003136 0.070995 0.095901 0.007372 0.011583 0 0.009566 0.000781 0.013187 0 0.013132 0.012998 0 1.7e-005 0.013932 0.006871 0.0039 0 0 0.02418 0.002855 0.00074 0.033579 0.016654 0.002791 0.000116 0.0179 0.00929 0.00345 0 0.005211 0.009968 0 0.010692 0.015802 0.034526 0.003705 0.00513 0 0.020086 0 0 0 0 0.003267 0 0.038267 0.005327 0.030838 0.034896 0.001836 0.022306 0.059515 0.161507 0.0741 0 0.022678
0.009079 0 0 0 0 0 0 0 0 0.010285 0.000238 0.001026 0.000144 0.00704 0 0.042757 0.06691 0.016452 0.033618 0.0116 0.012338 0.026941 0 0.0068 0.010379 0.048424 0.044414 0.008296 0 0.030942 0.003156 0 0.015048 0.0005 0.005541 0.003201 0 0.010044 0.007039 0.021562 3.4e-005 0.03744 0 0 0.000291 0.007425 0.008428 0.002448 0.000714 0 0.014837 0 0.008857 0.001174 0 0 0.005372 0 0 0.000165 0 0 0.000141 0 0.003456 0.003256 0.00589 0.004388 0.012677 0.020486 0.069009 0.05603 0.047829 0 0.000947
0.046223 0 0.000108 0 0 0 0 0 0 0 0 0.006008 0.050187 0.048356 0.031576 0.026162 0.074826 0.052484 0.0091 0 0 0.001131 0.0208 0.026921 9.7e-005 0.008211 7.6e-005 0.001848 0.009775 0.006188 0.01248 0 0 0.01216 0.001034 0.005763 0.004925 0.028419 0.000498 0.011382 0.008841 0.011892 1.6e-005 0.000228 0.061618 0.01216 0.044527 0.000874 0.006419 6e-006 0.000378 0.004227 0.006126 0.009072 0.057851 0.000564 0 0 0 0.004125 0 0 0.005292 0 7e-005 0 0 0.014175 0.046391 0.011198 0.012944 0.001557 0.003192 0.005166 0.023474
0.008147 0.000255 0.022893 0.093386 0 0 0 0 0.003999 0.007722 0.01052 0.032885 0.032646 0.030961 0.117091 0.014896 0.013518 0.038309 0.098517 0.051063 0.01116 0.005952 0.002643 0.000504 0 0.028321 0.003521 0.002454 0.002736 0.003003 0.01307 0.000732 0.000232 0.000792 0 0.023969 0.029084 0.033555 0 0 0.008644 0.001479 0.001357 0.014154 0.018589 0.018305 0.010704 0 0.000158 0 0 0.01031 0.012054 0.013046 0.023697 0 0 0 0 0 0 0.000147 0 0.01323 0.000111 0 0.0233 0.008047 0 0 0.058279 0.019134 0.038017 0.003081 0.000927
0.010039 0.007898 0.009065 0.08734 0 0 0 0 0.05689 7.2e-005 0 0.003757 0.005192 0.027836 0.057462 0 0 0.088086 0.246689 0.257248 0.175435 0.154424 0.010415 0 0.028022 0.022958 0.005729 0.00727 0.015192 0.018254 0.0006 0.01384 0.004361 0.016361 0.000352 0.024074 0.010286 0.009999 0.000149 0 0 0.007055 0.016666 0.000239 0.000846 0.004559 0.002834 0.033338 0.018049 0.004992 0 0.015453 0.023776 0.013811 0.022599 0.009569 0 0 0 0.00106 4e-005 0 0.009258 0.037917 3.1e-005 0.008994 0 0 0 0 0 0 0.002499 0.002337 0.00416
0 0.00866 0 0.027841 0.0335 0.0061 0 1.5e-005 0.063503 0.019081 0.0128 0.004736 0 0 0.319952 0.112872 0.025193 0.264637 0.288798 0.082745 0.196307 0.144946 0.057994 0.006583 0.016552 0.048939 0.013997 0.018934 0.0147 0.0079 0 0.000363 0.023761 0.000239 0.004717 0.011848 0.020041 0.000149 0.005571 0.007612 0.06641 0.008812 0.016994 0.00024 0.007539 0.003972 0.01049 0.001271 0.081958 0.021678 0 0 0 0.011187 0.009622 0.001354 0 0 0.006128 0.002931 1.6e-005 0 0.021654 0.174111 0.109768 0 0.003744 0 0 0.007524 0 0 0 0 0
0.003397 0 0.000504 0 0 0 0 0.009306 0.037339 0.074679 0.063432 0.011525 0.000195 0.005363 0.093579 0.093057 0.159698 0.048974 0.112689 0.0317 0.185323 0.119393 0.042079 0.03862 0.005013 0.058062 0.035389 0.0039 0 0.0492 0.00306 0.00336 0.017589 0.014949 0 0.001089 0.009086 0.012969 0.01568 0.000161 0.003185 0.031917 0.01131 0.0027 0.041169 0.005095 0.002224 0.002226 0.02597 0.0313 0.067482 0 0 0.001998 0.003724 0.018244 0 0 0.008075 0.00019 0 0 0.06364 0.022755 0.072934 0 0.014691 0.014731 0 0 0.002144 0.05945 0.01161 0.010653 0.00205
0.041057 0.009133 0.000362 0.02486 0.000185 4.5e-005 0.003612 0.00063 0.020034 0.052889 0.018989 0.017218 0.027174 0.007348 0.039787 0.051341 0.149449 0.069312 0.030536 0.154291 0.080743 0.022331 0.009638 0.016504 0.009562 0.008874 0.031305 0.000975 0.003496 0 0.013566 0.017859 0.015986 0.015937 0.006322 0.018463 0.003243 0.011512 0.030034 0.008171 0.020793 0.005444 0.011904 0.005828 0 0 0.0059 0 0 0.028666 0.005904 0.004838 0.000372 0 0.01526 0.013075 0.00621 0 0.00455 0.000674 0 0.00181 0.047068 0.045032 0.0012 0.002871 0.002744 0.000364 0 0.0052 0 0.011163 0.044006 0.050432 0
0.010802 0.027513 0.0002 0 0.000798 0.00247 0.035669 0.042616 0.010167 0.0154 0.035238 0.010396 0.08019 0.047077 0.039715 0.089884 0.136099 0.032456 0.038574 0.072911 0.029651 0.020811 0.021227 0.001326 0.000236 0.027694 0.017532 0 0 0.052563 0.028423 0.000747 0.015743 0.011274 0.019117 0.009029 0.011865 0.003634 0.00115 0.029883 0.007704 0.010296 0.004888 0.019629 0.013135 0.007555 0.00064 0.011946 0.012427 0.017472 0.030712 0.013125 0.004365 0.017505 0.0717 0.011031 0 0.004278 0 0 0.001131 0.016593 0.093731 0.0004 0.0083 0.010631 0 0.009306 0 0 0.014157 0.015957 0.00225 0.007315 0.008832
0.001342 0.026186 0.002588 0.0011 0.022129 0.00665 0.008581 0.006848 0.011288 0.062746 0.032786 0.011664 0.014808 0.066714 0.056508 0.024523 0.022847 0.01173 0.038728 0.01898 0.04385 0.002585 0.006688 0.010105 0.043138 0.008851 0.003396 0 0.004644 0.000856 0.020103 0.004091 0 0.01933 0.003847 0.023312 0.004902 0.004905 0.01433 0.004555 0.001045 0 0.025846 0.023884 0.010229 4.2e-005 0.006778 0.002428 7.7e-005 0.006277 0.027168 0.000129 0 0.022094 0.021419 0.0106 0 0.005277 0 0.006398 0.006095 0.01142 0.01483 0.0016 0.004036 0 0.00091 0 0.000288 0.011344 0.000323 0.000703 0.010611 0.01373 0.000652
0.000126 0.016536 0.00021 0.006286 0.003908 0.00096 0.01277 0.024386 0.006 0.007434 0.024634 0.031859 0.00557 0.010675 0.020406 0.00181 0.030338 0.013559 0.000372 0.011 0.000384 0.00018 0.103586 0.0434 0.00354 0.0006 0.000647 0 0.000136 0.00157 0.000816 0.00091 0 0.011739 0.001877 0.015964 0 0.01043 0 0.014631 0.012796 0.0245 0.021331 0.013613 0.017815 0.00681 0.013703 0.006035 0.00058 0.010587 0 0.000495 0.008188 0 0.120028 0.001222 4.3e-005 9.6e-005 0.019098 0.003134 0.030645 0.002436 0.000455 0.005148 0.044109 0 0 0.004947 0 0.021051 0.021848 0.005697 0.006177 0.004854 0
0.00041 0.117724 0.004445 0.004743 0.024777 0.006972 0.010461 0.032038 0.0267 0.0317 0.105945 0.059535 0.00994 0.029423 0.033766 0.003425 0.01888 0.006785 0.000479 0.015362 0.010297 0.005135 0.011253 0 0.007466 0.00021 0 0 0 0 2.7e-005 0 0.0036 0.012813 0.001798 0 0.00777 0.010949 0.007857 0.008858 0.016932 0.105087 0.051906 0.050784 0.051128 0.008842 0.000864 0 0.000952 0 0 9.2e-005 0.000525 0 0 0 0.097794 0.026084 0.006715 0.00539 0.018513 0 0.000116 0.000214 0.011717 0 0.009185 0 0.005848 0.004428 0.023474 0.002626 0.048373 0.000279 0.003119
0 0 0.008586 0.012117 0.023402 0.015742 0 0.008465 0.009084 0.063697 0.02197 0.041743 0.011951 0.000174 0.000373 0.016724 0.000248 0.000672 0.0126 0.028668 0.031559 0.002264 0.012 0.007245 0 0.011562 0 0 0 0.00027 0 0.000313 0.0085 0.002739 0.004704 3.7e-005 0.010387 0 0.008241 0.020403 0.029782 0.052754 0.044469 0.02 0.000509 0.027342 0.025671 0 0 0.00511 0 0.000112 0 0 0 0.001872 0.010786 0 0.006698 1.6e-005 0 0.007425 0.0174 0.000414 0.0064 0.00021 0.041502 0.002062 0.008928 0.00493 0 0.013536 0.0002 0.006327 0.021115
0.00048 0.023404 0.000188 0.051472 0.018671 0.01166 0.007505 0.100268 0.078554 0.006276 0.054611 0.059745 0.018809 0.002544 0.014973 1.8e-005 0.003787 0.002922 0.013374 0.023067 0.002595 0.009578 0.003183 0.008889 0 0.003329 0.000379 0 0 0 0 0 0.001064 0.008512 0.00312 0.000468 0.005232 0.000702 0.007344 0.018446 0.020557 0.001847 0.025298 0.018357 0.005912 0.019033 0.01507 0 0 0 0 0 0.000897 0 0 0 0.00524 0.008683 0.015717 0 0 0.000108 0.00015 0.011582 0 0.004365 0.019713 0.003428 0.007666 0.010464 0.010368 0.000187 0.027075 0 0.000654
0.007884 0.016665 0.024853 0.011468 0.022303 0.051635 0.044433 0.010872 0.000125 0.030065 0.012 0.0443 0.054805 0.048632 0 0.009108 0.000954 0.037521 0.02851 0.011086 0.058942 0.007832 0.00608 0.003057 0.000936 0.031525 0.001428 0 0 0 0.003822 0.006687 0 0.006668 0.00464 0.002041 0.002484 0 0.00072 0.015013 0.00539 0.00608 0.015356 0.061708 0.00258 0 0.001449 0.0051 0.00015 0.023545 0 0 0 0 0 0.0007 0.017221 0.005824 0.003825 0 0 0 0.052289 0.030268 0 0.019701 0 0 0 0 0 0.009682 0.00729 0.004481 0
0 0 0.0001 1e-006 0 0.002345 0.065961 0 0 0.000432 0 0.0166 0.035192 0.02946 0.010311 0.01064 0.012871 0.006435 0.0043 0.011442 0.009712 0.005146 0.001844 0.005762 0.001104 0.016783 0.000288 0 0.000806 0 0.01089 0.003861 0.000293 0.003765 0.003104 0.01506 0.003012 0 0 0 0.000676 0.004617 0.016909 0.00063 0.080705 0 0 0.000132 0 0 0 0 0 0 0 0 0.008825 0 0 0 0 0 0.001875 0.001155 0.001386 0.009513 0 0 0.000918 0.0119 0.019709 0 0.005194 0 0
