EnvRasters/BAU_High/agrcltr.asc
ncols         270
nrows         223
xllcorner     24099.479091542
yllcorner     21023.840179216
cellsize      1003.8986847201
NODATA_value  -9999
[rows 102 to 135 of 223, columns 150 to 224 of 270]
0.005053 5.7e-005 0 0.009397 0.019593 0.001684 0.003442 0.00741 0.003436 0.00575 0.00018 0 0.000468 0 0.001002 0.004158 0.008504 0 0.000903 0.002835 0.005043 0.003031 0.004256 0.014431 0.023625 0.011862 0.011138 0.001868 0.001587 0.001052 0.01122 0 0.001627 0.000216 0 0 0 0.001364 0.003882 0.002646 0.002228 0.003692 0 0.004038 0.001221 0 0 0 0 0 0 0.000472 0.00189 0.00046 0 4.6e-005 0 0.004564 0 0 0 0.008272 0 0 0.000204 0.003543 2.4e-005 0.000162 0 0.0007 0.00162 0.003057 0.00093 0.000254 0.002572
0.005385 0.003046 0 0.002967 0.005077 0.000289 0.003385 0 0.002714 0.00104 0.00409 0.004594 0.003641 0 0.005462 0.009991 0.007176 0.000296 0.001607 0.001899 0.004342 0.0016 0.00181 0.000784 0.006963 0.011454 0 0 0.005057 0 0.000297 0.001384 0.00216 0 0.000778 0.000483 0 0.001244 0.007748 0 0.005275 0 0.00344 0 0 0 0 0 0 0 0.001118 0.00144 0.001299 0 0 0 0 0.000673 0.001814 0 0 0.000127 0 1.9e-005 0.000648 0.002415 0.0001 0.001642 0.000418 0.0047 0.001203 0.0019 0.000952 5e-006 0.001244
0.021411 0.003654 0 0 0.00026 9.6e-005 0 0.007473 0.003049 0.000164 0 0.004571 0 0.003943 0.00183 9.7e-005 0.005134 0.000788 0.005298 3.5e-005 0 0 0.008639 0 0.01106 0 0.002718 0 0.00162 0.001322 0.010218 0 0.000525 0 0.00282 0.006092 0.00709 0 5e-005 0.000828 0.004298 0.00231 0.002646 0.00297 0 0.000186 0.000384 0 0 0.000162 0 0.000623 0.001937 0 0 0 0 0 0.001641 0 0 0.000643 5.8e-005 0.001 0.000154 0.001112 0.001278 0.000279 0 0.000285 0.0027 0 0.009734 0.0003 0
0.002651 0.001586 0.001638 0 0 0.004831 0.005341 0.000942 0.004363 0.008748 0.001375 0 0.00198 0.000594 0.001054 0 0.003782 0.001584 0.000848 0.010106 0.000846 0.004702 0.005538 0.000112 0.012399 0.000432 0.007032 0.002884 0 0 0.001715 0 0 0.001392 0 0.008849 0.008585 0.002574 0.004425 0 0 0 0 0.00168 0.000112 0.003565 0.000323 0.000918 0.004826 0.004888 0.0049 0.002357 0.00116 0 0 0 0.0036 0 0 0 0.000138 0 0.0016 7.8e-005 2.4e-005 0.001148 6.3e-005 0.001582 0.006 0.003596 0 0 0.000492 0 0
0.0002 0.001419 0.000483 0 0.00241 0.015267 0.000388 0.019186 0.000696 0.007998 0.005479 0.011771 0.001104 0.00031 0.005311 0.002569 0.013962 0.005376 0.001735 0.009265 0 0.005796 0 0.000416 0.004922 0.019783 0.007322 0.003556 0.001335 0.000945 0.006761 0 0.001097 0.00029 0.000902 0.011837 0.000797 0 0.000504 0.003888 0.000285 0 0.000216 0 0.0006 0 0 0.003476 0.003159 0.011394 0.00138 0.008128 0.00045 0 0.000434 0 0.002824 0.00098 0.00042 0.001696 0.00234 0 0.001009 0.000537 0.002979 0.002151 0.003434 0.002482 0.0011 9e-005 0.001752 0.000355 0.00088 0.000858 0.00699
0.002175 0.004459 0.008248 0.001173 0.010145 0.001274 0.0076 0 0.004396 5.6e-005 0.005591 0 0.000322 0.001843 8e-005 0.004421 0 0 0.003039 0 0 4e-005 0.001746 0 0.004238 0.015264 0.000275 0 0.001254 0 0.000621 0 0.0023 0 0.000419 0.000592 0 0 0.009171 0 0.00192 0 0 0.000348 0.004795 9.5e-005 0.001846 0 0.000493 0.001869 0.001778 0.001246 0.004567 0.003702 0.001891 0.002969 0.002473 0.000608 0.000255 0.000368 5e-005 0.00342 0.002324 0.00035 0.008191 0.003538 0.004487 0 8e-005 0 0.003659 0.00051 0.000343 0 0
0.017678 0.004401 0.012278 0.000435 0.007867 0.003067 0.0008 0.001672 0.012203 0.002888 0.007214 0.006447 0.000581 0.002673 5.6e-005 0.008829 0.001248 0 0.000828 0.0001 0.015565 0 0 0.003736 0.00495 0.006603 0 0 0.004484 0.000996 0.003287 0.002898 0.003079 0.005741 0 0 0 0 2.2e-005 0.000228 0 0 0 0 0.008648 0.007196 0.005977 0.001182 0.001512 0.00216 0.000509 0.007644 0.000564 0.004128 3.6e-005 0.016896 0 0 0.00126 0.00089 0.00025 0.009703 0.004695 0.00033 0 0 0.0066 0.00969 0.003215 0 0.006798 0.002203 0.001111 0 0.0068
0.003016 0.000296 0.005448 0.001161 0.001132 0 0.017344 0.000525 0.000542 4.3e-005 0.005151 0.003486 0.000162 0.00106 0.001862 0.000383 0.00166 0 0.002402 0.0004 0.003502 0.001266 0.004837 0.00072 0.000519 0.001862 0.00141 0.002464 0.00156 0 0 0 0 0.00013 0 0.001412 0 0 0.001536 0 0 0 0 0.000126 0.006302 0.01355 0.051323 0.008809 0.004397 8e-005 5.9e-005 0.000501 9.5e-005 0.009718 0.001974 0 0.000438 0 0.00021 0 6.9e-005 0 0.0203 0.002445 0.007737 0.003744 0.001435 0.019336 0 0.003611 0.000295 0.0039 0 0 0.001266
0.005351 0.005574 0.001471 0.001696 0.003002 0.002185 0.000144 0.001018 0.000689 0.00105 0.009221 3.2e-005 9e-006 0.002678 0.001118 0.001992 0.00032 9.7e-005 0.012804 0.0007 0.0015 0.000711 0 0.008856 0.00542 0.000429 0 7e-005 0 0 0.000833 0.003851 0.000264 0.00171 0.002619 0.001638 0 0.000252 0.001873 0.001404 0.001143 0 0.00043 0.00086 0.001315 0.002928 0.016966 0.01106 0.012138 0.011621 9.6e-005 0.007949 0.000197 0 0.002082 0.003555 0.001374 0 0 0 0.000403 0 0.004821 0.000252 0.004855 0.010241 0.00143 0.012678 0.000901 0.0039 0.003656 0.017351 0 0 0.003112
0.014399 0.009802 0.001078 0 0.001755 0.003417 0.003142 0 0 0 0.001097 0.000392 6.6e-005 0 0.0017 0.000479 0 0.001242 0.000627 0.0009 0.0036 0.015373 0.002304 0 0 0.003036 0.000297 0.000413 0.001667 0.0034 0.000756 0.007224 0.001346 0.005282 0 0.002223 0.00048 0.002345 0.003926 0.00415 0.00952 0.003282 0.002943 0.001601 0.0002 0.003253 0.009143 0.007892 0 0 0.00076 0.000824 0 0.003956 0 0.002068 0.003391 0.000285 0 0.0003 0.005376 0 0.013622 0.00076 0.001443 0.001402 0.001021 0.000525 0 0.0075 0.004927 0.0004 0 0 0.000375
0.000908 0.00595 0 0 0 0 0.001038 0.00325 0 0.001256 0.00423 0 0.001452 0 0.005735 0.00058 0 0.004428 0.00886 0.006174 0.001903 0.000299 0.000972 0.00152 0.000126 0.003972 3.6e-005 0.000576 0.001612 0 0.0071 0.00039 0.005903 0.00063 0.00078 0.003386 0.000506 0 0 0 0.0013 0 0.004188 0.011315 0 0.0018 0.006578 0 0 0.002784 0 0.000297 0.004057 0 0.005742 0.005505 0.002391 0 0 0.003233 0.003956 0 0.005752 0.005066 0 0.003528 0.005296 0.005291 0.001869 0.001747 0.011266 0 0.0009 0.0033 0.004445
0 0.000174 0.009366 0.002075 0.004123 0 0 0.000126 0 0 0.00099 0 0.005121 0.000186 0 0 0.000143 2.1e-005 0 0 0 5.8e-005 0.0006 0.00086 7.7e-005 0.000318 0.000108 0.001411 0 0 0.002883 0 0.005904 0.002627 0.00085 0.00062 0.001965 0.000124 0.003956 0 0.001322 0.003434 0 0.0037 0.003084 1.7e-005 0.004623 0.003897 0.000413 0.012271 0.006538 0.0067 0.011575 0.001484 0 0.001604 0.000622 0.001148 0.001234 0.005053 0.000927 4.4e-005 0.00058 0.000295 0.002092 0 0 0.00087 0.001467 0.001717 0.001341 0.001415 0.000624 0 0
0.002219 0.000798 0.010157 0 0.000645 0.00132 0.00072 0.000106 0.000139 0 0 0 0.007152 0 0.00202 0 0.00076 0.000166 0 0.005102 0 0.00332 0.000352 0.000447 0.000832 0.004117 0.000624 7.2e-005 0 0.00027 0.003933 0.0086 0.001512 0 0.005353 0.000773 0.001321 0.000606 0.001248 0 5.3e-005 0 0.009434 0.039942 0.005626 0.02069 0.010687 0.006954 0.000257 0.005676 0.000382 0.001152 0 0.004775 0.0011 0.005801 0 0.00287 0 0 0.009593 0 0.006675 0.006058 0.000356 3e-005 0 0.000618 0 0.002595 0.0007 0.009314 8e-005 0 0
4.8e-005 0.00034 0.000334 0 0.001764 0.000504 0 0.000104 7.8e-005 0 0 0 0 3.3e-005 0 0 0.003794 0 0.000144 0.00036 0.001998 0.000872 0.001197 0.003196 0 0.008761 0.00081 0.001724 0.005438 4.6e-005 0 0.0016 0.001281 0.004934 0.010631 0.000194 0.003647 0.003777 0.005346 0.002254 0.000612 0.001063 0.002126 0.044577 0.009918 0 0.001442 0.001327 0.011812 0.004794 0.000299 0.004154 0.001548 0.004217 0 0 0.000512 0.0034 4.9e-005 0.00055 7.2e-005 0.0002 0 0.001012 0 0.001048 0.004529 3.6e-005 0.001373 0 0 0.000906 0.0001 0 0
0.001658 0.001089 0 0.0014 0.002324 0 0.002195 0 0 0.0004 0 0.00062 0.00027 0 0.000494 0.002383 5e-005 0.002269 0.001222 0.0004 0 0 0 0.001499 0 0.003265 0.006057 0.003436 0.00125 0.000315 0.004379 0.007143 0.00305 0.000378 0.001195 0.001118 0.010237 0.005688 0.004158 0.000108 0.001351 0.004938 0.000577 0.001733 0.000305 0 0 0.001275 0.011872 0.014292 0.013393 0.010073 0.001884 0.012282 0.000211 0 0.003563 0.0008 0.000147 0.001998 0.001925 0.004479 0.000693 0.000279 0.000476 0 0.000368 0.008667 0.014761 0.002432 0 0 0 0 0
0.001698 0 0.000336 0.001907 0 0 0.00231 8.5e-005 0 6.4e-005 1.9e-005 9.8e-005 0.000421 0.007313 0 0 0.007667 0.001622 0 0.0046 0.0082 0.003862 0.000554 0.002982 0.007374 0.01974 0.007081 0 0.000451 0.000861 0.005177 0.001558 0.000473 0.016023 0.005143 0.000418 0.000864 0.00166 0.001056 4.2e-005 0.003936 0.003304 0.00117 0 0.007056 0.004784 0 0 0.008702 0.007097 0.054736 0.006468 0.009243 0.022604 0.009094 0.000944 0 0.000616 0.00399 0 0 0 0.002088 0.013372 9.8e-005 0.000696 0 0.002907 0.000132 0 0.002151 2.7e-005 0 0 0
1.9e-005 0 0.0009 0.000115 0.000801 0 0 0 0.001962 0.008411 0 0.001696 0 0.00288 0.000948 0.0012 0 0.000528 0 0.0002 0 0.0006 0 0.007394 0.015766 0.011193 0.00169 0.003806 0.013538 0.014241 0.01427 0.004789 0.019629 0.000832 0.005763 0.013514 0 0.001291 0 0 0 0 0 0.00013 0.00108 0.00038 0.001104 0 0.006975 0.00196 0.010472 0.006629 0.021261 0.023821 0.012288 0.000552 1.2e-005 0.001938 0.011676 0 0 0.002904 0 0.00014 0 0 0 0.007961 0.000499 0.000731 0 0 0 0 0
0.00036 5.4e-005 0.002788 0.001034 0.00244 0.00012 0.001657 0.001822 0.000837 0.001727 0 0 0 0.001247 0 0 0.006306 0.005943 0.0015 0.000738 0 0.001631 0.002302 0 0.004608 0.001923 0.015337 0.001965 0.021791 0.019692 0 0 0 0 0 0.004232 0.001243 0 0.006512 0 0 0.004445 0.000855 0.004823 0.003353 0.008412 0.000456 0 0 0 0 0.000682 0.006869 0.015677 0.003995 0.000817 0 0 1.1e-005 0.000216 0.004182 0.00283 0 0 0.0013 0 0.0019 0.000864 0.000991 1.1e-005 0 0.00232 0 0 0
0.00063 0.000223 0.000486 0.000431 0.004436 0.001649 0.000997 0.001459 8.8e-005 0.001022 5.2e-005 0.000283 0 0 0.003541 0.0016 0.004449 0.002969 0.005 0 0 0.009765 0.001587 0 0.0006 0.00174 0.002832 0.001617 0 7.5e-005 0 0.0063 0.001462 0.006317 0.000187 0 0 0.002012 0.005483 0 0.00146 0.008495 0.000492 0 0.000736 0.002464 0.009977 0 0.010103 0.019897 0 0.000496 0 0.002314 0.001568 0.0003 0.005503 0 0 0 0.00194 0.002351 0.0001 0 1.2e-005 0 0.0002 0.008912 0.004807 0.000701 0 0 0.003748 0 0.000176
0.00797 0.000489 0.000242 0.000336 9e-005 0.002535 0 0.002163 0.000941 0.004528 3e-005 0.000616 0 3.3e-005 8.7e-005 0.001881 0.004533 0.000324 0.002744 0 0 0 0 0.000672 0.002521 0.001559 0.003747 0.001388 0.000469 0 0.001457 0.00182 0.005616 0.00842 0 0.0027 0.000974 0.004596 0.0074 0.001396 0.001152 0.002389 0.001953 0 0.001758 0.005299 0 0 0 0 0 0.006238 0 0.0007 0.007556 0 0 0.00014 0.0001 0 0.016811 0 0.00126 0.000193 0.004019 0 0 0.002895 0 0.003 0 0 0 0.004925 0.00262
6e-006 0.006856 0.002414 0.000289 0 0 0.001799 0.002987 0.001345 0.002708 0.006191 1.5e-005 0 0 0 0 0.003971 0 0 0.000364 7.8e-005 0 0 0.00042 0.001924 0.002612 4e-005 0.008516 0.002874 0.004899 0 0.000593 0.000295 0.001 0.000306 0.000387 0.000812 2e-005 0 0 0.008455 0 0.00063 0.00588 0.004599 0 0.000591 0.005139 0.003313 0.007629 0 0 0 0 0.004329 0 0.002923 0.0014 0.0003 0.0017 0.003996 0 0.001263 0.001595 0.007385 0.000342 0.0006 0.002645 0.000297 0 9e-006 0.000201 0 0.00023 0.007388
0.005207 0 9.9e-005 0.000121 0.000536 0.012081 0.011587 0.012965 0.005251 0 0.00047 6e-005 0 0 0 0 0.000702 0 0 0.001044 0.003461 0.000744 0.003678 0.000492 0.002393 0 0.000427 7.2e-005 0.000666 0.002992 0.001783 0.007172 0 0.004891 0.002857 0 0.00277 0.006332 0.000304 0.003495 0.0029 0.002196 0.007072 0.005709 0 0 0.001994 0.002811 0.007817 0 0.003077 0 0.007585 0.000897 0 0 3.4e-005 0 0.00246 0.00122 0 0.00348 0 0.000409 0.003669 0 0.006155 0.001162 0.001302 0.000782 0 0.000306 0 0.002804 0.000266
0.00057 0 0.009461 0.000632 0.001128 0.004334 0.005077 0.012307 0.004657 0 0 0 3.5e-005 0.00134 3.9e-005 0 0 0 0.000736 2.4e-005 0.004726 0.007388 0.00033 0 0.002433 0.00273 0.0006 0.0065 0.0002 0.000154 0.002267 0.00163 0.001088 0.00026 0.000918 0 0.000857 0.000548 0.000516 0.002231 0.000326 0.008685 0.003044 0 0.0008 0 0 2e-005 0.01171 0 0 0 0.0006 3.9e-005 0.016534 0 0.00503 0.0077 0.00336 0 0.017936 0.008284 0 0.001128 0 0.002371 0 0 0.007238 0 0.00312 0.00593 0.001594 0 0.004769
0.001618 0.012117 0.001568 0.002224 0.00605 0.00483 0.014065 0.014592 0.001719 0.000235 0 0 5.8e-005 0.002759 8.8e-005 0 0.005643 0.003562 0.001645 0.003224 0 0.00112 0.000252 0 0.000918 0.002197 0.0073 0.005081 0.007935 0.00172 0.000685 0 0 0 0 0 0.001248 0 1.6e-005 0.002898 9.9e-005 0 0 0 0.000828 0.002367 0.005107 0.006348 0.001564 0 0 0 0 0 0 0.0024 0.000276 0.003412 0.001351 0.004724 0 0 0 0 4.2e-005 0.000923 0 0 0 0 0.001722 0.000877 0.011286 0 0
0 0.004217 0.00283 7e-006 7.6e-005 0.004009 0.025073 0.052196 0.008246 0.000876 0 0 0 0.001068 0 0.002855 0.000714 0.000495 0.00022 0.0018 0.00027 0.00481 0.000882 0.000248 0.0101 0 0 0.0034 0.002446 0.006324 0 0 0.003035 0.013246 0 0 0.001743 0.007784 0.014286 0.008316 0.002104 0 0 0.001034 0.000702 0.000494 0.007277 0.000415 0.002301 0 0.013647 0.003121 0.000544 0.000756 0 4.6e-005 0 0 0 0 0.002 0.001824 0.000984 0.003234 0.006236 0.00018 0.0001 0.00238 0 0 0.000136 0.0003 0.0006 0 0
0 0 0.004455 0.0008 0.0001 0.001214 0.0025 0.007589 0 9.6e-005 0.001049 0 0.001485 0.001008 0 0.001314 0.00425 0.000681 0.000189 0.002504 0.002082 0.00062 0.000756 0.016513 0.004753 0.002481 0.00276 0.00971 0.006591 0 0.000396 0.005742 0.00279 0 0 0 0.000596 0.007563 0.000204 0.004966 0.004076 0.002849 0.020781 0.0015 0.005583 0.000927 0.002548 0 0.004185 0.000144 0.012018 0 0.000275 0.0015 0.000198 0.001584 0.001652 0.000658 0.001365 0.00334 0.00239 0 0 9.2e-005 8.4e-005 0 0.000647 0.002267 0 0 0 0 0.001225 0.0002 0
0.003336 0.004439 0.004779 0 0.004272 0.000268 0.014292 0.001398 8.9e-005 0 0.001946 0 0.000143 0 0 0 0 5.5e-005 0.000315 0.006617 0.000495 0 0.002871 0.002731 0.0054 0 0.00632 0 0.008745 0 0.003726 0.01533 0.001962 0.00012 0.008613 0 0.00792 0.003237 0 0 0 0.002282 0.000154 0 0.0046 0.001162 0.008697 9e-005 0.00056 0 0.000893 0 2e-005 0.004653 0.003774 7.5e-005 0.0001 0.002 2.5e-005 0.004193 0.008995 0.002659 0.000477 0.003474 0 0 6e-005 0 0 0.000304 0.000222 0.00396 0.00081 4e-005 0
0.000858 0.001218 0 0.000325 0.00062 0.013128 0.001606 0 0 9e-005 0 0 0 0 0.00408 0.002484 0 0.003109 0.013496 0.002222 0 0.007208 0.000679 0.000108 0.001771 0.001475 0.001804 0.018614 0.002618 0 0.003954 0.011766 0.001128 0.004348 0.010393 0.000668 0.0009 0.004566 0 0 0.003924 0.001168 0 0 0 0.001143 0.008237 0.00081 0 0.0002 0.00317 6e-005 0 0.009694 0 0 0 0.002959 0.002942 0 0 0.003561 0.001282 0 0 0 0 0 0.00293 0.001544 0 0 0 0 0.001364
0.000112 0 0 0 0.005844 0.007074 0.002716 0 0 0 0.001754 0 0 0.00187 0.002178 0.001143 0 0.001218 0.000484 9.2e-005 0 0 0.002644 0.001274 0.000507 0.00066 0.000624 0.030825 0.0137 0.001211 0.00048 0 0.005856 0.000144 0 0 0.010015 0 0.020433 0 0 0 0.00361 0 0.0004 0.000838 0.0002 0.0052 0.0004 0.001839 0.000176 0.0001 0 0 0 0 0 0.003257 0.000578 0 0.00344 0.003274 0.004998 0 0 0.000954 0 0 0.000923 0 0 0.000773 0.007647 0.020666 0.01108
0.007068 0.001612 0.00731 0.000136 0 0 0.004074 0 0.002125 0.000536 0.000832 0.000495 0.001383 0.006477 0.00294 0 0 0.001522 0.006619 0 0.000149 0.010274 0.005236 0.005021 0.0053 0 0.003146 0.003831 0.007977 0.000653 0.000614 0.000207 0.00879 0.01197 0.0002 0 0 0.00023 0 0 0.000672 0 0.000965 0.001324 0.0073 0 0.00321 0.002447 0.0075 0 0.00039 0 0 0 0 0 0.0023 0.002801 0 2.8e-005 0.0043 0 0.001288 0 0 0 0 0.000128 0 0 0 0.000175 0.001375 0.00182 0
0.004578 0.001068 0.004923 0.002181 0 0 0 0.006 0 0.0016 0 9.5e-005 0.003564 0 0 0.006504 0.01585 0.000702 0.011171 0 0 0 0 0.000692 0.004711 0.001056 0.000771 0.044726 0.005206 0.0007 0.007744 0.000792 0.018948 0.012173 0.005937 0.001168 2.7e-005 2.6e-005 0.000602 0 0 0.003179 0.010333 0 0.0006 0 0 0 0.017978 0 0 0 0 0 0.0026 0 0.013141 0.0064 0 0.003057 0 0.0019 0.0012 0 0 0 0 0 0 0.0068 0 0 0 0 0
0.004095 0.000594 0.000194 0.0033 0.0024 0.0001 0 0 0.005651 0.0004 0.005621 0.000517 0.001308 0.003384 0.000388 0.0004 0.002316 0 0 0 0 0.00344 0.009152 0.005783 0.004387 0 0.01135 0.016495 0.004676 0.0056 0.0036 0.0009 0.011307 0.000904 0.0051 0 0 0.003 0 0 0.0005 0.002276 0 0 0 0 0.009439 0.010485 0.000118 0.0004 0.0001 0 0 0 0.002058 0 0 0 0 0.001455 0 0 0.012811 0 0 0 0 0.0042 0 0.004689 0 0.000628 0 0.000967 0.01139
0.020783 0.000196 0.00645 0.000744 0.001528 0.000192 0.007332 0 0 0 0.011447 0.00611 0.001876 0 0 0 0.010753 0.002 0 0 0 0 0.0044 0.009233 0.000315 0.002835 0 0 0.001678 0 0.0045 0.000428 0.001188 0 0 0 0 0 0.002126 0 0 0.017906 0 0 0.013088 0.0001 0.004769 0 0 0.01026 0.029405 0 0 0 0 0.0001 0.00225 0.0078 0.018026 0.0061 0.007628 0.002085 0.0075 0 0 0 0.007809 0.00995 0.0067 0.000405 0 0.0005 0 0 0.0096
0.004991 0 0 0.000196 0 0.003456 0.003171 0.0022 0 0.037023 0 0 0 0 0.009506 0.006553 0.003888 0.0149 0.001493 0 0.002569 0.004802 0.000679 0 0 0 0 0 0 0.004195 0.003595 0.00147 0.009017 0.0083 0.001 0.016828 0.002812 0 0.009252 0 0 0.00104 0 0 0.005221 0 0 0 0 0 0.004175 0.001106 0.0023 0.000334 0.003855 0.002993 0.006204 0.000792 0.000168 0.0028 0.006021 0 0.00292 0 0 0 0 0 0 0 0.013 0.007836 0 0 0.002
