EnvRasters/BAU_High/commerc.asc
ncols         270
nrows         223
xllcorner     24099.479091542
yllcorner     21023.840179216
cellsize      1003.8986847201
NODATA_value  -9999
[rows 35 to 69 of 223, columns 77 to 153 of 270]
0 0.02989493 0 0 0.01992996 0.03985991 0 0.006826074 0 0.007320532 0.02751073 0 0.01992996 0 0.008673783 0 0 0 0 0 0 0 0 0 0 0 0 0 0.002326151 0.009964978 0.007659308 0.009152535 0 0 0 0.01992996 0 0.06085699 0.09747835 0 0 0 0 0 0.1669513 0.1357908 0.06244982 0 0.1870236 0.08234845 0.1900741 0.1643083 0.06800494 0.09841288 0.08179204 0.02989493 0.07467407 0.0602777 0.1593783 0.004619276 0.05575322 0.1419231 0 0.008489761 0 0 0.0277363 0.03968454 0.00282285 0.009964978 0 0.009964978 0.01992996 0.04979654 0.09549642 0 0
0 0.009964978 0 0 0 0 0.01992996 0 0 0.03985991 0 0.01992996 0 0 0 0 0 0.0001949666 0.0003823382 0 0 0.004388908 0.005576071 0 0 0 0 0.009964978 0 0.009964978 0.0418628 0.003779694 0.006742769 0 0 0 0.1101984 0.0009851466 0.009964978 0.01992996 0 0.004296506 0 0 0.02797631 0.1384478 0.1718373 0.1269616 0.1323824 0.1072905 0.03995839 0.01424067 0.1641179 0.2041491 0.2727588 0 0.01992996 0.009964978 0 0.02989493 0.01992996 0.02734595 0.01335899 0.001475218 0.01515007 0.0301913 0.06427339 0.02996739 0.009964978 0 0 0 0.01992996 0.006011853 0.0141467 0 0
0 0 0 0 0 0.009964978 0.009964978 0.009964978 0 0 0 0 0.01992996 0.009964978 0.01258794 0.02727198 0 0.05003855 0.08889385 0 0.009964978 0.009964978 0 0 0.009964978 0 0 0.01649214 0.003437822 0.009964978 0.03985991 0.02547993 0.1527178 0.09998014 0.2371011 0.06975485 0.03829116 0.03543498 0 0 0 0.005668472 0 0.01053866 0.02330323 0.0659067 0.3464314 0.06691569 0.02989493 0 0.1132749 0.1717381 0.176512 0.2941294 0.1347724 0.03567007 0 0.005535834 0.01439412 0 0.009964978 0.01074317 0.009025026 0.01992996 0.009964978 0 0.1056009 0.02219152 0 0 0 0 0.01017881 0.07393423 0.09167229 0.0291245 0
0 0 0 0 0 0 0 0 0 0 0.009964978 0 0.00217045 0.007794529 0 0 0 0 0 0 0 0 0 0 0.009964978 0.008605261 0 0 0.0258743 0 0 0.03782157 0.2640261 0.1063817 0.2920219 0.1288806 0.009396217 0.04485361 0 0.01992996 0 0 0 0.0009357999 0.03135728 0.03547458 0.1308919 0.009964978 0.02303914 0.02505735 0.06421045 0.08586544 0.01156976 0.1140229 0.1136421 0.02482967 0.06099056 0.04890177 0 0 0.02989493 0 0.0009399529 0 0 0.009964978 0.01397886 0.03518419 0 0.02888699 0.05083284 0.02989493 0 0.01992996 0.01827283 0 0.03681658
0 0 0 0.009964978 0.009964978 0 0 0 0 0 0.01992996 0 0 0 0 0 0 0 0 0 0 0.0197357 0 0.009964978 0.009964978 0.02860205 0 0 0.0239506 0.009964978 0.01736751 0 0.04601452 0.1952421 0.2329372 0.09781642 0.01992996 0.02989493 0.009964978 0 0 0 0.009964978 0.003773652 0.04605124 0.01135967 0.3110108 0.02248561 0.4801594 0.5886664 0.187144 0.04187547 0.02829015 0.04982489 0.01992996 0.01556878 0.06213314 0.1039352 0.02647277 0.003422168 0.009560291 0.02989493 0 0.009964978 0 0 0.009964978 0.08439555 0.01992996 0.04982489 0.01992996 0 0 0 0.001316938 0.008648041 0
0.02078161 0 0 0 0 0 0 0 0 0 0 0 0 0 0 0 0 0 0 0.009964978 0 0.0001942538 0 0 0.009964978 0.01145482 0 0 0.04514537 0.02022805 0.0374684 0.07424539 0.03985991 0.1691328 0.2080329 0.1676305 0.1179017 0 0 0.009964978 0.009964978 0 0.01992996 0.01992996 0 0.03392976 0.2085352 0.01309394 0.2572964 0.4284105 0.1383221 0.007949428 0.03985991 0.1211212 0.03102005 0.01992996 0.02782997 0.009484848 0 0.06800316 0.2803291 0.3277191 0.05562875 0 0.02989493 0 0.05978987 0.02781909 0.009964978 0 0.009964978 0 0.01992996 0 0 0 0
0.07434493 0 0 0.009964978 0.1892043 0.04855756 0 0 0 0 0 0 0 0.01202358 0 0.003812103 0.006152875 0.004498829 0.02539611 0.009964978 0 0 0 0.009964978 0 0.001162765 0 0.03509222 0.04462761 0.02431139 0.01491894 0.0254044 0.01707001 0.3461784 0.1313212 0.6237547 0.5828919 0.06880668 0 0 0 0 0.009964978 0 0 0.009964978 0 0.006836012 0.03312369 0.1681147 0.06080646 0.009964978 0.009964978 0.2874429 0.09852467 0.01232665 0.009243741 0.009964978 0 5.250537e-005 0.0382834 0.149296 0.06536329 0.01992996 0.02861102 0.0112489 0.05978987 0.01204083 0.009964978 0 0 0 0 0 0 0.03985991 0
0.01448823 0 0.0001520503 0.004607433 0.0556177 0 0 0 0 0.009964978 0 0 0 0.02783634 0 0.01992996 0.02989493 0.009964978 0 0.009964978 0.0003093672 0.01979692 0 0 0.02898117 0 0 0 0 0.009964978 0 0.01469328 0.01282493 0 0 0.007861843 0.1336052 0.06543193 0.009964978 0.02149731 0.008397629 0.02989493 0.01440993 0.009964978 0 0.009964978 0.1494747 0 0.3308704 0.2074019 0.01872144 0 0.1025005 0.09963886 0.03899006 0.009964978 0.06811442 0 0.09054898 0.009912473 0.009964978 0.1173106 0.2159748 0.05305231 0 0 0 0 0.009964978 0 0.009964978 0 0 0 0 0.02989493 0
0.02989493 0 0.0050302 0.01962198 0.005569832 0 0 0.01352173 0.01992996 0 0.009964978 0.01245475 0 0 0.009964978 0.009964978 0 0.009964978 0 0.001101951 0.01962059 0.01009802 0.02989493 0.1885961 0.04037602 0 0 0 0.06805268 0.02437424 0.03082038 0.005236682 0.01992996 0.009964978 0.009964978 0.009964978 0.01392356 0.0142879 0.03985991 0 0 0 0.005520025 0 0 0 0.009964978 0.009964978 0.3740345 0.0649634 0.01992996 0.1408212 0.112709 0.0716829 0.5262339 0.05192842 0 0.01992996 0.0589257 0 0.08927288 0.05039696 0.02987387 0.08235317 0.03985991 0.00958394 0.0103734 0.02033178 0.0698425 0.01695606 0.0009080259 0.006079425 0 0 0 0 0
0.005502942 0.0003843006 0.06451259 0.01530621 0.01992996 0 0 0.02633818 0.009964978 0.01992996 0 0.007475209 0 0.00204174 0.03369215 0.001495234 0.009964978 0.009964978 0.009964978 0.1184778 0.01018503 0.06276656 0.05681318 0.1412905 0.09663229 0 0 0.03833636 0.02805909 0.04265944 0.001375788 0.009964978 0.05978987 0.01992996 0 0 0 0 0 0 0 0 0 0 0 0.05746919 0.01413105 0.04101275 0.2167468 0.009224006 0.01992996 0.009964978 0.008102029 0.009964978 0.0745265 0 0.009964978 0 0 0 0.03852929 0.01150334 0.009964978 0.01096468 0 0.009948276 0.009981681 0.01101876 0.03897737 0.07204066 0.0003887127 0.02251877 0 0 0 0.009964978 0.009964978
0.004462037 0.02989493 0.07480976 0.04982489 0 0.03183769 0.05619629 0 0.009964978 0 0.04982489 0.009009203 0.01613805 0.1217564 0.07170422 0.03836468 0.009964978 0.009964978 0 0 0.009744924 0.09323402 0.1242484 0.02237312 0.02140472 0.007896333 0.002068646 0.02145351 0.01180083 0.002122112 0 0 0.1240661 0.009964978 0 0 0 0 0.01546006 0.07518991 0.07548658 0 0 0.01992996 0 0.08394085 0.03174607 0.1885834 0.09371646 0.02989493 0 0.02989493 0.01992996 0.03291303 0.07526079 0 0 0 0.01796514 0.00196482 0.07708159 0.03208667 0.001077864 0 0 0.05558597 0.09049428 0.03697252 0.02989493 0 0 0 0.006689946 0.08968481 0 0 0.01992996
0.0319302 0.03918139 0.05473496 0.02989493 0 0.01161579 0.1070958 0.04024843 0.003539896 0.0762402 0.03985991 0.04460759 0 0.009964978 0.01992996 0 0.009964978 0 0 0 0.009964978 0.009964978 0.02732345 0.08748271 0.3805183 0.01199964 0 0.008586325 0.009964978 0 0.009964978 0.06990252 0.07299763 0.01920812 0 0 0 0 0.01443488 0.0490079 0.2514047 0.2896113 0.006748012 0 0 0.08027251 0.132394 0.5447242 0.179353 0.009964978 0.009964978 0.009964978 0 0.009964978 0 0 0 0.1773867 0.001982882 0 0 0.009964978 0.009964978 0 0.0002181548 0.09239375 0 0.002077925 0.009964978 0 0 0.01221665 0.01098834 0 0 0.005929628 0
0.02785171 0 0.0129297 0.01696523 0 0.004288974 0.0773609 0.02754048 0.166408 0.1031294 0 0.009964978 0 0 0.01992996 0 0 0 0 0 0 0 0.1595451 0.3537079 0.004925674 0.02714741 0.03664396 0.001378654 0 0 0 0.009964978 0.02273994 0.01992996 0 0 0.001208502 0.004873891 0.009964978 0 0.1714939 0.2408591 0.1410504 0.009081217 0 0.0138093 0.1221118 0.1398617 0.1279021 0.08015687 0.006410741 0.1210552 0.2508306 0.01359165 0.06267777 0.05101476 0.2649889 0.1057307 0.009964978 0.009964978 0 0.009964978 0 0.02989493 3.334591e-005 0.001243453 0.02989493 0.04982489 0.009964978 0 0 0 0.03555343 0.02423644 0 0.004035351 0
0.04105892 0.008765969 0.02989493 0.009964978 0.009964978 0.04553592 0.03581475 0.1236249 0.03064216 0.01258464 0 0.03985991 0 0 0.07971983 0 0 0.009964978 0 0 0 0.009964978 0.0657584 0.01505341 0.009355807 0.1818235 0.5343615 0 0 0.02989493 0.01778536 0.1002708 0.2157686 0 0.00688352 0 0.02281477 0.02092773 0 0 0 0.01230251 0.03921485 0.003363746 0 0.02605061 0.009964978 0.355603 0.1427127 0.01429384 0.02751133 0.08820937 0.09142911 0 0.009964978 0.01874009 0.06773945 0.02989493 0 0 0.009964978 0 0 0 0 0 0 0 0.007844169 0.009964978 0.002441798 0.02449956 0.07971983 0.1029529 0.01632578 0.02989493 0
0.009964978 0.1197018 0.1520669 0.1659358 0.0323705 0.02323295 0.05978987 0.009964978 0.01289867 0.05978987 0.009964978 0.009964978 0 0.00544152 0.07427831 0 0 0.009964978 0 0 0 0 0 0.009964978 0.06974923 0.07043877 0.1161878 0.009624021 0.0003409571 0 0.02207455 0.1437219 0.04845259 0.01992996 0.003081459 0 0 0 0.009964978 0.009964978 0 0.0149462 0.02018458 0.01992996 0.1476568 0.2607839 0.2059062 0.1281128 0.1300999 0 0 0 0 0.02989493 0.01992996 0 0 0 0.1725817 0.02372041 0.04007319 0.02989493 0.009964978 0 0 0 0.009964978 0 0.009933335 0 0.03267505 0.2050494 0.03333575 0.06005693 0.01994514 0 0
0.003152716 0.1115612 0.1474317 0.161222 0.0871193 0.06369723 0.0456191 0.05649169 0.07390895 0.02574083 0.003257175 0.009964978 0 0 0.009964978 0 0 0 0 0 0 0.008162399 0.0418228 0.01992996 0.03050973 0.009964978 0 0 0 0.009964978 0 0 0 0.03985991 0 0 0.01530745 0.1242023 0.01992996 0 0 0 0.03501189 0 0.1113535 0.1786843 0.1141644 0.05401384 0.06458509 0 0 0 0 0.06075858 0.2300214 0.07961929 0.009964978 0.01992996 0.2587207 0.3620603 0.07996994 0.01992996 0.01943742 0 0.009964978 0 0.03835244 0.01992996 0.002152454 0.03985991 0.009964978 0.3292756 0.2731104 0.2251884 0 0 0.01589815
0 0.1031846 0.128862 0.2841993 0.04710873 0.11296 0.121424 0.04217444 0.003746012 0 0.006707804 0.005275276 0.03458464 0 0 0.009964978 0.009964978 0 0 0.04982489 0.01795317 0.01194177 0.009804669 0 0.02955517 0 0.009964978 0 0.0005358991 0.03017324 0.01911576 0 0 0 0 0 0.01277935 0.00715061 0.009964978 0 0.009964978 0 0.01992996 0.009964978 0 0 0.1434096 0.04049902 0.07231062 0 0.005509711 0.03169531 0.0105291 0.2702222 0.4132396 0.1550429 0.01992996 0 0.01992996 0.03990634 0.009964978 0 0.09017734 0 0 0.1295447 0.07339766 0.007829645 0.01992996 0.01285715 0.0568977 0.02119406 0.00296482 0.04677076 0.006448033 0.004822225 0.04438008
0.001335368 0.09074558 0.1049771 0.1594524 0.106866 0.1639608 0.05416384 0.02989493 0.05604386 0.009964978 0 0 0.009964978 0 0 0.02200481 0.04852348 0.002907828 0 0 0 0.009964978 0.009964978 0 0.0003397678 0 0 0 0 0.02989493 0 0.02440093 0.006270209 0.006296575 0.03069362 0 0.02989493 0.02346504 0.006429899 0 0 0.03985991 0 0.009964978 0.009964978 0.09721252 0.06078016 0.1040486 0.2029596 0 0.02438523 0.02582853 0.08178374 0.07449242 0.02906607 0.05422531 0.0314391 0.02163532 0.06135871 0.07925509 0.0005956385 0.01927295 0.009964978 0.03922602 0 0 0.01992996 0.009964978 0 0.01992996 0.01992996 0.00284032 0 0.01640032 0.01348192 0 0.009964978
0.1508114 0.2145179 0.2062527 0.1031124 0.09321472 0.1150586 0.09248453 0.0469675 0.01495185 0.01494308 0.009964978 0 0.01992996 0.2092645 0 0.02782008 0.008358561 0 0 0 0 0.009964978 0 0 0 0 0 0 0.01099533 0.1000062 0.1461495 0.1781987 0.3569342 0.0006827689 0.0747721 0.1067845 0.01992996 0 0.009964978 0 0.01551919 0 0.009964978 0.009964978 0 0.1977886 0 0.03343968 0.01310426 0 0 0.01746699 0.006392884 0.01922671 0.06692035 0.1860975 0.1514069 0.1004441 0.1285195 0.009873897 0 0.01002634 0 0.01059887 0 0.01992996 0 0 0 0 0 0 0.007087394 0.00470803 0.005256949 0 0.01334912
0.08494882 0.1739863 0.1231685 0.2616856 0.3277053 0.02989493 0.02561366 0.01992996 0.009964978 0.009964978 0.01327774 0 0 0.01665565 0.003274303 0 0 0 0 0.01992996 0 0.009964978 0.1001597 0.009964978 0 0.1586118 0.06713404 0.01992996 0 0.06975485 0.1694511 0 0.3009554 0.1596333 0.2622581 0.006796373 0.009964978 0.009964978 0 0 0.04542891 0 0 0.01992996 0 0.02144096 0 0.1223139 0 0 0 0 0 0 0.01992996 0.02935368 0.1785557 0.02108048 0 0 0.04007357 0.01992996 0.009964978 0.01992996 0 0.008955508 0 0.04982489 0.01819181 0.009964978 0 0.02989493 0.002877584 0 0.03165975 0.004770454 0.01230595
0 0.1481659 0.4248486 0.3158543 0.06094696 0.06428015 0.03536963 0.05978987 0.01992996 0.009964978 0.006652213 0.009964978 0.02989493 0.06231629 0.08968481 0.03985991 0 0.03985991 0 0.04982489 0.01992996 0 0.05928 0.02001012 0.02989493 0.02189068 0.02141792 0.1594397 0.06123661 0.01848322 0.02986329 0 0 0 0 0.04982489 0.02386336 0.006031576 0 0.02989493 0.0287367 0 0 0.05180706 0.0674634 0.4585758 0.03689763 0.07271714 0 0 0.009964978 0 0 0.009964978 0.09914814 0.1067141 0.296954 0.2604536 0.009527622 0 0.009751319 0.07971983 0.02989493 0.02989493 0.01992996 0.01984626 0.03985991 0 0.001738145 0.004089276 0.01584068 0.009964978 0.009964978 0.02989493 0.02335967 0.006373504 0
0.009964978 0.004315666 0.05207182 0.1979791 0.02929117 0.1350895 0.03439357 0 0.05978987 0.04360385 0.009964978 0 0 0.07163371 0.06781831 0.01992996 0 0.009964978 0 0.009964978 0.009964978 0.009964978 0.07971983 0.02981477 0.0006197962 0.009345182 0.01992996 0 0.001759031 0.008205948 0.006580988 0.04781358 0.01499032 0.009964978 0 0 0.1047805 0.01138652 0 0 0 0 0 0.04790476 0.1133897 0.04751083 0 0.02989493 0 0.009964978 0 0 0 0.009964978 0.1177409 0.3539696 0.08106802 0.02731146 0.009964978 0 0 0 0 0.009964978 0.07709433 0.01105814 0.01017949 0.05277632 0.1430442 0 0.02349582 0.004025155 0.009964978 0.006914389 0 0.01003743 0
0.01992996 0.01373241 0.01616253 0 0.08947622 0.04507364 0.1205964 0.04049459 0.1405008 0.03232702 0.07016327 0.1749078 0.01710632 0.007367302 0.06988377 0.01992996 0.009964978 0.03985991 0 0 0.01094474 0 0.0001412631 0.009823715 0 0.02989493 0 0 0 0 0.009964978 0.05978987 0.02222361 0.03985991 0 0.009964978 0.01337766 0 0.009964978 0 0.009964978 0.09964979 0 0.008684537 0.1596994 0.01710575 0.02275416 0 0 0 0 0.009044808 0.00092017 0 0 0.0482432 0.008669548 0.01122877 0.009964978 0.01111328 0.040369 0.009964978 0 0 0.01259048 0.02989493 0.009964978 0.01056593 0.03255854 0 0.001114008 0.03115489 0.009964978 0.01301557 0 0.003519023 0.009964978
0 0 0 0 0.009964978 0.03497654 0.1096148 0 0.02765606 0 0 0.2051223 0.05426173 0 0 0 0.009964978 0.01992996 0.009964978 0 0.01075133 0 0 0 0.009964978 0.1324079 0.05692669 0 0 0 0 0.006463056 0.08322175 0 0.009964978 0 0 0.009964978 0 0 0.005827336 0.004137643 0.02989493 0.009964978 0.08591161 0 0 0.009964978 0 0 0 0 0 0 0.009964978 0.03202277 0.01947668 0.01866617 0.0008938295 0.02874664 0.07147504 0.008056995 0 0 0.009964978 0 0.009964978 0.02989493 0 0 0.009964978 0.04051393 0.01927594 0 0 0.009964978 0.009964978
0 0.009964978 0.009964978 0.009964978 0 0 0 0 0 0 0.04814146 0.2790768 0.01183439 0.009964978 0 0 0.01992996 0 0 0 0.08791869 0 0.009964978 0 0.009964978 0.009964978 0.02387023 0.01598969 0.04982489 0.1195797 0 0.003426709 0.02423579 0 0.009964978 0.02703792 0 0.009964978 0.01611005 0.009964978 0.009964978 0 0 0.009964978 0.01534071 0 0.009964978 0.01992996 0 0.01899969 0.06072014 0.009964978 0.009964978 0.00242363 0.06019907 0.05770613 0 0.001252546 0.009071149 0.01992996 0.01207588 0.02025149 0.0472601 0.01992996 0 0 0.01415621 0.05559864 0 0 0 0.04982489 0 0.009964978 0.01653878 0.003391178 0
0 0 0.01992996 0 0 0.009964978 0.005991713 0.003973265 0.009964978 0 0.01733014 0.0226928 0 0.009964978 0 0 0.002029889 0.009964978 0 0 0.02024329 0.0295816 0.02989493 0 0 0.1963101 0.08208471 0 0 0 0 0 0.002232438 0.01992996 0 0.05729958 0.07510216 0.009964978 0.003819906 0.006069514 0.003895464 0 0 0.007338869 0.01259109 0.02989493 0 0.009964978 0 0.009964978 0 0 0 0.007541349 0.009964978 0 0 0.03860737 0 0 0.009964978 0.005489283 0.1701059 0.09223973 0.0237988 0.09301347 0.02989493 0.009964978 0.01992996 0 0.005616735 0.0242782 0 0 0 0.009964978 0.01992996
0 0.02989493 0 0 0.009964978 0 0 0 0.009964978 0 0.02367182 0 0 0 0.06975485 0.05894591 0.0207683 0.001842101 0 0 0 0.04138412 0 0.009964978 0.06975485 0.391458 0.09745048 0.03907358 0 0 0 0 0 0.007565156 0.007278891 0 0.01992996 0.01667134 0.04598944 0.03373039 0 0 0 0.009964978 0.03985991 0.004520339 0.009964978 0 0.009964978 0 0 0.02587377 0 0.009964978 0.009964978 0 0 0.02132741 0 0.0008509449 0 0 0.01013188 0.3232996 0.1842892 0.0326624 0.009964978 0.03985991 0.004499764 0.009494593 0.004314258 0 0 0 0 0 0.02989493
0 0 0 0.005651263 0.004313716 0 0 0.03985991 0.01458001 0.1024599 0.008762924 0 0 0.00298154 0 0.02989493 0.007940709 0.1176574 8.026072e-005 0.01128098 0 0.02837073 0 0 0.09479436 0.243747 0.01992996 0.02922749 0 0.009964978 0.009964978 0.02989493 0 0.0123648 0.01265107 0 0.009964978 0.003258617 0.02629239 0.1522996 0.07127858 0.009964978 0 0.009964978 0.07447776 0.01540962 0 0 0 0.01992996 0 0.1943325 0.2126041 0.1206222 0.1185547 0 0 0.008567528 0 0.009114034 0 0 0 0.040128 0.1208004 0 0 0.06975485 0.0008726545 0.0007486875 0 0 0.009964978 0 0.04982489 0.009964978 0
0.009964978 0 0.009964978 0 0.005448207 0 0 0.05978987 0 0 0 0 0.04853638 0.1079217 0 0.009964978 0 0 0.0109618 0.06744202 0.009964978 0.01091102 0.01355256 0.07650576 0.08210441 0.2464291 0.08932965 0.05127867 0 0.04982489 0 0 0 0 0 0 0.009964978 0 0.00360255 0.1247647 0.01039638 0 0 0.008145615 0.02545033 0.05136595 0.01992996 0.06571929 0.04005011 0.009964978 0.05146623 0.4288157 0.304905 0.3702373 0.01831627 0.008410724 0 0 0.05798343 0.05163133 0.01992996 0.05019616 0 0.009964978 0 0.01920822 0 0.009964978 0.07700014 0.02264965 0 0.009964978 0.009964978 0.1043838 0.1962933 0.07899956 0
0.03985991 0.009964978 0 0.009964978 0.004516772 0.01992996 0 0 0.02989493 0 0 0 0 0 0 0 0.002293674 0 0 0.3299723 0.09992809 0.01757757 0 0.02952142 0.1146187 0.1350845 0.09003997 0.02336249 0.006532445 0 0 0 0.009964978 0 0 0.007340103 0 0 0.009964978 0 0 0.009964978 0 0 0 0 0 0.04300365 0.04052406 0.01000247 0.0007707072 0.3142163 0.2615115 0.255651 0.008506859 0.009964978 0 0 0 0.0009381808 0.009964978 0.02952367 0 0 0 0.0007217397 0 0.005614597 0.004350381 0 0.01810959 0 0 0.007311837 0.008957502 0 0
0.01943956 0.009964978 0 0.01992996 0 0 0 0 0 0.009964978 0 0 0.06636983 0.009964978 0.009964978 0 0.00804251 0.009593774 0.009964978 0.02989493 0.05978987 0.009964978 0.01128808 0.06975485 0.03288292 0.006976992 0.02950251 0 0.009156168 0 0 0.005118273 0.004846705 0 0.02596121 0.02648856 0 0 0.009964978 0 0 0.03985991 0 0 0 0.004601955 0.01992996 0.04626938 0.02989844 0.01088902 0.03893588 0.04481632 0.230481 0.3791372 0.1046414 0 0 0.001479066 0.01992996 0.01899178 0 0 0 0 0 0 0 0.01992996 0 0 0.07536805 0.1336306 0 0.01261812 0 0.02666364 0.01992996
0 0.009964978 0 0 0 0 0 0 0 0.009964978 0 0 0.02331498 0 0 0 0.02989493 0.01992996 0 0 0.009964978 0 0.01860686 0.00281378 0.07652961 0.2793213 0.08927345 0 0.000808811 0.01992996 0.01992996 0.04982489 0.009964978 0 0 0.03577573 0.07099473 0.1079652 0.3925939 0.09733961 0.01612276 0.01992996 0.009964978 0 0.009964978 0.0651529 0.084134 0.09762146 0.02961217 0.009964978 0.2192295 0.07802035 0.4942182 0.1214796 0.08580613 0.01203698 0.09546797 0.05252764 0 0 0 0 0 0 0 0 0 0 0.08168687 0.09202185 0.009964978 0.002086232 0.05528565 0.01206505 0.01992996 0.02316125 0
0 0.009964978 0.05978987 0 0 0 0 0 0 0.009964978 0 0 0 0 0.009964978 0.02989493 0 0 0 0 0 0 0.05003096 0.0004832759 0.01992996 0.1007293 0.1592385 0 0 0 0.009964978 0 0.01812099 0 0.007687579 0.05664255 0.1056414 0.02040828 0 0.01137107 0.00497466 0 0 0.03985991 0.08488307 0.01465979 0.1743845 0.05704161 0.04520842 0.1902566 0.008839346 0.1961479 0.2699423 0.03460684 0.2571294 0.09238735 0.03379348 0.009964978 0.2006893 0.009964978 0 0.02523847 0.005666337 0.005256085 0.004708894 0 0 0 0.01886783 0.08404358 0.02989493 0.009964978 0.05222904 0 0 0 0.009964978
0 0.009964978 0 0.009964978 0 0 0.008255808 0.01132625 0.009964978 0.05978987 0.01992996 0.009964978 0.009964978 0.0002389471 0.02545653 0.009964978 0 0.009964978 0.001958904 0 0 0 0.02267575 0.00652984 0 0 0.04276678 0.01702309 0.009964978 0 0.009964978 0.02424858 0.02598707 0 0.002277399 0.00703823 0.01289173 0.06688036 0.01236115 0.2800585 0.4641929 0.09424366 0.06748899 0.02878054 0.2541592 0.04601144 0.01077455 0.02830264 0.09576172 0.09962271 0.02866521 0.03175934 0.09469844 0.1150115 0.07579839 0.1209644 0.2388464 0.006630987 0.01997638 0 0 0.02919184 0.04677291 0.0001870262 0.009964978 0.04982489 0.03985991 0.02989493 0.002399283 0 0.01992996 0.1319737 0.1984753 0.007393453 0 0 0
0.01992996 0.01992996 0.009964978 0.01158367 0 0 0 0.05017279 0.009964978 0.004243403 0.02795269 0.02000367 0 0 0.02412942 0 0 0.001716495 0.02621954 0 0.009964978 0.03290681 0.006953105 0.02989493 0 0 0.004611579 0.0053534 0.2275539 0.04850466 0.009964978 0.04125812 0.03985991 0.07243992 0.2644178 0.1198797 0 0 0.009964978 0.009964978 0.1787472 0.2287752 0.07493271 0 0.009964978 0 0.02989493 0 0.01251843 0.0173765 0.001976464 0.03788345 0.0768263 0.2342127 0.4084623 0.1100053 0.04275053 0 0.05718484 0.07217209 0.03454674 0.3148291 0.1271436 0.01432274 0 0.01629815 0.01359679 0.009964978 0.05202375 0.2048073 0.193277 0.0500598 0.380496 0.03535061 0.05978987 0.1421124 0.0908279
