EnvRasters/BAU_High/dcdsfrs.asc
ncols         270
nrows         223
xllcorner     24099.479091542
yllcorner     21023.840179216
cellsize      1003.8986847201
NODATA_value  -9999
[rows 66 to 98 of 223, columns 74 to 147 of 270]
0.02986329 0.003070664 0.08968481 0.09263843 0 0.01405058 0.009964978 0.005483394 0.07039799 0.00901333 0 0.03371279 0.06004215 0.09692478 0.001998668 0.2025368 0.1100185 0.03705138 0.1322175 0 0.04193415 0.00309347 0.09987203 0.009964978 0.008874032 0.03915933 0.009964978 0.02289398 0.0168639 0.009964978 0.04982489 0.1051695 0.04876559 0.009758014 0.09979908 0.00195387 0 0.01747601 0.01992996 0 0 0 0.01992996 0.01204915 0.04170744 0.01873922 0.07724 0.02588016 0.130201 0.00546712 0 0.02989493 0.05050812 0.04945245 0.009964978 0 0 0.04921764 0.2082978 0 0.003221932 0.04917388 0.1571754 0 0 0.1085117 0.1850201 0.3857865 0.2311629 0.4269043 0.3339348 0.01371681 0 0.01992996
0.007620529 0 0.03662186 0.073346 0.004047383 0.2472722 0.03650259 0.06874199 0.0254244 0.02989493 0 0.008474099 0.04722806 0.06851135 0.04099333 0.07607893 0.04996447 0.03268277 0.007905568 0.02928155 0.007890738 0.001225381 0.0256551 0.02109877 0.02499081 0.0148691 0.013039 0.03678589 0.03985991 0.04922576 0.2024609 0.143996 0.009964978 0.009964978 0.1096872 0.02989493 0.009964978 0.0373208 0.02999488 0 0 0.02989493 0 0 0 0 0 0 0.00971716 0.03014275 0 0 0.02102957 0.1550857 0 0.03765377 0.05881035 0.06275813 0 0 0.0005522745 0.02097001 0 0 0 0.04982489 0 0.09961394 0.09019448 0.1055221 0.03305134 0.009964978 0 0
0.01992996 0 0.01320303 0.0133852 0.1049806 0.1815059 0 0.01753406 0.01236088 0.01992996 0 0.00448324 0.04407502 0.06722403 0.0622288 0.02994705 0.1195797 0.0369325 0.05978987 0.06360999 0.1080658 0 0.0557704 0.07477758 0.007491649 0.01077882 0 0.009964978 0 0.01056412 0.05493088 0.1068261 0.05978987 0.02865288 0.06136462 0.05546346 0.2675188 0.08470229 0.04642068 0 0.01992996 0 0 0 0 0 0.005287745 0.005209672 0.009964978 0 0 0 0.07095855 0.03163478 0 0.01420973 0.0487658 0 0 0 0.01666331 0.03014785 0 0 0 0 0 0.05586929 0.01410931 0.01073522 0 0.05499485 0.03985991 0.007776733
0 0.02189363 0.01796628 0.01992996 0.05038426 0.06464863 0.1237566 0 0.04982489 0 0.00419326 0.02593027 0.03004546 0.1395097 0.01622213 0.01004836 0.04982489 0 0.1498244 0.003718419 0.1181768 0.04146009 0.04982489 0.01150188 0 0.08914553 0.0510887 0 0.01020067 0.01992996 0 0.04982489 0.009081639 0.05207244 0.1657737 0.1000885 0.1063292 0.06680471 0.1873079 0.2686555 0.09097113 0.02034 0.001090815 0 0.009964978 0 0.2890568 0.03538035 0.08968481 0.009964978 0.01992996 0.05116668 0.008623192 0 0.009964978 0.02989493 0 0.02989493 0 0 0.06975485 0.009964978 0 0 0.07093444 0.2159272 0.148261 0.009964978 0.2730401 0.2841411 0.1628087 0.01476 0.04512601 0.00469888
0.01992996 0 0 0.01992996 0.009964978 0.01610252 0.01399499 0.009964978 0.1005806 0.09964979 0.06246609 0.03173568 0.01609498 0.0401096 0 0 0 0.02395632 0.06543551 0.02629868 0.03143791 0.03684757 0.06729162 0.048288 0.05978987 0.06656408 0.04174499 0.004442717 0.02555222 0 0.009964978 0.02989493 0.02887024 0.04954517 0.03175503 0.001794182 0.06671391 0.05012922 0.03520646 0.05837676 0.008570822 0.04655043 0.05355225 0.01896725 0.000962706 0 0.04436292 0.0790915 0.009964978 0 0 0 0 0.02989493 0 0 0 0.009964978 0 0.009964978 0 0 0 0.1378208 0.3436585 0.07272246 0.009964978 0.06255369 0.5729519 0.1658131 0.5761908 0.03348428 0 0.01992996
0 0 0.009964978 0 0.04982489 0.003827439 0.009964978 0 0.05626338 0.0823155 0 0.009964978 0 0.09964979 0.04076002 0.07881972 0.09964979 0.08111627 0.1154437 0.00248855 0 0 0 0.08968481 0.01354938 0.01840796 0.02373418 0.03548731 0.04003232 0.0102381 0.1093416 0 0.05383201 0.6214805 0.08591363 0 0.01817658 0 0.009964978 0.07787251 0.02171961 0.01992996 0.01992996 0.01992996 0.04189405 0 0 0 0 0 0 0 0 0 0 0 0 0 0.07211104 0 0.009964978 0.02989493 0.186873 0.2435977 0.2214303 0.06422751 0.03855323 0.05658793 0.09418822 0 0.01992996 0.05686519 0 0.02546871
0.2513763 0.03297276 0.009964978 0.006750877 0.1089606 0.003540304 0.009964978 0 0.0154667 0.03985991 0.028985 0.03080487 0 0 0 0.01992996 0.03985991 0.04681586 0.00703402 0.01262446 0.03775092 0.06404348 0 0.01992996 0 0.07765742 0.06424317 0.1245896 0.03052122 0.01055039 0.0890994 0.06857903 0.05907184 0.2602853 0.2260077 0.01992996 0.001753374 0 0.009964978 0.0226202 0 0 0 0.01269053 0.03782578 0.03019148 0.009668429 0 0 0 0 0 0 0 0 0.003209362 0.04337393 0.006450957 0.007608791 0.04982489 0.01992996 0.001647918 0.0133881 0.2701142 0.412974 0.1838741 0.06618783 0 0.03011513 0.009964978 0.007774595 0.02504502 0.09798998 0.1402259
0.1595196 0.02789838 0.0427025 0.003214101 0.01628248 0.04896092 0.03753679 0 0.01921204 0.01080739 0.009835314 0.04944636 0.0003748923 0.009590087 0.03985991 0.01992996 0.009964978 0.03315297 0.04280566 0.1096574 0.04016424 0.04250581 0.01676408 0.01992996 0.009964978 0.01108904 0.03068068 0.09964979 0.1192828 0.02989493 0.009964978 0.1263712 0.1739305 0.04091626 0.03477928 0.02989493 0.009964978 0 0.01992996 0 0 0.04586434 0.05066758 0.007239432 0.02020844 0.02558774 0 0 0 0 0 0 0 0 0 0.01672059 0 0 0.01450404 0.02231899 0.00530376 0.07355897 0.004512938 0.2061933 0.03708912 0 0.0573212 0.07222352 0.01992996 0 0.02989493 0.04819908 0.1884706 0.2262564
0.08938643 0.009964978 0.02989493 0.009964978 0.02194483 0.0508819 0.03009751 0.009964978 0.03372959 0.1998476 0.06031954 0.110123 0.01451859 0.01992996 0.02528495 0.04231095 0.01992996 0.01882869 0.07461732 0.06709537 0.01992996 0.06529469 0.03359936 0.08598039 0.03985991 0.04870084 0.03907417 0 0.005608456 0.004356523 0.006060965 0.04430541 0.02343434 0.05628549 0.08480046 0.03985991 0.1303076 0.02577376 0.01992996 0.009964978 0.05978987 0.1525925 0.06335174 0 0.0003305353 0.05352307 0.009964978 0 0 0 0 0 0 0 0 0 0.01992996 0.01992996 0 0.007698103 0 0.04149659 0.02989493 0.1239365 0.08120512 0.01689457 0.01300037 0.0001793294 0.0496891 0 0.008399173 0.03146074 0.2224484 0.3660472
0.1042267 0.01732357 0.01504556 0.002147893 0.01475853 0.05480291 0.0137108 0.009964978 0.04108923 0.109233 0.03493739 0.01992996 0.01537634 0.02989493 0.02593987 0.07586886 0.03337594 0 0.01992996 0.009964978 0.02989493 0 0 0.04151924 0 0.05096373 0.0219474 0.009964978 0.05978987 0.009964978 0.02989493 0 0.06975485 0.01911699 0 0.01783384 0.1217268 0.02159163 0 0 0.07864893 0.04792282 0.1327488 0.009852735 0 0 0 0 0 0 0 0 0 0 0 0 0 0 0 0.009964978 0.0219774 0.06985333 0.0253013 0.04431851 0 0.01992996 0.03904597 0.3693596 0.1143061 0.2045636 0.01154885 0.03907073 0.2978618 0.6385961
0.07767239 0.005024617 0.0677835 0.02883227 0 0.01291842 0.01936408 0.08884699 0.1189964 0.02025066 0.08617073 0.05791936 0.06975485 0 0.009964978 0 0.1659236 0.01323217 0.01992996 0 0 0.0537715 0.08906431 0.02071238 0.004963679 0.1234422 0.03784247 0.005850635 0.01407932 0 0.03954997 0 0 0.1948095 0.004328322 0 0.04150565 0.009964978 0.01992996 0.0327979 0.07694944 0.01293794 0.02324123 0.01653499 0.009964978 0.03985991 0.001589791 0.008375188 0 0 0 0 0 0 0 0.008683485 0.06567477 0.06348566 0.1093068 0.01992996 0.01788251 0.1148347 0.7478682 0.3603182 0.0308958 0.007450069 0.05799491 0.2093947 0.01204456 0.06903199 0.07783163 0.1245455 0.4807024 0.399886
0.009950557 0.03218305 0.02272413 0.03287128 0.07971983 0.00334056 0.01132336 0.03165624 2.770583e-005 0.01992996 0.1925113 0.1363544 0.01463185 0 0 0 0.009964978 0.006697784 0.04982489 0.03985991 0.02989493 0.09061437 0.05091596 0.03363536 0.2450467 0 0.009964978 0 0.009964978 0.1899719 0.2163765 0.06288714 0.009964978 0.04061222 0.009155003 0.008441392 0.08124342 0.009964978 0.02918023 0.02532103 0.05980832 0.01039943 0.05108238 0.06159895 0 0.009964978 0.005861741 0 0.1793696 0 0 0.110124 0.01587406 0 0 0.01444985 0.375018 0.9833616 0.8796768 0.5145887 0.009964978 0.1296265 0.5424337 0.05896762 0.008964119 0.009964978 0.05978987 0.06592441 0.04357431 0 0.0599608 0.5285637 0.0449671 0.09099787
0.009964978 0.02989493 0 0.0858686 0.1995519 0.0206104 0.08609867 0.02810593 0.01992996 0.1915754 0.02917975 0 0.01526308 0 0.009964978 0.02267518 0.02714971 0.04982489 0 0 0.03097321 0.2567285 0.01086567 0.3099287 0.06587503 0.01119106 0 0 0.01043636 0.09037717 0.178606 0.009811779 0 0.01811001 0.04172629 0 0.009964978 0.01869865 0.08065283 0.2025046 0.1296261 0 0 0 0 0 0.02403319 0 0 0 0 0.2378825 0.2412319 0 0.009964978 0 0.1401792 0.764272 0.9220031 0.8542057 0.5676218 0.5564019 0.7340958 0.03788312 0 0 0.07441531 0.264394 0.2360309 0.1169844 0.3524192 0.05426361 0.08968488 0.3881262
0 0 0 0.04196682 0.02015621 0.07976638 0.03398485 0.009964978 0.01992996 0.009562653 0.06145202 0.05863639 0.008332969 0.01992996 0 0.02989493 0.03985991 0 0.01992996 0.01992996 0.1323387 0.09014751 0.03985991 0.1049274 0.07735208 0.009500444 0.01161833 0 0.04935351 0.03647073 0.04017197 0.07248484 0.009964978 0 0.01911492 0.01992996 0.04688924 0.02140559 0.03985991 0.2771786 0.02980523 0 0 0 0.006344958 0 0 0.002596767 0.007368211 0.01992996 0 0 0.6649616 0.06933831 0 0.2803777 0.8116681 0.7932945 0.8926319 0.8985067 0.5027303 0.5546405 0.606711 0.04976655 0.03100906 0.04982489 0.03835198 0.0830948 0.3869421 0.06005159 0.2396883 0.09007259 0.5966763 0.950363
0.03152448 0 0 0.08115678 0 0.01686731 0.009742543 0.009964978 0.02633747 0.005052513 0 0 0.03480519 0.02989493 0.009964978 0.01323068 0.05379032 0.1166377 0.02639336 0.009964978 0.05540182 0.01172165 0.01992996 0.2426077 0.1867463 0.09146416 0.1891007 0.04675151 0.01303836 0.009964978 0 0.02989493 0 0 0.00180101 0 0.02138998 0.06778657 0.04009026 0.0811528 0.0819387 0.0965571 0.03985991 0.05978987 0.02354998 0 0.03673854 0.1169996 0 0.04023864 0.08968481 0 0.5055566 0.8394907 0.4292248 0.4523092 1 0.9374116 0.5094554 0.04673434 0.02338039 0.06605173 0.2003126 0.03088837 0.09972224 0.2205342 0.06240511 0.1270885 0.2484066 0.1126469 0.040694 0.03054291 0.1538447 0.2272768
0.0550082 0.1828196 0.01992996 0.1966947 0.2230555 0.1607868 0.02520301 0.07820548 0.4082628 0.1083627 0.05361452 0.1002691 0.05682167 0.01019123 0.007203834 0 0.06858025 0.08052108 0.1914107 0.05712998 0.163003 0.1125212 0.009964978 0.05176278 0.009964978 0.03646414 0.00339577 0.01693465 0.01296029 0.009964978 0 0 0.1070063 0.04125552 0 0.08690188 0.03020377 0.001803956 0 0.04299087 0.1644484 0.1777097 0 0 0 0.009964978 0.2511015 0.2661889 0 0.06814354 0.1653323 0.009964978 0.5294947 0.9556881 0.9243742 0.8914223 0.9856479 0.2839009 0.009964978 0.1165157 0.1248024 0.009964978 0.04617657 0.09767129 0.1030378 0.3104911 0.1325163 0.03182957 0.08102841 0.07981831 0.07036635 0.2088725 0.0889594 0.05177065
0.3326265 0.3878836 0.05266527 0.1380184 0.2382157 0.5869346 0.1270047 0.8340446 0.2167087 0.1242186 0.1146251 0.06113462 0.003814074 0 0.028661 0.009964978 0.01601424 0.07971983 0.03985991 0.04394526 0.4636109 0.2841228 0.04456912 0.07793012 0.003900327 0.02277956 0.1804506 0.03614793 0.2325346 0.03985991 0.01012761 0 0.02114278 0 0 0.00243042 0.07038654 0.03976226 0.1006187 0.2774585 0.1342748 0 0 0.002290303 0.01763965 0.01992996 0.07840498 0.08762462 0.08739663 0.01487142 0.07444377 0.0150777 0.5773174 0.8743767 0.9298368 0.8467745 0.6970444 0.4758737 0.02989493 0.05209308 0.1054354 0.08077487 0.03942149 0.04145163 0.04722877 0.04176817 0.009200413 0.1595114 0.1593063 0.1698475 0.07897363 0.1087068 0.01158476 0.03219134
0.2800157 0.07862016 0.007599898 0.1434472 0.397427 0.09354473 0.08991589 0.1790692 0.02428271 0.2019406 0.01908197 0.01474468 0 0.01992996 0.03112887 0.1062916 0.1376565 0.05499285 0.05323492 0.02989493 0.2291488 0.1241328 0 0 0.02989493 0.07687023 0 0.08004574 0.1584046 0.009964978 0.04966226 0 0.009964978 0 0 0 0.02989493 0 0.01992996 0.0101155 0.009964978 0 0.009964978 0.02989493 0.009964978 0.04291502 0.02683984 0.03532782 0.1081871 0.2303386 0.009964978 0.1699664 0.5217431 1 1 0.849412 0.7522793 0.2910465 0.03312687 0.007341698 0.002623281 0.3106647 0.1321539 0.008373262 0.009964978 0.144247 0.2844182 0.1385971 0.3788007 0.1000278 0.02222092 0.3910958 0.3436053 0.04755369
0.02989493 0.007906567 0.08208491 0 0 0 0.02749554 0.1128919 0.05978987 0.009964978 0 0 0 0.03985991 0.03985991 0.199691 0.2486372 0.2201799 0.03998442 0 0.0846186 0.09610792 0.02989493 0.05978987 0.03985991 0.02989493 0.009964978 0 0.05070496 0.05978987 0 0 0 0 0 0 0 0.009964978 0.02819862 0.1017048 0.009964978 0 0 0 0.02645501 0.04622882 0.02357565 0.1420522 0.1091934 0.1195093 0 0.01518435 0.1522598 0.9063727 0.9522167 0.7948725 0.9004519 0.7206809 0.1469852 0.09940288 0.01992996 0.04796641 0.001858483 0.02130212 0.03343074 0.04884687 0.2282308 0.1398395 0.03949695 0.1922303 0.3486064 0.3082119 0.2503191 0.009257963
0.1773096 0.02198837 0 0.009964978 0.110487 0.0260478 0.009964978 0.01992996 0.009964978 0 0 0 0 0 0.02398434 0.3563429 0.07343131 0.04769345 0.03632539 0.009964978 0.05546287 0.01017567 0 0.009964978 0.01992996 0.06975485 0.02124681 0.06975485 0.04894483 0.01992996 0 0.01992996 0.009964978 0.01980157 0.0001283858 0.02054035 0.01931957 0 0.01166129 0 0.009964978 0.009964978 0.01703091 0.0803631 0.05649485 0.02981124 0.09483401 0.08350209 0.07522207 0.004558964 0 0.05514836 0.0491211 0.2949041 0.932512 0.9476891 0.9689342 0.8456 0.3099838 0.1500097 0 0.02425075 0 0.09632447 0.1362096 0.2311344 0.009390016 0.06995704 0.06898712 0.03100241 0.2692299 0.04159462 0.1079876 0.02989493
0.09960255 0 0 0.009964978 0.0003730707 0.06239168 0 0 0 0.03985991 0 0 0 0.009964978 0 0 0.005915594 0 0.01708962 0.01992996 0.03985991 0.01268151 0.02929164 0.01463298 0.0005616234 0.009964978 0.09941244 0.062566 0.01738462 0.01251032 0 0.02995702 0.01992996 0 0 0.02989493 0.009964978 0.001310818 0.02700668 0.03985991 0.01992996 0 0.005088694 0.1039032 0.1696536 0.05726241 0.1094206 0.08976325 0.07998484 0.00505313 0.09829766 0.01624678 0.01531028 0 0.164911 0.8610514 0.9907454 0.4071004 0.003088952 0 0.07828569 0.1810007 0.1775033 0.009964978 0.04286826 0.3574174 0.0001633169 0 0.01258515 0.444378 0.2150877 0.01739121 0.1010205 0.1244394
0.07321382 0.009964978 0 0.007421273 0 0 0.009964978 0.02989493 0 0 0.03704101 0 0 0.02989493 0.1195797 0.009964978 0 0.002124652 0.03386351 0.01400766 0 0.01721342 0.007430611 0.02568741 0.03201051 0.02162593 0.01012285 0.02888303 0.04982489 0.0682866 0.08118808 0.08994825 0 0 0 0.01212262 0.1150107 0.06003641 0.03313956 0.09773605 0.01992996 0.05978987 0.0008893365 0.04184922 0.2870868 0.1346386 0 0.009964978 0.07336679 0.02033609 0.04384901 0.01592303 0 0 0.1846078 0.7270504 0.680235 0.18358 0.3235429 0.01179957 0 0.01541221 0.07097789 0.2107668 0.1036786 0.02989493 0.0224404 0.05081036 0.04124165 0.05868231 0.1569492 0.08098855 0.1719292 0.06042949
0.4627831 0.01797919 0 0.01250868 0 0 0 0 0 0 0.02639269 0.006321153 0 0 0 0 0 0.6677548 0.06545217 0 0.009964978 0 0 0.02989493 0.002132766 0.008269002 0.02689334 0.01992996 0 0.03985991 0.02018722 0.5002505 0.05960644 0 0.02101304 0.008178042 0.06705338 0.1067624 0.007965215 0 0 0.01516514 0.06975485 0.01992996 0.09094981 0.08720287 0.03106923 0.08972782 0.04052062 0.1332607 0.01579087 0.043999 0 0 0.1823831 0.7363497 0.3531179 0.009210395 0.03428068 0.01992996 0 0 0 0.2571335 0.3330427 0.3100906 0.08151214 0.2538012 0 0.04114594 0.2972265 0 0.07971421 0.03842169
0.7299116 0.1115657 0.1472859 0 0 0 0 0 0 0 0 0 0 0 0 0 0.1184651 0.6117068 0.003956649 0 0.009964978 0.009964978 0 0.009964978 0.0576571 0.009964978 0 0.009964978 0 0 0.02958707 0.4297754 0.4065541 0 8.17772e-005 0.0006220805 0 0 0 0 0 0.03465975 0 0.1395097 0.3286397 0.53822 0.5393255 0.06503175 0.06579139 0.1076253 0 0 0 0 0.01426521 0.2392171 0.03485911 0.03054124 0.01294736 0.04671746 0.02856238 0 0 0 0 0.05844007 0.01226298 0 0 0 0.1708985 0.1084682 0.3071796 0.09256092
0.3790839 0.007777438 0.5763399 0.009964978 0 0 0 0 0 0 0 0.002534635 0.002865924 0 0.06975485 0 0.1099736 0.1036281 0 0.01992996 0 0 0.03515293 0.01992996 0 0.01992996 0.01992996 0 0 0.009964978 0 0.268866 0.009310694 0 0 0 0 0 0 0 0.04773052 0 0.3020017 0.1750421 0.2828633 0.6731044 0.6646349 0.2009389 0.1104902 0.1681899 0.02630235 0.003592583 0 0 0 0 0.05449 0.06815045 0.0829061 0.02898924 0.05788841 0.1988769 0.01038766 0 0.009964978 0.01992996 0.01763195 0.003396156 0.02769253 0 0.06231103 0.01751408 0.02035541 0.01992996
0 0.001815728 0.2396974 0.01992996 0.00267666 0.0172533 0 0 0 0 0 0.002142191 0.01238721 0.02989493 0 0 0.07375807 0.5902776 0.01980505 0.009964978 0 0 0.0445669 0 0 0 0 0 0.2527602 0.04970026 0 0.01940835 0 0 0 0 0 0 0 0 0.03198931 0 0.5163881 0.1339926 0.09964979 0.00175411 0.03511415 0.03386304 0 0.1139472 0 0 0.03985991 0 0.009964978 0 0.003701133 0.04864886 0.01791972 0.02254323 0.05849728 0.04982489 0 0 0.1992996 0.03146927 0.06448989 0.101561 0.09845603 0.1308688 0.03010884 0.05246235 0.02650533 0.02873528
0 0.1793696 0 0 0 0 0 0 0 0.009964978 0.02464077 0.02039043 0.03468863 0 0 0 0 0.07931123 0 0 0 0 0 0 0 0 0.009964978 0 0.07620873 0 0 0 0 0 0 0 0 0.04541015 0 0 0 0.02250486 0.4690847 0.1248571 0 0.009964978 0 0.1440155 0.1232902 0.2663698 0 0 0 0 0 0 0.03759263 0 0.02989493 0.05975823 0.2708715 0.0001097189 0 0.05187945 0.08763025 0.01119407 0.2072045 0.4865795 0.2598904 0.3114657 0.1446755 0.2471139 0.0634224 0.04499903
0 0 0.01599824 0 0 0 0 0 0 0 0 0.009964978 0 0 0 0 0 0 0 0.01772702 0.06199281 0 0 0 0 0 0 0 0 0 0 0 0 0 0 0 0.002840496 0.2694543 0 0 0 0.07342277 0.05380253 0.1032491 0.06644034 0.01562249 0.2828724 0.1285739 0.3938816 0.04437112 0 0.009964978 0 0.04188087 0.002527732 0 0.05218503 0.07775318 0.2036398 0.1169377 0.007102236 0 0.009964978 0.009964978 0 0 0.1997515 0.5731636 0.007577262 0 0 0.1496046 0 0.190126
0 0.02822273 0.2829511 0 0.009964978 0 0 0 0 0 0 0 0 0 0.009964978 0 0 0 0 0 0 0 0 0 0 0 0 0 0 0 0 0 0 0 0 0.06975485 0 0.07092921 0 0.07971983 0 0.1494747 0.3876652 0.4567816 0.1864239 0 0.03034944 0.03367171 0.03172871 0 0 0 0 0.004484574 0.0009317176 0 0.09313226 0.1115063 0.2057855 0.08050569 0.002898411 0 0 0 0 0.01457101 0.2001367 0.1529839 0 0 0 0 0 0.0002949825
0.08572859 0.7518648 0.188133 0.1926834 0.04437099 0 0.007090047 0 0 0 0.009964978 0 0 0 0 0 0 0.02523465 0.01462527 0 0 0 0 0 0.05355256 9.155922e-006 0 0 0 0 0.0007661975 0 0 0 0 0 0 0 0.01193609 0.1401442 0.02453426 0.03525561 0.3412318 0.2847541 0.1431285 0.009964978 0 0 0 0 0 0.004225745 0.0009362795 0.04444414 0 0.04982489 0.2823285 0.1690915 0.08319028 0.01196342 0.2354485 0.102035 0.07859033 0 0 0.09877194 0.1329983 0.09102886 0.01992996 0 0 0 0 0
0.1463294 0.159243 0.07410014 0.1278128 0.1732417 0 0.02280489 0 0 0.009964978 0.009964978 0 0.01992996 0 0.08100941 0.1976076 0.009964978 0 0 0 0.009964978 0.0762992 0.6571537 0.6251617 0.9075818 0.07950585 0 0 0 0 0.02912874 0 0 6.856802e-006 0 0 0 0 0.004827256 0.3782203 0 0.01992996 0.01373765 0.008999695 0.01286818 0 0 0 0.01953775 0.03237858 0 0.03029759 0.0542252 0.2246103 0 0 0.01776597 0 0.130333 0.05873676 0.6194132 0.2378432 0.03158817 0.04261845 0.03985991 0.06741717 0.3766346 0.02026031 0.02664842 0.03985991 0 0 0 0
0.0004117563 0.001011447 0 0 0 0 0 0 0 0 0 0 0.01992996 0 0.01992996 0.01036736 0 0 0 0 0 0.5735196 0.9876328 0.9190093 0.09735048 0 0 0 0 0 0 0 0 0.009958122 0 0 0 0.009964978 0.09058549 0.1011527 0.02753173 0.009964978 0.01992996 0.009964978 0 0.02989493 0 0 0.01783851 0 0 0.01992996 0 0 0 0.009964978 0 0.03985991 0.05553116 0.254485 0.2111736 0.04982489 0.03934309 0.2129432 0.009964978 0.1295447 0.143891 0 0.0009348845 0.0481688 0.02158605 0 0 0
0 0 0 0 0 0 0 0 0 0 0 0 0 0.1566859 0.05257861 0 0.01992996 0 0 0.07352298 0.009964978 0.0491018 0.5296263 0.2347849 0 0 0 0 0 0 0 0 0 0 0 0 0 0.008805256 0.7485122 0.4486187 0.07264234 0.01438878 0 0 0 0 0 0 0 0 0 0 0 0 0 0 0 0.009964978 0.009964978 0.345486 0.04329312 0.009964978 0.0791925 0.2342587 0.1236503 0 0.006847258 0.04297763 0.04889001 0.004323597 0.08536121 0 0 0
