EnvRasters/BAU_High/dcdsfrs.asc
ncols         270
nrows         223
xllcorner     24099.479091542
yllcorner     21023.840179216
cellsize      1003.8986847201
NODATA_value  -9999
[rows 132 to 164 of 223, columns 148 to 221 of 270]
0.01811529 0.009964978 0.001941322 0 0.1431803 0.3752714 0.3417733 0.8050239 0.5817822 0.2694184 0.5357041 0.07636649 0.4705577 0.1778697 0.4933345 0.3825038 0.03753769 0.009964978 0.03835952 0 0 0 0.02245084 0.07647317 0.1459344 0 0.02456787 0.3196512 0.03045558 0 0 0 0.03848276 0.01132493 0.1139641 0.009964978 0 0.05888967 0.4258134 0.09563311 0.6090651 0.5742109 0.5162423 0.1759126 0.00209662 0.3990789 0.5578656 0.4040197 0.09281919 0 0 0.05978987 0.778556 0.9921153 0.7299024 0.2133442 0.1655021 0.3282925 0 0 0.2536795 0 0.09964979 0.03402214 0.01580275 0.005952249 0.07075853 0.4532777 0.1094851 0 0.01992996 0 0.007904055 0.03176807
0.2092645 0.3044766 0.2578343 0.05505288 0.2286007 0.4688396 0.3224414 0.405333 0.02707501 0.1167616 0.08876256 0.3898402 0.2309235 0 0.1412639 0.8089879 0.04823577 0.02318872 0 0 0 0.07656347 0.0008908673 0.003971749 0.02028877 0 0 0 0.02614583 0 0 0 0.05583755 0.4548879 0.2648394 0.01422084 0.1136599 0.2624432 0 0.03694352 0.08885557 0.0614081 0.05986892 2.340843e-005 0.1719454 0.3929634 0.1268449 0.3052177 0.05081448 0.01992996 0.03985991 0.002128501 0.2640876 0.3283209 0.2308591 0.06309328 0.03539165 0.04771028 0 0 0.1142714 0.02507651 0.06457208 0.01992996 0.06660858 0.0920611 0.03022529 0.1336623 0.09316537 0.0063175 0.003647478 0.001642287 0.0442544 0.07258783
0.07578011 0.03887257 0.01570091 0.03287441 0.1105487 0.05789512 0.1635476 0.3724548 0.1003632 0.65051 0.1102989 0.1397962 0.4123824 0.3946751 0.2811839 0.7027645 0.8842587 0.4014494 0 0 0.03985991 0.02308632 0 0.04377528 0.1106174 0 0 0.02395409 0 0 0 0.06966841 0.09575826 0.310398 0.02550482 0 0.3018532 0.463096 0.0263815 0.2021594 0.01876683 0.3032527 0.06767464 0.08683313 0.3104418 0.1448395 0 0 0 0 0 0 0 0.2603103 0.3658693 0.07770699 0.1948304 0.2347597 0 0.02989493 0.009964978 0.01478341 0.01514775 0 0.08210034 0.07757869 0.009964978 0 0.006614091 0 0 0.01239219 0.09846833 0.03783625
0.3151167 0.3403637 0 0.2589017 0.2653005 0.03302474 0.09055831 0.1187973 0.03574886 0.6852464 0.2043879 0 0 0.2902623 0.160738 0.08385786 0.04290092 0.3054578 0.08251069 0.03616916 0 0.009964978 0.1386284 0.3755606 0.1952934 0.1447803 0 0.005940844 0.1096148 0 0.01992996 0 0.08968481 0 0 0.08235878 0.2833816 0.1107853 0.1268705 0.07953417 0.1611684 0.1247451 0.1300229 0.2344461 0.2510357 0.3149707 0.01993312 0 0 0 0 0 0 0.001864659 0.00810032 0 0.1516563 0.05427674 0 0.03985991 0 0.009964978 0 0.1736623 0.2430522 0.1347853 0.01267886 0 0 0.009964978 0 0.009964978 0.009964978 0.02989493
0.08989892 0.01525307 0 0.1421315 0.1286517 0.1063894 0.03189715 0 0.181831 0.4813377 0.01219297 0 0.0538006 0 0.05727296 0.06705578 0.03808014 0.05529263 0.1661935 0.09563354 0.05566259 0.1834746 0.7875497 0.140565 0.3698974 0.008822829 0 0.01992996 0.004481712 0.0701893 0.00504882 0.006073983 0.07971983 0.002529522 0.1883394 0.1352959 0.136461 0.1143954 0.01819796 0 0 0.05906561 0.60706 0.8123285 0.4044279 0.4907104 0.1697607 0 0 0 0 0 0.2259258 0.005928969 0 0.1702175 0.2700256 0.03212626 0.0762475 0 0.004411331 0.139788 0.1918548 0.3296041 0.3842112 0.005922681 0.2954085 0.06345955 0 0.02013699 0.01288378 0.009964978 0.009964978 0
0.4625768 0.05853067 0 0.1695694 0.0537131 0.3674992 0.2262515 0.4745371 0.5092448 0.736441 0.1953245 0.09809015 0.02576593 0.07987313 0.1706741 0.1219456 0.1019045 0.00890097 0.01062156 0.02589717 0.1372767 0.01020418 0.1585784 0 0.004989193 0 0 0.009964978 0 0 0.01992996 0.03378593 0.07988143 0.8072877 0.08668803 0.1022352 0.3680984 0.3795884 0.0383922 0.0002308888 0.09906716 0.06861023 0.04246119 0.129728 0.1105978 0.4766062 0.111473 0 0 0 0 0.08845712 0.4060296 0.03244072 0.04728361 0.1157848 0.05534109 0.4385583 0.03909563 0.0242972 0.06083296 0 0.120413 0.5413002 0.02884888 0 0.08441981 0.1140872 0.03661154 0.08655898 0.01992996 0.0923221 0.01218038 0
0.4020369 0.02899495 0 0.009520761 0.3415898 0.167363 0.06925561 0.07154234 0.1923604 0.3885199 0.01797106 0.2170713 0.1556998 0 0.00241843 0.02989493 0 0 0 0 0.03165164 0.02185562 0 0 0 0 0.07427698 0.02475794 0.005136991 0 0 0 0 0.3173365 0.04236098 0.292048 0.5470147 0.5775541 0.4578066 0.1268447 0.3052095 0.0909176 0.08810857 0.1601091 0.5064707 0.4653503 0.1472681 0 0 0 0 0.1697058 0.2325402 0.1521981 0.05706642 0.08311951 0.06966604 0.233012 0.01192339 0.03985991 0.004554646 0.005132043 0.1614466 0.8063685 0.1831648 0 0.009964978 0.009964978 0.009964978 0.04750464 0.00232025 0.03146325 0.1530186 0
0 0 0 0.1380063 0.1686603 0.1810363 0.09423106 0.61147 0.3843787 0.3078352 0.04101633 0.3134455 0.003729066 0.009964978 0 0.1195797 0.06410194 0.2388872 0.1760086 0.6444463 0.01447171 0.008569543 0 0.4044223 0.1987476 0 0.04493161 0.1966097 0.00536653 0.004598449 0 0 0.08106354 0.4881164 0.02069481 0.009134389 0.02063532 0.05833879 0.03155727 0.322471 0.5111366 0.01098958 0.02037548 0.5478282 0.67831 0.01899577 0 0 0 0 0.03802656 0.09077793 0.06611223 0.01960379 0.1615182 0.919471 0.483521 0.04183634 0.09974826 0.02479166 0.07052646 0 0.04877616 0.09147923 0.06814223 0.1837798 0.2270073 0.01598985 0.007418474 0.01251148 0 0 0 0
0.01134381 0.08639448 0.01118442 0.09555688 0.1436026 8.904436e-005 0.01953552 0 0.01992996 0 0.03985991 0.02027908 0.07473066 0.6028603 0.3114462 0.02989493 0.1460004 0.00872288 0.03734007 0.3065921 0.3503834 0.006824869 0 0.1102367 0.180786 0 0.0830009 0.2529683 0.1135774 0 0.20595 0.4235265 0.3598609 0.3370257 0.002207863 0.1923357 0.2765276 0.6613768 0.4095542 0.2906528 0.03234707 0.30232 0.5218889 0.2600277 0.521062 0.1282142 0 0 0 0.1694046 0.03405925 0.02556886 0.02279149 0.2286878 0.7400542 0.2581618 0 0.1747679 0.1580775 0.05102533 0.01003743 0.0351112 0.03581915 0 0.1273683 0.05916876 0.007070061 0.2282518 0 0.009964978 0 0 0 0
0.04549265 0.7429957 0.1381704 0.0009948408 0.1541702 0.2770363 0.1084709 0.1204781 0 0.06877129 0 0 0.2441714 0.850142 0.3484392 0.349986 0.2238998 0.101628 0.003372157 0.08968481 0.1841931 0.3336659 0.05680843 0.4699335 0.2481384 0.3009749 0.6120334 0.2633629 0.2478109 0.08532969 0.235724 0.3903119 0.6164356 0.5450774 0.00776502 0.6693037 0.4734968 0.56668 0.006862961 0.05890003 0.384398 0.7483503 0.5260313 0.1002419 0.0196953 0.03919877 0 0.001678216 0.1079365 0.03850977 0.02989493 0.1838993 0.1244115 0.2369029 0.5802922 0.01399974 0.09992809 0.1662612 0 0.1634907 0.004259217 0.1594927 0.1471235 0.2801419 0.009964978 0 0.007434398 0.0423905 0 0 0 0 0 0.009964978
0.02008826 0.3874897 0.5891821 0.5217697 0.4363493 0.3650528 0.3628752 0.6112362 0.3089682 0.3482226 0.01849766 0.03281603 0.03693882 0.5169143 0.4549559 0.2868457 0.5204592 0.3650598 0.2096183 0.03645049 0.296127 0.5281184 0.1042221 0.002518603 0.1736907 0.2829964 0.1552335 0.7004229 0.6916672 0.06414499 0 0.2432889 0.1401069 0.1279379 0.09056444 0.2825395 0.1485441 0.01774636 0.3813788 0.499233 0.7684703 0.1777674 0.01166812 0.08981432 0.04982489 0 0.001712202 0.04016424 0.01791343 0.02743554 0.3919487 0.3584062 0.2979012 0 0.1725763 0.01593929 0.007950255 0.101789 0.05594693 0.1019736 0.04572859 0.02402626 0 0.003353609 0.3015303 0.2762853 0 0 0.00822522 0.001739759 0 0 0 0.009876974
0.6530657 0.1871418 0.4428922 0.8458495 0.5316759 0.5107055 0.3338691 0.1205616 0.03091881 0.1610683 0.1879876 0.2846876 0.3459277 0.4403368 0.2541145 0.05497023 0.313853 0.4510706 0.4197191 0.4664779 0.5066087 0.09596105 0.2766654 0.3659047 0.4036657 0.01981473 0.1210595 0.7560081 0.2980653 0.007426943 0.06975485 0.1337325 0.2519381 0.3574515 0.2426498 0.02374038 0.2212811 0.01614416 0.124091 0.647061 0.2021172 0.242252 0.08904953 0.1104062 0.1821593 0.05501134 0.08535089 0.061425 0.2956609 0.2457683 0.5827055 0.1993202 0.02428478 0.01992996 0.1394887 0.01554892 0.03148164 0.01168584 0.2834917 0.1423812 0.1037902 0.009964978 0.01057106 0.1325788 0.6857315 0.286094 0 0 0 0 0 0.002852277 0 0.009964978
0.7061112 0.4301952 0.914366 1 0.8224658 0.9017521 0.9897801 0.6891823 0.4453642 0.2783073 0.02311824 0.3641497 0.2746952 0.152271 0.009964978 0.0225894 0.09472321 0.443039 0.1272529 0.544907 0.259267 0.1235342 0.4804501 0.3210025 0.2354368 0.05180609 0.1154025 0.136805 0.1689566 0.3558698 0.1986472 0.6260427 0.5146679 0.5425033 0.07616502 0.1490549 0.8089108 0.6107036 0.001067836 0.03122882 0.1980778 0.2141584 0 0 0 0 0 0.4777323 0.3780414 0.3288463 0.03329288 0.1540499 0.05830778 0.01960712 0.03285623 0.04523567 0.02989493 0.01554526 0.09406951 0.02821849 0.1132393 0.02989493 0.1904649 0.5303783 0.7888286 0.09245022 0.02431203 0.1353292 0.1038302 0.006968494 0 0.01684945 0.1497029 0
0.001680744 0.5489897 0.2627733 0.3777179 0.4957306 0.6791057 0.7782421 0.1932228 0.3081835 0.2805225 0.1043643 0.3314783 0.4906283 0.0697676 0.1765687 0.009964978 0.1705393 0.1033595 0.3150051 0.8860543 0.6641253 0.2499386 0.5127694 0.4992277 0.3774781 0.2234005 0.07184523 0.6827675 0.239755 0.6161911 0.375247 0.8363371 0.7947628 0.2615365 0.08901811 0.629901 0.9613709 0.8395806 0.08116555 0.027294 0 0 0 0.003133864 0.1220012 0.3422699 0.01227573 0.1341387 0.08682959 0.6524335 0.5416695 0.01735877 0.01428386 0.03143649 0.1408954 0.04500145 0.0254141 0.1041306 0.06572653 0.2618005 0.07984649 0.009964978 0.2109674 0.7097259 0.450506 0.1857656 0.06569591 0.01874467 0.02111525 0.02292644 0.02954455 0.05017528 0 0
0.1679676 0.1312716 0.2086568 0.04296221 0.1376757 0.1396315 0.7092822 0.2770291 0.6051109 0.3801901 0.4412134 0.1896458 0.2936406 0.1937099 0.1329267 0.009964978 0.1633738 0.276842 0.7145547 0.8552328 0.472073 0.5134563 0.03630467 0.3833267 0.3654713 0.3481229 0.1195326 0.3781249 0.1293615 0.2618332 0.8799608 0.8011784 0.25207 0.04026834 0.5791693 0.9593213 0.9243685 0.1249149 0.0001572167 0 0 0 0 0 0.06985539 0.06079756 0.009964978 0 0 0.05338931 0.1854135 0.02989493 0.03985991 0.003474602 0.06858411 0 0.02989493 0.08574252 0.1035921 0.03910245 0 0.06124705 0.06911921 0.06734119 0.08170042 0.4534756 0.5041677 0.06721392 0.2018405 0.02989493 0.04982489 0 0 0
0.04660682 0.0870612 0.6727392 0.3876107 0.01046657 0.0006092202 0.6555321 0.897911 0.7985892 0.4321159 0.6727632 0.5718836 0.1911193 0.03638929 0.009108025 0.2530763 0.07673606 0.257717 0.6466679 0.482763 0.3234419 0.4526519 0.09383108 0.1053965 0 0.008387211 0.006666969 0.08375742 0.5377356 0.7245768 0.6963229 0.391948 0.0627721 0.2560242 0.7831028 0.9734578 0.3562461 0.0004864951 0.1708692 0 0 0 0 0.07877196 0.3905235 0.005027797 0.01490216 0 0.1608672 0.2606557 0.05460483 0.04982489 0 0.05759926 0.0622351 0.1295447 0.009964978 0.006785456 0.01656827 0 0.03985991 0.008507804 0.1007091 0.0542238 0.005177756 0.4253655 0.1737525 0.05084608 0.02686067 0.04048855 0.0001961224 0.01280684 0 0
0 0.114534 0.241756 0.03641563 0.07598574 0.1026861 0.2116624 0.1823433 0.7333056 0.2583768 0.3323886 0.4906485 0.2295127 0.05905539 0 0 0.0688251 0.06448133 0.1166396 0.004995781 0.5083247 0.8834438 0.1040483 0.2842402 0.02989493 0.01488294 0.2064355 0.1214073 0.04522879 0.2120075 0.1234258 0.05672416 0.7155129 0.8878474 0.9455262 0.197762 0 0.05978987 0.1316365 0.2153727 0 0.001879345 0.2641296 0.235669 0.08106735 0.09434582 0 0.2499597 0.351936 0.08901547 0.08736715 0 0 0.2328254 0 0 0 0.08917054 0.07372928 0.009964978 0 0 0.03440168 0 0.01992996 0.03791154 0.001948372 0.02356181 0.6218393 0.140075 0 0.00692699 0 0
0.0866977 0.302547 0.2163752 0.7844472 0.7624726 0.8769624 0.3675381 0.2084223 0.07929265 0 0.01019739 0.2343539 0.780477 0.612663 0.4621548 0.12558 0.08069366 0.02545092 0.09554769 0.4073642 0.5215501 0.6773997 0.5858663 0.3347081 0 0.007029933 0.03282998 0.06876795 0.4505857 0.02897146 0.0285596 0.2207276 0.992403 0.5510303 0.337943 0.07759791 0 0.009964978 0.0942917 0.07875068 0.009964978 0.2647647 0.5270609 0.5295343 0.2490784 0.007169865 0.009964978 0.1189914 0.009964978 0.1002829 0.04588565 0.01499448 0.2537666 0.2740026 0.3492239 0.1316472 0.2129987 0.5628996 0 0 0.08584344 0.0160154 0.03380949 0 0.03985991 0.01992996 0.009464276 0.05588742 0.3892169 0.08429595 0.06233038 0.009964978 0 0.01167263
0.8108223 0.6244863 0.6272539 0.6234561 0.5782977 0.5889594 0.5692627 0.1136289 0 -9999 0.002673226 0.007642723 0.239114 0.286027 0.3877321 0.24349 0.07479955 0.2249298 0.2647014 0.01267602 0.07593402 0.7212884 0.9185717 0.2708411 0.02380655 0.006088382 0 0.0506677 0.7930294 0.5797013 0.003960236 0.06187133 0.3939606 0.1843423 0 0.1427098 0.2562688 0.03985991 0.02625719 0 0.1295447 0.07455272 0.06562697 0.1817769 0.0165914 0.02657125 0.01328867 0.02051831 0.05387625 0.1325178 0.1229532 0.4864039 0.2257437 0.3364169 0.1411567 0 0.004932735 0.01944831 0 0.08146066 0.02843475 0.05978987 0.009964978 0 0 0.01992996 0 0.01041681 0.2011661 0.2281466 0.09809094 0.02989493 0.01577302 0.05404627
0.0620765 0 0 0.02805476 0.02662633 0.3909287 0.08388133 0 -9999 -9999 -9999 -9999 -9999 0.03099234 0.09371971 0.4161826 0.5418464 0.4844061 0.3666063 0 0.5044316 0.8730202 0.9574051 0.212966 0 0.009964978 0.09331887 0.5814498 0.8437554 0.8706477 0.3370634 0.1741497 0.003786327 0 0 0.1170344 0.1933503 0.08096095 0.04982489 0.01636273 0 0.05192257 0.2336083 0 0.04020362 0.03053493 0.01982482 0.009469478 0.0389601 0.6582894 0.7326798 0.2114909 0 0 0 0 0 0 0.01754115 0.01591451 0 0 0 0 0.01992996 0.009964978 0.009127881 0 0.005850839 0.1492531 0.1983872 0.1029516 0.09384175 0.04146416
0.05746922 0.03162319 0.06392938 0.3984955 0.009781955 0 -9999 -9999 -9999 -9999 -9999 -9999 -9999 0.0168763 0.08968481 0.01776463 0.1674093 0.2104851 0.3038086 0 0.2770274 0.2860832 0.2680145 0.2955256 0.04551599 0 0.2148955 0.638469 0.6802463 0.5280569 0.5096285 0.4863384 0.5378124 0.07971983 0 0.01992996 0.154212 0.4253929 0.1547126 0.09325203 0 0 0.1304489 0.3133634 0.1202132 0.07829128 0.0200351 0.1678734 0.6457322 0.9496375 0.54681 0 0 0 0 0 0.05418137 0.2291945 0 0 0.009964978 0 0.04982489 0.02989493 0.0196794 0.0002505616 0.07059195 0 0 0.01312205 0.170812 0.2049491 0.03985991 0.04982489
0.1217057 0.01784307 0.1015859 0.8782411 0.06331956 -9999 -9999 -9999 -9999 -9999 -9999 -9999 0.02412268 0.3110672 0.07642788 0.1275813 0.3054963 0.1420384 0.2182763 0.006192889 0.2560133 0 0 0 0 0 0.4834828 0.6845831 0.07856961 0.4565271 0.0651427 0.01396282 0.01008706 0.01992996 0.201803 0.1218778 0.0423483 0.04344865 0.1098771 0 0.1975032 0.1711312 0.146467 0.2244962 0.4378124 0.02989493 0 0.04982489 0.7986382 0.4040326 0.06735946 0.08983909 0 0 0 0 0.2695192 0.01252003 0 0 0 0.01809733 0.001832626 0.009964978 0 0 0 0 0 0.08862209 0.2079266 0.01652971 0.01992996 0.002874148
0 0.1633509 0.6223215 0.2074354 0.08921168 -9999 -9999 -9999 -9999 -9999 -9999 -9999 0 0 0 0.001987871 0.0211754 0.3152469 0.03121601 0 0 0 0.1415408 0.44912 0.2502568 0.07119074 0.5791779 0.4521043 0 0.3020875 0.2645594 0.4408695 0.02964082 0 0.1679802 0.4101792 0.474344 0.5147257 0.3692653 0.02752048 0.1491947 0.2362303 0.1036253 0.2168188 0.05923394 0.1008633 0.08520609 0.1523021 0.1755569 0.5600361 0.4788553 0.1876012 0 0 0 0.05993082 0.1120625 0 0 0 0 0 0 0 0.005288766 0 0.0008785731 0.03898134 0.04126907 0.154318 0.01831892 0.04780709 0.03985991 0.0668807
0.001009236 0.2089217 0.01571726 0.01337613 0.03321671 -9999 -9999 -9999 -9999 -9999 -9999 0 0.008936167 0.3721534 0 0 0.03155676 0.1224192 0.196205 0.1877424 0.03691263 0.03284222 0.0578748 0.004850144 0.1035837 0.2285638 0.1492673 0.3633234 0.009400262 0.1355824 0.08670469 0.003880088 0.0215214 0.1347301 0.4519777 0.2451065 0.04456893 0.1247438 0.04773485 0.02989493 0.5681092 0.2968483 0.07778124 0.09048371 0.209335 0.364871 0.2892605 0.7501973 0.7663167 0.5835456 0.8931617 0.1427816 0.3652388 0.01917411 0 0.05930962 0.02399629 0 0 0 0 0 0 0 0.01464119 0 0.1268543 0.05199764 0.01992996 0.02595942 0.07971983 0.02989493 0.01992996 0.04281519
0.01126048 0.06845935 0 -9999 -9999 -9999 -9999 -9999 -9999 -9999 0 0.433948 0.217091 0.5058136 0.04033232 0.09785324 0.04787221 0 0.02648264 0.09530172 0 0 0 0 0.0980811 0.04982489 0.04370908 0.1804941 0.5517046 0.4198272 0.2421846 0.02601485 0 0.02790863 0.04850718 0 0.07706288 0.2644549 0.007348347 0.002000734 0.08159865 0.179663 0.04841475 0.4174777 0.5361914 0.09049538 0.6905832 0.9491066 0.829644 0.387062 0.2769181 0.6128323 0.2437862 0 0.1436696 0.978634 0.1642619 0 0.03985991 0.009964978 0 0 0.009964978 0.01133605 0.06017148 0.09578834 0.02025469 0.05281293 0.004392708 0.004441901 0.06531295 0 0 0
0.1619922 -9999 -9999 -9999 -9999 -9999 -9999 -9999 -9999 -9999 0 0.4983329 0.8389497 0.5473749 0.182101 0.3878311 0.1052908 0.02663323 0.4164927 0 0.03985991 0.1893346 0.1415807 0 0 0 0.01396598 0.1491596 0.05654106 0 0.005726174 0 0 0 0.03868513 0.08005018 0.04322144 0 0.01299003 0.04876331 0.001604753 0.05526359 0.03562999 0.5560943 0.5259876 0.05592703 0.6322252 0.9857536 1 0.6200888 0.2869177 0.4088127 0.04811499 0 0.05848567 0.3409123 0.004685085 0 0 0.009389891 0.01054007 0 0 0.02158781 0.04641436 0.07588382 0.04537217 0.1208034 0.02366873 0 0 0 0 0
0.1597702 -9999 -9999 -9999 -9999 -9999 -9999 -9999 -9999 -9999 0.03892454 0.4408062 0.950769 0.9539292 0.4609447 0.4161459 0.4736155 0.1590002 0.4873475 0.07617837 0.01992996 0 0.2968784 0 0 0 0 0.009667927 0.009964978 0 0 0 0.0006147633 0.03482899 0.07785207 0.08968481 0.0642292 0.009964978 0.009964978 0.04845582 0.1497461 0.07129265 0.04705529 0.3552387 0.03842191 0.1865707 0.6596378 0.9219596 0.7599951 0.7963189 0.6143861 0.3108987 0.03983303 0.1994554 0.5328692 0.04576541 0 0 0 0 0 0 0.04629686 0.04925279 0.006068162 0.03443742 0.06975485 0 0.009964978 0 0 0.02989493 0 0.009964978
-9999 -9999 -9999 -9999 -9999 -9999 -9999 -9999 -9999 0.009869168 0.029365 0.0982758 0.2263589 0.8193828 0.9242753 0.8242751 0.5405278 0.5560439 0.6866235 0.2228996 0.02989493 0.009964978 0.009964978 0.06891927 0.3180308 0.01992996 0.2091842 8.035918e-005 0.01657855 0.07805687 0.05096184 0.0102693 0.04681814 0.1609214 0.08618024 0.1255789 0.08357688 0.04708824 0.07829031 0.4910401 0.6174812 0.2292078 0.05517521 0.3376979 0.1733131 0.2755439 0.9198645 0.846599 0 0 0 0.1535021 0.07717331 0 0.00380221 0 0.03985991 0 0 0.01992996 0.009964978 0 0.004100139 0 0.05807074 0.07082831 0.04982489 0.002406031 0.01752393 0 0.03985991 0 0.04376156 0.01602832
0.07341774 -9999 -9999 -9999 -9999 -9999 -9999 -9999 -9999 0.309233 0.7477295 0.549311 0.3144279 0.1835422 0.3978525 0.3073775 0.8160247 1 0.3957275 0 0 0.005885739 0.02367664 0.2685572 0.606051 0.3319133 0.1213702 0 0.1036296 0.3734408 0.03082932 0.09106679 0.0700852 0.02654985 0.1706251 0.1258191 0.1090315 0.06795309 0.1956463 0.2495108 0.1848311 0.2039985 0.3831859 0.5445954 0.1772558 0.0412058 0.2755735 0.4112887 0 0 0 0.1329618 0 0 0.1060503 0 0 0 0 0 0.02989493 0.01992996 0 0.009964978 0.009964978 0.01516798 0.07469761 0 0 0 0.01349218 0.006437775 0 0.04448227
0.5959512 -9999 -9999 -9999 -9999 -9999 -9999 -9999 -9999 0 0.874126 0.9585086 0.4757725 0.2864611 0.4159995 0.09047931 0.4149307 0.2661854 0.2787571 0.2714646 0.1514652 0.3234189 0.5334096 0.6754643 0.8307604 0.8507424 0.6452994 0.3108385 0.4776211 0.3133239 0.5147538 0.5732795 0.5762896 0.85295 0.9066696 0.855246 0.8992904 0.2066929 0.7419186 0.6622272 0.5916152 0.4646151 0.7703806 0.6403887 0.08700392 0 0 0 0 0 0 0.02808888 0 0 0.0733193 0 0 0 0 0 0.02989493 0 0 0.009964978 0 0.004761981 0.04488214 0.01992996 0 0.009964978 0.04166153 0 0 0
0.121829 -9999 -9999 -9999 -9999 -9999 -9999 -9999 -9999 -9999 0.03940674 0.6455237 0.57637 0.3101864 0.5886769 0.2145981 0.7902733 0.2976848 0.3375064 0.2900814 0.1451432 0.1653298 0.9676036 0.99625 0.990035 0.9631611 0.3198323 0.08536255 0.4749499 0.9519181 1 0.7733374 0.7942253 0.7161954 1 0.9460086 0.9466793 0.3169969 0.3921039 0.0546165 0.8383867 0.6161219 0.5410469 0.7399126 0.01801698 0.009964978 0 0.05003096 0 0.1594397 0 0.09149086 0 0 0 0 0 0 0.02989493 0 0.009964978 0 0 0 0 0 0.009964978 0.003316874 0.02657806 0 0.1044383 0.1019355 0.01674285 0.1900213
0.2050761 -9999 -9999 -9999 -9999 -9999 -9999 -9999 -9999 0 0.02456046 0.2379083 0.3366537 0.534818 0.216804 0.5479318 0.1777243 0.01788588 0.02285443 0.2894174 0.7882946 0.4180407 0.7951128 0.7433885 1 0.9969065 0.8132134 0.8332856 0.9003502 1 0.9777063 0.3492599 0.5865459 0.8636317 0.4116245 0.09098718 0.04502533 0.4334133 0.1333563 0.009964978 0.2455406 0.5454478 0.03318105 0.1650802 0.02376078 0 0 0.07951376 0.04533664 0.02441821 0 0 0 0 0 0 0 0 0 0.01992996 0 0 0.009964978 0 0 0 0 0.009964978 0 0.01442244 0.05978987 0.2433799 0.02935048 0.009964978
-9999 -9999 -9999 -9999 -9999 -9999 -9999 -9999 -9999 0.2816503 0.2463413 0.07077324 0.06727582 0.2662734 0.2407259 0.2968486 0.338949 0.5755565 0.2003674 0.24185 0.2656753 0.5684815 0.8801743 0.4221778 0.1604972 0.3835887 0.4908117 0.8297638 0.701315 0.521109 0.1229581 0.1621823 0.5848852 0.4931504 0 0 0.1641781 0.4508895 0.2657242 0.009964978 0 0.2044568 0.33592 0.104145 0.05665374 0.04365062 0.07711428 0.002605553 0 0 0.02989493 0 0 0 0 0 0 0.03985991 0 0 0 0 0 0 0 0 0 0.009964978 0 0.005507516 0 0.003931361 0 0
