EnvRasters/BAU_High/dcdsfrs.asc
ncols         270
nrows         223
xllcorner     24099.479091542
yllcorner     21023.840179216
cellsize      1003.8986847201
NODATA_value  -9999
[rows 33 to 65 of 223, columns 74 to 147 of 270]
0 0 0 0.009964978 0 0 0.003399818 0.0007075975 0 0 0.009964978 0 0.05974614 0.002329464 0 0.001791273 0 0 0 0 0.05978987 0.01992996 0 0 0 0 0.000935635 0.03855432 0.0283291 0.01635588 0 0.009964978 0 0 0 0 0 0.01394543 0.009964978 0 0.005328305 0 0 0 0 0.009894949 0.01003501 0 0 0.009964978 0.009964978 0.06528252 0 0 0 0 0.009964978 0.01904615 0 0.1138313 0.04560911 0.01992996 0.01522465 0.04003412 0.03538994 0.009964978 0 0 0.03985991 0.1054335 0.2008379 0.009964978 0.1278567 0.2641244
0 0 0 0 0 0 0.01481659 0.001005952 0.01992996 0 0.009964978 0 0 0.008851035 0.02872315 0.04358174 0 0.01146437 0.01102196 0.05789623 0.06255832 0 0.04309366 0.106381 0.04945055 0.01992996 0.02451113 0.006689395 0.03007148 0.09325888 0 0.02989493 0 0.009964978 0.009964978 0.009964978 0 0 0 0 0.004636673 0.01892889 0.001001071 0.009964978 0 0 0 0.01992996 0.01992996 0.009964978 0.03530947 0.01208525 0.07213827 0 0 0 0 0 0 0 0.02007307 0 0.03985991 0.009964978 0.2200694 0.1725488 0.05508017 0.09071672 0.007189725 0.1721799 0 0.09151955 0.1974139 0.2063652
0.009964978 0 0.01746753 0.0124274 0 0 0 0 0.009964978 0.009964978 0.03985991 0 0.03543283 0.01992996 0.03985991 0.0756485 0.02845316 0.09815039 0.03121874 0.1325806 0.08434062 0 0.06003448 0.03985991 0.0003743457 0 0.004841417 0.03971851 0.1190594 0.004566956 0.01584153 0.0638783 0.009964978 0.01992996 0 0 0 0.00818901 0.03167091 0 0.01546421 0.009964978 0.009964978 0 0 0 0 0 0.009964978 0.05600891 0.01451543 0.01229344 0.08285266 0.001907911 0.01992996 0.04345773 0.006367163 0 0.01992996 0 0.009821084 0 0 0.009964978 0.16308 0.1817103 0.1522487 0.237296 0.142277 0.1273669 0 0.10778 0.147181 0.03721146
0.05880025 0.03985991 0.06058238 0.03510452 0.01992996 0.009964978 0 0 0.01992996 0.02989493 0 0 0.09411189 0 0 0.05356156 0.05991432 0 0.09613967 0.1876036 0.05978987 0.02989493 0.009720366 0.009964978 0.01992996 0.01458014 0.0534927 0.01108975 0.04134278 0.02989493 0 0 0 0 0 0 0.03985991 0 0 0 0.01989831 0.009964978 0 0 0 0 0 0 0.04696136 0.1428564 0.1395097 0 0 0.01802205 0.02989493 0 0 0.009964978 0.00479706 0.05499281 0.01062926 0.01926568 0 0.03985991 0 0.006849275 0.01308068 0 0 0.05838041 0.008899064 0.009964978 0.02989493 0.032952
0.2838597 0.03778094 0.05700337 0.1147265 0.001637615 0.03875288 0.03100197 0 0.009964978 0 0 0 0 0 0.03142275 0.05617536 0.008190567 0.08221266 0.1432201 0.1187626 0.0008059013 0.01992996 0.04011931 0.01987706 0 0 0.2014541 0.1001543 0.01895285 0 0.02601566 0.03985991 0 0 0 0 0.009964978 0.01992996 0.009964978 0.009109952 0.07195358 0 0.009964978 0 0 0 0.009964978 0.001761756 0.03806651 0.01672646 0 0 0 0 0.01357615 0 0.009964978 0.007025769 0.02574858 0 0 0 0.006118463 0.01381149 0 0 0.01745689 0.07222792 0.02414556 0.0158432 0.06953669 0.009964978 0.03985991 0.07258447
0.1095694 0.008004976 0.02747867 0.04982489 0 0.009222282 0.08863649 0 0.009964978 0 0 0 0 0 0.01992996 0.002153533 0.01992996 0.05257797 0.07696675 0.03542414 0.03946244 0.1250386 0.1144405 0.02154659 0.05498971 0.0351607 0.1252199 0.01898897 0.01992996 0 0.09518961 0.04334182 0.02288128 0 0.009964978 0 0 0 0.009964978 0.01992996 0.06294356 0 0 0 0 0 0 0.06740943 0.07863317 0.08060484 0.11187 0.1804243 0.1116156 0.01766089 0.09830768 0.06387527 0.09002341 0.02238411 0.004631411 0.02989493 0.009964978 0 0 0.05978987 0 0.009964978 0.02989493 0 0 0.07182286 0.07813504 0 0.009964978 0
0.003855787 0 0.01434125 0 0 0 0.07131569 0.0002301776 0 0 0 0.05301377 0.03985991 0.01810028 0.03455957 0.06984536 0.01949104 0.003013319 0.03684659 0.06692208 0.09094878 0.1708412 0.1042489 0.09971593 0.06557926 0.05978987 0.009964978 0.01992996 0.008703738 0.006587167 0.07503888 0.009964978 0 0.04349952 0.06611524 0 0 0.006309523 0.01992996 0.05978987 0 0.009964978 0.009964978 0 0.01992996 0 0 0.1616699 0.1208745 0.006824772 0.08267225 0.06444561 0.004971865 0.02989493 0.04422039 0.01103178 0.09139767 0 0 0 0 0.009964978 0 0.009482219 0.009964978 0 0.01992996 0.009964978 0.09478997 0.3398223 0.4845908 0.03846126 0 0.03027637
0 0.01992996 0.005629518 0 0 0.009964978 0.07971983 0.01992996 0 0 0.003429821 0.08306611 0.01992996 0.05378889 0.1025231 0.2078373 0.04719052 0 0 0.1928169 0.223996 0.1491145 0.09918349 0.01551317 0.04065058 0.01913929 0.09377883 0.03576589 0.01997638 0.03682042 0.04108605 0.009964978 0.01992996 0.007396914 0 0 0.07481286 0.02174276 0 0 0 0 0 0 0 0 0 0.09737407 0.02636999 0 0.1930849 0.04309053 0.009964978 0 0.01463774 0.03979894 0.01232031 0.009964978 0 0.06055064 0.3720058 0.02670698 0.06995026 0.03242558 0 0 0.009964978 0.2047882 0.09591346 0.1044305 0.1472771 0.02487487 0.06432797 0.1040273
0 0 0.0342304 0 0 0 0.004608959 0 0 0 0.1430257 0 0.08968481 0.06975485 0.06233906 0.01992996 0 0.09132702 0.1195797 0.2411281 0.04012096 0.02989493 0.01992996 0.02097077 0.1740827 0.01421382 0.009964978 0.02499465 0.02285219 0.05978987 0.05002746 0.02989493 0.04806271 0.0242602 0.1484943 0 0.01328774 0.003426859 0 0 0 0 0.009964978 0 0 0 0.04386808 0.06594364 0 0 0.09964979 0.06860778 0 0 0.02203836 0.08867437 0.03230407 0 0 0.04243426 0.2237298 0.1314306 0.1817841 0.09694648 0 0.009964978 0.08487982 0.09969419 0.2190859 0.01803849 0.03212693 0.05977531 0.005441441 0.006051454
0 0 0 0.009964978 0.01976775 0.0001622049 0.05518091 0.0640549 0 0 0.00644903 0 0 0 0 0 0.009964978 0.008322763 0 0 0.009964978 0 0 0 0.02989224 0.02610656 0.0131779 0.03834871 0.03459901 0.01992996 0.2220729 0.09794734 0.09009323 0.01011316 0.1607504 0.06081328 0 0 0 0.009964978 0 0 0 0 0.009436413 0.05750961 0.02588677 0.07584178 0.01992996 0.01345442 0.143816 0.1489461 0 0.02202777 0.162977 0.0544874 0.009964978 0.01192619 0.1873734 0.009235848 0.08619207 0.230393 0.09088371 0 0 0 0.01070788 0.03391261 0.04982489 0.04183166 0.1395097 0.1497464 0.02962324 0.03985991
0 0 0.01992996 0.009964978 0 0 0.0007587373 0.01490619 0 0 0.009964978 0 0 0 0.03985991 0.009964978 0 0.01185619 0 0.009964978 0.006181852 0.00489362 0 0.03366812 0.0560602 0.1195797 0.0005754513 0.009964978 0.02989493 0.08968481 0.1043171 0.1302317 0.08288995 0.05429203 0.01808941 0 0 0 0 0.03985991 0.01722161 0.06456022 0.459249 0.4216701 0.09119996 0.3024934 0.1745803 0 0.01992996 0 0.02618019 0.04101822 0.009964978 0.009933335 0 0.009964978 0.009964978 0 0 0.03985991 0 0.05249011 0.1268795 0.009964978 0 0.05788651 0.001189923 0.1170078 0 0.02167873 0.02989493 0.009964978 0.01184571 0.1487107
0.04808081 0.01170906 0 0.009964978 0.009964978 0.0004091109 0.005488231 0.01888495 0 0 0 0.009964978 0 0 0 0.009964978 0 0.02240531 0.01556339 0.01135612 0.01003743 0 0 0 0.009921473 0 0.009964978 0.02989493 0 0.05781736 0.03186745 0.009964978 0.0686693 0.05176032 0.0631244 0.06044098 0.07984035 0.009964978 0.009964978 0.03189425 0.232526 0.4743749 0.1690333 0.3469344 0.4782821 0.5222915 0.2727355 0.01992996 0 0 0.0236447 0 0.02989493 0.02831328 0.00913718 0.02510518 0.04818216 0 0 0.009964978 0.007461615 0.04019026 0.02013019 0.06176265 0.009454118 0.0007134331 0.008370044 0.1226632 0.008517251 0 0 0 0.03985991 0.07247624
0.01992996 0.01992996 0 0.009964978 0.01992996 0.01040064 0.004676978 0 0 0 0 0 0 0 0 0.003914062 0.006050916 0.01992996 0.009964978 0.02387838 0.0246692 0.03441626 0.01032135 0.003790509 0 0 0.03906565 0 0.02989493 0.1676143 0.06158021 0.02989493 0.03781025 0.05171228 0.1400047 0.06995621 0.3394179 0.2116918 0.09788709 0.3187872 0.3758766 0.1592257 0.04426979 0.1909183 0.1118547 0.1320015 0.03877153 0.02813554 0 0.01992996 0.1096148 0 0.009964978 0 0 0.004985087 0.02137736 0.04982489 0.009964978 0 0 0.06781606 0.04179871 0.009964978 0.02927588 0.001129912 0.01043932 0.01057402 0.001447727 0 0 0 0.009964978 0.02164308
0 0.009964978 0 0 0 0.005153388 0.009964978 0 0 0 0 0.01992996 0.01992996 0 0.009964978 0.02989493 0.002238692 0.009964978 0.03985991 0.02537362 0.004521321 0 0 0.009964978 0 0 0.0007942623 0.009964978 0.02989493 0.008434876 0.02146006 0.009964978 0.02197962 0 0.009964978 0.009964978 0 0.1370029 0.2933896 0.4651365 0.4504012 0.3522783 0 0.04264243 0.01034738 0.03163571 0.07077947 0.1917464 0.07572 0.01855219 0.001791539 0 0.05978987 0.06475723 0.07971983 0 0.009964978 0.01134264 0.05978987 0 0 0 0 0.03985991 0 0 0.08738912 0.1800746 0 0.01992996 0 0 0.009964978 0.03985991
0.06656943 0.08590856 0.04571033 0 0 0.00481159 0 0 0 0.01992996 0.01381154 0 0 0.00298777 0 0 0.06701011 0.020436 0 0.009964978 0.03100897 0.009964978 0.009964978 0 0.009964978 0 0.01992996 0.04982489 0 0.01873817 0.01115677 0.009964978 0 0 0.0003388955 0.007044701 0.05978987 0.1393017 0.2443362 0.4148778 0.07767271 0.09964979 0.1809091 0.003762225 0 0.07170957 0.0963309 0.1037099 0.2547074 0.339042 0.03175887 0 0 0.0149626 0 0 0.009964978 0.0101155 0.05978987 0 0.09200525 0 0.0399828 7.083256e-005 0.0393806 0.1170604 0.1813529 0.0697296 0 0.02989493 0.001372673 0.01019123 0.01833103 0.0415424
0.04394775 0.09299333 0.0340095 0 0 0 0 0 0.02989493 0.009964978 0.02271596 0.01329739 0 0.02690717 0 0.01484193 0.01024328 0.0147747 0.009964978 0 0.03502334 0.03361747 0 0.009964978 0 0.03985991 0 0 0 0 0 0.1192308 0.0003489193 0.03985991 0.01008605 0.01242529 0.08084049 0.04199726 0.2299837 0.02502689 0.2312416 0.009964978 0.001355132 0.003308176 0.03480063 0.03150877 0.09803595 0.01834503 0.06685215 0.2813353 0.01665816 0.01992996 0.2549021 0 0.009964978 0.05159696 0.321887 0.0326471 0.0996652 0.07426823 0.1762505 0.001488425 0.03795147 0.05153963 0 0.2310197 0.2399657 0 0.009964978 0.009964978 0.06144881 0.01021726 0.008053762 0.03055016
0 0 0.02989493 0.01992996 0 0 0 0 0.009964978 0.01992996 0.08621673 0.05240951 0 0.009964978 0.009964978 0.05111824 0.02648213 0.01655412 0.009964978 0.009964978 0.02323058 0.006664351 0 0.05978987 0 0 0 0 0 0 0 0.009964978 0.009964978 0.0177277 0.02764063 0.009964978 0 0.008272554 0.2541133 0.01992996 0.09575596 0 0 0.08682029 0.1972584 0.02779662 0.0314901 0.07133977 0.02818766 0.03885529 0 0.1246889 0.2929878 0.06752389 0.152729 0.2060418 0.1552549 0.05813719 0.04380451 0.02142155 0.009275189 0 0.01992996 0.158416 0.1404596 0.05986368 0.009964978 0.009964978 0 0 0.02989493 0.0278726 0.05978987 0.03729108
0 0 0.009964978 0.06975485 0 0 0 0 0 0.02989493 0.100384 0.01011422 0 0.04982489 0 0.1141844 0.06212287 0.01319825 0 0 0 0.01992996 0 0 0.02425298 0.02557191 0.009865047 0.009964978 0 0 0.009964978 0 0.0004238406 0.0117434 0.1081995 0.1518014 0.07751874 0.1352203 0.3545216 0.05141685 0.0138588 0.02175773 0 0.09507371 0.009964978 0.1247952 0.04431196 0 0 0.02989493 0 0.07661542 0.07342105 0.02338456 0.06424511 0.1416183 0.001901681 0.01992996 0.009964978 0.01223292 0.03075565 0.01992996 0 0.009966937 0.03014234 0.06950549 0 0.02989493 0 0.009964978 0.03168637 0.01828904 0.09964979 0.1002662
0 0.02127501 0.0185849 0 0.009964978 0 0 0 0.009964978 0 0.02989493 0.01598363 0.1011258 0.1402615 0.06001613 0.004663678 0.08428755 0.003253499 0.006440535 0.003524444 0.009964978 0.009964978 0 0 0.009964978 0.2838444 0.1450301 0 0.009964978 0.009964978 0.1071135 0.03729604 0.01949815 0.009964978 0.1496716 0.4464578 0.2877124 0.02312675 0.3624898 0.1527785 0 0.01810218 0.1893346 0.05075385 0.2205548 0.142232 0.01014153 0 0.02989493 0 0.01339646 0.01992996 0.02989493 0.07971983 0.01256369 0.1229809 0.09391372 0.04157381 0.01727122 0.1389665 0.1388492 0.0007337267 0.05031566 0.04995132 0 0.009964978 0.04982489 0.009964978 0.01067325 0.03672401 0.0327486 0.03887806 0.02989493 0.03480964
0.06652303 0 0.009964978 0 0 0 0 0 0 0.02989493 0.01992996 0.04181993 0.04424899 0.02550158 0.02476784 0.005761771 0.02420562 0.03623934 0.02041645 0.003134083 0 0.02989493 0.0008517194 0.01992996 0.0605044 0.3874859 0.1502615 0 0.01992996 0.06975371 0.07269698 0.08227574 0.05978987 0.1018053 0.149012 0.3587971 0.2262195 0.04584428 0.2973696 0.009964978 0.009964978 0.1191249 0.171507 0.2137288 0.3818617 0.04781105 0.03523133 0.07971983 0 0 0.02646345 0.05306859 0 0 0.007366267 0.2032011 0.1394425 0.07800593 0.009964978 0.07896804 0.01071677 4.334766e-008 0.0306397 0.1592989 0.03960707 0.2092645 0.01123938 0.008690577 0.001070683 0.1001267 0.006393013 0.009964978 0.01992996 0.05322958
0.02316178 0.01992996 0.009964978 0.01202376 0.03254333 0.007316584 0 0.01992996 0 0.004352197 0.05543767 0.04372481 0 0.009964978 0.02989493 0.002745857 0.00739567 0.03985991 0 0.04982489 0.02899633 0.0135447 0.06806667 0.2516027 0.158841 0.2700028 0.0117792 0.009964978 0.04953732 0.03800145 0 0.01717204 0.001178539 0.07449938 0 0 0.002525966 0.0271262 0.03903058 0.09558906 0.02989493 0.1856075 0.2630848 0.3471251 0.4034526 0.1048719 0.03985991 0 0.0241049 0 0.1368797 0.006721286 0 0 0.0178387 0.1255913 0.1367527 0.03644761 0 0 0 0.01106902 0.1584545 0.1694511 0.1795927 0.1189513 0.09007054 0.05927252 0.04682593 0.03564423 0.05515769 0.06302831 0.01449055 0.04982489
0.009964978 0.01653075 0.01226496 0.05408971 0.04589725 0.03679514 0.01992996 0.08231597 0.01651033 0 0.04982489 0.0364462 0.05933869 0.04982489 0.05303356 0.03711406 0.02649051 0.04026834 0.02015621 0.04443303 0.08978328 0.01987229 0.02741832 0.2027408 0.0736457 0.03123117 0 0.03947726 0.05105041 0.07978927 0.009735988 0.07036296 0 0.05171132 0 0.009964978 0 0.03422811 0.003264739 0.03069093 0 0.08296019 0.07255755 0.08848744 0.07031801 0 0.005803449 0.04402144 0.06862131 0.03089274 0.1431419 0.03225532 0.003258476 0 0 0.06583452 0.09964979 0.02609927 0 0 0 0.02141317 0.07901157 0.01976272 0.03242732 0.2765056 0.03240179 0.01890471 0.03095083 0.05253275 0.05502446 0.1034603 0.09188577 0.05395826
0.01366682 0.141718 0.08664884 0.01687933 0.04127939 0.05978987 0.03985991 0.07362524 0.01688304 0.05519643 0.04370437 0.03182525 0.03759924 0.03265858 0.03665125 0.02279469 0.009964978 0.01432832 0.05478374 0.04050604 0.04054799 0.07854103 0.009964978 0 0.1211166 0.06001768 0.01004623 0.05030368 0.02971755 0.01081606 0.05226064 0.07966287 0.02989493 0 0 0.03273558 0.08968481 0.005631806 0.01992996 0 0 0.008385911 0.005500994 0 0.02479929 0.1190952 0.03985991 0 0 0.02585574 0.01992996 0.006602406 0.01667148 0 0.009964978 0 0.00900286 0.002887747 0 0.01992996 0 0.0689762 0.1208204 0.1693653 0.08029881 0.09219487 0.08991104 0.08554853 0.02893189 0.02747439 0.02848386 0.07335763 0.02629215 0.07498314
0.006263142 0.07057235 0.152884 0.01992996 0.1992996 0 0.009964978 0.03985991 0.039422 0.1446223 0.1349273 0.0172723 0.02955661 0.05654957 0.03282322 0.1002776 0.1096148 0 0.06344166 0.0421352 0 0 0.009964978 0 0.07765557 0.05942345 0.02989493 0.009964978 0.009964978 0 0.02898056 0.02989493 0 0 0 0.01708931 0.02989493 0.009964978 0.01992996 0.01608141 0.4216925 0.3778103 0 0 0.04135152 0.04938245 0.02392738 0 0 0.009964978 0.009964978 0 0.006572545 0.03985991 0 0 0.09062255 0.06105278 0.02171985 0.02024516 0.03014721 0.01038064 0.07154416 0.1283053 0.05319788 0.1204512 0.08629993 0.009230532 0.02381702 0.04814456 0.01295805 0.009964978 0 0.01935551
0 0 0.01992996 0 0 0.02364247 0.05408748 0.03789719 0.009964978 0.08870585 0.2016161 0.0442901 0.01994259 0.05772005 0.07329895 0.003087713 0.04253124 0.01992996 0.03886266 0.02821024 0.1046579 0.06643149 0.01231487 0.009964978 0 0.009964978 0 0.03139477 0.04832506 0.0796548 0.07738359 0.02989493 0 0 0 0.009964978 0 0 0 0.2352308 0.3750011 0.334749 0.005314816 0.01461514 0.00605359 0.01387637 0 0.009964978 0.009964978 0 0.03985991 0 0.02332239 0.2195597 0.01143922 0 0.0170435 0.1281084 0.1893694 0.09026024 0.0600942 0.08869532 0.0288395 0.03914279 0.1019176 0.08734213 0.0623915 0.1071897 0.06975485 0.02110681 0.009964978 0.009964978 0.02989493 0
0 0.009964978 0 0.009964978 0.009964978 0.01006345 0.03206411 0.007395476 0 0.05080384 0.1075351 0.05277799 0.03996944 0.06854214 0 0.01684224 0.01725863 0.009964978 0.1423023 0.2065031 0.06079862 0.04438357 0.2126723 0.01088707 0.009964978 0.0008812989 0.05999663 0.1295539 0.009585869 0.124241 0.04441386 0.09375025 0.02989493 0.01274905 0.01714589 0 0.003749097 0.01618086 0.04982489 0.02996739 0 0.009964978 0 0.01787237 0.03740057 0 0.01508497 0.2336434 0.05201992 0.02769991 0 0.1134552 0.2760475 0.06606351 0.05171186 0.02486653 0.04982489 0.02989493 0.03897396 0.03376003 0.03248934 0.09306631 0.1568293 0.08841359 0.03441276 0.1176603 0.3430437 0.05150192 0.05978987 0.05860177 0.01422632 0.04385497 0.05795117 0.02507826
0.009964978 0.009964978 0 0.1336324 0.04832789 0.07722763 0.01992996 0.02989493 0.1096148 0 0.01673554 0.2462384 0.06384121 0.006354787 0.009964978 0.009964978 0.03076409 0.03189406 0.1063141 0.2271434 0.236178 0.04880797 0.05590445 0.01900786 0 0.01904866 0.110322 0.01900671 0.01202291 0.06750913 0.009964978 0.03864241 0.03729479 0.009964978 0 0 0.009964978 0.009964978 0 0.0430236 0 0.02989493 0 0.01992996 0.03441187 0.009964978 0.02582063 0.03436536 0.02989493 0.04816838 0.008243887 0.3108803 0.3078009 0.01992996 0.009964978 0.02495836 0.009964978 0.009964978 0.02048471 0.1068268 0.244156 0 0.07273516 0.03178277 0.03759874 0.03011113 0.1513464 0.1389666 0.1071526 0.001188096 0.1131365 0.06794172 0.1514267 0.06761503
0 0 0.002620675 0.02680619 0.1052227 0.04757934 0.03518186 0.01006111 0.004581918 0.05589468 0.04939446 0.04410185 0.006982766 0.02553586 0.1275762 0.02774763 0.02207164 0.01251535 0.09305012 0.2038471 0.03152072 0.1379106 0.04284746 0 0 0.009964978 0.02989493 0.01992996 0.0317299 0.1282767 0.009210292 0.03546328 0.05691115 0 0.0360344 0.04568709 0 0 0 0.01057331 0.07911149 0.003695871 0.002469605 0.05263362 0.05698114 0.01992996 0.01992996 0.1220181 0.01571388 0.3213484 0.009964978 0 0.02989493 0.1181703 0.4268999 0.0003402713 0 0.05054638 0.009446452 0.07222192 0.03860785 0.009964978 0.3136318 0.3192 0.01727842 0.04296396 0.04672084 0.1731117 0.3397416 0.2518019 0.2208563 0.3665579 0.02566799 0.2667392
0.003513014 0.0363469 0.1191262 0.1178343 0.02311467 0.1053434 0.3615615 0.1477885 0.06475486 0 0.09626711 0.1225027 0.006182719 0.02985317 0.1588263 0.02989493 0.007102319 0.007414607 0.01753573 0.01941634 0.1499883 0.07657089 0.130141 0.03185254 0.009964978 0.009964978 0.01014154 0.02989493 0 0 0.01071966 0.05374136 0.06911925 0.02855414 0.05003357 0.004137804 0.1189086 0.1247883 0.04528743 0 0 0.00227751 0.001521993 0.009964978 0.1963771 0.03281741 0.1370918 0.06751668 0.08429229 0.05087363 0 0 0.009964978 0 0.08238318 0.009964978 0.009964978 0.009964978 0.184454 0.2802771 0.04457241 0.1628667 0.02634147 0.2258391 0.05458292 0.09990206 0.2644381 0.0005487348 0.06933796 0.1232767 0.1622596 0.2877199 0.009964978 0.2233718
0 0.02686716 0.03020588 0.02989493 0.1195797 0.4783162 0.3348129 0.1653952 0.02893933 0.06648424 0.04313053 0 0.04254379 0.03717604 0.04426566 0.008801016 0.1594397 0.06724685 0.02243796 0.04946742 0.1000073 0.02015512 0.1669356 0.1068324 0.01125926 0.01863567 0.02971837 0.009964978 0 0 0.009964978 0.02029684 0.0007837813 0.04543417 0.1319668 0.01992996 0.01545738 0.01992996 0.04705511 0.04896564 0.05068415 0 0 0.07278638 0.03283547 0.05978987 0 0 0 0 0 0.009964978 0 0.009964978 0 0 0.02989493 0.001163893 0.1451534 0.179912 0.08114036 0.4389191 0.2089624 0.1334368 0.1395097 0.09964979 0.152717 0.02776105 0.1530208 0.176612 0.1600012 0.1389481 0.01992996 0.1793696
0 0.01299276 0.009964978 0.01146167 0.02569328 0.06410008 0.081669 0.02052308 0.01992996 0.006954604 0.01297535 0.01745016 0.1162155 0.05025633 0.07454489 0.1602753 0.04230681 0.1594879 0.06987562 0.03985991 0 0.04266158 0.04861987 0.00250853 0.02861871 0 0 0 0 0.02989493 0.009964978 0.05978987 0.02767402 0.1210149 0.0681275 0.04410683 0.3549695 0.03764908 0.01734511 0.1004298 0 0.03985991 0 0.09548949 0 0.02989493 0.05978987 0 0 0 0.009964978 0 0.0099976 0.009932358 0 0 0.02255993 0.01729998 0.1371794 0.07450674 0.1681462 0.2318754 0.04668824 0.08423492 0 0 0.09822084 0.09014002 0 0 0.009964978 0.1298631 0.06803813 0.01806316
0 0.0337038 0.04982489 0.03347484 0.009964978 0 0 0.1446451 0.001745955 0 0 0.01763233 0.04800154 0.03768745 0.1364607 0.04619905 0.01024494 0.1855943 0.1530364 0 0.0004673391 0.10935 0.009964978 0.02988932 0.000914398 0.009964978 0 0.01992996 0 0.009552149 0 0.02815843 0.009964978 0.117846 0.0193378 0.04024231 0.5818731 0.1188139 0.009964978 0.2087817 0.02364539 0.0564103 0.078375 0.08787303 0.01992996 0.26984 0.1099319 0.00502396 0 0.02772884 0.03912106 0.06138352 0.009964978 0.04420452 0.0188657 0 0 0 0.01588236 0.04321965 0 0.1061976 0.01666514 0 0.06031167 0.1286922 0.2604834 0.03518293 0.1041598 0 0.02888131 0.04987132 0.1123305 0.03901098
0.007362748 0.1276796 0.03484547 0.02989493 0.1295447 0.01203306 0.02374125 0.1504044 0.03972181 0.04186732 0 0.02440403 0.07971983 0.05978987 0 0.006194321 0.01055714 0.01277351 0.1495511 0.04019026 0.06092587 0.1162473 0.009964978 0.01870327 0.03007148 0.01066556 0.009964978 0.06985688 0.04982489 0.1931619 0.03644544 0.1985836 0.1175718 0.03119258 0.04994939 0.02794106 0.3054675 0.02272904 0.05617854 0.03353152 0.01685716 0.04631228 0.04120474 0.04589319 0.009964978 0.1033468 0.1547521 0.08161274 0 0.07536074 0.0117619 0.04823124 0 0.02661459 0 0 0 0.08602211 0.211533 0.2856247 0.04982489 0.00278183 0.07476975 0.009964978 0.01940816 0.1072908 0.2513165 0.2056155 0.3517067 0 0.02094358 0.001351938 0 0.03985991
