EnvRasters/BAU_High/dcdsfrs.asc
ncols         270
nrows         223
xllcorner     24099.479091542
yllcorner     21023.840179216
cellsize      1003.8986847201
NODATA_value  -9999
[rows 99 to 131 of 223, columns 148 to 221 of 270]
0 0 0 0.6222386 0.4900461 0 0 0 0 0 0 0 0.01634582 0.01211107 0 0.1649877 0.04715006 0.02681321 0.01518302 0 0 0 0 0 0 0 0 0 0 0 0 0 0.008991527 0.01811318 0.01679089 0.033034 0 0 0 0 0 0 0 0 0 0.01992996 0 0 0.04982489 0.1173605 0.2720216 0.01992996 0 0 0 0 0 0 0 0 0 0.003541973 0.09330762 0.335895 0.09466015 0 0 0.01992996 0 0 0.0008196535 0.0002240083 0.009391936 0.001645427
0 0 0 0.003701023 0.001787355 0 0.2667714 0 0 0.009964978 0 0.08968443 0.1334161 0.1171468 0 0.04427683 0 0 0 0 0 0 0 0 0 0 0 0 0 0 0 0 0 0 0.03397214 0.1650521 0.01283724 0 0 0.1494747 0 0 0 0 0 0 0 0 0 0 0.02016261 0.02604426 0.01508501 0.01760921 0.03706063 0 0 0 0.02598052 0 0 0.1422073 0.1956185 0.05422562 0 0 0.006729507 0.228836 0.1308912 0.1195797 0.01504795 0.07302149 0.05967119 0.001459862
0 0 0 0 0 0 0.6074882 0.1177835 0 0 0.009964978 0 0.006473694 0 0.009964978 0 0 0 0 0 0.01435675 0 0 0 0 0 0 0 0 0.001945505 0 0 0 0 0.01451062 0.2849328 0.05746065 0 0 0 0 0 0 0 0 0 0 0.02989493 0.02376668 0.009964978 0.003618026 0.002424848 0.04740005 0 0.005286238 0.1096289 0.09964979 0 0.4093797 0.05320901 0 0.01992996 0.01992996 0.02605877 0.03549435 0.007712056 0.02776781 0.09922027 0.1309317 0 0.02228107 0.05420887 0.02366909 0.009964978
0 0 0.01992996 0 0 0 0.05753556 0.06649893 0 0 0.009964978 0.01044198 0.03290922 0 0.009964978 0 0 0 0 0 0.00557321 0 0 0 0 0 0 0.04523217 0.06912117 0.0837292 0.07565279 0.06975485 0 0.1385536 0.02622765 0.02783296 0.1731412 0 0 0 0 0 0.07971983 0.008391614 0.1803491 0.02676956 0.01992996 0.09393201 0.08329492 0.0282009 0.002406786 0.02748815 0.1356537 0.09827757 0.2237566 0.6717467 0.1428259 0.06764077 0.5031406 0.02430753 0 0 0.003342944 0.02989493 0.1209 0.05268647 0.1749075 0.04137121 0.1419128 0.0599901 0.2101066 0.04741215 0.01237772 0.03985991
0.009964978 0 0 0.01650919 0.0333157 0 0 0 0 0 0.01042392 0.00950604 0.01992996 0 0 0 0 0 0 0 0 0 0 0 0 0 0 0.009964978 0.2268586 0.0881815 0.0553993 0 0.06975485 0.2501743 0.2412159 0.04036285 0 0 0 0.08748067 0 0.01765781 0.03864426 0.001573365 0.02581962 0.1827596 0.008949705 0 0 0 0.02641619 0.03199456 0.09024141 0.3187419 0.195762 0.4115102 0.03217611 0.4042675 0.03616771 0.004967435 0 0 0.04342584 0.01992996 0.02989493 0.01992996 0 0.02782259 0.3389706 0.0570579 0.07377566 0.1338897 0.05978987 0.1195797
0 0 0 0 0 0 0.009964978 0 0.0001625742 0.04706502 0 0.1395097 0.01243848 0.07724633 0 0 0.009964978 0 0 0 0 0 0.05149019 0.06808955 0 0 0 0 0.00756228 0.007796497 0.07592937 0 0 0.07090443 0.06194832 0.02939199 0.08174372 0.1085532 0.0009169181 0.2214337 0.09964979 0.02223428 0.001183473 0.03135878 0.2854636 0.2749578 0 0 0.1088121 0.1957259 0.1885605 0.1106899 0.3526191 0 0.2487793 0.06865053 0.4661123 0.7755547 0.7210462 0.4746962 0.03265537 0.469467 0.3210528 0.02318359 0.007239889 0.0307504 0 0 0.04496484 0.05086604 0.2497743 0.1152348 0.0793773 0.02079359
0 0 0 0 0 0.04982489 0 0 0 0.08231713 0 0 0 0 0 0.002527077 0.007437901 0.009964978 0 0 0.009964978 0 0 0 0 0 0 0 0 0 0 0 0.01992996 0.314652 0 0.02568469 0.4595023 0.03110473 7.964908e-006 0.009964978 0 0.009964978 0 0 0 0 0.03985991 0.07410339 0.3041442 0.2965805 0.09024143 0.08552344 0.1225342 0 0.03865932 0.1674489 0.09029163 0.763002 0.6688892 0.2169686 0.1820962 0.2688181 0.4695562 0.03343286 0.009964978 0.3042437 0.04268358 0.05908753 0.02150223 0.04509054 0.3188116 0.001348813 0.04982489 0.009443875
0.09148807 0.09522752 0.04096633 0 0 0 0 0 0 0 0 0 0 0 0 0 0.005586799 0 0.01992996 0.09947913 0 0.108396 0.08617567 0 0 0.1758679 0 0 0 0 0 0.009964978 0 0 0 0.01992996 0 0 0 0 0 0.009964978 0 0 0 0.001604304 0.01060113 0.127689 0.07871237 0.1650162 0.04679638 0 0 0.1194293 0 0.01209772 0.1575328 0.2844917 0.03391282 0.02796231 0.3993407 0.1276665 0.1233886 0.1050239 0.1874603 0.06863093 0.04743567 0.3270855 0.01277683 0.03708986 0.03802115 0.009203007 0.1295447 0.01992996
0.4266997 0.051631 0.05295607 0.009964978 0 0 0 0 0 0 0.02989493 0 0 0.1675263 0.007448001 0 0.02430814 0 0.05761871 0.1817114 0.1329786 0.7671775 0.09036326 0 0.05978987 0.0234317 0 0 0 0 0 0 0 0 0 0.01992996 0.03985991 0 0 0 0 0.009964978 0 0 0 0.09651364 0.2440442 0.06546237 0.0008479251 0.1357893 0.06950983 0 0 0.414762 0.03147819 0.03274175 0.1724709 0.1346538 0.1936632 0.1517113 0.08319373 0.079082 0.1545583 0.1380789 0 0 0.09377101 0.02131772 0.1411445 0.2980561 0.07005918 0.0003005762 0 0.009964978
0.4504891 0 0.0274053 0.1058237 0 0 0 0 0.01992996 0.009964978 0 0 0 0.05422018 0 0 0.01992996 0.06975485 0 0 0.1779012 0.2214393 0 0 0 0 0 0 0 0 0 0 0 0 0.001073394 0 0 0 0 0 0 0.08968481 0.01992996 0 0.06081034 0.1483343 0.02937564 0.03392942 0 0 0 0 0 0.003917608 0.01997077 0.2026191 0.2175707 0.1270238 0.1352001 0.151388 0.05543411 0.02494021 0.1886633 0 0 0.1619591 0.3925924 0.1022092 0.0307962 0.008055435 0.00999154 0.03130386 0.01992996 0.009964978
0.008933668 0.03973226 0.119944 0.08563624 0.009964978 0 0 0.008042226 0 0 0 0 0 0 0.009964978 0 0 0 0.009964978 0.09921495 0.03732409 0.05494939 0 0.007678675 0 0 0 0.02989493 0 0 0.1738372 0.4986705 0.2325483 0.0984984 0.1344653 0.09385259 0.009964978 0.06014017 0.02954464 0.009783597 0.07855032 0 0 0.009964978 0.1186124 0.166306 0.2661649 0 0 0.03985991 0 0 0.009964978 0.009964978 0.2283669 0.009168522 0.04805823 0.2411794 0.08968481 0.2931752 0.2808689 0.04955938 0.1560704 0.1460162 0.002263321 0 0.0144826 0.03233974 0.01204545 0 0.0001673197 0.03017711 0.1198779 0
0.1877657 0.04258779 0 0.009964978 0 0 0 0.001922753 0.07325808 0 0 0 0.01992996 0.01321063 0.006719327 0.2678038 0.08679186 0.01878774 0.03410169 0.4494335 0.2989926 0.1221314 0 0.1554551 0.5303539 0.003482392 0 0 0.02989493 0.2660094 0.6389496 0.2019974 0.00947652 0.05260456 0.3362351 0.5573967 0.4441192 0.01935592 0.07998407 0.2993258 0.01955298 0.08968481 0.04982489 0 0 0.001794874 0.0195839 0.006745622 0 0.003021328 0.04556814 0 0.01493222 0.07262505 0.2990303 0.01565718 0 0.05448375 0 0.5877464 0.08641303 0.1535794 0.02359228 0.07715161 0.08225783 0.04858398 0.03116888 0.03741511 0.007884507 0 0.009964978 0.07260334 0.01774684 0.02186761
0 0 0 0 0 0.009964978 0 0 0.1797811 0.08373203 0.009964978 0 0.04982489 0 0.0110403 0.3894522 0.3132404 0.006870489 0.2777342 0.167432 0.02559216 0.01426775 0 0.01393621 0.563747 0.09210719 0 0 0.009964978 0.02583762 0.05270702 0 0.1494747 0.1056476 0.1237994 0.3922385 0.1842438 0.003560811 0.1067443 0.04990811 0.009917481 0.01111574 0.2278745 0 0 0.1622821 0.1801344 0.1102679 0 0.01290775 0.4509299 0.2104908 0.009676846 0.201273 0.2830409 0.04420939 0.2028408 0.05999509 0 0.009964978 0.06975485 0.02579021 0.05996642 0.1004292 0.1393268 0.1499083 0.0488813 0.02040688 0 0 0.08641938 0.05543457 0.003088441 0.2050521
0.009964978 0.009964978 0 0 0 0 0 0.008129461 0.1380153 0.398612 0.08963194 0 0.226266 0 0 0 0.03205579 0.06935827 0.6673334 0.3291987 0.009964978 0 0 0.02592371 0.04938652 0.002851252 0.01992996 0 0 0.02249027 0.0123171 0.07473698 0.06587562 0.1389646 0.2255074 0.3058977 0.1584793 0.02826758 0.1694046 0.003141031 0.5248733 0.3161236 0.2067819 0.08835655 0.03122319 0.003534157 0 0.08506065 0.02017033 0.03274201 0.4103045 0.189139 0.3358579 0.006089757 0.1458658 0.1880776 0 0.009964978 0 0.1007734 0.2340807 0.04381507 0.02605607 0.1135199 0.04604846 0 0.05551356 0.02510772 0.009669139 0.01342119 0.07491182 0 0 0.1260042
0 0 0 0 0 0 0 0.02380974 0.3210824 0.3906424 0.06489223 0 0.01289351 0 0 0 0.2043715 0.7715487 0.6572576 0.1880443 0.0380942 0 0 0.04695558 0.002869314 0 0 0.1347062 0.03656575 0.04985666 0.0201147 0.0892627 0.03500447 0.02144368 0 0 0 0.06975485 0.02303487 0.1283877 0.2219208 0.07802978 0.002936893 0.03765653 0 0.08309201 0.02989493 0.1265062 0.3085422 0 0 0.001833567 0.001539612 0.1481834 0.103391 0.1610593 0.02315592 0.4386899 0.01031308 0.007956326 0.08172848 0 0.05378264 0.1521354 0.04877226 0.2205515 0.1940028 0.07786836 0.1925601 0.1948013 0.0985575 0.02318714 0.01992996 0.02989493
0.2095815 0.1993016 0 0.05867274 0 0 0 0 0 0.01214443 0 0 0 0 0 0 0.03448673 0.1028128 0.3847548 0.2828988 0.03491629 0 0 0 0 0 0 0.02982053 0.06226454 0.5757509 0.3001432 0.265916 0.0009952474 0.02838121 0.009964978 0 0 0 0.03985991 0 0.02950328 0.2436454 0.2292776 0.08880007 0.1362325 0.04285309 0.009964978 0 0.01373759 0.180139 0 0.173588 0.3421051 0.023569 0.4888515 0.1634864 0.2107205 0.00938603 0 0.02217746 0.3315931 0.1471171 0.04822474 0.1387725 0 0 0 0.007308434 0.06975485 0.001242806 0.06666224 0.03660273 0.176232 0.1492137
0.02983027 0.1091783 0 0.2432057 0.2496811 0.4240824 0.6561888 0.2219971 0 0 0 0 0 0 0 0.1356394 0.09094125 0.07300013 0.0262364 0.1254148 0.223536 0.01992996 0.05856968 0.1207999 0.009964978 0.0507693 0 0 0.009964978 0 0.1085064 0.1086686 0.02123015 0.2278943 0 0 0 0 0.06975485 0 0.1179341 0.3042952 0.3267857 0.1474127 0.02792821 0.05138162 0.01027121 0.01663898 0.04063794 0.03897208 0 0.225074 0.01057497 0.09920827 0.05680047 0.1070129 0.07251187 0 0.1097128 0.3501872 0.4464918 0.1379849 0.1039447 0.1143887 0.4030107 0.189401 0.3660608 0.1574352 0 0.02989493 0 0.04346156 0.2212829 0.07570241
0 0.1295422 0.2981512 0 0 0.03582375 0.2500553 0.01744748 0 0 0 0 0 0 0 0.1045765 0.2647665 0.1435097 0.3486706 0.004767074 0 0.03145589 0.1350697 0 0 0.247293 0.1803607 0.1730876 0.04412772 0.0101129 0 0 0.01092736 0.01896757 0 0.08968481 0 0 0.002320164 0.007644815 0.002980865 0.07631005 0.04976723 0.2076586 0.02900108 0.1466717 0.1087206 0.05316208 0.1476588 0.1771749 0.09054671 0.09887563 0.008223114 0.00717044 0.0661802 0.06336452 0 0.03812743 0.07815968 0.3566657 0.1570786 0.06140286 0.09986106 0.03359599 0.04614525 0.03030336 0.156989 0.01897555 0.009964978 0.08199517 0.05978987 0.03143974 0.2645352 0.458754
0 0.40264 0.5045965 0.05384701 0.04580278 0 0.08349968 0.1236955 0.6502948 0.495979 0.4139314 0.3514939 0 0 0 0.1746404 0.6800897 0.304823 0.2722584 0.02711152 0.3171106 0.01992996 0.2357948 0.009964978 0.1301285 0.05668594 0 0.2385365 0.4859126 0.167418 0 0.1118607 0.01187261 0 0 0 0 0 0.09513188 0.02444786 0 0.3183455 0.2499866 0.02612325 0.07418724 0.00553259 0.001834215 0 0.0816661 0.1556346 0.007557805 0.0100576 0 0 0 0 0.024331 0.07531879 0.4808344 0.3803858 0.07770661 0.05937879 0.3048187 0.1722272 0.08673157 0 0.01700401 0 0.009964978 0.01765461 0.01453654 0.01744596 0.02989493 0.05765942
0.2491834 0.5368125 0.2095843 0.02349595 0.03474596 0.1152185 0.3540256 0.1653355 0.2578226 0.5750961 0.3199516 0.3528278 0.005194006 0 0 0 0.04149735 0.1400083 0.586682 0.09271467 0.07705387 0.05860452 0.09518904 0.4046853 0.4861097 0.4329957 0.2581007 0.2269285 0.02084419 0.05313027 0 0.01768401 0.008057347 0 0 0 0 0 0.1506525 0.0002624944 0.1102319 0.235017 0.3880588 0.2326699 0.004614557 0.02528038 0 0 0.3984854 0.6434193 0.0247064 0.002354163 0.02989493 0 0 0.02588948 0.07660909 0.4022945 0.6362271 0.2802439 0.05512031 0 0 0 0.01291822 0.009964978 0.009186535 0 0 0.02483581 0.02759758 0.007402907 0.009964978 0.01306377
0.5429014 0.1093717 0.1758468 0.06572546 0.08509561 0.1267219 0.002255104 0.08487999 0.004259605 0.1139774 0.05960812 0.2392893 0.1203366 0.2362296 0.3210169 0.1133495 0 0.09590949 0.01467058 0.01532257 0.2350804 0.5696778 0.07904522 0.05418194 0.01249659 0.5246869 0.1810685 0 0 0.01282426 0 0.04982489 0 0.02180032 0.02832623 0.3040484 0.0828088 0.00378141 0.2416202 0.03726716 0.06728702 0.2717142 0.06671748 0.04797024 0 0.005205149 0.00475983 0.03168768 0.4478952 0.2069589 0.1317914 0.05726339 0.02416516 0.03907013 0.2211668 0.03390039 0.09568496 0.3432476 0.2703276 0.07639974 0.02461633 0.03997677 0 0.04982489 0.009964978 0.06572583 0.2787924 0.008281901 0.0620816 0.03232837 0.007830992 0.1026598 0.2378094 0.02427573
0.4733019 0 0.002500466 0.1967991 0.1026742 0 0 0 0 0.117354 0.2636409 0.1062951 0 0.2823378 0.3021221 0.2338835 0 0.002859317 0.07103448 0.0595159 0.1489235 0.3638011 0.07396672 0.0005980622 0 0.3418791 0.4364214 0.0008723794 0 0.007105697 0 0 0 0.008094612 0.003920145 0.08911034 0.19284 0.5381554 0.7549192 0.2914592 0.01992996 0 0 0.009964978 0.01007852 0.0385663 0 0 0 0 0.173432 0.1054818 0.1128972 0.1483001 0.5225818 0.03985991 0.2526091 0.0334989 0.09840596 0.3086415 0.2795489 0 0 0.02103837 0.07596277 0.03612387 0.03294031 0.2233385 0.03257703 0.04241763 0 0 0.01827003 0.009964978
0 0.01992996 0 0 0 0.271062 0.6350067 0.01796089 0.3755761 0.219667 0.4510591 0.02335622 0.01150847 0.03719773 0.1460418 0.4625818 0.2195906 0.1277301 0 0.1155538 0.4414006 0.8768072 0.7488005 0.4312626 0.03334752 0.0924422 0.0002371685 0 0 0 0 0 0.02628806 0 0.01748945 0.1618802 0.597378 0.06400566 0.170902 0.155781 0.1043762 0.005498054 0.02989493 0 0.0006339625 0.0005461074 0 0 0.01992996 0.01550268 0.1844534 0.1943214 0.1602264 0.1390662 0.3551864 0.04671136 0.003897495 0.1760447 0.164478 0.4594213 0.07982127 0.009964978 0 0.09783367 0.3426775 0.2695771 0.2714711 0.3553661 0.2921259 0.02440063 0.009964978 0 0.1443471 0.1990178
0.009964978 0.09964979 0 0 0.03985991 0.4844835 0.4285141 0 0.0007962364 0.08143263 0 0 0.07494286 0.1204904 0.02572332 0.6744731 0.4833846 0.523924 0 0.2443892 0.7353815 0.3886487 0.5531971 0.7962261 0.3624283 0.07000604 0.009964978 0.01065514 0.009274819 0 0 0.06331854 0.2292727 0.002490095 0.08629827 0.352042 0.1832152 0.1562196 0.06599991 0.1176425 0.3059811 0.3621358 0.04982489 0.1967724 0 0 0 0 0.05363159 0.03051552 0 0 0.1932006 0.1449485 0.3040042 0.03604017 0.1241757 0.09100905 0.0391627 0.1001755 0.04526767 0.1088988 0.07211772 0.06342715 0.03343214 0.009964978 0 0.1768668 0.1626693 0 0 0 0.06600329 0.1033617
0 0 0 0.02989493 0.05737036 0.5619017 0.03494532 0 0 0 0 0.176291 0.438894 0.5055274 0.7436791 0.5031201 0.4114832 0.5798659 0.350957 0.1486947 0.05909941 0 0.2655763 0.4344293 0.0102275 0.01992996 0.006431506 0.1439568 0.08576335 0.06306627 0 0.1244986 0 0 0.1190826 0.01598002 0.4528581 0.2655816 0.02113623 0 0.09422775 0.3848324 0.06173776 0.05987487 0 0 0 0.05390776 0.01171068 0.002054667 0.009964978 0.009964978 0.07498209 0.07625743 0.02339236 0.04367965 0.06341357 0.0633278 6.835975e-008 0.2054835 0.134624 0.05303216 0 0.02342196 0.08878586 0.009964978 0.07840183 0.03833212 0.02989493 0 0.01992996 0.02989493 0.0146451 0.07662511
0 0.1288032 0.3766067 0.2157582 0.01624035 0 0 0 0.009964978 0 0.03985991 0.3813205 0.1968588 0.1100769 0.109818 0.0887479 0.4361125 0.8445809 0.7060995 0.1009098 0.009964978 0.02989493 0.01032672 0 0 0 0.05764666 0.1928033 0.1549993 0.0128113 0.05181839 0.07280742 0 0.009964978 0.0932336 0.09435281 0.3371903 0.5604504 0.1087957 0.009964978 0.02480689 0.06508505 0.0004942804 0 0.01476903 0.003198235 0.04831871 0.2811673 0.0115037 0.0005430279 0.03985991 0 0.1968687 0.2014464 0.07146413 0.03022418 0 0 0.05037456 0.07987416 0.1765633 0.03238369 0 0.04823676 0.1750969 0 0.02656592 0 0 0 0 0.08358488 0.1057497 0.08809941
0 0 0.1015518 0.2174824 0.009964978 0 0 0.02407491 0.1993224 0.2792026 0.295445 0.6725439 0.005972055 0.2665963 0.06854931 0.02745393 0.1864193 0.07883097 0.03250343 0 0 0.05918924 0.05075009 0 0 0.06062607 0.009128775 0 0 0 0 0 0.06975485 0.0393951 0.1545859 0.02522693 0.1855458 0.1935856 0.1022429 0.1001079 0 0 0 0 0.09129097 0.05018142 0.2549568 0.07069933 0 0.01992996 0.1248643 0.1132381 0.7028783 0.6162767 0.4034431 0.0006416925 0.10557 0.03114032 0.08843943 0.06642778 0.299601 0.1414821 0.03435777 0.4722377 0.3125032 0.1416022 0.02309641 0.01676351 0 0 0 0 0.03504349 0.0147814
0.006816048 0 0.06338983 0.09589501 0 0 0.02549034 0.1621866 0.1780204 0.2401494 0.5935609 0.9225824 0.6192784 0.378097 0.01550573 0.5533681 0.2431209 0 0.06413184 0.03144375 0.1782363 0.240561 0.05016387 0 0 0 0 0 0 0.01992996 0 0 0.002247411 0.08675592 0.2240675 0.003983567 0.0757552 0.2095518 0.05046522 0 0 0 0.08809641 0.02151835 0.01362718 0.006302774 0.01251144 0.04819472 0.09772871 0.08546619 0.2170482 0.6207769 0.08615872 0.006519618 0.2625186 0.05633707 0.12406 0.04938942 0.02927506 0.05480366 0.08605179 0.2025681 0.05988835 0.1967434 0.1910199 0.05239962 0.02989493 0.009964978 0 0 0 0 0 0.02561706
0.03695682 0.007206711 0 0.09973382 0.06453923 0.07497047 0 0.1978131 0.09433892 0.4241142 0.7991059 0.814536 0.2795289 0.2370357 0.03259859 0.2470474 0.3129846 0.09649921 0.003685449 0.1257756 0.02896317 0 0.0700865 0 0 0 0.003907331 0.009964978 0.03985991 0.01324773 0.0008273164 0.04731942 0.09538192 0.01659913 0.02798584 0 0.3290249 0.5300258 0.0979611 0.009964978 0.1102728 0.1395097 0 0 0 0 0 0.05145507 0.0582408 0.3153313 0.3320333 0.1896923 0.09081165 0.02344543 0.05658829 0.02351194 0.04982489 0.02060445 0.3776801 0.08412396 0.02989493 0.03985991 0.0529327 0.6317679 0.03569489 0 0.1370487 0.04232091 0 0.00943404 0.03042587 0 0 0.05279341
0.05795102 0.3362101 0 0.009880944 0 0 0 0.05783715 0.0877798 0.7287468 0.6612473 0.2041267 0.01424751 0.2049595 0.4107651 0.6552923 0.5821413 0.6723225 0.2397542 0.1715755 0.2915757 0.1812296 0.4075029 0.2181079 0 0.004187976 0.1754623 0 0.1195797 0.02661218 0.03500643 0.1947794 0.03190742 0 0.009964978 0 0.04814724 0.2545528 0.06360082 0 0.250735 0.1876068 0 0 0.009964978 0.3575838 0.02447902 0.02989493 0.01343513 0.2555605 0.07194203 0.548597 0.158409 0.1962789 0.0004253728 0.2387341 0 0.04157586 0.1254502 0 0 0.009964978 0.08392466 0.3017881 0.009964978 0.007512675 0 0 0.00138713 0.09118221 0 0 0 0.06112316
0.005594914 0.03873733 0.05094748 0.03506792 0.2599414 0.6970006 0.4764298 0.06892683 0.01450434 0.6438997 0.2757468 0.4294125 0.1853095 0.4769955 0.3841922 0.5716945 0.2809435 0.5339502 0.2494313 0.1718709 0.01764295 0 0.1805164 0.1285805 0.08941769 0.09675 0 0 0.1793696 0.05289334 0.1596659 0.09359281 0.03004927 0 0 0 0.1469549 0.1852133 0.03678099 0.04186723 0 0.02935413 0 0.09321084 0.1721476 0.1491843 0.1934412 0.03985991 0 0 0.1130313 0.145432 9.365445e-005 0.003020692 0 0 0.01614895 0.05978987 0.1708447 0 0.009964978 0.122045 0.2657219 0.1295447 0 0.01241728 0.09843864 0.09072004 0.1253529 0.0287564 0.004951076 0.03382455 0.05502386 0.05496176
0 0 0 0 0.2783591 0.1309651 0.03738072 0 0.1099525 0.8499957 0.7076936 0.4404832 0.2495695 0.05954767 0.04446898 0.1840254 0.4388623 0.3336913 0.7186624 0.3474744 0.1719394 0.04010028 0.4198739 0.01750712 0.1140147 0.208314 0.06766949 0 0.01096876 0 0 0.2369595 0.1067643 0.02989493 0 0.07971983 0.02989493 0.2486615 0.3174555 0.06774753 0 0.1121683 0.4130481 0.4782041 0.2668961 0.05879414 0.0623685 0.06898113 0.3789952 0.09964979 0 0.02248424 0.05811443 0.3999451 0.4117348 0.4394443 0.07149436 0.0330013 0.04647394 0.01076923 0 0.1432308 0.08000479 0.02090615 0 0.009964978 0.02558274 0.153233 0.003548087 0 0.02494386 0.01380403 0.06161533 0.009964978
0.03170961 0 0 0 0 0 0 0 0.116641 0.1614179 0.05145077 0.1459184 0.2449683 0.2151853 0.0701893 0.04521756 0.1772168 0.598948 0.6628093 0.3426409 0.1756244 0.03462025 0.2139017 0.005718985 0.2827207 0.116784 0 0.4039042 0.1708395 0 0.007656395 0.1689158 0.0348115 0 0 0 0.1992996 0.1594653 0.004019506 0.2267465 0.1684578 0.218343 0.2675325 0.7340274 0.3110141 0.2014734 0.259894 0.3422582 0.03979662 0.08968481 0.01992996 0 0.3485726 1 1 0.5853649 0.336353 0.1261585 0 0.04902064 0.2968619 0.4016815 0.04982489 0.145118 0 0.2760358 0.3001439 0.02988376 0 0 0.02989493 0 0.04192084 0.009964978
