EnvRasters/BAU_High/grain.asc
ncols         270
nrows         223
xllcorner     24099.479091542
yllcorner     21023.840179216
cellsize      1003.8986847201
NODATA_value  -9999
[rows 96 to 127 of 223, columns 72 to 143 of 270]
0.553171 0.21408 0.325846 0.457306 0.416115 0.376304 0.508747 0.588533 0.439567 0.558781 0.491402 0.315895 0.104982 0.557845 0.418208 0.654744 0.439951 0.396178 0.6823 0.498741 0.437398 0.465124 0.348477 0.414892 0.132168 0.263113 0.006724 0.400954 0.630563 0.605529 0.488314 0.705576 0.363565 0.500289 0.756571 0.462265 0.493916 0.687488 0.676543 0.430623 0.446236 0.093889 0.224941 0.262386 0.119321 0.171392 0.402434 0.60867 0.536924 0.371218 0.465507 0.518784 0.235599 0.304638 0.552658 0.482516 0.688279 0.642391 0.645268 0.626886 0.54979 0.420679 0.148344 0.267987 0.174472 0.237526 0.099341 0.002629 0.100732 0.158294 0.22237 0.568502
0.73073 0.565417 0.668729 0.771106 0.764416 0.501316 0.663144 0.738062 0.852505 0.760997 0.423314 0.000171 0.111414 0.44351 0.563824 0.644907 0.519707 0.474599 0.801099 0.538572 0.856719 0.641498 0.53239 0.148151 0.000418 0.015353 0.442109 0.399499 0.562965 0.696802 0.635047 0.56666 0.559923 0.653496 0.651018 0.613777 0.438677 0.610029 0.617891 0.243659 0.284266 0.026564 0.471192 0.419723 0.248422 0.507385 0.534888 0.456089 0.758684 0.550453 0.601743 0.611999 0.284249 0.262849 0.444358 0.344234 0.664866 0.657141 0.555657 0.562207 0.210924 0.286243 0.038141 0.170827 0.116144 0.038432 0.441165 0.257843 0.435489 0.415969 0.046303 0.142167
0.765016 0.255506 0.534043 0.588678 0.895789 0.763232 0.42506 0.705337 0.57955 0.484533 0.261601 0.003019 0.124292 0.576379 0.521786 0.554377 0.594028 0.795516 0.669509 0.8341 0.785966 0.463146 0.706232 0.678344 0.292447 0.529838 0.607 0.510637 0.642474 0.494353 0.676879 0.574586 0.760438 0.219058 0.649623 0.71323 0.705306 0.517065 0.536975 0.782554 0.069235 0.08966 0.493093 0.188395 0.260349 0.465451 0.641802 0.320841 0.29089 0.674527 0.482971 0.776229 0.690853 0.558267 0.581533 0.691001 0.642381 0.713813 0.545027 0.329467 0.330367 0.162219 0.321843 0.491463 0.459246 0.314938 0.278851 0.369589 0.409416 0.54354 0.251118 0.444321
0.442802 0.346174 0.401785 0.641139 0.820149 0.529257 0.831846 0.24114 0.823138 0.522585 0.641993 0.566817 0.573441 0.328239 0.297064 0.417324 0.16781 0.440744 0.498152 0.216156 0.61266 0.161104 0.405793 0.292601 0.487201 0.73791 0.559759 0.68297 0.551729 0.241703 0.308679 0.684904 0.825687 0.553111 0.483175 0.215564 0.090624 0.081754 0.33719 0.079788 0.039715 0.332148 0.427319 0.334231 0.587833 0.523734 0.541519 0.516721 0.387066 0.613178 0.048112 0.080191 0.175231 0.653092 0.734055 0.735286 0.435642 0.610324 0.168946 0.179034 0.261241 0.505303 0.197289 0.439766 0.524145 0.119155 0.087437 0.254221 0.543852 0.523008 0.628238 0.74838
0.040804 0.150361 0.568855 0.774833 0.283914 0.790975 0.447318 0.531144 0.876293 0.333417 0.502687 0.557103 0.620664 0.557117 0.772887 0.637169 0.429171 0.382241 0.583822 0.801578 0.836801 0.091532 0.168466 0.55792 0.548746 0.54934 0.610789 0.543343 0.71741 0.307262 0.52657 0.50245 0.643837 0.667482 0.763432 0.613838 0.225858 0.353101 0.147649 0.041041 0.127712 0.433534 0.511444 0.346429 0.348903 0.417012 0.319577 0.289344 0.283952 0.086377 0 0.005336 0.352008 0.537277 0.712583 0.800947 0.492116 0.372926 0.235391 0.325101 0.718329 0.509126 0.100917 0.104002 0.053933 0.007501 0.174262 0.323591 0.476744 0.489375 0.42635 0.809719
0.077875 0.639922 0.649222 0.598738 0.057644 0.500881 0.855152 0.489238 0.59646 0.440086 0.697696 0.402946 0.560996 0.385355 0.473459 0.721051 0.325151 0.460334 0.338844 0.542938 0.885186 0.580548 0.601551 0.597748 0.653781 0.556287 0.610163 0.44728 0.847482 0.529301 0.680901 0.43746 0.43258 0.257049 0.505548 0.596624 0.387915 0.593925 0.476164 0.339704 0.50258 0.488787 0.670497 0.650641 0.576935 0.360438 0.192457 0.604299 0.364038 0.000959 0.00011 0.295715 0.062766 0.240839 0.551162 0.688153 0.80817 0.617888 0.291872 0.656102 0.465765 0.514883 0.274561 0.17345 0.00388 0.138201 0.113304 0.477228 0.504108 0.619871 0.536474 0.701867
0.389956 0.820044 0.454541 0.614251 0.344001 0.887194 0.913657 0.827784 0.700124 0.756644 0.586837 0.283262 0.65544 0.40944 0.424389 0.7845 0.407079 0.684579 0.817785 0.437935 0.45107 0.319988 0.552744 0.8478 0.614009 0.647968 0.350773 0.405774 0.437866 0.772043 0.738225 0.15578 0.007151 0.337339 0.586707 0.710816 0.427262 0.593064 0.799306 0.763631 0.376888 0.656482 0.577024 0.830424 0.720315 0.270448 0.525242 0.331346 0.618659 0.631215 0.534031 0.549222 0.055079 0.433728 0.610177 0.562246 0.188149 0.740189 0.693901 0.43201 0.513371 0.53883 0.229343 0.448826 0.138126 0.343891 0.568154 0.33308 0.89048 0.462567 0.293942 0.667477
0.675372 0.70274 0.064319 0.603923 0.215684 0.815265 0.549971 0.888281 0.820555 0.287953 0.306128 0.534277 0.75876 0.756742 0.48938 0.769707 0.151681 0.448878 0.600725 0.688818 0.587356 0.440004 0.597321 0.90533 0.616402 0.734562 0.804681 0.30396 0.405557 0.418732 0.277242 0.084243 0.013925 0.1873 0.443791 0.589269 0.624615 0.542873 0.293921 0.220811 0.41157 0.628313 0.639836 0.691559 0.595634 0.322692 0.535044 0.344242 0.593946 0.720284 0.904627 0.616213 0.512821 0.701828 0.695131 0.732274 0.581764 0.741223 0.597065 0.208689 0.400652 0.430978 0.304558 0.373246 0.339823 0.09553 0.192041 0.173561 0.947122 0.578823 0.602938 0.609235
0.600509 0.607197 0.622523 0.632183 0.2804 0.7024 0.851382 0.596953 0.632235 0.075449 0.233455 0.471596 0.63733 0.693812 0.719389 0.658876 0.328441 0.588683 0.525974 0.643376 0.511113 0.491734 0.565542 0.443205 0.553304 0.560571 0.457724 0.39322 0.624017 0.492485 0.205524 0.194092 0.224724 0.263601 0.453515 0.655549 0.453811 0.17494 0.017472 0.273564 0.663337 0.670325 0.348002 0.820104 0.700875 0.070451 0.109409 0.425054 0.369413 0.241926 0.639908 0.533345 0.51815 0.734083 0.392816 0.811261 0.865226 0.68491 0.568463 0.509661 0.525801 0.482994 0.105058 0.423924 0.218148 0.38903 0.322344 0.666564 0.724185 0.497137 0.884429 0.643929
0.617295 0.644365 0.78744 0.687681 0.763949 0.64999 0.497046 0.461417 0.235925 0.603116 0.440452 0.62178 0.414906 0.333586 0.621458 0.734216 0.460974 0.692879 0.579721 0.445704 0.187355 0.566048 0.82061 0.736156 0.720369 0.555709 0.685425 0.603597 0.628264 0.603438 0.319426 0.519014 0.753042 0.597133 0.165201 0.757769 0.564415 0.210798 0.308023 0.483144 0.325608 0.37468 0.17153 0.571709 0.608227 0.575093 0.580301 0.469913 0.631928 0.463679 0.693843 0.668307 0.552733 0.664339 0.904757 0.695312 0.670445 0.60725 0.388161 0.545636 0.499618 0.484145 0.104854 0.591832 0.628896 0.47983 0.179749 0.771119 0.730665 0.606939 0.862339 0.497733
0.666152 0.162153 0.464312 0.806358 0.838098 0.542156 0.5284 0.146564 0.167446 0.35847 0.320301 0.753413 0.66261 0.340789 0.8062 0.867981 0.62139 0.584249 0.638217 0.536231 0.603848 0.863274 0.928041 0.887207 0.575321 0.754239 0.693808 0.542093 0.47498 0.534115 0.451158 0.64127 0.687836 0.400274 0.471484 0.615096 0.537709 0.810199 0.7009 0.580104 0.240764 0.352329 0.022496 0.162028 0.584599 0.439797 0.706072 0.739631 0.677173 0.512807 0.771492 0.856055 0.795845 0.531075 0.709091 0.4333 0.622559 0.619857 0.64709 0.478883 0.633361 0.593916 0.363719 0.649922 0.443385 0.319121 0.257966 0.705205 0.736759 0.655611 0.747365 0.694386
0.649925 0.277708 0.140694 0.576691 0.641628 0.320089 0.078934 0.016 0.246548 0.629068 0.604064 0.92515 0.439856 0.563549 0.803966 0.640115 0.578426 0.556827 0.520589 0.305104 0.579275 0.506139 0.699643 0.522213 0.311361 0.651026 0.494729 0.528102 0.332976 0.216294 0.621215 0.593184 0.806868 0.664109 0.507307 0.506498 0.321509 0.695644 0.726763 0.689433 0.536667 0.260876 0.042696 0.260616 0.301034 0.281336 0.562293 0.663936 0.639628 0.599917 0.567252 0.896274 0.711569 0.369785 0.704953 0.571451 0.399324 0.577876 0.221583 0.314646 0.620345 0.609625 0.719011 0.593441 0.599626 0.687128 0.594256 0.700802 0.745858 0.349659 0.581568 0.721957
0.44419 0.078735 0.002369 0.526607 0.594093 0.108183 0.071398 0.004653 0.025501 0.430752 0.585 1 0.521022 0.699534 0.836295 0.646148 0.443708 0.273863 0.429938 0.554194 0.382821 0.417961 0.796972 0.479127 0.640593 0.474347 0.397214 0.315017 0.61488 0.410129 0.706652 0.493038 0.573039 0.606338 0.575591 0.453632 0.682335 0.533908 0.315658 0.846409 0.46375 0.431981 0.320562 0.221496 0.342295 0.067615 0.40188 0.644481 0.573038 0.686177 0.698494 0.812887 0.534743 0.505118 0.679069 0.507283 0.735423 0.724655 0.625156 0.41652 0.654776 0.375046 0.859312 0.596119 0.469385 0.65165 0.719163 0.697599 0.534288 0.173467 0.457591 0.36789
0.023 0.017556 0.346078 0.235499 0.146423 0.408009 0.731707 0.268722 0 0.464852 0.626054 0.536551 0.487188 0.641975 0.667715 0.616888 0.526904 0.57546 0.70507 0.665578 0.700225 0.424886 0.295374 0.272096 0.510392 0.180608 0.03053 0.223585 0.455364 0.745429 0.5947 0.365955 0.799428 0.63165 0.23286 0.06874 0.469193 0.507341 0.618288 0.149224 0.067425 0.417772 0.134758 0.384219 0.35909 0.156767 0.281639 0.490103 0.481809 0.734024 0.61679 0.773304 0.452983 0.748814 0.838191 0.362563 0.626206 0.841977 0.878294 0.829589 0.806694 0.532042 0.76719 0.803362 0.620318 0.430518 0.58338 0.561496 0.597909 0.278949 0.212465 0.580298
0.073359 0.112059 0.382084 0.149962 0.441436 0.273631 0.414828 0.026329 0 0.210826 0.113811 0.285118 0.27401 0.69533 0.408712 0.381537 0.350452 0.366256 0.304592 0.153564 0.232203 0.170535 0.01207 0.005643 0.02753 0.01305 0.011204 0.000353 0.197211 0.640344 0.452202 0.518878 0.44888 0.548908 0.250333 0.296091 0.50934 0.444299 0.210637 0.336556 0.206972 0.217487 0.114452 0.289568 0.147332 0.013143 0.073799 0.414233 0.725684 0.63913 0.487538 0.384761 0.12264 0.25489 0.325252 0.271981 0.502699 0.647261 0.807011 0.812837 0.85358 0.641267 0.779012 0.909036 0.901441 0.419489 0.562644 0.210674 0.517162 0.724019 0.330261 0.617769
0.050535 0.130209 0.105658 0.000131 0.090801 0.226 0.106132 0.006323 0.000272 0.070184 0.221014 0.247996 0.310773 0.085597 0 0.00026 0 0 0 4e-006 0 0 0.000364 7.4e-005 0.00023 0 0.003038 0.000163 0.00254 0.302695 0.768535 0.520105 0.580871 0.664025 0.338303 0.332128 0.398953 0.322577 0.007668 0.107396 0.055788 0.151093 0.096707 0.001414 0.048048 0.118423 0.536581 0.5066 0.362904 0.637068 0.492035 0.726845 0.67186 0.414398 0.196634 0.37728 0.798289 0.592037 0.735774 0.397315 0.184234 0.187379 0.770528 0.745537 0.698514 0.668718 0.593673 0.831359 0.670273 0.56821 0.295881 0.5059
0 0.051189 0.190886 0.014596 0.130066 0.076 0 0 0 0.000405 0.140423 0.128706 0.129878 0.022968 0 0.000108 0 0 0 0.022472 0.048783 0.109366 1.5e-005 0.042415 0.012725 0.096312 0.079728 0.1318 0.070325 0.560492 0.687391 0.213081 0.788566 0.680735 0.29969 0.167524 0.021182 0.004505 0.051986 0.2206 0.02274 0.016801 0.071274 0.157248 0.321224 0.200592 0.571589 0.124086 0.215284 0.397314 0.107777 0.508905 0.769112 0.608702 0.238572 0.362982 0.405786 0.362845 0.887822 0.617545 0.661272 0.664305 0.650506 0.786616 0.622873 0.619608 0.560874 0.656029 0.825104 0.679574 0.819822 0.535534
0.0257 0.09234 0.005014 0.043976 0.618325 0.253361 0.044968 0.063391 0.227069 0.316244 0.047658 0.353366 0.136042 0.019357 0.126219 0.010114 0.065377 0.32342 0.204004 0.126529 0.085203 0.015887 0.000865 0.013388 0.012008 0.050897 0.136352 0.176137 0.288416 0.137077 0.52918 0.371003 0.532825 0.675816 0.5738 0.048906 0.357293 0.002526 0.006671 0.036588 0 0.007767 0.128974 0.092836 0.178687 0.464967 0.482287 0.368698 0.364331 0.543936 0.312179 0.695024 0.715829 0.635992 0.329005 0.212914 0.300392 0.195315 0.553036 0.491897 0.598089 0.80781 0.299477 0.896425 0.645709 0.355998 0.082338 0.687811 0.683678 0.493544 0.698015 0.684044
-9999 0.288873 0.514159 0.38225 0.06239 0.002354 0.072591 0.17895 0.123952 0.404601 0.021774 0.080343 0.048639 0.000637 0.000643 0.042766 0 0.027981 0.068108 0.134164 0.052537 0.000108 0.005785 0.009468 0.139916 0.428204 0.11621 0.039589 0.013117 0.039554 0.091491 0.050628 0.209617 0.212608 0.090921 0.012262 0.055866 0.180557 0.17032 0.083553 0 0.008083 0.000722 0.002376 0.021222 0.575546 0.19764 0.114106 0.612265 0.645639 0.381532 0.809133 0.176671 0.227987 0.384934 0.094757 0.216687 0.067788 0.041885 0.100456 0.146334 0.276307 0.388182 0.681025 0.569044 0.288225 0.449252 0.640685 0.23658 0.355197 0.443388 0.713699
-9999 0.0481 0.1788 0.4669 0.0539 0.002035 0.066309 0.058084 0.0896 0.255448 0.188051 0.007355 0.022682 0.129938 0.159751 0.024862 0.0129 0.003043 0.295909 0.441064 0.233649 0.087422 0 0.001112 0.005241 0.048882 0.063272 0.054056 0.264413 0.108234 0.000263 0.192027 0.206879 0.275477 0.013844 0.117258 0.492074 0.465492 0.104044 0.038002 0.00577 0.001059 0.00076 0.003229 0 0.000255 0.011441 0.184906 0.486163 0.208293 0.055305 0.289832 0.186284 0.073715 0.14201 0.04558 0.157737 0.005989 0.061635 0.231661 0.017256 0.180506 0.268154 0.316128 0.119249 0.614873 0.584076 0.368148 0.001515 0.244496 0.125856 0.205821
-9999 -9999 -9999 0 0.000224 0.08134 0.363541 0.197073 0.13437 0.31387 0.155136 0.1609 0.086243 0.05543 0.0122 0 0.164765 0.0698 0.114833 0.115793 0.201977 0.059159 0.000288 0 0.001385 0.026559 0.000312 0.002949 3e-005 0.263427 0.117158 0.012906 0.321145 0.225748 0.02241 0.147897 0.460836 0.329364 0.043015 0.226077 0.089301 0.002723 0.163375 0.05549 0 0.000482 0.317526 0.471936 0.453661 0.501827 0.30751 0.383974 0.318581 0.031456 0.001344 0.044525 0.001085 0.025733 0.0393 0.013034 0.052314 0.030231 0.183309 0.34228 0.071424 0.378691 0.180192 0.074172 0.223446 0.05681 0.001598 0.003707
-9999 -9999 0 0.172929 0.103076 0.475417 0.34001 0.585496 0.438315 0.348866 0.0502 0.190078 0.145438 0.174137 0 0.020328 0.012936 0.00972 0.009461 0.006182 0.012127 0.000324 0.007977 0 0.006 0.213032 0.055687 0.514328 0.011526 0.656866 0.750463 0.324129 0.254931 0.785537 0.356588 0.531456 0.420766 0.1918 0.553273 0.612877 0.603374 0.575616 0.592554 0.513026 0.108867 0.001176 0.261782 0.787808 0.624184 0.825653 0.635572 0.296927 0.012003 0.131977 0.02769 0.055148 0.000412 0.017155 0.103092 0.093492 0.037422 0.001057 0.004602 0 0.078324 0.139626 0.248849 0.057718 0.223648 0.259047 0.009028 0.058896
-9999 -9999 -9999 0.106871 0.238513 0.254217 0.191707 0.105876 0.126936 0.35642 0.207186 0.188111 0.049834 0.178933 0.031206 0.001829 0.169883 0 0.032455 0.0009 0.05521 0.045127 0.017854 0.095421 0.080735 0.175832 0.35545 0.040978 0.33419 0.576936 0.503511 0.72007 0.691669 0.65814 0.573659 0.569847 0.900774 0.285726 0.234131 0.606008 0.527149 0.801996 0.19142 0.626342 0.426542 0.140872 0.242726 0.526494 0.352647 0.256872 0.448619 0.252719 0.049391 0.051724 0.036658 0.000982 4.8e-005 0 0 0.000797 0.000237 0 0.013577 0.007512 0.047882 0.032566 0.0204 0.325679 0.090642 0.285038 0.02386 0.093898
-9999 -9999 -9999 0.141579 0.337737 0.379213 0.468859 0.517075 0.054794 0.341174 0.490989 0.712296 0.138307 0.379789 0.238532 0.092635 0.10318 0.024296 0.170731 0.201316 0.499925 0.239082 0.360956 0.20439 0.228587 0.275364 0.188204 0.605756 0.914931 0.701929 0.473272 0.521359 0.534956 0.378441 0.291474 0.575643 0.616261 0.720424 0.532654 0.323972 0.146881 0.365289 0.263051 0.087162 0.338876 0.335796 0.34578 0.632568 0.568893 0.277813 0.087457 0.127353 0.270041 0.212551 0.047363 0.003042 0.000573 0.002013 0.000571 3.8e-005 0 0 0.000463 0.010688 0.079903 0.011824 0.002676 0.238822 0.360423 0.004387 0.004193 0.15839
-9999 -9999 -9999 0.037387 0.291007 0.620561 0.581829 0.552657 0.443001 0.669965 0.414315 0.605963 0.160271 0.468665 0.38391 0.117278 0.010567 0.014244 0.40277 0.312188 0.352007 0.675129 0.415502 0.001697 0.534704 0.596877 0.422796 0.768 0.42282 0.699685 0.796923 0.507307 0.465026 0.778801 0.530968 0.58186 0.674607 0.897507 0.445072 0.344864 0.129964 0.230453 0.188974 0.160326 0.85529 0.165335 0.197628 0.753626 0.616093 0.426442 0.209808 0.521344 0.09896 0.052601 0.004923 0 3e-006 2e-006 0.000394 0.000102 0 4.9e-005 0.052998 0.140749 0.021364 0.000783 0.004374 0.030128 0.110278 0.044962 0.198956 0.000911
-9999 -9999 -9999 0.0067 0.124291 0.321213 0.687338 0.566009 0.634466 0.430888 0.16614 0.022354 0.05668 0.258392 0.134565 0.180793 0.000792 4e-006 0.091401 0.001973 0.12737 0.244826 0.529505 0.359685 0.518594 0.42584 0.532106 0.052824 0.38933 0.837155 0.751234 0.625051 0.448314 0.751467 0.459702 0.727196 0.670187 0.461782 0.019397 0.027455 0.119183 0.284989 0.057548 0.186268 0.658758 0.045909 0.005847 0.366081 0.557951 0.008227 0.0005 0.20958 0.099252 0.082554 6.1e-005 0 0 0 0 0 0.020139 0.049607 0.072959 0.003304 0.007532 0.094452 0.12527 0.218372 0.40743 0.079976 0.074182 0.1328
-9999 -9999 -9999 0.000483 0.307026 0.601869 0.744874 0.505913 0.462611 0.025493 0.123282 0.001256 0.114682 0.048753 0.104407 0.063174 0.04711 0.052509 0.000617 0.099567 0.148535 0.332628 0.467146 0.684533 0.389612 0.617454 0.720362 0.773121 0.190797 0.730098 0.554406 0.488094 0.568794 0.652456 0.143198 0.637465 0.730496 0.484004 0.233705 0.239661 0.466807 0.318426 0.216639 0.174186 0.489292 0.313767 0.05358 0.089067 0.320368 0.215827 0.110949 0.149138 0.162698 0.091393 0.001327 0 0.092868 0.000223 0 0 0.009401 0.000279 4e-006 0 0.000225 0.167853 0.584414 0.517441 0.194214 0.388259 0.341466 0.105813
-9999 -9999 -9999 0.008574 0.533583 0.234916 0.582911 0.565226 0.712743 0.278862 0.185269 0.300005 0.128047 0.236755 0.103929 0.033825 0 0.026732 0.133696 0.486612 0.44275 0.347737 0.68998 0.536796 0.725323 0.782307 0.275295 0.779996 0.669006 0.75596 0.437322 0.503083 0.654603 0.347189 0.43192 0.543742 0.650482 0.555833 0.494391 0.360596 0.573597 0.190508 0.303295 0.261376 0.631042 0.647267 0.05657 0.09866 0.182953 0.588581 0.350223 0.650103 0.38846 0.090017 0 0.009193 0.029967 0.023587 0.000154 5.8e-005 0.008045 0.002125 0.095155 0.107281 0.006838 0.25889 0.488514 0.486179 0.192714 0.662045 0.43815 0.141406
-9999 -9999 -9999 0.236303 0.745466 0.320272 0.613537 0.114487 0.664431 0.126735 0.61702 0.8678 0.461319 0.276712 0.377236 0.437713 0.008342 0.477089 0.603748 0.693543 0.640393 0.509905 0.462291 0.622762 0.721419 0.555685 0.808454 0.8396 0.222976 0.351031 0.728 0.546897 0.231095 0.47201 0.386949 0.521382 0.577736 0.421751 0.647638 0.292039 0.663406 0.580567 0.135517 0.673861 0.841875 0.367258 0.437197 0.410318 0.095839 0.625327 0.407871 0.425645 0.314092 0.339968 0.00021 0.033403 0.069412 0.053776 0 0 0 0.005154 0.236012 0.301596 0.32867 0.670791 0.361844 0.267053 0.183666 0.441184 0.257258 0.105735
-9999 -9999 0.039575 0.580481 0.850746 0.505303 0.635886 0.38572 0.109196 0.674811 0.868136 0.824216 0.599246 0.232597 0.403362 0.285929 0 0.485393 0.403268 0.646511 0.376229 0.571219 0.39179 0.509539 0.417602 0.724396 0.480052 0.623149 0.595473 0.186794 0.547643 0.637032 0.607107 0.710346 0.565929 0.501246 0.276387 0.643039 0.542413 0.053296 0.152241 0.581215 0.115143 0.435449 0.29275 0.00018 0.302024 0.16048 0.000188 0.12151 0.133226 0.169643 0.002277 0.002117 0.001856 0.05674 0.168272 0.045462 0.001212 0 0.007572 0 0.082364 0.303333 0.091473 0.205652 0.033042 0.382039 0.300134 0.322515 0.338308 0.290878
-9999 -9999 0.006848 0.524759 0.896718 0.192223 0.588149 0.632435 0.298558 0.529783 0.538367 0.227133 0.637831 0.6149 0.505903 0.610478 0.181742 0.3235 0.286575 0.414937 0.645964 0.682367 0.288223 0.613765 0.563084 0.673356 0.628511 0.56058 0.641524 0.561523 0.566753 0.575219 0.58103 0.750784 0.593042 0.33659 0.432896 0.100823 0.198488 0.097302 0.4862 0.721 0.268119 0.189684 0.100757 0.296608 0.035495 0.074791 0.020439 0.294684 0.356685 0.1458 1e-006 1.8e-005 0.000367 0.020317 0.050921 0.023891 0.130367 0.010943 0.163419 0 0.394694 0.314398 0.001537 0.289232 0.184485 0.301415 0.377214 0.166001 0.196337 0.144125
-9999 -9999 -9999 0.300536 0.63853 0.143337 0.572079 0.361543 0.69548 0.447612 0.521179 0.185044 0.255512 0.485317 0.6659 0.4195 0.524386 0.332052 0.363094 0.176357 0.836615 0.765298 0.573234 0.440341 0.629069 0.592888 0.623571 0.636066 0.414568 0.094272 0.454113 0.270487 0.595902 0.793518 0.749984 0.384168 0.471415 0.394495 0.653031 0.203659 0.781312 0.607886 0.455501 0.291834 0.561222 0.702243 0.11943 0.275407 0.076811 0.0819 0.2845 0.3022 0.000392 0.0435 0.220336 0.165596 0.054034 0.002669 0 0 0.106154 0.006483 0.370745 0.088299 0.185007 0.227486 0.449089 0.255386 1.5e-005 0 0.079459 0.049131
