EnvRasters/BAU_High/grain.asc
ncols         270
nrows         223
xllcorner     24099.479091542
yllcorner     21023.840179216
cellsize      1003.8986847201
NODATA_value  -9999
[rows 32 to 63 of 223, columns 72 to 143 of 270]
0.435744 0.214231 0.535606 0.571849 0.655281 0.517136 0.641699 0.455065 0.64529 0.647554 0.236653 0.437824 0.554055 0.107427 -9999 -9999 -9999 -9999 0.038298 0.329508 0.201882 -9999 0.155313 0.028661 0.0054 0.602326 0.502357 0.450622 0.51798 0.301226 0.289981 0.583471 0.354932 0.43532 0.312578 0.268991 0.022613 0.293719 0.394967 0.363563 0.204971 0.057945 0.289501 0.393705 0.35355 0.005695 0.016535 0.009339 0.182083 0.283286 0.032229 0.033158 0 0 0 0 0 0 0 0 0 0.024884 0.190985 0.082707 0.119235 0.080915 0.006836 0 0.149232 0.054123 0.170936 0.363976
0.634721 0.482407 0.638472 0.516191 0.498156 0.553485 0.458036 0.507514 0.524595 0.7279 0.609101 0.324594 0.753639 0.358286 0.029235 0.189676 0.600293 0.345952 0.28089 0.519215 0.0422 0.011187 0.525443 0.476853 0.633395 0.537075 0.541147 0.649018 0.616793 0.17412 0.074171 0.252112 0.336679 0.303313 0.241665 0.112917 0.05992 0.163584 0.423052 0.482679 0.276226 0.21191 0.591764 0.354293 0.018071 0.002918 0.218185 0.209907 0.284059 0.233214 0.12201 0.015795 0 0 0 0 0 0 0 0 0.001 0.113626 0.03477 0.126537 0.223906 0.19047 0.25461 0.379886 0.009276 0.0044 0.185183 0.189963
0.528219 0.321232 0.538779 0.458121 0.440507 0.577235 0.437141 0.517966 0.544905 0.615351 0.677905 0.28346 0.298617 0.027968 0.017952 0.140189 0.306958 0.439755 0.501782 0.370689 0.169521 0.397291 0.317637 0.215285 0.391138 0.336564 0.191325 0.304119 0.287805 0.372663 0.074581 0.055677 0.300731 0.257735 0.460841 0.217037 0.249251 0.222673 0.354525 0.450072 0.31453 0.194366 0.493128 0.052326 0.147253 0.342593 0.288185 0.354376 0.370881 0.206174 0.180711 0.03477 5e-005 0 0 0 0 0 0 0 0 0.019838 0.196405 0.184406 0.013013 0.198688 0.204731 0.148527 0.037277 0.08377 0.094541 0.123746
0.480721 0.464672 0.394795 0.514497 0.419719 0.218333 0.237061 0.576401 0.546032 0.64118 0.355406 0.532818 0.190806 0 0.077205 0.069991 0.125089 0.211635 0.450699 0.333103 0.422257 0.308942 0.269585 0.469042 0.435235 0.672378 0.73251 0.575114 0.292906 0.388575 0.158519 0.258265 0.360755 0.426457 0.148261 0.332364 0.400524 0.41781 0.603606 0.307657 0.153948 0.299344 0.240892 0.450941 0.371762 0.43449 0.449261 0.333801 0.38599 0.160991 0.005384 0 0 0 0 0 0 0 0 0.119686 0.060616 0.095878 0.08575 0.146873 0.097304 0.135538 0.012379 0.196129 0.163656 0.043068 0.227276 0.05943
0.35091 0.0876 0.115264 0.306712 0.561954 0.312016 0.365202 0.532127 0.499424 0.26478 0.187512 0.417628 0.089605 0 0.007656 0.004914 0.066316 0.243242 0.379053 0.427038 0.286198 0.067326 0.520092 0.450037 0.557076 0.338252 0.298176 0.141403 0.22423 0.122359 0.48722 0.498835 0.336876 0.333085 0.283306 0.200002 0.363871 0.215774 0.36692 0.24696 0.237552 0.198554 0.132431 0.37292 0.190699 0.342144 0.51594 0.471742 0.346323 0.293701 0.010821 0 0 0 0 0 0 0 0 0.167837 0.390811 0.152997 0.207111 0.24328 0.234875 0.347812 0.235172 0.113462 0.146316 0.095731 0.216221 0.194002
0.546593 0.299554 0.19695 0.412939 0.39088 0.307591 0.440031 0.537969 0.251047 0.082274 0.208218 0.148989 0.250035 0.022218 0 0.014829 0.437729 0.15765 0.128811 0.268168 0.270453 0.263613 0.170228 0.03924 0.082221 0.521877 0.311094 0.156374 0.219835 0.302247 0.525721 0.551805 0.308267 0.383985 0.278803 0.267729 0.145337 0 0.022401 0.072307 0.080009 0.020338 0.03344 0.300402 0.223376 0.440061 0.283749 0.409324 0.302133 0.202257 0 0 0 0 0.000481 0 0.000384 0 0 0 0.122313 0.645144 0.446912 0.225563 0.066891 0.326727 0.347476 0.382635 0.189706 0.052244 0.257811 0.308794
0.375988 0.304629 0.491724 0.568755 0.567504 0.658237 0.593759 0.496483 0.617149 0.700164 0.431776 0.229187 0.082658 0 0 0.242912 0.538344 0.153837 0.414911 0.383571 0.636974 0.668006 0.536079 0.271234 0.610533 0.723622 0.437605 0.139 0.544777 0.677815 0.631939 0.277073 0.255067 0.130874 0.45625 0.252436 0.041618 0 0.000156 0.020781 0.241857 0.245272 0.264191 0.530697 0.396658 0.529138 0.42102 0.470864 0.360274 0.019467 7e-006 8e-005 0 0 0.004171 0 0.019973 4.3e-005 0.030444 0 0.000594 0.119064 0.091377 0.079031 0.280162 0.284408 0.481493 0.499305 0.324067 0.163008 0.103635 0.016908
0.078171 0.178451 0.622019 0.350525 0.474519 0.466432 0.338918 0.057746 0.211842 0.403102 0.057569 0.255538 0.00595 0.053447 0.012856 0.299186 0.290302 0.586018 0.594772 0.381535 0.305521 0.729099 0.490914 0.535255 0.586283 0.632821 0.39841 0.317342 0.294861 0.369693 0.087455 0.323635 0.215243 0.311862 0.338181 0.222811 0.076781 0.000194 0 0.040977 0.249574 0.221232 0.363569 0.367502 0.477145 0.537129 0.573973 0.56526 0.424222 0.068272 0.012633 0.000477 0.107478 0.02394 0.026745 0.05524 0.016423 0.007095 0.116692 0.010425 0.026433 0.164135 0.171316 0.107055 0.295451 0.598451 0.54244 0.532974 0.081672 0.038515 0 0.044624
0.306606 0.161426 0.424463 0.317922 0.428191 0.464365 0.476274 0.345915 0.663173 0.277664 0.056898 0.092585 0.009496 0.0825 0.222962 0.408351 0.354936 0.337099 0.18068 0 0.00048 0.150391 0.178153 0.501935 0.126837 0.289452 0.284424 0.468845 0.476075 0.546511 0.187284 0.243429 0.408497 0.187936 0.193062 0.265362 0.133586 0.169997 0.095914 0.022365 0.194404 0.337976 0.302259 0.38703 0.418968 0.560827 0.702115 0.482209 0.088789 0.001337 0.014579 0.002253 0.124665 0.303682 0.081757 0.232078 0.506591 0.136985 0.145047 0.002356 0.0011 0.202305 0.182454 0.287991 0.430818 0.16931 0.112511 0.209325 0.017197 0.000192 0.047662 0.090353
0.454046 0.605461 0.43688 0.26228 0.326708 0.119395 0.591821 0.778057 0.466927 0.078294 0.219156 0.216064 0.046128 0.006193 0.388772 0.534226 0.579379 0.571875 0.421382 0.418731 0.400712 0.475408 0.391582 0.302404 0.3399 0.485382 0.289483 0.702739 0.597376 0.577953 0.306176 0.364059 0.164868 0.158681 0.236958 0.460964 0.21641 0.250257 0.057516 0.089812 0.038219 0.036746 0.22919 0.227561 0.365821 0.605013 0.48026 0.23434 0.046993 0.002215 0.001739 0 0.007908 0.095724 0 0.213914 0.387964 0.401168 0.0407 0.023761 0.206195 0.156527 0.436331 0.370272 0.449504 0.128431 0.01012 0.002455 0.036274 0.17383 0.213955 0.060308
0.341127 0.640593 0.570099 0.394076 0.198849 0.158756 0.570593 0.535881 0.465466 0.215182 0.290003 0.133425 0.001176 0.03424 0.658549 0.673173 0.405201 0.278349 0.146983 0.534097 0.409251 0.276701 0.446312 0.417249 0.43484 0.663098 0.21167 0.520556 0.467257 0.690772 0.336991 0.371616 0.067192 0.145462 0.281953 0.228239 0.162571 0.21788 0.437447 0.502074 0.583591 0.084194 0.006974 0.030285 0.329579 0.442041 0.097726 0.191678 0.073338 0.007968 0.027746 0.106371 0.446034 0.293174 0.048852 0.291346 0.509004 0.296518 0.065587 0.016166 0.050098 0.015806 0.120321 0.132714 0.277858 0.372822 0.008625 0 0.000655 0.33002 0.242582 0.445315
0.424415 0.416535 0.388873 0.423605 0.34757 0.261599 0.475653 0.285049 0.077375 0.14958 0.032904 0.000291 0.074469 0.28984 0.435006 0.422203 0.370475 0.273413 0.284336 0.536068 0.489872 0.367242 0.210705 0.315192 0.518712 0.487206 0.134247 0.027933 0.210618 0.319198 0.308643 0.33611 0.103912 0.000129 0.01041 0.081905 0.566572 0.443981 0.369338 0.418912 0.310512 0.039859 0.001568 0.012911 0.118969 0.088148 0 0.011894 0.031843 0.050239 0.194197 0.211453 0.3901 0.206393 0.267523 0.315375 0.390085 0.29806 0.150706 0.008722 0.066296 0.105796 0.067885 0.249502 0.297397 0.160733 0.0546 0.039603 0.072001 0.401883 0.528699 0.570847
0.328396 0.098148 0.180262 0.728109 0.424751 0.46447 0.217197 0.007016 0.041689 0.022176 0 0.089288 0.153735 0.198204 0.233356 0.411305 0.310747 0.656483 0.417698 0.42377 0.416911 0.356594 0.387625 0.457543 0.342544 0.106249 0.039727 0.006437 0.014228 0.384347 0.362172 0.436708 0.116796 0.152652 0.010894 0.160502 0.066362 0.036627 0.131065 0.105834 0.125969 0.031805 0.005135 0.029371 0.146762 0.035134 0.004288 0.098526 0.13931 0.0351 0.117455 0.042578 0.081221 0.027275 0.277679 0.248676 0.451468 0.315178 0.340685 0.211084 0.523346 0.272481 0.25575 0.265937 0.301234 0.067766 0.04766 0.288966 0.316551 0.337296 0.413772 0.388628
0.178946 0.364865 0.128025 0.297777 0.185319 0.205224 0.213194 0.006038 0.001178 0 0.000879 0.005167 0.22781 0.337258 0.330764 0.159282 0.072255 0.239903 0.307995 0.35888 0.232576 0.442467 0.521917 0.426345 0.275113 0.103246 0.001108 0.000766 0.009532 0.096619 0.389765 0.129365 0.274388 0.140041 0.163506 0.136992 0.08533 0.03086 0.121743 0.112519 0.065399 0.143082 0.116702 0.171878 0.087309 0.186761 0.047318 0.362608 0.215629 0.042545 0.024405 0 0.039925 0.065201 0.22611 0.048255 0.114423 0.41033 0.254296 0.189354 0.277299 0.323417 0.197157 0.206608 0.104361 0.09476 0.203618 0.477672 0.28928 0.337848 0.509208 0.255107
0.137319 0.166736 0.032586 0.058731 0.095117 0.027098 0.001507 0 0 0 0.009661 0.088212 0.103112 0.301196 0.172492 0.002444 0.129281 0.13518 0.334244 0.581352 0.549853 0.185883 0.47619 0.490485 0.337051 0.203055 0.193949 0.011171 0.001334 0.037477 0.258337 0.478102 0.368475 0.349437 0.241179 0.190995 0.01692 4e-006 0.051553 0.130556 0.081263 0.146304 0.126124 0.03121 0 0.001144 0.091983 0.420306 0.291026 0.254212 0.006696 0.000945 0 0 0.03465 0.239133 0.184458 0.48435 0.314115 0.383055 0.515543 0.286598 0.000251 0 0.087305 0.245161 0.105658 0.237961 0.366261 0.273435 0.006448 0.398745
0.538354 0.365194 0.031914 0.223435 0.092109 0.037924 0.010434 0.00052 0 0 0.025504 0.145843 0.025684 0.179389 0.240055 0.170265 0.278811 0.290292 0.433883 0.276536 0.488402 0.349183 0.406214 0.721255 0.300959 0.475946 0.547223 0.035164 0.070671 0.248663 0.236739 0.192792 0.600048 0.543556 0.4091 0.50193 0.344976 0.02019 0.207363 0.232823 0.023831 0.151913 0.210632 0.058746 0.221552 0.180542 0.199113 0.12265 0.308602 0.252964 0.026445 0.005979 0 0 0 0 0 0.045801 0.095651 0.155335 0.211847 0.027232 0.00513 0.061414 0.130112 0.161514 0.153784 0.267703 0.267704 0.339314 0.195211 0.228693
0.285189 0.356131 0.52198 0.097335 0.018371 0 0.000616 3.2e-005 0 0 0.001224 0.00899 0.050548 0.098321 0.321301 0.3755 0.172659 0.434215 0.296021 0.180118 0.541908 0.604715 0.593749 0.634914 0.566978 0.623901 0.561694 0.402443 0.710362 0.142904 0.033011 0.040244 0.518055 0.393793 0.188046 0.272837 0.291235 0.287455 0.426843 0.213703 0.080181 0.065536 0.271944 0.403295 0.529116 0.749369 0.354188 0.04545 0.155071 0.035769 0.104486 0.076186 0.00147 0 0 0.0354 0.2648 0.000396 0.077009 0.090859 0.004339 0.009632 0.090409 0.130649 0.209911 0.169816 0.274431 0.232477 0.259518 0.347661 0.497128 0.359445
0.299904 0.161499 0.222708 0.229327 0.002121 0 0 0 0 0 6.2e-005 0 0.115077 0.100731 0.168533 0.208268 0.288231 0.423217 0.296309 0.243328 0.453239 0.475664 0.385335 0.636644 0.587634 0.600504 0.509702 0.24015 0.300874 0.017182 0 0.0713 0.400036 0.337479 0.386561 0.457025 0.262771 0.285283 0.104627 0.476815 0.070417 0.180873 0.280174 0.550019 0.263655 0.376261 0.370343 0.158224 0.186259 0.022046 0.227252 0.247268 0.002646 0.002223 0.000969 0.220296 0.260066 0.130574 0.019988 0.008807 0.097722 0.127324 0.170878 0.07684 0.042811 0.081458 0.290415 0.177163 0.086886 0.381115 0.29794 0.204605
0.307029 0.294306 0.278466 0.117923 0.000435 0.00079 0 0 0 0 0 5.6e-005 0.032358 0.021479 0.098955 0.045746 0.294885 0.283942 0.405997 0.415491 0.358089 0.418654 0.456948 0.602574 0.333518 0.508724 0.380529 0.374693 0.195797 0.335554 0.076844 0.329328 0.362911 0.487445 0.101164 0.12363 0.27548 0.180213 0.141604 0.398008 0.070422 0.002202 0.183926 0.515587 0.27937 0.45194 0.438931 0.128485 0.545312 0.270785 0.224615 0.082414 0 0.024138 0.034934 0.0016 0.454049 0.266502 0.098133 0.007871 0.091942 0.029169 0.115885 0.021368 0.040213 0.257672 0.277942 0.096308 0.140808 0.235871 0.480305 0.059838
0.430213 0.342656 0.061351 0.008071 0.002297 9e-005 0 0 0 0 0 0.043445 0.275503 0.120663 0.03024 0.114457 0.359475 0.236864 0.414408 0.413987 0.264842 0.382581 0.310613 0.391487 0.065091 0.229664 0.097263 0.37366 0.297268 0.468125 0.45453 0.352798 0.081165 0.13559 0.076065 0.171122 0.082728 0.057294 0.039514 0.138227 0.117438 0.170544 0.15297 0.274418 0.534815 0.402643 0.35602 0.225638 0.346225 0.37615 0.362782 0.175857 0.026871 0.001038 0.117134 0.276351 0.188412 0.050165 0.046653 0 0.056276 0.05574 0.000426 0.055971 0.107695 0.083874 0.199718 0.229021 0.404544 0.323026 0.226466 0.122571
0.166982 0.170249 0.23923 0.248884 0.089806 0.086579 0 0 0 0 0 0.0001 0.135131 0.049318 0.050456 0.338897 0.502835 0.181221 0.156785 0.198395 0.273862 0.216449 0.136863 0.397226 0.371029 0.192767 0.058967 0.366839 0.239433 0.580093 0.488324 0.092643 0.288936 0.044555 0.014796 0.131182 0.054542 0.083774 0.025608 0.096828 0.16654 0.405621 0.351737 0.481178 0.509037 0.170268 0.100022 0.375565 0.341908 0.473227 0.134295 0.263164 0.159284 0.094054 0.361774 0.46739 0.342663 0.070261 0.002571 0.007072 0.008803 0 0.000498 0.018194 0.159004 0.028596 0.168758 0.184629 0.226638 0.28951 0.414738 0.219917
0.100966 0.012892 0.134176 0.466099 0.068418 0.015709 0 0 0 0.022722 0 0 0.104632 0.138013 0.061259 0.04876 0.265626 0.058922 0.150211 0.347091 0.296404 0.037825 0.060917 0.066201 0.311967 0.072403 0.139342 0.275058 0.340626 0.597577 0.167266 0.177817 0.223039 0.01752 0.000297 0.002358 0.105832 0.153661 0.178081 0.083787 0.044825 0.183147 0.385716 0.4165 0.255976 0.052528 0.209589 0.272865 0.10434 0.497087 0.187366 0.622422 0.086618 0.44027 0.558523 0.437202 0.196435 0.013259 0.085653 0.17709 0 0 0.000181 0.035822 0.028246 0.063373 0.13056 0.259862 0.103233 0.214581 0.174517 0.415516
0.003333 0 0.026763 0.099901 0.00043 0.08614 0.008452 0.007373 0 0 0 0 0.002738 0.2043 0.177151 0.402679 0.172207 0.2835 0.191412 0.291823 0.366717 0.212728 0.149561 0.103295 0.169559 0.095807 0.23617 0.000254 0.113192 0.450506 0.045418 0.250225 0.289994 0.287456 0.006629 0.0065 0.122763 0.122969 0.170461 0.226391 0.359936 0.253588 0.368359 0.116662 0.319536 0.403895 0.434411 0.382838 0.161287 0.395512 0.317944 0.413681 0.158246 0.417637 0.523273 0.611671 0.537318 0.475617 0.324076 0.107637 0 0 0.000289 0.019648 0.004042 0.039261 0.003792 0.085621 0.099569 0.21036 0.240813 0.364054
0 8.8e-005 0.033842 0.287792 0.147566 0.211791 0.064163 0 0 0.002557 0.002618 0.001815 0.020865 0.113592 0.231943 0.247013 0.252942 0.235098 0.034766 0.048826 0.105291 0.084919 0.053439 0.081799 0.078683 0.068174 0.146191 0.112357 0.256212 0.196734 0.43027 0.354184 0.05359 0.050953 0.191641 0.0225 0.256553 0.412375 0.407975 0.445165 0.061127 0.036793 0.137044 0.173968 0.086108 0.38133 0.526413 0.262607 0.306799 0.217587 0.132985 0.129005 0.070269 0.231275 0.487967 0.492174 0.360899 0.418692 0.092847 0.050371 0 0 0.000153 0.094151 0.114828 0.038028 0.016865 0.019151 0.005516 0.071906 0.157495 0.288475
0.070637 0.163282 0.105149 0.259059 0.266604 0.266588 0.285697 0.000536 0.005431 0.014069 0.02272 0.019896 0.06661 0 0.036935 0.076513 0.253069 0.288571 0.007534 0 0.01994 0.152917 0.093465 0.062277 0.13971 0.092554 0.092282 0.108943 0.14343 0.282623 0.448317 0.158799 0.378192 0.123549 0.221949 0.330102 0.135612 0.129094 0.308377 0.371353 0.207886 0.129988 0.032681 0.192413 0.609453 0.462348 0.230628 0.243077 0.077355 0.054122 0.362323 0.513128 0.202682 0.084997 0.375563 0.395263 0.363092 0.301984 0.341327 0.093882 0 0.017717 0.204383 0.033965 0.220689 0.213385 0.198999 0.242722 0.067843 0 0 0.04078
0.330967 0.376493 0.015397 3e-005 0.394863 0.180481 0.487351 0.196209 0.184286 0.001939 0.176781 0.084795 0.224837 0.040021 0.20947 0.14527 0.172825 0.108793 0.096802 0.103867 0.105398 0.180339 0.079465 0.136041 0.087028 0.418517 0.492038 0.312551 0.362065 0.229395 0.307678 0.236486 0.238922 0.132919 0.234077 0.445963 0.078086 0.005182 0.2002 0.228916 0.151139 0.252655 0.142283 0.237473 0.338472 0.304251 0.17534 0.632488 0.363714 0.18539 0.427382 0.428796 0.36172 0.224409 0.177782 0.314324 0.526284 0.438901 0.522796 0.316575 0.058088 0.135356 0.194934 0.030261 0.13943 0.021381 0.077449 0.249138 0.271857 0.314403 0.099537 0.174787
0.367283 0.525293 0.218906 0.149584 0.245863 0.412281 0.501207 0.297044 0.155002 0.036122 0.218844 0.484957 0.426962 0.173146 0.444504 0.416517 0.149754 0.255702 0.297186 0.199122 0.214158 0.095036 0.13042 0.124665 0.107382 0.31477 0.340846 0.447945 0.272922 0.352705 0.124554 0.021121 0.149881 0.154636 0.161888 0.380694 0.307955 0.034396 0.222387 0.309166 0.30643 0.441178 0.431845 0.131848 0.588522 0.411091 0.215266 0.542253 0.568585 0.228843 0.330354 0.487268 0.332499 0.211367 0.021217 0.347052 0.442587 0.513166 0.45481 0.227168 0.18719 0.293721 0.002774 0.000392 0.00046 0.093792 0.160046 0.064072 0.159665 0.155665 0.381077 0.277082
0.273821 0.423365 0.465867 0.062901 0.274174 0.366065 0.18882 0.091726 0.070701 0.09795 0.281979 0.373756 0.55919 0.072518 0.356594 0.39275 0.139093 0.153601 0.157887 0.303072 0.335688 0.14127 0.097695 0.303643 0.197003 0.206909 0.235253 0.166708 0.305128 0.354228 0.171939 0.127757 0.159222 0.159646 0.169064 0.216606 0.342743 0.249146 0.43951 0.390991 0.125922 0.523408 0.341419 0.403262 0.633774 0.499862 0.29176 0.530192 0.364964 0.277432 0.492266 0.482471 0.155489 0.086471 0.016273 0.200151 0.580962 0.189064 0.411473 0.277418 0.045034 0.143616 0.023347 0 0.097216 0.092529 0.053505 0.02213 0.090788 0.063312 0.121015 0.005865
0.69429 0.525479 0.204891 0.360847 0.558455 0.186127 0.089429 0.173075 0.197704 0.153479 0.209201 0.572415 0.488839 0.384678 0.266521 0.42353 0.343205 0.29679 0.215257 0.406013 0.323587 0.223874 0.167116 0.117695 0.16701 0.135586 0.000886 0.070754 0.34352 0.216941 0.05059 0.18532 0.189323 0.381637 0.290757 0.311412 0.386551 0.442331 0.191595 0.15541 0.018008 0.146267 0.355289 0.446293 0.380385 0.268759 0.539194 0.306016 0.503806 0.063626 0.300859 0.382378 0.534755 0.300468 0.153643 0.324493 0.283832 0.487451 0.417342 0.135496 0.227764 0.343157 0.012707 0.165996 0.346086 0.107039 0.232201 0.116854 0.241223 0.072221 0.14565 0.025894
0.253199 0.222727 0.072409 0.223552 0.136981 0.080984 0.083317 0.464601 0.183975 0.268473 0.372754 0.401481 0.304185 0.467392 0.437593 0.256691 0.268195 0.622424 0.217166 0.415536 0.085348 0.335489 0.275245 0.297203 0.135307 0.111687 0.166216 0.227361 0.256845 0.038582 0.002108 0.154125 0.17837 0.294 0.20169 0.252437 0.394991 0.164558 0.212591 0.299559 0.167862 0.433074 0.36151 0.061242 0.064968 0.287849 0.326326 0.4683 0.186622 0.265187 0.227685 0.226521 0.596226 0.237993 0.639916 0.557522 0.486846 0.523444 0.323913 0.137295 0.424486 0.15165 0.103384 0.126976 0.442493 0.501422 0.511523 0.419561 0.07521 0.07756 0.054976 0.0443
0.44831 0.470722 0.442574 0.352408 0.11193 0.178658 0.361103 0.144507 0.136311 0.357546 0.343471 0.261119 0.333784 0.330794 0.098764 0.449204 0.291554 0.614224 0.193081 0.417379 0.200831 0.236957 0.256088 0.375448 0.125493 0.30002 0.144408 0.132864 0.200492 0.105202 0.001087 0.081818 0.176713 0.299825 0.098854 0.238258 0.347338 0.320783 0.431843 0.250448 0.387351 0.439523 0.554889 0.153972 0.200351 0.395108 0.496751 0.499976 0.263889 0.122772 0.523042 0.412195 0.634624 0.236209 0.296344 0.303194 0.169116 0.117983 0.182106 0.238849 0.201111 0.231873 0.405681 0.184612 0.241389 0.245436 0.301806 0.407861 0.095669 0.310383 0.514855 0.210935
0.614474 0.352308 0.487713 0.184916 0.479059 0.508988 0.384276 0.515297 0.665459 0.508731 0.522156 0.373163 0.095623 0.230464 0.245185 0.260055 0.560337 0.266056 0.463765 0.33702 0.094311 0.335552 0.479961 0.30239 0.078421 0.249463 0.049155 0.116147 0.118095 0.00042 0 0 0.060408 0.272878 0.026106 0.216264 0.260067 0.266956 0.231315 0.143454 0.450377 0.497528 0.582377 0.337056 0.631283 0.459033 0.380501 0.591319 0.322453 0.324839 0.018048 0.264673 0.567835 0.097875 0.191553 0.216328 0.03598 0 0.061688 0.386324 0.171878 0.398674 0.483939 0.230623 0.319214 0.397747 0.139325 0.292987 0.279563 0.405101 0.410763 0.445059
