EnvRasters/BAU_High/grain.asc
ncols         270
nrows         223
xllcorner     24099.479091542
yllcorner     21023.840179216
cellsize      1003.8986847201
NODATA_value  -9999
[rows 160 to 191 of 223, columns 144 to 215 of 270]
0 0 0 0 0 -9999 -9999 -9999 -9999 -9999 -9999 -9999 -9999 0 0.0832 0 0.1912 0.0327 0 0 0 4e-006 0.007795 0.184705 0.021964 0.155585 0.003194 0.034134 0.000364 0.060353 0.303445 0.327148 0.124613 0.070125 2.4e-005 0.003483 0.013753 0.000239 0 0 0.062514 0.095472 0.0009 0 0.003143 0.016645 0.037178 0.000149 0 0 0 0 0 0 0.000856 0 0 0 0 0 0 0 0 0.0334 0.0311 0.0006 0 0 0.081817 0.026078 0.1133 0.189836
0 0 0 0 0 -9999 -9999 -9999 -9999 -9999 -9999 -9999 -9999 0 0 0 0 0.0089 0 0 0 0.008264 0.009562 0.000325 0.012427 0.093753 0.035946 0.0198 0 0 0.000104 0.112714 0.11089 0 0 1e-005 0.00044 0 0 0 0 0 0 0 8e-006 0 0 0 0 0 0.0265 0 0.001378 0.001096 0 0.000551 0.000729 0 0 0 0 0 0.00096 0.043508 0.1523 0.3209 0.226 0.4825 0.462821 0.14509 0.0895 0.207846
0 0 0 0 0 -9999 -9999 -9999 -9999 -9999 -9999 -9999 -9999 -9999 0 0 0 0 0 0 0.012445 0.089928 0.159307 0.012174 0.004473 0 0.0004 0.0026 0 0 0.019038 0.21609 0.025568 0 0 0 0 0 0 0 0 0 0 0 0 0 0 0.0139 0.0573 0.167436 0.239018 0.0622 0.001311 0.001401 0.003868 0.000846 0 0 0 0 0 0 0.0892 0.235297 0.208854 0.0619 0.2618 0.522125 0.379482 0.346384 0.226982 0.34595
0 0 0 0 0 -9999 -9999 -9999 -9999 -9999 -9999 -9999 -9999 0 0 0.028988 0.015815 0 0 0 0.009328 0.094893 0.117203 0.1196 0.0096 0 0 0 0 0 0 0.009912 0 0 0 0 0 0 0 0 0 0 0 0 4e-006 0.000143 0 0.078647 0.0244 0.114603 0.424661 0.191233 0.029252 0.002587 0.034098 8.1e-005 0 0 0 0 0 0 0.012361 0.06041 0.239298 0.250426 0.129921 0.655191 0.501643 0.418639 0.355262 0.275945
0.0725 0 0 0 -9999 -9999 -9999 -9999 -9999 -9999 -9999 -9999 -9999 0 4.8e-005 0.059477 0.090682 0.036758 0 0 0.000286 0.000981 0 0.141774 0.230117 0 0 0 0 0 0 0 0 0.0084 0.050432 0.0555 0 0 0.024271 0 0 0 0 0 0.154924 0.0708 0.003825 0.0001 2e-006 0.161022 0.195397 0.248591 0.076412 0.153755 0.031264 0 0.000458 0 0 0 0 0 0.02736 0.327886 0.500854 0.482552 0.177048 0.160991 0.191 0.5009 0.521677 0.155971
0 0 0 0 -9999 -9999 -9999 -9999 -9999 -9999 -9999 -9999 -9999 0 1.2e-005 0.159237 0.093708 0.097418 0 0 1.1e-005 0 0.007071 0.143854 0.22184 0 0 0.000848 0.062653 0.001449 0 0 0 0.3488 0.2184 0.0188 0.00111 0.178467 0.019998 0 0 6e-006 0 0 0.006657 0.118734 0.004638 0.000156 2e-006 0.000277 0.00391 0.065355 0.122549 0.01298 0.003465 0.0805 0 0 0 2.5e-005 0.0016 0 0 0.2685 0.080768 0.6337 0.193786 0.000748 0.2785 0.1958 0.3788 0.305651
0 0 0 0 -9999 -9999 -9999 -9999 -9999 -9999 -9999 -9999 -9999 0 0.00031 0.050235 0.120831 8.5e-005 0.032283 0.000234 0.041428 0.016004 0.013918 0.184786 0.200231 0 0.001209 0.022723 0.339101 0.316209 0.144561 0.000908 0 0.036558 0.084 0 0.178492 0.096053 0.046513 0.007392 0.079375 0.09723 0.075959 0.038918 0.035058 0 0.016844 7e-006 0 0.00028 0.06564 0.035677 0.0503 0.0601 0.013595 0.1067 0 0 0 0.049595 0.075067 0.071603 0 0.0573 0.162814 0.13317 0.090075 0.0057 0.4111 0.3925 0.3155 0.150548
0 0 0 0 0 -9999 -9999 -9999 -9999 -9999 -9999 -9999 -9999 0 0.077855 0.243169 0.033197 0.171456 0.10585 0.029395 0.06589 0.031368 0.226297 0.218318 0.050241 9e-006 0.003034 0.042818 0.031768 0.171843 0.05392 0.000122 0 0 0 0 0.167682 0.017332 0 0.012375 0.131729 0.27135 0.011571 0.070112 0.283525 0.021889 0.025197 0 0 0.0153 0.0089 0.042695 0.080478 0.110454 0.079856 0.037049 0 0 0.045097 0.054793 0.131109 0.286974 0.1136 0.1178 0.1122 0.428907 0.213 0.076687 0.0901 0.4296 0.212014 0.057993
0 0 -9999 -9999 -9999 -9999 -9999 -9999 -9999 -9999 -9999 -9999 0 0.001171 0.238945 0.105926 0.070581 0.002146 0.093628 0.024 0.170465 0.124798 0.2089 0.042484 0.014967 0.000453 7.2e-005 0.226069 0.071928 0.6035 0.3542 0.174983 0.055044 0.002475 0 0 0.00448 0.036707 0 0 0.130982 0.058887 0.019945 0.044755 0.084832 0.047717 0.094136 0 0 0 0 0 0.182959 0.248468 0.074233 0.057172 0.012576 0 9.5e-005 0.001682 0.130879 0.45169 0.4549 0.0731 0 0.0051 0.0226 0.1965 0.166257 0.194756 0.292686 0.17
-9999 -9999 -9999 -9999 -9999 -9999 -9999 -9999 -9999 -9999 -9999 0 0 1e-006 0.107843 0.110689 0.04711 0.086059 0.0842 0.047299 0.151526 0.0516 0.1495 0.053644 0 0 0 0 0.0021 0.002837 0.009652 0.061336 0.234308 0.107051 0 0 0.003861 0.001188 0 0.000545 0.000349 0.096403 0.094978 0.267811 0.140307 0.198437 0.109954 0 0 0 0 0 0 0.051035 0.158034 0.073126 0.051378 0.188226 0.0817 0.1311 0 0.0679 0.295562 0.364852 0.0212 0 0.109875 0.1343 0.661048 0.254659 0.141921 0.286178
-9999 -9999 -9999 -9999 -9999 -9999 -9999 -9999 -9999 -9999 -9999 0 0 0 0 0 0 0 0 0.1569 0.1709 0.096901 0.178836 0.0238 0.0197 0 0 0 0 4.6e-005 0.000661 0.022938 0.16978 0.035801 0 0.2524 0.148331 0.130418 0.294395 0.049187 0.067225 0.04614 0.153245 0.124202 0.031784 0.093825 0.318177 0.0009 0 0 0 0 0 0.058501 0.079 0.170208 0.242505 0.181276 0.005016 0 0.317004 0.224946 0.341095 0.4457 0.0397 0 0.230475 0.1823 0.4277 0.3596 0.108045 0.05572
-9999 -9999 -9999 -9999 -9999 -9999 -9999 -9999 -9999 -9999 -9999 0 0 0 0 0 0 0 0 0.0101 0.090098 0.108511 0.091501 0.077578 0.307219 0.027436 0.0016 0 0 0 0.050053 0.13702 0.19479 0.009633 0.0618 0.0993 0.2539 0.006943 0.17132 0.003904 0.041538 0.016525 0.033979 0.082263 0.10239 0.101227 0 0 0 0 0 0 0 0.0331 0.328534 0.258635 0.228309 0.000448 0 0 0.0528 0.088575 0.068139 0.277905 0.0678 0 0.009 0.0901 0.0896 0.225 0.1581 0.035154
-9999 -9999 -9999 -9999 -9999 -9999 -9999 -9999 -9999 -9999 -9999 0 0 0 0 1.8e-005 0 0 0 0 0.046988 0.1132 0.307176 0.239447 0.496442 0.045912 0.157482 0.364889 0.070639 0.162917 0.137923 0.071162 0.042142 0 0.1989 0.0298 0 0.00107 0.022101 0.038916 0.234264 0.183549 0.106894 0.2351 0.326206 0.301848 0 0 0 0 0 0 0 0 0 0.065776 0.115 0 0 0 0.09 0.2832 0.689361 0.162228 0.0437 0.0049 0.1389 0.0782 0.23751 0.021187 0.1474 0.2722
-9999 -9999 -9999 -9999 -9999 -9999 -9999 -9999 -9999 -9999 -9999 -9999 -9999 -9999 -9999 0 0 0 1.8e-005 0.001235 0.021071 0.162717 0.15589 0.0304 0.174388 0.059639 0.075333 0.052234 0.011972 0.214349 0.082088 0.001581 0 0.0069 0.13624 0.015221 0.09405 0.000657 6.5e-005 0 0.167142 0.033988 0.144311 0.11956 0.0419 0 0.000546 0.000705 6.7e-005 0 0 0.028598 0 0 0 0 0.0092 0.000996 0.0251 0.04525 0.242 0.096323 0.234555 0.0007 0 0 0.0547 0.16164 0.160906 0.213034 0.33185 0.2764
-9999 -9999 -9999 -9999 -9999 -9999 -9999 -9999 -9999 -9999 -9999 -9999 -9999 -9999 -9999 0 0 0 0.002247 0.006998 0.092852 0.119918 0.1018 0.1206 0.12988 0.0245 0.082205 0.02208 0.063136 0.036299 0.003192 0.041263 0.0265 0.190289 0.204611 0.007032 0.03861 0 0.3966 0.0194 0.00808 0 0.022953 0.005992 0.02028 0.029909 0.039875 0.051824 0.138566 0.064778 0.0096 0.005365 0.014619 0 0 0.0119 0.167013 0.091716 0.135492 0.241738 0.0826 0.194076 0.176421 0.0352 0 0 0.112 0.2105 0.2666 0.1103 0.0047 0.1824
-9999 -9999 -9999 -9999 -9999 -9999 -9999 -9999 -9999 -9999 -9999 -9999 -9999 -9999 -9999 -9999 0 0 0.008862 0.184955 0.347725 0.065549 2.1e-005 0.092267 0.131208 0.000202 0.058922 0.001289 0.072309 0.061179 0.031366 0.10219 0.092487 0.0719 0.1093 0.0003 0.065865 0.03423 0.071355 0 0.260425 0.089826 0 0.071083 0.283155 0.34088 0.074666 0.268552 0.037846 0 0.0426 0.003498 0.105412 0.00064 0.000254 0.22899 0.128484 0.185142 0.169809 0.014996 0.41916 0.215932 0.239953 0 0.004491 0.008737 0.298354 0.110271 0.151071 0.332586 0.1367 0.367073
-9999 -9999 -9999 -9999 -9999 -9999 -9999 -9999 -9999 -9999 -9999 -9999 -9999 -9999 -9999 -9999 -9999 0 0 0.034729 0.216534 0.027026 0.0102 0.0248 0.102743 0.05815 0.172034 0.017661 0.178536 0.0635 0.143661 0.332094 0.132612 0.127682 0.0805 0.077264 0.352411 0.277678 0.11305 0.076342 0.112114 0.049917 0.0019 0.136484 0.060879 0.134671 0.051205 0.045404 0.041527 0.0176 0.113701 0.07131 0.01595 1.8e-005 0.001073 0.191606 0.286589 0.219595 0.220173 0.07092 0.016641 0.33724 0.031711 0.116736 0.105692 0.230005 0.067359 0.07481 0.262179 0.05115 0.016675 0.203538
-9999 -9999 -9999 -9999 -9999 -9999 -9999 -9999 -9999 -9999 -9999 -9999 -9999 -9999 -9999 -9999 -9999 0 0.000671 0.009554 0.077448 0.21776 0.127749 0.172588 0.188468 0.027117 0.070298 0.0054 0.094181 0.057892 0 0.147545 0.215253 0.192297 0.0382 0.026208 0.085373 0.378857 0.198622 0.222246 0.064459 0.095157 0.106822 0.189958 0 0 0 0 0 0.0805 0.216773 0.057494 0.0954 0.26153 0.172951 0.287366 0.31981 0.213872 0.081498 0.057935 0.041774 0.0169 0.0002 0.130831 0.1025 0.326588 0.248183 0.13797 0.200127 0.170997 0.3195 0.055025
-9999 -9999 -9999 -9999 -9999 -9999 -9999 -9999 -9999 -9999 -9999 -9999 -9999 -9999 -9999 -9999 -9999 0 0.203308 0.149928 0.091299 0.140937 0.051311 0.239577 0.085531 0.073505 0.161941 0.044704 0.028752 0.000192 0.0475 0.114872 0.014088 0.023896 0.132497 0.061014 0.065765 0.212896 0.1046 0.217924 0.251068 0.032613 0.017719 0.148696 0.048458 0 0 0 0 0.146815 0.254815 0.04465 0.103479 0.427064 0.128075 0.41295 0.1153 0.1849 0.0191 0.0416 0 0 0.0089 0.056576 0.268516 0.217515 0.3003 0.236825 0.190825 0.425961 0.1484 0.13408
-9999 -9999 -9999 -9999 -9999 -9999 -9999 -9999 -9999 -9999 -9999 -9999 -9999 -9999 -9999 -9999 -9999 0.064544 0.09298 0.181894 0.124061 0.025443 0.000222 0 0.000704 0.000609 0.01381 0.216559 0.076723 0.001263 0.343712 0.256706 0.0062 0.0173 0 0.089812 0.103207 0.307082 0.322874 0.1749 0.224534 0.083975 0.1484 0.081369 0.04241 0 0 6e-005 7.5e-005 0.012969 0.099384 0.1173 0.064183 0.1841 0.0893 0.0075 0.0316 0.075 0.073796 0.018044 0.075582 0.136584 0.199572 0.278448 0.295783 0.084872 0.41062 0.40044 0.089426 0.203454 0.257829 0.256351
-9999 -9999 -9999 -9999 -9999 -9999 -9999 -9999 -9999 -9999 -9999 -9999 -9999 -9999 -9999 -9999 0 0.011243 0.0044 0.017939 0.101475 0.050193 0 0.0798 0.015952 0.071209 0.0794 0.095777 6e-005 0.001 0.0012 0.0882 0 0.001115 0.185349 0.206352 0.2006 0.287194 0.117161 0.1955 0.266684 0.053183 0.013796 0.094025 0.168472 0.0632 0.0079 0 0 0 0 0 0 0.04381 0.000172 0.061108 0.011807 0.1142 0.4847 0.13148 0.038543 0.084201 0.099476 0.035761 0.1028 0.11806 0.176777 0.2593 0.28269 0.321787 0.0158 0.173869
-9999 -9999 -9999 -9999 -9999 -9999 -9999 -9999 -9999 -9999 -9999 -9999 -9999 -9999 -9999 -9999 0 0.069124 0 0.016731 0 0.016387 0 0 0.080519 0.000524 0 0 0.045214 0.128969 0.024224 0.08808 0.008523 0.101898 0.324017 0.099819 0.2663 0.0447 0.064169 0.139182 0.124393 0.053709 0.055176 0.34264 0.237216 0.161705 0.080727 0 0 0 0 0 0.025559 0.155206 0.231918 0.442525 0.280698 0.105 0.053561 0.149778 0.035213 0.1968 0.29949 0.239905 0.213625 0.2081 0.234 0.1093 0.1842 0.3211 0.1927 0.36008
-9999 -9999 -9999 -9999 -9999 -9999 -9999 -9999 -9999 -9999 -9999 -9999 -9999 -9999 -9999 0 0 0 0 0 0.011734 0.013118 0.065264 0.000515 0 0 0 0.0292 0.0791 0.0105 0.079138 0.267021 0.112893 0.113631 0.231107 0.159632 0.10993 0.105636 0.045984 0.0062 0.0324 0.1214 0.07206 0.123443 0.043762 0.167612 0.119171 0.0357 0.0935 0.01886 0.2127 0.026399 0.217282 0.069088 0.253704 0.336397 0.6842 0.238219 0.255664 0.074114 0.28729 0.023416 0.0559 0.072531 0.095576 0.170064 0.0189 0.264524 0.375978 0.06899 0.17238 0.2222
-9999 -9999 -9999 -9999 -9999 -9999 -9999 -9999 -9999 -9999 -9999 -9999 -9999 -9999 -9999 0 0 0 0 0 0 0 0.167412 0.000793 0 0 0 0.003047 0.0091 0 0.001526 0.107082 0.064953 0.078722 0.287558 0.10264 0.077183 0.158249 0.0246 0 0 0.039668 0.261027 0.108044 0.029241 0.010764 0.006292 0.300176 0.209013 0.108092 0.12805 0.064915 0.03372 0.06101 0.308348 0.196549 0.34145 0.1056 0.0364 0.151126 0.027599 0.0188 0.103 0.055346 0.061055 0.082264 0.11106 0.028442 0.053547 0.03992 0.2058 0.0348
-9999 -9999 -9999 -9999 -9999 -9999 -9999 -9999 -9999 -9999 -9999 -9999 -9999 -9999 -9999 0 0 0 0 0 0 0 0 0 0 0.000147 0.001471 0.013684 0.005851 0.199033 0.217648 0.040286 0.0002 0.164 0.0565 0.1575 0 0 0.0033 0 0 0.0133 0.149025 0.150364 0.094351 0.246417 0.019319 0.253653 0.168801 0.145406 0.052416 0.08639 0.066146 0.0608 0.3934 0.192235 0.09165 0.0326 0.001131 0.141265 0.211165 0.056673 0.076897 0.1016 0.0157 0.051646 0.090851 0 0.007513 0.0022 0.0109 0.013807
-9999 -9999 -9999 -9999 -9999 -9999 -9999 -9999 -9999 -9999 -9999 -9999 -9999 -9999 -9999 -9999 0 0 0 0 0 0 0 0 1e-006 0.006744 0.019196 0.004931 0.0226 0.06373 0.436496 0.0045 0.0029 0.0465 0.1892 0.1605 0 0 0 0.048438 0 0 0 0.0013 0.019 0.059906 0.148265 0.042699 0.061603 0.043118 0.201104 0.196819 0.0779 0.0537 0.190103 0.05392 0.04981 0 0.01292 0.152386 0.22047 0.121828 0.023342 0.0031 0 0.0864 0 0 0 0 0 0
-9999 -9999 -9999 -9999 -9999 -9999 -9999 -9999 -9999 -9999 -9999 -9999 -9999 -9999 -9999 -9999 0 0.085478 0.231962 0.0339 0 0 0 0 0 0.0018 0.005497 8.4e-005 0 0.0228 0 0.038 0.126238 0.081124 0 0 0 0 0.0083 0.274111 0.114044 0 0 0 0 0.0364 0.2037 0.0189 0.1457 0.0396 0.151396 0.174916 0.078294 0.127152 0.009957 0.262216 0.265008 0.1163 0.238893 0.410693 0.194947 0.243627 0.135954 0.0139 0.018945 0.006 0.047 0.058806 0.00038 0 0 0
-9999 -9999 -9999 -9999 -9999 -9999 -9999 -9999 -9999 -9999 -9999 -9999 -9999 -9999 -9999 -9999 0 0.010016 0.1422 0.092894 0 0 0 0 0 0.000221 4.6e-005 0 0.1204 0.0608 0.0644 0.041 0.055905 0.074835 0 0.019522 0.09048 0.0521 0.004 0.0035 0.0697 0.0039 0 0 0 0 0 0 0.0851 0.040396 0 0 0.1498 0.0785 0.065858 0.213195 0.144 0.1258 0.15287 0.43719 0.051764 0.299711 0.05799 0.073879 0.155588 0.096687 0.113899 0.080001 0 0 0 0
-9999 -9999 -9999 -9999 -9999 -9999 -9999 -9999 -9999 -9999 -9999 -9999 -9999 -9999 -9999 -9999 0 0 0.0085 0.2886 0.05 0 0 0 0 0 1e-006 0.0338 0 0 0.0893 0.0652 0.228926 0.078198 0 0.024142 0.074031 0.002209 0 0.049853 0 0 0 0 0 0 0 0.0017 0.0695 0.04083 0.0117 0.1802 0.032752 0.0987 0.0729 0 0.0729 0.1097 0.020524 0.118643 0.225622 0.275649 0.216588 0.23653 0.184838 0.077978 0.4665 0.0094 0 0 0 0.0232
-9999 -9999 -9999 -9999 -9999 -9999 -9999 -9999 -9999 -9999 -9999 -9999 -9999 -9999 -9999 0 0 0 0.078 0.2501 0.0775 0 0 0 4e-006 0 0 0.0911 0.0377 0 0.0002 0.0012 0.078129 0.223424 0 0 0.030439 0 0 0.0033 0 0 0 0 0 0 0 0 0.018 0.0457 0 0.000628 0.023936 0.070609 0.1219 0 0 0 0 0.0169 0.1266 0.060855 0.0552 0.1033 0 0.1584 0.1841 0.0579 0 0 0.09596 0.033518
-9999 -9999 -9999 -9999 -9999 -9999 -9999 -9999 -9999 -9999 -9999 -9999 -9999 -9999 -9999 0 0 0 0 0 0 0 0 -9999 -9999 -9999 0 0.022 0 0 0 0.068151 0.075086 0.03273 0.000491 0.037968 0.06097 0.0178 0 0 0.0023 0.0178 0 0.020225 0 0 0 0 0 0 0 0.0034 0.0009 0.032914 0 0 0 0 0 0 0.048958 0.08822 0.034552 0.099904 0.024905 0.306664 0.1913 0.0251 0.0498 0.1767 0.027724 0.00858
-9999 -9999 -9999 -9999 -9999 -9999 -9999 -9999 -9999 -9999 -9999 -9999 -9999 -9999 -9999 -9999 -9999 -9999 -9999 0 -9999 -9999 -9999 -9999 -9999 -9999 0 0 0 0 0.004556 0.00569 0.055265 0 0.000544 0 0 0 0 0 0 0.0477 0 0 0 0 0 0 0 0 0 0 0 0 0 0 0 0 0 0.0016 0.105368 0.335002 0.000555 0.016521 0.136966 0.371452 0.216764 0.125828 0.041315 0.134708 0.261891 0.157172
