EnvRasters/BAU_High/grain.asc
ncols         270
nrows         223
xllcorner     24099.479091542
yllcorner     21023.840179216
cellsize      1003.8986847201
NODATA_value  -9999
[rows 32 to 63 of 223, columns 0 to 71 of 270]
-9999 -9999 -9999 -9999 -9999 -9999 -9999 -9999 -9999 -9999 -9999 -9999 -9999 -9999 -9999 -9999 -9999 -9999 -9999 0 0 0.136791 0.040599 0 0 0.00277 0.035502 0.023145 0.014934 0.004705 0.514673 0.678071 0.216705 0.566996 0.702759 0.548331 0.547516 0.63696 0.422885 0.198625 0.200879 0.318017 0.421164 0.1827 0 0 0 0.001609 0.082823 0.0046 0.265905 0.413304 0.426887 0.343323 0.292576 0.552144 0.395278 0.585264 0.511862 0.48824 0.103849 0.060985 0.394087 0.551247 0.606517 0.510549 0.454009 0.608181 0.584975 0.369612 0.434513 0.566004
-9999 -9999 -9999 -9999 -9999 -9999 -9999 -9999 -9999 -9999 -9999 -9999 -9999 -9999 -9999 -9999 -9999 -9999 0 0.067992 0.012141 0.113423 0.165058 0.124263 0.099414 0.105367 0.241878 0.065492 0.003243 0.053806 0.303032 0.316703 0.45133 0.332841 0.385561 0.273717 0.330036 0.232882 0.398256 0.568931 0.29518 0.201964 0.082665 0 0 0 0 0.001916 0.021191 0.084918 0.186748 0.12913 0.039827 0.216576 0.4234 0.268528 0.416749 0.609925 0.499402 0.270163 0.038555 0.01225 0.143328 0.231009 0.141125 0.225221 0.238606 0.427868 0.558409 0.452137 0.513661 0.546046
-9999 -9999 -9999 -9999 -9999 -9999 -9999 -9999 -9999 -9999 -9999 -9999 -9999 -9999 -9999 -9999 0 9.5e-005 0.089387 0.291839 0.569412 0.357674 0.720081 0.610412 0.676668 0.644737 0.458268 0.536445 0.426792 0.313905 0.238868 0.535865 0.602809 0.349993 0.212691 0.266377 0.241575 0.693028 0.500481 0.437016 0.165705 0.123178 0.005022 0 0.000192 0 0 0 0.038926 0.221923 0.092197 0.23165 0.471707 0.302681 0.572369 0.449566 0.535716 0.571798 0.554382 0.319366 0.169183 0.29307 0.075578 0.121948 0.145551 0.304062 0.138887 0.353517 0.497242 0.502352 0.554477 0.609762
-9999 -9999 -9999 -9999 -9999 -9999 -9999 -9999 -9999 -9999 -9999 -9999 -9999 -9999 -9999 0 0.036982 0.13336 0.374039 0.630257 0.567321 0.298833 0.471276 0.554997 0.602098 0.515144 0.463042 0.404034 0.553748 0.453141 0.128465 0.249738 0.47168 0.411697 0.529318 0.36072 0.060762 0.098272 0.33968 0.100478 0 0.136441 0.0375 0 0 2e-005 0 0.0316 0.21622 0.131045 0.243432 0.378638 0.485466 0.287128 0.620918 0.6295 0.62526 0.666965 0.571484 0.307996 0.437622 0.245062 0.423987 0.42232 0.25394 0.469811 0.361381 0.090833 0.051397 0.033703 0.135576 0.407479
-9999 -9999 -9999 -9999 -9999 -9999 -9999 -9999 -9999 -9999 -9999 -9999 -9999 0 0 0.212313 0.514899 0.550567 0.625424 0.661729 0.533272 0.137066 0.270808 0.527193 0.471454 0.179602 0.581838 0.495196 0.635146 0.665553 0.357431 0.257721 0.166742 0.135959 0.225827 0.159767 0.141174 0.086424 0.247975 0.146648 0.122596 0.14052 0.20215 0.000454 0.0038 0.001682 0.012347 0.13491 0.426091 0.288998 0.439822 0.344124 0.375312 0.366081 0.5228 0.606145 0.51762 0.63557 0.502033 0.393488 0.444926 0.082007 0.269579 0.311617 0.499388 0.236406 0.50435 0.190013 0.047857 0.021303 0.012852 0.330383
-9999 -9999 -9999 -9999 -9999 -9999 -9999 -9999 -9999 -9999 -9999 0 0 0 0.380895 0.734916 0.730254 0.627374 0.525617 0.555903 0.625222 0.621843 0.579147 0.661732 0.369759 0.52734 0.579627 0.565398 0.492576 0.648661 0.305015 0.246356 0.307039 0.359125 0.402791 0.191758 0.43565 0.327237 0.24514 0.336007 0.157543 0.101997 0.057682 0 0.184121 0.11012 0.35957 0.23821 0.396223 0.540811 0.52161 0.453224 0.371144 0.025238 0.325448 0.549651 0.479626 0.447829 0.438881 0.500664 0.293577 0.341187 0.225855 0.289806 0.402601 0.369425 0.61857 0.432838 0.341487 0.350836 0.199245 0.4588
-9999 -9999 -9999 -9999 -9999 -9999 -9999 -9999 -9999 0 0.001245 0.056931 0.169499 0.000386 0.147504 0.673171 0.473417 0.600528 0.754777 0.236349 0.717001 0.584665 0.528119 0.783573 0.540296 0.399665 0.234484 0.034565 0.067142 0.212689 0.382328 0.297717 0.379832 0.317443 0.423187 0.241171 0.270661 0.446737 0.312526 0.248827 0.158556 0.070202 0.142054 0.0045 0.161629 0.250225 0.051501 0.176394 0.138285 0.453721 0.509254 0.632838 0.379594 0.540532 0.379194 0.544135 0.49224 0.328654 0.418051 0.445723 0.280693 0.170873 0.2852 0.374259 0.603256 0.48928 0.469682 0.573615 0.426239 0.0069 0.334209 0.462499
-9999 -9999 -9999 -9999 -9999 -9999 -9999 -9999 0 0 0.010429 0.047236 0.171693 0.247557 0.363531 0.47904 0.778792 0.529788 0.798478 0.66991 0.456582 0.647692 0.801408 0.853167 0.741893 0.633808 0.224499 0.407315 0.531616 0.547622 0.297515 0.398387 0.378859 0.36041 0.293943 0.347482 0.199435 0.004968 0.055084 0.266286 0.366475 0.309824 0.302195 0.067901 0.276311 0.299696 0.018 0.099548 0.182063 0.527688 0.487228 0.460111 0.504647 0.567492 0.315167 0.575675 0.444388 0.47514 0.417547 0.351256 0.059889 0.003024 0.058541 0.198867 0.375785 0.58008 0.528623 0.569612 0.662737 0.245275 0.441699 0.140878
-9999 -9999 -9999 -9999 -9999 0 0 0 0 0 0.295455 0.281004 0.022643 0.147362 0.336281 0.730609 0.764186 0.488434 0.606624 0.690557 0.529852 0.684165 0.576892 0.546036 0.476279 0.726362 0.601465 0.630821 0.609805 0.409972 0.513899 0.333163 0.478343 0.424654 0.452883 0.451628 0.386668 0.213201 0.268006 0.080334 0.223595 0.42361 0.578932 0.588485 0.481058 0.235399 0.019871 0.044042 0.522691 0.384942 0.428767 0.36308 0.353621 0.33459 0.466203 0.554323 0.422486 0.409569 0.194539 0.219944 0.392236 0.089026 0.150556 0.1077 0.254254 0.618816 0.556303 0.54541 0.652107 0.515979 0.524509 0.456698
-9999 -9999 -9999 -9999 0 0 0 0 0 0.004505 0.34662 0.372969 0.096664 0.145957 0.634005 0.399168 0.609363 0.619822 0.785247 0.771169 0.621859 0.541084 0.594165 0.633941 0.661397 0.697184 0.754065 0.635509 0.35767 0.530116 0.445014 0.068548 0.211257 0.480478 0.632116 0.407715 0.465506 0.554326 0.328096 0.528865 0.387372 0.069948 0.265623 0.335218 0.440432 0.300403 0.125394 0.193175 0.397951 0.465937 0.385377 0.360948 0.158026 0.049176 0.276229 0.500423 0.474092 0.342508 0.230395 0.195879 0.470099 0.083138 0.263388 0.325164 0.491699 0.206863 0.505667 0.437334 0.411711 0.63006 0.81152 0.502586
-9999 -9999 0 0 0.004571 0 0 0.005209 0.086997 0.607006 0.784794 0.744888 0.280064 0.456817 0.8196 0.879567 0.672262 0.832943 0.600671 0.720546 0.771522 0.477219 0.574128 0.637063 0.568924 0.712848 0.337901 0.333922 0.371457 0.49049 0.430275 0.347118 0.206964 0.318657 0.3798 0.399246 0.133101 0.434743 0.287263 0.460602 0.073017 0.13277 0.082213 0.074993 0.233277 0.152746 0.173981 0.073561 0.327468 0.142633 0.165981 0.39321 0.067564 0.187256 0.213376 0.146908 0.43912 0.495709 0.450474 0.274858 0.497857 0.684288 0.350021 0.315344 0.369471 0.214349 0.374059 0.508114 0.323479 0.221301 0.657192 0.650133
0 0 0 0 0.000212 8e-006 0.396433 0.736087 0.289096 0.534111 0.663399 0.673272 0.552079 0.442393 0.652333 0.723971 0.927859 0.7397 0.484503 0.594587 0.797238 0.631764 0.623377 0.789903 0.714858 0.611742 0.567625 0.58737 0.535802 0.577105 0.490175 0.466187 0.365287 0.325006 0.405036 0.397594 0.315246 0.388419 0.361716 0.3616 0.191538 0.286055 0.474682 0.337509 0.434049 0.216722 0.225227 0.188803 0.35036 0.357484 0.085861 0.154818 0.057588 0.158813 0.409181 0.196106 0.490136 0.443408 0.541452 0.531907 0.373251 0.388533 0.353609 0.4491 0.438096 0.37714 0.540423 0.396343 0.176125 0.070767 0.354584 0.523791
0 0 0 0.019961 0.267714 0.517232 0.572894 0.513895 0.529473 0.662057 0.869365 0.714104 0.822829 0.844096 0.728787 0.778318 0.903945 0.575973 0.8722 0.61908 0.572016 0.545085 0.386849 0.593431 0.532526 0.540468 0.399327 0.482509 0.518116 0.566926 0.488961 0.237605 0.271072 0.695109 0.616641 0.565386 0.454178 0.540569 0.42813 0.403341 0.195902 0.100495 0.311551 0.29419 0.118201 0.069543 0.26502 0.294181 0.102736 0.039809 0.02845 0.010251 0.179651 0.461552 0.51246 0.26733 0.304791 0.369814 0.536523 0.412944 0.086219 0.131498 0.375885 0.559002 0.629528 0.530456 0.342617 0.411329 0.563362 0.351298 0.456728 0.457365
0 0 0.184999 0.736584 0.55137 0.552117 0.615835 0.526306 0.824233 0.804533 0.727145 0.68899 0.731693 0.845985 0.649486 0.681246 0.83985 0.67855 0.741952 0.548312 0.475138 0.578821 0.503162 0.382337 0.504897 0.330968 0.483782 0.138339 0.102881 0.354475 0.148403 0.103057 0.415061 0.382423 0.173105 0.156214 0.360666 0.412406 0.437462 0.48726 0.324874 0.334555 0.31134 0.176277 0.065357 0.153757 0.318814 0.493735 0.23729 0.183261 0.058324 0.200765 0.092422 0.477415 0.258088 0.188265 0.005635 0.254925 0.406865 0.285013 0.095969 0.114892 0.410461 0.488282 0.334728 0.418858 0.546096 0.538153 0.63197 0.441343 0.636936 0.442563
0.325972 0.302017 0.441576 0.635085 0.457248 0.349522 0.164317 0.574901 0.669893 0.671458 0.799773 0.768537 0.741915 0.725757 0.83098 0.61942 0.790424 0.73125 0.517751 0.507983 0.567855 0.230004 0.43548 0.462384 0.609261 0.288139 0.289603 0.252938 0.114227 0.346252 0.2944 0.416294 0.307871 0.382477 0.197917 0.557248 0.344901 0.399948 0.375595 0.317588 0.362091 0.308255 0.491291 0.284515 0.401589 0.306651 0.453456 0.438228 0.619646 0.540699 0.108911 0.118154 0.138329 0.2085 0.51198 0.135255 0.05908 0.18159 0.403835 0.444682 0.135237 0.071702 0.203318 0.44805 0.255993 0.719689 0.436633 0.33743 0.511807 0.244628 0.455768 0.417983
0.441137 0.107307 0.533781 0.460217 0.539111 0.408554 0.00152 0.026342 0.33506 0.582919 0.519907 0.690716 0.837487 0.650518 0.72676 0.509837 0.802863 0.442803 0.372254 0.662481 0.740535 0.493608 0.552313 0.380168 0.444761 0.449918 0.37204 0.184603 0.578513 0.593624 0.386668 0.403461 0.260116 0.314924 0.410897 0.407587 0.302433 0.093877 0.392305 0.267778 0.338151 0.265078 0.361278 0.483274 0.340472 0.573722 0.318167 0.491036 0.563103 0.433884 0.298956 0.286359 0.118885 0.049449 0.189655 0.205184 0.189663 0.402933 0.378465 0.490607 0.186858 0.114947 0.195538 0.25867 0.269594 0.567007 0.247549 0.335188 0.597406 0.399305 0.419852 0.446511
0.327156 0.502257 0.666835 0.814547 0.521323 0.520704 0.198499 0.064851 0.60847 0.667634 0.764588 0.629256 0.742714 0.793884 0.798896 0.737321 0.82017 0.631729 0.884716 0.616452 0.659647 0.420521 0.580945 0.521512 0.595925 0.320009 0.407508 0.346361 0.593059 0.369755 0.467174 0.37896 0.153934 0.0909 0.392569 0.072468 0.042044 0.00482 0.26727 0.136801 0.254376 0.476208 0.565629 0.584021 0.34186 0.236458 0.383402 0.400964 0.448432 0.448844 0.454283 0.462481 0.19949 0.32842 0.287554 0.207085 0.16099 0.287018 0.458029 0.528315 0.339827 0.140828 0.030317 0.096793 0.343075 0.5468 0.413716 0.185687 0.523204 0.220555 0.250064 0.511324
0.761258 0.866888 0.676776 0.853953 0.818606 0.678931 0.42408 0.547841 0.526259 0.652442 0.663259 0.651816 0.752251 0.760966 0.811252 0.492037 0.4429 0.6523 0.534416 0.666517 0.454327 0.289031 0.406576 0.4758 0.523073 0.289836 0.515247 0.32537 0.472611 0.40424 0.444819 0.64194 0.36326 0.329043 0.617687 0.34589 0.148596 0.067993 0.266511 0.359914 0.477483 0.391957 0.429687 0.642819 0.608765 0.355923 0.407029 0.507524 0.315049 0.137274 0.483929 0.464566 0.492345 0.498138 0.451149 0.440865 0.296973 0.311964 0.322918 0.444488 0.540446 0.3489 0.392921 0.463684 0.152845 0.486423 0.476541 0.330766 0.350474 0.347651 0.295407 0.412655
0.728575 0.743311 0.834786 0.799063 0.703206 0.412756 0.711335 0.557508 0.700071 0.780986 0.572645 0.527448 0.387751 0.493711 0.852761 0.528203 0.57994 0.653487 0.694013 0.661426 0.267 0.14105 0.284713 0.556014 0.367584 0.440272 0.548229 0.27401 0.432018 0.61268 0.406774 0.399002 0.406512 0.348725 0.453674 0.384506 0.511904 0.372151 0.363022 0.437237 0.503648 0.453461 0.325438 0.456098 0.419925 0.208749 0.462975 0.366543 0.176101 0.209241 0.358134 0.412123 0.452789 0.474909 0.532349 0.511785 0.433566 0.391026 0.456751 0.268738 0.509577 0.371411 0.335257 0.521186 0.532196 0.371107 0.470933 0.420371 0.429462 0.139666 0.1114 0.341377
0.584016 0.821044 0.855109 0.828012 0.708739 0.61872 0.784158 0.715175 0.623448 0.616547 0.636677 0.421298 0.516913 0.364082 0.471853 0.800399 0.638545 0.460112 0.404568 0.459429 0.178309 0.129805 0.112627 0.055516 0.325071 0.520765 0.462663 0.455223 0.370076 0.507982 0.353746 0.424338 0.364697 0.406859 0.362511 0.563875 0.519466 0.410181 0.387889 0.441175 0.293296 0.321882 0.279508 0.390616 0.414259 0.066302 0.325984 0.465542 0.634427 0.561226 0.536168 0.677028 0.543956 0.452112 0.514788 0.426998 0.315821 0.340933 0.242892 0.582754 0.375696 0.146626 0.285672 0.438316 0.398745 0.438956 0.324343 0.290181 0.383971 0.305588 0.58197 0.38475
0.553309 0.787624 0.564865 0.808007 0.638284 0.763798 0.737108 0.741277 0.355036 0.555987 0.486906 0.712711 0.566774 0.186207 0.239194 0.365375 0.39405 0.490843 0.55503 0.256377 0.003319 0.444156 0.354948 0.101744 0.196488 0.145016 0.29066 0.302392 0.367113 0.254935 0.311068 0.425778 0.030677 0.324163 0.455322 0.721991 0.435287 0.251419 0.346833 0.198484 0.418042 0.403647 0.456831 0.485052 0.185864 0.330773 0.580183 0.589541 0.50718 0.391698 0.438317 0.369411 0.362245 0.414372 0.494381 0.440069 0.381536 0.199424 0.436391 0.695807 0.477168 0.394337 0.57455 0.614758 0.58244 0.407626 0.412674 0.173669 0.208899 0.517297 0.574538 0.149579
0.684866 0.651187 0.664742 0.730434 0.749108 0.465882 0.566515 0.552444 0.52437 0.515264 0.365888 0.575683 0.473449 0.629588 0.251167 0.11101 0.251186 0.647233 0.625982 0.205901 0.217311 0.504277 0.630895 0.301244 0.614205 0.351159 0.118845 0.201362 0.235958 0.292087 0.134119 0.500318 0.132176 0.239239 0.370269 0.549759 0.399748 0.354636 0.153354 0.081495 0.176331 0.367125 0.422643 0.450238 0.407534 0.517168 0.703733 0.582114 0.431742 0.490456 0.496728 0.524895 0.431329 0.296047 0.456274 0.412013 0.477722 0.538738 0.527233 0.65821 0.540277 0.602254 0.532473 0.479551 0.390579 0.349721 0.594627 0.365576 0.074062 0.586948 0.465258 0.353604
0.640605 0.703663 0.48453 0.651858 0.703561 0.732228 0.529687 0.689891 0.620018 0.30832 0.513786 0.644103 0.542985 0.651744 0.77923 0.520968 0.401122 0.598155 0.389598 0.16819 0.543158 0.486603 0.489329 0.532173 0.468768 0.588504 0.417832 0.303984 0.339664 0.266221 0.315728 0.458603 0.398746 0.521329 0.3791 0.429905 0.376395 0.375411 0.431792 0.503496 0.445346 0.330128 0.498768 0.406019 0.317501 0.335563 0.41877 0.416096 0.373946 0.640865 0.58107 0.434336 0.518639 0.629395 0.297345 0.305533 0.503324 0.55078 0.60435 0.569906 0.46207 0.475523 0.541448 0.593388 0.539325 0.420306 0.335626 0.26857 0.439579 0.469723 0.391228 0.496204
0.394601 0.749039 0.652472 0.833779 0.804849 0.569442 0.578562 0.805059 0.629149 0.652309 0.665459 0.394727 0.728446 0.644414 0.55841 0.432267 0.593146 0.497459 0.109906 0.424007 0.330344 0.67883 0.491892 0.609573 0.509709 0.504473 0.477057 0.395122 0.400546 0.439866 0.433025 0.474553 0.41666 0.618658 0.412951 0.497398 0.410486 0.407239 0.414909 0.512318 0.574101 0.400023 0.334163 0.489009 0.175384 0.327562 0.394103 0.34016 0.469996 0.449604 0.464017 0.32793 0.242901 0.445055 0.392758 0.444294 0.507443 0.353384 0.459413 0.569037 0.528183 0.555821 0.644755 0.446998 0.636095 0.527018 0.492253 0.304183 0.448134 0.475389 0.049455 0.106752
-9999 0.140622 0.541059 0.60621 0.740002 0.401045 0.60092 0.635528 0.753242 0.817874 0.760127 0.455396 0.59812 0.581351 0.673195 0.455071 0.392759 0.1355 0.066306 0.170895 0.375777 0.528514 0.740793 0.294357 0.519299 0.567503 0.543243 0.441966 0.410694 0.404441 0.414779 0.45169 0.457352 0.525093 0.556686 0.557627 0.205207 0.135594 0.250205 0.417311 0.401762 0.477265 0.39417 0.40604 0.25329 0.461185 0.527388 0.290772 0.249496 0.547707 0.330707 0.052793 0 0.012152 0.182666 0.445476 0.436387 0.507077 0.261755 0.283976 0.542481 0.656312 0.644016 0.436309 0.492667 0.549498 0.422218 0.257162 0.362789 0.198214 0.178039 0.067999
-9999 -9999 0.538595 0.551281 0.552233 0.715901 0.627817 0.585361 0.663961 0.834585 0.694845 0.42001 0.329854 0.575446 0.516309 0.317796 0.086017 0.06 0.47382 0.0233 0.207073 0.731961 0.532224 0.629522 0.509515 0.530094 0.251493 0.475211 0.331635 0.246343 0.402538 0.515738 0.557094 0.562418 0.485456 0.462273 0.544465 0.494118 0.361349 0.508425 0.41974 0.342306 0.493726 0.260306 0.324615 0.703434 0.417927 0.181519 0.229867 0.498379 0.399382 0.169666 0.05153 0.124284 0.482465 0.389983 0.415214 0.416714 0.375212 0.328436 0.560365 0.690175 0.581174 0.332629 0.337336 0.186436 0.14069 0.160585 0.134004 0.223479 0.147502 0.457301
-9999 -9999 0.257227 0.684136 0.786011 0.800096 0.404407 0.485602 0.724406 0.824817 0.623138 0.588406 0.562311 0.575494 0.560947 0.504292 0.0396 0.397574 0.651874 0.345159 0.408062 0.55388 0.536652 0.489927 0.509516 0.167973 0.150715 0.549891 0.472638 0.397645 0.071777 0.444661 0.473022 0.487794 0.203353 0.06598 0.465764 0.337269 0.147479 0.431309 0.496125 0.420235 0.382523 0.011422 0.329894 0.385338 0.231863 0.512991 0.416459 0.470614 0.49856 0.281123 0.432763 0.254315 0.42084 0.558154 0.435852 0.347073 0.401664 0.461798 0.281897 0.161266 0.501211 0.559927 0.491953 0.251412 0 0.074672 0.202443 0.015361 0.147637 0.435774
-9999 -9999 0.00262 0.575279 0.678353 0.580555 0.482324 0.661379 0.789787 0.700025 0.525465 0.618071 0.586073 0.557773 0.32555 0.19094 0.1584 0.447478 0.511505 0.514133 0.494663 0.604078 0.596653 0.283903 0.409559 0.327195 0.038495 0.476633 0.435959 0.342782 0.183082 0.440135 0.449321 0.536692 0.523959 0.264254 0.494161 0.337677 0.044968 0.005681 0.328863 0.401838 0.279921 0.191274 0.465637 0.591818 0.463167 0.402432 0.496788 0.379049 0.515547 0.427219 0.330764 0.405859 0.391539 0.42676 0.333701 0.455393 0.440368 0.409484 0.48862 0.596198 0.353732 0.689246 0.523407 0.164817 0 0.017407 0.397067 0.400675 0.514976 0.476547
-9999 -9999 -9999 0.359308 0.769269 0.86049 0.669257 0.778043 0.627916 0.677885 0.409459 0.181925 0.294729 0.1892 0.2121 0.162547 0.163796 0.209302 0.286685 0.525045 0.557878 0.577437 0.524683 0.488694 0.561719 0.510661 0.0476 0.284899 0.572899 0.465386 0.467556 0.362539 0.417384 0.232937 0.319039 0.415863 0.207608 7e-005 0.001478 0.267432 0.442424 0.31127 0.450342 0.346607 0.516732 0.286162 0.190881 0.551994 0.470429 0.26669 0.218317 0.483712 0.310892 0.576663 0.374076 0.405145 0.577433 0.442961 0.142494 0.190847 0.501241 0.356445 0.3402 0.399247 0.371207 0.264963 0.099865 0.41847 0.383203 0.56889 0.502188 0.365831
-9999 -9999 0.021996 0.238221 0.474845 0.350033 0.421875 0.435402 0.418665 0.261503 0.496178 0.383961 0.228146 0.374885 0.228085 0.170313 0.674433 0.294348 0.486433 0.224532 0.59222 0.549335 0.690376 0.353696 0.552538 0.526652 0.272018 0.414841 0.443883 0.419405 0.425357 0.367737 0.46716 0.417135 0.538847 0.403667 0.140604 0 0 0.004326 0.075701 0.298527 0.452782 0.43313 0.332611 0.399315 0.280013 0.502478 0.294437 0.148333 0.178258 0.52146 0.339211 0.421349 0.376239 0.487652 0.45219 0.365171 0.498562 0.482015 0.603719 0.445677 0.577719 0.27939 0.139427 0.453889 0.540621 0.268172 0.09483 0.506009 0.465012 0.081489
-9999 -9999 0.220815 0.597274 0.353756 0.533254 0.491345 0.833192 0.737458 0.268892 0.608144 0.562583 0.661115 0.666956 0.650192 0.383514 0.62989 0.520987 0.693657 0.404876 0.512837 0.442031 0.542789 0.574718 0.584916 0.638106 0.512813 0.475146 0.424254 0.499688 0.44418 0.424391 0.50885 0.217655 0.219222 0.383819 0.194109 0.00817 0 0.000459 0.018919 0.17634 0.172293 0.346799 0.293346 0.299156 0.288739 0.403908 0.411757 0.031089 0.178404 0.395835 0.286608 0.313788 0.31919 0.38104 0.383314 0.220803 0.452985 0.406672 0.380196 0.373914 0.309731 0.258366 0.319933 0.393202 0.579818 0.400447 0.455436 0.405499 0.338465 0.584352
-9999 0.16102 0.417146 0.563374 0.634605 0.701167 0.652897 0.569454 0.567482 0.334935 0.432171 0.501629 0.740939 0.637056 0.717843 0.666934 0.546416 0.675113 0.612951 0.559831 0.705753 0.607626 0.486397 0.543581 0.592572 0.559689 0.538351 0.507593 0.487833 0.266374 0.093104 0.300235 0.476788 0.306541 0.314442 0.418262 0.202079 0.000118 0 0.002739 0.002162 0.112647 0.175058 0.13405 0.322943 0.427451 0.302185 0.301774 0.333533 0.292006 0.278668 0.288578 0.275216 0.467132 0.239405 0.503337 0.29915 0.12112 0.328642 0.213231 0.282237 0.182326 0.129961 0.359556 0.529651 0.423434 0.388282 0.296105 0.507845 0.517781 0.614278 0.485263
