EnvRasters/BAU_High/grass.asc
ncols         270
nrows         223
xllcorner     24099.479091542
yllcorner     21023.840179216
cellsize      1003.8986847201
NODATA_value  -9999
[rows 60 to 89 of 223, columns 0 to 68 of 270]
-9999 -9999 -9999 0.010958 0.090269 0.043154 0.157816 0.075244 0.214692 0.14888 0.470064 0.657809 0.594866 0.7113 0.6121 0.747339 0.618892 0.597949 0.441821 0.050664 0.156313 0.118208 0.194416 0.071337 0.208295 0.112112 0.02475 0.006518 0.03337 0.059751 0.065297 0.052781 0.122921 0.192431 0.168568 0.194987 0.079232 0 0.00017 0.078204 0.090299 0.038825 0.099406 0.225277 0.124094 0.033441 0.059633 0.121444 0.080452 0.224856 0.143866 0.156126 0.164672 0.164738 0.281855 0.184477 0.260982 0.341812 0.095422 0.283198 0.31422 0.29179 0.307121 0.116765 0.140994 0.008803 0.079615 0.081405 0.20742
-9999 -9999 0.001564 0.051976 0.115549 0.365834 0.441785 0.457056 0.331354 0.389532 0.227446 0.530708 0.669494 0.572814 0.264147 0.743151 0.134597 0.502086 0.371658 0.418662 0.237576 0.141743 0.103391 0.171778 0.160585 0.082792 0.064348 0.165506 0.047859 0.172257 0.054471 0.006769 0.10088 0.157193 0.036506 0.068001 0.067212 0 0 0.018935 0.037413 0.202057 0.037837 0.150151 0.046509 0.095124 0.151956 0.104489 0.099268 0.089319 0.049819 0.16771 0.093829 0.242382 0.246736 0.175748 0.171617 0.281786 0.278809 0.199193 0.160542 0.142806 0.054918 0.033708 0.041852 0.128159 0.120889 0.032748 0.039957
-9999 -9999 0.009254 0.084812 0.330278 0.363283 0.155043 0.089718 0.134557 0.633108 0.222335 0.213717 0.122278 0.090809 0.061699 0.43507 0.152495 0.292909 0.168492 0.341105 0.394172 0.297937 0.262128 0.051551 0.080648 0.012581 0.173929 0.093239 0.079505 0.034002 0.063543 0.065449 0.087222 0.126708 0.081706 0.07079 0.080331 0 0 0.003442 0.00599 0.057048 0.051867 0.045274 0.14676 0.174839 0.109507 0.148022 0.143468 0.005016 0.099851 0.185138 0.206981 0.362994 0.156396 0.24515 0.249192 0.250767 0.220008 0.157606 0.137697 0.215885 0.177055 0.278565 0.059576 0.240032 0.037693 0.153086 0.069049
-9999 0.004327 0.039188 0.311698 0.187989 0.112089 0.120875 0.149267 0.257227 0.394361 0.275189 0.069044 0.102775 0.139158 0.106113 0.131885 0.312373 0.142231 0.221061 0.06646 0.070459 0.250068 0.275159 0.129108 0.04839 0.113521 0.176689 0.13324 0.049985 0.051885 0.025819 0.074492 0.170008 0.079422 0.068281 0.079775 0.024251 0.001278 0.000672 0 0.006594 0.065344 0.098647 0.002327 0.081339 0.201953 0.053705 0.021916 0.083432 0.34625 0.107994 0.106723 0.170056 0.127539 0.28045 0.14278 0.278773 0.157926 0.17128 0.019321 0.224451 0.270278 0.095789 0.277331 0.13857 0.254647 0.176355 0.311839 0.184774
0 0.0311 0.331914 0.21115 0.050159 0.127247 0.113371 0.136428 0.08319 0.112019 0.205725 0.271541 0.106171 0.091795 0.142179 0.196177 0.061768 0.117826 0.200074 0.178151 0.032861 0.188919 0.173652 0.19772 0.102444 0.117234 0.041904 0.058699 0.032571 0.171099 0.112958 0.154005 0.092838 0.048568 0.015406 0.048775 0.144011 0.055099 0.01424 0.052777 0.055016 0.023312 0.006372 0 0.003348 0.004408 0.029713 0.009201 0.100846 0.158759 0.17796 0.073552 0.265124 0.101925 0.176674 0.353995 0.165738 0.234392 0.050903 0.163761 0.135609 0.136019 0.264546 0.343872 0.184598 0.160182 0.253354 0.157975 0.044041
-9999 0.049257 0.131347 0.08407 0.162438 0.179295 0.111119 0.213624 0.074089 0.128003 0.139662 0.204958 0.259824 0.140621 0.09851 0.155253 0.022515 0.131407 0.091858 0.32182 0.104593 0.105544 0.055375 0.11566 0.077353 0.220466 0.018582 0.081418 0.13796 0.176836 0.116524 0.193654 0.135537 0.050361 0.126265 0.021552 0.106267 0.068773 0.157254 0.055521 0.086397 0.15786 0.005967 0.008213 0 0.111672 0.058448 0.055536 0.042246 0.132505 0.199614 0.075819 0.107319 0.050862 0.141978 0.092001 0.255683 0.065632 0.321065 0.409189 0.079424 0.023919 0.241961 0.266506 0.271364 0.304083 0.114447 0.140325 0.078537
-9999 0.02374 0.094671 0.098114 0.073128 0.115273 0.196587 0.168968 0.133334 0.169637 0.265605 0.183252 0.152337 0.143281 0.152312 0.121496 0.089847 0.049236 0.085947 0.097803 0.120905 0.140823 0.187413 0.122898 0.379453 0.221976 0.050506 0.102389 0.089871 0.152222 0.156322 0.137731 0.157117 0.097127 0.087201 0.092938 0.076706 0.065376 0.097492 0.130462 0.068685 0.08794 0.100728 0.017274 0.021496 0.053074 0.067363 6.4e-005 0.068546 0.058905 0.038592 0.098071 0.076418 0.079834 0.073077 0.033297 0.210599 0.074502 0.158482 0.245608 0.031581 0.036993 0.1048 0.181153 0.130896 0.176919 0.056673 0.130853 0.200753
-9999 0.032732 0.104435 0.119517 0.056164 0.029224 0.228913 0.134905 0.039461 0.066048 0.096838 0.021947 0.097557 0.131649 0.036818 0.036356 0.159705 0.066871 0.130687 0.120882 0.165294 0.208311 0.092619 0.066589 0.104967 0.137894 0.087093 0.046224 0.210684 0.143272 0.081449 0.058994 0.120882 0.107532 0.183568 0.089742 0.140083 0.103468 0.119646 0.055713 0.064463 0.241452 0.095012 0.108694 0.072688 0.031753 0.15385 0.066122 0.086874 0.135108 0.160936 0.1641 0.062217 0.073526 0.135347 0.006302 0.058571 0.010468 0.091233 0.395028 0.153019 0.161269 0.04065 0.107492 0.126517 0.051905 0.092923 0.101282 0.069235
-9999 0.006273 0.098775 0.043744 0.128669 0.071627 0.059085 0.149944 0.084693 0.054801 0.046785 0.03436 0.059153 0.076257 0.108379 0.104472 0.093607 0.055967 0.292334 0.164824 0.107139 0.123687 0.114704 0.085137 0.057308 0.102781 0.290313 0.079051 0.180924 0.094928 0.164841 0.141881 0.233845 0.101607 0.12742 0.212834 0.119243 0.068939 0.238616 0.09905 0.212273 0.197559 0.268236 0.120866 0.112246 0.085399 0.065056 0.067078 0.115235 0.076607 0.138124 0.087411 0.028866 0.121858 0.143026 0.062868 0.085744 0.119056 0.000167 0.009111 0.004974 0.164018 0.13515 0.276437 0.291792 0.274382 0.060658 0.138941 0.094748
-9999 0.041395 0.245437 0.046529 0.080586 0.084435 0.104809 0.110572 0.043677 0.012836 0.049412 0.089831 0.019326 0.140338 0.024886 0.055664 0.185565 0.15393 0.074149 0.034221 0.049938 0.069238 0.059445 0.061123 0.034965 0.244565 0.113001 0.015634 0.122603 0.102627 0.208281 0.11377 0.104865 0.136733 0.122791 0.170264 0.126883 0.202402 0.143747 0.067251 0.215553 0.065473 0.090718 0.075012 0.077947 0.072462 0.009721 0.176905 0.051942 0.086191 0.081583 0.057218 0.116171 0.079372 0.016647 0.171337 0.085758 0.069585 0.001881 0 0.000215 0.044086 0.083428 0.350091 0.254481 0.220743 0.058489 0.093687 0.085943
-9999 0.013468 0.106214 0.190985 0.142697 0.185267 0.098369 0.091553 0.140888 0.135083 0.012377 0.039261 0.074714 0.095642 0.108391 0.219669 0.130319 0.10813 0.076576 0.099917 0.049543 0.009319 0.106573 0.080795 0.043583 0.030823 0.030249 0.057764 0.067316 0.112141 0.213804 0.16836 0.1006 0.191494 0.232922 0.066921 0.095268 0.132444 0.206637 0.070288 0.477541 0.198988 0.033218 0.121431 0.242956 0.033856 0.094219 0.263276 0.11716 0.201473 0.121888 0.080366 0.08303 0.018652 0.095437 0.253936 0.20648 0.093364 0.1032 0.06482 0.071541 0.071099 0.164924 0.380078 0.479251 0.235768 0.07646 0.131788 0.07978
-9999 0.100122 0.057519 0.091021 0.087611 0.183311 0.057079 0.0887 0.031585 0.020334 8.7e-005 0.093618 0.101631 0.161478 0.118109 0.239324 0.107025 0.16395 0.117476 0.041939 0.044942 0.001281 0.100983 0.024915 0.057023 0.158214 0.215827 0.201541 0.197823 0.121828 0.118159 0.25234 0.156238 0.185518 0.188589 0.234161 0.103107 0.131207 0.043155 0.185545 0.254821 0.312329 0.06816 0.151023 0.114943 0.063116 0.065227 0.181173 0.0063 0.082975 0.055518 0.043094 0.031495 0.081745 0.083013 0.108631 0.13326 0.086503 0.306567 0.08037 0.046446 0.053141 0.053335 0.140133 0.211469 0.282106 0.178361 0.077885 0.046825
-9999 0.00781 0.112658 0.127116 0.050899 0.079309 0.187218 0.073371 0.053531 0.022337 0.029805 0.003593 0.102395 0.134144 0.112684 0.078313 0.107521 0.108058 0.110833 0.070498 0.003902 0.025793 0.028499 0.165099 0.174297 0.178099 0.210649 0.112123 0.17763 0.195638 0.151466 0.188916 0.053568 0.156459 0.194659 0.098461 0.040512 0.338259 0.178303 0.121172 0.082524 0.054691 0.08278 0.186361 0.067931 0.053978 0.04085 0.007159 0 0.005707 0.054676 0 0.017441 0.003293 0.005621 0.142617 0.087568 0.246689 0.10311 0.092591 0.160204 0.176507 0.090921 0.155134 0.122038 0.010817 0.042909 0.049955 0.130742
-9999 -9999 0.025789 0.071129 0.158731 0.168525 0.088988 0.083823 0.035593 0.065299 0.074124 0.137264 0.103957 0.127445 0.090496 0.113979 0.139724 0.130805 0.09455 0.080366 0.085352 0.165194 0.114705 0.031183 0.186074 0.023702 0.139807 0.101656 0.251037 0.089398 0.12215 0.101108 0.254991 0.20086 0.095828 0.118861 0.124469 0.16203 0.104441 0.283457 0.049587 0.154153 0.079717 0.036548 0.071735 0.047656 0.044244 0.016169 0 0.091898 0 0 0.138594 0.215809 0.056094 0.149627 0.057708 0.11501 0.36059 0.130319 0.114822 0.127047 0.147785 0.138052 0.321055 0.138654 0.337676 0.198385 0.105904
-9999 -9999 0 0.10624 0.082101 0.050168 0.100889 0.021317 0.032285 0.033718 0.070675 0.212057 0.054524 0.066145 0.121095 0.056624 0.131777 0.230307 0.139199 0.151435 0.073919 0.330985 0.166036 0.130753 0.150157 0.248421 0.149008 0.293623 0.200134 0.284616 0.139585 0.215387 0.193346 0.132641 0.185196 0.22636 0.072528 0.152445 0.098865 0.048629 0.052149 0.095198 0.077957 0.022505 0.028799 0.01396 0.008337 0.000377 0 0.002143 0.016431 0.003504 0.131496 0.106623 0.134854 0.256931 0.021572 0.048838 0.132252 0.102991 0.166596 0.113678 0.153187 0.191806 0.164524 0.100943 0.173998 0.3142 0.027641
-9999 -9999 -9999 0.022396 0.103507 0.055757 0.071014 0.036184 0.181951 0.125574 0.171114 0.028967 0.131578 0.059729 0.03708 0.034254 0.146301 0.118007 0.092833 0.116937 0.112242 0.140722 0.104291 0.097835 0.125764 0.119651 0.107809 0.160978 0.411384 0.263148 0.253833 0.115974 0.24496 0.196782 0.141758 0.148812 0.066705 0.144683 0.116958 0.163887 0.059441 0.072579 0.091163 0.023519 0.013089 0.00574 0.084685 0 0 0.000943 0 0.053868 0.202647 0.116119 0.211353 0.156282 0.077815 0.072483 0.062399 0.187641 0.090786 0.22276 0.221985 0.085841 0.07228 0.030272 0.106718 0.181659 0.032755
-9999 -9999 -9999 0 0.010791 0.000465 0 0.027436 0.03991 0.04515 0.116123 0.187567 0.112384 0.115554 0.116523 0.064411 0.137275 0.192856 0.06823 0.330467 0.185833 0.116779 0.22483 0.106615 0.165162 0.152978 0.133386 0.088958 0.238752 0.228156 0.098319 0.202386 0.14966 0.220863 0.07348 0.059728 0.112076 0.109756 0.131458 0.142234 0.200198 0.000828 0.07572 0.146861 0.01517 0.130859 0.051567 0.0009869999 0.0003 0.016287 0.06454 0.083292 0.002479 3.3e-005 0.091064 0.074369 0.176047 0.067751 0.095593 0.07796 0.186654 0.117885 0.143091 0.093765 0.024087 0.179796 0.263848 0.067862 0.122479
-9999 -9999 -9999 -9999 -9999 -9999 -9999 -9999 -9999 0.047943 0.130824 0.242494 0.214933 0.085667 0.128722 0.131099 0.18512 0.1014 0.141678 0.049109 0.163173 0.150225 0.122306 0.057293 0.165536 0.141652 0.370398 0.220091 0.260442 0.263051 0.274007 0.200756 0.138819 0.104019 0.018034 0.08094 0.0953 0.024274 0.090821 0.095364 0.04495 0 0.00322 0.047359 0.087812 0.069979 0.001397 0.000796 0.003791 0.0199 0.000345 0.017811 0.015508 0.001348 0.095596 0.099836 0.07206 0.036397 0.089071 0.191001 0.154634 0.244026 0.05615 0.053364 0.112047 0.060951 0.166806 0.207268 0.170106
-9999 -9999 -9999 -9999 -9999 -9999 -9999 -9999 -9999 0.000216 0.211842 0.169839 0.154711 0.131292 0.157348 0.174069 0.051066 0.191816 0.303677 0.129644 0.13871 0.288178 0.146733 0.204961 0.05903 0.10001 0.223761 0.251069 0.166922 0.177713 0.136254 0.214233 0.302594 0.089405 0.139384 0.194713 0 0 0.032178 0.217445 0.341315 0.149202 0.09715 0.142361 0.045867 0.046789 0.05458 0.052516 0.029633 0.091169 0.062736 0.076225 0.040761 0.088819 0.040878 0.085988 0.111254 0.044064 0.050909 0.080615 0.095529 0.150326 0.05743 0.167289 0.144762 0.13377 0.093334 0.023072 0.028222
-9999 -9999 -9999 -9999 -9999 -9999 -9999 -9999 -9999 -9999 0.106124 0.198566 0.154852 0.147257 0.129328 0.263677 0.127704 0.164993 0.059005 0.208368 0.201687 0.069741 0.215995 0.15076 0.220708 0.133354 0.196685 0.147816 0.279301 0.088668 0.163619 0.166897 0.036333 0.066822 0.099126 0.134927 0.000581 0 0.040491 0.072655 0.093945 0.037859 0.053987 0.073308 0.049602 0.102633 0.049797 0.038309 0.017826 0.046682 0.084201 0.107605 0.068103 0.145288 0.060468 0.059485 0.054346 0.057591 0.050564 0.056804 0.038823 0.107622 0.162764 0.161566 0.116564 0.150679 0.044856 0.23137 0.041424
-9999 -9999 -9999 -9999 -9999 -9999 -9999 -9999 -9999 -9999 0 0.045837 0.110821 0.040651 0.210067 0.114461 0.124277 0.213004 0.080397 0.144705 0.238955 0.139801 0.226226 0.186106 0.139027 0.079866 0.136647 0.140867 0.103783 0.020016 0.026729 0.00037 0.007663 0.007358 0.103623 0.0581 0 -9999 -9999 0.002772 0.032804 0.044923 0.130408 0.159119 0.084919 0.063499 0.122094 0.105395 0.187341 0.055254 0.098755 0.160249 0.145283 0.124155 0.100613 0.04641 0.154302 0.091212 0.045131 0.029157 0.093694 0.215408 0.147223 0.163512 0.031149 0.211288 0.131887 0.22136 0.189816
-9999 -9999 -9999 -9999 -9999 -9999 -9999 -9999 -9999 -9999 -9999 -9999 0.103407 0.268052 0.279508 0.214284 0.220365 0.144612 0.17376 0.069741 0.186924 0.177004 0.113984 0.106813 0.047455 0.11999 0.160386 0.147089 0.006833 0.099717 0.092689 0.001678 -9999 -9999 0.047403 0.039811 -9999 -9999 -9999 -9999 0.016197 0.084138 0.018729 0.076177 0.143393 0.040363 0.046298 0.069193 0.140116 0.004196 0.10907 0.071232 0.103183 0.153104 0.114093 0.043864 0.046734 0.031403 0.047006 0.019683 0.113906 0.479746 0.230263 0.044282 0.099917 0.168782 0.161591 0.234579 0.170912
-9999 -9999 -9999 -9999 -9999 -9999 -9999 -9999 -9999 -9999 -9999 -9999 0.060701 0.160485 0.04838 0.124949 0.128175 0.060969 0.076905 0.074908 0.029026 0.201813 0.024755 0.058806 0.191047 0.1566 0.04101 0.101923 0.037335 0 -9999 -9999 -9999 -9999 -9999 -9999 -9999 -9999 -9999 -9999 0.020871 0.055608 0.089182 0.086913 0.043034 0.120565 0.057953 0.079441 0.050399 0.110604 0.100072 0.14974 0.052503 0.024118 0.055347 0.023125 0.050999 0.022874 0.018031 0.140409 0.119549 0.30259 0.093246 0.025607 0.036778 0.209044 0.200943 0.206474 0.280147
-9999 -9999 -9999 -9999 -9999 -9999 -9999 -9999 -9999 -9999 -9999 -9999 -9999 0 0.139988 0.043286 0.160444 0.21458 0.110615 0.064013 0.055869 0.05156 0.037796 0.168467 0.163356 0.023085 0.039728 0.016621 -9999 -9999 -9999 -9999 -9999 -9999 -9999 -9999 -9999 -9999 -9999 -9999 -9999 0.00279 0.020059 0.053562 0 0.00329 0.058753 0.092331 0.091677 0.014938 0.132425 0.113227 0.064471 0.049451 0.029811 0.03663 0.087295 0.005564 0.059686 0.076721 0.079186 0.243819 0.084346 0.052431 0.076639 0.135324 0.187675 0.195131 0.205916
-9999 -9999 -9999 -9999 -9999 -9999 -9999 -9999 -9999 -9999 -9999 -9999 -9999 0.047078 0.536153 0.264328 0.163856 0.208916 0.187372 0.251357 0.165596 0.237633 0.17035 0.092185 0.055216 0 -9999 -9999 -9999 -9999 -9999 -9999 -9999 -9999 -9999 -9999 -9999 -9999 -9999 -9999 -9999 0 0 0.001634 0 0 0.000132 0.010419 0.086948 0.109568 0.176996 0.062718 0.094787 0.036794 0.048991 0.017924 0.12743 0.098735 0.049183 0.20785 0.037298 0.193349 0.084643 0.046305 0.057687 0.18039 0.112548 0.077501 0.171457
-9999 -9999 -9999 -9999 -9999 -9999 -9999 -9999 -9999 -9999 -9999 -9999 -9999 0.002058 0.444589 0.291783 0.180879 0.244144 0.155824 0.136331 0.103825 0.112968 0.056923 0.040617 0.12394 0 -9999 -9999 -9999 -9999 -9999 -9999 -9999 -9999 -9999 -9999 -9999 -9999 -9999 -9999 -9999 -9999 0 0 0.012612 0.003482 0.045355 0.090091 0.086424 0.101827 0.037414 0.059946 0.02279 0.037663 0.087921 0.062865 0.058618 0.108059 0.105062 0.085405 0.25448 0.087095 0.184295 0.228159 0.08846 0.205695 0.197845 0.156616 0.400354
-9999 -9999 -9999 -9999 -9999 -9999 -9999 -9999 -9999 -9999 -9999 -9999 -9999 -9999 0.05464 0.179708 0.371595 0.147211 0.225489 0.251253 0.213649 0.257947 0.225893 0.107771 0.063468 -9999 -9999 -9999 -9999 -9999 -9999 -9999 -9999 -9999 -9999 -9999 -9999 -9999 -9999 -9999 -9999 -9999 0 0.001746 0.045667 0.130017 0.169255 0.159989 0.156491 0.11627 0.002753 0 0.077035 0.057687 0.058413 0.021919 0.052906 0.028331 0.081246 0.030402 0.090277 0.259953 0.114257 0.085026 0.139224 0.115843 0.175972 0.320126 0.316865
-9999 -9999 -9999 -9999 -9999 -9999 -9999 -9999 -9999 -9999 -9999 -9999 -9999 -9999 -9999 0.005442 0.053585 -9999 0.01303 0.200122 0.072091 0.139348 0.018424 0.160495 0.088095 -9999 -9999 -9999 -9999 -9999 -9999 -9999 -9999 -9999 -9999 -9999 -9999 -9999 -9999 -9999 -9999 -9999 0 0.100437 0.085151 0.018412 0.045258 0.132991 0.070178 0.045635 0.032379 0.009955 0.042446 0.067124 0.035246 0.209073 0.075431 0.053446 0.012398 0.025439 0.06036 0.142045 0.175423 0.132141 0.088443 0.0584 0.171842 0.210306 0.071824
-9999 -9999 -9999 -9999 -9999 -9999 -9999 -9999 -9999 -9999 -9999 -9999 -9999 -9999 -9999 -9999 -9999 -9999 -9999 0.080869 0.095277 0.098409 0.084255 0.143656 -9999 -9999 -9999 -9999 -9999 -9999 -9999 -9999 -9999 -9999 -9999 -9999 -9999 -9999 -9999 -9999 -9999 -9999 -9999 0.000837 0.008376 0.002297 0 0.067135 0.133859 0.044374 0.092645 0.158038 0.068696 0.142402 0.072869 0.240876 0.153089 0.000757 0.013694 0.159611 0.10629 0.121153 0.304561 0.236554 0.085964 0.061331 0.082115 0.070377 0.163945
-9999 -9999 -9999 -9999 -9999 -9999 -9999 -9999 -9999 -9999 -9999 -9999 -9999 -9999 -9999 -9999 -9999 -9999 -9999 -9999 -9999 0.047765 0.203499 -9999 -9999 -9999 -9999 -9999 -9999 -9999 -9999 -9999 -9999 -9999 -9999 -9999 -9999 -9999 -9999 -9999 -9999 -9999 -9999 -9999 -9999 -9999 0.010932 0.078717 0.10415 0.087623 0.096723 0.067178 0.032282 0.022379 0.076685 0.076255 0.007417 0.008549 0.142704 0.060015 0.108445 0.024096 0.040965 0.141437 0.142128 0.116044 0.253645 0.092605 0.125036
