EnvRasters/BAU_High/grass.asc
ncols         270
nrows         223
xllcorner     24099.479091542
yllcorner     21023.840179216
cellsize      1003.8986847201
NODATA_value  -9999
[rows 30 to 59 of 223, columns 0 to 68 of 270]
-9999 -9999 -9999 -9999 -9999 -9999 -9999 -9999 -9999 -9999 -9999 -9999 -9999 -9999 -9999 -9999 -9999 -9999 -9999 -9999 -9999 -9999 0 0 0 0 0.005009 0.067146 0.129163 0.239391 0.248214 0.108474 0.1935 0.290263 0.459275 0.09655 0.241905 0.0992 0.3908 0.248916 0.168199 0.29339 0.407756 0.313915 0.083599 0.03697 0.184231 0.15525 0.235613 0.2834 0.3586 0.214955 0.349488 0.112257 0.213475 0.223961 0.350394 0.196238 0.342633 0.1284 0.15342 0.222389 0.182049 0.225095 0.167718 0.230885 0.232714 0.383327 0.227652
-9999 -9999 -9999 -9999 -9999 -9999 -9999 -9999 -9999 -9999 -9999 -9999 -9999 -9999 -9999 -9999 -9999 -9999 -9999 -9999 -9999 0 0 0 0 0 0.00473 0.073872 0.031284 0.026415 0.025643 0.112944 0.272048 0.2231 0.223031 0.036716 0.233105 0.2697 0.266201 0.541744 0.601599 0.480703 0.6588 0.169108 0.058086 0.00147 0 0.001745 0.14611 0.184154 0.21872 0.151866 0.259779 0.169758 0.214207 0.088929 0.509032 0.267844 0.185712 0.220724 0.246913 0.119331 0.178607 0.129038 0.240148 0.367049 0.203634 0.282526 0.22707
-9999 -9999 -9999 -9999 -9999 -9999 -9999 -9999 -9999 -9999 -9999 -9999 -9999 -9999 -9999 -9999 -9999 -9999 -9999 0 0.0003 0.054632 0.049953 0.07976 0 0 0.034073 0.066859 0.014017 0.091356 0.095567 0.185408 0.645041 0.272935 0.145261 0.057239 0.269041 0.249456 0.259519 0.554322 0.585156 0.231472 0.132154 0.034 0.0011 0 0.000504 0.006673 0.018679 0.003817 0.188179 0.144612 0.156887 0.186256 0.016631 0.266629 0.312456 0.168642 0.230866 0.113375 0.059942 0.067853 0.29578 0.206687 0.148153 0.175722 0.215671 0.196515 0.161035
-9999 -9999 -9999 -9999 -9999 -9999 -9999 -9999 -9999 -9999 -9999 -9999 -9999 -9999 -9999 -9999 -9999 -9999 0.0071 0.0121 0.00024 0.059229 0.041492 0.14817 0.105938 0.137112 0.318309 0.408251 0.183184 0.781577 0.319268 0.322142 0.253633 0.456194 0.405204 0.429837 0.209979 0.5437 0.360602 0.118107 0.142665 0.053514 0.100807 0.00045 0 0 0 0.000763 0.007104 0.087204 0.105067 0.104188 0.083776 0.112805 0.14912 0.11616 0.025558 0.11451 0.198382 0.153437 0.013749 0.00456 0.214673 0.208009 0.087124 0.262448 0.298357 0.352149 0.077913
-9999 -9999 -9999 -9999 -9999 -9999 -9999 -9999 -9999 -9999 -9999 -9999 -9999 -9999 -9999 -9999 0 0 0.080506 0.106418 0.060795 0.253994 0.117538 0.039908 0.179988 0.190527 0.36903 0.277928 0.123779 0.330099 0.228027 0.208707 0.164444 0.4771 0.412487 0.242922 0.265044 0.115251 0.171151 0.048092 0.112894 0.056866 0.00773 0 0.000129 0 0 0.000304 0.209 0.088561 0.035094 0.168652 0.087853 0.334265 0.182704 0.344305 0.322399 0.222314 0.30157 0.263316 0.295907 0.078814 0.07807 0.252567 0.194736 0.199944 0.117996 0.106786 0.288162
-9999 -9999 -9999 -9999 -9999 -9999 -9999 -9999 -9999 -9999 -9999 -9999 -9999 -9999 -9999 0 0.039117 0.016015 0.213726 0.164706 0.147383 0.356806 0.317794 0.215652 0.145077 0.143852 0.412821 0.376153 0.265796 0.097197 0.030704 0.145086 0.253735 0.357979 0.203258 0.146152 0.037816 0.115617 0.10282 0.020183 0.01659 0.056612 0 0.0015 0 0 0.013134 0.220258 0.180781 0.332302 0.193234 0.164669 0.254566 0.407131 0.103723 0.280044 0.195849 0.171601 0.191722 0.505967 0.278227 0.23662 0.231791 0.212348 0.223161 0.243218 0.084679 0.038902 0.057799
-9999 -9999 -9999 -9999 -9999 -9999 -9999 -9999 -9999 -9999 -9999 -9999 -9999 0 0 0.018953 0.235331 0.231766 0.137344 0.244884 0.232979 0.090429 0.43301 0.241602 0.120547 0.238927 0.141728 0.254118 0.224456 0.103653 0.190899 0.142265 0.170304 0.080613 0.234273 0.111541 0.076244 0.088712 0.131955 0.085616 0.065354 0.1936 0.083098 0.075677 0.225742 0.00557 0.015082 0.34215 0.385652 0.461687 0.400916 0.258366 0.35246 0.319024 0.277596 0.276247 0.234821 0.1466 0.065971 0.272915 0.27743 0.076237 0.266138 0.283918 0.164458 0.492596 0.262911 0.129963 0.085626
-9999 -9999 -9999 -9999 -9999 -9999 -9999 -9999 -9999 -9999 -9999 0 0 0 0.117239 0.109771 0.182277 0.212662 0.219998 0.193749 0.210459 0.183687 0.236057 0.148956 0.409093 0.263828 0.194011 0.15946 0.192312 0.113084 0.224187 0.180543 0.152168 0.3103 0.039633 0.161893 0.129487 0.095809 0.126762 0.231854 0.087632 0.0958 0.074638 0.0625 0.16357 0.454884 0.103838 0.178522 0.329759 0.23469 0.340573 0.348241 0.138998 0.04349 0.422034 0.26653 0.306442 0.274493 0.319258 0.18904 0.322972 0.2436 0.352607 0.313376 0.330886 0.344079 0.28494 0.228777 0.326253
-9999 -9999 -9999 -9999 -9999 -9999 -9999 -9999 -9999 0 0.012801 0.278971 0.073221 0.03759 0.225646 0.142001 0.277575 0.267077 0.181605 0.375807 0.146273 0.314093 0.35679 0.101642 0.217964 0.225187 0.068118 0.011081 0.079743 0.205357 0.355469 0.236651 0.230242 0.123325 0.204934 0.302745 0.218692 0.213808 0.318954 0.102916 0.121879 0.096262 0.142394 0.033233 0.254278 0.329474 0.038909 0.212433 0.118774 0.301607 0.221424 0.170798 0.23307 0.178614 0.354056 0.172121 0.363003 0.347505 0.423082 0.228577 0.293662 0.132216 0.225621 0.202511 0.142346 0.285744 0.248758 0.263905 0.095311
-9999 -9999 -9999 -9999 -9999 -9999 -9999 -9999 0 0 0.040957 0.111255 0.085331 0.18014 0.396816 0.211635 0.056114 0.373949 0.100555 0.130195 0.414596 0.198424 0.047006 0.01981 0.062953 0.055479 0.006656 0.044526 0.198067 0.299229 0.486142 0.257291 0.371395 0.326741 0.222445 0.217605 0.150497 0.0278 0.08285 0.134009 0.347058 0.234458 0.159762 0.096864 0.158867 0.18065 0.002761 0.125288 0.086412 0.250814 0.29784 0.338819 0.208391 0.286158 0.450566 0.24257 0.1412 0.244299 0.228627 0.290474 0.298946 0.240904 0.460248 0.295303 0.34771 0.150899 0.10621 0.128817 0.041424
-9999 -9999 -9999 -9999 -9999 0 0 0 0.4219 0.0573 0.238195 0.007783 0 0.105188 0.09771 0.135449 0.090788 0.309038 0.267172 0.129738 0.227413 0.122374 0.300124 0.245227 0.064575 0.028786 0.125239 0.158787 0.205046 0.343596 0.213911 0.187129 0.213915 0.342824 0.164585 0.156436 0.303072 0.097798 0.295894 0.205397 0.189792 0.191382 0.172707 0.219814 0.20835 0.460892 0.007961 0.196843 0.260309 0.4005 0.14991 0.143855 0.099484 0.093 0.126675 0.234024 0.306541 0.26779 0.148531 0.056668 0.298237 0.260119 0.205444 0.3916 0.434527 0.243372 0.197496 0.241817 0.094272
-9999 -9999 -9999 -9999 0 0 0 0 0.0648 0.205997 0.394893 0.186979 0.05225 0.151619 0.023178 0.18553 0.135263 0.12046 0.097723 0.141045 0.193236 0.176893 0.202916 0.136276 0.128041 0.002084 0.016818 0.129985 0.198791 0.171682 0.073415 0.014538 0.10493 0.150168 0.124187 0.159985 0.190108 0.278577 0.26798 0.130902 0.13921 0.013267 0.171021 0.233292 0.186971 0.179623 0.27265 0.366019 0.322967 0.208106 0.344971 0.323162 0.069336 0.036833 0.201979 0.142318 0.245834 0.451045 0.215763 0.201351 0.191315 0.21517 0.286064 0.420035 0.145802 0.11911 0.171644 0.416182 0.268702
-9999 -9999 0 0 0.003533 0 0.0437 0.028683 0.054005 0.228552 0.138332 0.054145 0.376531 0.03714 0.044016 0.048055 0.08486 0.048594 0.279705 0.133229 0.081591 0.416522 0.330557 0.135785 0.168159 0.078209 0.217338 0.147583 0.306442 0.136788 0.161792 0.122716 0.123442 0.253914 0.211557 0.165157 0.217618 0.184843 0.39563 0.140976 0.017928 0.19261 0.154779 0.271683 0.06732 0.090461 0.228371 0.209958 0.346764 0.230732 0.152393 0.174962 0.010055 0.082883 0.063281 0.080077 0.16978 0.271283 0.30964 0.246587 0.249413 0.107697 0.210217 0.129873 0.156931 0.355657 0.313874 0.259925 0.181219
0 0.0266 0.2369 0.0259 0.191448 0 0.042485 0.052024 0.021455 0.084589 0.064728 0.183159 0.167848 0.169232 0.250887 0.071239 0 0.1016 0.338798 0.300402 0.071087 0.219086 0.217449 0.092113 0.085488 0.099724 0.050996 0.163769 0.195671 0.133744 0.079115 0.174373 0.234233 0.125883 0.359519 0.19766 0.123574 0.17401 0.350584 0.104067 0.108894 0.213806 0.167483 0.2021 0.161259 0.190107 0.375809 0.379489 0.383596 0.096544 0.146585 0.159366 0.078562 0.210126 0.273079 0.327861 0.144386 0.166657 0.240505 0.13561 0.390555 0.236825 0.404766 0.333171 0.451818 0.309274 0.214987 0.198931 0.109613
0 0.088 0.3928 0.015939 0.12104 0.112838 0.160326 0.149016 0.052791 0.15131 0.049731 0.082609 0.03963 0.026486 0.177821 0.096409 0.0142 0.143 0.0429 0.2996 0.284982 0.219497 0.075679 0.253254 0.108915 0.224087 0.126485 0.103145 0.087554 0.188212 0.153963 0.325175 0.138738 0.12882 0.192184 0.126252 0.136032 0.233753 0.226579 0.114831 0.127672 0.203089 0.297687 0.370081 0.365125 0.056529 0.230826 0.450048 0.160612 0.061574 0.020786 0.005328 0.181359 0.141599 0.173977 0.174523 0.090254 0.146237 0.186218 0.152943 0.017515 0.062221 0.187426 0.248766 0.18536 0.36277 0.431277 0.283335 0.091134
0.2388 0.1212 0.138723 0.093412 0.215488 0.144185 0.132886 0.312901 0.039618 0.107073 0.164375 0.063241 0.102545 0.023175 0.188639 0.129524 0.064149 0.18235 0.059848 0.211943 0.454398 0.311805 0.134061 0.339585 0.08448 0.220469 0.10097 0.035212 0.070345 0.202193 0.058501 0.218119 0.205101 0.318711 0.206043 0.164273 0.177003 0.2013 0.16727 0.25396 0.185061 0.136066 0.213783 0.362701 0.163872 0.320535 0.340731 0.256663 0.348363 0.151549 0.044614 0.211431 0.120559 0.234168 0.3361 0.217779 0.001167 0.296843 0.174993 0.16797 0.149894 0.104077 0.295852 0.293582 0.27719 0.257177 0.207262 0.247648 0.197133
0.307399 0.038126 0.015963 0.065329 0.178912 0.107864 0.119449 0.078877 0.080247 0.103512 0.078899 0.107383 0.091594 0.119584 0.052497 0.261268 0.078718 0.16015 0.317782 0.287671 0.354639 0.251419 0.34643 0.323865 0.105084 0.077099 0.051133 0.166515 0.102178 0.286575 0.394491 0.270161 0.157613 0.117846 0.115216 0.069938 0.090729 0.168178 0.296068 0.169087 0.132161 0.166879 0.341756 0.253961 0.222006 0.254327 0.25097 0.315976 0.188277 0.215676 0.201105 0.393085 0.182173 0.158601 0.287403 0.075251 0.0866 0.04005 0.280016 0.275289 0.198028 0.094853 0.236492 0.188045 0.115461 0.0809 0.272945 0.446669 0.259273
0.264053 0.105101 0.032971 0.196598 0.23701 0.178989 7e-006 0.030028 0.065742 0.054448 0.111398 0.11683 0.020781 0.199383 0.079368 0.068587 0.104965 0.353763 0.294066 0.280483 0.133866 0.072503 0.161559 0.081233 0.09349 0.094555 0.108352 0.184084 0.188671 0.229649 0.337336 0.186046 0.027008 0.081517 0.117264 0.135584 0.086084 0.021443 0.168524 0.098544 0.236541 0.285433 0.226354 0.226417 0.308541 0.149 0.223217 0.272279 0.278266 0.22744 0.019031 0.093466 0.334829 0.447825 0.370606 0.113932 0.035682 0.073196 0.208066 0.140931 0.096704 0.048118 0.232561 0.35382 0.117182 0.144761 0.279782 0.310875 0.230072
0.347842 0.205418 0.171508 0.057003 0.151901 0.319335 0.025945 0.129776 0.086078 0.1881 0.07801 0.037626 0.038433 0.070424 0.080015 0.11423 0.043149 0.211 0.042308 0.225375 0.188857 0.244416 0.20514 0.132631 0.077319 0.095663 0.166324 0.136963 0.062486 0.16424 0.109786 0.199831 0.031114 0.046 0.20258 0.023599 0.090153 0.039389 0.296544 0.226687 0.267707 0.206712 0.223263 0.187625 0.277568 0.155015 0.12121 0.10406 0.289822 0.079333 0.116497 0.23551 0.158887 0.254269 0.236842 0.18156 0.271812 0.367302 0.100723 0.250774 0.200863 0.128607 0.039455 0.028801 0.203837 0.251443 0.261396 0.03251 0.184034
0.066318 0.012543 0.061122 0.043233 0.088333 0.109299 0.207357 0.168717 0.264099 0.238125 0.142753 0.089174 0.169656 0.107455 0.07042 0.284885 0.3104 0.211861 0.319278 0.194589 0.461162 0.239845 0.179627 0.196783 0.186275 0.257126 0.106307 0.156751 0.194041 0.10104 0.092307 0.127798 0.1653 0.222558 0.128906 0.192561 0.131311 0.019816 0.214907 0.293842 0.22993 0.256097 0.245567 0.143945 0.124267 0.102147 0.123378 0.13157 0.116035 0.054999 0.21787 0.290617 0.141505 0.193076 0.239209 0.284344 0.331937 0.435854 0.333906 0.274117 0.270161 0.280308 0.105016 0.064353 0.264978 0.231645 0.107055 0.262258 0.321425
0.106712 0.08656 0.023305 0.013438 0.119848 0.178644 0.124885 0.260204 0.133655 0.072183 0.230839 0.26226 0.539268 0.370994 0.062835 0.212841 0.24906 0.1505 0.1169 0.2147 0.6249 0.7319 0.511832 0.129403 0.162691 0.133927 0.118018 0.040068 0.132464 0.146715 0.097732 0.071446 0.126524 0.191708 0.106127 0.172973 0.182785 0.037869 0.16357 0.26467 0.214166 0.298284 0.216131 0.249644 0.274177 0.229041 0.118794 0.184382 0.196162 0.170523 0.303206 0.255188 0.354776 0.328576 0.184719 0.173239 0.11199 0.348161 0.258541 0.367978 0.316021 0.284402 0.244237 0.324447 0.304955 0.312631 0.181412 0.356946 0.174296
0.191388 0.057001 0.018663 0.042471 0.114169 0.162974 0.133892 0.158375 0.143158 0.200932 0.16212 0.35887 0.355732 0.487928 0.35015 0.137102 0.290355 0.23174 0.228963 0.200412 0.253585 0.660039 0.772852 0.689979 0.385203 0.132663 0.108968 0.063257 0.131514 0.179202 0.099728 0.118181 0.04925 0.259532 0.242538 0.153923 0.15432 0.233913 0.346642 0.242997 0.271742 0.197725 0.448225 0.214791 0.25661 0.06762 0.230518 0.293569 0.204099 0.279313 0.204113 0.162898 0.307987 0.439177 0.253511 0.271835 0.220382 0.120609 0.167059 0.21948 0.337356 0.24502 0.079427 0.286379 0.39952 0.428787 0.335283 0.32647 0.301613
0.158617 0.041055 0.137995 0.109353 0.17823 0.167542 0.042703 0.090325 0.382259 0.038635 0.27063 0.177416 0.321807 0.727105 0.69237 0.55184 0.4733 0.388708 0.239122 0.1015 0.024942 0.146427 0.24364 0.57019 0.643122 0.769748 0.294153 0.121479 0.133749 0.079505 0.062801 0.069812 0.055281 0.102921 0.07845 0.10793 0.214374 0.158751 0.091526 0.058786 0.186113 0.21765 0.259411 0.249642 0.046558 0.205553 0.171498 0.103424 0.155901 0.298797 0.315992 0.345865 0.284305 0.184881 0.296896 0.365707 0.274871 0.149457 0.269443 0.1656 0.242939 0.305397 0.226641 0.167705 0.263457 0.125205 0.20582 0.192489 0.170362
0.058845 0.058481 0.161177 0.114136 0.105602 0.076739 0.173644 0.209178 0.186766 0.103404 0.22985 0.119955 0.375155 0.237331 0.654045 0.81696 0.651563 0.267562 0.220154 0.211422 0.015214 0.077113 0.060855 0.170444 0.044932 0.360785 0.590135 0.428024 0.486154 0.339043 0.276063 0.097845 0.035169 0.13034 0.130159 0.154804 0.131075 0.156871 0.056766 0.012701 0.143665 0.213596 0.186315 0.150711 0.161585 0.127133 0.117102 0.108943 0.238935 0.144334 0.223564 0.189987 0.325353 0.401036 0.308551 0.388199 0.181338 0.308234 0.226451 0.177777 0.310434 0.291925 0.310096 0.429921 0.4339 0.383784 0.162525 0.053969 0.071558
0.177196 0.186168 0.105597 0.137074 0.142171 0.112171 0.189748 0.083385 0.134237 0.114465 0.025114 0.205925 0.185748 0.190947 0.075333 0.205966 0.378866 0.293518 0.44831 0.705155 0.180546 0.074063 0.09005 0.096561 0.141225 0.058766 0.123375 0.121876 0.075532 0.042432 0.109971 0.143703 0.036843 0.138886 0.095194 0.050081 0.161559 0.224046 0.082872 0.085605 0.136315 0.207907 0.243106 0.276402 0.313473 0.148403 0.125027 0.049238 0.112012 0.090013 0.107768 0.184546 0.177005 0.124312 0.523336 0.454413 0.254211 0.181594 0.203465 0.227308 0.363691 0.388256 0.270159 0.190521 0.200439 0.247247 0.133991 0.239572 0.230196
0.064009 0.090182 0.136693 0.058939 0.066482 0.140848 0.239398 0.052098 0.055674 0.112187 0.092517 0.38183 0.031065 0.210808 0.135963 0.309632 0.303354 0.319105 0.753712 0.430692 0.159918 0.113548 0.089872 0.159388 0.174635 0.130845 0.277839 0.20081 0.116954 0.138238 0.055221 0.19058 0.052944 0.046782 0.094368 0.020972 0.031686 0.102443 0.149483 0.090619 0.089819 0.253456 0.22099 0.0964 0.079702 0.211206 0.055769 0.186204 0.176207 0.282708 0.280663 0.310659 0.22085 0.28324 0.317404 0.342223 0.25924 0.220527 0.378503 0.301658 0.265053 0.358112 0.111656 0.040807 0.170121 0.178197 0.128415 0.065462 0.182033
-9999 0.016484 0.16592 0.066624 0.061783 0.247841 0.142734 0.107023 0.107989 0.034854 0.073887 0.335603 0.190775 0.266865 0.169414 0.26603 0.443424 0.5334 0.677394 0.522275 0.177673 0.207357 0.024148 0.054267 0.106314 0.25785 0.086951 0.174716 0.087203 0.132565 0.094319 0.132273 0.085243 0.153623 0.203055 0.0782 0.063594 0.059144 0.071951 0.147306 0.058274 0.138381 0.236252 0.120188 0.197417 0.150784 0.150555 0.091409 0.071599 0.139151 0.167842 0.055644 0 0.002998 0.040876 0.274693 0.359483 0.29845 0.292174 0.200447 0.238772 0.22333 0.226005 0.199051 0.096688 0.208033 0.273386 0.090959 0.138472
-9999 -9999 0.032463 0.02204 0.139091 0.10587 0.093891 0.195657 0.071922 0.061454 0.144235 0.17327 0.27043 0.216609 0.264362 0.472444 0.7428 0.5832 0.2988 0.358 0.324982 0.117708 0.142683 0.094106 0.102934 0.139682 0.024233 0.060911 0.157012 0.049696 0.05008 0.07019 0.091786 0.09459 0.121013 0.1128 0.092225 0.070902 0.09257 0.06955 0.090029 0.121179 0.10596 0.12126 0.172698 0.077318 0.064366 0.104955 0.058659 0.140071 0.162013 0.158045 0.009424 0.192146 0.311945 0.345821 0.293832 0.33865 0.127956 0.162127 0.209251 0.120666 0.143266 0.236567 0.103873 0.319994 0.088955 0.114452 0.498937
-9999 -9999 0.044841 0.121915 0.113977 0.074327 0.202159 0.105048 0.054459 0.083987 0.085243 0.153644 0.277202 0.213644 0.358992 0.346547 0.8244 0.499232 0.132784 0.420944 0.201625 0.270699 0.204711 0.028767 0.097125 0.00835 0.00552 0.024241 0.050768 0.075035 0.003214 0.051339 0.127783 0.149121 0.054567 0.001976 0.115008 0.120706 0.041475 0.091941 0.193072 0.05381 0.078531 0.01217 0.090293 0.1329 0.108672 0.062391 0.126944 0.149625 0.090674 0.248849 0.090272 0.123999 0.402819 0.16765 0.268531 0.393919 0.243771 0.286508 0.16991 0.421884 0.127484 0.178168 0.265164 0.141483 0 0.052257 0.110235
-9999 -9999 2.8e-005 0.072518 0.080579 0.166851 0.106337 0.172996 0.063869 0.148103 0.263248 0.173835 0.29317 0.300504 0.580826 0.694885 0.6727 0.432962 0.27415 0.35086 0.27141 0.232587 0.204824 0.097166 0.150868 0.153472 0.027905 0.038713 0.019558 0.129478 0.078535 0.063405 0.037765 0.059211 0.080803 0.077412 0.209332 0.017854 0.022964 0.021311 0.107968 0.106614 0.107442 0.090063 0.10376 0.073561 0.089055 0.069306 0.114005 0.334183 0.048252 0.194337 0.287563 0.368638 0.33507 0.300102 0.341772 0.304297 0.119909 0.200508 0.131419 0.247104 0.171278 0.116607 0.098201 0.023625 0.001978 0.000713 0.148082
