EnvRasters/BAU_High/grass.asc
ncols         270
nrows         223
xllcorner     24099.479091542
yllcorner     21023.840179216
cellsize      1003.8986847201
NODATA_value  -9999
[rows 150 to 179 of 223, columns 138 to 206 of 270]
0.0464 0.080967 0.274808 0.58136 0.487647 0.125362 0.0716 0 0 0 0.003626 0 0 0.017332 0.200722 0.092138 0.161975 0.450961 0.08635 -9999 0.066088 0.086578 0.018786 0.136242 0.435136 0.280723 0.329965 0.304259 0.2505 0.501234 0.437544 0.189905 0 0.329806 0.637438 0.530721 0.72197 0.268011 0.0262 0.2302 0.478279 0.282765 0.183514 0.522525 0.52424 0.354062 0.238414 0.063446 0.338572 0.216833 0.49406 0.255894 0.252327 0.253268 0.615164 0.585616 0.226211 0.302894 0.186516 0.491582 0.23736 0.00011 0 0 0 0 0 0.005415 0.340169
0.247612 0.111533 0.460234 0.163915 0 0 0 0.007326 0.220463 0.506631 0.201179 0.320773 0.641261 0.572431 0.500893 0.196182 0.071845 0.049783 -9999 -9999 -9999 -9999 -9999 0.098208 0.586259 0.359075 0.265661 0.3865 0.2567 0.627458 0.275333 0.033124 0 0.564208 0.7091 0.813507 0.585839 0.140781 0.010392 0.0516 0.5913 0.477622 0.467995 0.544585 0.365995 0.1359 0.1145 0.23104 0.2642 0.451764 0.435612 0.17511 0.106866 0.454518 0.430003 0.259015 0.47806 0.199631 0.092482 0.02162 0 0 0 0 0 0 0 0.018513 0.048991
0.2107 0.174106 0.216068 0.019985 0 0 0.0022 0.40366 0.367793 0.271274 0.175438 0.454606 0.395301 0.25459 0.254031 0.123632 -9999 -9999 -9999 -9999 -9999 -9999 -9999 0.006114 0.250072 0.317089 0.012446 0.0079 0.4815 0.4439 0.3953 0.410022 0.300515 0.477297 0.67446 0.429004 0.6248 0.3592 0.1103 0.2713 0.301 0.3724 0.210509 0.344686 0.627406 0.15579 0.4204 0.0997 0.086309 0.0617 0.092896 0.34401 0.091518 0.23407 0.207345 0.352533 0.09247 0.406055 0.032813 0 0 0.0281 0 0 0 0 0 0.0565 0.1495
0.437938 0.022281 0.009662 0.040676 0.125149 0.417868 0.6674 0.705961 0.279067 0.208745 0.188997 0.32295 0.230299 0.055909 0.042712 -9999 -9999 -9999 -9999 -9999 -9999 -9999 0.0001 0.180464 0.418045 0.500395 0.1848 0.2506 0.1247 0.382943 0.3196 0.48774 0.626857 0.452209 0.448784 0.275165 0.049 0.141162 0.643998 0.326735 0.543202 0.707244 0.702843 0.439671 0.522331 0.201942 0.312587 0.217232 0.246024 0.415932 0.399709 0.25388 0.179898 0.0206 0.0131 0.2981 0.275018 0.230189 0.002646 0.0062 0.0042 0.028 0 0 0 0 0 0.2374 0.4483
0.016404 0.2252 0.052 0.3026 0.463094 0.358432 0.411958 0.55712 0.344706 0.076577 0.021505 0.106428 0.0189 0.2092 0.1325 -9999 -9999 -9999 -9999 -9999 -9999 -9999 0.0205 0.65472 0.540757 0.385696 0.275963 0.407891 0.364538 0.147623 0.279623 0.164254 0.236003 0.063499 0.281021 0.46348 0.216202 0.3033 0.537571 0.3503 0.19617 0.075513 0.378803 0.600525 0.324606 0.293524 0.192468 0.01516 0.09297 0.287358 0.5888 0.535288 0.388772 0.217098 0.217063 0.15627 0.0437 0.024598 0 0.0032 0.0218 0.056 0.0047 0 0 0.001648 0.1291 0.479645 0.353975
0.489718 0.48754 0.2791 0.2221 0.0357 0.1111 0.1828 0.326 0.4565 0.119699 0.120144 0.23914 0.28 0.2535 0 -9999 -9999 -9999 -9999 -9999 -9999 0 0 0.048879 0.200047 0.402216 0.391582 0.033709 0.195446 0.095566 0.046619 0.1682 0.429405 0.466585 0.1712 0.175095 0.3316 0.496 0.797 0.4834 0.394115 0.305161 0.208423 0.3905 0.175202 0.22441 0.450796 0.458094 0.0914 0.229998 0.2194 0.4347 0.1865 0.101574 0.095435 0.100008 0.0178 0 0 0 0.0243 0.2399 0.2002 0.0339 0 0.000754 0.1579 0.385215 0.465355
0.0486 0.2506 0.200699 0.2567 0.2167 0.0424 0.0987 0.08677 0.171846 0.2724 0.282849 0.162453 0 -9999 -9999 -9999 -9999 -9999 -9999 -9999 0 0 0 0.027815 0.086367 0.354112 0.390441 0.195596 0.498745 0.603233 0.161086 0.531183 0.296613 0.486837 0.545834 0.314027 0.59022 0.5204 0.3151 0.1348 0.0579 0.230055 0.0319 0.01053 0.123439 0.370808 0.070417 0.048045 0.191926 0.3439 0.50706 0.174133 0.255959 0.0737 0.0006 0.101225 0.07511 0 0 0 0.1361 0.0857 0.1485 0 0.0819 0 0.0667 0.177 0.374152
0.138688 0.326653 0.310516 0.13405 0.03357 0.1924 0.2507 0.24961 0.237663 0.226847 0.189931 -9999 -9999 -9999 -9999 -9999 -9999 -9999 -9999 -9999 0 0.0244 0 0.339712 0.339295 0.108916 0.424 0.447144 0.2572 0.604734 0.38099 0.302383 0.2475 0.4411 0.535278 0.530498 0.328049 0.339906 0.3388 0.430246 0.301757 0.7992 0.661149 0.454774 0.299119 0.152476 0.292457 0.192227 0.450315 0.4868 0.491543 0.21816 0.286485 0.0742 0.0001 0.240257 0.02336 0.000153 0 0 0 0.0003 0 0.0639 0.2921 0.121907 0.202926 0.0298 0.1465
0.278812 0.161634 0.1111 0.270875 0.144332 0.422995 0.21363 0.1558 0 0 0 -9999 -9999 -9999 -9999 -9999 -9999 -9999 -9999 -9999 0 0.164 0 0 0.026157 0.0248 0.1565 0.0953 0.222905 0.368525 0.525759 0.166112 0.413 0.41069 0.465809 0.619373 0.7829 0.626045 0.491318 0.410059 0.109277 0.457122 0.479073 0.340901 0.116038 0.284742 0.213602 0.136576 0.197866 0.305649 0.398879 0.168271 0.198208 0.189464 0.162091 0.3057 0.047436 0.028589 0 0 0 0 0 0.003 0.0087 0.1958 0.271446 0.0006 0.047272
0.182572 0.110257 0.304532 0.08115 0.128756 0.222223 0.1367 0.015 0 0 -9999 -9999 -9999 -9999 -9999 -9999 -9999 -9999 -9999 0 0.0396 0.199411 0.2003 0 0 0 0 0 0 0.402604 0.256991 0.275003 0.611878 0.178119 0.274468 0.620321 0.5399 0.520595 0.434803 0.595863 0.127778 0.237099 0.287718 0.012968 0.069286 0.082305 0.328464 0.020937 0.01089 0 0 0.046766 0.420177 0.23019 0.007558 0.0232 0 0 0 0 0 0 0 0 0 0 0 0 0.005894
0.330374 0.1851 0 0.000135 0.014795 0 0 0 0 0 0 -9999 -9999 -9999 -9999 -9999 -9999 -9999 -9999 0 0.0485 0.0874 0.2264 0.1077 0 0 0 9.5e-005 0.429362 0.49643 0.259208 0.403491 0.548715 0.367624 0 0.07199 0.358037 0.571144 0.206269 0.150375 0.002376 0.016947 0.158939 0.02496 0 0 0.077913 0.348084 0 0 0.27538 0.270187 0.153595 0.033451 0 0 0 0.0373 0 0 0.084744 0 0 0 0 0 0 0 0.088774
0 0 0 0 0 0 0 0 0 0 0 -9999 -9999 -9999 -9999 -9999 -9999 -9999 -9999 0 0 0 0.0002 0.0011 0 0 0 0.18462 0.298963 0.152771 0.216471 0.025108 0.0142 0.1218 0 0 0.000688 0.15192 0.089095 0 0 0.00049 0.034232 0.026829 0 0 0 0 0 0 0.005092 0 0 0.0482 0 0 0.1181 0.0637 0.067522 0.053704 0 0.054549 0.072171 0 0 0 0 0.0313 0.414012
0 0 0 0 0 0 0 0 0.0063 0 0.005 -9999 -9999 -9999 -9999 -9999 -9999 -9999 -9999 -9999 0 0 0 0 0 0 0.00768 0.159917 0.127436 0.017226 0.007227 0 0 0 0 0 0.113842 0.251376 0.075008 0 0 0 0 0 0 0 0 0 0 0 0 0 0 0.0004 0.287024 0.2925 0.583114 0.397986 0.019044 0.097193 0.272486 0.083754 0 0 0 0 0 0 0.0748
0 0 0 0 0 0.0123 0.05168 0 0.259223 0.4382 0.0076 -9999 -9999 -9999 -9999 -9999 -9999 -9999 -9999 0 0 0.129242 0.035309 0 0.026244 0.0155 0.037732 0.344393 0.022572 0.0675 0.0143 0 0 0 0 0 0 0.063283 0 0 0 0 0 0 0 0 0.049005 0.047186 0 0 0 0.000825 0 0.190517 0.410686 0.404688 0.410841 0.377146 0.285795 0.204609 0.420923 0.0672 0 0 0 0 0 0 0.237794
0 0 0 0 0 0.0563 0.044639 0.068656 0.1357 0.0969 -9999 -9999 -9999 -9999 -9999 -9999 -9999 -9999 -9999 0 0.000744 0.475919 0.433424 0.290238 0 0 0.010005 0.031369 0 0.180877 0.037087 0 0 0 0 0 0 0 0 0 0.157473 0.1362 0 0.00216 0.008624 0 0.00198 0.00099 0 0 0.074676 0.116881 1.3e-005 0.0045 0.1117 0.278429 0.252447 0.346734 0.165716 0.191228 0.199235 0.2632 0.063442 0.0078 0 0 0.0171 0.003773 0.228076
0 0 0 0.0277 0 0.00689 0.017467 0 0 0 -9999 -9999 -9999 -9999 -9999 -9999 -9999 -9999 -9999 0 0.000186 0.269632 0.341605 0.304987 0 0.000888 0.001089 0 0.220234 0.296929 0.345517 0 0 0.068649 0.199468 9.9e-005 0.0075 0 0 0.08815 0.022429 0.01453 0.039416 0.145317 0.174295 0 0 0.000534 0 0 0.019517 0.182406 0.006163 0.062244 0.038898 0.069223 0.22459 0.396177 0.546428 0.675269 0.227482 0.6282 0.1281 0 0 0.103375 0.781788 0.087564 0.0004
0 0 0 0 0 0 0 0 0 0 -9999 -9999 -9999 -9999 -9999 -9999 -9999 -9999 -9999 0 0.005766 0.081187 0.113818 0.010815 0.029443 0.044342 0.351373 0.092466 0.207009 0.276488 0.221309 0 0.056191 0.575482 0.250687 0.182178 0.427903 0.046648 0 0.0446 0.000171 0.001827 0.139347 0.308862 0.231489 0.008821 0.210578 0.183284 0.005538 0.202297 0 0 0.0637 0.0299 0 0.05142 0.271721 0.305529 0.0257 0.277328 0.330267 0.6369 0.089 0 0 0.248799 0.617584 0.208597 0.000912
0 0 0 0 0 0 0 0 0 0 0 -9999 -9999 -9999 -9999 -9999 -9999 -9999 -9999 0 0.092419 0.201376 0.061844 0.258592 0.368611 0.535719 0.373679 0.393047 0.390639 0.229398 0.283068 0.000291 0.033276 0.495231 0.570185 0.367365 0.404652 0.086278 0.0194 0.0198 0 0 0.160948 0.068959 0 0.006403 0.265017 0.283256 0.007396 0.232024 0.143662 0.070015 0.078266 0 0.0647 0.0109 0.10299 0.043 0.199374 0.617809 0.560851 0.34349 0.0019 0 0.031409 0.601468 0.494444 0.533103 0.1799
0 0 0 0 0 0 0 0 -9999 -9999 -9999 -9999 -9999 -9999 -9999 -9999 -9999 -9999 0 0.064145 0.457671 0.497985 0.400669 0.508919 0.371106 0.290216 0.296416 0.370217 0.175154 0.340216 0.000833 0.053947 0.007128 0.10892 0.033972 0.103794 0.328322 0.158801 0.220778 0.023025 0 0 0.000112 0.030683 0 0 0.002262 0.12001 0.111589 0.31499 0.311921 0.541352 0.196243 0 0 0 0 0 0.294332 0.461906 0.565448 0.57569 0.051124 0.506076 0.44764 0.403038 0.388427 0.224556 0.3432
0.0223 0.0164 0 -9999 -9999 -9999 -9999 -9999 -9999 -9999 -9999 -9999 -9999 -9999 -9999 -9999 -9999 0 0 0.009599 0.203721 0.315306 0.10479 0.267084 0.1811 0.012001 0.498874 0.245347 0.257748 0.0194 0 0 0 0.0021 0.1547 0.07932 0.075313 0.408914 0.280036 0.156602 0 0.0003 0.0119 0 0 0.045623 0.044868 0.46387 0.465112 0.34735 0.225685 0.404779 0.173352 0 0 0 0 0 0.000798 0.33549 0.509228 0.595845 0.397392 0.659974 0.402139 0.274811 0.44098 0.636308 0.630404
0.2745 0.0179 -9999 -9999 -9999 -9999 -9999 -9999 -9999 -9999 -9999 -9999 -9999 -9999 -9999 -9999 -9999 0 0 0 0 0 0 0.013191 0.0286 0.0073 0.278 0.391 0.204274 0.2394 0.0368 0 0 0 0 0.005023 0.073651 0.054428 0.313459 0.150701 0.0841 0.2373 0.0629 0.045939 0.248957 0.216107 0.281616 0.651604 0.351949 0.553063 0.395174 0.107682 0.027574 0 0 0 0 0 0.023 0.627599 0.622721 0.596306 0.330899 0.555759 0.415604 0.2597 0.27202 0.604025 0.422956
-9999 -9999 -9999 -9999 -9999 -9999 -9999 -9999 -9999 -9999 -9999 -9999 -9999 -9999 -9999 -9999 -9999 0 0 0 0 0 0 0 0 0.0639 0.335203 0.538833 0.3658 0.332828 0.4579 0.0382 0.015 0.0413 0.0072 0 0.090852 0.304245 0.079525 0.003267 0.2231 0.323062 0.1409 0.227969 0.380475 0.197419 0.067663 0.168908 0.0321 0.539496 0.566244 0.102086 0 0 0.0057 0.0157 0 0 0.0149 0.2347 0.26782 0.538172 0.582569 0.508652 0.5925 0.2712 0.4429 0.630365 0.630059
-9999 -9999 -9999 -9999 -9999 -9999 -9999 -9999 -9999 -9999 -9999 -9999 -9999 -9999 -9999 -9999 -9999 0 0 0 0 0 0 0 0 0.0271 0.431496 0.601601 0.459 0.215086 0.2135 0.0671 0.177808 0.27077 0.358761 0.185961 0.434854 0.322439 0.235558 0 0.2894 0.235871 0.0169 0.077794 0.282774 0.040622 0.074647 0.402283 0.459694 0.346746 0.298647 0.024573 0.101215 0.020822 0 0.0528 0 0 0 0 0 0.122126 0.275835 0.096356 0.1396 0.640202 0.647815 0.4806 0.2655
-9999 -9999 -9999 -9999 -9999 -9999 -9999 -9999 -9999 -9999 -9999 -9999 -9999 -9999 -9999 -9999 -9999 -9999 -9999 -9999 -9999 0 0 0 0.001782 0.145265 0.259121 0.307183 0.562666 0.4347 0.22076 0.121958 0.576612 0.303048 0.464792 0.341446 0.370835 0.065544 0 0.0228 0.492538 0.374956 0.290315 0.264214 0.00624 0 0.135806 0.337495 0.565751 0.27116 0.2722 0.0735 0.079323 0.071212 0.006541 0.0002 0 0.103554 0 0 0 0.0449 0.093 0.120204 0.196096 0.712355 0.4896 0.69578 0.657845
-9999 -9999 -9999 -9999 -9999 -9999 -9999 -9999 -9999 -9999 -9999 -9999 -9999 -9999 -9999 -9999 -9999 -9999 -9999 -9999 -9999 0 0 0 0.222453 0.691233 0.112164 0.239444 0.387822 0.150185 0.249063 0.2389 0.394391 0.427041 0.267358 0.152281 0.11785 0.141846 0.072179 0.199275 0.422028 0.263586 0.269332 0.0511 0.208534 0.045276 0.003663 0.0424 0.260512 0.173408 0.581846 0.260317 0.530797 0.548311 0.297127 0.07901 0 0.13292 0.004368 0 0 0 0.46009 0.794959 0.651009 0.492026 0.740796 0.513808 0.717221
-9999 -9999 -9999 -9999 -9999 -9999 -9999 -9999 -9999 -9999 -9999 -9999 -9999 -9999 -9999 -9999 -9999 -9999 -9999 -9999 -9999 -9999 0 0 0.023654 0.159491 0.158128 0.287717 0.002111 0.139053 0.557525 0.153829 0.094047 0.183789 0.525835 0.330952 0.01188 0.121142 0.335973 0.212022 0.393973 0.11901 0.168447 0.232102 0.4055 0.0224 0.139993 0.153232 0 0.100443 0.483504 0.331891 0.254712 0.235349 0.044919 0 0.1392 0.203177 0.163191 0.027328 0.017803 0.273196 0.513282 0.669138 0.612993 0.705837 0.53324 0.608295 0.431536
-9999 -9999 -9999 -9999 -9999 -9999 -9999 -9999 -9999 -9999 -9999 -9999 -9999 -9999 -9999 -9999 -9999 -9999 -9999 -9999 -9999 -9999 -9999 0 0 0.022519 0.308078 6e-005 0.071874 0.171598 0.119468 0.170282 0.260569 0.025252 0.164874 0.225921 0.026806 0.133749 0.27732 0.186898 0.051851 0.064807 0.316363 0.514197 0.445305 0.197185 0.430306 0.296339 0.066332 0.30641 0.356249 0.480741 0.368084 0.462643 0.235608 0.0704 0.53942 0.4428 0.259672 0.073506 0.240582 0.646216 0.465935 0.4041 0.725826 0.728176 0.553654 0.311598 0.198608
-9999 -9999 -9999 -9999 -9999 -9999 -9999 -9999 -9999 -9999 -9999 -9999 -9999 -9999 -9999 -9999 -9999 -9999 -9999 -9999 -9999 -9999 -9999 0 0.041829 0.081964 0.399216 0.083104 0.053499 0.19952 0.578717 0.498564 0.448991 0.0823 0.24883 0.066294 0.029 0.128815 0.320836 0.316243 0.3306 0.479353 0.226342 0.394587 0.185873 0.316154 0.331314 0.545424 0.4036 0.0713 0 0 0 0 0 0.2271 0.353255 0.532598 0.60697 0.327354 0.32852 0.457705 0.254995 0.308541 0.448761 0.371291 0.175116 0.00917 0.0715
-9999 -9999 -9999 -9999 -9999 -9999 -9999 -9999 -9999 -9999 -9999 -9999 -9999 -9999 -9999 -9999 -9999 -9999 -9999 -9999 -9999 -9999 -9999 0 0.128698 0.051352 0.062512 0.292475 0.185622 0.381256 0.265715 0.23827 0.1824 0.341314 0.205726 0.044509 0.0885 0.29712 0.493949 0.557879 0.360626 0.284453 0.430303 0.179897 0.181046 0.230088 0.479656 0.582851 0.727946 0.347936 0.013142 0 0 0 0.051887 0.223061 0.519813 0.625905 0.740441 0.336344 0.452643 0.35755 0.50828 0.0316 0.1255 0.232 0.0023 0 0.0431
-9999 -9999 -9999 -9999 -9999 -9999 -9999 -9999 -9999 -9999 -9999 -9999 -9999 -9999 -9999 -9999 -9999 -9999 -9999 -9999 -9999 -9999 -9999 0.158133 0.088259 0.196938 0.239649 0.025057 0.007178 0.0181 0.027706 0.0258 0.422658 0.148745 0.054878 0.07413 0.054 0.350006 0.30495 0.0937 0 0.082262 0.3354 0.291218 0.404249 0.482 0.119777 0.456637 0.422469 0.092132 0.06749 0 0.0018 0.0089 0.12074 0.211231 0.241016 0.3772 0.3884 0.454317 0.611857 0.3588 0.0841 0.2308 0.684246 0.796959 0.506956 0.384634 0.396479
