EnvRasters/BAU_High/grass.asc
ncols         270
nrows         223
xllcorner     24099.479091542
yllcorner     21023.840179216
cellsize      1003.8986847201
NODATA_value  -9999
[rows 90 to 119 of 223, columns 138 to 206 of 270]
0.102944 0.123965 0.000111 0.095664 0.013032 0.047927 0.043006 0.047166 0.073123 0.221439 0.158535 0.03381 0.043461 0.08299 0.037515 0.196709 0.059798 0.021882 0.01208 0.063929 0.132039 0.040508 0.027316 0.193844 0.070491 0.002005 0.077178 0.070314 0.047298 0.012315 0.020197 0.051778 0.028245 0.149097 0.043378 0.004225 0.000338 0.070374 0.01514 0.111217 0.188119 0.251892 0.034243 0.132697 0.122744 0.023034 0.040267 0.190444 0.059632 0.003323 0.003173 0.037231 0.045664 0.129255 0.157777 0.173105 0.048519 0.016051 0.018073 0.041655 0.074369 0.014725 0.02655 0.126473 0.197317 0.050711 0.170525 0.175468 0.114139
0.108464 0.001926 0.000569 0.019637 0.126752 0.054114 0.041019 0.142604 0.141162 0.148377 0.00238 0.022938 0.072409 0.071365 0.025564 0.015132 0.069925 0.128866 0.111609 0.045244 0.126946 0.077633 0.00117 0.071421 0.051036 0.098436 0.107917 0.039607 0.011884 0.017777 0.013753 0.055606 0.10422 0.150455 0.128303 0.025948 0.019991 0.04478 0.035689 0.036847 0.103554 0.003976 0.064476 0.165996 0.039787 0.142274 0.029287 0.086333 0.209293 0.001893 0.030151 0.133516 0.063615 0.016004 0.01069 0.0947 0.193956 0.120109 0.339724 0.004027 0.024463 0.180782 0.00279 0.002929 0.010639 0.001201 0.052733 0.040949 0.144038
0.102556 0.009913 0.002234 3.2e-005 0.079516 0.05313 0.078933 0.287856 0.034948 0.071515 0.011621 0.054197 0.23263 0.049331 0.252217 0.276006 0.15878 0.057274 0.174507 0.112472 0.09442 0.080601 0.037858 0.0026 0.034935 0.062761 0.00026 0.023301 0.021039 0.011644 0.023043 0.003112 0.081827 0.013812 0 0.008173 0.049134 0.013287 0.149086 0.02182 0.040921 0.067722 0.016664 0.098473 0.018934 0.091059 0.152379 0.166187 0.091202 0.022445 0.140253 0.049766 0.067375 0.197938 0.039209 0.069237 0.192111 0.220801 0.153118 0.165259 0.069725 0.223281 0.252189 0.042506 0.039265 0.00567 0.043002 0.008042 0.008243
0.004475 0.000544 2.5e-005 0.000544 0.013979 0.035047 0.307966 0.141655 0.081254 0.137213 0.024125 0.105762 0.142624 0.005465 0.077971 0.198542 0.009147 0.060178 0.017633 0.093018 0.08465 0.083085 0.194013 0.051279 0.017348 0.057289 0.059055 0.065186 0.044526 0.007145 0.034936 0.025515 0.191033 0.048669 0.073251 0.116174 0.059954 0.005618 0.031065 0.01422 0.031949 0.056658 0.083607 0.027832 0.106402 0.155303 0.100294 0.052565 0.246784 0.090522 0.045983 0.040139 0.002323 0.003007 0.004076 0.04922 0.181593 0.03427 0.128892 0.104069 0.038711 0.016962 0.055471 0.090681 0.023834 0.061789 0.062031 0.021534 3.9e-005
0.009901 0 0.000561 0.030113 0 0.015054 0.037942 0.121534 0.193227 0.145762 0.023517 0.182646 0.01535 0.161455 0.241584 0.204126 0.020339 0.2393 0.056131 0.188742 0.025449 0.09194 0.194426 0.032135 0.005084 0.051578 0.069859 0.150219 0.206538 0.00858 2.2e-005 0.000162 0.020716 0.028074 0.046141 0.173601 0.149722 0.015677 0.053963 0.031203 0.134918 0.16257 0.052524 0.06471 0.237062 0.127568 0.055644 0.08628 0.039122 0.054988 0.050244 0.007648 0.001119 0.0858 0.111691 0.155708 0.098379 0.111218 0.069792 0.232923 0.03192 0.022159 0.047842 0.019857 0.052526 0.007541 0.03747 0.000627 0.00153
0.030968 8e-005 0.000281 0.01504 0.040853 0.012259 0.060785 0.001453 0.007826 0.120081 0.182554 0.075435 0.014792 0.18434 0.022877 0.08717 0.063169 0.037607 0.160332 0.158465 0.162993 0.041105 0.071117 0.004766 0.071053 0.051631 0.044984 0.03436 0.249851 0.141777 0.035732 0.089638 0.228786 0.257672 0.209397 0.115347 0.209011 0.036624 0.052482 0.003212 0.051984 0.147674 0.142166 0.084747 0.012897 0.128683 0.013071 0.044127 0.006458 0.029782 0.122426 0.062649 0.020125 0.045661 0.100926 0.103037 0.229175 0.288476 0.016605 0.129838 0.061079 0.021698 0.066891 0.009088 0.013434 0.016437 0.004581 0.003278 0.009145
0.023909 0.013412 0.055586 0.10859 0.070572 0.044837 0.011369 0.020262 0.165272 0.156498 0.055229 0.136606 0.101637 0.255844 0.240365 0.092022 0.017308 0.090073 0.20626 0.1678 0.015027 0.015994 0.0906 0.122909 0.123141 0.058431 0.089903 0.039227 0.196968 0.008851 0.131449 0.033371 0.064524 0.020441 0.05692 0.025307 0.203613 0.107556 0.063445 0.017454 0.01068 0.04537 0.200466 0.059894 0.170541 0.021819 0.109235 0.05057 0.04153 0.121857 0.152269 0.028602 0.000114 0.005247 0.120805 0.138783 0.01395 0.105058 0.008859 1.8e-005 0 0.053261 0.007786 0.001305 0.041455 0.033186 0.037135 0.018544 0.005024
0.114632 0.103639 0.059846 0.034021 0.010547 0.000194 0.054479 0.017652 0.196176 0.180978 0.146482 0.223383 0.060784 0.007705 0.028855 0.121884 0.061072 0.212725 0.216607 0.247221 0.15439 0.129202 0.080086 0.00559 0.008524 0.035588 0.06647 0.010224 0.001089 0.096665 0.010335 0.006867 0.002921 0.01815 0.121594 0.005495 0.022765 0.241203 0.147201 0.065603 0.027622 0.001558 0.05284 0.068145 0.063339 0.149837 0.092266 0.234289 0.42711 0.182475 0.028125 0.047921 0.009054 0.026333 0.099613 0.022122 5.4e-005 0.001469 0.005527 0.050777 0.053175 0.0056 0.004832 0.010468 0.04471 0.006677 0.005778 0.003572 0
0.16386 0.007727 0.00533 0.048914 0.105129 0.154976 0.090453 0.167491 0.069459 0.012636 0.054589 0.082365 0.161874 0.001874 0.054661 0.046416 0.109426 0.022581 0.037598 0.142327 0.098603 0.043194 0.118057 0.23446 0.027827 0.13392 0.081911 0.181536 0.016052 0.122442 0.139699 0.34019 0.025492 0.029067 0.231972 0.376797 0.284907 0.277287 0.256138 0.324369 0.215951 0.113984 0.169356 0.05521 0.028222 0.004681 0.004539 0.000591 0.023182 0.051564 0.029379 0.004391 0.028422 0.112881 0.087429 0.036038 0.00049 0.056056 0.141415 0.161511 0.075557 0.084805 0.045227 0.075526 0.064056 0.002947 0 1e-006 1.4e-005
0.052136 0.051523 0.033348 0.04268 0.081355 0.164587 0.046504 0.048536 0.000142 0.044797 0.158416 0.075847 0.04895 0.008661 0.000104 0.007286 0.004685 0.006237 0.068014 0.00623 0.008273 0.0069 0.007243 0.004138 0.111428 0.139567 0.080514 0.00031 0.021121 0.002713 0.015946 0.088293 0.161187 0.046606 0 0.003153 0.010835 0.100008 0.085045 0.10516 0.151422 0.103878 0.002812 0.23291 0.286087 0.503598 0.133188 0.147542 0.05875 0.101057 0.11766 0.138351 0.004725 0.134929 0.222124 0.053485 0.086721 0.044984 0.109313 0.058225 0.081875 0.149667 0.188736 0.226885 0.140932 0.016292 0 0 0
0.004668 0.011424 0 0.004176 0.107322 0.048296 0.202858 0.012267 0.125426 0.043199 0.144205 0.193688 0.1488 0.007227 0.024698 0.052227 0.019942 0.00683 0.05367 0.103332 0.028668 0.064643 0.001365 0.0207 0.036856 0.059905 0.076627 0.016663 0.050493 0.158975 0.145168 0.336639 0.101827 0.07863 0.053302 0.038862 0.020375 0.243915 0.197565 0.031129 0.170662 0.008016 0.066783 0.102623 0.198411 0.135601 0.128385 0.229496 0.376111 0.022746 0.106675 0.091162 0.003482 0.05802 0.117693 0.101062 0.050997 0.11005 0.195546 0.199902 0.069599 0.007284 0.021329 0.019597 0.005189 0 0 0 0
0.09421 0.109323 0 0.070687 0.115223 0.157506 0.221881 0.143989 0.114135 0.116879 0.184998 0.097176 0.081684 0.00529 0.041285 0.057117 0.065724 0.024004 0.035986 0.179007 0.001875 0.098603 0.089679 0.030285 0.07699 0.080293 0.002109 0.018208 0.204909 0.107059 0.097842 0.003183 0.04264 0.01719 0.084416 0.082989 0.1254 0.086422 0.109491 0.007681 0.04705 0.103242 0.190282 0.011206 0.027928 0.127134 0.108561 0.086523 0.177353 0.01669 0.042151 0.041926 0.113 0.017327 0.052219 0.000764 0.034452 0.035822 0.387075 0.148535 0.002273 0.055813 0.035924 0.028944 0.000467 0.028111 5.5e-005 0 0
0.024657 0.199864 0.002276 0.215206 0.132961 0.195374 0.161162 0.089763 0.017468 0.042912 0.075496 0.010366 0.090716 0.159244 0.079127 0.10398 0.029894 0.024653 0.162705 0.047991 0.053794 0.083061 0.097176 0.019073 0.123744 0.095636 0.079473 0.178428 0.168856 0.010797 0.047268 0.128998 0.12498 0.040045 0.165722 0.219268 0.303842 0.143406 0.166341 0.162865 0.104989 0.116734 0.187093 0.092051 0.195076 0.072078 0.021425 5.9e-005 0.033396 0.108857 0.050157 0.020388 0.106583 0.088726 0.096707 0.125163 0.032381 0.0016 0.180573 0.017598 0 0 4.2e-005 5.8e-005 0.118258 0.011688 0 0 0.042748
0.093424 0.206492 0 0.080547 0.038743 0.131011 0.069341 0.046798 0.001408 0.026601 0.021511 0.056412 0.10604 0.061419 0.037873 0.079767 0.07284 0.045242 0.134623 0.012348 0.072341 0.023441 0.161074 0.046644 0.155476 0.014549 0.104849 0.176477 0.090301 0.130019 0.130617 0.068061 0.12468 0.01567 0.011386 0.13933 0.139658 0.149346 0.056575 0.19959 0.207996 0.032936 0.0685 0.093898 0.032224 0.007174 0.040122 0 0.015088 0.095979 0.13637 0.078624 0.123813 0.127834 0.026749 0.030682 0.019716 0.002547 0.001191 0 0.020678 0 0.105559 0.042802 0.111768 0.119955 0 0 0.009108
0.099605 0.043138 0.082841 0.067545 0.027183 0.083756 0.047712 0.187391 0.006476 0.004274 0.001128 0.014189 0.216033 0.007076 0.007015 0 0.064002 0.140167 0.002983 0.054538 0.008086 0.14101 0.013147 0.157478 0.013191 0.118579 0.128158 0.02708 0.23792 0.159085 0.0998 0.0193 0.002357 0.00809 0.050344 0.064609 0.190414 0.188289 0.116404 0.068991 0.058679 0.01854 0.059336 0.124089 0.020973 0.043332 0.084193 0.135303 0.232408 0.29661 0.109513 0.088202 0.266789 0.097588 0.060858 0.001284 6.5e-005 0.001285 0.177312 0.044592 0.114698 0.049236 0.028366 0.034225 0.118937 0 0 0 0
0.058855 0.007361 0.0475 0.074861 0.071033 0.162174 0.017436 0.017133 0.129561 0.054892 0.002214 0.030254 0.197065 0.240117 0.30477 0.016732 0.03597 0.132581 0.126005 0.048181 0.018199 0.042775 0.00352 0.010667 0.037001 0.084553 0.073315 0.027068 0.063038 0.010282 0.178543 0.098235 0.106346 0.097034 0.071597 0.039915 0.18701 0.081829 0.092625 0.06674 0.004576 0.059632 0.072607 0.0818 0.017771 0.06561 0.018166 0.034569 0.166248 0.171197 0.141445 0.1326 0.123745 0.040099 7e-006 0.021344 0.164436 0.192843 0.122443 0.124554 0.216365 0.128642 0.015441 0.165113 0.060025 0 0 0.000858 0.0158
0.174186 0.020025 0.000682 0.125378 0.03746 0.003478 0.004053 0.024116 0.099176 0.067912 0.00365 0.132824 0.059154 0.108032 0.263285 0.017679 0.248021 0.11851 0.062752 0.001924 0.00802 0.012977 0.114416 0.260696 0.089538 0.06759 0.160201 0.160747 0.100135 0.085465 0.079792 0.070996 0.010945 0.076074 0.008922 0.052806 0.057803 0.064331 0.132948 0.09709 0.136676 0.176549 0.14942 0.11908 0.094582 0.02933 0.03737 0.03593 0.041208 0.064155 0.08184 0.046361 0.098898 0.001188 0.011349 0.064117 0.23422 0 0.003368 0.052016 0.112027 0.099379 0.05422 0.201914 0.012102 0.001327 0.042001 0.105385 0.321746
0.166074 0.000916 0.159403 0.223473 0.21193 0.093555 0.017843 0.078056 0.103733 0.129837 0.028819 0.13652 0.031845 0.04766 0.115413 0.125305 0.139226 0.170065 0.028088 0.009006 0.107105 0.070755 0.178553 0.216155 0.241275 0.180969 0.217022 0.070474 0.019369 0.00343 0.135472 0.00344 0.021024 0.029983 0.015323 0.045143 0.116525 0.162798 0.017198 0.00874 0.140943 0.086469 0.154483 0.010706 0.015237 0.048294 0.031448 0.004367 0.068289 0.012646 0.000386 3e-006 0.010181 0.067865 0.000693 0.148998 0.143027 0.026933 0.061804 0.182757 0.21941 0.060977 0.01035 0.025087 0.24559 0.183452 0.179905 0.292362 0.410112
0.054878 0.004439 0.21712 0.22411 0.043067 0.095604 0.137643 0.046004 0.090898 0.048061 0.157496 0.097818 0.061355 0.217851 0.031985 0.009 0.171446 0.077167 0.0249 0.076551 0.130425 0.078533 0.099892 0.109124 0.014936 0.169242 0.073902 0.148393 0.186784 0.054195 0.087118 0.0076 0.229923 0.066498 0.065143 0.084048 0.03203 0.006242 0.001097 0.018605 0.085353 0.229678 0.248942 0.012039 0.088653 0.21166 0.089334 0.010104 0.000621 0.001288 0.071584 0.061823 0.047867 0 0 0.00441 0.042457 0.172511 0.067282 0.033309 0.049527 0.223725 0.119187 0.138049 0.168984 0.143198 0.207879 0.46776 0.215456
0.075492 0.059474 0.123155 0.207895 0.325417 0.104285 0.124175 0.242713 0.021925 0.168068 0.161207 0.130584 0.209612 0.110042 0.079615 0.092856 0.134437 0.062158 0.193718 0.15061 0.055935 0.12474 0.039958 0.092291 0.063539 0.068051 0.155873 0.253557 0.16601 0.04937 0.116764 0.186212 0.029498 0.165679 0.345118 0.069241 0.038924 0.046145 0.003738 0.08358 0.014034 0.103432 0.092774 0.049318 0.087057 0.132356 0.210764 0.205603 5.8e-005 0.090988 0.135602 0.053879 0 0.040285 0.04965 0.130282 0.163102 0.336012 0.17547 0.217671 0.026782 0.07081 0.204589 0.313633 0.189116 0.197813 0.292918 0.022488 0.050429
0.110292 0.016421 0.061347 0.067147 0.235375 0.083694 0.103822 0.043671 0.012752 0.108758 0.200369 0.113641 0.041835 0.13775 0.082398 0.120494 0.138894 0.047126 0.068365 0.160943 0.13705 0.053453 0.245221 0.259814 0.011316 0.151344 0.184712 0.158494 0.237514 0.150374 0.031896 0.178755 0.09216 0.153353 0.090462 0.200209 0.047993 0.037017 0.006514 0.045947 0 0 0.08233 0.022532 0.054373 0.065769 0.213933 0.437922 0.00297 0.033247 0.206462 0.377651 0.238614 0.018222 0.201648 0.210862 0.247743 0.153531 0.325394 0.284126 0.188271 0.271883 0.253071 0.181783 0.133676 0.252665 0.389224 0.334896 0.28262
0.063465 0.036387 0.113589 0.255015 0.165736 0.083027 0.177673 0.060551 0.016645 0.020443 0.00796 0.001794 0.018899 0.036282 0.051127 0.016537 0.041099 0.103381 0.032384 0.029956 0.003217 0.002471 0.110306 0.12356 0.131646 0.00218 0.086536 0.249839 0.087976 0.05108 0.266548 0.460416 0.0605 0.220915 0.062568 7e-005 0.004769 0.007518 0.00178 0.057837 0.002973 0.098962 0.162523 0.387709 0.341681 0.101967 0.0508 0.430436 0.047757 0.237694 0.066732 0.181954 0.515477 0.23375 0.26555 0.074547 0.191464 0.283355 0.264436 0.025218 0.001529 0.020189 0.200566 0.116194 0.084354 0.245921 0.330181 0.299596 0.306103
0.037999 0.010005 0.026562 0.032828 0.005406 0.129067 0.009302 0.02328 0.055683 0.013143 0.079796 0.057347 0.020832 0.037829 0.135008 0.000123 0.041678 0.009678 0.057955 0.122344 0.020318 0.056158 0.058376 0.053012 0.101875 0.026649 0.194609 0.262116 0.0069 0.020952 0.159767 0.265173 0.060982 0.013874 0.06814 0.082753 0.147237 0.017238 0.000134 0.075824 0.058959 0.196863 0.26485 0.333554 0.28093 0.282659 0.023998 0.163965 0.021889 0.029058 0.110441 0.063088 0.024206 0.256001 0.330194 0.311028 0.2259 0.369449 0.216394 0.047171 0.045575 0.038511 0.021261 0.08257 0.256494 0.147541 0.036182 0.255426 0.392538
0.068152 0.054879 0.090687 0.04369 0.018782 0.018531 0.008171 0.169317 0.032512 0.200799 0.1153 0.028509 0.09213 0.023645 0.054381 0.127021 0.12217 0.00948 0.016391 0.052141 0.020244 0.016638 0.09509 0.049524 0.107687 0.062534 0.078198 0.0477 0.002175 0.000556 0.005409 0.011538 0.073985 0.026332 0.117081 0.236538 0.320192 0.099965 0.088855 0.191618 0.181096 0.115346 0.14461 0.220174 0.260425 0.144991 0.146076 0.191497 0.204769 0.034393 0.112659 0.295362 0.222094 0.11049 0.016014 0.176163 0.117537 0.313638 0.22611 0.204504 0.05866 0.286437 0.303611 0.211281 0.213896 0.17589 0.073555 0.244012 0.185957
0.126088 0.044824 0.024836 0.158262 0.060247 0.04405 0.033505 0.129207 0.022705 0.162367 0.037651 0.036085 0.161889 0.282578 0.05002 0.01164 0.101236 0.094152 0.057674 0.025161 0.001402 0.004175 0.010097 0.041456 0.159446 0.0471 0.038676 0.082042 0.071746 0.085594 0.135766 0.075235 0.089534 0.202734 0.168253 0.165295 0.06007 0.139315 0.303316 0.046644 0.272621 0.196906 0.31236 0.265619 0.125246 0.0372 0.231024 0.265684 0.151771 0.387961 0.163752 0.353016 0.252436 0.093882 0.088379 0.173832 0.186956 0.361437 0.3379 0.32396 0.019378 0.328085 0.131228 0.136541 0.042783 0.37628 0.287792 0.3012 0.368188
0.169576 0.153904 0.044551 0.047591 0.040911 0.016623 0.061893 0.067264 0.080944 0.066265 0.099654 0.081035 0.002 0.132136 0.082166 0.06816 0.097758 0.07718 0.023699 0.002351 2e-006 0 0 0.005187 0.004314 0.007691 0.010151 0.122197 0.193526 0.002448 0.220858 0.07368 0.129375 0.27122 0.075351 0.068287 0.177354 0.172606 0.229049 0.325806 0.294803 0.155018 0.121061 0.123749 0.309466 0.196047 0.272779 0.256706 0.215438 0.410444 0.273379 0.099878 0.227014 0.506549 0.338409 0.275169 0.374382 0.006702 0.004915 0.002054 0.063687 0.046682 0.052891 0.207975 0.206518 0.499966 0.405 0.21135 0.300196
0.024525 0.076793 0.007238 0.050021 0.014132 0.006532 0.128106 0.046944 0.010524 0.059892 0.083742 0.073184 0.077123 0.123076 0.089077 0.030533 0.089054 0.02174 0.011619 0.000154 1e-005 1.6e-005 0 0.00218 0.01148 0.059428 0.005194 0.053068 0.168672 0.021022 0.119106 0.532279 0.16621 0.269592 0.10158 0.058278 0.090116 0.251056 0.331619 0.46516 0.097323 0.276873 0.340552 0.214441 0.240148 0.163141 0.353932 0.369099 0.359872 0.117413 0.241177 0.065712 0.092168 0.218994 0.432691 0.197848 0.094069 0.105361 0.033668 0.007274 0.408058 0.21372 0.496151 0.140256 0.407869 0.190781 0.162758 0.071055 0.362924
0.123881 0.035612 0.057277 0.035916 0.032602 0.009338 6.9e-005 0.05943 0.012079 0.044233 0.045463 0.010928 0.043016 0.095048 0.01797 0.044589 0.089689 0.036525 0.101213 0.094762 0.010974 1.8e-005 0 0.144232 0.072627 0.062198 0.034218 0.033736 0.174396 0.244541 0.006083 0.239634 0.219639 0.219937 0.064364 0.188297 0.299756 0.157496 0.104574 0.118726 0.171927 0.187476 0.118493 0.19068 0.274113 0.222533 0.360941 0.372804 0.25577 0.151421 0.419476 0.109396 0.111416 0.181424 0.28054 0.216116 0.185378 0.401967 0.184421 0.028395 0.231523 0.431499 0.322456 0.309452 0.523783 0.226089 0.37124 0.257097 0.016633
0.17989 0.042783 0.004731 0.015386 0.025598 0.05865 0.00462 0.054069 0.03945 0.016826 0.093771 0.004152 0.008695 0.008726 0.007912 0.138104 0.088361 0.027645 0.003318 0.011644 0.045775 0.055732 0.01341 0.028081 0.085508 0.049532 0.049393 0.106666 0.00206 0.126922 0.110533 0.166431 0.157284 0.104185 0.183026 0.114853 0.296994 0.127957 0.08326 0.142433 0.137864 0.239722 0.356428 0.343099 0.382077 0.508793 0.504734 0.430336 0.073714 0.134121 0.037037 0 0.119296 0.154295 0.029179 0.302278 0.37699 0.019665 0.303573 0.040952 0.524902 0.184059 0.164218 0.248167 0.430291 0.058667 0.319262 0.033318 0.0901
0.043009 0.010435 0.072591 0.018238 0.095245 0.173499 0.088536 0.157932 0.297985 0.000684 0.006698 0.015643 0.155024 0.173684 0.129259 0.082485 0.059127 0.00958 0.050873 0.015407 0.072075 0.064669 0.068811 0.096123 0.001829 0.22 0.10454 0.087997 0.12846 0.324642 0.2208 0.13288 0.189823 0.179368 0.319686 0.108765 0.05381 0.211258 0.415978 0.371986 0.307071 0.24076 0.209915 0.346421 0.180686 0.008878 0.078 0.472787 0.279833 0.070345 0.150333 0.037947 0.010058 0.091523 0.218507 0.294258 0.214643 0.328961 0.219993 0.014648 0.325138 0.3202 0.390587 0.252269 0.380646 0.241028 0.266476 0.17083 0.135831
