EnvRasters/BAU_High/maize.asc
ncols         270
nrows         223
xllcorner     24099.479091542
yllcorner     21023.840179216
cellsize      1003.8986847201
NODATA_value  -9999
[rows 32 to 63 of 223, columns 72 to 143 of 270]
0.431417 0.2125 0.535255 0.571849 0.655281 0.517113 0.641576 0.450908 0.644114 0.647483 0.236639 0.436833 0.550839 0.099288 -9999 -9999 -9999 -9999 0.038233 0.317586 0.186851 -9999 0.15496 0.02865 0.0054 0.602114 0.486522 0.447393 0.517929 0.301226 0.288407 0.575267 0.348882 0.420156 0.30315 0.261315 0.021655 0.277086 0.386328 0.352829 0.20331 0.050251 0.287472 0.387624 0.351762 0.005562 0.014519 0.007984 0.169465 0.282717 0.031531 0.033158 0 0 0 0 0 0 0 0 0 0.02261 0.163114 0.082429 0.119235 0.080784 0.006214 0 0.149232 0.054123 0.170936 0.362825
0.633523 0.47734 0.637334 0.512201 0.497992 0.553201 0.455272 0.505224 0.515517 0.72756 0.607354 0.315615 0.753265 0.356045 0.027684 0.184728 0.596254 0.344556 0.280645 0.511571 0.037402 0.011187 0.524792 0.474818 0.629887 0.53547 0.534261 0.646382 0.589605 0.172661 0.071621 0.250416 0.335999 0.283834 0.199491 0.085898 0.057915 0.1532 0.404426 0.472942 0.275779 0.210905 0.591133 0.353566 0.018071 0.002768 0.212598 0.198937 0.246304 0.229107 0.121784 0.015552 0 0 0 0 0 0 0 0 0.001 0.112914 0.03436 0.126537 0.223906 0.187484 0.243858 0.362062 0.009128 0.004258 0.184695 0.189696
0.521644 0.316879 0.53243 0.455195 0.438207 0.577101 0.435977 0.517562 0.543556 0.595665 0.665504 0.281467 0.287408 0.027744 0.017136 0.138542 0.303413 0.439435 0.501782 0.369682 0.16932 0.39684 0.315272 0.211755 0.387397 0.336502 0.186251 0.295421 0.265327 0.371408 0.074178 0.055677 0.298808 0.243171 0.433417 0.195867 0.237655 0.220457 0.339044 0.449078 0.31295 0.185755 0.478353 0.051736 0.143536 0.337329 0.279569 0.320202 0.339728 0.200011 0.170489 0.034347 5e-005 0 0 0 0 0 0 0 0 0.019701 0.193111 0.178266 0.010699 0.183949 0.203742 0.145974 0.036989 0.08325 0.094215 0.123093
0.476551 0.460393 0.388788 0.509317 0.399138 0.213368 0.236413 0.574221 0.536447 0.639899 0.352093 0.53193 0.182512 0 0.076504 0.069436 0.122285 0.190364 0.450259 0.326573 0.406314 0.29548 0.263257 0.413719 0.429471 0.671956 0.721646 0.557532 0.267137 0.387377 0.157077 0.251779 0.351185 0.41075 0.139578 0.328247 0.386623 0.412108 0.600523 0.307657 0.146049 0.269908 0.23922 0.450832 0.363735 0.42209 0.425858 0.306993 0.377516 0.159721 0.005189 0 0 0 0 0 0 0 0 0.10327 0.052447 0.088182 0.083616 0.145025 0.096444 0.135194 0.012379 0.194569 0.16284 0.042631 0.226493 0.058937
0.348746 0.087303 0.114603 0.306638 0.549294 0.303166 0.357165 0.526003 0.480202 0.264288 0.174603 0.373855 0.085142 0 0.007568 0.00486 0.062293 0.235721 0.376418 0.423395 0.279799 0.060081 0.457762 0.39645 0.545127 0.32995 0.283256 0.139186 0.218906 0.119756 0.487165 0.495576 0.325147 0.329207 0.283134 0.199667 0.362534 0.213457 0.364715 0.24696 0.236878 0.188775 0.132362 0.372767 0.19033 0.339651 0.488735 0.458993 0.343458 0.293106 0.010821 0 0 0 0 0 0 0 0 0.151126 0.358895 0.142579 0.204764 0.235694 0.232821 0.347236 0.223359 0.079833 0.122319 0.088754 0.210637 0.193982
0.546459 0.299554 0.19695 0.412939 0.390715 0.297337 0.420002 0.53329 0.245067 0.082274 0.207805 0.14393 0.249151 0.022218 0 0.014718 0.41951 0.1517 0.128395 0.265658 0.268722 0.231711 0.151049 0.035933 0.08134 0.502385 0.307783 0.156374 0.219627 0.298363 0.507322 0.543795 0.299377 0.378951 0.277352 0.266653 0.145337 0 0.022089 0.071768 0.079963 0.02013 0.03159 0.292293 0.21804 0.427033 0.269299 0.406081 0.299877 0.202257 0 0 0 0 0.000362 0 0.000288 0 0 0 0.121391 0.626451 0.436925 0.194195 0.063931 0.325074 0.340996 0.348088 0.177638 0.052244 0.257661 0.308794
0.375977 0.299282 0.49052 0.568755 0.567366 0.653095 0.590919 0.490687 0.616737 0.698314 0.429045 0.229187 0.082356 0 0 0.241811 0.533103 0.1528 0.414542 0.3827 0.628433 0.657525 0.525694 0.271234 0.610434 0.711566 0.431891 0.139 0.544777 0.677054 0.622345 0.273772 0.238152 0.129782 0.449911 0.242147 0.041465 0 0.000156 0.019743 0.241478 0.245272 0.264074 0.523723 0.392225 0.526791 0.414146 0.467306 0.348298 0.019278 7e-006 3.2e-005 0 0 0.003827 0 0.013593 2.8e-005 0.025497 0 0.000583 0.116965 0.090537 0.073543 0.26124 0.280006 0.472306 0.473731 0.320056 0.163008 0.103635 0.016908
0.078146 0.176896 0.621761 0.349809 0.468755 0.458713 0.33002 0.057505 0.210953 0.402713 0.05737 0.254361 0.005931 0.053447 0.012792 0.297551 0.288774 0.586018 0.594772 0.381535 0.301384 0.721007 0.490914 0.535055 0.585816 0.632761 0.394559 0.317092 0.294703 0.365022 0.083821 0.323635 0.215193 0.299785 0.333545 0.221243 0.07536 0.000163 0 0.0399 0.248771 0.221232 0.363253 0.365786 0.47116 0.534128 0.562097 0.55931 0.39297 0.067652 0.012116 0.000372 0.104829 0.023383 0.02608 0.053782 0.014774 0.00462 0.090975 0.009737 0.024674 0.155356 0.167151 0.097916 0.243407 0.531672 0.538453 0.522507 0.078731 0.038515 0 0.044624
0.297672 0.15929 0.422728 0.312023 0.382207 0.457118 0.466159 0.345098 0.66141 0.277515 0.056744 0.091077 0.009336 0.082305 0.221743 0.3995 0.343115 0.335287 0.18068 0 0.00048 0.150391 0.178065 0.496985 0.124204 0.289452 0.282818 0.4613 0.468588 0.542352 0.187096 0.243327 0.408255 0.183425 0.192906 0.265015 0.126183 0.142806 0.094723 0.02107 0.188093 0.335513 0.297134 0.386347 0.404121 0.55041 0.696498 0.482118 0.088711 0.001085 0.014005 0.002207 0.124112 0.302217 0.081683 0.231301 0.506575 0.136821 0.143253 0.002284 0.001026 0.186878 0.178637 0.264896 0.393251 0.162924 0.112463 0.207348 0.01648 7.7e-005 0.047662 0.090353
0.443625 0.603289 0.433335 0.261848 0.320807 0.117785 0.58371 0.778057 0.466449 0.078032 0.210021 0.19905 0.045136 0.006191 0.386808 0.516567 0.563171 0.567771 0.421382 0.418731 0.400353 0.469997 0.387665 0.291269 0.338045 0.485333 0.288836 0.700391 0.590138 0.577508 0.301278 0.357548 0.162026 0.155087 0.229198 0.460289 0.206908 0.242 0.056733 0.089708 0.038219 0.034993 0.217125 0.222944 0.365735 0.602354 0.471937 0.21772 0.043786 0.00165 0.001474 0 0.007908 0.095548 0 0.213121 0.387964 0.401154 0.040622 0.022878 0.203625 0.150725 0.432719 0.363422 0.425967 0.121857 0.010018 0.002455 0.02944 0.162482 0.210824 0.059857
0.32631 0.632899 0.567427 0.389426 0.198539 0.152656 0.56781 0.535067 0.464055 0.213725 0.282951 0.129526 0.001176 0.034064 0.655382 0.662493 0.402758 0.277462 0.145507 0.534097 0.4066 0.263965 0.435827 0.416434 0.43484 0.663098 0.206707 0.519074 0.466312 0.6824 0.335795 0.370333 0.067088 0.140074 0.255506 0.227736 0.162172 0.208493 0.433334 0.502074 0.583591 0.083924 0.005732 0.029815 0.326249 0.440648 0.092427 0.176355 0.065986 0.007149 0.02747 0.105353 0.444432 0.291434 0.045672 0.290484 0.508137 0.296402 0.06543 0.015661 0.048074 0.01579 0.119675 0.128147 0.224063 0.369338 0.008579 0 0.000562 0.28438 0.234322 0.443721
0.394237 0.406252 0.376156 0.415588 0.346364 0.259379 0.470218 0.283823 0.073745 0.136588 0.03237 0.000291 0.074311 0.286987 0.431549 0.418099 0.356033 0.255879 0.28164 0.536061 0.488407 0.366242 0.209745 0.314285 0.512176 0.485731 0.134247 0.027933 0.207391 0.312167 0.303419 0.334196 0.103769 6.6e-005 0.010396 0.081772 0.55008 0.43381 0.362565 0.418027 0.301549 0.039681 0.001536 0.012711 0.117561 0.087352 0 0.011512 0.031513 0.050239 0.193502 0.210229 0.388806 0.204374 0.217044 0.31406 0.387866 0.296981 0.149617 0.00859 0.059232 0.100616 0.067885 0.247654 0.289148 0.160391 0.048401 0.039119 0.065705 0.396351 0.521996 0.570493
0.327365 0.09288 0.164758 0.725038 0.424389 0.457383 0.214727 0.006662 0.037072 0.018002 0 0.089288 0.153353 0.19741 0.232506 0.411184 0.309144 0.646449 0.401068 0.408032 0.405025 0.353843 0.382007 0.443699 0.336873 0.105669 0.039727 0.006127 0.011277 0.361705 0.345795 0.432796 0.116317 0.149949 0.010812 0.158148 0.060338 0.034228 0.127989 0.100615 0.118051 0.030249 0.004939 0.028605 0.145934 0.035126 0.004136 0.091185 0.137868 0.0351 0.117455 0.042578 0.077646 0.027112 0.273855 0.247317 0.401166 0.310109 0.336369 0.203556 0.481026 0.259033 0.255663 0.265937 0.301234 0.067317 0.045854 0.284625 0.31062 0.302195 0.400545 0.38392
0.178699 0.362989 0.126477 0.295645 0.180913 0.202092 0.193734 0.004374 0.00076 0 0.000879 0.005167 0.226348 0.334867 0.324443 0.159282 0.072255 0.2334 0.29711 0.358467 0.232556 0.43967 0.514742 0.408331 0.273964 0.102255 0.001108 0.000553 0.00944 0.090817 0.387351 0.128438 0.274256 0.137669 0.163397 0.136655 0.08414 0.029329 0.117923 0.105029 0.064602 0.143062 0.109907 0.166634 0.085499 0.16749 0.046766 0.352063 0.21306 0.041858 0.023721 0 0.038575 0.065201 0.22611 0.048245 0.111709 0.407122 0.217382 0.188968 0.276299 0.323417 0.197157 0.206608 0.104361 0.094738 0.193066 0.459766 0.261223 0.30484 0.497862 0.252706
0.136014 0.166329 0.032539 0.058454 0.094849 0.027098 0.001507 0 0 0 0.009661 0.088212 0.102423 0.288863 0.171312 0.002444 0.125492 0.133264 0.3338 0.581352 0.54881 0.177614 0.469036 0.485872 0.322969 0.201494 0.193257 0.011001 0.001259 0.037477 0.257399 0.477525 0.368273 0.347602 0.23862 0.187488 0.01543 4e-006 0.048916 0.122362 0.079814 0.145536 0.118046 0.030085 0 0.000982 0.091273 0.418576 0.274764 0.252407 0.006696 0.000945 0 0 0.03465 0.239133 0.184458 0.48435 0.305082 0.379229 0.515521 0.286598 0.000251 0 0.087255 0.245161 0.102622 0.224229 0.294497 0.261163 0.006448 0.397416
0.533777 0.365194 0.03174 0.218125 0.089896 0.037307 0.010434 0.00052 0 0 0.025504 0.145843 0.0249 0.163449 0.228564 0.168208 0.272497 0.282577 0.424699 0.276536 0.481541 0.330312 0.40468 0.721123 0.296668 0.475506 0.546317 0.034418 0.070398 0.248663 0.236739 0.192207 0.597782 0.543556 0.392864 0.478264 0.339779 0.019256 0.20713 0.232598 0.023721 0.145756 0.179527 0.053476 0.190072 0.1694 0.1734 0.109154 0.2984 0.247469 0.02623 0.005957 0 0 0 0 0 0.045801 0.092964 0.149011 0.21144 0.027232 0.003438 0.040833 0.121783 0.161514 0.153784 0.265084 0.255334 0.338207 0.195211 0.228693
0.285137 0.35561 0.518998 0.097071 0.017044 0 0.000616 3.2e-005 0 0 0.001224 0.008892 0.049477 0.095316 0.314559 0.36588 0.171496 0.433242 0.282599 0.162741 0.528643 0.604414 0.593725 0.633753 0.554669 0.620564 0.560635 0.402443 0.703587 0.142407 0.033011 0.040041 0.517469 0.390557 0.162276 0.247571 0.284192 0.278974 0.425988 0.213703 0.080181 0.064622 0.251084 0.361935 0.470682 0.716571 0.336423 0.040023 0.139613 0.03205 0.103818 0.072793 0.001455 0 0 0.0354 0.2648 0.000363 0.069172 0.076839 0.003323 0.007713 0.078677 0.114899 0.165206 0.169419 0.274431 0.232029 0.259362 0.347271 0.496982 0.359201
0.29987 0.160316 0.214569 0.218314 0.00162 0 0 0 0 0 6.2e-005 0 0.114857 0.100731 0.163312 0.199957 0.287246 0.423019 0.293069 0.238702 0.452429 0.475398 0.37792 0.591442 0.577872 0.600308 0.509598 0.240098 0.300462 0.017182 0 0.070834 0.399618 0.33389 0.359002 0.45633 0.26216 0.277202 0.104386 0.475505 0.070102 0.175331 0.251106 0.532506 0.251671 0.364027 0.354171 0.154316 0.165516 0.01986 0.227252 0.244842 0.002619 0.002223 0.000969 0.220296 0.260066 0.129789 0.017406 0.00586 0.066051 0.106301 0.158344 0.06851 0.039257 0.080157 0.288266 0.177036 0.086886 0.368743 0.29111 0.202378
0.297825 0.2917 0.267055 0.113235 0.000435 0.000754 0 0 0 0 0 5.6e-005 0.032271 0.0214 0.098105 0.044748 0.294404 0.283826 0.405997 0.415059 0.35189 0.418513 0.45255 0.600981 0.332797 0.505118 0.378701 0.372735 0.192282 0.335364 0.075787 0.328372 0.362593 0.486124 0.099688 0.123315 0.274826 0.177803 0.137868 0.372747 0.063742 0.001628 0.168013 0.504716 0.248518 0.39433 0.406104 0.122525 0.532876 0.237735 0.196812 0.080372 0 0.024138 0.034887 0.0016 0.454049 0.266485 0.09752 0.005513 0.071816 0.025528 0.113829 0.019985 0.038471 0.246777 0.258701 0.096093 0.133861 0.196537 0.46274 0.059028
0.422246 0.342291 0.0611 0.006324 0.001605 9e-005 0 0 0 0 0 0.039575 0.258027 0.117759 0.029551 0.114427 0.353687 0.23683 0.414057 0.409661 0.264029 0.382567 0.310533 0.391441 0.063884 0.206101 0.095227 0.364471 0.291999 0.467389 0.442118 0.341579 0.080289 0.132653 0.07544 0.166186 0.081025 0.057294 0.037703 0.109545 0.108373 0.170196 0.149491 0.272536 0.515868 0.385906 0.317501 0.218141 0.34538 0.372347 0.349883 0.174142 0.026557 0.001038 0.116809 0.275684 0.187763 0.049835 0.046413 0 0.037202 0.044981 0.000355 0.051658 0.107468 0.081532 0.194781 0.22708 0.388531 0.285015 0.208876 0.099614
0.166978 0.170249 0.239015 0.230223 0.077074 0.086116 0 0 0 0 0 0.0001 0.124559 0.04662 0.050456 0.334507 0.50226 0.181169 0.14647 0.171517 0.267817 0.215846 0.134963 0.394674 0.368392 0.189655 0.055211 0.362881 0.239314 0.572439 0.482075 0.09137 0.285761 0.042755 0.013814 0.128537 0.054467 0.083774 0.025531 0.086825 0.164331 0.405313 0.348323 0.468906 0.507353 0.170086 0.099352 0.371504 0.341796 0.468551 0.119922 0.233131 0.157999 0.090456 0.356257 0.459447 0.324585 0.065672 0.002258 0.005408 0.005203 0 0.000448 0.017846 0.159004 0.028596 0.168758 0.184325 0.226217 0.277224 0.398983 0.216379
0.09645 0.011387 0.1302 0.426216 0.066857 0.015156 0 0 0 0.01911 0 0 0.099059 0.132112 0.061259 0.048753 0.265501 0.058746 0.144596 0.301653 0.294857 0.037791 0.060901 0.066201 0.311966 0.072403 0.124384 0.266031 0.339776 0.597531 0.167075 0.173053 0.220398 0.016287 0.000294 0.002255 0.104817 0.153613 0.178081 0.083586 0.044193 0.182106 0.383435 0.411698 0.225273 0.050151 0.209002 0.262989 0.102201 0.485044 0.165108 0.577376 0.083666 0.402762 0.504615 0.419507 0.191158 0.010305 0.084175 0.165076 0 0 0.00017 0.034855 0.028246 0.063373 0.13056 0.259862 0.103171 0.211989 0.165382 0.401398
0.003333 0 0.026669 0.098931 0.000348 0.08614 0.008405 0.007233 0 0 0 0 0.002426 0.195822 0.171081 0.402444 0.172207 0.278196 0.179464 0.272889 0.363468 0.212728 0.148882 0.101605 0.166977 0.094584 0.231709 0.00024 0.095349 0.423491 0.045205 0.2347 0.266093 0.286595 0.006558 0.0065 0.118042 0.12078 0.168732 0.224284 0.327076 0.239839 0.367715 0.113888 0.304754 0.376092 0.431686 0.379079 0.161135 0.391206 0.31018 0.387777 0.143468 0.364403 0.442507 0.522172 0.490598 0.464505 0.311687 0.101525 0 0 1.4e-005 0.018489 0.003836 0.039261 0.003792 0.085621 0.098618 0.20862 0.239624 0.358309
0 8.8e-005 0.033538 0.284884 0.144059 0.211791 0.064163 0 0 0.002423 0.002118 0.001715 0.01798 0.112178 0.230005 0.24496 0.251259 0.225983 0.032935 0.045556 0.103906 0.08207 0.05283 0.079934 0.075565 0.061236 0.144647 0.110659 0.25044 0.18631 0.414717 0.338661 0.053027 0.050893 0.191641 0.022488 0.25229 0.407161 0.395395 0.424327 0.050307 0.033803 0.133194 0.1617 0.084518 0.378697 0.50379 0.25095 0.296927 0.213174 0.130497 0.125062 0.064396 0.206174 0.431582 0.420454 0.337088 0.357028 0.077532 0.05025 0 0 0.000153 0.088403 0.113947 0.037666 0.016542 0.018947 0.005428 0.071906 0.157495 0.288307
0.070159 0.162622 0.104664 0.25888 0.264103 0.264429 0.284285 0.000536 0.004302 0.013298 0.022173 0.017939 0.061712 0 0.036935 0.073944 0.242544 0.288112 0.007305 0 0.019884 0.150063 0.091469 0.062246 0.137479 0.092134 0.091592 0.106954 0.139203 0.280908 0.446117 0.157299 0.378192 0.123549 0.221832 0.307266 0.122859 0.129015 0.298139 0.35324 0.204156 0.125103 0.032602 0.189542 0.604656 0.437538 0.224618 0.236304 0.074846 0.049164 0.321776 0.49005 0.192517 0.08074 0.364523 0.390978 0.359647 0.2884 0.301087 0.091374 0 0.015712 0.174142 0.028234 0.219417 0.203436 0.196002 0.239665 0.065517 0 0 0.04078
0.32208 0.370795 0.015397 3e-005 0.394448 0.179225 0.479626 0.195799 0.182452 0.001646 0.174952 0.083297 0.191869 0.038086 0.20947 0.14256 0.166446 0.108791 0.096802 0.103867 0.102863 0.179332 0.073571 0.136041 0.086574 0.416151 0.480232 0.312551 0.359272 0.228677 0.306924 0.236486 0.238922 0.13211 0.227847 0.412466 0.062516 0.005109 0.199119 0.228568 0.151096 0.252406 0.141736 0.236857 0.332246 0.290487 0.172723 0.625519 0.360849 0.174561 0.399194 0.417309 0.349212 0.19407 0.166367 0.291099 0.522608 0.420559 0.498557 0.307111 0.058014 0.128552 0.162194 0.023523 0.137538 0.021363 0.074086 0.237484 0.257673 0.313307 0.091852 0.157094
0.347475 0.512219 0.218838 0.149543 0.245863 0.41068 0.494951 0.297044 0.155002 0.036122 0.218475 0.484693 0.408005 0.169716 0.444504 0.409307 0.144817 0.255443 0.29154 0.19912 0.213795 0.091683 0.130217 0.123561 0.104527 0.310559 0.339835 0.447945 0.269858 0.344966 0.119317 0.021121 0.149805 0.15388 0.161244 0.377157 0.288244 0.031582 0.21911 0.30391 0.305542 0.43506 0.409735 0.121599 0.539687 0.357816 0.207447 0.541433 0.56752 0.225536 0.318374 0.486091 0.320911 0.192761 0.017664 0.339395 0.438182 0.473872 0.437124 0.206685 0.184191 0.283089 0.001872 0.000392 0.00046 0.085872 0.159471 0.062764 0.154918 0.154859 0.371932 0.210984
0.267858 0.422885 0.465257 0.061678 0.272835 0.365849 0.188812 0.091726 0.069023 0.096542 0.281257 0.364248 0.557469 0.072291 0.354703 0.387944 0.136628 0.146303 0.157841 0.300018 0.333755 0.134937 0.09545 0.29742 0.195036 0.206764 0.235103 0.166708 0.305094 0.350409 0.160052 0.113976 0.156949 0.157177 0.151885 0.214774 0.313175 0.210342 0.429519 0.369591 0.119771 0.512862 0.310458 0.341851 0.55628 0.475742 0.281608 0.528059 0.364892 0.275365 0.479315 0.478371 0.145993 0.083793 0.013854 0.188686 0.538355 0.177414 0.403434 0.266443 0.040313 0.129373 0.020646 0 0.094942 0.081106 0.053279 0.02213 0.090623 0.062476 0.117017 0.00488
0.693823 0.519869 0.199601 0.347198 0.550496 0.185851 0.089429 0.169988 0.194557 0.147337 0.209158 0.563926 0.478712 0.379937 0.262128 0.420926 0.340841 0.286544 0.214954 0.404334 0.321404 0.221966 0.155403 0.115793 0.158407 0.135324 0.000813 0.069957 0.339022 0.20634 0.04393 0.17912 0.176845 0.371865 0.27012 0.310414 0.383972 0.427813 0.165653 0.145801 0.016415 0.142445 0.336759 0.399551 0.368239 0.249714 0.515983 0.304864 0.503423 0.059395 0.256457 0.356167 0.518299 0.290016 0.147482 0.304323 0.263201 0.459542 0.411774 0.133819 0.219455 0.314422 0.011921 0.157395 0.32876 0.100394 0.231908 0.116854 0.24122 0.071474 0.142083 0.025232
0.252475 0.221486 0.070357 0.21942 0.135767 0.080631 0.083247 0.464564 0.180669 0.265295 0.355116 0.352946 0.302145 0.452028 0.434522 0.254785 0.264808 0.618856 0.216516 0.415251 0.085155 0.309079 0.271715 0.296099 0.134752 0.11102 0.162211 0.222838 0.255311 0.037335 0.002083 0.148265 0.176632 0.293063 0.190563 0.245209 0.387979 0.145856 0.195932 0.291151 0.163324 0.4321 0.349419 0.057096 0.061337 0.260845 0.310445 0.454505 0.184878 0.235769 0.18334 0.195654 0.56671 0.22959 0.631621 0.547847 0.441762 0.488723 0.321688 0.136925 0.419437 0.129459 0.09807 0.12117 0.425167 0.467116 0.494113 0.414478 0.075028 0.077028 0.054976 0.044151
0.439247 0.450935 0.43837 0.350616 0.111911 0.177628 0.354987 0.144449 0.133738 0.355516 0.34215 0.256169 0.332762 0.315281 0.097299 0.430671 0.289015 0.610634 0.188139 0.40866 0.188159 0.213634 0.254742 0.372831 0.125056 0.288027 0.139649 0.131229 0.200423 0.10434 0.001077 0.079699 0.174641 0.299817 0.098727 0.208622 0.339337 0.301825 0.393343 0.241649 0.380531 0.437671 0.521156 0.146111 0.197569 0.358137 0.470152 0.475959 0.261887 0.116697 0.517926 0.399257 0.601119 0.2335 0.289162 0.269972 0.151078 0.105799 0.181246 0.237872 0.166972 0.177705 0.355124 0.177545 0.218723 0.21106 0.286946 0.404138 0.080733 0.302662 0.508232 0.208605
0.599134 0.340651 0.486215 0.184155 0.477111 0.505073 0.364231 0.505761 0.658117 0.506052 0.521179 0.372486 0.093132 0.21365 0.241932 0.254035 0.508009 0.222565 0.448298 0.335872 0.092024 0.327461 0.476824 0.281111 0.076112 0.245629 0.044769 0.09949 0.108001 0.00042 0 0 0.059614 0.261541 0.024868 0.21543 0.259724 0.255169 0.228556 0.141052 0.441331 0.493246 0.534353 0.321647 0.63026 0.432413 0.330594 0.532245 0.315453 0.292684 0.017381 0.254587 0.556648 0.094336 0.175763 0.153616 0.033354 0 0.058305 0.36805 0.156601 0.360902 0.459165 0.196575 0.298432 0.369275 0.137444 0.266899 0.229892 0.363049 0.370169 0.432457
