EnvRasters/BAU_High/maize.asc
ncols         270
nrows         223
xllcorner     24099.479091542
yllcorner     21023.840179216
cellsize      1003.8986847201
NODATA_value  -9999
[rows 32 to 63 of 223, columns 0 to 71 of 270]
-9999 -9999 -9999 -9999 -9999 -9999 -9999 -9999 -9999 -9999 -9999 -9999 -9999 -9999 -9999 -9999 -9999 -9999 -9999 0 0 0.13482 0.040299 0 0 0.002332 0.034551 0.02303 0.014785 0.004666 0.51033 0.672276 0.212846 0.565316 0.702759 0.542958 0.545551 0.63696 0.422885 0.198625 0.200554 0.313824 0.417263 0.1827 0 0 0 0.001594 0.082822 0.0046 0.265691 0.411523 0.426791 0.342314 0.292576 0.552144 0.395278 0.585264 0.511862 0.48824 0.102589 0.05986 0.388598 0.547743 0.597935 0.510241 0.45035 0.608181 0.584975 0.369415 0.433367 0.563056
-9999 -9999 -9999 -9999 -9999 -9999 -9999 -9999 -9999 -9999 -9999 -9999 -9999 -9999 -9999 -9999 -9999 -9999 0 0.057058 0.010139 0.113423 0.165058 0.123289 0.099414 0.104072 0.24072 0.063532 0.002732 0.053245 0.301011 0.316168 0.443044 0.329117 0.385561 0.25333 0.311501 0.232641 0.39546 0.559572 0.279413 0.19573 0.075126 0 0 0 0 0.001916 0.019072 0.084918 0.186748 0.129092 0.038944 0.216539 0.4234 0.26847 0.416749 0.605565 0.499277 0.2697 0.038366 0.011998 0.14134 0.22917 0.135789 0.225221 0.238596 0.427868 0.558409 0.452137 0.513661 0.546046
-9999 -9999 -9999 -9999 -9999 -9999 -9999 -9999 -9999 -9999 -9999 -9999 -9999 -9999 -9999 -9999 0 9.4e-005 0.088483 0.291839 0.569412 0.357674 0.719402 0.610412 0.676574 0.629004 0.454153 0.5294 0.4155 0.301234 0.22971 0.534145 0.597269 0.344074 0.212691 0.265686 0.240617 0.688937 0.472307 0.411823 0.164088 0.122097 0.00435 0 0.000192 0 0 0 0.032732 0.210767 0.091041 0.23165 0.471185 0.289798 0.572369 0.448939 0.535716 0.569341 0.550897 0.319366 0.168375 0.286666 0.07329 0.121488 0.14258 0.303657 0.133279 0.353517 0.497242 0.502352 0.554477 0.609642
-9999 -9999 -9999 -9999 -9999 -9999 -9999 -9999 -9999 -9999 -9999 -9999 -9999 -9999 -9999 0 0.036455 0.132829 0.374039 0.630257 0.567321 0.298833 0.471276 0.554997 0.601879 0.508106 0.456609 0.400358 0.548843 0.452562 0.12467 0.248894 0.47168 0.411076 0.528853 0.36043 0.060762 0.097254 0.339314 0.100074 0 0.136441 0.0375 0 0 2e-005 0 0.0316 0.213987 0.109069 0.222265 0.378605 0.485268 0.286581 0.620918 0.6295 0.62526 0.666695 0.562703 0.307499 0.436598 0.241525 0.406743 0.410479 0.236902 0.468007 0.358148 0.086675 0.051117 0.033613 0.134914 0.406542
-9999 -9999 -9999 -9999 -9999 -9999 -9999 -9999 -9999 -9999 -9999 -9999 -9999 0 0 0.204167 0.514899 0.550535 0.625424 0.661729 0.533272 0.137066 0.270808 0.527185 0.470409 0.177557 0.567939 0.476115 0.622533 0.665324 0.352676 0.245983 0.166742 0.134674 0.225659 0.159767 0.141174 0.086424 0.247975 0.146648 0.122596 0.14052 0.20215 0.000454 0.002838 0.001548 0.012264 0.13491 0.424786 0.28607 0.4384 0.341859 0.362868 0.363519 0.5228 0.605594 0.51762 0.63012 0.501649 0.393399 0.442143 0.079999 0.267191 0.307952 0.497288 0.236214 0.503947 0.187003 0.04731 0.021303 0.012852 0.328213
-9999 -9999 -9999 -9999 -9999 -9999 -9999 -9999 -9999 -9999 -9999 0 0 0 0.372942 0.732194 0.730254 0.627374 0.525617 0.555903 0.625222 0.621631 0.579147 0.661732 0.369699 0.525624 0.574569 0.557052 0.482471 0.648661 0.299538 0.245605 0.306443 0.359125 0.402791 0.191758 0.43565 0.327237 0.24514 0.336007 0.157109 0.100331 0.057682 0 0.183953 0.104572 0.352892 0.237145 0.3961 0.538889 0.52161 0.452759 0.365377 0.025237 0.325448 0.549218 0.479626 0.447829 0.43888 0.493818 0.289235 0.339869 0.225855 0.289752 0.396802 0.366679 0.617805 0.432731 0.33887 0.349696 0.197029 0.454827
-9999 -9999 -9999 -9999 -9999 -9999 -9999 -9999 -9999 0 0.000855 0.035384 0.155633 0.000386 0.145803 0.671255 0.473417 0.600528 0.754777 0.236349 0.717001 0.584665 0.528119 0.783573 0.539589 0.394214 0.204736 0.033297 0.067059 0.205262 0.374638 0.297717 0.37867 0.316691 0.421488 0.241171 0.270661 0.446737 0.312526 0.248827 0.158556 0.070158 0.142054 0.0045 0.161454 0.250057 0.051501 0.176394 0.138285 0.453721 0.509254 0.632838 0.375242 0.538499 0.379194 0.544135 0.49224 0.328654 0.417963 0.442947 0.277144 0.165398 0.2852 0.373047 0.599574 0.489279 0.468718 0.569365 0.425769 0.0069 0.328658 0.459446
-9999 -9999 -9999 -9999 -9999 -9999 -9999 -9999 0 0 0.009168 0.035789 0.143523 0.246456 0.359769 0.474051 0.778792 0.529788 0.798478 0.66991 0.456582 0.647692 0.801408 0.853167 0.741866 0.632649 0.199053 0.377694 0.518242 0.537398 0.29397 0.397735 0.378859 0.357587 0.293943 0.347482 0.199435 0.004968 0.055084 0.266208 0.366466 0.302206 0.298424 0.064663 0.266158 0.299693 0.018 0.099548 0.181811 0.525692 0.484359 0.460002 0.494472 0.566373 0.308577 0.575023 0.444388 0.47514 0.417341 0.350899 0.058195 0.002929 0.058541 0.198183 0.375242 0.580015 0.5272 0.566446 0.647452 0.241085 0.43534 0.140593
-9999 -9999 -9999 -9999 -9999 0 0 0 0 0 0.285759 0.272433 0.022643 0.14713 0.334754 0.721794 0.764186 0.488434 0.606624 0.690557 0.529852 0.684165 0.575722 0.543264 0.471654 0.725962 0.600676 0.629235 0.599481 0.403694 0.513899 0.332332 0.478318 0.424654 0.452883 0.451628 0.386207 0.213201 0.267776 0.080333 0.22124 0.422847 0.574029 0.58745 0.480961 0.232446 0.019743 0.044041 0.522691 0.382537 0.426252 0.362383 0.353596 0.334578 0.462958 0.553987 0.421701 0.40659 0.191575 0.210729 0.389975 0.088001 0.150556 0.1077 0.254224 0.618443 0.555466 0.541646 0.606617 0.50264 0.520324 0.453315
-9999 -9999 -9999 -9999 0 0 0 0 0 0.004505 0.340796 0.34879 0.090193 0.140216 0.634005 0.399111 0.609363 0.619822 0.785247 0.771169 0.621859 0.541084 0.594165 0.632295 0.660953 0.697104 0.753011 0.634244 0.346199 0.530116 0.443805 0.063023 0.208135 0.477854 0.628598 0.407673 0.465285 0.554326 0.324074 0.528714 0.387126 0.069478 0.260321 0.335218 0.440432 0.299608 0.114483 0.192799 0.397477 0.465399 0.384101 0.360649 0.158026 0.045681 0.275407 0.477947 0.467422 0.342386 0.227734 0.188056 0.464562 0.082794 0.263388 0.323729 0.491384 0.206783 0.505471 0.435613 0.402134 0.621423 0.807531 0.498996
-9999 -9999 0 0 0.004571 0 0 0.005163 0.086993 0.607006 0.784794 0.744531 0.263403 0.456386 0.8196 0.879567 0.672262 0.83278 0.600671 0.720546 0.771522 0.477219 0.574014 0.636996 0.56845 0.712224 0.312395 0.333922 0.371457 0.49049 0.430275 0.347118 0.20675 0.317649 0.361441 0.394095 0.133063 0.434743 0.282847 0.460602 0.071791 0.128851 0.082169 0.074993 0.232925 0.143864 0.151111 0.073373 0.322124 0.142633 0.164118 0.393204 0.066729 0.186653 0.212148 0.145673 0.4338 0.494131 0.443053 0.259535 0.482725 0.683589 0.350021 0.314543 0.368519 0.214349 0.373809 0.506324 0.320005 0.22037 0.638528 0.646848
0 0 0 0 0.000212 0 0.396011 0.722061 0.279715 0.534111 0.663399 0.673272 0.551944 0.442393 0.652333 0.723971 0.927859 0.7397 0.484503 0.594587 0.797238 0.631349 0.622245 0.789903 0.714798 0.611742 0.567353 0.58737 0.535802 0.577105 0.490175 0.465358 0.35834 0.324265 0.402332 0.397369 0.315246 0.383143 0.343239 0.349534 0.191517 0.277289 0.456177 0.333703 0.424407 0.216548 0.224139 0.182514 0.346741 0.357484 0.085861 0.154818 0.057588 0.158813 0.408805 0.195677 0.475515 0.431419 0.536297 0.525192 0.372943 0.387369 0.353609 0.445517 0.437574 0.377099 0.536024 0.392539 0.174166 0.06898 0.352914 0.523313
0 0 0 0.019961 0.266672 0.512422 0.568634 0.500398 0.52932 0.662057 0.869365 0.714104 0.822829 0.844096 0.728787 0.778318 0.903945 0.575973 0.8722 0.61908 0.572016 0.543275 0.382589 0.592983 0.532526 0.540468 0.399327 0.482509 0.518116 0.566926 0.488908 0.234598 0.251253 0.689218 0.616641 0.561651 0.452508 0.538422 0.413234 0.37812 0.189282 0.095266 0.310558 0.290622 0.11438 0.069543 0.26105 0.289192 0.100267 0.039809 0.028426 0.010045 0.179619 0.457765 0.509836 0.26733 0.30037 0.362679 0.535587 0.404793 0.085583 0.131138 0.370015 0.551808 0.627591 0.527592 0.330952 0.408689 0.555161 0.34213 0.455602 0.456188
0 0 0.164879 0.736044 0.548905 0.550538 0.615795 0.525988 0.824233 0.804533 0.727145 0.68899 0.731693 0.845985 0.649486 0.681246 0.83985 0.67855 0.741952 0.548312 0.475138 0.578821 0.478011 0.372806 0.504893 0.330968 0.483782 0.138339 0.102881 0.353544 0.14712 0.102831 0.402595 0.379138 0.173068 0.154309 0.360048 0.40955 0.416428 0.467441 0.308608 0.332922 0.307946 0.171954 0.062802 0.149833 0.318736 0.493417 0.233391 0.183261 0.058324 0.200749 0.092422 0.477354 0.257198 0.188265 0.005635 0.249367 0.40269 0.283939 0.09574 0.11339 0.408321 0.48678 0.334316 0.416311 0.539352 0.531433 0.619901 0.438333 0.635096 0.442234
0.321191 0.29642 0.385919 0.625075 0.423099 0.341293 0.163353 0.555097 0.669083 0.671458 0.799773 0.768537 0.741915 0.725757 0.83098 0.61942 0.790424 0.73125 0.517751 0.507983 0.567855 0.22986 0.426121 0.454953 0.609261 0.288139 0.289603 0.252938 0.113579 0.340153 0.29383 0.415012 0.283566 0.365942 0.196282 0.555504 0.33983 0.383286 0.375281 0.288032 0.341126 0.308184 0.490997 0.281196 0.400706 0.305878 0.453456 0.438228 0.615319 0.540374 0.107866 0.116946 0.138329 0.2085 0.51198 0.135255 0.05908 0.173173 0.397632 0.442928 0.130557 0.071164 0.200427 0.44795 0.251637 0.718441 0.435226 0.337125 0.511767 0.244302 0.443169 0.40621
0.434765 0.105172 0.529106 0.453953 0.521681 0.396346 0.00144 0.023074 0.324636 0.582919 0.519907 0.690716 0.837487 0.650518 0.72676 0.509837 0.802863 0.442803 0.372254 0.662225 0.738374 0.492082 0.552287 0.380154 0.444761 0.449918 0.37204 0.184603 0.578298 0.59046 0.384026 0.403457 0.258925 0.309406 0.408511 0.407501 0.298399 0.090426 0.390811 0.267236 0.332266 0.263644 0.347506 0.468923 0.340472 0.573722 0.314381 0.485189 0.55963 0.427419 0.291651 0.281363 0.118253 0.049449 0.187922 0.205184 0.187126 0.396317 0.36987 0.481599 0.184444 0.111889 0.188688 0.258633 0.267083 0.566561 0.247534 0.335092 0.59738 0.396835 0.419624 0.437411
0.310688 0.498689 0.665362 0.814547 0.5211 0.515754 0.197358 0.061047 0.582602 0.66758 0.764588 0.629256 0.742714 0.793884 0.798896 0.737321 0.82017 0.631729 0.884716 0.616452 0.658679 0.414112 0.580593 0.521023 0.595925 0.320009 0.407508 0.346361 0.587073 0.354461 0.430203 0.377989 0.153934 0.0909 0.38584 0.071292 0.042044 0.004345 0.264503 0.13644 0.253285 0.46831 0.558022 0.583521 0.34186 0.22936 0.367099 0.391901 0.447798 0.421784 0.446179 0.45749 0.198607 0.327935 0.286903 0.207085 0.156637 0.277878 0.457243 0.527528 0.338332 0.140657 0.030317 0.096793 0.343075 0.5468 0.413548 0.185669 0.521543 0.207249 0.249785 0.510882
0.758927 0.866888 0.676776 0.853953 0.818606 0.677325 0.415841 0.53257 0.507819 0.652442 0.663259 0.651741 0.752143 0.760966 0.811252 0.492037 0.4429 0.6523 0.534416 0.666517 0.454131 0.286573 0.38704 0.45544 0.522679 0.289836 0.514681 0.318651 0.443396 0.339771 0.418229 0.641592 0.346453 0.31687 0.617687 0.345666 0.147159 0.06785 0.263935 0.355267 0.473911 0.39055 0.413615 0.631838 0.597664 0.323082 0.341899 0.467261 0.305579 0.136816 0.475186 0.463875 0.487664 0.494046 0.44905 0.440682 0.295713 0.309685 0.322785 0.443991 0.539607 0.3489 0.392709 0.463684 0.152845 0.485939 0.473461 0.325871 0.348834 0.338216 0.285258 0.411999
0.728575 0.743311 0.834786 0.799063 0.701996 0.405748 0.711323 0.557508 0.700069 0.779454 0.572603 0.521121 0.387557 0.493711 0.849122 0.528203 0.57994 0.653487 0.694013 0.661426 0.267 0.139477 0.262456 0.543045 0.362103 0.440272 0.548226 0.273752 0.431567 0.612532 0.386853 0.399002 0.406168 0.348725 0.453129 0.382725 0.492504 0.371733 0.345344 0.433376 0.496214 0.451724 0.315499 0.42294 0.40134 0.19454 0.449765 0.340764 0.160725 0.204115 0.353867 0.411979 0.450371 0.468885 0.523859 0.502845 0.420555 0.387727 0.450132 0.257238 0.509459 0.370491 0.322474 0.519362 0.529808 0.370971 0.460522 0.419849 0.40656 0.132866 0.1037 0.302682
0.584016 0.821044 0.855109 0.828012 0.704821 0.601054 0.784158 0.715175 0.620094 0.608989 0.635232 0.416254 0.516881 0.362448 0.44534 0.800381 0.638545 0.460112 0.404568 0.459429 0.178309 0.117933 0.112155 0.055516 0.315632 0.519464 0.460952 0.453115 0.370076 0.507982 0.35372 0.424126 0.364039 0.404793 0.361901 0.544279 0.518225 0.410171 0.387497 0.434956 0.286615 0.3192 0.272479 0.378743 0.40425 0.065931 0.312137 0.464417 0.601874 0.560032 0.531041 0.676259 0.540061 0.444837 0.514452 0.410469 0.304623 0.339512 0.240904 0.575791 0.356241 0.146571 0.27823 0.431377 0.395155 0.438956 0.308852 0.280481 0.367484 0.305557 0.580734 0.377001
0.553309 0.787624 0.564865 0.808007 0.635001 0.763787 0.737108 0.741277 0.33156 0.552794 0.479109 0.711768 0.555222 0.185605 0.239142 0.364519 0.393268 0.490843 0.55503 0.256377 0.002893 0.426643 0.341808 0.098709 0.194996 0.138882 0.268058 0.278737 0.36555 0.254918 0.309076 0.400687 0.022785 0.290205 0.454357 0.696592 0.419732 0.248547 0.328696 0.179938 0.411379 0.374104 0.432725 0.479144 0.175508 0.330444 0.572404 0.581963 0.501859 0.390655 0.433616 0.357223 0.321141 0.406493 0.489297 0.436714 0.381256 0.199424 0.435887 0.695807 0.473916 0.389153 0.565179 0.611275 0.582035 0.407025 0.400079 0.170235 0.208633 0.508496 0.572771 0.149579
0.684866 0.651187 0.664742 0.730434 0.749108 0.465882 0.566108 0.544598 0.523597 0.513302 0.344306 0.575679 0.467461 0.62755 0.250011 0.109007 0.249824 0.647233 0.625982 0.205901 0.216804 0.500794 0.618755 0.268223 0.61297 0.345395 0.118396 0.199873 0.214486 0.275342 0.130437 0.489506 0.124248 0.23745 0.366589 0.51272 0.377835 0.334719 0.15094 0.080451 0.163325 0.338624 0.409053 0.437676 0.387499 0.496823 0.697038 0.541904 0.390508 0.476043 0.481863 0.523099 0.402197 0.289691 0.413038 0.388898 0.470995 0.531341 0.524402 0.637415 0.536439 0.601588 0.527568 0.478821 0.372743 0.343614 0.568473 0.36074 0.072882 0.585877 0.464598 0.353591
0.640605 0.703325 0.475841 0.651858 0.703561 0.732228 0.529687 0.689743 0.617078 0.295163 0.511174 0.63753 0.541616 0.651693 0.770605 0.485631 0.384008 0.598155 0.389598 0.166769 0.534988 0.457504 0.484339 0.493723 0.449734 0.556418 0.383029 0.286283 0.338804 0.266199 0.315366 0.458244 0.387487 0.5209 0.366279 0.344006 0.326567 0.353947 0.388636 0.49909 0.437104 0.307754 0.461809 0.379701 0.288589 0.314164 0.393342 0.399477 0.302972 0.623579 0.541661 0.410813 0.480913 0.599461 0.292865 0.30358 0.492461 0.53575 0.593004 0.537882 0.45651 0.46305 0.518941 0.592877 0.520835 0.393875 0.291018 0.260684 0.433239 0.46246 0.389045 0.490438
0.394601 0.749039 0.652472 0.833779 0.804849 0.568934 0.57836 0.805059 0.629149 0.652065 0.661418 0.389344 0.722893 0.639319 0.558218 0.428197 0.59199 0.497459 0.109906 0.420216 0.313657 0.667043 0.457767 0.58381 0.491605 0.461549 0.453939 0.350842 0.396476 0.437656 0.425699 0.461725 0.365701 0.585168 0.348458 0.406635 0.344178 0.375774 0.368805 0.487211 0.557297 0.385704 0.299686 0.452888 0.15229 0.274278 0.323524 0.28635 0.395498 0.420448 0.451681 0.311088 0.228471 0.41008 0.380442 0.440127 0.502344 0.34829 0.457376 0.546932 0.523853 0.554162 0.641707 0.446998 0.63542 0.516207 0.48289 0.275857 0.447381 0.470492 0.048018 0.106143
-9999 0.140622 0.541059 0.60544 0.739611 0.395377 0.58764 0.635508 0.752642 0.817874 0.760127 0.452746 0.588502 0.566116 0.672399 0.454119 0.392428 0.1355 0.066306 0.170451 0.364959 0.527191 0.736048 0.281928 0.501183 0.556236 0.522246 0.401391 0.382636 0.34421 0.339062 0.364422 0.390335 0.477449 0.53639 0.466298 0.163673 0.116807 0.226303 0.377416 0.398084 0.431663 0.38195 0.371418 0.207786 0.402463 0.486081 0.209085 0.213516 0.49795 0.286184 0.049751 0 0.01156 0.176231 0.42382 0.411477 0.48853 0.243262 0.270279 0.514405 0.656214 0.642626 0.4072 0.489221 0.532264 0.405821 0.247847 0.361113 0.198214 0.177834 0.067925
-9999 -9999 0.537219 0.543673 0.552233 0.715801 0.62755 0.58476 0.649298 0.834515 0.694845 0.413905 0.299383 0.542109 0.508505 0.316078 0.086017 0.06 0.47382 0.0233 0.201915 0.728136 0.519502 0.6102 0.499419 0.520885 0.228884 0.419806 0.287917 0.206476 0.361435 0.470472 0.50411 0.528598 0.426014 0.419124 0.520969 0.490574 0.323085 0.437154 0.387141 0.302507 0.463607 0.238882 0.303836 0.690229 0.406217 0.156216 0.195797 0.47019 0.358408 0.16609 0.049578 0.122807 0.459113 0.375433 0.361952 0.411313 0.363864 0.321887 0.518373 0.688864 0.576887 0.327555 0.337108 0.185198 0.139356 0.158739 0.130636 0.223479 0.147502 0.455853
-9999 -9999 0.251996 0.683127 0.786011 0.794607 0.386862 0.483441 0.719588 0.824817 0.618905 0.562129 0.557489 0.562075 0.560947 0.504292 0.0396 0.397574 0.651874 0.345127 0.395607 0.53388 0.477991 0.437887 0.500072 0.154183 0.138399 0.468956 0.402043 0.333178 0.061891 0.379873 0.374856 0.405564 0.169616 0.054289 0.463173 0.335759 0.127536 0.382093 0.485701 0.361957 0.329435 0.010599 0.304135 0.383231 0.216235 0.4688 0.370304 0.457514 0.442511 0.256818 0.418547 0.24379 0.396162 0.545637 0.418873 0.345784 0.393721 0.459748 0.280596 0.160673 0.487814 0.535381 0.484397 0.246967 0 0.07265 0.195726 0.014077 0.144849 0.416773
-9999 -9999 0.00262 0.575279 0.678353 0.580555 0.482015 0.661379 0.789787 0.700025 0.521295 0.585517 0.582314 0.557773 0.32555 0.19094 0.1584 0.442863 0.507445 0.513581 0.487352 0.593784 0.581678 0.253344 0.372608 0.319171 0.038477 0.425976 0.344098 0.276889 0.158256 0.412312 0.424677 0.464227 0.464672 0.236479 0.454706 0.33124 0.04421 0.005094 0.28902 0.359991 0.257298 0.170293 0.377823 0.506996 0.389098 0.34973 0.462464 0.361296 0.455486 0.398027 0.326016 0.397026 0.377057 0.426734 0.332604 0.446334 0.440061 0.408281 0.480085 0.582076 0.343707 0.689175 0.516771 0.163844 0 0.017407 0.3882 0.374831 0.498553 0.474252
-9999 -9999 -9999 0.359264 0.768992 0.860152 0.669099 0.777745 0.627722 0.676736 0.403569 0.179376 0.294729 0.1892 0.2121 0.162299 0.162832 0.208795 0.284036 0.504122 0.534198 0.569217 0.462569 0.449942 0.547001 0.509279 0.0476 0.280588 0.540611 0.431979 0.410906 0.325865 0.362441 0.192106 0.278205 0.36676 0.171778 6e-005 0.001478 0.264105 0.42007 0.29007 0.385917 0.322849 0.429337 0.21867 0.158713 0.465425 0.451302 0.259731 0.191149 0.460693 0.299819 0.546078 0.324338 0.397038 0.575035 0.437694 0.142239 0.190468 0.495824 0.316704 0.327739 0.398324 0.356911 0.255175 0.099593 0.417636 0.380044 0.564937 0.498988 0.362371
-9999 -9999 0.02189 0.23225 0.441872 0.335892 0.410403 0.434946 0.417173 0.251941 0.484752 0.38383 0.227786 0.374496 0.227515 0.168337 0.664732 0.293441 0.476776 0.221568 0.58992 0.512037 0.65673 0.336703 0.527776 0.524614 0.269853 0.380668 0.353135 0.337489 0.380456 0.28841 0.373968 0.363815 0.466184 0.355831 0.117771 0 0 0.00401 0.073265 0.266718 0.375415 0.359152 0.267929 0.337962 0.25229 0.431893 0.243127 0.114923 0.158858 0.487395 0.311247 0.364667 0.364533 0.480107 0.433476 0.350128 0.493805 0.47624 0.601452 0.426974 0.523084 0.268939 0.132368 0.448673 0.536634 0.267423 0.09483 0.503262 0.445946 0.081111
-9999 -9999 0.211923 0.564016 0.335097 0.528015 0.484324 0.833192 0.737458 0.268892 0.601181 0.558027 0.651874 0.659771 0.649324 0.37728 0.619972 0.519939 0.693657 0.397714 0.512297 0.421563 0.463455 0.52962 0.580291 0.637366 0.475184 0.397312 0.351016 0.441621 0.419981 0.3984 0.440189 0.190103 0.195718 0.358499 0.189187 0.006328 0 0.000455 0.01681 0.144299 0.144402 0.274293 0.2548 0.253703 0.248187 0.372091 0.371488 0.030601 0.149709 0.355959 0.261845 0.297425 0.304239 0.372888 0.3758 0.210812 0.427437 0.38028 0.370413 0.368877 0.297413 0.256148 0.309985 0.392111 0.576382 0.395621 0.442533 0.393017 0.326183 0.58335
-9999 0.128189 0.411026 0.54638 0.633777 0.701167 0.652897 0.567316 0.565741 0.33478 0.42687 0.486739 0.72988 0.635393 0.717673 0.666726 0.543722 0.674519 0.611142 0.551325 0.704672 0.602513 0.446799 0.521682 0.585816 0.552215 0.48219 0.469372 0.45961 0.228022 0.076679 0.251275 0.458476 0.253584 0.278817 0.404627 0.1833 3e-005 0 0.002739 0.002114 0.094846 0.142178 0.101689 0.270386 0.367227 0.242737 0.262419 0.306717 0.277287 0.233752 0.251253 0.248401 0.44507 0.21903 0.461983 0.291481 0.116099 0.315443 0.203398 0.282105 0.182215 0.129961 0.355946 0.527905 0.422421 0.384685 0.287663 0.489834 0.505475 0.610712 0.469792
