EnvRasters/BAU_High/maize.asc
ncols         270
nrows         223
xllcorner     24099.479091542
yllcorner     21023.840179216
cellsize      1003.8986847201
NODATA_value  -9999
[rows 160 to 191 of 223, columns 144 to 215 of 270]
0 0 0 0 0 -9999 -9999 -9999 -9999 -9999 -9999 -9999 -9999 0 0.0832 0 0.1912 0.0327 0 0 0 3e-006 0.006712 0.183663 0.021294 0.151486 0.00318 0.034134 0.000338 0.060353 0.303445 0.327008 0.124613 0.069735 2.4e-005 0.003107 0.010955 0.000239 0 0 0.061817 0.092837 0.0009 0 0.002084 0.010518 0.034148 0.000137 0 0 0 0 0 0 0 0 0 0 0 0 0 0 0 0.0334 0.0311 0.0006 0 0 0.079741 0.024423 0.1133 0.18957
0 0 0 0 0 -9999 -9999 -9999 -9999 -9999 -9999 -9999 -9999 0 0 0 0 0.0089 0 0 0 0.004885 0.006129 0.000106 0.011095 0.079863 0.035946 0.0198 0 0 8e-005 0.109389 0.109151 0 0 5e-006 4e-006 0 0 0 0 0 0 0 8e-006 0 0 0 0 0 0.0265 0 0 0 0 0 0 0 0 0 0 0 0.00096 0.043508 0.152099 0.3209 0.226 0.4825 0.453123 0.138511 0.0895 0.207693
0 0 0 0 0 -9999 -9999 -9999 -9999 -9999 -9999 -9999 -9999 -9999 0 0 0 0 0 0 0.011768 0.078037 0.153244 0.012174 0.0044 0 0.0004 0.0026 0 0 0.012894 0.168189 0.023783 0 0 0 0 0 0 0 0 0 0 0 0 0 0 0.0139 0.0573 0.167436 0.239018 0.0622 0.001232 1e-006 0.000647 0 0 0 0 0 0 0 0.0892 0.235297 0.203234 0.061852 0.2618 0.521392 0.359444 0.330367 0.224382 0.344354
0 0 0 0 0 -9999 -9999 -9999 -9999 -9999 -9999 -9999 -9999 0 0 0.023597 0.01436 0 0 0 0.008525 0.081953 0.113652 0.1196 0.0096 0 0 0 0 0 0 0.00471 0 0 0 0 0 0 0 0 0 0 0 0 2e-006 7.7e-005 0 0.078647 0.0244 0.114586 0.423867 0.190378 0.028065 0.000371 0.033003 0 0 0 0 0 0 0 0.011657 0.059087 0.218535 0.247709 0.129449 0.655191 0.50031 0.417934 0.354349 0.273078
0.0725 0 0 0 -9999 -9999 -9999 -9999 -9999 -9999 -9999 -9999 -9999 0 0 0.040988 0.070603 0.031407 0 0 7.8e-005 0.000603 0 0.136046 0.223033 0 0 0 0 0 0 0 0 0.0084 0.050432 0.0555 0 0 0.024271 0 0 0 0 0 0.123257 0.049125 0.003474 0.0001 2e-006 0.160202 0.193233 0.247767 0.07462 0.150993 0.0299 0 0 0 0 0 0 0 0.026703 0.325868 0.422021 0.469229 0.1766 0.160991 0.191 0.5009 0.521677 0.155971
0 0 0 0 -9999 -9999 -9999 -9999 -9999 -9999 -9999 -9999 -9999 0 0 0.144216 0.086709 0.095346 0 0 0 0 0.006829 0.134952 0.21402 0 0 0.000636 0.053316 0.001446 0 0 0 0.3488 0.2184 0.0188 0.00111 0.178467 0.019998 0 0 6e-006 0 0 0.004423 0.089923 0.003824 0.000156 0 0 0.003559 0.065199 0.122046 0.012969 0.003465 0.0805 0 0 0 2.5e-005 7.5e-005 0 0 0.2685 0.079955 0.628925 0.193786 0.000748 0.2785 0.1958 0.3788 0.305651
0 0 0 0 -9999 -9999 -9999 -9999 -9999 -9999 -9999 -9999 -9999 0 0.000124 0.045909 0.119341 6e-006 0.032132 0 0.038292 0.015307 0.012735 0.180872 0.195987 0 0.000782 0.020259 0.292107 0.234951 0.137914 0.000747 0 0.036558 0.084 0 0.178492 0.096053 0.046513 0.007392 0.079375 0.09723 0.075959 0.038918 0.035058 0 0.016532 6e-006 0 0 0.065543 0.035677 0.0503 0.0601 0.013595 0.1067 0 0 0 0.047999 0.062612 0.0716 0 0.0573 0.162814 0.132714 0.090012 0.0057 0.4111 0.3925 0.3155 0.150548
0 0 0 0 0 -9999 -9999 -9999 -9999 -9999 -9999 -9999 -9999 0 0.076425 0.240672 0.032325 0.170427 0.104259 0.029332 0.063694 0.027764 0.224874 0.217838 0.04937 3e-006 0.001977 0.040032 0.029436 0.156981 0.051854 0.000116 0 0 0 0 0.167682 0.017332 0 0.012375 0.131729 0.27135 0.011571 0.070112 0.283525 0.021889 0.024731 0 0 0.0153 0.0089 0.042695 0.080134 0.10814 0.079707 0.036618 0 0 0.044832 0.048643 0.127024 0.286722 0.1136 0.1178 0.1122 0.423581 0.196967 0.075577 0.0901 0.4296 0.212014 0.057993
0 0 -9999 -9999 -9999 -9999 -9999 -9999 -9999 -9999 -9999 -9999 0 0.001025 0.23415 0.096328 0.068059 0.001892 0.093628 0.024 0.170322 0.124736 0.2089 0.042484 0.014967 0 7.2e-005 0.225262 0.071214 0.6035 0.3542 0.174983 0.055044 0.002475 0 0 0.00448 0.036336 0 0 0.130982 0.058887 0.019945 0.037991 0.079146 0.047717 0.094136 0 0 0 0 0 0.180661 0.237105 0.072006 0.055048 0.012576 0 9.5e-005 0.001669 0.130879 0.45169 0.4549 0.0731 0 0.005049 0.022571 0.1965 0.166212 0.1944 0.265957 0.169496
-9999 -9999 -9999 -9999 -9999 -9999 -9999 -9999 -9999 -9999 -9999 0 0 0 0.106125 0.106821 0.045177 0.086059 0.0842 0.045994 0.14764 0.0516 0.1495 0.053644 0 0 0 0 0.0021 0.0025 0.0089 0.061246 0.234308 0.107051 0 0 0.003588 0.001104 0 8.5e-005 8.3e-005 0.096403 0.094978 0.253051 0.119407 0.198037 0.109954 0 0 0 0 0 0 0.048397 0.157711 0.072707 0.051378 0.188028 0.0817 0.1311 0 0.0679 0.295562 0.364852 0.0212 0 0.109875 0.1343 0.659926 0.247235 0.136316 0.285784
-9999 -9999 -9999 -9999 -9999 -9999 -9999 -9999 -9999 -9999 -9999 0 0 0 0 0 0 0 0 0.1569 0.1709 0.096901 0.178836 0.0238 0.0197 0 0 0 0 0 0 0.02281 0.167862 0.034857 0 0.2524 0.147838 0.119607 0.268184 0.040077 0.066971 0.04614 0.153245 0.119795 0.024087 0.093711 0.318177 0.0009 0 0 0 0 0 0.058501 0.0788 0.160385 0.232817 0.181053 0.005016 0 0.315366 0.224274 0.341095 0.4457 0.0397 0 0.230475 0.1823 0.427671 0.359505 0.107932 0.054371
-9999 -9999 -9999 -9999 -9999 -9999 -9999 -9999 -9999 -9999 -9999 0 0 0 0 0 0 0 0 0.0101 0.090036 0.108511 0.091501 0.077578 0.307219 0.027436 0.0016 0 0 0 0.048682 0.133909 0.193976 0.009504 0.0618 0.0993 0.2539 0.005118 0.164031 0.001159 0.041008 0.016443 0.033979 0.082263 0.10136 0.10099 0 0 0 0 0 0 0 0.032913 0.316414 0.243575 0.212971 0 0 0 0.052194 0.088575 0.068139 0.277905 0.0678 0 0.009 0.0901 0.0896 0.225 0.1581 0.034099
-9999 -9999 -9999 -9999 -9999 -9999 -9999 -9999 -9999 -9999 -9999 0 0 0 0 1.8e-005 0 0 0 0 0.046988 0.1132 0.307176 0.239447 0.496442 0.045912 0.157482 0.364889 0.070639 0.128632 0.130161 0.069761 0.041836 0 0.1989 0.0298 0 0.00105 0.019964 0.038787 0.234264 0.181036 0.104342 0.235093 0.325391 0.301772 0 0 0 0 0 0 0 0 0 0.065752 0.115 0 0 0 0.09 0.2832 0.689361 0.162228 0.0437 0.0049 0.1389 0.0782 0.23662 0.016932 0.1474 0.2722
-9999 -9999 -9999 -9999 -9999 -9999 -9999 -9999 -9999 -9999 -9999 -9999 -9999 -9999 -9999 0 0 0 5e-006 0.001223 0.020617 0.1626 0.15589 0.0304 0.174388 0.059639 0.075333 0.052234 0.011488 0.186123 0.079324 0.001422 0 0.00685 0.133916 0.015221 0.09405 0.000657 6.5e-005 0 0.166978 0.032011 0.142563 0.11956 0.0419 0 0.000546 0.000705 6.7e-005 0 0 0.02755 0 0 0 0 0.0092 0.0007 0.0251 0.04525 0.242 0.096323 0.234555 0.0007 0 0 0.0547 0.16164 0.160906 0.213034 0.33185 0.2764
-9999 -9999 -9999 -9999 -9999 -9999 -9999 -9999 -9999 -9999 -9999 -9999 -9999 -9999 -9999 0 0 0 0 0.001166 0.091939 0.119918 0.1018 0.1206 0.12988 0.0245 0.082205 0.02208 0.059396 0.033485 0.001757 0.041048 0.0265 0.189219 0.200737 0.00687 0.03861 0 0.3966 0.0194 0.00808 0 0.022738 0.0059 0.02028 0.029909 0.039875 0.051824 0.138566 0.064778 0.0096 0.003663 0.013192 0 0 0.0119 0.164022 0.090926 0.1354 0.241738 0.0826 0.194076 0.176421 0.0352 0 0 0.112 0.2105 0.2666 0.1103 0.0047 0.1824
-9999 -9999 -9999 -9999 -9999 -9999 -9999 -9999 -9999 -9999 -9999 -9999 -9999 -9999 -9999 -9999 0 0 0.008624 0.184133 0.346208 0.063292 2.1e-005 0.092267 0.131208 0.000202 0.058922 0.000211 0.064432 0.046478 0.031366 0.10211 0.092487 0.0719 0.1093 0.0003 0.065331 0.034115 0.071355 0 0.260425 0.089826 0 0.070321 0.283155 0.34088 0.074666 0.268552 0.037846 0 0.0426 0.003354 0.086314 7.8e-005 0.000244 0.22877 0.123448 0.181743 0.167485 0.011244 0.417136 0.215932 0.238014 0 0.004435 0.00829 0.296871 0.110259 0.150519 0.332486 0.1367 0.367
-9999 -9999 -9999 -9999 -9999 -9999 -9999 -9999 -9999 -9999 -9999 -9999 -9999 -9999 -9999 -9999 -9999 0 0 0.034656 0.212745 0.026951 0.0102 0.0248 0.102743 0.05815 0.172034 0.017615 0.177278 0.061732 0.143661 0.332049 0.132417 0.127682 0.0805 0.076787 0.348014 0.276457 0.11305 0.076342 0.112114 0.049917 0.0019 0.133262 0.060135 0.134671 0.051205 0.045404 0.041527 0.0176 0.113475 0.07131 0.01313 1.5e-005 0.000881 0.189512 0.285177 0.219581 0.206095 0.054363 0.015653 0.336504 0.029272 0.112542 0.105567 0.219906 0.038965 0.074239 0.253913 0.05115 0.016325 0.202926
-9999 -9999 -9999 -9999 -9999 -9999 -9999 -9999 -9999 -9999 -9999 -9999 -9999 -9999 -9999 -9999 -9999 0 0.000246 0.00859 0.073452 0.21636 0.126489 0.167836 0.186596 0.027117 0.070298 0.0054 0.094181 0.057892 0 0.146488 0.208416 0.192209 0.0382 0.025945 0.080078 0.374736 0.198622 0.222246 0.064459 0.095157 0.106822 0.189958 0 0 0 0 0 0.0805 0.215342 0.056583 0.0954 0.26153 0.17287 0.286018 0.317908 0.212455 0.080532 0.049806 0.039275 0.0169 0.0002 0.130831 0.1025 0.323198 0.242914 0.136711 0.197198 0.170082 0.3195 0.055025
-9999 -9999 -9999 -9999 -9999 -9999 -9999 -9999 -9999 -9999 -9999 -9999 -9999 -9999 -9999 -9999 -9999 0 0.158056 0.127828 0.090039 0.140809 0.049033 0.2302 0.08193 0.071875 0.161941 0.044704 0.028752 0.000192 0.0475 0.114579 0.014088 0.023892 0.132174 0.060586 0.064494 0.21242 0.1046 0.217924 0.251068 0.032613 0.017719 0.148696 0.048458 0 0 0 0 0.146112 0.225525 0.040845 0.103385 0.427064 0.128075 0.41295 0.1153 0.1849 0.0191 0.0416 0 0 0.0089 0.056576 0.268516 0.217515 0.3003 0.236825 0.190825 0.425937 0.1484 0.13408
-9999 -9999 -9999 -9999 -9999 -9999 -9999 -9999 -9999 -9999 -9999 -9999 -9999 -9999 -9999 -9999 -9999 0.033813 0.065834 0.174964 0.121975 0.025443 7.4e-005 0 0.000352 0.000609 0.01381 0.216559 0.076723 0.001263 0.343712 0.256706 0.0062 0.0173 0 0.089812 0.103207 0.307082 0.322874 0.1749 0.224534 0.083975 0.1484 0.081369 0.04241 0 0 6e-005 7.5e-005 0.012969 0.099156 0.116778 0.064183 0.1841 0.0893 0.0075 0.0316 0.075 0.073796 0.018044 0.075582 0.136584 0.199572 0.278448 0.294263 0.084872 0.41062 0.40044 0.088939 0.202931 0.257829 0.256351
-9999 -9999 -9999 -9999 -9999 -9999 -9999 -9999 -9999 -9999 -9999 -9999 -9999 -9999 -9999 -9999 0 0.006594 0.003965 0.017939 0.101475 0.050193 0 0.0798 0.015952 0.071209 0.0794 0.095777 6e-005 0.001 0.0012 0.0882 0 9.3e-005 0.184038 0.205695 0.2006 0.287194 0.117161 0.1955 0.266209 0.051011 0.013674 0.094025 0.168472 0.0632 0.0079 0 0 0 0 0 0 0.04226 0.00012 0.061108 0.011807 0.1142 0.4847 0.13148 0.038543 0.084201 0.099476 0.035761 0.1028 0.11806 0.176777 0.2593 0.282267 0.321658 0.0158 0.173869
-9999 -9999 -9999 -9999 -9999 -9999 -9999 -9999 -9999 -9999 -9999 -9999 -9999 -9999 -9999 -9999 0 0.069124 0 0.016731 0 0.016387 0 0 0.080519 0.000524 0 0 0.045214 0.128969 0.023866 0.085286 0.00745 0.088863 0.311349 0.09794 0.2663 0.0447 0.064169 0.139182 0.124393 0.053104 0.055161 0.34264 0.234367 0.155579 0.080628 0 0 0 0 0 0.022567 0.124961 0.219016 0.442525 0.280698 0.105 0.053468 0.149423 0.035213 0.1968 0.29949 0.239905 0.212673 0.2081 0.234 0.1093 0.1842 0.3211 0.1927 0.36008
-9999 -9999 -9999 -9999 -9999 -9999 -9999 -9999 -9999 -9999 -9999 -9999 -9999 -9999 -9999 0 0 0 0 0 0.011734 0.013118 0.065264 0.000515 0 0 0 0.029063 0.079056 0.0105 0.077127 0.260603 0.106934 0.106055 0.228893 0.156915 0.10993 0.105636 0.045984 0.0062 0.0324 0.1214 0.07206 0.123443 0.040092 0.135108 0.116806 0.0357 0.0935 0.01886 0.2127 0.025458 0.205456 0.058963 0.250579 0.336397 0.6842 0.238219 0.213422 0.063029 0.28729 0.023416 0.0559 0.072531 0.093714 0.170064 0.0189 0.264524 0.375978 0.06899 0.17238 0.2222
-9999 -9999 -9999 -9999 -9999 -9999 -9999 -9999 -9999 -9999 -9999 -9999 -9999 -9999 -9999 0 0 0 0 0 0 0 0.167412 0.000793 0 0 0 0.003018 0.009021 0 0.001252 0.102382 0.06056 0.077112 0.287273 0.102454 0.077183 0.158249 0.0246 0 0 0.039668 0.261027 0.100625 0.028908 0.010764 0.006292 0.299825 0.208986 0.108092 0.12805 0.064889 0.03203 0.060299 0.308348 0.196549 0.34145 0.105575 0.034167 0.150564 0.027599 0.0188 0.103 0.055346 0.061055 0.082264 0.11106 0.028442 0.053547 0.03992 0.2058 0.0348
-9999 -9999 -9999 -9999 -9999 -9999 -9999 -9999 -9999 -9999 -9999 -9999 -9999 -9999 -9999 0 0 0 0 0 0 0 0 0 0 0.000147 0.000294 0.006898 0.005785 0.197793 0.216835 0.040038 0.0002 0.164 0.0565 0.1575 0 0 0.0033 0 0 0.0133 0.148771 0.148934 0.09426 0.246417 0.018987 0.23643 0.166302 0.145406 0.052416 0.08639 0.0661 0.0608 0.3934 0.192235 0.09165 0.032274 0.000871 0.141038 0.211165 0.056673 0.076897 0.1016 0.0157 0.051646 0.090851 0 0.007513 0.0022 0.0109 0.013807
-9999 -9999 -9999 -9999 -9999 -9999 -9999 -9999 -9999 -9999 -9999 -9999 -9999 -9999 -9999 -9999 0 0 0 0 0 0 0 0 1e-006 0.006337 0.012127 0.002155 0.0226 0.063552 0.435865 0.004455 0.0029 0.0465 0.1892 0.1605 0 0 0 0.048438 0 0 0 0.0013 0.019 0.059906 0.148265 0.042194 0.061138 0.043118 0.200976 0.196673 0.0779 0.0537 0.190103 0.05392 0.04981 0 0.01292 0.152386 0.22047 0.121828 0.023342 0.0031 0 0.0864 0 0 0 0 0 0
-9999 -9999 -9999 -9999 -9999 -9999 -9999 -9999 -9999 -9999 -9999 -9999 -9999 -9999 -9999 -9999 0 0.085478 0.231962 0.0339 0 0 0 0 0 0.0009 0.003148 8.4e-005 0 0.0228 0 0.038 0.126238 0.081124 0 0 0 0 0.0083 0.274111 0.114044 0 0 0 0 0.0364 0.2037 0.0189 0.1457 0.0396 0.15131 0.174426 0.078294 0.127152 0.0099 0.262005 0.265008 0.1163 0.238893 0.410503 0.180772 0.243627 0.135954 0.0139 0.018945 0.006 0.047 0.058806 0.00038 0 0 0
-9999 -9999 -9999 -9999 -9999 -9999 -9999 -9999 -9999 -9999 -9999 -9999 -9999 -9999 -9999 -9999 0 0.010016 0.1422 0.092742 0 0 0 0 0 0.000195 0 0 0.1204 0.0608 0.0644 0.041 0.055905 0.074835 0 0.019377 0.090473 0.0521 0.004 0.0035 0.0697 0.0039 0 0 0 0 0 0 0.0851 0.040396 0 0 0.1498 0.0785 0.06577 0.210983 0.144 0.1258 0.15287 0.436713 0.050717 0.299332 0.05799 0.073879 0.155588 0.096687 0.113899 0.080001 0 0 0 0
-9999 -9999 -9999 -9999 -9999 -9999 -9999 -9999 -9999 -9999 -9999 -9999 -9999 -9999 -9999 -9999 0 0 0.00833 0.2886 0.05 0 0 0 0 0 0 0.0338 0 0 0.0893 0.0652 0.228082 0.077343 0 0.024115 0.073721 0.002209 0 0.049853 0 0 0 0 0 0 0 0.0017 0.0695 0.04083 0.0117 0.1802 0.03269 0.0987 0.0729 0 0.0729 0.1097 0.020524 0.118643 0.225167 0.2756 0.216588 0.23653 0.184838 0.077978 0.4665 0.0094 0 0 0 0.0232
-9999 -9999 -9999 -9999 -9999 -9999 -9999 -9999 -9999 -9999 -9999 -9999 -9999 -9999 -9999 0 0 0 0.078 0.2501 0.0775 0 0 0 2e-006 0 0 0.0911 0.0377 0 0.0002 0.0012 0.075411 0.221301 0 0 0.030439 0 0 0.0033 0 0 0 0 0 0 0 0 0.018 0.0457 0 0.000628 0.023701 0.070609 0.1219 0 0 0 0 0.0169 0.1266 0.060855 0.053512 0.1033 0 0.1584 0.1841 0.0579 0 0 0.09596 0.033518
-9999 -9999 -9999 -9999 -9999 -9999 -9999 -9999 -9999 -9999 -9999 -9999 -9999 -9999 -9999 0 0 0 0 0 0 0 0 -9999 -9999 -9999 0 0.022 0 0 0 0.064882 0.069287 0.0325 0.000429 0.037968 0.06097 0.0178 0 0 0.0023 0.0178 0 0.020225 0 0 0 0 0 0 0 0.0034 0.0009 0.032914 0 0 0 0 0 0 0.044188 0.080871 0.03428 0.099904 0.024905 0.306664 0.1913 0.0251 0.0498 0.1767 0.027724 0.00858
-9999 -9999 -9999 -9999 -9999 -9999 -9999 -9999 -9999 -9999 -9999 -9999 -9999 -9999 -9999 -9999 -9999 -9999 -9999 0 -9999 -9999 -9999 -9999 -9999 -9999 0 0 0 0 0.002639 0.003503 0.050093 0 0.000207 0 0 0 0 0 0 0.0477 0 0 0 0 0 0 0 0 0 0 0 0 0 0 0 0 0 0.0008 0.09789 0.299864 0.000555 0.016521 0.136966 0.371452 0.216764 0.125828 0.041315 0.134708 0.261891 0.157172
