EnvRasters/BAU_High/maize.asc
ncols         270
nrows         223
xllcorner     24099.479091542
yllcorner     21023.840179216
cellsize      1003.8986847201
NODATA_value  -9999
[rows 128 to 159 of 223, columns 144 to 215 of 270]
0.073142 0.132992 0.193968 0.191798 0.225519 0.203887 0.424063 0.170685 0.433078 0.751236 0.829889 0.554655 0.326516 0.12357 0.00313 0.012266 0.001862 0 0.000708 0.007142 0.183565 0.07239 0.267182 0.100594 0.214596 0.108212 0.224234 0.256823 0.513619 0.448207 0.20716 0.55023 0.369112 0.46828 0.283151 0.413541 0.1885 0.230871 0.317574 0.160246 0.34894 0.44243 0.504414 0.217651 0.461397 0.38968 0.869874 0.544629 0.288805 0.200667 0 0.393361 0.232813 0.12474 0 0.0623 0.177194 0.109506 0.104208 0.050825 0 0.000588 0.000882 0.226 0.742541 0.061773 0.007625 0.001044 0.033119 0 0 0
0.507371 0.274523 0.108313 0.42457 0.312556 0.315487 0.389025 0.445021 0.333954 0.011825 0.066522 0.111456 0.137782 0.017135 0.291152 0.278721 0.001713 0.000628 0.00027 0.030626 0.171696 0.261833 0.263127 0.004188 0.011698 0.24976 0.506272 0.188434 0.396938 0.186837 0.04895 0.514823 0.133174 0.40299 0.620325 0.514336 0.127549 0.306165 0.247853 0.342236 0.432915 0.285323 0.500984 0.480014 0.815059 0.664012 0.357516 0.059023 0.277414 0.285948 0.050616 0.0621 0.016812 0.251337 0.0546 0.3187 0.001967 0.000524 0.02309 0.070186 0 0 0.06637 0.4033 0.0067 0.009 0.0763 0.0566 0.0044 0 0 0
0.435089 0.190146 0.4959 0.478165 0.394198 0.437297 0.523575 0.374009 0.340626 0.64985 0.389488 0.030268 0.136108 0.031474 0.113195 0.30709 0.359182 0 9.2e-005 0.096457 0.088086 0.093496 0.069 0.452655 0.194014 0.212393 0.188103 0.513202 0.240479 0.229512 0.22543 0.4196 0.614772 0.406408 0.297279 0.275806 0.400585 0.375029 0.054638 0.179131 0.560752 0.26123 0.301312 0.665231 0.179456 0.305333 0.073089 0.126584 0.064918 0.186949 0.152777 0.28676 0.000462 0.01311 0.428 0.0361 0.0773 0.000171 0.034879 0 0 0 0.3655 0.2518 0 0 0 0 0 0.0333 0.005696 0
0.734849 0.277963 0.262527 0.498196 0.458786 0.624829 0.698751 0.59427 0.399363 0.757752 0.905403 0.762766 0.497385 0.059963 0.0998 0.261195 0.28553 0.008478 0.057383 0.143441 0.160131 0.121156 0.079075 0.121386 0.143264 0.312308 0.1227 0.31281 0.164393 0.542068 0.390931 0.130008 0.414551 0.347381 0.288364 0.278 0.295098 0.435179 0.281919 0.192104 0.2646 0.3089 0.703601 0.449764 0.509682 0.265125 0.095624 0.064083 0.05072 0.204 0.2552 0.0451 0.000966 0.055184 0.3346 0.0697 0 0 0 0 0 0.013668 0.162952 0.0018 0 2.2e-005 0 0 0 0.0274 0.01 0
0.38428 0.185849 0.462882 0.51601 0.650115 0.622451 0.793612 0.636326 0.297502 0.274316 0.638851 0.167657 0.256267 0.315526 0.067867 0.500897 0.006741 0.00026 0.112384 0.149433 0.575658 0.526853 0.20785 0.498984 0.283071 0.7183 0.6316 0.4767 0.461674 0.644847 0.102558 0.024039 0.346976 0.313603 0.260741 0.609213 0.441963 0.467927 0.394327 0.264744 0.2953 0.492878 0.317755 0.334925 0.033227 0 0 0.016214 0.152957 0.078665 0.0221 0.00051 0.002597 0.136795 0.1729 0.0304 0 0 0 5e-005 0.000849 0.176855 0.06888 0.020597 0.0006 0.003581 0.002884 0 0 0 0 0
0.20146 0.199399 0.559353 0.423739 0.257918 0.131734 0.244362 0.495595 0.284521 0.000164 0.036 0.269632 0.89658 0.331076 0.334766 0.047734 0.064649 0.280837 0.133079 0.016871 0.74015 0.80051 0.828542 0.944294 0.917664 0.6818 0.527 0.736106 0.204763 0.624852 0.310547 0.479173 0.134009 0.065225 0.127904 0.579002 0.666842 0.188526 0.278276 0.236429 0.2681 0.397 0.16762 0.120331 0.142625 0.193526 0.198075 0.158207 0.004267 0 0 0.023335 0.001944 1e-005 0.094456 0.228509 0.0036 0.0011 0 0.000597 0.060195 0.14069 0.150946 0.380171 0.072731 0.084453 0.000301 0.0114 0 0 0 0
0.23447 0.632748 0.540112 0.158613 0.599955 0.46135 0.310999 0.500174 0.159804 0.045847 0.027771 0.196546 0.350529 0.132174 0.664345 0.563881 0.108821 0.314848 0.064399 0.070648 0.009705 0.025364 0.1657 0.7982 0.827782 0.775672 0.918993 0.584851 0.036097 0.263745 0.567283 0.480918 0.107048 0.017384 0.445732 0.235467 0.504908 0.220411 0.633641 0.7454 0.3403 0.18656 0.0585 0.053181 0.085647 0.189594 0.061185 0.0277 0.009926 0.002 0 0.000654 0.000834 5.7e-005 0 0.0672 0.1127 0.2093 0 0.116038 0.025466 0.280824 0.379196 0.370506 0.000198 0.030694 0 0.0021 0 0 0 0
0.373368 0.626972 0.56941 0.247319 0.580455 0.361936 0.606255 0.350844 0.263333 0.279096 0.418346 0.308744 0.461426 0.015514 0.420893 0.734572 0.519242 0.275118 0.082183 0.43443 0.497256 0.007016 0.082038 0.332092 0.683146 0.247698 0.520534 0.063466 0.486334 0.573723 0.921284 0.526717 0.118038 0.319031 0.421521 0.472295 0.224489 0.292616 0.163017 0.0529 0 0.064745 0.0256 0.278597 0.024045 0.110735 0.2411 0.0961 0.002905 0.172294 0.139499 0.023348 0.000321 3.5e-005 0 0 0.0108 0.0399 0.1488 0.437025 0.319453 0.124125 0.0204 0.067108 0.0725 0.0017 0.1044 0 0 0 0 0
0.368357 0.144162 0.385243 0.617213 0.497957 0.2228 0.330944 0.562153 0.305872 0.427241 0.485509 0.142741 0.38485 0.062136 0.44516 0.514486 0.281063 0.440294 0.209048 0.153344 0.49377 0.232779 0.283098 0.347043 0.344031 0.170744 0.088613 0.400028 0.352115 0.795611 0.587416 0.167961 0.2702 0.359434 0.282048 0.262156 0.674068 0.333017 0.099426 0.0006 0 0.014 0.0104 0.281365 0.1129 0.1342 0.0468 0.0025 0.0026 0.016543 0.053151 0 0 0 0 0 0.001152 0.083226 0.0131 0.2727 0.023645 0.002982 0 0.0091 0.0852 0 0.0125 0 0 0 0 0
0.186481 0.199744 0.394364 0.195668 0.144849 0.383296 0.585653 0.451051 0.404875 0.267033 0.509601 0.095 0.117885 0.006168 0.413153 0.663078 0.695176 0.376962 0.037369 8.3e-005 0.019107 0.293483 0.201276 0.468031 0.371463 0.30135 0.29573 0.140607 0.336472 0.256328 0.315375 0.440281 0.593572 0.212221 0.352595 0.408594 0.622709 0.058625 0.235222 0 0 0.0534 0.003334 0.072464 0.107387 0.272091 0 0.0161 0.087847 0.000259 0.044005 0 0 0 0 0 0.0027 0.047387 0.096969 4e-006 0.002479 0.0336 0.0606 0 0 0.0991 0 0 0 0 0 0.0126
0.064334 0.014627 0.221248 0.410064 0.390377 0.564944 0.607694 0.570274 0.358922 0.411185 0.40239 0.628349 0.420699 0.018113 0.685925 0.636722 0.389425 0.722027 0.259704 0.013385 0.100208 0.713889 0.543864 0.408763 0.218674 0.557578 0.612385 0.284263 0.50291 0.479747 0.054475 0.421223 0.436707 0.125087 0.192431 0.0976 0.442239 0.215268 0.14852 0.114327 0.008701 0.0921 0 0.097686 0.199191 0.228112 0.178364 0.098344 0.028611 0 0.001131 0 0 0 0 0 0.0534 0.042384 0.104579 3.2e-005 0.001082 0.1067 0.1312 0.001035 0.011 0 0 0 0 0 0 0.0515
0.231738 0.33023 0.346705 0.400987 0.493023 0.122916 0.27136 0.697329 0.53545 0.07139 0.439806 0.229081 0.214388 0.167749 0.166953 0.194766 0.470023 0.27795 0.262359 0.450718 0.001202 0.192701 0.50681 0.072563 0.350688 0.381523 0.453471 0.214809 0.528332 0.6435 0.048404 0.187012 0.532952 0.509065 0.232659 0.395977 0.252857 0.114728 0.164025 0.12996 0.140613 0.3481 0.1272 0.0112 0.0242 0.044728 0.0123 0.0305 0 0 0.000111 0 0 0.0704 0 0 0 0 0 0 0.055894 0.035883 0.051538 0.0009 0.0298 0.0152 0 0 0 0 0 0.0122
0.348405 0.407657 0.356885 0.635375 0.603056 0.550216 0.404768 0.243853 0.053699 0.192859 0.720332 0.951207 0.502738 0.335829 0.099191 0.324636 0.395051 0.079796 0.051272 0.059034 0.014787 0.0462 0.375988 0.409985 0.306185 0.255901 0.282354 0.355929 0.460341 0.274809 0.069981 0.162722 0.253129 0.48133 0.099928 0.28866 0.293726 0.128223 0.219776 0.167635 0.2785 0.1344 3.3e-005 0.000111 0.1096 0.0842 0.0428 0 0.0356 0.134451 0.016036 0.000589 0.000755 0.206688 0.1463 0.135 0 0 0 0.0487 0 0.007459 0.02164 0 0.0472 0.0753 0.0135 0 0 0.0282 0.0612 0.0011
0.0935 0.12685 0.274173 0.142149 0.318296 0.134769 0.298263 0.182224 0.101956 0.094134 0.172344 0.450608 0.476266 0.76502 0.535448 0.588019 0.356781 0.059417 0.027325 0.047849 0.476045 0.436428 0.701836 0.566341 0.547205 0.206548 0.02449 0.002421 0.153171 0.334 0.075335 0.366753 0.306551 0.264663 0.081104 0.000136 2.6e-005 0.163544 0.5537 0.1938 0.086841 0.077332 0.067539 0.022315 0 0 0.003087 0.036293 0.0814 0.127412 0.006626 0.053448 0.199202 0.5878 0.125788 0.1039 0 0 0.0119 0 0 0.000213 0.033314 0.0169 0.2126 0 0 0 0 0.0024 0.0562 0.0071
0 0.045683 0.409878 0.447643 0.677557 0.044422 0.159723 0.24925 0 0.042447 0.240752 0.074441 0.103573 0.237328 0.566671 0.729358 0.500335 0.286696 0.147181 0.162512 0.000889 0.408731 0.458253 0.399021 0.354119 0.002535 0.308048 0.550424 0.321713 0.230308 0.206341 0 0.005407 0.351654 0.049767 0.052992 0.244271 0.129857 0.09677 8.6e-005 0.16633 0.230203 0.195484 3.3e-005 0.013622 0.034819 0.096472 0.040761 0.104556 0.0324 0 0.131473 0.11656 0 0.002 0.0663 0.148294 0 0.0726 0 0.0254 0 0.0028 0.0071 0.2351 0.157955 0.004455 0 0 0 0.0001 0.0769
0 0 0.274724 0.304788 0.14651 0.301749 0.000567 0 0 0.028772 0.4258 0.634408 0.271142 0.0067 0.022267 0.18383 0.354514 0.139333 0.407722 0.525908 0.226214 0.109699 0.087662 0.03711 0.121257 0.074287 0.42999 0.254311 0.096951 0.064853 0.299002 0 0.013657 0.128768 0.099861 0.201182 0.25888 0.044006 0.1137 0.019734 0.013131 0.149818 0.054898 0 0.080634 0.12247 0.221288 0.119976 0.0459 0.120375 0.000557 0.083599 0.039006 0 0 0 0.303477 0.1358 0 0.049126 0.009 0 0 0 0.160409 0.345613 0.009504 0 0 0 0 0.037
0.024497 0.054644 0.023687 0.1036 0.1174 0.0103 0 0 0 0.04923 0.00223 0.02858 0.000484 0.099697 0.545211 0.001659 0.001038 0.427596 0.158053 0.405619 0.406606 0.257607 0.282557 0.140042 0.3678 0.000472 0 0.010988 0.15435 0.00058 0.0494 0.106 0.450312 0.136845 0.007641 0.014448 0.032041 0 0.0133 0.0261 0.0431 0.01862 0.0012 0.092855 0.012509 0.335595 0.659696 0.680914 0.039798 0.121884 0.146132 0.115766 0.00074 7.3e-005 0.1708 0.201637 0.103512 0.123738 0.046013 0 0 0 0.0159 0.0294 0.0176 0.092054 0.021592 0 0 0 0 0
0.059874 0.387056 0.8011 0.3698 0.47341 0.190639 0.170907 0.02556 0.028858 0.117231 0.126792 0.543982 0.157011 0.033772 0.086122 0.196 0.299192 0.7846 0.158821 0.653864 0.483038 0.654461 0.245151 0 0.1333 0.114833 0.000492 0.00396 0.282737 0.099791 0.063827 0.0914 0.017028 0.000245 0.000249 0 0 0 0 0 0 0 0.012994 0.318861 0.348183 0.635302 0.688523 0.621932 0.14997 0.020922 0.2971 0.31573 0.2118 0.156 0.1683 0.17701 0.148042 0.010741 0 0.0629 0.2299 0.0587 0.0116 0.0444 0 0.205148 0.02953 0 0 0 0 0
0.048441 0.043284 0.216546 0.7243 0.212176 0.689912 0.16416 0.032712 0.000733 0.234338 0.078694 0.432998 0.104501 0.012965 0.036615 0.214072 0.4188 0.494 0.6489 0.5928 0.270943 0.458229 0.082166 0.0314 0.334476 0.147286 0.035995 1.4e-005 0.207047 0.0402 0.0802 0.0046 0 0 0 0.0176 0.0644 0 0 0 0 0.0744 0.000882 0.443687 0.764841 0.64531 0.740395 0.179048 0.055963 0.179283 0.29129 0.071266 0.1136 0.3673 0.257 0.1719 0.231332 0.301533 0.112598 0.237928 0.181522 0.0333 0.0138 0.0773 0.1379 0.027508 0.036222 0 0 0 0 0
0.0136 0 0.112 0.511259 0.271784 0.2199 0.081356 0.271802 0.604342 0.578137 0.139268 0.009244 0.128198 0.026836 0.109314 0.210086 0.696164 0.426909 0.516245 0.406798 0.726267 0.399826 0.1013 0.028281 0.428919 0.015 0.003999 0.013672 0.28906 0.090519 0.065743 0.079 0 0 0 0.1289 0.0685 0.0574 0 0 0 0.039682 0.193838 0.550818 0.716698 0.556943 0.137268 0.008902 0.073618 0.0987 0.059095 0.052348 0.39 0.190951 0.0745 0.321693 0.484669 0.1701 0.088469 0.094175 0.001847 0.0135 0.2445 0.397384 0.28046 0.1721 0.260573 0 0 0.000252 0.016174 0.005818
0 0.0627 0.1541 0.000848 0.063632 0.23011 0.040376 0.230166 0.646483 0.407269 0.124183 0.031242 0.035472 0.097773 0.103139 0.33388 0.432798 0.179887 0.183533 0.652036 0.506898 0.381286 0.3989 0.347844 0.235849 0 0.166874 0.174882 0.382159 0.123429 0.015154 0.1328 0.078872 0.0453 0.0016 0.0517 0 0.000156 0 0.03842 0.000713 3.3e-005 0.019478 0.277947 0.050932 0.072347 0.000548 0.06813 0.214851 0.310921 0.540125 0.125373 0.102647 0.045188 3.8e-005 0.054826 0.094507 0.058648 0 0 6.5e-005 0 0.238228 0.091544 0.209866 0.0299 0.0479 0.031 0.002656 0.116916 0.042021 0.042221
0.0423 0 0.0151 0 0.003036 0.00771 0.000368 0.000276 0 0.000522 0.032702 0.090575 0.184632 0.075499 0.048248 0.141259 0.067107 0.021446 0.167134 0.706007 0.769687 0.3097 0.2273 0.072032 0.001677 0 0.042244 0.017993 0.231856 0.085236 0.003838 7.4e-005 0 0.0561 0.0427 0.0042 0 9.2e-005 0.002338 0.028409 0.01356 0.001635 3.7e-005 0.00181 0.071464 0 0.0613 0.0534 0.1806 0.0968 0.34331 0.260075 0.43604 0.252779 0.050852 0.061964 0.030308 0.00016 0 0 0 0 0.328476 0.301032 0.279729 0 0.0561 0.1869 0.003815 0.454847 0.182464 0.039633
0.0087 0 0 0 3.7e-005 0 0 8.4e-005 0.004845 0.008794 0.01324 0.056908 0.036736 -9999 0.013666 0.055003 0.000808 0.021973 0.057729 0.076891 0.17283 0.2548 0.2377 0.118636 0.020553 0.003165 0 0 0.0455 0.07586 0.086565 0 0 0 0.0925 0.3306 0.008184 0.00662 0.254443 0.189238 0.098958 0.112786 0.122207 0.278096 0.060003 0.0001 0.092736 0.118668 0.0138 0.1545 0.27949 0.22047 0.525315 0.08185 0 0 0 0 0 0 0 0.000114 0.200429 0.128358 0.110838 0.0072 0.029942 0.0566 0.165306 0.121287 0.263087 0.337568
0 0 0.094271 0.08881 0.094949 0.378179 0.154072 0.179833 0.049345 0.052268 0.006156 0.004929 -9999 -9999 -9999 -9999 -9999 0.000992 0.013897 0.021307 0 0.0229 0.301 0.113869 0.024213 0.000348 0 0.0844 0.2227 0.074193 0.1214 0 0 0 0 0.0987 0.055677 0.027217 0.352395 0.1734 0.1693 0.3504 0.4198 0.437636 0.192004 0.079008 0.229359 0.162527 0 0.36564 0.135368 0.318602 0.400076 9.4e-005 0 0 0 0 0 0 0 0 0.001408 0.4266 0.3345 0.0307 0.137966 0.2161 0.1038 0.1161 0.500071 0.166756
0 0.141387 0.399387 0.139411 0.45196 0.155003 0.187867 0.093338 0.265887 0.070173 -9999 -9999 -9999 -9999 -9999 -9999 -9999 0 0.001355 0.002438 0.000117 0.0158 0.0604 0.4341 0.2779 0.1765 0.326156 0.140023 0.111734 0.357045 0.0769 0 0 0 0 0 0 0.075205 0.1909 0.000384 0.0456 0.096 0.140245 0.483324 0.828652 0.117185 0.014148 0.060313 0.0212 0.143768 0.032812 0.058099 0.000133 0 0 0 0 0 0 0 0 0 0.1507 0.1047 0.0371 0 0.132499 0.019146 0.0056 0.1608 0.3042 0.564895
0.1078 0.0503 0.138765 0.380898 0.380438 0.384443 0.544604 0.000194 0.530357 -9999 -9999 -9999 -9999 -9999 -9999 -9999 0 0.041623 0.05591 0.056581 0.009401 0.0663 0.030603 0.368516 0.245582 0.289955 0.299626 0.472364 0.492225 0.703166 0.1343 0.0954 0.09582 0 0.145598 0.031486 0.116759 0.243629 0.093359 0.017337 0.040946 0.063934 0.313122 0.099512 0.0237 0.380518 0.233634 0.0018 0.0577 0.1268 0.072409 0.002086 2.7e-005 0 0 0 0 0 0 0 0 0 0.1578 0.2665 0.036741 0.079438 0.048804 0.2548 0.2007 0.4546 0.13 0.105315
0.221491 0.0832 0.206421 0.543604 0.872978 0.506173 0.2937 0.086645 0.082197 -9999 -9999 -9999 -9999 -9999 -9999 -9999 0.0001 0.16345 0.213629 0.429145 0.385284 0.115377 0.04714 0.418706 0.473356 0.514771 0.104794 0.200147 0.204522 0.378754 0.044698 0.131 0.0104 0 0.114511 0.022465 0.117372 0.156371 0.058956 0.019792 0.000289 0 0.1717 0.191544 0.0217 0.0454 0.0464 0.000406 0.041528 0 0 0.000251 0 0 0 0 0 0 0 0 0 0.056 0.4606 0.5129 0.08519 0.125163 0.569351 0.257404 0.201847 0.478572 0.206555 0.246155
0.6979 0.2981 0.149852 0.49887 0.31109 0.255103 0.4414 0.0456 0 -9999 -9999 -9999 -9999 -9999 -9999 0 0 0.232391 0.518649 0.437228 0.326077 0.54188 0.171967 0.087108 0.330779 0.233675 0.2392 0.2421 0.4949 0.228849 0.0413 0 0.000108 0.0138 0.028694 0.231599 0.136457 0.018699 0.072609 0.04516 0.011942 0.064417 0.4324 0.354499 0.046423 0.1142 0.2034 0 0.000943 9.4e-005 0 0 0 0 0 0 0 0 0 0 0.09599 0.2882 0.2743 0.3003 0.7485 0.4516 0.4608 0.2505 0.0849 0.140779 0.0815 0.0185
0.6009 0.1126 0.061833 0.172424 0.029266 0.227665 0.0159 -9999 -9999 -9999 -9999 -9999 -9999 -9999 0 0 0 0.189477 0.167451 0.194745 0.110401 0.511106 0.277231 0.032901 0.795609 0.221813 0.126909 0.1499 0.0583 0.1314 0.0154 0.0671 0.080243 0.045 0.085711 0.182786 0.239874 0.286441 0.19827 0.023812 0.173481 0.251694 0.441332 0.381068 0.197 0.037408 0.070733 0 0 0 0 0 0 0 0 0 0 0 0 0 0 0.2284 0.0389 0.0297 0.301791 0.259521 0.0422 0.2819 0.011945 0 0.072426 0.017779
0.3184 0.20905 0.167838 0.010762 0.080963 -9999 -9999 -9999 -9999 -9999 -9999 -9999 -9999 -9999 0 0.000115 0 0.003288 0.238509 0.096704 0.032645 0.0925 0.2259 0.15622 0.404491 0.015455 0.08281 0.289494 0.195982 0.196662 0.1367 0.186129 0.217879 0.1726 0.0181 0.070046 0.1885 0.190498 0.013006 0.017197 0.305544 0.133883 0.007518 0.0776 0.020112 0.111181 0.1022 0.1057 0.0102 0.0528 0.047 0 0 0 0 0 0 0 0 0.0041 0.1072 0.044 0.135 0.001528 0.104196 0.361951 0.280308 0.001244 0 0.00225 0.146838 0.006976
8e-006 0.062 0.0781 0 0 -9999 -9999 -9999 -9999 -9999 -9999 -9999 -9999 -9999 0.0079 0.178122 0 0 0 0 0 0 0.0037 0.122018 0.2405 0.5247 0.2257 0.032875 0.136009 0.043017 0.04102 0.185466 0.149474 0.064385 0.239516 0.138836 0.154231 0.036038 0.027802 0.113522 0.3067 0.144631 0.270356 0.01041 0.065654 0.007338 0.29483 0.002194 0.179302 0.346012 0.0253 0 0 0 0 0 0 0 0 0.0294 0.1491 0 0.0057 0.1168 0 0.054161 0.003365 0.000463 0 0.046844 0.017995 0.15758
0 0 0 0 -9999 -9999 -9999 -9999 -9999 -9999 -9999 -9999 -9999 0 0.1147 0.127 0.2715 0.0202 0 0 0 0 0 0.143066 0.359179 0.120961 0.1327 0.044837 0.125026 0.091758 0.074383 0.041753 0.133117 0.137354 0.437395 0.243116 0.01194 0.030811 0.025259 0.006895 0.185995 0.298825 0.07751 0.0565 0 0.002399 0.271755 0.011525 0.0048 0.030724 0 0 0 0 0 0 0 0 0 0 0 0 0 0 0 0.1355 0.052922 0 0.002306 0.133487 0.0496 0.465746
