EnvRasters/BAU_High/potatoes.asc
ncols         270
nrows         223
xllcorner     24099.479091542
yllcorner     21023.840179216
cellsize      1003.8986847201
NODATA_value  -9999
[rows 36 to 71 of 223, columns 81 to 161 of 270]
0 0.000234 0.002659 0.00024 0 0 0 8.8e-005 0.001138 0 0.000838 0.001231 0.002968 0.014015 0.001987 0.000377 0.000901 0.001402 0.000167 0.002801 0 0 0.000194 0.000196 0.000196 0 0 0 6.4e-005 0 0 0 0.000241 4e-006 0 0 0.000208 0.000208 0.000286 0 0 0 0 0 0 0 0 0 0 0 0.001485 0.003944 0.001309 0.000111 0.001356 0.000363 8e-006 0.002008 0.00151 0.002754 4.5e-005 0.000839 0 0 0 0 0 0 0 0.002221 0.000705 0 0 0 0 0 0 0.000121 0.001038 0.000116 0
0 0 0.000495 0.000354 6e-006 0 8.1e-005 0.00193 0.000391 3.6e-005 3.8e-005 0.000124 0.000504 0.000311 0.0001 0 0.000527 0.000301 0 0.006512 0 0.000515 0.000137 3.1e-005 0.000958 1.8e-005 8e-006 0 0 0 0.00014 0 6.1e-005 0.000117 0.000502 0.000258 0 0.000162 0.000104 0.000197 0 0 0 0 0 0 0 0 0 0 0 0 0.001536 0.000336 0.00194 0.000112 9e-006 0.000796 0.000794 0.001019 0 0 0 0 5.2e-005 5e-006 0 0 0 0 0 0 0 0 0 0 0.000153 0 0 0 0.000179
0 0 0 0 0 0 0.00028 0.000118 0.000146 0 9.9e-005 0.000523 0.000453 0.000433 0 0 0.001688 0.002686 0 0 0.00214 0.001126 9.7e-005 0.000525 0.000368 0.000534 0.000364 0.000542 0 0 5e-006 0 0 6e-006 6.1e-005 0.000111 0.000124 4.5e-005 0.000461 0.000625 0 0 0 0 0 0 0 0.000674 0 0.00086 0 0 0.000628 0 0.000226 0.001759 0.000294 0.000306 0.002246 7.2e-005 0 0 0 0 7e-006 3.6e-005 0 0 0 0 0.000303 0 2.9e-005 0 0 7.7e-005 0 6.2e-005 3.4e-005 0 0.00016
0 0 0 0 0 0 5e-006 0 0 0 0 0.001019 0.000221 0 0 0 0 0 0 0 0 8.3e-005 0 0 0.000803 5.5e-005 0 0.000494 0 0 0.000133 0.00013 0 0 0.000157 0.000351 0.000135 0.000165 0.0011 0.002318 0 0 0 0 5.9e-005 0.000128 2.8e-005 8.3e-005 0 0.003702 0 0 0.000513 0.000977 0.001206 0.004811 0.005503 6.1e-005 0.000616 1.7e-005 0 0 0 0 0.000235 0 0 0.000332 0 0.000154 0.002386 0.001185 0.000951 0.002773 0 5e-006 0.000342 0.00117 0.000432 0 0
0 6.9e-005 0.000196 0 0 0 0.000406 0.0004 4e-005 0 0 0 0 0 0.00011 0.000269 0 0 0.000125 9.4e-005 6.8e-005 0 4.1e-005 0 0.000179 0 2.1e-005 0.000319 0.000497 8.7e-005 0.000416 0.002171 0.0004 0.000651 0 0.001528 0.000746 0.00012 0.000155 0 0 0 0 0 0 0 0 0 0 0 4.8e-005 0 0.000121 0.000351 0.002764 0.004613 0.000377 0 0.000617 0 0 0 0 0.000317 0 0.000375 7.9e-005 0.000804 0 0.00175 0.000887 0.00593 0.000378 0.000798 1.3e-005 0 0.00122 0.001274 0.00029 0 0
0 0.000809 0.000475 0 0 0 0.001008 0.00076 4.6e-005 0 0 0 0 9.7e-005 6.5e-005 0 0 0 2.3e-005 0.000198 0 0.00027 0.000709 6e-006 0.0001 0.000308 2.6e-005 0.00041 0.00016 0 0 0 0.000272 0.000803 0.000492 3.8e-005 2.7e-005 0.000189 0.001056 6.2e-005 0 0 0 0 1.4e-005 0 8e-005 0 0 0 0.000164 0.000393 0.000571 6.2e-005 0.000726 0.000456 0.000466 0 0 0.001608 0.001313 0 0 0 0 0 0.000251 0 0 8e-005 0.000445 0 0.000735 0.00037 0.000105 2e-006 0.00068 0 0 8.1e-005 0
0 0.000107 6e-006 0 0 0.000119 0.000196 0.000167 6.1e-005 0 0 0 8e-006 0.001378 0 0 0 0 0.000374 0.000116 0.000141 4.5e-005 0 0 0.000457 0.000575 0 4.1e-005 7.8e-005 0 0 0 9e-005 2e-006 9.8e-005 0.000163 0 0.00018 0.000353 6.1e-005 9.5e-005 0 0 0 0.00031 3.2e-005 0 0 0 0 0 0 0.000153 0 0.000145 0.0059 0.000505 0.000117 0 0 0.002037 0.001211 0 0 0 0.000127 3e-005 0 5.6e-005 0.000268 0.001312 0.000946 0.001011 0.000488 0 0.000282 0.000194 0 0 0.000212 1.7e-005
0.000748 0 0 0 0.000178 0.000155 0.000116 0.000427 0.000483 0.00014 0 0 0 0 0 0.000298 0.000343 0 0 0 0.000156 0.00011 0.000228 0 0 0 0.000112 5e-006 8e-005 0.000316 0 0.000344 0 0 0 7.3e-005 0.000106 0 8.3e-005 0 0 0 0 0 0.000452 0.003645 0 0.000291 0.000463 9.9e-005 3.5e-005 0.000415 0.000714 0 0.000102 0.001152 0 0.000998 6.4e-005 0.000518 0.000102 0.000484 0 0 0 0 0 0 0 0 6.3e-005 0 2.7e-005 0.000368 2.5e-005 0.000411 6.2e-005 9.2e-005 0.000528 8.1e-005 0.001128
0.000237 0 0 0 0 0 0 0.000152 0.000397 0.000974 0.00131 0.000397 7.9e-005 0 0.001122 1.3e-005 0 0 0 0.000132 0.000891 0.000189 0 0 0 0 0.000771 0.000247 3.7e-005 0 0 0.000538 0 0 7.8e-005 2.6e-005 0 0 0.000221 0 0 0 0 6.8e-005 0 0.000136 1.2e-005 9.7e-005 0.000126 0.000165 0.000433 0.00466 0.001388 0 0 0 2.7e-005 2.1e-005 3e-006 0.000758 0.001259 0.002398 3.6e-005 0.000249 0 0 0 0 6e-006 0.001093 0.000355 0 0 0 0.000102 0.000167 0.000198 0.000193 0.001431 0 0
0 0 0 3.5e-005 1.4e-005 4e-005 0 0 0.000387 0.000114 0 0 0 0 0.000554 0 0 0 0 0 0.000402 0.000102 0 0 4.2e-005 0 3.2e-005 0.000136 0.000163 0.000116 0.000117 0.000132 0 0.000206 5.2e-005 1e-005 0.000782 0 0.000202 0 2.2e-005 0.000101 0 0 0 0 0 0.000115 0.000546 0.003784 0 0 0 0 0 0 0 0.00017 0.000675 0.000901 0.002218 0.000778 7.6e-005 0 0 0.000124 3e-005 0 0 0 0.001474 0.000105 0 0 0.000311 0.002526 0.000865 0 0 8.5e-005 0.000123
0 0 0 0.000136 0.00028 0 0 0.000106 0 0 0 0 0 8.6e-005 0.000138 0.000118 0 0 0 0 0 0 0 0 0 0.000552 0.000138 8.7e-005 0 0.000135 0.000243 0 0 0.000286 0 0 0 0.000218 0 0.000372 2.7e-005 0 0 0 0 0 0 0 0 0.000598 0.001514 2.2e-005 0 0 0 0 0 0.000278 0.001018 0.001653 0.000808 0 0 0 0 0 0 0 0 0.000461 0.000749 0.000194 0 0 0.000194 0.000697 0.000617 7.8e-005 9.6e-005 0.000101 0.000228
0 0 0 0.000196 0.001032 4.9e-005 0.000252 0.000798 4.8e-005 9.2e-005 0 0.000124 0.000604 8.4e-005 0 0.000106 1.1e-005 0 0 0 0 0 0 0.000163 0 0.000285 0.001276 0.000207 1e-006 0 0.002808 0 0.000543 0.000362 0.000366 0.001267 0.000573 0.001156 0.000423 0.000847 0.00024 0 0 0 0 0 0 0 0 0.000131 0.000462 3.6e-005 0 0.00018 0.000616 0.000221 0 0 0 0.000218 0.000332 0 0 0.000106 0 0 0 0.000133 0.000129 4.4e-005 0.001841 3.2e-005 0 7.8e-005 1e-006 0 0.000198 0 0.000612 0.000866 0
0 0 0 1.8e-005 2.9e-005 0.000304 0.00077 8.5e-005 2e-005 0.00033 0.000395 0.000537 0 2e-006 6.9e-005 0.000379 0.000174 0 0 0.000861 0 0 0 7.8e-005 0.000172 0.000397 0.000521 0.000246 0.000407 0 0 0 9e-006 0.001437 0.002118 0.001036 0.001282 0.000198 0.000509 6.9e-005 9.3e-005 0 1e-006 0 0 0 0 0 0 0.000124 0.001917 0.000353 2e-005 2.4e-005 0.000112 0.000599 4.3e-005 0 0.000143 0 0 0 0 0 0 0 0 0 0 0 0.000168 0.000439 0.000918 0.000292 0 0 0.000254 7.7e-005 0.000307 1.9e-005 5.8e-005
0 0 0 0 0 0.000167 0.000108 0.000154 0 8.1e-005 0.000122 0 0 0 0.000999 0.000542 4e-006 0 0 0.001196 0 0 0 7e-006 0.000198 0.010975 0 0 0.000443 0 0 0 9.3e-005 0.000816 0.000477 0.000219 0.000189 0.000584 0.000686 0.000892 0.000219 0 0.000177 0 0 0 0 0 0 0 0.000234 0.000603 0.000629 0.000531 0.000288 9.4e-005 0 9.8e-005 1e-005 0 0 0 0.000716 6.3e-005 4e-005 0 0 0 0 0 0 6e-005 8.1e-005 9e-006 8.6e-005 0 0.00139 1.6e-005 0.000251 0 0
0 0 0 0.00014 0 0 0 0 0 0 0 0.000278 0 0 3e-005 0 4.7e-005 0 1.8e-005 0 0.000338 0 0 0 0 0 2.9e-005 2.4e-005 0.001241 0 0.000125 0.000521 0 0.000345 0.000793 0.001307 0.000836 0.000393 4.1e-005 0.0003 0.001282 0.001021 0 0 0 5e-005 0 0 0 0 0 8.6e-005 0.000105 0.000164 0 7e-005 0.000129 0.000102 8.9e-005 9.7e-005 0.000155 0.000134 0 0.000301 0 0 0 0 4.6e-005 0 0 0.000433 0 0 0 0 0 0 0 0 0
0 0 1e-005 0.000394 0 0 0 0.000172 0 0 0.000608 0.000352 0 0 0 0.000218 0.000437 4.1e-005 0.000118 7e-005 0 0.000374 0.000285 0 0.0001 9.6e-005 0.000124 0.000223 0 0.000166 0.000529 0.000385 0.000263 9.4e-005 4e-006 0.000426 0.000706 0.000462 0.005751 8e-005 0.000139 0.000382 0 6.8e-005 0 0 0 0 0 0 0 0.002168 0.000107 0 0 0 0 0.000118 0 0 0.000562 0.000135 0.000384 0 0 0 0 0.000204 0 0 7.4e-005 0.000134 9.4e-005 0.000256 0.000319 0 4.7e-005 0 0 0 0.000519
0 0 0 0.0004 0 0 9.6e-005 0 0 0.000484 0.001162 0.000104 0 0 0 0 8.2e-005 0 1.8e-005 0 3.9e-005 5.9e-005 1.5e-005 0 0.000216 3.6e-005 6.3e-005 2.9e-005 0 5.9e-005 0.000194 0 3.6e-005 0 0.000167 0 2.7e-005 4e-006 4.5e-005 0.000296 8.1e-005 9.1e-005 0.000219 0.000216 0.000257 0.001336 0.000165 0.000214 7.4e-005 0 0.00052 8e-005 0 0 0 0 0 0 0 0 2.4e-005 1e-005 0.00012 0 0 0 0 0 6e-005 0 0 6.1e-005 2e-005 0 3.4e-005 0 0.000324 0 0.000361 0.001043 0.000692
0 0 0 6.9e-005 0.000254 0 0 0 0 0 0.001208 0 0 0 0 0 0 0.000253 9.8e-005 0 0 1.8e-005 0.000427 0 4.2e-005 0 0 0 0 0 0 0 0 8.4e-005 0 0.000931 6.6e-005 0 0.000605 3.6e-005 0 0.000453 0.001096 1e-005 0.00139 0.001443 0.000315 0 0.000186 0.000264 0.000475 0 0 0 0.000419 0 0 0 0 0 0.000361 0 8.4e-005 1.1e-005 5.7e-005 0.000129 0.000404 0 3.4e-005 0 0 0 0 0.000184 0 4.5e-005 0 0 0.000547 0.000251 0.000307
0 0 0 0 0.000202 0.000703 0.00019 0 0.000226 0.000761 0.000333 0.000127 0 0 5.4e-005 0.000137 0.000347 8e-005 0 0.000401 0.002356 0 0.000305 0.000365 2.2e-005 0 0 9.2e-005 8.5e-005 0 0.000241 0.000198 8.8e-005 0 3e-005 1e-006 0.000129 0 0.000402 1e-006 0.000724 0.000746 0.001043 0.00088 0.004197 0.002595 0.002721 0.000973 0.00031 0.000848 0.000597 0 0 0 0.000183 0 0 0 0 0.000153 0 0 0 0 0.000231 0.000132 3.1e-005 9.4e-005 0.000216 0 6.3e-005 0 0 9.3e-005 0 6.8e-005 3e-005 0 0 0 0.000198
0 0 4.3e-005 8.5e-005 3.8e-005 1.6e-005 0 0 0.000304 8e-006 0.000157 0 8.7e-005 2.6e-005 0.002265 0.000361 0.000607 4.3e-005 0.000136 0.000144 0.001678 0.001664 0.000385 6.7e-005 7e-006 0 0.000129 0.000165 0 0.000522 0.000319 0.000932 0.000802 0.000114 0.000121 9e-006 0.000257 0.000664 0.00057 0.000974 0.00044 0.000167 0.000384 0.000372 0.002397 0.001584 0.002463 0.001843 0.002308 0.001326 0 0 0 0 0 0 0 0 0 0 0 0 0 0 0 6.3e-005 0.000438 0.000398 0 0 0.000178 0.000125 2e-005 0.000111 3.3e-005 9.8e-005 0.000186 0 0 8.1e-005 4.1e-005
0 9.8e-005 0 0.000329 0 0 0 0.000331 0 0 0 0 0 0.00018 0 0.000127 3.8e-005 7.5e-005 0.000177 0.000178 6.9e-005 0.000171 0.000104 0 0 0 0.000865 0.000979 0 0.001258 0.000502 0.000221 0.000186 0 0 0.000144 0.002559 0.000943 0.00063 0 0.00063 0.00124 0.001484 0.001819 0.000421 0.001003 0.000451 1.3e-005 0.000224 0.000909 0.000468 0 0 0.000577 0.000385 0 0 0 0.000961 0 0 0 0 0 0 0 1.1e-005 3e-005 2e-005 0 0.00014 0.000283 0.000627 3e-005 0.000488 0.000781 0 0 0 0 0
0 0.000158 0 0.001197 9.1e-005 0 0.000284 3.4e-005 0 3e-006 0 0 0 0.000236 0 0.000149 6.2e-005 0.000197 0 0.000144 0 0 0 0 0 0.000113 0.000727 0.00079 0 2.5e-005 0 0 0.000588 0.003984 9e-006 0.000243 0.001371 0.000368 0.000548 0.000669 0.000439 0.001101 0.000121 0.000669 0.002004 0.000239 5.7e-005 0 0.00065 0.000627 0.000196 0 0.000244 0.000359 0.000122 0 2e-006 9e-006 0.000322 9.2e-005 0.000428 0.000102 0.00012 0 0 0 0 0 0 0 7.2e-005 0.000192 0.000886 0.000563 5.7e-005 0.000667 0 0 0 0 0
0 0 0 0.000638 0.000202 0 0.000441 0.000152 0 0.00016 0 0 0.000244 1e-006 3.4e-005 8.5e-005 0.000195 0.000216 0 8.5e-005 0.00037 0.000497 0 0 0 8.4e-005 0.000207 0.001294 0.000239 4.5e-005 0.000259 0 0.000583 0.001187 0.001184 0.000492 0.0009 0.00126 7e-005 0 0.000232 0.000253 0 0.000704 0.001495 0.000354 8.4e-005 0 0.000269 0 5.1e-005 5.9e-005 0.000137 0 0 0 0.000168 0 0 0.000152 3e-006 3.2e-005 0.00149 0.001257 0.000939 0.000794 3.2e-005 0.000447 0 0 0 0.000184 0.001069 0.000507 0.000245 0 0 0 6.8e-005 0 0
0.00039 0 0.000639 5.3e-005 0 0.000452 0.000151 4.9e-005 0.000321 0 0 0 0.000137 3e-006 0.000251 6.8e-005 5e-005 5.4e-005 0 0 0.00028 0.001144 0.001566 7.1e-005 0.000357 0.000917 0.000337 0.001615 0.001931 0.000223 0.000363 0.001087 0.000132 0.001303 0.000809 0.001204 0.001418 0.001713 7.7e-005 0 0.00014 0.000191 0.000559 0.001219 0.000152 0.000936 0.000289 0.001558 0.002635 0 0 0.000328 0.000903 2.8e-005 0 0 7.8e-005 0 0 0 0 0.000196 3e-005 0.00031 0.000186 0.000363 0.000104 0.000278 0.000161 0.00246 0.000184 0.000161 0.000339 0.000385 0.000366 9.5e-005 4.2e-005 0 0 6e-006 0.000275
0.000226 0 0.00018 0.001401 0.000232 8.8e-005 0.000176 3.2e-005 0.001099 0 0 0 0.000158 0.000711 0.000176 0.000595 0 0 0 0.000149 0.000933 0.00061 0.000163 0.00111 0.000982 0.000984 0 8e-006 0.000274 0.001193 0.00096 0.000228 0.000147 0.000812 0.000878 0.000337 0.001383 0.000516 4e-005 0.000412 6.9e-005 0.000917 0.002021 5.6e-005 0.000107 0.000444 5.2e-005 0.000143 0.000399 0.000312 0 4.6e-005 0.000234 0.000131 0 0 0 0 0 0 0 0 0 0.000212 4e-006 7.3e-005 0.000273 0 0 0 5.7e-005 0 0 4.8e-005 0.000273 0 5.5e-005 0.00017 0.000559 0.000315 0.000863
0.000367 0.000528 0.00033 0.000439 0.000382 0.000145 0 0 3.8e-005 6.5e-005 0 0 0.001132 0.000298 0 0.000164 0 0.000129 0.000599 0.000115 4e-006 1.9e-005 0.001035 0 3.2e-005 0.00053 0.00018 0.000381 0.000778 3.4e-005 0.000997 0.000259 0.000243 0.000785 8e-006 0.000586 0.001558 0.000165 0.000853 0.000703 0.001828 0.002339 0.002979 0.000494 0.000124 1.5e-005 0.000281 0.001379 0.000598 2e-006 3.2e-005 2e-005 0.00023 0.000272 1.3e-005 1.2e-005 0.001105 4e-005 0 0 0 0 0 0 0 0.000883 0.000108 0 0.000239 0 4e-006 0 0.00013 0.000365 0.001186 0.001577 0.001952 0.000365 0.000551 0.000674 0.000334
2e-006 0 0.000303 0.000339 0.000647 7.9e-005 0.000152 0.000247 0.000154 0.000342 0.000436 0.00037 0.001003 0 7.1e-005 0 0.000205 0.000298 0.000224 0 0 1e-005 1.7e-005 0.000378 3.1e-005 6e-005 0.001366 0.000152 0.000276 0.000546 0.001606 0.000256 0.000113 0.000633 0.000248 0.000248 0.001174 0.000699 0.000276 0.000302 0.000682 0.000463 6.2e-005 0.000115 0.000139 0.000342 0.002575 0.00197 0.000392 0 0 0.008618 0.002951 0.000291 0 0.000141 1.7e-005 0.000202 0.000186 0.005537 0.013083 0 0.000124 0 0.00039 0.00033 0.000159 0.000232 0 5.3e-005 0.000156 9.3e-005 0.00023 0.000274 0.000277 0.000477 0.001612 0.000315 0.000188 0.000908 8.4e-005
0 0 0 0 0.000217 0.000285 0.000398 0.000853 0.001495 0.000563 0.000387 9.1e-005 0.000463 0.000424 0.002587 0.000383 0.000217 0.000269 0.001543 0.000545 0 0 0 1.7e-005 0.000858 3.5e-005 0 0 0.001059 0 0.000208 0.000277 0 0.00045 0.000717 0.000217 0.0009869999 0.002112 0.001212 0.000737 0.001137 7.8e-005 0.000192 0.000104 0.000181 0.00135 0.005656 0.000293 0 0.000192 0.009285 5.5e-005 0.00191 0.000935 0.000555 0.00059 0.000426 2.2e-005 0.000911 0.009629 0.00079 0.000661 0.001037 0 0 0 0.000517 0.00039 0.000616 0.001863 0.001289 0.000296 0.000534 0.000835 0.002235 0.000918 0.000349 0.00132 0.000702 0.000528 0
0.002357 0.000317 3.9e-005 0 0 0.000895 0.001149 0.000273 0.000343 0.000678 0.000107 0 0.001916 0.000343 0.002475 0.001728 7e-005 0.002236 0.001886 0.001779 0.000124 0 0 0.000114 0.000505 0 0.000817 0.001087 0.000261 0 0.000118 0.003401 0.00127 0.001191 0.003262 0.000192 0.000656 0.001569 0.000726 0 0.000146 0 0.000652 0.001874 0.000255 0.000954 0.000619 0 0 0.000615 0.000246 0.002033 0.000419 0.001325 0.000428 0.000483 0.000207 6.9e-005 6.5e-005 1.8e-005 0.000211 0.001507 2.4e-005 0 0 0.000105 2.8e-005 0.000391 0.000254 0.000291 0.00105 0 0 7.5e-005 4.5e-005 0.000166 0.000379 0.000806 0.00358 0.000121 4.4e-005
0.004405 0.001189 0.000345 0.000392 0.000713 0.000804 0.000526 0.001322 0.000224 0.001541 0.000861 0.001059 0.000623 0.000126 0.001398 0.002093 0 0.000241 0.001357 0.00022 0.00022 0 0 0 1.2e-005 4.5e-005 0.00072 0.001547 3.3e-005 0.000161 0.00159 0.000938 0.000214 0.001767 0.000179 0.0014 1.9e-005 0.000389 9.8e-005 0 0.000102 0 0.000232 0.000847 0.000104 0.001515 0.000155 0 0 0 0.001818 0.001569 0.004998 0.002039 1.6e-005 2.4e-005 0.000179 0.000382 4.4e-005 0 0 0.000305 0.000356 5.2e-005 0.00021 0.000261 0.000287 0.000317 0.000279 0.001431 0.000223 0.000102 0.000103 0.000109 0.000329 0.000123 0.000398 0.000654 0.000697 3.5e-005 0.000469
0 0.000324 0.000262 0.000245 0.001481 0.001071 0.001756 0.000676 0.000244 0.000197 4.2e-005 7.7e-005 0.000105 0.000317 0 7.6e-005 0.000565 0.000404 0.001661 0.004675 0.00079 0 0 0 0.000442 0.000205 0.000152 0.000324 0.000388 0.001009 0.001318 0.000109 0 0.000516 0.000361 0.001719 0 0.009776 0.002663 0.001408 4.3e-005 0 0.000128 0.001247 0.000433 0.011679 0.000501 0 0 0 0.000347 0.000147 0.00253 0.001134 0.001296 0.002728 0.002705 0.000781 0.000402 0 0 0.000444 3.5e-005 5.7e-005 0.003872 0.00055 7.6e-005 0.000123 0.000609 0.000577 0.000115 0.000202 0.000364 0.000883 7.2e-005 0.000407 0.000469 0.000173 0 0.000479 0.000747
0.001071 0.000529 0.000785 0.000136 7.3e-005 0.000238 0 2.5e-005 0.000845 0 7.1e-005 0.001979 0.000934 0.001407 0.000436 0 0.001525 0.00285 0.00082 0.002823 0.000661 2.5e-005 0 0 0.000532 0 0.000109 0.000377 0.000749 0.000463 0.000128 0 7.7e-005 0 0.001076 0.000831 0.003629 0.070984 0.00374 0.001877 0 0 0 3e-006 0.005779 0.007052 0.003402 0 0 0 3e-005 0.000285 0 0 0 0.000693 0.003292 0.000831 0.000238 0.000261 0 0 0 0 0.001097 2.2e-005 0.000564 2.2e-005 0.000163 9e-006 0 0.000879 6e-005 0.000504 0.00075 0.001099 0 0.000246 0.00061 0 0.000309
0.000315 0.00107 0 0 0.000152 0.001077 0 0 0.000612 0 9e-005 0.002021 0.001861 0.001896 0.0025 0.000362 0.000344 0.00041 0.000618 0.001187 0.000706 0.000442 0 0 0 0.000396 1.7e-005 0.000317 0.000161 6e-006 4.4e-005 0.000263 0.000874 0.000794 0.000463 0.000718 0.001271 0.010404 0.002263 0.004934 0.00448 0 0 0 0.001107 0.001474 0.002015 0 0 3e-005 0 0.000302 0 0 0.00216 0.001383 0.001671 0.002975 0.002799 0.000577 0.000454 0.00162 0.000906 0.00073 0.000113 0.00068 2.1e-005 0 0 0.000204 0.000787 1.8e-005 0 0.000282 0.00018 0.000151 0 0.00022 4e-006 3.2e-005 0.000148
0.00051 0.002081 0.000679 0.000282 0.002516 0.000156 9.9e-005 0.000151 0 6e-005 0.000168 0.000861 0.000289 0.001209 0.000358 0 9.7e-005 4.1e-005 0.000359 0.001463 0.000821 0.00042 0.000203 2.7e-005 0.000405 0 0.000266 7e-005 0 0.000362 0.000401 0.000814 0.000903 0.000419 0.000169 7.3e-005 0.000878 7e-005 0.001561 0.000655 5e-006 0 0 0 0 0 0 0 0.002084 0.006503 2e-005 0.000192 0.002315 0.005511 0.003897 0.000422 0 0.001607 0.001284 0 5.5e-005 0.000518 0.000273 0.000262 0.000894 0.005516 0.000837 0 0 0.000288 0.001349 0.000768 0 0.000109 0 0 6e-006 2e-006 0.000162 2e-005 0
0.001512 7e-006 0.000107 0.012783 0.001361 0.000222 4e-005 2.5e-005 1.9e-005 0 0 0.000285 0.000682 0.000179 0.000281 0 0 0.000599 0.001317 0.000241 0 0.000157 1e-006 0 0.000219 0.000321 0.000945 3.2e-005 1.6e-005 0.000672 0.000277 0.000447 0.000678 0.000814 0.001201 0.002523 0.003068 0.000198 0.000447 0.00189 0.000486 0 0 0 0 0 0 0 0.001498 0.024071 0.003826 0.001934 0.005978 0.007743 0.003343 0.000673 0.000623 0.00138 0.001609 4.9e-005 4.2e-005 0 0 0.002356 0.001208 0.000744 0 0 0 0 0 0.000698 0 3.2e-005 4.2e-005 8.7e-005 0.000302 0.0002 0.000291 0.000389 9.4e-005
0.001545 0.000191 0.000229 0.000732 0.000497 0 0.002691 0.000459 0.001177 0.000108 0.001831 0.000892 0.000923 0.000539 8.6e-005 0.000924 7.3e-005 0.000472 0.003312 0.000893 5.2e-005 0.000917 2.8e-005 0 0 0.000416 1e-006 0.000222 0.000815 3.4e-005 0.000447 0 0.000481 0.000304 0.000256 4.3e-005 0.000706 0.000278 0 2.8e-005 0 0 0 0 0 0 0 0 0.00068 0.018657 0.004798 0.0062 0.010112 0.00102 0.006546 0.004694 0.000143 9.5e-005 0.000111 0.000147 0.000164 0.000327 0.000158 0.003473 0.00485 0.000706 0.00113 0 0 0 0.000819 0.001327 0.000423 0.00096 0.001752 0.000517 0.000441 0.000259 0.001159 0.000518 9.5e-005
