EnvRasters/BAU_High/potatoes.asc
ncols         270
nrows         223
xllcorner     24099.479091542
yllcorner     21023.840179216
cellsize      1003.8986847201
NODATA_value  -9999
[rows 72 to 107 of 223, columns 81 to 161 of 270]
0 0 7e-006 0.000546 0.00107 0.001502 0.000112 0.000498 0.000351 0.001302 0.001277 0.00147 0.001551 0.002061 0.001316 0.003062 0.000119 0 0.000362 0.00025 0.000896 0.001703 0 0 0.000129 0.000204 0 0 0.000454 0.001494 0.000402 1.8e-005 0.000311 0.000844 0.000189 0.00015 0.001777 0.003256 0.001609 0 0 0 0 0 0 0 0 0 0 0.000285 0.001745 0.000321 0.004773 0.002665 0.00156 0.002089 0.000783 0.000192 0.00015 0.000676 0.003457 0.001284 0.000299 0.000891 0.001007 0.000305 0.000399 0 0 7.4e-005 0.000201 0.000567 0.000543 0.000482 0.000601 7e-006 0.000851 0.000109 0.00025 0.00037 0.000478
0.000341 0.000336 0.000135 0 0.000822 0 0.000113 0.000332 0.000491 0.000307 0.000212 0.00032 0.000207 0.000196 0.000353 4.8e-005 0.000146 0.000269 0.000111 0.000282 0.000241 0.0003 0 0.000764 0.000475 0.000515 0.000607 0.00102 5.6e-005 0.00062 0.000572 0.000289 0.001252 0.004338 0.000715 0.000448 0.000768 0.000245 0 0 0 0 0 0 0 0 0 0 0 0 0.001627 0.001049 0.001245 0.003327 0.00133 0.001963 0.000689 7.9e-005 7.7e-005 0.001178 0.00289 0.000274 0.000112 0.000178 0.002087 0 0 0 0.000604 9.4e-005 0.000101 0.000571 0 0.000532 0 0.018527 7.4e-005 0.000394 0.000595 0.000403 0.000192
0.000315 0 0 0.000144 0.00019 0.000444 0.000147 2.1e-005 0.00019 0 0 0 5.2e-005 0 0.000228 0.000564 0.000519 0 0.000534 0.001129 0 0.000609 0.001955 0.001995 0 0 7.2e-005 0.000374 0.001262 0.000419 0.000117 0.000197 0.000233 0.004751 0.000104 0 0 0 0 0 0 0 0 0 0 0 0 0 0 0 0 0 2.4e-005 0.001839 0.004307 0.002072 0.000164 0.000229 1.4e-005 3.2e-005 0.000969 0.000943 0.000884 0.000393 0.000176 0 0 0 0.000719 0.005164 0.00035 0.000309 0 0.001347 0.002283 0.037482 0.000213 0.000464 0.000219 0.001504 0.001379
1.8e-005 0 0 0 0.000291 0.000763 0 0 0 0 0.000367 0.000224 4.4e-005 0 0 0.000241 0 0 0 0 0 0.000316 0.001412 0.000406 0 0.000279 0.000253 0.001472 0.00033 3.7e-005 0 0.000196 0.000674 0.000683 0.000326 9.9e-005 0.000153 0 0 0 0 0 0 0 0 0 0 0 0 0 0 0 0 0.00233 0.001255 0.002097 5.6e-005 6.6e-005 0.000295 0.000495 0.000636 0.00051 6.6e-005 0.000542 0.000162 0 0 0 0.000237 0.00125 0.001047 0.000294 8.8e-005 0 0.000134 0.0001 0.000654 2.9e-005 0.00043 0.00033 0.000628
0.000106 6.7e-005 0.000105 6e-005 0.000121 4.2e-005 0.0001 0 0 0 0 0 0.001231 0.001785 0 0 0 0 0 0.000855 0.000878 0.000201 0.000283 0.001604 0.000339 0.000248 0.000114 0.000357 0 0.000155 7.1e-005 0.00086 0.000318 0.000106 0 0.000149 0.000577 0 0 0 0 0 0 0 0 0 0 0 0 0 0 0 0 0.000179 0 0 0 0.000327 0.0004 0.000488 0 0 0.000543 4e-005 0.000215 5e-005 0 0 7.4e-005 0 0.000199 0.000911 0.000479 0.000512 8e-006 0.000266 0.00037 0.000183 0.00073 0.000201 0.000584
0 0.000147 0.000447 0 4e-005 0 0 4.5e-005 0 0 0.000925 0.000872 0.00026 7.4e-005 2.2e-005 0 0 7e-006 0.000176 0.003376 0.001095 0.000575 0.000112 0 0.000184 9.8e-005 0.000835 0.000213 0.000358 6.3e-005 3e-006 0.000949 0.001753 0.001368 0.000415 0.001342 0.00044 3e-006 0.000151 0 0 0 0 0 0 0 0 0 0 0 0 0 0 9.3e-005 0 0 0.000334 0.000186 0.002111 0.000842 0.000565 0.000367 0.000491 0 0 0.0002 0 0 0 0 0 0.00016 0.000141 0.00051 0.001087 0.001475 0.001285 0.000951 0.000779 0.002512 0.003634
0.000437 0.000495 0 0.00113 0.000776 0.001103 7.8e-005 0.000327 0 0 0.000114 0.000238 0.000743 0 5e-005 0 0 0.000177 0.000501 0.000271 0.000209 0.000213 0.000348 0.001411 0.001164 0.001295 0.002148 0.000909 0.001268 0 0 0 0.000222 0.003813 0.000985 0.000198 0.003177 0.002642 0.000295 0 0 0 0 0 0 0 0 0 0 0 0 0 0 0 0 0 0.000482 0.000108 6.2e-005 8.5e-005 7.8e-005 0 5.7e-005 0 0 0 0 0 0 0 0.000338 0.000613 0.000158 0.001437 0.001426 0.000944 0.001415 0.000842 2e-005 0.000655 0.000325
0 0.000135 0.000894 0.000389 0.000358 0.001175 0.000258 0 5.1e-005 3.9e-005 0 0.00101 0.001084 0 0 0.000207 0 0 0 0 0.000494 0.000891 3.6e-005 0.000231 0.001168 0.000734 0.000432 9.2e-005 9.6e-005 0 0 0 0.001391 0.000591 0 0.000391 0.002309 0.001943 0 0 0 0 0 0 0 0 0 0 0 0 0 0 0 0.000322 0.00042 0.000112 0.001175 0 0.00012 0.000205 0 0 2.1e-005 0 0 0 0 0 0 0 0.000244 0.000206 0.000831 0.001305 0.003291 0.000918 0.001111 0.001157 0.00069 0.000453 0.000288
0 0.00015 0.00049 5.9e-005 5.1e-005 3.4e-005 0.000489 1.9e-005 4.2e-005 0.000282 0 0 1e-006 0.000146 0.00045 0.000477 0 0.000309 0 0.000675 0 2.6e-005 0 0.000359 0.00063 0.000762 0.00058 0.000122 0 0.000512 0.00014 0 0 0.007295 0.000238 0 0.000248 0 0 9.9e-005 0 0 0 0 0 0 0 0 0 0 0.000124 0.00521 0.000469 0.001017 0.000495 0.000966 0.001282 0.00012 0.001135 0.000367 0.000111 4e-006 0 0 0 0.000648 0.000477 0.000412 8.6e-005 0.002461 0.001533 0.001034 0.0033 0.021598 0.004346 0.002485 0.00207 0.002245 0.035468 0.001894 4.2e-005
0 0 0 2.2e-005 0.000277 0.000186 0.000277 0.002634 0.000371 0 0 0 0.000181 0 0.000265 6e-005 0 9e-005 5.1e-005 0.000158 0 0 0.00073 0.000173 0.000776 0.000158 0.000137 4.4e-005 0 0.000556 0.003782 0 0 5.1e-005 0.00075 0.000117 0.000771 0.000689 0 0 0 0 0 0 0 0 0 0 0 0 0.000933 0.007166 0.002871 0.002631 0.004072 0.005433 0.002207 0.001204 0 0 1e-006 0.003853 0 0.000436 0.001726 0.005468 0.005024 0.00277 0.002686 0.004497 0.003144 0.005041 0.005594 0.007057 0.000901 0.001262 0.002611 0.01377 0.005069 0.010904 0.000771
0 0.000384 0.000501 0.000159 1e-006 0.000286 0.001082 0.002318 0.000176 0 0.000225 0.000382 0 0 0.001447 4.8e-005 2.1e-005 4.4e-005 0 0 0 2.8e-005 0.002208 0.00143 0.000599 0.00056 5.1e-005 0.000241 0.000711 8e-006 0.004007 0.002388 0.00038 0.000239 0.000588 8e-006 0.00069 0.000368 0 0 0 0 0 0.000816 0.000176 0 0 0 0 3e-005 0.000325 0.000274 0.005222 0.000486 0 0.000257 2.4e-005 0.000388 2.2e-005 0 0.00019 0.007978 0 0.000389 0 0.002286 0.002353 0.004962 0.001485 0.00111 0.006848 0.000253 0.001325 0.000826 0.001093 0.005019 0.004655 0.001669 0.002234 0.014242 0.000957
0 7.7e-005 0.000139 0 0 0.000165 0 0 0 0 0.00026 0.000114 1.2e-005 0 0.000554 0 0.000126 4e-006 7.8e-005 6.2e-005 0.000609 0.000659 0.003108 0.001221 0.00162 0.00173 0.000274 0.0002 0.001087 0.00273 0.001986 0.001129 0.00353 0.002622 0.00043 2.9e-005 7.6e-005 0 0 0 5e-005 0.0001 0 0.000836 0.001784 0 0 0 0 0 0 0 0.000295 0.000372 0.001097 0.000584 0.001879 0.000447 3.6e-005 0 8e-005 0.000509 0 3.1e-005 0.000136 1.9e-005 0.001204 0.003409 0.000988 0.001003 0.001029 0.004737 0.010467 0.007701 0.002044 0.001498 0.000873 0.002228 0.00124 0.000494 0.002511
8.9e-005 0 0.000318 0 6e-005 0.000266 9.7e-005 1.3e-005 0 0.000172 8.7e-005 1.9e-005 0.000295 0 0 0 0 0 0.000288 0.000316 0.000101 0.000328 2.9e-005 0.000222 0.001394 0.002389 0.000931 0.003024 0.000742 0.000131 0 5e-006 0.000454 0.000953 0.000182 9.5e-005 0.000105 2.5e-005 2e-005 0 0 3.6e-005 0 0 0 0 0 0 0 0 0 0.000397 0.000142 0.00139 0.002922 0.003553 0.003332 0.000244 6.5e-005 0.000498 0.001472 0.001401 7e-006 0.000491 0.000743 0.000439 0.000299 0.001 0.002236 0.006707 0.019659 0.008662 0.016338 0.009952 0.000597 0.00121 0.002385 0.017076 0.001392 0.001214 0.001657
0.000802 0 0.000199 0.000109 0.000344 0.00111 0.00025 0.00033 0.000452 0.000103 0 0 0 0 0 0 0 0 6.8e-005 0.002675 0.00028 0.000112 1e-006 0.000243 0.000852 0.000968 0.000162 0.001436 0.000619 0.00054 0.00022 0.000248 0.000119 0.00095 0.000441 0.001984 2.3e-005 0.000477 0.000261 0 0.000378 0 0 0 0 0.000959 6.4e-005 0 0 0 0 0 9.2e-005 8.9e-005 0.00018 0.000203 0.000194 0.001511 0.000531 0.009968 0.002695 0.001236 0.000235 0.000512 0.000301 0.00036 0.000959 0.001089 0.000748 6e-006 0.001378 0.004278 0.006655 0.000989 0.00322 0.00057 0.000296 0.001181 0.002945 0.004649 0.000885
0 9.3e-005 0.001403 0.000246 7.3e-005 0.001449 0.001599 0.003089 0.002367 0.000773 9.2e-005 0 5e-005 0 0 0 0.000752 0.000135 0.000932 0.0006 0.000868 0 0 0.000143 0.001761 0.000946 0.000928 0.001071 5e-006 0.002455 0.001171 0.000774 0.000137 0.00083 0.000865 1e-005 0.000522 0.000774 0.00077 0.000144 0.00075 0 0.000365 0.000197 7e-005 7.9e-005 2e-006 0 0 0 0 0 0 0 0.000454 0 0 0.000923 0.001379 0.005885 0.00321 0.005607 0.002096 0.001183 0.0025 0.001303 0.002948 0.001992 0.003402 0.00066 0.000203 0.002613 0.002315 0.00019 0.000487 0.001518 0.002067 0 0.001063 0.003528 0.006383
0.000103 0.000432 0.002282 0.000488 0 0.000802 0.001108 0.000831 0.001709 0.001658 0.000224 0 3.9e-005 0 0 2.7e-005 0 0.000268 0.001085 0.001077 0.000181 8.9e-005 0 9.4e-005 0.000241 0.001886 0.000432 0.001597 0.000171 0.000983 0.000453 0.000406 3e-005 0.001479 0.000138 0 0.002186 0.001439 0.000324 2.4e-005 0.000856 0.000148 0.0003 0.002016 0.002117 0 0 0 0 0 0.000659 0.002419 5.8e-005 0 0 0 0 0.000174 0.003706 0.006525 0.000957 0.000142 0.002569 0.000201 1.6e-005 0.00197 0.001042 0.002357 0.001586 0.001225 0.001047 0.000728 0.001277 0.000237 6e-005 0.000664 0.002404 0.000429 0.003503 0.006657 0.011544
0.000353 0 0 0 0 0.00111 0.000503 0.000235 0.002319 0.0001 0 0.00049 0.000393 0.000143 0.000557 0 6.7e-005 5.9e-005 0.00039 0.000781 0.000211 0.000301 0.001563 0 0 0.0014 0.000395 0.000307 0.000435 0.000697 0.000135 4.7e-005 0.000964 0.001467 0.000487 0.002147 0.001236 0.001003 0.000176 0.001398 0.000957 0.000506 0.000275 0.000969 0.002053 0 0 0 0 0.000361 0.003922 0.002874 0.000389 0 0 0 0 0 0.000202 0.002762 0.003684 0 0 0.001249 0.00213 0.001167 0.002234 0.001347 0.002159 0.002676 0.001363 0.001343 0.001808 0.001738 0.000208 0.001535 0.00093 0.001085 0.003248 0.006195 0.003786
0 0 0 0 0.000133 0.000571 0 0 0.001113 0.002067 0 3e-005 1.2e-005 0.00021 6.2e-005 0.000172 0.000239 0.000189 0.000127 0 0.000363 0.000626 0.001586 0.001102 0.000127 0 0.001384 0.000231 0.001795 0.001795 0.002287 0.004984 0.000784 0.000468 0.000138 0.003494 0.001271 0.000526 0 0 0.000688 0.001752 0.002916 0.001105 0 0.000158 0 0.000273 0.001071 0.000213 0.001989 0.002408 0.000333 0.000499 8.3e-005 6.4e-005 0 0.00031 0.004846 0.001146 0.000574 0.000116 0 0.0014 0.00022 0.00057 0.002464 0.001891 0.000354 5.5e-005 0.001245 0.002572 0.006847 0.010996 0.001255 0.00118 0.001527 0.002435 0.005793 0.002261 0.000102
8e-006 0 0.000145 0.001254 0 0 0 0 0.000299 2.9e-005 0 0 0.000481 0 0 0.000385 0.000205 0.00023 4e-006 0 0.00121 0.000389 0.000134 0.001258 0.001588 2.1e-005 0.000627 0.000562 0.002243 0.001013 0.001096 0.001124 0.000811 0.001753 0.001206 0 0.000334 0.000911 0 0 0.001359 0.001839 0.000457 0.001341 0 0.001346 1e-006 2e-006 0.00127 0.000615 0.002342 0.000499 2.2e-005 0.000893 0.000442 0.0009869999 0.003234 0.000858 0.000886 8.7e-005 0.000782 0.000412 0.000101 0 0.003099 0.001398 0.003803 0.000148 0 3.5e-005 0.002675 0.002889 0.024308 0.001794 0.001103 0.001154 0.00435 0.002955 0.00057 0.00382 0.009889
5.7e-005 0.000148 0.000748 0 0 0 0 0.000106 0.000287 0.000202 0 0.000218 0.000357 0.001261 0.001114 0 0 0.000965 0.000355 0.000175 0.000139 0 0.00049 0.002237 0.008066 0.001046 0.001477 0.000832 0.010871 0.003906 0.001913 0.001643 0 3.1e-005 2.2e-005 0 0 0 0 3.7e-005 0.001838 0.004453 0.000268 0.01323 9.4e-005 0.000382 5.5e-005 0.003512 0.002148 0.001585 0.001433 0.00081 0.001037 0.000344 0.004785 0.002903 0.003685 0.001481 0.001408 0.001245 0.002193 0.00142 3.4e-005 7.2e-005 0.001407 0.004666 0.004127 0.00034 0.001812 8e-006 0.001177 0.001176 0.004554 0.002714 0.009961 0.010814 0.002376 0.00519 0.00261 0.001849 0.004347
0 0 0.000117 0.000186 0 0 0.001911 0.000341 0.000371 0.0001 0 6.6e-005 0.000207 9.2e-005 0.000515 0 0 0.000139 0.00078 0.000949 0 0 0 0.005899 0.002894 0.001803 0.000383 0.002048 0.001817 0.001723 0.000159 0.000106 0.001306 0.000168 2e-006 0 0 0.001107 0.00254 0.002462 0.006 0.004456 0.001381 0.002685 0.000981 0.000704 0.001757 0.007567 0.002084 0.00262 0.000407 0.000512 0.00011 0.002864 0.00089 0 0.001804 0.000586 0.000856 0.002078 8e-005 0.000656 0.001356 0.000816 0.002189 0.002188 0.001483 0.0001 0.011078 0.001872 0.003978 0.005074 0.006741 0.020972 0.005797 0.003984 0.014697 0.001272 0.001964 0.000225 0.001302
0 5.3e-005 0.000161 3.5e-005 0 0 0.000356 0 0 0 0.00018 0.001638 0.000173 0.000145 0.001615 0.000296 0.000438 8e-005 0.000808 5.2e-005 0.000774 0.000608 5.6e-005 0.000446 0.000149 0 0.000554 0.003479 0.000808 0.00148 0.001088 0.001383 0.001157 0.000733 0 0 0 0.001213 0.003249 0.000583 0.001214 0.001489 0.006753 0.006576 0.001788 0.000397 0.002461 0.003574 0.002391 0.000642 0.000746 0 0.000205 0.002625 0.001615 0.002655 0.006246 0.002077 0 1e-005 0 0.000737 0.008147 0.005651 0.00172 0.000242 0.00044 0.002826 0.008919 0.002073 0.0026 0.005883 0.017224 0.001416 0.001278 0.003883 0.001985 0.001655 0.000345 0.001233 0.001253
0 0.000185 0 0.001968 4.4e-005 3e-006 0 0 0.001423 0.000155 0.000577 0 0.000202 3e-006 0.000161 0.003724 0.006442 0.0025 0.000382 0.002835 0.016745 0.002796 0.001635 0 0 0.000537 0.002137 0.003879 0.000169 0 0.001455 0.002869 0.001574 0.001106 0.000662 0 0.0008 0.003012 0.001229 0.005206 0.00537 0.002842 0.005362 0.006597 0.003117 0.005855 0.002185 0.000712 0.005405 0.00177 0.001512 0.001823 0 0.001552 0.000653 0.00171 0.001528 0.000999 0 1e-006 0.001564 0 0.003042 0.00549 0.001013 0.000697 0.001733 0.001542 0.020386 0.002111 0.013957 0.036983 0.028207 0.000684 0.003291 0.001043 0.001665 0.004005 0.008468 0.003312 0.000637
2e-006 0.00023 0 0.000961 5.9e-005 0 0 0.000221 0.000283 0.000333 0.000371 0 0 0.000133 0.00058 0.000994 0.002567 0.003118 0.000165 0.001137 0.001239 0.006408 0.000154 4e-006 0.000795 0.001209 0.00597 0.002147 0.002439 0.000561 0.000291 0.000516 0.002275 0.001304 0.001579 0 0.002941 0.000454 0.000357 0.000502 0.005655 0.003045 0.003161 0.00276 0.003245 0.001585 0.002071 0.004292 0.002604 0.001534 0.003192 0.00059 0.000226 0.000155 0.003294 0.002959 0.001902 0.000219 0.000126 0.001443 0.000216 7.5e-005 0.000808 0.008464 0.000436 0.000142 0.008117 0.024317 0.002549 0.003054 0.023804 0.003463 0.001468 0.001388 0.000145 0.001433 0.003455 0.015936 0.002515 0.010369 0.003115
0 1.6e-005 0.000985 0.000267 0.001224 0.00072 4.4e-005 0.000187 0 0.000319 5.9e-005 0 0 0.000808 7.3e-005 2e-005 0.000127 4.9e-005 0.001386 0.000134 0.002301 0.003226 5.1e-005 0.000398 0.000556 0.000449 0.001317 0.00252 0.015891 0.001347 0.000563 0.002203 0.000715 0.002045 0.000379 0.000158 0.000604 0.008587 0.003981 0.002045 0.00329 0.003142 0.002035 0.00322 0.007002 0.002139 0.003183 0.009774 0.002506 0.002754 0.001678 0.000127 6.5e-005 0 0.002044 0.001965 0.002617 0.001986 3e-006 0.001469 0.004843 0.002369 0.001322 0.001724 0.002772 0.000751 0.002648 0.0046 0.009859 0.006409 0.024236 0.02971 0.00443 0.002351 0.003938 0.023452 0.026704 0.002214 0.001618 0.002035 0.009671
0 0 0 0.00227 0.00066 0 0.000104 0.000305 0.000206 1.1e-005 0 0 4e-006 0 0 0 0.000161 0.004789 0.00063 0.000801 0.000981 0.000278 0 1.6e-005 0.001245 0.001822 0.001069 0.001969 0.000548 0.001011 0.00182 0.002084 0 0.000763 0.000947 0.003495 0.000165 0.003139 0.00431 0.000113 0.00837 0.000955 0.003124 0.004834 0.009669 0.011965 0.004063 0.00126 0.003206 0.002479 0.002984 0.006433 9.5e-005 1.1e-005 0.001518 0.000871 0.000444 0.009191 0.002873 0.002861 0.00289 1e-006 0 0.000536 0.003465 0.000822 0.004721 0.023546 0.006302 0.005752 0.003576 0.003205 0.010641 0.009093 0.024132 0.029136 0.018103 0.002621 0.003774 0.00397 0.00199
0.000481 0.001251 0 0.00022 0.001597 0.000789 0.000262 0 0.001038 0 0 0 0.000641 0 0.00036 0 0.000235 0.003065 0.002098 0.001456 0 8.9e-005 0.000474 0 2.2e-005 0.000228 7.5e-005 0.001021 0.00217 0.001866 0.000255 5.3e-005 3e-005 0.001792 0.000221 0.001616 0.000138 0.001326 0.004546 0 0.015099 0.000925 0.000447 0.0007 0.003182 0.015146 0.00909 0.000971 0.008995 0.002509 0.004073 0.008832 0.002452 0.000973 0.003699 0.001293 0.005959 0.005587 0.002178 0.00116 0.002519 0.007342 0.000494 0.001614 0.001137 0.000213 0.002204 0.005158 0.000831 0.004239 0.000865 0.002676 0.003999 0.007934 0.006495 0.018911 0.003979 0.000657 0.004668 0.00439 0.003496
0 0 0.000652 0.003671 0.001866 0.000426 0.000177 5e-006 0.001927 0.004748 0.005387 0 0.000626 0.001424 0.003292 0.005836 2.1e-005 0.001179 0.000331 0.002651 0.001915 0.000896 7.6e-005 0.000771 0.000183 0.001792 0.002691 0.001505 0.000244 0.00161 4.4e-005 0.000698 0.002506 0.002168 0.001928 0.00244 0.003698 0.000809 0.001602 0.000587 0.001944 0.000291 0.001134 0.002106 0.007172 0.001372 0.013889 0.002708 0.001763 0.001501 0.00229 0.002937 0.006733 0.002222 0.003058 0.000665 0.001127 0.000418 0.001295 0.002333 0.00165 0.000362 0.000701 0.001929 4e-005 0.000197 0.000791 0.003459 0.002951 0.004245 0.003682 0.00309 0.00211 0.004187 0.006258 0.002674 0.000217 0.001318 0.001591 0.001673 0.004267
0.00025 0 6.2e-005 0.00098 0.000238 0.000181 9e-006 9.6e-005 0.000188 0.000109 0 0 0.000371 0.000628 0.003325 0.002918 0.000937 0.001282 0 0.001459 0.002299 0.001542 0.002418 0.014727 0.001066 0.001062 0.002025 0.003324 0.000528 0.000308 0 0.001251 0.000533 0 0.003513 0.001603 0.003458 0.00178 0.006842 0.000866 0.00044 0 0 0.006825 0.009492 0.008016 0.003611 0.000734 0.000248 0.000203 0.001362 0.001421 0.001715 0.002091 0.001751 0.000295 3.5e-005 2.6e-005 0.000525 0.004122 0.000909 0.001076 0.000695 0.001307 0.001744 0.00258 0.001277 0.023062 0.019718 0.018578 0.002993 0.002397 0.000659 0.001339 0.000204 0.000668 0.002387 0.001692 0.001001 0.002036 0.001994
0.000252 0.000353 0 0 0 0.000737 0 0.000132 0.000128 0 0 0.000877 0.002999 0.000184 0.002023 0.001066 0.001415 0.000978 0.000178 0.001285 0.001022 0.000261 0.005605 0.006739 0.000351 0.002528 0.002553 0.002184 0.000178 9.9e-005 0.00033 0.000948 0.000703 0 0.00069 0.002175 0.001317 9e-006 0.000418 0.004698 0 0 0.004128 0.00057 0.011283 0.03001 0.017599 0.000445 0.000379 0.001005 0.000466 0.004426 0.002073 0.002125 0.000394 0 0.000562 0.000747 0.000604 0.001068 0.00226 0.004644 0.023087 0.003256 0.000864 0.005207 0.006481 0.017651 0.001809 0.007208 0.000189 0.001371 0.000185 7.2e-005 0 0.000719 0.008511 0.001921 0.000844 0.004991 0.002122
7.3e-005 0 0.003431 0.000681 0.00091 0.000228 0 4.7e-005 9.2e-005 0.00032 0 0.002 0.000667 0.000309 0.001643 2.9e-005 0.001356 0.003968 0.001219 0.004352 0.003798 0.000532 0.002059 4e-006 0.001265 0.000233 0 0.000951 0.000207 0.00026 0.000965 0.001409 0.000657 0.000628 0.000256 0.000449 0.000659 0.001721 0.002909 0.000716 0.001792 0.001779 0.000369 0.001415 0.015431 0.024111 0.019607 0.002358 0.000908 0.000464 0.004815 0.001446 0.002612 0.000101 0.00295 0.001082 0.008338 0.002173 0.003371 0.001108 0.000349 0.006957 0.026866 0.002887 0.010109 0.002427 0.001391 0.002657 0.001499 0.001444 0.000952 0.001452 0.002509 0.00354 1.3e-005 0.002605 0.006973 6.8e-005 0.002221 0.006973 0.003114
0.000403 0.00101 0.001479 0.013772 0.00092 6.2e-005 0 9.6e-005 0.003995 0.019728 0.004509 0.000165 0.0022 0.001094 0.005425 0.004357 0.000637 0.000799 0.002364 0.004504 0.00537 0.003072 0.001266 5e-006 0.005269 0.002975 0.001225 0.001001 0.000164 3.5e-005 0.000951 0.002363 0.002886 0.000393 0 0.000186 0.00065 0.001947 0.002456 0.006855 0.014389 0.001701 0.001652 0.008679 0.020284 0.000976 0.000804 0.000655 0.016728 0.019813 0.005557 0.003265 0.004165 0.001104 0.001417 0.001706 0.001083 0.001033 5.1e-005 0 0 0.00265 0.00786 0.003445 0.002459 0.002344 0.006832 0.002229 0.011463 0.011164 1e-006 0.000427 0.002409 0.000417 0.000255 0 0 0.001102 0.002824 0.011677 0.005079
0.000708 0.001888 0.000245 0.00586 0.000225 0.000199 0 0.000268 0.023578 0.00411 7.1e-005 0.001328 0.002319 0.000973 0.001425 0.003494 0.000186 0.001135 0.00182 0.00352 0.001897 0.003333 0.002268 0.000809 0.000228 0.00395 0.000302 0 0 0 0.002443 0.002877 0.005337 2e-006 0.000609 0 0.00081 0.000826 0.005533 0.00607 0.004725 0.003391 0.005403 0.013216 0 0 0 0.00255 0.021852 0.029739 0.004133 0.002125 0.003158 0.000457 0.004978 0.003759 0.007157 0.003112 0.000278 0 0 0.001411 0.001277 0.003966 0.012372 0.003765 0.004247 0.000996 0.011405 0.006468 0.000371 0.000594 3.9e-005 0.00181 0.011725 1e-006 0.000126 0.00515 0.003211 0.001476 0.003745
0.001369 0.000277 0.002187 0.001963 0.001547 0.001103 7.7e-005 0.000735 0.016257 0.001658 0.000989 0.000896 0.003254 0.001295 0.000139 0.016447 0.009838 0.001411 0.001007 0.000155 2e-006 0.003004 0.005794 0 0 0.000399 6.7e-005 0 7e-006 0.001338 0.006392 0.001536 0.002505 0.001064 0.001187 0.000393 0.000961 0.000354 0.007419 0.002476 0.000311 0.004132 0.012945 0.002616 0.000295 0 0.000889 0.003687 0.009711 0.015272 0.002614 0.003178 0.007204 0.000652 0.002343 0.001438 0.00367 0.001483 3.5e-005 0 0.003514 0.00763 0.002801 0.000329 0.003174 0.008086 0 0 0.005526 0.00533 0.010724 0.007856 0.001877 0.001255 0.004435 0.002093 0.007303 0.001781 0.003735 0.002638 0.001245
0 0.000227 0.00038 0.001962 0.001291 0.000477 0 0.001731 0.002236 3.2e-005 0 0.000113 0.000148 0.000353 3e-005 0.003291 0.001036 0.001106 0.00213 0.002687 0.001081 0.002516 0.001129 0.001444 0.000255 0.003978 0.0003 0.001347 0 0.000252 0.000604 0.00258 0.004074 0.000188 0.001667 0.009977 0.000852 0.000429 0.001049 0.003053 0.000188 0.001941 0.006892 0.000356 0.000972 5e-006 0.000487 0.00201 0.000799 0.009651 0.006076 0.004087 0.001861 0.004779 0.013059 0.004853 0.005841 0.000311 2.7e-005 0.000103 0.011368 0.001041 0.000407 0.000371 0.0022 0.003159 0.002058 0.000905 0.005777 0.00164 0.00918 0.013245 0.001629 0.008072 0.001621 0 0.00324 0.004379 0.002342 0.008041 0.005985
0.000455 2.4e-005 0.003615 0.003205 0.000547 0.001826 0.000311 0.007181 7.9e-005 0.000336 0 0 0 0 0 0.001152 0.000478 0.001391 0.003382 0.001694 0.000147 0 0.001858 0.002453 0.000516 0.007301 0.003171 0.000933 0 0.00393 0.002444 0.004226 0.000573 0.00099 0.004405 0.003948 0.004643 0 4.9e-005 0.000275 0.00107 0.002388 0.003182 0.000584 0.004437 0.002877 0.001164 0.000367 0.002241 0.001843 0.002276 0.00283 0.000456 0.011429 0.024059 0.025299 0.004853 0.001094 0.000418 0.000474 0.000335 0.000156 2.1e-005 0.000277 0.003528 0.004825 0.00279 0.000968 0.001708 0.00033 0.001486 0.012452 0.014212 0.002823 0.001316 0 0.001108 0.001246 0.001225 0.006961 0.005977
