EnvRasters/BAU_High/potatoes.asc
ncols         270
nrows         223
xllcorner     24099.479091542
yllcorner     21023.840179216
cellsize      1003.8986847201
NODATA_value  -9999
[rows 108 to 143 of 223, columns 81 to 161 of 270]
0.000459 0 0 0 0 0.000215 0.002323 0.006153 0.003289 0.001358 0.000221 0 0.00053 0 0.000194 7.3e-005 1.6e-005 3e-006 0.000148 0.000462 0.000103 0 0.001608 0.010944 0.004348 0.004194 0.002396 0.004264 0.00485 0.000246 0.005401 0.004324 0.002379 0.001974 0.002053 0.00393 0.000928 0 0 0.000558 0.001463 0.003294 0.016206 0.00114 0.000823 0.00653 0.002654 0.010496 0.000855 0.00416 0.004562 0.001205 0.000745 0.001384 0.010338 0.01359 0.022767 0.000639 0.001858 0.00581 0.001712 0.000601 0.002382 0.003483 0.004125 0.001758 0.000845 0.000321 0.006192 0.003469 0.003664 0.004359 0.002855 0.00717 0.001936 0 0.000876 0.000747 0.002081 0.00153 0.002405
0 0 0 0 0.000507 0.000411 0.005762 0.004707 0.000905 0.001524 0.004223 0.000789 0.00084 0 0.000181 0.000734 0 3.8e-005 0.002433 0.002355 0.000292 0.000427 0.000636 0.00095 0.001576 0.001001 0.000479 0.003256 0.002378 0.001802 0.000602 9.8e-005 0.005956 0.002299 0.001937 2e-005 0.000407 0.000289 0.000608 0.000722 0.000667 0.001156 0.001681 0.003229 0.001697 0.003934 0.003097 0.002767 0.005187 0.010613 0.001702 0.000129 0 0 0.00286 4.9e-005 0.008369 0.002017 0.001745 0.008446 0.001357 0 0.001552 0.007794 0.001392 0.001577 0.0103 0.004779 0.008147 0.002725 0.000764 0.003691 0.00318 0.005146 0.001791 0.001236 0.001304 0.004716 0.011408 0.001442 0.001231
0 0 0 0.000139 0.003197 0.005633 0.00212 0.000826 0.000259 0.003992 0.002399 0.001182 0.000868 9e-005 0 0 0 9e-006 4.7e-005 0.001347 0.001063 0.000588 0.002497 0.001038 0.002538 0.001044 0.001958 0.001787 0.000485 0 0 0 0.000266 0.00048 0 0 4.7e-005 0.000223 0.000395 0.001157 0.000601 0.002098 0.002404 0.001996 0.004266 0.001135 0.002492 0.005105 0.005449 1.9e-005 0 0.000343 0.000126 0.000396 0.00236 5.5e-005 0.001978 0 0.000538 0.004723 0.00134 0.000743 0.000626 0.020438 0.001662 0.003164 0.007077 0.007669 0.009298 0.000892 0.004026 0.008691 0.015232 0.007261 0.001693 0.004347 0.001689 0.006798 0.003128 0.003968 0.00074
0 0 0 0.000522 0.001753 0 0 0 0 0 0 0 0 0 0 0 0 0 0 0 0 0.000377 0.001064 0.001359 0.004253 0.00234 0.004019 0.006195 0.002392 9.4e-005 0.000102 0.000936 0.00019 0.000242 0 0 0.000435 0.003395 0.001601 0.002573 0.002643 0.002324 0.007279 0.015709 0.001843 0.000108 0 0.000292 0.009417 0.001418 0 0.001444 0.002514 0.004279 0.01214 9.5e-005 0.000799 0.002488 0.000476 0.000789 0.002521 0.002383 0.001818 0.005273 0.007158 0.002568 0.002501 0.001304 0.00272 0.003213 0.001431 0.002746 0.002642 0.005976 0.004868 0.000319 0.005294 0.003541 0.004172 0.002479 0
0 0 0 5.6e-005 0.000274 0 0 0 0 0 0.000153 2e-005 0.001586 0 0 0 0 0.00013 0.001555 0.001472 0.000125 0.000843 0.001435 0 0.001407 0.002321 0.000305 2.3e-005 0 0.000472 0 0 0 0 0 0 0 0.001362 0.000954 0.004356 0.004346 0.002139 0.015645 0.004172 0.001249 0 0 0.00014 0.001261 7.7e-005 0.000126 0.001426 0.000475 0.00292 0.010911 0.001174 0.003497 0.003641 0.001464 0.001698 0.004082 0.001098 0.001209 0.000776 0.004381 0.003582 5.1e-005 0.002245 0.001461 0.002294 0.002134 0.007514 0.000438 0.003764 0.002507 0.002629 0.00308 0.007412 0.003073 0.0009869999 0.000271
0.001793 0.00047 0 0 0 0 0 0 0 0 0.000104 0.000387 0.000391 0 2.9e-005 0.000166 9.7e-005 0.0002 0.002647 0.003488 0.000734 0.006862 0.005173 0 0.002575 0.000623 0 3.1e-005 7.5e-005 0 0 0 0 0.000532 0.000479 0 0 0 0.00338 0.00093 0.004812 0.006751 0.013494 0.000448 0.000609 0.001098 5.6e-005 0.001797 0 0.001298 0.000469 0.001056 0 0 0.002699 0.000576 0.005202 0.000577 0.004147 0.003965 0.002047 0.001905 0.000149 0.004212 0.011839 0.00167 0.001176 0.001853 0.000402 0.002915 0.000689 0.001913 0.00369 0.001774 0.004772 0.003693 0.001313 0.000859 0.000578 0.004642 0
0.000152 0 0.000888 0.000298 0 0 0 0 0 0.000198 9e-006 0 3e-006 0 0 0.000444 0.000714 0.000834 0.000447 0.000297 0.000456 0.001622 1.4e-005 0.000136 0.000739 0.000656 0 0.000139 0.00135 0.000163 0 0 0 2e-006 0.000434 0 0 0 1.2e-005 0.000859 0.001522 0.001172 0.001471 0.000839 0.001182 1.4e-005 1.7e-005 0.001061 0 0.000233 0.000797 4.6e-005 3.7e-005 1.4e-005 0.000577 0.006899 0.004508 0.000119 0.000398 0.009207 0.001297 0.002434 0.001553 0.003507 0.001209 0.002026 0.003511 0.002797 0.000379 0.007462 0.004382 0.009186 0.001263 0.003151 0.004585 0.007743 0.002888 4e-006 0 0 0
0 0 0 0 0 0 0 0 0 0 0.00035 0.000324 0 0 0 0.000246 0.002214 0.00064 0.000352 0.001568 0.001827 1e-005 0.000582 1.5e-005 0.000232 0.000704 0 0 0.00319 0.002073 8.9e-005 0.000375 0.000135 0 1.7e-005 0 0 1e-006 0.000772 0 0.000204 0.00041 0.000682 0.000744 3e-005 4.4e-005 3e-006 0.000481 0 0.000522 0.004734 0.000298 0.002628 0.004807 0.003082 0.002471 0.000999 0.000159 9.3e-005 0 0.004462 0.000878 0.001153 0.006437 0.002 0.001799 0.006133 0.002777 0.003257 0.001157 0.001508 0.003124 0.003394 0.002098 0.00332 0.005513 0.000238 0 0 0 0
1.5e-005 0 0 0 0 0 0 0 0 0 0 0.000108 0 0 0 0.000188 0.000116 0 0 0 0.000171 7.7e-005 0 0 0.001256 0.000132 0.000111 0.000449 0.002204 0.000458 0.001278 0.000173 0.000435 0.000328 0.000201 0 0 0.006231 0.010292 0.000507 0 0.000959 0.000342 0 0.00032 0 0 0 0 0 0.000175 0.000739 0.000533 0.001361 0.003053 0.001075 0.000468 0.000849 8.7e-005 0.002838 0.000601 0 0 0.001649 0.000193 0.001291 0.003223 0.002093 0.002181 0.00792 0.005287 0.004588 0.007228 0.006177 0.002553 0.000496 4e-006 5e-006 0 0 0
9.7e-005 0 0 0 0 0 0 0 0 0 5.6e-005 0.000174 0 0 0 0 0 0 3.5e-005 3e-006 0 0 0 0 0.000353 0.000379 0.000749 0.001224 0.000937 0.00757 0.002757 0.000634 0 0 0.001533 0.000426 2.4e-005 0.001291 0.006161 0.001263 0.001768 0.003934 0.005772 0.000253 2.7e-005 0 0 0 0 0.000351 0.000157 0.000295 1.5e-005 7e-005 0 0.00081 0 0.00057 0 0.000606 0.003439 0.000264 0.000738 0 0 0.000763 0.001884 0 0 0.006352 0.002116 0.002657 0.000295 0.004147 0.000892 0.00222 0.00118 0.000118 0 0 0
0.001644 3.5e-005 0 0 0 0 0.000329 0.000925 0 0.000341 2.8e-005 0.000163 0.00063 0.000582 0.001056 0.00055 0 0 0 0 0 0.000228 0.000622 0.000174 0.000455 0.000692 0.000893 0.001701 0.00143 0.003891 0.008171 0.000969 0.000146 0.000475 0 7.4e-005 0.000159 0.003802 0.005014 0.007269 0.007652 0.010704 0.005932 0.000191 4.1e-005 0.000169 2e-006 0 0 0 0 0 0 0.000515 0 7.7e-005 0 0.000278 0.00372 0.001028 0.005971 0.000445 0.000853 0.000699 0.000873 0.000927 6.1e-005 0.000581 0.001377 0.002922 0.003028 0.000672 0.002186 0.001952 0 0.003293 0.00063 0.001438 0.000864 0 0
0.001257 0.002805 4e-006 0.001325 0.000288 0 0 0.000223 0 0.000301 0.000665 0.002471 0.001044 0.002741 0.000712 0.001255 0.000109 0 0 0 0 0.001106 0.001038 0.00103 0.00168 0.000224 0.000737 0.000863 0 0.000118 0.001055 0.001831 0.002675 0.004615 0.000326 0 0.001909 0.00225 0.006079 0.003911 0.000318 0.000485 0.00153 0.00128 0 0.000417 0 2e-006 0 0 0 0 0 1.6e-005 0 0 2e-006 0 0.002153 0.007619 0.000184 0.000686 0.000559 0.000263 0.003003 0.006964 0.00037 0.001977 0.004191 0.001222 1e-005 0 0.001425 0.004255 0.000221 0.007771 0.001951 0.000961 0.00111 0 0
0.000107 0.001599 0 0.000116 0 1.9e-005 0 8.8e-005 0.000125 0.000133 0.000629 0.001137 0.002814 0.002082 0 0.000773 3e-006 0 0 0 0.00046 0.009157 0.002851 0.00368 0.014719 0.000775 0.000693 0.000105 0.000676 0.001465 0.000402 0.004951 0.003711 0.002811 0 0 0.000947 0.000747 0.000213 0.005451 0.000683 0.001142 0.000338 3.5e-005 0.000391 3.2e-005 0 0 0 0 0 0 0 0 0.000422 0 0 0 0.000493 0.000359 0 0.000455 0 0.000109 0.000765 0.002066 0.002008 0.002079 0.007308 0.003284 0.000839 0.000238 0.000775 0.000204 4.3e-005 2.5e-005 0.002454 0.000967 0 0 0
0.002995 0.000889 0.000344 0.0018 0.001982 0 0 0 0 0 1.9e-005 0.000681 0.001535 0.002579 0.000777 0.000219 0.000695 0.001306 0.000562 0.001489 0.000399 0.012511 0.001515 0.003801 0.015802 0.001681 0.0138 0.001929 0.002559 0.000161 0.00016 0.00112 0.002514 0.000583 0.000336 0.000634 0.000117 3.8e-005 0.003661 0.001915 9.8e-005 0 0.000213 0.0001 0 0 0 0 0 0 0 1e-006 0 0 0 0 0.000495 0.000608 0.000921 0.001715 0.00015 0 0 0 0.00138 0.004551 0.002941 0.001106 0.002802 0.004117 0.003016 0 0.000374 0.00304 0 8.6e-005 0.001172 0 0.001646 0 0
0.000573 0.000624 0 0.002336 0.002078 0.000421 0.000452 0 0.000285 0 0.000473 0.000361 0.003748 0.00042 0.001766 0.00073 0.000339 0.000402 3e-006 0.000619 0.000183 0.002645 0.003414 0.001821 0.018279 0.002007 0.019015 0.013445 0.002487 0.001695 0.000675 0.003205 0.002482 0.000149 0 0.00059 0.000825 0.000533 0 0 0 0 0.001972 0.002765 0.000804 0 0 0.001988 0 0 0 0 0 0 0 0 0.000573 0.003063 0.00143 0.000298 3.7e-005 0 0.001132 0.000486 0.001169 0.002835 0.001432 0.002852 0.004085 0.003779 0.002781 0.000228 0 0 0 0 0.001248 0.000824 0.004053 0.00096 0
0.000186 7.6e-005 0.000849 0.001971 0.003376 1.6e-005 9e-005 0 0.000577 0.000904 0.000885 0.000276 0.001969 0.000225 0.000397 0.000621 0.000203 3.6e-005 0.000129 0.001547 0.012163 0.001797 0.001821 0.002899 0.006287 0.007401 0.019466 0.000493 0.000798 0.002263 0.000189 0.000496 8.6e-005 0 0 0.000446 0.00206 0.000108 0.000105 1.3e-005 0.002653 0.001933 0.004073 0.007361 0.002845 0 0 0.000237 0.000265 0 1e-006 0 0 0 0.000383 9.9e-005 0.000906 0.00106 0.003278 0.000108 0 0 0.000221 0.000126 0.000467 0.00401 1e-005 0.000314 0.001978 0.002621 0.000138 0.000109 0 4.4e-005 0.000134 0.000186 2e-005 0.0029 0.00424 0.001296 0.000132
0.000165 0.000204 0.001265 0.002698 0.001136 0.000193 0.001164 0 0.00222 0.002878 0.0011 6e-005 0.000917 0.004454 1.7e-005 0.000997 0.004444 0.007443 0.001283 0.002138 0.004059 0.000453 0.003855 0.004645 0.003067 0.003305 0.007075 0.002895 0.001431 0.00407 4.6e-005 0.001234 0.000259 0.001046 0 0.001294 0.001131 0.006262 0.000577 0.000662 0.004492 0.005124 0.003467 0.002487 0.001485 0 0 0.001102 4e-006 0 0 0 0 0.001338 0.001723 0.002526 0.000601 0 1e-006 0 0 0.000435 2.5e-005 0 0.000232 2.7e-005 0.000117 0.002819 0.001565 0.00178 7.6e-005 3.9e-005 0 0 0.000229 0 0.000151 0.006976 0.001015 0 0.000197
0.000896 0.000255 0.000322 0.000172 0.003331 0.004552 0.000362 0 0.001611 0.006912 0.000616 0.001091 0.001694 0.003849 0.000841 0.003199 0.030351 0.005809 0.016718 0.002771 0.002085 0.009188 0.003232 0.015138 0.00225 0.003017 0.004315 0.006384 0.004917 0.002808 0.000928 4.9e-005 3.4e-005 0.000482 5.2e-005 0.003266 0 0.003497 0.000311 0 0.000633 0.001658 0.003704 0 3.9e-005 0.000584 4.9e-005 0.000152 0.000452 0 0 0.000154 0 0.000878 0.001569 0.001003 0.002743 0 0.00022 0.000167 0.000263 4.8e-005 0.002666 0.003506 0.003117 0.004052 0.001131 0.002148 0.000782 0.006099 0.004012 0.004268 0 0.000205 0.006211 0.002197 0.000518 0.005351 8.2e-005 0 0
0.004156 0.001996 0.001096 0 0 0.001702 0 0 0.000617 0.00293 0.001195 0 0.000894 0.00431 0.002334 0.003644 0.001938 0.002359 0.003489 0.00226 0.003129 0.001141 0.004561 0.011443 0.002062 0.001199 0.004858 0.007393 0.001492 1.4e-005 0 0 0 0 0 0.000173 0.002587 0.000682 2.1e-005 0 0 0 0 0 0 0 0.00083 0.000884 0 0 1e-006 0.002643 0 0.000781 0.000161 0.000335 0.000628 0.000924 0.000824 0.000431 0.000507 0.000528 0.001419 0.003972 0.010737 0.006066 0.000762 0.001752 0.001153 0.001624 0.001765 0.002852 0 0.000105 0.003926 0.002391 0.000822 0.001548 0.000438 0 0
0.000267 0.001019 0 2.8e-005 0 0.000242 3.7e-005 0.000982 0.001122 0.002273 0.002044 0 0.000938 0.030923 0.007534 0.00089 0.000355 0.003789 0.0198 0.01592 0.001349 0.003011 0.004447 0.003593 6.8e-005 0 0.004632 0.008252 3.5e-005 3.2e-005 0 0 0 0 0 0.000262 0.002448 0.000384 0.001446 1e-006 0 0 0 0 0 0 4.2e-005 0.000163 7e-006 0 0 0.002323 0.000156 0.002132 0.00075 0.002441 0.001238 0.002005 0.00098 0 0 0.00015 3.1e-005 0.000805 0.005593 0.001479 0.000747 0.006109 0.003393 0.005886 0.004735 0.000953 0 0.000468 3.8e-005 0 0 0 0 0 0.000661
0 0 -9999 -9999 0 0 -9999 0 0.000229 0.001451 0.001661 0.000543 0.003479 0.023072 0.005578 0.000424 0.002949 0.013227 0.000988 -9999 0.001109 0.015582 0.002051 0.001966 0.000289 0 0.000409 0.003079 0.001121 0.001838 0 5.5e-005 0 0.000599 0.003179 0 0.000393 0.00052 0.000625 0.000331 7.8e-005 0 0.003001 0.002757 0 0 3.4e-005 0.000914 4e-006 3e-005 1.4e-005 1.8e-005 0.00393 0.007762 0.00074 0.000938 0.002158 0.001886 0 0.000341 1e-006 0.000224 0.000149 0.002033 0.000262 0.001615 0.004656 0.010825 0.00478 0.013069 0.009167 0.003203 0.001696 0 0.000821 0 0 0 0.000774 0.000608 0
-9999 -9999 -9999 -9999 -9999 -9999 -9999 -9999 0.000548 0.002289 0.000347 0.003511 0.005894 0.001475 0.00025 0.00115 5.4e-005 0.00054 -9999 -9999 0.001264 0.007011 0.0002 0 0 0 0 0.000318 0.001945 0.002464 0.000446 0.004127 0.006014 0.000904 0.004621 0.003002 0.000348 0.002351 6.4e-005 0.000649 0.002967 0 0.000865 0 0 0 1.5e-005 0.000375 0.000322 0.003102 0.003529 0.00394 0.00015 0.001768 3.3e-005 0.0005 0.000103 0 0 3.9e-005 7.5e-005 0.000748 0.002827 0.003441 0.006784 0.002228 0.009973 0.012931 0.013705 0.008478 0.002187 0.005712 0.000149 4.9e-005 0.001038 0.001124 0 0.000414 0.001333 0 0.000298
-9999 -9999 -9999 -9999 -9999 -9999 -9999 -9999 -9999 -9999 0.003969 0.001882 0.000753 -9999 -9999 -9999 -9999 -9999 -9999 -9999 -9999 0 0 0 0 0 0 0.001681 0.013379 0.003328 0.000727 0.003299 0.00517 0.001194 0.002912 3.8e-005 0.001206 0.003917 0.000856 7.6e-005 0.001254 0.000714 0.002316 0.000152 0 0 0.00066 0.000138 7.3e-005 0.001806 0.006269 0.010689 0.003914 0.001505 0 4.5e-005 0.000941 0.000198 2.3e-005 0 0 0.000715 0.00158 0.006502 0.001732 0.003404 0.01953 0.005638 0.006774 0.002613 0.002896 0.006726 0.001085 0.000666 1.9e-005 4.7e-005 0 0.000298 0.001998 0.001274 0
-9999 -9999 -9999 -9999 -9999 -9999 -9999 -9999 -9999 -9999 -9999 -9999 -9999 -9999 -9999 -9999 -9999 -9999 -9999 -9999 -9999 -9999 0 0 0 0.000554 0.000142 0.010108 0.001331 0.003454 0.003872 0.004838 0.008145 0.001656 0.003738 0.000118 0.003371 0.007458 0.008267 0.000942 0.004086 0.005212 0.004155 0.006615 0.001911 1.7e-005 0 0.000463 0.000242 0.000704 0.004005 0.004428 0.004732 0.002776 0.000721 0 0.000406 0.001391 4.6e-005 0 1.3e-005 0.000451 0.000807 0.000949 0.002432 0.008104 0.002611 0.003778 0.001935 0.000621 0.005141 0.005683 0.001722 0 0.000593 0 0 8e-006 0.000965 0.001307 0
-9999 -9999 -9999 -9999 -9999 -9999 -9999 -9999 -9999 -9999 -9999 -9999 -9999 -9999 -9999 -9999 -9999 -9999 -9999 -9999 -9999 -9999 -9999 0 0 0.001276 0.003353 0.002532 0.003005 0.008677 0.005766 0.002125 0.008083 0.007815 0.004013 0.004159 0.010075 0.006408 0.004226 0.003198 0.004692 0.007828 0.00896 0.002904 0.00478 0.001567 0.000117 0.00065 0.003202 0.003065 0.002552 0.002426 0.001296 0.002407 0.000207 0 0.001637 0.003434 0.000795 0 0 0 0.003282 0.006897 0.007393 0.007722 0.000709 0.001431 0.001983 9.9e-005 0.001831 0.001695 0 0 0 0 0 0 0 5.2e-005 1e-006
-9999 -9999 -9999 -9999 -9999 -9999 -9999 -9999 -9999 -9999 -9999 -9999 -9999 -9999 -9999 -9999 -9999 -9999 -9999 -9999 -9999 -9999 -9999 -9999 -9999 8.4e-005 0.001012 0.005813 0.012091 0.007855 0.008951 0.005428 0.003291 0.002998 0.00542 0.006485 0.003203 0.007249 0.008634 0.022667 0.008495 0.010179 0.023494 0.021334 0.01238 0.001727 0.000676 0.000267 0.000235 0.000422 0.00473 0.004753 0.001645 0.00036 5.5e-005 0.001938 0.002404 0.003081 0.000836 0 0.000851 0.001905 0.009122 0.010652 0.003978 0.000662 0.00791 0.005238 0.000788 0.001305 1e-005 9.4e-005 0 0 0 0 0 0 0.000144 0.00348 0.006531
-9999 -9999 -9999 -9999 -9999 -9999 -9999 -9999 -9999 -9999 -9999 -9999 -9999 -9999 -9999 -9999 -9999 -9999 -9999 -9999 -9999 -9999 -9999 -9999 -9999 -9999 0.001438 0.001647 0.003899 0.00717 0.003285 0.002751 0.002551 0.004819 0.001137 0.001816 4.5e-005 0.005314 0.008094 0.026898 0.025423 0.006951 0.005112 0.008116 0.016492 0.008812 0.001374 0.000179 0.000749 0.000758 0.004382 0.006515 0.002771 0.00019 0.000215 0.002814 0.001162 0.000918 0.000896 0 0.003047 0.002025 0.006287 0.00999 0.004368 0.003101 0.001141 0.000496 0.000943 0.003161 0.001549 0.00108 0.000365 0.000249 0.000177 0.000252 2.4e-005 6e-005 0.001046 0.001536 0.003425
-9999 -9999 -9999 -9999 -9999 -9999 -9999 -9999 -9999 -9999 -9999 -9999 -9999 -9999 -9999 -9999 -9999 -9999 -9999 -9999 -9999 -9999 -9999 -9999 -9999 -9999 0 0.001029 0.002594 0.002496 0.001176 0.001071 0.003132 0.003915 0.001364 0.001449 0.007567 0.002315 0.000774 0.006703 0.006791 0.00193 0.008851 0.016744 0.005068 0.000184 0.001203 9.9e-005 1.8e-005 0.000115 0.001462 0.005265 0.003678 0.001418 0.000384 0.001434 3.7e-005 0.000222 7.1e-005 0.000495 0.003516 0.004158 0.005898 0.00728 0.004035 0.006466 0.000481 0.001471 0.001131 0.00696 0.003885 0.001915 0.001483 0.002075 0.002011 0.00051 4.7e-005 0.000109 0.001281 0.004115 0.003645
-9999 -9999 -9999 -9999 -9999 -9999 -9999 -9999 -9999 -9999 -9999 -9999 -9999 -9999 -9999 -9999 -9999 -9999 -9999 -9999 -9999 -9999 -9999 -9999 -9999 -9999 0 0.001078 0.000695 0.000309 0.002923 0.003926 0.000194 0.001135 0.000228 0 0.000196 0.000359 0.00118 0.001297 0.002849 0.014007 0.003284 0.003797 0.002818 0.00119 0.001522 1.3e-005 0.001857 1.5e-005 0.00036 0.00013 0 0.000201 0.000247 1.8e-005 0.00042 0.001239 0.000839 0.002345 0.00921 0.003647 0.008652 0.00992 0.005658 0.002502 0.000599 0.004389 0.004443 0.000313 0.00311 0.000813 0.001531 0.001149 9.7e-005 0.000194 0.001254 0.000555 0.001434 0.004834 0.003625
-9999 -9999 -9999 -9999 -9999 -9999 -9999 -9999 -9999 -9999 -9999 -9999 -9999 -9999 -9999 -9999 -9999 -9999 -9999 -9999 -9999 -9999 -9999 -9999 -9999 -9999 -9999 0.001996 0.002539 0.006164 -9999 -9999 0 4e-005 0.000145 3.2e-005 0 0 0.001597 0.0014 0.002441 0.017522 0.001732 0.00174 0.003702 0.002438 0.001611 0 0.000102 0 0.000241 0.000477 0.001061 0.000464 1.4e-005 0.000536 0.006963 0.006413 0.005497 0.003293 0.006452 0.006742 0.000918 0.004721 0.003404 0.008686 0.004517 0.004232 0.006945 0.006276 0.004666 0.00123 0.000291 0 0 0 0 0 0.002304 0.000824 0.000624
-9999 -9999 -9999 -9999 -9999 -9999 -9999 -9999 -9999 -9999 -9999 -9999 -9999 -9999 -9999 -9999 -9999 -9999 -9999 -9999 -9999 -9999 -9999 -9999 -9999 -9999 -9999 0.000606 0.001001 0.002445 -9999 -9999 -9999 2.2e-005 0.00316 0.000119 0 0 0 1.5e-005 0.006339 0.008507 0.000805 0.001403 0.006938 0.001288 0.000201 9.4e-005 8.3e-005 0.000535 0.000112 4e-005 0.000965 0.00037 2e-006 0 0 0.001085 0.010121 0.004632 0.002769 0.009563 0.008406 0.007442 0.000888 0.004422 0.000881 0.000544 0.005528 0.004115 0.005661 0.00149 0.000776 0 0.001465 0 0.000218 0.001922 5e-005 0 0
-9999 -9999 -9999 -9999 -9999 -9999 -9999 -9999 -9999 -9999 -9999 -9999 -9999 -9999 -9999 -9999 -9999 -9999 -9999 -9999 -9999 -9999 -9999 -9999 -9999 -9999 -9999 -9999 -9999 -9999 -9999 -9999 0 0.001769 0.005593 0.000205 0 0 0 0.001183 0.004776 0.006882 0.002837 2.2e-005 0.002286 0.001471 0.000501 0.002171 0.000395 0.000615 0.001891 0.00031 0 0 0.000232 0 0 7.7e-005 0.005757 0.007699 0.001291 0.000945 0.009722 0.012291 0.010813 0.011133 0.001153 0.003318 0.002138 0.001559 0 0.000522 0 3.5e-005 0.000565 0.000353 0.001908 0.001046 2.5e-005 0.002733 0.00398
-9999 -9999 -9999 -9999 -9999 -9999 -9999 -9999 -9999 -9999 -9999 -9999 -9999 -9999 -9999 -9999 -9999 -9999 -9999 -9999 -9999 -9999 -9999 -9999 -9999 -9999 -9999 -9999 -9999 -9999 -9999 0 0 0.000372 0.000252 0.000682 0 0 0 0.001415 0.001168 0.000635 0.000183 0 0.000126 0.000174 0.001996 0.000156 0 2e-006 0.001422 3.3e-005 0.002239 0.000921 0.001412 0.001629 0.00011 0 0 0.000212 0.000671 0.003532 0.001248 0.000309 0 0.001485 0.000579 0.002433 0.005992 0.001884 0.000706 0.000431 0.000635 9.2e-005 0 0.001761 0.002069 0.000297 0.003196 0.012152 0.004292
-9999 -9999 -9999 -9999 -9999 -9999 -9999 -9999 -9999 -9999 -9999 -9999 -9999 -9999 -9999 -9999 -9999 -9999 -9999 -9999 -9999 -9999 -9999 -9999 -9999 -9999 -9999 -9999 -9999 -9999 0 0 0.000908 0.001375 0 0.000303 5.2e-005 0 0 0.000205 0.000145 0 0.001716 0.001088 0 0.002071 0.005616 0.000807 0 0 0.001725 0.002383 0.003024 0.000588 0.001719 0 0.000309 0.00153 0.000126 0 0.000715 0.001983 0.000259 0 0.000204 3.1e-005 0.001053 0.002037 0.000738 0.000148 0.000139 0.000333 0.00016 0.001737 0.000126 0.000202 0 9.7e-005 0.003002 0.009722 0.000834
-9999 -9999 -9999 -9999 -9999 -9999 -9999 -9999 -9999 -9999 -9999 -9999 -9999 -9999 -9999 -9999 -9999 -9999 -9999 -9999 -9999 -9999 -9999 -9999 -9999 -9999 -9999 -9999 -9999 0 0 1.3e-005 3.6e-005 0 0 0 0 0 0 0 0 0 0.004313 0.007643 0.000499 0.00089 0.003392 0.000344 0 3.4e-005 0.000843 0.000966 0.001274 0.000309 0.000881 0 0.000111 0.002195 3e-006 0 0.000135 0.002097 0.000546 0 0.00069 0.00526 0.006844 0.003421 0.000408 0.000613 0.000523 0 0 0.000118 2.2e-005 0.000109 0 0.001441 0.003112 0.005067 0.000345
-9999 -9999 -9999 -9999 -9999 -9999 -9999 -9999 -9999 -9999 -9999 -9999 -9999 -9999 -9999 -9999 -9999 -9999 -9999 -9999 -9999 -9999 -9999 -9999 -9999 -9999 -9999 -9999 0 0 0 0 0 0 4.1e-005 3e-006 0 0 0 0 0.000141 0 4.6e-005 0.000884 0.000756 0.000164 0 0 0 0.003391 0.006405 0.002053 0 0 0 0 0 0 0 0 0 0 0 0 0 0.00123 0.008467 0.004557 0.000616 0 0 0 0 0 0 0 0 0.000185 0.001439 0.003039 9e-005
