EnvRasters/BAU_High/potatoes.asc
ncols         270
nrows         223
xllcorner     24099.479091542
yllcorner     21023.840179216
cellsize      1003.8986847201
NODATA_value  -9999
[rows 72 to 107 of 223, columns 162 to 242 of 270]
0.000181 0 0.001067 0.004317 3.5e-005 0 0.000513 2.4e-005 0.000666 0.000494 0.000478 0.000618 0.000546 0.000113 0 0.000315 0.000594 0.00073 0.000238 0.000199 0.000283 0.000444 0.000529 0 1.3e-005 1.7e-005 0.000404 0.000669 5.2e-005 0.000216 0.000848 2.8e-005 0.000713 0.000611 9.8e-005 0 0.000477 0.00059 0.000687 0.000896 0.000612 0.003724 0.000514 0.00034 4.7e-005 5.1e-005 0.000188 0.001027 0.000451 0.001084 0.000768 0.000538 0.000805 -9999 -9999 -9999 -9999 -9999 -9999 -9999 -9999 -9999 -9999 -9999 -9999 -9999 -9999 -9999 -9999 -9999 -9999 -9999 -9999 -9999 -9999 -9999 -9999 -9999 -9999 -9999 -9999
0 0 0.000767 0.000656 0.002427 0.000259 0.000337 0.001979 0.001371 0 0.000405 0.000153 0 0 0 4.9e-005 0.000709 0.000596 1.1e-005 0 0 8e-005 9.3e-005 0.000118 0.000269 2.3e-005 0.000113 4.8e-005 0.001191 0.000769 0 2e-006 0.000342 9.5e-005 0 0 0.000288 0.000812 0.00201 0.001215 5.3e-005 0 5.2e-005 0 0.000151 0.000223 0.000113 5.3e-005 0.000233 0.000141 0.000248 0.000539 0.001326 -9999 -9999 -9999 -9999 -9999 -9999 -9999 -9999 -9999 -9999 -9999 -9999 -9999 -9999 -9999 -9999 -9999 -9999 -9999 -9999 -9999 -9999 -9999 -9999 -9999 -9999 -9999 -9999
0.000328 0.000698 0.001896 6e-005 0.001122 0.001104 0.000252 0.000557 0.000258 4e-005 0.000916 0.000495 0 0.000355 0.000366 0.000285 0.000463 7.1e-005 0 0.000346 0.000184 0.000889 0.000935 0.00026 8.6e-005 7.9e-005 0.000279 0.000119 0.000215 5.9e-005 0.000195 0.000146 0.000552 0 0 0.000289 0.000515 6.7e-005 0.001494 0.00213 0.001164 9.5e-005 0.00079 0 0.000234 0.000318 0 0.000603 0.000112 0.001917 0.001744 0.000714 0.00256 0 -9999 -9999 -9999 -9999 -9999 -9999 -9999 -9999 -9999 -9999 -9999 -9999 -9999 -9999 -9999 -9999 -9999 -9999 -9999 -9999 -9999 -9999 -9999 -9999 -9999 -9999 -9999
0.000102 0.001034 0.000513 2.8e-005 0.001812 0.00055 0.000161 0.001236 0.000165 3.4e-005 0 2e-006 0 0 1.3e-005 0.000515 0.000929 0.0009 0.001478 0.0005 0.001144 0.002774 0.000321 0.000807 0.000364 0.000271 0.001189 0.001341 0.000102 0.000245 0 0.000487 0.000164 5.4e-005 0 0.001513 0.000105 0 0.000916 0.002607 0.001664 0.000211 0.001862 0.00012 0.001231 0.000588 0.000529 0.000626 0.000506 0.00446 0.001316 0.000862 0.000721 0 -9999 -9999 -9999 -9999 -9999 -9999 -9999 -9999 -9999 -9999 -9999 -9999 -9999 -9999 -9999 -9999 -9999 -9999 -9999 -9999 -9999 -9999 -9999 -9999 -9999 -9999 -9999
0 0.006398 0.000663 0 0 0.000398 0.000468 0.000579 8.3e-005 0 0 0.000509 0.000311 3.9e-005 0.000153 0.000227 0.000387 0 0.000127 0.000441 0 0.000605 0.00013 0.000632 0.000298 0.00087 0.00137 0.000202 0.000352 0.000731 0 9.8e-005 1.7e-005 0 0.000166 0.000255 0.000163 0.000741 0.00083 0.000581 0 0 0 0 0.000132 0.000738 0.000669 0.000658 0.000131 0.000994 3.9e-005 0.000196 0.001475 0.002287 0 0 -9999 -9999 -9999 -9999 -9999 -9999 -9999 -9999 -9999 -9999 -9999 -9999 -9999 -9999 -9999 -9999 -9999 -9999 -9999 -9999 -9999 -9999 -9999 -9999 -9999
0.000535 0.036144 0.000869 0 0.000243 0.000873 0.000102 0 0.000126 0.000221 0.018397 0.000607 0.000356 0.000195 0.000231 0.000259 0.000491 4.7e-005 3e-006 0.000269 0 0 0.000326 0.001387 0.001471 0.000342 0.000606 0.000114 6.2e-005 8.4e-005 0 5.3e-005 0 0.000465 0.00015 0 0.000203 0.000525 0.000288 0.000651 0.0003 0.000903 0.000185 0 0.000226 0.001678 0.000349 0.001089 0.00063 0.001265 0.001357 0.000878 3.5e-005 0.001437 0.001652 0.000462 0 -9999 -9999 -9999 -9999 -9999 -9999 -9999 -9999 -9999 -9999 -9999 -9999 -9999 -9999 -9999 -9999 -9999 -9999 -9999 -9999 -9999 -9999 -9999 -9999
1.8e-005 0.00014 0 0 0 0.002087 0.00452 0 0 0 0.000434 0.000146 0.000357 0.000269 0.00025 0.00107 0.000257 0.000365 0.000165 0.000688 0.000219 0 0.000806 0.002133 0.000572 0.000653 0.000366 0.000723 0.000942 0 0 0 0.000503 0.0002 8.6e-005 0.000404 0.0009 0.002182 0.00094 0.002425 0.00113 0.002552 0.002138 5.5e-005 0.001389 0.000709 0.001371 0.000215 0.000637 0.001395 0.001122 6.9e-005 0.00036 0.000736 0.001421 0.00133 0 -9999 -9999 -9999 -9999 -9999 -9999 -9999 -9999 -9999 -9999 -9999 -9999 -9999 -9999 -9999 -9999 -9999 -9999 -9999 -9999 -9999 -9999 -9999 -9999
0.000736 0.000954 0.000463 0.001049 0.000432 0.00119 0.002996 0.000383 0.000233 0.000169 0.00019 0.001619 0.000441 0 0.000108 0.000219 0.000283 0 0.000583 0.000278 0.000134 0.00118 0.004854 0.000498 8e-005 0.0001 0.00056 0.000232 0.001136 0.001076 0.000583 0 0.000146 0.001632 0.000682 0.001689 0.000198 0 0.001146 0.001676 0.000452 0.001475 0.001625 0.001773 0.001804 0.002257 0.000202 0.000136 0.000357 0.001909 0.001479 0.000875 4.8e-005 6e-006 0.000647 0.001072 2.7e-005 -9999 -9999 -9999 -9999 -9999 -9999 -9999 -9999 -9999 -9999 -9999 -9999 -9999 -9999 -9999 -9999 -9999 -9999 -9999 -9999 -9999 -9999 -9999 -9999
9.5e-005 0.000657 0.000244 0.000108 0.000333 0.000301 0.000175 0.000884 0.001369 8.8e-005 0.000999 0.001297 0 4.4e-005 0.000412 0.000197 0.000142 0 0 4.5e-005 0.000364 0.001225 0.004436 0.000262 0.000485 0.000684 0.000601 0 0.000143 0.000111 0.000228 0 2.1e-005 3e-006 0.000442 9e-005 0.000436 0.000575 6.8e-005 1e-006 0 0.000147 0.000587 0.002001 0 0.001256 0.001163 0.00088 1.9e-005 0.000506 0.00025 0.00026 0.000664 2.2e-005 0.000509 0.001074 0.000267 0 -9999 -9999 -9999 0 0 -9999 -9999 -9999 -9999 -9999 -9999 -9999 -9999 -9999 -9999 -9999 -9999 -9999 -9999 -9999 -9999 -9999 -9999
0.000542 0.000629 0.008106 0.000403 0.000591 5e-006 5.7e-005 2.9e-005 0.000385 0.000142 0.000112 0 0.000484 0.000847 0.000154 0.001662 0.000494 0.000348 0.000298 0.001203 0.000655 0.001449 0.000376 0.00062 0.000516 0.001156 0.000375 0 0.000786 0 0 0.000385 9e-005 0 0 0 0.000177 0.00133 0.000639 0 0 5.4e-005 0.000246 0 0.00016 0.000532 0.000961 0.000403 0 6.9e-005 0.002282 0.009115 0.000653 0.000596 0.000319 0.003051 0.003759 -9999 -9999 -9999 0 0 0 0 -9999 -9999 -9999 -9999 -9999 0 0 -9999 -9999 -9999 -9999 -9999 -9999 -9999 -9999 -9999 -9999
6.6e-005 0.000802 0.068043 0.036183 0.00556 0.001283 0.001244 0.000761 0.00033 0.000263 0.001045 0.000243 0.000497 0.00047 0.000834 0.000826 0 0.000489 0.000526 0.000493 0.000469 0.001697 0.000466 0.000612 0.000726 0.002228 0.000976 0.00072 0.000283 0.00124 0.000698 0.000918 0.000261 0 0.0004 0.000114 0.000213 0.000306 0.000634 0.000741 0.001104 0 0.000483 0.000295 0.000215 0.00061 0.000436 0.002563 0.000472 1.6e-005 0.000407 0.000266 3e-006 0.000985 0.000473 0 0.002822 -9999 0 1.5e-005 0.002344 0.00078 0.000142 0 0 -9999 0 0 0 0 0 -9999 -9999 -9999 0 0 0 -9999 -9999 -9999 -9999
0 0.001453 0.007105 0.002248 0.001999 0.003273 0.00188 0.002829 0.000423 0.000506 0.001179 0.000592 0.000658 0.00105 0.000983 0.000922 3.2e-005 0.001969 0.000913 0.000106 0.003465 0.000115 0.000104 0.000302 0.001643 0.001536 0.001318 0.003686 0.000545 0.000462 0.000836 0.00171 0 0.000791 0.001069 0.000615 0.000245 0.000142 0.000258 1.9e-005 0.00039 0 0.000198 0.000319 0.000643 0.000658 0.00309 0.002997 0.002609 0.001971 0.000167 0.000822 0.000317 0.000316 0.000105 0.000168 0 0.000248 1.2e-005 0 0.000486 0.000364 0.000739 0.00018 0 0 2.8e-005 0.000509 0.001848 0 0 0 0 0 0 0 0 0 0 0 0
0.007662 0.004104 0.010162 0.021332 0.011491 0.002062 0.008055 0.000732 0.008517 0.000752 0.000446 0.00193 0.000643 0 0.000363 0.00093 0.001023 0.000823 0.000938 0.000688 0.001713 0.000665 0.000195 0.000123 0.001034 0.001945 9.9e-005 0.000295 6.3e-005 0.000334 2.5e-005 0 0 0.000302 0.000494 0.000161 0.000151 0.000144 0.001052 0.000256 0 0.000164 0.000482 0.000321 8.5e-005 0.000182 0.00064 0.000397 0 0 0 9.6e-005 0 0 0.000295 1.7e-005 0 0.000154 0 0 0 7.1e-005 8.7e-005 0 0 0.001372 0.000594 0.000735 0.000604 0 0 0 0 0 0 0.00018 0 0 0 0 0
0.001162 0.021336 0.001187 0.001935 0.000543 0.003856 0.006756 0.008163 0.030387 0.000604 0.00237 0.000965 0.003226 0.002701 2.3e-005 0.000633 0.002818 0.001511 0.000327 0.001094 0.001373 0.000394 0.000184 0 0.000166 0.000419 0 0.000108 0.000133 0.000293 0 3.8e-005 0.00039 0.000872 0 5.3e-005 0.000105 0.000354 0.000472 7.1e-005 0.000255 4.6e-005 0.002022 0.000961 0 0 0 0 0 0 0.000162 7e-006 0.000517 0.000153 0.000338 8.6e-005 0 0 0.0002 0.000138 0.00038 0 0 3.1e-005 0.002001 0.004581 0.000478 0.0002 0.000175 5.2e-005 4.8e-005 0 0 0 0 0 0 0 0 0 0
0.005045 0.017518 0.00111 0.003228 0.000922 0.001194 0.001101 0.002085 0.003432 0.005005 0.000231 0.001174 0.001361 0.001259 0.000227 4.5e-005 0.000545 2.9e-005 5e-005 0.000693 0.000493 0.000275 0.001122 0.001033 0.00043 0.002792 7.5e-005 0.000195 0.000232 9e-006 0.000571 0.000285 0.001304 0.001276 0.001192 0.001268 9e-005 0.000245 0.000209 0 0.00121 0.000787 0.000552 0.001448 0 0 0 0 0 7e-005 0.000978 0.001376 0.000242 0.001412 0.0001 0.000145 0 0.000914 0.000204 0 0.000175 0 0 0 0.000661 0.003588 0.00058 0 4e-006 0.000679 0 0 0 0 0 0 0 0.000145 0 0 0
0.002747 0.002838 0.004983 0.000994 0.001128 0.002486 0.002777 0.002308 0.001831 0.000211 0.003234 0.002544 0.002332 0.000799 0.000763 0.0018 0.000684 0.000379 0.000812 0.003371 0.000368 0.000573 0.001521 0.000522 0.001133 0.000186 1.7e-005 0.00153 0.000371 1.4e-005 0.000963 0.002022 0.000482 0.005045 0.001585 0.002074 0.000738 0.002546 0.00113 0.001223 0.00195 0.001427 0.003535 0.005001 0.001435 0 0.000429 0.004579 0.00063 0.00587 0.003429 0.002009 0.000107 0.00138 0.000192 0 0 0.001211 0.000529 0.000325 0.00049 0.000289 0 0 0 0.001986 0 0 0.000772 0.000638 0 0 0 0 0 0 0 0 0 0 0
0.003463 0.019539 0.000386 0.001 0.001159 0.003835 0.00761 0.004442 0.001371 0.003012 0.001457 9.9e-005 0.000211 7.7e-005 9e-005 0.001009 0.001642 0.000124 0.001445 0.001433 0.000382 0.003575 0.004559 0.001991 0.000648 0.000854 0.000665 0.001125 0.002475 0.000975 0.00127 0.001131 0.000296 0.002783 0.001417 0.003629 0.004649 0.006648 0.021223 0.005708 0.004225 0.003965 0.008742 0.004084 0.00081 0.001491 0.001165 0.004195 0.005753 0.003262 0.003664 0.000636 0 9.8e-005 0 0 0.000675 0.00421 0.001451 0.001539 0.000508 0 0 0 0 0 0 0.000164 2e-006 0.000154 0 0 0 0 0 0 0 0 0 0 0
0.001619 0.000661 3.8e-005 0.001651 0.00703 0.022901 0.001421 0.003538 0.002017 0.003582 0.001124 0.000485 0.000315 0.000784 0.000796 0.001207 0.000827 0.000142 0.002491 0.000628 0.000901 0.003366 0.006824 0.005275 0.003205 0.000694 0.003926 0.006427 0.001755 0.001595 0.000198 0 5e-006 0.003882 0.001052 0.001917 0.002461 0.005858 0.011096 0.015952 0.002102 0.009383 0.005404 0.002017 0.001897 0.003968 0.002199 0.002642 0.003265 0.00184 0.007312 0 0 0 0 0 0.000401 0.002452 0.000385 0.002915 0 0 0 0 0.00019 0.000406 0.000499 0.000292 0 0 0 0 0 0 0 0 0 0 0 0 0
0.003829 0.001502 0.000642 0.00399 0.001761 0.002525 0.002895 0.003332 0.00615 0.020135 8e-006 0 0.000299 0.001872 0.002366 8.6e-005 0.00269 0.001446 0.000128 3.9e-005 0.007165 0.004767 0.005605 0.001361 0.00191 0.000278 0.001219 0.007159 0.003984 0.011218 0.024428 0.003109 0.002011 0.00215 0 0.001641 0.003584 0.002272 0.001388 0.009155 0.028116 0.005472 0.020939 0.029711 0.000733 0.004212 0.004349 0.00533 0.003196 0.008487 0.007674 4.3e-005 0 0 0 0 9.4e-005 7e-006 7.4e-005 0 0 0 0 0 2.8e-005 0.000262 0.000114 0.002288 0 0 0 0 0 0 0 0 0.000546 0.000368 0.000191 0 0
0.002132 0.001804 0.003432 2e-005 0.000686 0.00111 0.001916 0.001424 0.001264 0.00218 0.000916 6e-006 0.000438 0.005374 0.002646 0.000276 0.000323 0.002866 0.000596 0.001661 0.001391 0.007284 0.000339 0.000505 0.001454 0 0.009695 0.005966 0.004824 0.006789 0.001632 0.004745 0.015827 0.001548 0.002705 0.000497 0.003685 0.021042 0.001937 0.004599 0.009278 0.002196 0.00777 0.006488 0.003592 0.009371 0.003376 0.006029 0.006538 0.007987 0.000636 0.000887 0 0 0 0 0 0 0 0 0 0 0 0 0 0 0 0 9e-006 0.000379 0 0 0 0 9.2e-005 0 0 5.5e-005 0 0 0
0.001679 0.000168 0.00074 0.001703 0.002049 0.001025 0.001194 0.003259 0.003322 0.000104 0.000372 0.00158 0.001154 0.000215 0.011229 0.001552 0.00256 0.005642 0.000651 0.003042 0.001912 0.002594 0.000759 0.000447 0.0002 0.001424 0.021455 0.004527 0.005527 0.026435 0.012618 0.006695 0.023503 0.00387 0.008196 0.005326 0.003334 0.037465 0.008903 0.004842 0.004368 0.004442 0.006225 0.002354 0.004427 0.007389 0.000453 0.005344 0.003992 0.006196 0.000721 2.6e-005 0 0 0 0 0 0 0 0 0 0 0 0 0 0 0 0 0 0 0 0 0 0.000162 0.001252 0 0 0 0 0 0
0.000321 0.001486 0.000812 0.00271 0.002262 0.000689 0.000683 0.005565 0.024032 0.002627 0.0023 0.000469 5.3e-005 5.4e-005 0.004602 0.002305 0.003811 0.000202 0.001514 0.00551 0.005257 0.001918 0.001974 0.00181 0.000682 2.7e-005 0.003372 0.001684 0.001161 0.001264 0.001719 0.008242 0.017812 0.004025 0.010269 0.001089 0.00666 0.004482 0.002334 0.005597 0.004868 0.005581 0.001488 0.001839 0 0.0001 0.000952 0.002015 0.000132 0.000396 0 0 0 0 0 0 0 0.000403 0.000166 0 0 0 0 0 0 0 0 0 0 0 0 0 0 0 0 0 0 0 0.000364 0 0
0.001902 0.002491 0.003794 0.008318 0.022089 0 0.001581 0.001014 0.003983 0.003346 0.001628 0.001156 0.001356 0.001726 0.005473 0.002163 0.006228 0.00026 0.002037 0.0011 0.000619 0.004643 0.001197 0.000361 0.000273 0.000841 0.000798 0.002387 0.000453 0.000853 0.001792 0.017275 0.001198 0.009742 0.005257 0.002537 0.004021 0.002708 0.005182 0.0059 0.001924 0.002273 0.000388 0.000992 0.00025 0 0.007272 4.6e-005 8.3e-005 0.001837 0 0 0 0 0.000569 0.00013 0 0 0 0 0 0 0 0 0 0 0 0 0 0 0 0 0 0 0 0 0 0 0 0 0
0.005114 0.001831 0.001749 0.002964 0.032913 0.00926 0.002035 0.001793 0.020361 0.032154 0.024736 0.00787 0.002988 0.002294 0.00499 0.001261 0.001945 0.004461 0.021097 0.006667 0.000401 0.002018 0.000455 0.001487 0.001204 0.001757 0 0.001121 0.006377 0.000824 0.000478 0.008606 0.002915 0.006949 0.001221 0.004889 0.006748 0.00397 0.004062 0.002974 0.001032 0.000634 0.000814 0.00022 0.000547 0 1e-005 0 5.6e-005 0 0 0 0 0 0.000925 0.001576 0 0 0 0 0 0 0 0 0 0 0 0 0 0 0 0.000272 0.000297 0 0 0 0 0 0 0 0
0.001041 0.000796 0.000524 0.004187 0.02195 0.00117 0.019931 0.000394 0.004274 0.003586 0.004292 0.00341 0.031309 0.0111 0.007782 0.004163 0.000117 0.00209 0.02667 0.003171 0.000922 0.002392 0.004837 0.003283 0.006571 0.012051 0.000677 0.000283 0.000697 8.7e-005 0.002927 0.018638 0.002466 0.000451 0.000452 0.000693 0.002439 0.001161 0.003721 0.000113 0.004747 0.002424 0.008379 0.000591 9e-006 0 0 0 0 0 0 0 3e-006 1.1e-005 0 0 0 0.000101 0.000546 0 0 0 0 0 0 0 0 0 0 0 0 0.000468 0.00023 0 0 0 0 0 0 5.1e-005 0
0.001245 0.003711 0.001105 0.002652 0.001272 0.000135 0.004902 0.002404 0.000357 0.002984 0.011543 0.000105 0.003268 0.002449 0.001671 3.2e-005 0 0.000198 0.002786 0.000443 0.005718 0.022046 0.00013 0.003889 0.003138 0.003034 0.00048 0.007078 0.000334 0.005118 0.002948 0.000677 0.001364 4.5e-005 0 0 0 0.000232 1.4e-005 0.000532 0.007384 0.001706 0.002961 5e-006 0 9.3e-005 3e-006 0 0 0 0 0 0 0 0 0 0 0 0 0 0 0 0 0 0 0 0 0 0 0 0 0 0 0 0 0 0 0 0 6.7e-005 0
0.005254 0.010983 0.00072 0.016494 0.000817 0.000288 0.00433 0.004789 0.004416 0.00384 0.003597 0.000209 0.000543 0.000537 0 0 0.001433 0.001919 0.00518 0.005249 0.001641 0.000896 0.001056 0.000504 0.001297 0.002807 0.001468 0.000547 0 0.002982 0.005623 0.003777 0 0 0 5.3e-005 0.000485 0 5.3e-005 0.000429 0.002492 0 0 0 1.4e-005 0 0 0 0 0 0 0 0 0.000302 0 0.000229 0 0 0 0.000683 0 0 0 0 0 0 0 0 0 0 0 0 0 0 0 0 0 0 0 0 0
0.006675 0.00758 0.002257 0 0 0.002249 0.019855 0.003137 0.010737 0.00272 0.001998 0.000646 0.001042 0.017291 0.010201 0.001386 0.000133 3.3e-005 0.000441 0.005819 0.00198 0.000404 0.000596 0.000229 0 0.001048 0.003014 0.005736 0.000288 0.001131 0.000296 0.001956 0.000515 0.000127 0.002484 0.001712 0 0.006289 0.00178 0 0 0 0 0 0 0 0 0 0 0 0 0 0 0.000483 0.000298 0 1.8e-005 0.000174 0 0 0 0 0 0 0 0 0 0 0 0 0 0 0 0 0 0 0 0 0 0 0
0.009581 0.017727 0.002487 0.000793 0.003116 0.012676 0.005423 0.001096 7e-006 0.00168 0.000658 0.0011 0.002357 0.025154 0.022268 0.00108 0.010022 0 0.000103 0.000784 0.001407 0.000274 0.00558 0.00237 0.000473 0.000742 0.006128 0.009921 0.002945 0.00189 0.002255 0.001758 0.002935 0.000922 0.000269 0.000627 0.000173 0.001726 0.003919 0 0 2e-006 0 0 0 0 0 0 0 0 0 0 0 0 0 0.000396 4e-005 0 0 0 0 0 0 0 0 0 0 0 0 0 0 0 0 0 0 0 0 0 0 0 0
0.002155 0.002567 0.001554 0.002915 0.003586 0.002646 0.00117 0.000197 0.001749 0.001156 0.001294 0.004026 0.005659 0.008802 0.001984 0.00076 0.001029 0.001677 0.000285 0.000168 0.000396 0.001139 0.00393 0.002501 0.000701 0.000612 0.001637 0.003266 0.00894 0.006138 0.000929 0.000337 0.002332 0.001284 0.000916 0.001888 0 0.000349 0.000383 0.000369 0.000126 5.1e-005 0 0 0 0 0 0 0 5.9e-005 0 0 0 0 0 0 0 0 0 0 0 0 0 0 0 0 0 0 0 0 0 0 0 0 0 0 0 0 0 0 0
0.00671 0.006006 0.004674 0.008264 0.001267 0.00136 0.001102 0.000664 0.013961 0.004366 0.007491 0.003738 0.001432 0.002053 9e-006 0.000218 0.000203 0.00188 0.001263 0.000364 7.6e-005 0.003018 0.004622 0.001242 0.001532 0.001867 0 0 0.001089 0.007005 0.004312 0.00055 0.002924 0.000696 2.2e-005 0 0 0 0 5.7e-005 6.3e-005 6.4e-005 0 0 0 0 0 0 0.000415 0.000186 0.000141 0 0 0 0 0 0 0 0 0 0 0 0 0 0 0 0 0 0 0 0 0 0 0 0 0 0 0 0 0 0
0.006452 0.011259 0.003261 0.002566 0.002098 0.002138 0.003425 0.000455 0.007666 0.002124 0.001852 0.00172 0.001404 0.001952 0.002687 0.000498 0.000441 0.001581 0.002389 0.001113 0.001565 0.00321 0.000983 0.000182 0.000131 0.000203 0.000107 0.002114 0.000558 0.001482 0.000371 0.004075 0.001995 0.000393 7.7e-005 0 0 0 0.001547 0.002247 0.002653 0.000462 0 0 0 0 0 0 0 5.1e-005 0 0 0 0 0 0 0 0 0 0 0 0 0 0 0 0 0 0 0 0 0 0 0 0 0 0 0 0 0 0 0
0.00174 0.009012 0.010575 0.001291 0.002989 0.001442 0.001199 0 0.002345 0.000909 0.001518 0.007787 0.019831 0.013706 0.005212 0.003712 0.002143 0.000598 0.003051 0.000831 0.001741 0.010606 0.007736 0.00318 0.000636 0.000232 6.4e-005 0.000307 0.001767 0.001638 0.00015 0.00073 8e-005 0 2.5e-005 0 9.1e-005 0.000188 0.004193 0.007894 0.003405 0 0 0 0 0 0 0 0.00173 0.007377 0 0 0 0 1.4e-005 0 0 0 0 0 0 0 0 0 0 0 0 0 0 0 0 0 0 0 0 0 0 0 0 0 0
0.001953 0.004421 0.006225 0.004178 0.004662 0.002031 0.004848 0.001429 0.000386 0.00331 0.004466 0.006192 0.002453 0.000294 0.001985 0.000467 0.004257 0.002002 0.005417 0.007124 0.000762 0.001898 0.000878 0.006075 0.004293 0.000963 0.000279 0.001233 6.7e-005 0 0 0.000122 0.000351 0 0 0 0.000153 0.000919 0.006522 0.007087 0.001249 0 0 0.000429 0 0 0 0 0 0 0 0 0 0 0.000107 0 0 0 0 0 0 0 0 0 0 0 0 0 0 0 0 0 0 0 0 0 0 0 0 0 0
0.004846 0.004772 0.007001 0.004222 0.008682 0.000908 0.003301 0.002968 0.000786 0.003271 0.003852 0.001805 0.000566 0.002789 0.001039 3.3e-005 0.004284 0.001923 0.00438 0.00426 0.001532 0.000792 0.000819 0.002892 0.00152 0.001266 0.001099 0.000777 0 0 0 1.5e-005 0 0 0 0 0 0.000813 0.001582 0.004325 0.000274 0.000314 7.4e-005 0.003067 0.000525 0 0 0 0 0 0 0 0 0 0 0 0 0 0 0 0 0 0 0 0 0 0 0 0 0 0 0 0 0 0 0 0 0 0 0 0
0.003677 0.008247 0.008459 0.011765 0.000586 0.002223 0.003319 2.2e-005 0 0.002735 0.007368 0.002676 0.005729 0.000942 0.001034 0.000786 0.004472 0.003323 0.000224 0.000282 3.7e-005 9.1e-005 0.001228 0.000647 0.000427 0.000465 3.3e-005 0 0.000202 0 0 4e-006 0 0 0.000401 0.001312 0.003994 0.000476 0.000146 0.002502 0.001521 0.000607 0.003215 0.001035 0.000122 0 0 0 1e-006 7.7e-005 0 0 0 0.000972 0.000208 0 0 0 0 0 0 0 0 0 0 0 0 0 0 0 0 0 0 0 0 0 0 0 0 0 0
