EnvRasters/BAU_High/rapeseed.asc
ncols         270
nrows         223
xllcorner     24099.479091542
yllcorner     21023.840179216
cellsize      1003.8986847201
NODATA_value  -9999
[rows 34 to 67 of 223, columns 0 to 76 of 270]
-9999 -9999 -9999 -9999 -9999 -9999 -9999 -9999 -9999 -9999 -9999 -9999 -9999 -9999 -9999 -9999 0 5e-006 0.000822 0.039734 0.106275 0.001301 0 0 0.000202 0.031394 0.003602 0.008179 0.013549 0.01033 0.007687 0.002619 0.008461 0.005881 0 0.000188 0.000127 0.003988 0.037617 0.09434 0.034162 0.017689 0.001163 0 0 0 0 0 0.006388 0.030167 0.021764 0.018562 0.010724 0.030205 0.00259 0.001246 0 0.004342 0.005624 0 0.001606 0.009693 0.005313 0.000379 0.00375 0.001502 0.0108 0 0.000426 0.011751 0.004876 0.019465 0.017858 0.010789 0.011104 0.01011 0.004671
-9999 -9999 -9999 -9999 -9999 -9999 -9999 -9999 -9999 -9999 -9999 -9999 -9999 -9999 -9999 0 0.00096 0.002335 0.0013 0.061202 0.061326 0.007477 0.008377 0.006274 0.001955 0.012259 0.005785 0.006223 0.00341 0.000636 0.003762 0.000961 0 0.000216 0.000627 0.002018 0 0.000739 0.014716 0.007207 0 9.7e-005 0 0 0 0 0 0 0.011087 0.024515 0.028839 0.032219 0.00287 0.000363 0 0 0 0.000906 0.020568 9.3e-005 0.001414 0.001363 0.017996 0.009699 0.019392 0.005807 0.029505 0.009248 0.000269 0.002929 0.003133 0.001398 0.009202 0.010681 0.011812 0.011816 0.048901
-9999 -9999 -9999 -9999 -9999 -9999 -9999 -9999 -9999 -9999 -9999 -9999 -9999 0 0 0.000414 0 8.3e-005 0.000222 0.019582 0.021944 0.008009 0.014466 0.011853 0.00319 0.00562 0.030346 0.019189 0.034829 0.034429 0.007902 0.030837 0.0139 0 0.031775 0.038457 0.04233 0.008195 0.031766 0.005742 4.5e-005 0 0 3.6e-005 0.000178 0.000144 0.000103 0 0.002683 0.002855 0.001019 0.002919 0.015552 0.003473 0 0.000608 8e-006 0.01343 0.005234 5.7e-005 0.00369 0.004097 0.000845 0.002342 0.003779 0.000298 0.000902 0.006028 0.000746 0.000196 2.6e-005 0.003197 0.004174 0.000351 0.001098 0.000833 0.024989
-9999 -9999 -9999 -9999 -9999 -9999 -9999 -9999 -9999 -9999 -9999 0 0 0 0.011166 4e-006 0 0 0.000157 0.020367 0.073641 0.035366 0.031322 0.051988 0.045594 0.01452 0.03276 0.01368 0.017425 0.021437 0.007809 0.027437 0.029618 0.023859 0.037434 0.024402 0.050749 0.038394 0.013318 0.040397 0.001221 0.002224 0.001457 0 1.3e-005 0.003067 0.007462 0.000114 0.00018 0.001618 0 0 0.010781 8.5e-005 0 0.000736 1.1e-005 0 3e-006 0.014138 0.005104 0.001807 0 5.3e-005 0.003884 0.002319 0.001576 6.8e-005 0.002843 0.00378 0.00232 0.007613 0.000351 0.000587 0 0 0.000247
-9999 -9999 -9999 -9999 -9999 -9999 -9999 -9999 -9999 0 0 0.001762 0.020962 0 0.00224 0.004501 0 0 0.00038 0.013959 0.043862 0.009554 0.000567 0.003186 0.03694 0.019149 0.028292 0.003431 0.000914 0.056897 0.008346 2.4e-005 0.002535 0.01029 0.006195 0.02024 0.003323 0.025129 0.011251 0.017705 0.042995 0.016381 0.003115 0 0 4.5e-005 0 0 0.000281 0.00227 0 4.5e-005 0.012078 0.005894 2.1e-005 0 0 0 0 0.00632 0.00738 0.010692 0 0 0.002141 1e-006 0.001714 0.007707 0.000889 0 0.008243 0.008161 0.000282 0.00807 0.003056 0 6e-005
-9999 -9999 -9999 -9999 -9999 -9999 -9999 -9999 0 0 0.000594 0.000509 0.018691 0.001122 0.005798 0.01102 0 0 0.001868 0.013157 0 0 0 0.001692 0.018129 0.041546 0.039027 0.050324 0.026606 0.01471 0.004328 0.002428 0 0.003827 0.006235 9.6e-005 0.000108 0.002691 0.001433 0.027228 0.014793 0.013519 0.004961 0.00401 0.007985 0.000105 0 0 0.000215 0.003678 0.004083 0.000594 0.014799 0.002678 0.005901 0.001649 0 0 0.000304 0.000196 0.001796 0.001172 0 0.000955 0.000424 0.000117 0.001245 0.006156 0.039139 0.010322 0.009385 0.000551 0.000218 0.003044 0.001496 0.00151 0.011015
-9999 -9999 -9999 -9999 -9999 0 0 0 0 0 0.014062 0.018247 0 0 0.004985 0.028765 0.003994 0.007206 0.000936 0.004588 0.000399 0.002512 0.000103 0.000352 0.022753 0.056195 0.052563 0.076226 0.011472 0.008485 0.019728 0.049861 0.000929 0.010157 0.00496 0.00014 0.009694 0.002622 0.001034 0 0.011098 0.027483 0.002074 0.001612 0.000218 0.000575 2.9e-005 0.000158 0 0.000295 0.000894 0 0 0.000177 0.010293 0.00942 0.000613 0.001716 0.004009 0.009774 0.001672 0.000275 0 0 6.9e-005 0.001102 0.001288 0.011029 0.117934 0.031884 0.005229 0.005661 0.021736 0.003718 0.003943 0.00834 0.080886
-9999 -9999 -9999 -9999 0 0 0 0 0 0.00042 0.007641 0.041951 0.005317 0.014011 0.016283 0.06814 0 0.000462 0 0.002911 0.085723 0.060027 0.007814 0.00142 0.04287 0.135855 0.18099 0.07757 0.024487 0.003599 0.04745 0.008508 0.012399 0.058224 0.073579 0.005607 0.046124 0 0.004874 0.000355 0.016553 0.000756 9.7e-005 0 8e-005 0.009783 0.012058 0.00062 0.000276 0.008776 0.003839 0.001753 0.000766 0.005385 0.018645 0.026987 0.009275 0.000417 0.003466 0.007538 0.005898 5.8e-005 0 0 8.8e-005 0.000956 0.002017 0.002356 0.01049 0.009458 0.013909 0.004243 0.016489 0.002611 0.002786 0.00038 0.005621
-9999 -9999 0 0 8.6e-005 0 0 0.000118 9.8e-005 0.017298 0.000503 0.000855 0.013137 0.213703 0.001357 0.000754 0 0 0 0.001484 0.053735 0.037376 0.029018 0.000567 0.002262 0.051355 0.070675 0.090453 0.017617 0.048494 0.00362 0.016405 0.032856 0.048986 0.045554 0.013917 8.8e-005 0 0.005312 0.000101 0.000384 0.008409 0.000395 7.8e-005 0.003998 0.018499 0.027348 0.000291 0.00733 0.005095 0.004354 0.000795 0.001301 0.002454 0.012493 0.003116 0.01637 0.002264 0.012543 0.021518 0.027685 0.001184 0 0.002108 0.002069 0 0 0.002591 0.004524 0.001402 0.028714 0.00286 0.02366 0.00994 0.00326 0.003698 0.000533
0 0 0 0 4e-006 0 0.000361 0.03389 0.02351 0.016736 0.000186 0 0 0.003364 0 0 0 0 0 0 0.001996 0.019744 0.001382 0.005636 0.01238 0.048251 0.234619 0.130949 0.044387 0.012921 0.006004 0.023779 0.012727 0.154364 0.003913 0.007135 0 0.008415 0.020135 0.013892 5.3e-005 0.007505 0.021896 0.001522 0.017433 0.000176 0.002257 0.007536 0.004867 0.000684 0 0 0 5.5e-005 0.002515 0.001367 0.02944 0.014422 0.009656 0.014009 0.000375 0.002026 5.6e-005 0.002847 0.000183 2.2e-005 0.013311 0.004893 0.00201 0.002471 0.002012 0.000735 0.047798 0.015423 0.017462 0.011787 0.001189
0 0 0 0 0.001237 0.0124 0.015638 0.060852 0.053425 0.00473 0 0 0 0 0 0 0 0 0 0 0.000184 0.003212 0.006545 0.024726 0.123754 0.057135 0.191681 0.18261 0.016821 0 0.001466 0.006493 0.039099 0.008572 0 0.005328 0.002631 0.002247 0.019339 0.028782 0.006634 0.002679 0.001045 0.002455 0.003628 0 0.004942 0.004501 0.002971 0 5e-006 0.002012 0.00231 0.011896 0.005773 0 0.010079 0.012537 0.003537 0.012719 0.000922 0 0.011469 0.01624 0.003872 0.006742 0.019842 0.002832 0.01953 0.010647 0.001715 0.002478 0.00152 0.004775 0.030143 0.012161 0.000193
0 0 0.024368 0.002148 0.003462 0.004925 7.3e-005 0.002193 0.002006 0.001103 0 0 0 0 0 0 0 0 0 0.000945 0.00155 0.001875 0.050862 0.016374 0.146524 0.065402 0.123866 0.023173 0.00062 0.025163 0.003799 0.000204 0.022911 0.003789 2.9e-005 0.002441 0.000824 0.002723 0.02739 0.0238 0.020521 0.004019 0.004211 0.003359 0.002227 0.006589 9.8e-005 0.000645 0.00875 0.001994 9.7e-005 0.026841 0.003892 0.000604 0.000812 0 0 0.008736 0.012358 0.000264 0.000568 0.002592 0.004711 0.001773 0.000912 0.002587 0.016053 0.01162 0.023156 0.002647 0.001529 0.000779 0.000486 0.002952 0.005794 0.004242 0.006913
0.001992 0.011209 0.133064 0.128067 0.051112 0.018739 0.003337 0.056531 0.021094 0.031928 0.008818 0.00367 0 0 0 0 0 0 0.018184 0.004138 0 0 0.01201 0.019502 0.067061 0.076546 0.058801 0.053475 0.000594 0.008631 0.001303 0.001266 0.047114 0.021697 0.001923 0.004304 0.006663 0.02001 0.000702 0.032165 0.032083 4.4e-005 7.3e-005 0.00303 0.001269 0.001344 0 0.000471 0.010924 0.003839 0.004998 0.002781 0.001056 0 0 0 0 0.00841 0.011103 0.003035 0.00449 0 0.008623 0.00074 0.00852 0.003938 0.003871 0.00017 8.4e-005 0.000755 0.013727 0.013847 0.001496 0.000217 0 0 5.9e-005
0.004538 0.000712 0.0107 0.02012 0.037065 0.019379 0.00016 0.004223 0.027217 0.049421 0.18348 0.047311 0.00048 0 0 0 0 0 0.000176 0.000196 0.002982 0.003654 0.063395 0.11421 0.037061 0.056072 0.024464 0.010796 0.005158 0.007661 0.003889 0.009281 0.049546 0.010675 0.002297 0.000258 0.004828 0.003368 0.001379 0.000701 0.007712 0.004431 0.028371 0.037194 0.010028 0 0.006994 0.00914 0.007021 0.014035 0.014884 0.008884 0.001694 0.000102 0.001935 0.000285 0.00206 0.01553 0.013483 0.014732 0.005722 0.00632 0.016615 0.000115 0.005798 0.001459 1.5e-005 9.6e-005 0.000269 0.001446 0.001058 0.004728 0.003042 0 4e-006 0.008903 0.001635
0.045155 0.122361 0.05298 0.000304 0.009399 0.01245 0.000887 0.003718 0.083998 0.036014 0.000528 0.001211 0 0 0 0 0 0 0 0.001738 0.000218 0.008697 0.037289 0.035052 0.018263 0.018642 0.048403 0.004124 0.037921 0.182065 0.107396 0.002025 0.009021 0 0.007794 0.003749 0 0.000723 0.007677 0.010886 0.002598 0.016519 0.014081 0.016567 0 0.014849 0.02758 0.013267 0.001067 0.049209 0.01385 0.010942 0.00128 0.000436 0.000883 3e-005 0.007296 0.010567 0.003482 0.001947 0.001689 0.000262 0 0 0 0 6.6e-005 0.000386 0.000711 0.011797 0.000365 0.00037 0 0.000825 0.004419 0.000632 0.000643
0.100316 0.005537 0 0 0.003456 0.050391 0.018497 0.034951 0.052975 0.00578 0.035768 0.048567 0 0.000722 0 0 0 0 0.004654 0.008703 0.00248 0.00388 0.028688 0.037143 0.006725 0.031988 0.172881 0.016359 0.045923 0.138406 0.063988 0.006336 0.034318 0.017201 0.001839 0.019698 0.001672 1.5e-005 0.003317 0.009755 0.005218 0.035599 0.028257 0.021318 0.022668 0.064425 0.151772 0.086607 0.010313 0.001633 0.028086 0.000828 0.006296 0.00275 0.001494 0 0.001768 0.004271 0.000104 0.000873 0.000846 0 0.000754 4.2e-005 0 0.000791 0.00243 0.002963 0.000513 0.007655 0.01541 0.000749 0 0.000911 0.010635 0.015119 0.000595
0.01007 0 0 0.000354 0.035318 0.015782 0.007936 0.002112 0.000849 0.003994 0.019851 0.010503 0 0.038615 0.007245 0 0 0.000584 0.001087 0.000574 0 0.002273 0.025066 0.021691 0.011966 0.074527 0.112305 0.082872 0.162381 0.002973 0.066724 0.099123 0.046299 0.081058 0.068668 0.035275 0.024247 0.004225 0.032848 0.006449 0.019682 0.011955 0.019836 0.063123 0.030986 0.016054 0.021015 0.041564 0.015768 0.007366 0.00165 3.1e-005 0.001332 0.003333 0.009382 0.008692 0.009314 0.000771 0.005386 0.010505 6e-006 0.000822 0.016091 0.002408 0.007466 0.00022 0.005706 0.00021 0.027614 0.003099 0.005063 0.031344 0.008389 0.000731 0.011176 0.002626 3.5e-005
0 0 0 2.2e-005 0.012891 0.040557 0.004036 0.000538 0.019038 0.027401 0.018772 0.006235 4.4e-005 0.002365 0.053462 0.000139 0 0.008987 0.005899 0.000947 0 0.006392 7.6e-005 0.000494 0.012261 0.110428 0.058851 0.17836 0.10321 0.07338 0.10062 0.083396 0.140895 0.094901 0.044584 0.052499 0.040009 0.011888 0.003484 0.022634 0.015049 0.044869 0.008834 0.019621 0.014791 4.6e-005 0.017689 0.002598 0.020311 0.00025 0.004257 0.001254 0.00376 0.003355 0.000193 0.012761 0.007914 0.001164 0.00148 0.005397 0.011784 3.5e-005 0.010694 0.010307 0.003664 0 0.008576 0.005463 0.00981 0 0.00055 0.005371 0.005444 0.000653 0.000586 0.001115 0.000401
0.000606 0.001162 1.8e-005 0.000135 0.010915 0.001723 0.000295 0.001002 0.077837 0.199753 0.015479 0.004654 0.000317 0.000102 9.2e-005 0.001663 0.00965 0 0.000226 0.000323 0.000168 0.018021 0.019379 0.003387 0.002664 0.003657 0.029854 0.052091 0.141436 0.072519 0.082828 0.050658 0.008847 0.047595 0.085852 0.040328 0.01758 0.002811 0.022088 0.02577 0.011838 0.05078 0.027302 0.006836 0.014782 0.000341 0.01167 0.009493 0.00956 0.002564 0.008156 0.009492 0.026002 0.007131 0.006003 0.001225 1.2e-005 0 0.000238 0 0.0009869999 0.005249 0.01113 0.004446 0.000287 2.8e-005 0.006989 0.002298 0.000163 0.006482 0.001588 0 0 0 6.1e-005 0.017554 0.00658
0.017245 0.037004 0.006053 0 0.002214 0.036713 0.038936 0.018325 0.153781 0.118088 0.034019 0.023716 0.007905 0.003546 0.001026 0.001576 0.001357 0 0 0 0.000626 0.035856 0.025214 0.05995 0.043094 0.008107 0.000949 0.001591 0.033569 0.027662 0.008165 0.019678 0.009326 0.001541 0.009342 0.049844 0.028123 0.025258 0.002176 0.001614 0.008676 0.027636 0.017362 0.018105 0.023755 0.027026 0.011686 0.053998 0.049082 0.017603 0.022306 0.003199 0.023263 0.003247 0.048033 0.015193 0.003999 0.004492 0.004956 0.02506 0.00214 1e-006 0.00742 0.000734 0.012602 0.004595 0.012333 0.005969 0.000479 0.00127 0.000269 0 0.004177 0.001015 0.00597 0.063406 0.002009
0.049761 0.015321 0.023998 0 0.000131 0.013254 0.071868 0.004749 0.086599 0.038823 0.203638 0.010438 0.013423 0.002924 0.021291 0.062446 0.018012 0 0 0.000956 0.012857 0.089293 0.138179 0.055053 0.027494 0.069238 0.048168 0.03165 0.111961 0.143114 0.070808 0.032044 0.016524 0.019524 0.147684 0.124675 0.063561 0.026005 0.067051 0.004265 0.008187 0.016338 0.053058 0.035236 0.047544 0.022596 0.026432 0.025695 0.096465 0.026014 0.052186 0.033083 0.057648 0.033629 0.002203 0.000723 0.012001 0.014682 0.015157 0.054637 0.004963 0.008457 0.02512 0.000735 0.022051 0.016642 0.038435 0.008754 0.009297 0.009741 0.001088 0.007156 0 0 9.4e-005 0.000874 1.6e-005
0.070528 0.005384 0.000667 0 0.002415 0.004022 0.074446 0.017936 0.153646 0.048942 0.036407 0.008641 0.165978 0.013249 0 0.0041 0.002295 0 0 0.00645 0.027796 0.019254 0.067722 0.034701 0.029989 0.072116 0.022936 0.073746 0.159411 0.127853 0.197391 0.019429 0.082981 0.050359 0.112338 0.145616 0.112826 0.037682 0.061834 0.036376 0.019586 0.011675 0.047264 0.04775 0.031499 0.039192 0.072925 0.04306 0.098063 0.03215 0.018635 0.01025 0.006455 0.027492 0.010543 0.00305 0.004958 0.004949 0.00208 0.019058 0.002753 0.002666 0.003852 3e-006 0.000236 0.016558 0.011181 0.020895 0.001116 0.004433 0.001508 0.001094 0 0 0.000358 0.006217 0.009008
-9999 0.014205 0.003256 0.011888 0.046192 0.012819 0.032473 0.085717 0.00611 0.000392 0.000105 0.002894 0.073396 0.025264 0.000513 0.000661 0.00053 0 0 7.6e-005 0.016049 0.00219 0.008472 0.008932 0.031722 0.008015 0.03593 0.059837 0.046732 0.106843 0.159985 0.120309 0.104321 0.084402 0.029993 0.133308 0.042384 0.019264 0.034406 0.052224 0.002723 0.047592 0.012038 0.031194 0.048894 0.058363 0.032082 0.058216 0.049108 0.079187 0.048948 0.001553 0 9.4e-005 0.002261 0.015726 0.018855 0.018998 0.015935 0.008104 0.029554 0.001821 0.002879 0.037364 0.006938 0.025611 0.015537 0.012544 0.001271 0 0.000434 0.000325 0.000823 0.001116 0.000103 0.002613 0.005529
-9999 -9999 0.042192 0.060738 0.191067 0.025316 0.049117 0.024976 0.039521 0.01201 3.2e-005 0.01044 0.042139 0.047163 0.011784 0.001386 0 0 0 0 0.005159 0.008484 0.03402 0.040701 0.021846 0.017021 0.022127 0.097433 0.066098 0.057664 0.088897 0.086942 0.062715 0.055537 0.066412 0.068452 0.034883 0.004447 0.047029 0.124054 0.033057 0.036811 0.041018 0.020602 0.019886 0.02247 0.013899 0.018217 0.027428 0.040852 0.05335 0.002994 0.002259 0.000514 0.016981 0.009713 0.056417 0.003613 0.012482 0.002311 0.045734 0.001855 0.006052 0.008643 0.000492 0.001166 0.000318 0.000616 0.002609 0 0 0.002383 0.022256 0.012114 9.8e-005 0 0.000637
-9999 -9999 0.025532 0.102675 0.012877 0.021754 0.043216 0.139106 0.013253 0.00056 0.009018 0.051536 0.011889 0.025463 0.00041 6e-006 0 0 3.7e-005 0.000383 0.014232 0.024495 0.059267 0.076943 0.01194 0.01559 0.020148 0.161298 0.118549 0.076881 0.010616 0.098983 0.172324 0.117808 0.033507 0.009581 0.002396 0.002462 0.013344 0.064342 0.013534 0.070965 0.073604 0.000862 0.019639 0.002264 0.00884 0.051148 0.052856 0.025049 0.070236 0.024718 0.019312 0.004334 0.017391 0.021992 0.013095 0.00111 0.006958 0.000933 0.000725 0.000529 0.019395 0.032384 0.016336 0.001843 0 0.001296 0.003567 0.001242 0.006228 0.045747 0.035532 0.024704 0.000186 0 0
-9999 -9999 0.000252 0.154806 0.11003 0.086286 0.14333 0.067788 0.009074 0.049849 0.004728 0.059194 0.003627 0 0 0 0 0.003725 0.004923 0.001511 0.007549 0.01497 0.017267 0.043946 0.039416 0.010679 0.0018 0.113875 0.1967 0.091158 0.029412 0.048341 0.321289 0.104674 0.068185 0.021016 0.042631 0.005535 8.6e-005 0.000498 0.049092 0.030531 0.025348 0.015385 0.095345 0.104115 0.115213 0.064664 0.037867 0.031477 0.075056 0.042683 0.004865 0.005019 0.008934 2e-006 0.001445 0.009531 0.000507 0.001325 0.011455 0.033525 0.02005 0.000423 0.009543 0.000498 0 0 0.002869 0.048141 0.037957 0.009152 0.012618 0.001402 0.001504 0.00102 0.001236
-9999 -9999 -9999 0.110332 0.031538 0.004483 0.045321 0.003363 0.029435 0.024923 0.002431 0.000651 8.1e-005 0 0 0.000173 0.000389 0.000198 0.005525 0.035848 0.027808 0.008704 0.088817 0.068458 0.023944 0.001493 0 0.010484 0.083104 0.071592 0.098622 0.042816 0.079513 0.046585 0.049276 0.060223 0.048485 0 1.5e-005 0.00058 0.024186 0.029837 0.082611 0.025438 0.10336 0.061857 0.04006 0.106791 0.02565 0.009716 0.039416 0.036295 0.014796 0.028795 0.038618 0.009767 0.004407 0.006677 0.000783 0.00081 0.009993 0.05575 0.014921 0.000878 0.025145 0.027261 0.001045 0.002457 0.000117 0.004683 0.004627 0.013621 0.001797 0.010971 0.012453 0.011387 0.013098
-9999 -9999 0.000389 0.060277 0.085534 0.024316 0.019002 0.002197 0.004049 0.016003 0.012361 1.3e-005 3.3e-005 7e-005 0.00141 0.000448 0.016873 0.000161 0.008561 0.004601 0.001496 0.050009 0.062808 0.026882 0.029797 0.002308 0.002653 0.044448 0.149258 0.113847 0.084042 0.112725 0.107687 0.063731 0.082819 0.060388 0.020721 0 0 6.8e-005 0.00085 0.031838 0.111512 0.089479 0.110476 0.071689 0.036161 0.083093 0.057817 0.018233 0.018732 0.047002 0.0401 0.064111 0.011611 0.010239 0.019481 0.021952 0.004143 0.005385 0.002529 0.027506 0.074403 0.014274 0.015928 0.008043 0.009944 0.003255 0.000111 0.004737 0.026683 0.000811 0.001508 0.001063 0.002501 0.01002 0.000495
-9999 -9999 0.031807 0.092293 0.02623 0.010445 0.017495 0.002051 0.001834 0 0.005965 0.005009 0.020051 0.028486 0.036111 0.00793 0.020554 0.001546 0.002195 0.013934 0.000521 0.029035 0.087052 0.083291 0.011384 0.001483 0.068027 0.100909 0.130448 0.095038 0.04936 0.043404 0.076608 0.030018 0.023069 0.030071 0.001918 0.000718 0 0 0.001114 0.017711 0.043308 0.133126 0.054319 0.044815 0.044568 0.042489 0.042386 0.000459 0.023228 0.06158 0.028832 0.017068 0.016759 0.010755 0.005825 0.011269 0.033499 0.019076 0.008501 0.00664 0.019308 0.002542 0.024131 0.001039 0.009802 0.01071 0.025463 0.02034 0.022183 0.004365 0.019625 0.042073 0.003497 0.008849 0
-9999 0.087206 0.256497 0.032071 0.079533 0.09143 0.121555 0.144802 0.005673 0.0006 0.004936 0.026587 0.023585 0.010737 0.023999 0.021874 0.011274 0.047856 0.001673 0.019266 0.003925 0.00643 0.03997 0.030925 0.013666 0.008752 0.07214 0.072692 0.051995 0.044383 0.015732 0.055709 0.021897 0.067128 0.054385 0.014476 0.018792 0 0 0 0 0.007725 0.019721 0.03837 0.060908 0.076043 0.08257 0.052825 0.028688 0.012365 0.065756 0.071296 0.032723 0.028844 0.022692 0.058615 0.006911 0.005309 0.013936 0.012035 0.00028 0.000337 0 0.004914 0.004167 0.001073 0.004042 0.013983 0.030717 0.021974 0.008044 0.023774 0.023567 0.023483 0.008115 0.00031 0.003505
0.004492 0.113501 0.049809 0.020513 0.073595 0.113002 0.107577 0.114368 0.010895 0.050555 0.013298 0.065599 0.046991 0.018398 0.003004 0.016196 0.02812 0.049588 0.006376 0.033073 0.046434 0.123216 0.060383 0.028232 0.014582 0.087562 0.047648 0.105229 0.069118 0.027243 0.072977 0.065807 0.07358 0.080627 0.143785 0.137746 0.04491 0.016215 0.01324 0.000379 0.005591 0.00891 0.001968 0.000903 0.001161 0.005597 0.005849 0.003345 0.0515 0.061485 0.082594 0.078312 0.012497 0.029614 0.013769 0.005444 0.000837 0.006494 0.00119 0.03546 0.009964 4.8e-005 0.000155 0.00317 0.004461 0.008498 0.006779 0.003907 0.012601 0.000659 0.004235 0.001594 0.000358 0.007882 0 0.000156 0.003253
-9999 0.008627 0.094782 0.061721 0.054055 0.045534 0.043357 0.049023 0.00078 0.031336 0.005736 0.000542 0.011885 0.029269 0.000685 0.064906 0.122649 0.040578 0.033306 0.004783 0.024538 0.090632 0.037634 0.013129 0.004246 0.020679 0.044691 0.058205 0.059236 0.041629 0.034511 0.042712 0.059666 0.038506 0.050819 0.149146 0.08893 0.029469 0.020146 0.011429 0.015333 0.002216 0.003111 0.001185 2.5e-005 0.004982 0.003627 1.1e-005 0.008434 0.028548 0.018555 0.035689 0.009401 0.009832 0.01545 0.010687 0.046795 0.037429 0.015186 0.009747 0.002836 0.001803 0.001551 0.001124 0.000157 0.009007 0.051037 0.053827 0.013333 0.001446 0.012551 0.001858 7.2e-005 0.005921 0.013947 0.000759 0.006091
-9999 0.008803 0.111903 0.083579 0.111614 0.062604 0.053527 0.050893 0.048753 0.001936 4e-006 0.005201 0.00495 0.013003 0.008052 0.051816 0.11208 0.048069 0.055414 0.106075 0.128381 0.049424 0.040884 0.111011 0.015003 0.065657 0.116696 0.046053 0.052991 0.055957 0.007304 0.086414 0.100207 0.095292 0.084296 0.067571 0.078143 0.040943 0.079343 0.041456 0.029156 0.017921 0.005329 0.003263 0.002268 0.020342 0.049527 0.014561 0.029549 0.051434 0.062815 0.075414 0.015066 0.052704 0.003032 0.000805 0.006462 0.000342 0.003094 0.020835 0.010677 0.008501 0.005607 0.010973 0.012984 0.028586 0.042648 0.045149 0.001249 0.00896 0.026439 0.0104 1.7e-005 0.001891 0.000496 0.021134 0.001862
-9999 0.000486 0.041707 0.124468 0.079552 0.057507 0.052215 0.064235 0.112145 0.003859 0.013203 0.215059 0.038454 0.092092 0.110889 0.019902 0.02254 0.090011 0.054926 0.004848 0.018548 0.045308 0.032066 0.141599 0.117639 0.055747 0.157723 0.194091 0.008546 0.050225 0.062233 0.050157 0.046979 0.06002 0.041559 0.110223 0.025444 0.00639 0.03439 0.059984 0.042944 0.011263 0.00208 0.014868 0.008492 0.008813 0.037345 0.056969 0.018684 0.030535 0.089604 0.071153 0.00119 0.034465 0.026979 0.004438 0.025785 0.002515 0.003415 0.005873 0.005924 0.04204 0.041526 0.081682 0.012289 0.016387 0.003491 0.011165 0.030426 0.10656 0.042318 0.044131 0.001336 0.004826 0.014553 0.011195 0.003974
