EnvRasters/BAU_High/rapeseed.asc
ncols         270
nrows         223
xllcorner     24099.479091542
yllcorner     21023.840179216
cellsize      1003.8986847201
NODATA_value  -9999
[rows 34 to 67 of 223, columns 154 to 230 of 270]
0.005119 0.000176 0.003552 0 0 0 0 0.004585 0.002247 0.000306 0.001593 0.021064 0.001186 0 0.000557 0.006202 0.02046 0.061449 0.0181 0.004726 2.4e-005 6.1e-005 0.009724 0.000221 0.00078 0.002861 4e-006 0.002564 0.004009 0.001711 0.008862 0 0 0 0.001573 0.012166 0.045391 0.006133 2e-005 0 0.001588 0 0.000665 0.003342 0 0.001642 0.025853 0.020884 0.001478 0.001 0.011796 0.001299 0.012997 0.011348 0.005126 0 0.001162 0.010252 0.000866 0 0 0 -9999 -9999 -9999 -9999 -9999 -9999 -9999 -9999 -9999 -9999 -9999 -9999 -9999 -9999 -9999
0.004677 4.4e-005 0.000189 0 0.00135 0.003216 0.000141 0 0 0 0 0 0 0.00073 0.005469 0.007712 0.01497 0.011933 0.001491 0.027404 0.003723 0 0.00023 9.8e-005 0 0.000699 2.8e-005 0 0 0 0 0 0 0.024068 0.070297 0.011748 0.006528 0 0 5.4e-005 0.008273 0.00123 0 0 0 0.000412 0.001779 0.063041 0.013172 0.000678 0.00566 0.001964 0.009211 0.001231 0.023409 0.002418 0.015428 0.006423 0.012085 0.000171 0 0 0 0 -9999 0 0.001892 0.032032 0.005851 -9999 -9999 -9999 -9999 -9999 -9999 -9999 -9999
0 0 0.000612 0.000128 0.000152 0.00239 0.004517 8.1e-005 5.2e-005 0.002336 0 0.000524 0.0003 0.004413 0.000845 0.011929 0.008956 0.000248 0.01613 0.022407 0.009859 0 4.3e-005 0 0 0.001097 0.001923 8.3e-005 0.000424 0.001407 0.003059 0 5.7e-005 0.008312 0.01883 0.000259 8.4e-005 0 0 0 0.004583 4.2e-005 8e-005 0 0 0 0.00874 0.032403 0.053508 0.000348 0.006387 0.000738 0.011995 0.009735 0.007597 0.008459 0.007226 0.013897 0.00332 0 0 0 0 0 0.001706 9.3e-005 0.027614 0.074899 0.08729 0.025329 -9999 -9999 -9999 -9999 -9999 -9999 -9999
0 0 0 0.000424 0 0 0.002321 0.018143 0.008084 0.074861 0.002196 0.004384 0.00863 0.008209 0.000366 0.005351 0.006298 0.004909 7.8e-005 0.000404 0.000176 7.2e-005 0.000291 0.000231 0 0.003234 0.014964 3.4e-005 0 0.001927 0.000583 0 0.000626 0.005088 0.000788 0.000598 3.4e-005 0 0 0 0 0.000457 0.007103 0.001402 0.024014 0.000685 0.006837 0.008074 0.000911 0 0.001583 0.002018 0.019283 0.009277 0.006148 2e-005 0.005463 0.019175 0.005867 0.002984 0.002258 0.000464 0 0 0.013278 0.001481 0.007716 0.061074 0.01477 0.005119 -9999 -9999 0 0 -9999 -9999 -9999
0 0 0 0 0.000464 7.1e-005 2.4e-005 0.004 0.00016 0.00592 0.001525 0.001708 0.022487 0.004333 3e-006 0.002658 0.009625 0.00478 0.00853 0.043994 0.020623 0.003222 0.024167 0.006394 0 0.00073 0.006359 0.007943 0.001551 9.6e-005 1e-005 0.000102 0.011531 0.004738 2.9e-005 0 0 0.000336 0.000372 0 0.003054 0.011382 0.082239 0.01646 0.07448 0.001203 0.000262 0.000893 0.00323 6.9e-005 0.02002 0.009907 0.003329 0.006019 0.040941 0.000853 0.003053 0.016232 0.007223 0.011593 0.005981 0.000186 0 0 4e-006 0.000169 0.016816 0.048543 0.050136 0.009191 0.00042 0.082092 0.031301 0.020602 -9999 -9999 -9999
0.009946 0 0 0.006615 0.038641 0.003446 7.2e-005 9.1e-005 0.000309 0.034299 0.029296 0.01239 0.001327 0.020767 0.000894 0.000376 0.000917 0.001019 0.005219 0.060147 0.018756 0.007274 0.027635 0.006847 0 0.000403 0.005106 0.02645 0.008314 0.003789 0.002679 0.000296 0.001389 0.002756 0.004853 0.000115 0 0.00043 0.000433 0.001396 0.000714 0.004594 0.013173 0.018542 0.014603 0.000153 0.000279 0.012479 0.082307 0.028443 0.001349 0.003313 0.000881 0.005677 0.022129 0.011829 0.005097 0.004719 0.003593 0.002101 0.000101 0 9e-005 0 0.000188 0.008411 0.001957 0.006253 0.086292 0.012458 0.097073 0.08523 0.009706 0.012172 0.000774 -9999 -9999
0.049742 0.000202 4.5e-005 0.024822 0.084251 0.005018 1.8e-005 0 0.000474 0.003868 0.006681 0.00096 7.7e-005 0.00583 0.003167 0 0.000429 0 0.004605 0.013516 0.001025 0.002859 0.000109 3.4e-005 9.7e-005 0.000386 0.00928 0.001879 0.000283 0.006735 0.012666 0.011088 0.030016 0.011563 0.008824 0 0 0 0 0.000307 0.000176 0.001347 0.022722 0.005714 0.000464 0.000184 0.046665 0.048476 0.10735 0.033045 0.025373 0.001554 0 0 0.000684 0.010387 0.008101 0 0 0.003915 0.008678 0.005343 0.005543 0 0.002339 0.04948 0.006454 0.006491 0.017337 0.078415 0.149957 0.116999 0.017674 0 0.0055 0.000924 -9999
0.001799 0 0.001893 0.014005 0.000896 1.5e-005 0.003822 0.003325 0.000183 0.000866 0 0 0 0.008881 0.008342 7e-005 0.006162 0.015089 0.006538 0.008379 0.006705 0.004715 0.000142 0.000404 0.00482 0.004885 0.001525 0 0 0.000444 0.007286 0.004738 0.04367 0.044946 0.001892 0 0 0 0 0.000232 0.001981 0.019256 0.083929 0.002916 0.000307 0.009319 0.012982 0.027444 0.005315 0.003029 0.024083 0.002072 0 0 2.4e-005 0.005306 0.016177 0 0.003887 0.083155 0.05864 0.119314 0.04515 0.000116 0.001439 0.021389 0.02514 0.01435 0.021609 0.149806 0.115716 0.008513 0.013236 0.0004 0.000525 -9999 -9999
0.006899 0.000882 0.024015 0.003045 0 0 0.015911 0.014071 0.015136 0.005712 0.000683 0 2.7e-005 0.028954 0.003282 0.00011 0.001098 0.020542 0.0012 0.000425 0.000963 0.000559 0.000131 0.001489 0.007611 0.003461 0.001432 0.007304 0.008979 0.011897 0.00045 0.001768 0.012397 0.001865 0 0 0 0 0 0.000164 0.000712 0.049552 0.097081 0.012655 0.012227 0.031986 0.006536 0.002689 0.002314 0.009396 0.001432 0 0 6e-005 0.004357 0.000593 0.010948 0.012414 0.010394 0.104997 0.048246 0.03664 0.044692 0.004787 0 0.00078 0.008712 0.00495 0.020259 0.040175 0.00322 0.013115 0.002123 0 -9999 -9999 -9999
0.002932 0.004307 0.01355 0.00082 0.006235 0.005237 0.000152 0.021886 0.035917 0.026418 0.010091 0.001828 0.000725 0.005301 4e-006 0.000252 0.003137 0.000344 0.00031 0.01588 0.004645 0.004784 0.000442 0.000477 0.003417 0.000752 0 0.001212 0.008609 0.016598 0.0001 0.001296 0.007625 0 0 0 0 0 0 0 7e-006 0.003103 0.004881 0.04064 0.001324 9.3e-005 0.011463 0.000902 0.000531 0.008218 0.000663 0.001239 0.000925 0.012693 0.037086 0.014031 0.01956 0.003307 0.01095 0.048134 0.005158 0.041742 0.016928 0.011451 0.004556 0 4.6e-005 0 4e-005 0.007341 0.055753 0.086759 0.001237 -9999 -9999 -9999 -9999
0.000219 0.000649 0.007698 0.004194 0.003648 0.010311 0.000821 0.002845 0.0385 0.003259 0.012973 0.01634 0.001337 0.001088 0.000388 6.6e-005 0 9e-006 0.006957 0.020363 0.02074 0.003391 0.002825 8.3e-005 0.001514 0 0 0.000153 0.002111 0.001612 9.1e-005 0.003858 0.006873 3.5e-005 2.3e-005 0 0 0 0 0 0.000195 0.004414 0.000788 0.001832 0 0 0.006132 0.000776 0.006422 0.004347 0.008735 0.005875 0.003725 0.004511 0.002369 0.008774 0.018384 0.003738 0.038251 0.011435 0.000101 0.000912 0.036203 0.02996 0.004661 0.000116 0.000146 0 0 0.006338 0.009027 0.012609 0.000927 0.00516 -9999 -9999 -9999
6.3e-005 0.004951 0.033768 0.062891 0.001948 0 0.003048 0.003155 0.000578 0.00238 0.054322 0.048487 0.003452 0.003145 0.000385 5.5e-005 0 0 0.001136 2.1e-005 0.006973 0.010043 0.00169 0 6.7e-005 0.000613 6.1e-005 0 0 0.000866 0.001845 0.001604 0.017268 0.007501 0.001222 0.00191 0.000949 0 0 0 0 0.010783 0 0 0 3.5e-005 0.000719 0.00154 0.000746 0.027792 0.044853 0.003941 0.008944 0.000811 0 0.002884 0.016013 0.002178 0.009666 0.004797 0.023014 0.013433 0.120258 0.09793 0.007376 0.000415 0.019826 0.023785 0.003598 0.000826 0 0.003474 0.003028 0.007285 -9999 -9999 -9999
7.3e-005 0.008094 0.026588 0.041972 0.001405 0.001355 0.002512 0.012733 0.005929 0.002686 0.004992 0.001039 1e-005 0.001078 0.000882 0.002355 0 0 0 0.000233 0.003663 0.006632 0 0 0.000164 0.002632 0.003273 0.013644 0.000326 0.000138 0.00217 0.000193 0.000414 0.001732 0.003193 0 0 9.6e-005 0 0 0 6.3e-005 0 0 0 0.000123 0.012211 0.046124 0.032298 0.006853 0.002167 7.8e-005 0.007255 0.000996 0 0.001996 0.000121 0.00121 0.009078 0.001493 0.006946 0.022076 0.079695 0.023069 0.002364 0.000113 0.004866 0.00042 0.011211 0.011348 0.01868 0.000832 -9999 -9999 -9999 -9999 -9999
0.001715 0.002732 0.00634 0.022243 0.000849 0.008526 0.008204 0.001517 0.000299 0.000426 0.001298 0.002892 4.1e-005 0.000131 0.003758 8.5e-005 0 0 0.002734 0.000101 0 0.00067 0 0 0.000524 0.000703 0.00033 0.002273 0.000708 0.000698 8e-005 0 0.00345 0.015005 0.016576 0.00387 0 0.001524 0.001522 0 0 0 0 0 0.000176 0.029181 0.025993 0.006876 0.005956 0.003245 0.025861 9.2e-005 0.010243 0.002424 0.000145 0.012082 0.002253 0.000705 0.020995 0.0032 0.018561 0.013819 0.046765 0.003406 0.0224 0.008337 0.00198 0.00056 0.001158 0.00981 0.001327 0.003649 -9999 -9999 -9999 -9999 -9999
0.018587 0.000476 0.005068 0.01412 0.039611 0.026663 0.003242 0.003602 0.001759 0 0.000527 0.00278 7.7e-005 0 0.00134 0.005987 0.000169 0 0.017893 0.000203 0 0 0 0.000648 0.002746 0.00423 0 0 0.000518 0.01448 0.005281 0 0.000158 0.003052 0.001093 0 0.000192 0 0 0.000114 0 0 0 4.4e-005 0 0.027571 0.02707 0.000144 0 0 0.001104 0.00242 0.004446 0.002986 0.014687 0.016394 0.000156 0 0.007142 0.006507 0.036778 0.005258 0.000908 0.00033 0.001688 0.021053 0.003044 0.004563 0.00497 0.005132 0.002055 0.002096 -9999 -9999 -9999 -9999 -9999
0.003015 0.007023 0.002343 0.011232 0.002134 0.002846 0.000354 0.000622 0.000386 0.000709 0.003828 0.006902 0 0 0 0.031475 0.003531 0 0 0 0.00112 7.8e-005 0 0.001452 5.2e-005 7.5e-005 0 0 0 0 0 0.002559 0.004562 0 0 0.000131 0.000334 0 0.023896 0.013608 0 0.000625 4.5e-005 0.003215 3.6e-005 9e-006 0 0 0 0 0.00341 0.00349 0.038706 0.026673 0.02257 0.023384 0 0 0 0.000972 0.006897 0.010973 0.017879 6e-006 0.001085 0.003408 0.009073 0.061499 0.022188 0.002763 0.002401 0.000758 -9999 -9999 -9999 -9999 -9999
0.003881 0.001258 0.001644 0.00058 0.000104 0.000294 0 2.3e-005 0.002167 0.000316 0.006413 0.010304 0 0 0 0.000983 0.000473 0.000975 0.006277 9.2e-005 0.002037 1.6e-005 0 0.000863 0.00014 0.00021 0 0 0 0 0 0.010277 0.017214 0.000504 0.000145 6.8e-005 0.003239 0.000666 0.051033 0.005646 0 0.00059 0.000257 0.001941 0.000584 0 0 0 0 0 0 0.002232 0.012292 0.002186 0.00017 0.000662 0.003936 0.010841 0.001606 0.001574 0.033622 0.053628 0.01075 3.6e-005 0.000249 0.004773 0.018539 0.004289 0.001345 1.8e-005 -9999 -9999 -9999 -9999 -9999 -9999 -9999
0.039623 0.026771 0.000437 0.002973 9.6e-005 0.000659 0.000534 0.013481 0.030461 0.012771 0.002461 0 0 0 0 2.6e-005 0.001784 0.001535 0.011438 0.000791 0.001306 0 0.002252 0.000707 4e-006 0 9e-006 0 0 0 0 0 0.002894 0.003165 0.000736 0.026443 0.033687 0 0.021217 0.00086 0.003137 0.002526 0.000133 0.000218 0 0 0 0 0 0 0 0.004476 0.004777 0.001008 0.000177 0.001354 0.002772 0.008419 0.004405 0.003999 0.01773 0.009787 0.02776 0.010128 0.000882 0.002027 0.004031 0.002705 0.001149 0 -9999 -9999 -9999 -9999 -9999 -9999 -9999
0.034783 0.002457 0.014591 0.052894 0.001907 0.00798 0.013004 0.024644 0.033277 0.038181 0.005233 1.4e-005 0 0 0.000521 0 0.006737 0.000747 0.003933 0.000898 0 0.000186 0.010306 0.003845 2e-006 0 0 0 0 0 0 1.6e-005 0.004378 0.00055 3.5e-005 0.001005 0.000599 0.001791 0.01553 0.002877 0.00377 0 2e-006 0 0 0 0 0 0.001088 0.002241 0.00065 0.007943 0.026487 0.001284 0.000716 0.002587 0.015776 0.012739 0.008891 0.009047 0.009234 0.007889 0.042694 0.013763 0.005931 0.000778 0.000562 0.003514 0.006819 -9999 -9999 -9999 -9999 -9999 -9999 -9999 -9999
0.001807 0.00077 0.001184 0.002288 0.000321 0.025932 0.009663 0.008457 0.004896 0.022101 0.008856 0.013531 0.004795 0 0.000461 0.003996 0.011957 0.011208 0.000602 0.000346 0.00058 0 0.000531 0.000486 0.002133 0.006981 0.004569 0.000187 1.6e-005 0.000274 0 0 4.4e-005 9.6e-005 0.00021 0.005544 0.016147 0.00053 0.00237 0.009956 0.009054 0 0 0 0 0 0 0 0.000105 0.002015 0.009619 0.015196 0.023351 0.002151 9.3e-005 0 0.000577 0.00314 0.049051 0.012682 0.029063 0.005712 0.015338 0.003293 0.005118 0.002605 0.001912 0.004813 0.000127 0.000144 -9999 -9999 -9999 -9999 -9999 -9999 -9999
0 0.004208 0.010002 0.000124 4e-006 0.000554 0.005901 0.008741 0.02369 0.008512 0.009247 0.029447 0.003135 0.0094 0.003997 0.016079 0.029024 0.01466 0.000576 0.000392 0.004213 0 0.008421 0.015652 0.025062 0.058487 0.053676 0.015532 0.000413 0.002343 3.7e-005 2.8e-005 0 0.003814 0.012943 0.006286 0.014615 0 0.000435 0.000669 0 1.1e-005 9.5e-005 0 0 0 0 2.3e-005 0.00027 0.000322 0.004422 0.01429 0.022822 0.006123 0 2.9e-005 0 0.000111 0.00075 0.000901 0.014683 0 0 0.00119 0 0 0.00042 0.000794 9e-005 0.000546 -9999 -9999 -9999 -9999 -9999 -9999 -9999
0.007477 0.010337 0.068469 0.004962 0 0 0.002756 0.005837 0.001122 0.003389 0.001552 0.000234 0.000312 0.001292 0.004146 0.010012 0.001666 0.000147 0.000589 0 0 0 0.000554 0.017603 0.01466 0.005726 0.036814 0.007164 0.000518 0 0 0.000379 0 0.003295 0.001018 0.000168 0 0.001496 0.000181 0.00109 0.006056 0.001146 0.002248 0.000122 0 0 0 0 0 0 0 0 0 0 1.7e-005 0.000822 0 0 0 0.002074 0.001451 0.00114 0 0 0 0 0 0.000416 0.000144 0 -9999 -9999 -9999 -9999 -9999 -9999 -9999
0.012576 0.041718 0.050203 0.000385 0.0003 1.2e-005 0 0 0 0.005488 0.044553 0.018123 0.002034 0.000313 0.001063 0.003651 0.014479 0.001706 0.014686 0.004461 0.005499 0.000991 0.001984 0.027106 0.015953 0.005126 0.026154 0.001296 5.8e-005 5.6e-005 0 0.000291 0.001057 0.001788 0.000247 0.000535 0.000238 0.000792 0.000595 0.001845 0.011597 0.004048 0.001762 0 0 4.7e-005 0 0 0 0 0 0 0 0 0 0.024868 0.001302 0.001079 0 0.000701 0.003222 0 0 0 0 0.004903 0.004774 4.5e-005 0.000423 0 -9999 -9999 -9999 -9999 -9999 -9999 -9999
0.023798 0.010209 0.033665 0.002333 0.000218 0.000165 0 0 0.001013 0.000728 0.009851 3e-005 0.001456 0.009724 0.001465 0.000269 0.008624 0.003968 0.000802 0.010467 0.017447 0.056706 0.012768 0.008709 0.002137 4.5e-005 0.000974 0.000967 0.001386 0.000955 4e-005 0 0 0 0 0 0 0 0.00166 0.000473 0.006763 0.002059 0.001598 0.001077 0.002134 2.5e-005 0 0 0.000306 0.005998 0.002972 0 0 0 0 0 0.012961 0.000848 0 0 0 0 0.013048 0 0 0.000815 0.004454 0.001562 0.001077 -9999 -9999 -9999 -9999 -9999 -9999 -9999 -9999
0.012416 0.012317 0.007166 0.00025 0.000826 0.008542 0 0 0.011225 0.000528 0.001377 0.000717 0.001303 0.003425 0.000609 0.000173 0.000893 0.001286 6.1e-005 5.5e-005 0.001298 0.00037 0.000846 0.002198 0.00048 0 0.000462 0.000379 0 0.00256 0.000284 0.000105 0 0 3.5e-005 0.000313 0.000851 5.4e-005 0.000587 2.3e-005 9.8e-005 0.000228 0.002989 0.00362 0.000141 0 0 0 0 6e-006 0.001583 0 0 0 0 0 0.000616 0.001064 0 0 0 0 0 0.001653 3.4e-005 0.001 0.000885 0.00141 6e-006 -9999 -9999 -9999 -9999 -9999 -9999 -9999 -9999
0.064753 0.024229 0.003047 0.001464 0.000243 0.000376 0.000282 0.003145 0.002215 0.000235 0.001045 0.006857 0.005445 0.000528 3.4e-005 0 0.000453 0.001774 0.000722 0 0.000747 0.002078 0.00232 0.003544 0.000173 3.9e-005 0.001654 0 0 0.001693 0.001038 0.000196 0 0 0.00064 0.006006 0.001832 0.000435 0.008384 0.003291 0.000141 0.029005 0.025833 0.018573 0.012148 0 0 0 0 0 0 0 0 0 0 0 0 0 0 0 0 0 0 0 0 0.006775 0.002987 3e-005 -9999 -9999 -9999 -9999 -9999 -9999 -9999 -9999 -9999
0.01058 0.014112 0.012534 0.00215 0.005025 0.010572 0.007692 0.029625 0.001284 0.000874 0.001845 0.012824 0.013093 0.001338 0.009768 0.006368 0.001456 0.000197 0.0041 0.001399 0.000204 0.001979 0.01072 0.008097 0.00037 0 1.6e-005 0 8.5e-005 0.008561 0.02433 0.005579 0.002576 0 0.00079 0.010232 0.002247 0.002845 0.039341 0.000329 0 0.005612 0.012554 0.037323 0.025194 0.010378 0 0 0 0 0 0 0.000263 0.000764 0 0 0 0 0 0 0 0 0 0 3.9e-005 0.00078 0.000325 0 0 -9999 -9999 -9999 -9999 -9999 -9999 -9999 -9999
0.009775 0.013556 0.075899 0.075518 0.006737 0.020023 0.028295 0.008465 0.017062 0.019341 0.033782 0.025868 0.00195 0.002192 0.004346 0.013411 0.002345 0.002533 0.000628 0.001436 0.001804 0.002319 0.004192 0.034542 0.000809 0 0 0 3.2e-005 0.004984 0.017031 0.005799 0 0 0 0.000129 0.000562 0.002919 0.00637 0.000491 0 0 5e-006 0.009873 0.008756 0.014283 0 0 0 0 0 1e-006 6e-006 0 0 0 0 0 0 0 0 0 9.2e-005 0.000783 0.001538 0.007226 0.007593 0.002166 0.003566 -9999 -9999 -9999 -9999 -9999 -9999 -9999 -9999
0.013839 0.001768 0.016034 0.015014 0.001643 0.009266 0.04237 0.005327 0.00791 0.044855 0.009705 0.012035 0.000273 0.004034 0.007127 0.005132 0.006 0.031222 0.011723 0.018796 0.028843 0.010559 0.001493 0.000834 0.000649 0.008969 0.004707 7e-006 0.000362 0.003267 0.002983 0.008053 0.005707 0.000485 0 0.000282 0.000377 5.1e-005 0.001908 0.00025 0 0.000554 0.002904 0.001735 0.000522 0.000641 0.000548 0 0 0 0.000616 0.000366 2.6e-005 0 0 1.2e-005 0 0 0 0 0 0 6e-006 0.00066 0 0.000295 0.000321 0.000439 0.000537 -9999 -9999 -9999 -9999 -9999 -9999 -9999 -9999
0.011885 0.025666 0.010463 0.004707 0.018217 0.039335 0.016215 0.00033 8.7e-005 0.004019 0.00146 0.008681 0.004182 0.00941 0.031247 0.047851 0.06314 0.041785 0.034198 0.049781 0.031772 0.012461 0.004431 4e-005 0.002936 0.011839 0.011668 0.000101 0.001888 0.054273 0.020667 0.001155 0.015305 0.000873 0 0 0.00021 0.000196 0 0 0 0 0.005305 0.001646 0.00057 0.000197 0.00049 0.000447 1.9e-005 0.001684 0.000307 0.000996 9.8e-005 0 0 1.8e-005 3.2e-005 0 0 0 0 0 0.000424 0.000649 0.011527 0.005812 0.00318 0.007084 -9999 -9999 -9999 -9999 -9999 -9999 -9999 -9999 -9999
0.001961 0.000583 0.002177 0.015873 0.003326 0.016579 0.010259 0.00022 0 0.001535 0.015043 0.008087 0.013599 0.026634 0.066859 0.020103 0.113175 0.050147 0.018445 0.011646 0.009736 0.018083 0.005096 0.000506 0.000747 0.021731 0.020861 0.0018 0.000641 0.007404 0.005317 0.002615 0.00095 0 0 2e-006 0.002874 0.000949 0 0 0 0 0.000102 0.003146 0.002311 0 0.000303 0.000346 0.000224 0 0 0 0 0 8.5e-005 0.00012 3.7e-005 0.000336 3.6e-005 0 0 0 0 0.002181 0.011418 0.013254 0.004003 0.000356 -9999 -9999 -9999 -9999 -9999 -9999 -9999 -9999 -9999
0.005978 0.018322 0.005115 0.052058 0.037936 0.007836 0.001182 0.002247 0.001616 0.010141 0.021729 0.01721 0.014094 0.010351 0.011626 0.012049 0.048735 0.030866 0.019964 0.01255 0.016082 0.004702 0.012038 0.010182 0.0016 0.00503 0.010822 0.013123 0.006537 0.016706 0.010451 0.008534 0.001677 0.000555 0.004357 0.020454 0.002137 0.000193 0 0 6e-005 0.000664 0.000163 0.002347 0.000729 0 0 0.00056 0.000181 0.007803 0 0 0 0.000138 0.00096 0.000425 0.000146 9.4e-005 8.5e-005 0 0 0 0.000543 0.001152 0.001149 0.013486 0.008548 -9999 -9999 -9999 -9999 -9999 -9999 -9999 -9999 -9999 -9999
0.02858 0.04825 0.017135 0.012832 0.011727 0.003841 0.009024 0.036025 0.009545 0.020672 0.021585 0.030673 0.029066 0.028574 0.029166 0.004457 0.003717 0.008778 0.006092 0.002261 0.009232 0.015361 0.008952 0.011776 0.002192 0.006575 0.016888 0.014526 0.012703 0.015434 0.020308 0.042536 0.030906 0.000509 0.001927 0.010661 0.003116 0.002568 0.000441 0.000212 0.001349 0.000537 0 0.000547 0.00019 0 0 0.001988 0.001277 0.010041 0.003926 5.6e-005 0 0.000452 0 0 9.4e-005 0.000121 0.000242 0.000134 0 5.2e-005 7.8e-005 0.000346 0.030016 0.008894 0.003878 -9999 -9999 -9999 -9999 -9999 -9999 -9999 -9999 -9999 -9999
0.016104 0.062153 0.045829 0.001902 0.02184 0.016642 0.000609 0.004411 0.002572 0.010415 0.030589 0.022777 0.023898 0.015459 0.004994 0.052859 0.024606 0.012227 0.024334 0.004181 0.00495 0.005542 0.003463 0.000366 6.7e-005 0.010895 0.008522 0.009056 0.00123 0.006961 0.010379 0.01632 0.020476 0.002315 0.000267 2.6e-005 0.000181 0.001045 0.001666 0.008713 0.000557 0.002286 0.002273 0.003802 0.001333 0.000555 0.000309 6e-005 0.001932 3.6e-005 0.003352 0.001095 2.7e-005 0 0 0 8.2e-005 6.2e-005 0 0.00125 0.005169 0.001626 0.000556 0.019597 0.020364 -9999 -9999 -9999 -9999 -9999 -9999 -9999 -9999 -9999 -9999 -9999 -9999
