EnvRasters/BAU_High/rapeseed.asc
ncols         270
nrows         223
xllcorner     24099.479091542
yllcorner     21023.840179216
cellsize      1003.8986847201
NODATA_value  -9999
[rows 102 to 135 of 223, columns 154 to 230 of 270]
0.016791 0.019583 0.03594 0.049355 0.037512 0.092145 0.135256 0.365911 0.124634 0.042662 0.098332 0.062732 0.02301 0.101226 0.044719 0.002224 0.054554 0.164426 0.169982 0.011716 0.006025 0.014502 0.000902 0.001625 0.002165 0.002945 0.006402 0.005384 0.011355 0.07804 0.072993 0.179587 0.148032 0.006457 0.001057 0.001043 0.014131 0.035664 0.05197 0.101174 0.023581 0.002422 0.000242 0 0 0 0 9.4e-005 0.001051 0.000206 0 1e-006 0 0 0 0 0 0.000401 0.000228 0 0 0 0 0 0 0 0 0 0 0 0 0 0 0 0 0 0
0.032621 0.034439 0.003552 0.008804 0.040543 0.281572 0.07847 0.289508 0.046802 0.063455 0.132572 0.123994 0.125911 0.110782 0.082835 0.024172 0.083459 0.297551 0.370705 0.04934 0.047164 0.130166 0.088442 0.017978 0.008816 0.030045 0.030599 0.035483 0.122455 0.252399 0.097587 0.249894 0.105907 0.003477 0.001805 0.009305 0.004391 0.003103 0.009144 0.04633 0.04938 0.006047 0.002092 0 0 0 0.014103 0.03906 0.00714 0.002244 0 0 0 0 0 0 0 0.000911 0 0 0 0 0 0 0 0 0 0 0 0 0 0 0 0 0 0 0
0.162177 0.068933 0.020692 0.00759 0.195859 0.091837 0.262576 0.16658 0.344281 0.012209 0.072966 0.029732 0.043404 0.029893 0.08204 0.060485 0.118583 0.227151 0.291223 0.268937 0.086552 0.067976 0.090994 0.107401 0.183996 0.180262 0.105773 0.014816 0.011802 0.06142 0.064615 0.041997 0.003467 0 0.00098 0.003249 0.006786 0.003227 0.001449 0.007998 0.000777 0.000457 0.000384 0 0 0.00085 0.053568 0.177033 0.039178 0 0 0 0 0 0 0 0.006186 0.040038 6e-006 0 0 0 6.4e-005 0 0 0 0 0 0 0 0 0 0 0 0 0 0
0.105399 0.014281 0.009164 0.128534 0.298308 0.150255 0.178638 0.308625 0.271427 0.032605 0.225018 0.323353 0.169261 0.210706 0.020382 0.030257 0.014483 0.156921 0.066113 0.192223 0.021591 0.038245 0.07664 0.201699 0.225436 0.23421 0.147851 0.029259 0.001642 0.012881 0.07027 0.120936 0.017596 1.9e-005 0.00251 0.001942 0.000207 0 7e-006 0.001572 0.002038 0.001726 0 0 0.000192 0.018662 0.054615 0.025585 8.5e-005 0 0 0.004264 0.004334 0 0 0 0 0 0 0 0 0 0.0001 0 0 0 0 0 0 0 0 0 0 0 0 0 0
0.04562 0.023525 0.033496 0.250865 0.245552 0.073163 0.071499 0.085244 0.096359 0.041275 0.041807 0.055448 0.10904 0.042153 0.045589 0.100318 0.045654 0.030314 0.045026 0.011085 0.051145 0.109661 0.030136 0.036555 0.024401 0.012536 0.01517 0.017068 0.02819 0.019706 0.12115 0.061284 0.025103 0.026483 6.9e-005 0.001334 0 1.2e-005 0 0 0.001946 0 0 0 0.000227 0.010309 0.040907 0.025327 0.001532 0.000314 0.000406 0.014209 0.001569 0 0 0 0 0 0 0 0 0 0 0 0 0 0 0 0 0 0 0 0 0 0 0 0
0.017038 0.037406 0.006879 0.012085 0.046421 0.105796 0.029938 0.057709 0.072406 0.027451 0.054936 0.108694 0.264298 0.046604 0.014406 0.014478 0.00116 0.154055 0.142818 0.107793 0.017764 0.025969 0.237909 0.16408 0.053848 0.078106 0.002572 0.025812 0.005471 0.021659 0.015416 0.00436 0.00408 0.00268 9.9e-005 4e-006 0.000193 0.000264 0 0.000652 0.000395 0.001757 0.008562 0.012774 0.014224 0.002024 0.004379 0.015654 0.006943 0.002746 0.006141 0.002967 0 0 0 0 3e-006 0.000357 0 0 0 0.004564 0.001386 0 0 0 0.000307 0 0 0 0 0 0 1e-006 0 0 0
0.028132 0.030125 0.002556 0.034251 0.070084 0.139847 0.03127 0.123222 0.274811 0.017323 0.130031 0.079696 0.092818 0.103609 0.018835 0 0.000694 0.046651 0.079921 0.057507 0.102288 0.118147 0.269334 0.184105 0.014846 0.001513 0.001315 0.00872 8.6e-005 0.000292 0.000514 0.000102 5e-006 1.4e-005 0.000662 0.006766 0.007368 0 0 4.5e-005 0.00273 0.05147 0.143509 0.203866 0.163191 0.026216 0.004415 0.047099 0.01688 8.4e-005 9.6e-005 0 0 0 0 0 0.008664 0.006294 0.00242 0 0 0.007403 0.001254 0.00051 0 0.003969 0.000786 0 0 0 0 0 0 0.001183 0 0 0
0.02707 0.146686 0.042109 0.02701 0.02177 0.067212 0.050083 0.024875 0.061471 0.041851 0.021926 0.038521 0.055233 0.135633 0.004575 1.8e-005 0.000251 0.002424 0.01094 0.016841 0.10809 0.123281 0.243353 0.083098 0.009191 0.009135 0.018272 0.048455 0 0.000159 0.000971 8e-006 0 0 0.000787 0 0 0.004954 0.016141 0.009097 0.001684 0.026086 0.100252 0.081915 0.11818 0.103591 0.008518 0.001077 0.00178 0.002348 0.001329 0 0.000425 0 0 0 0 0 0 0 0 0 0 0.000132 0 0 0 0 0 0 0 0 0 0 0 0 0
0.044068 0.066837 0.057584 0.111956 0.081347 0.084502 0.008993 0.003578 0.014603 0.012993 0.001031 0.001114 0.008166 0.008493 0.009389 0 0 0.000575 0.000219 0.00512 0.033356 0.067957 0.030481 0.043406 0 0 0.000943 0.002889 0.004199 0.004062 0.000722 0 0 0.00405 0.018551 0.002209 0.000307 0.010068 0.043164 0.011443 0.001523 0.000343 0.001813 0.025185 0.002844 0.009945 0.017032 0.000702 0 0.001007 3.4e-005 0.003002 0.006189 0.000137 0 0 0 0 0 0 0 0 0 0 0 0 0 0 0 0 0 3.1e-005 0 0 0 0 0
0.141729 0.013162 0.011981 0.141274 0.375457 0.317954 0.021537 9.4e-005 0.002484 1.5e-005 0 0.000235 0.000378 0.01602 0.00455 0.000313 9.3e-005 0.001963 0.001662 0.006238 0.013106 0.024016 0.003782 0.024619 4.8e-005 0.000116 5.3e-005 0 0.000308 0.002099 0 0 0 0.001525 0.022679 0.021673 0.000676 0.003803 0.00495 0.01212 0.002492 0.001956 0.016699 0.105342 0.008895 0.035192 0.027985 0.000314 0 0 1.1e-005 0.004605 0.001785 4.5e-005 0 0 0 0 0 0 0 0.000379 0 4.8e-005 0 0 0 0 0 0 0 0 0 0 0 0 0
0.240595 0.022811 0.016234 0.056341 0.128826 0.041723 0.006813 0.001795 0 0 0 0 0 0.007269 0.009708 0.002542 0.03355 0.01358 0.007039 0.005546 1.5e-005 0.005306 0.00017 6e-006 1.5e-005 3.7e-005 0.000133 0 0.000206 0.004444 0.000568 0 0 0.000159 0.001617 0.003391 0.00072 0.001136 0.001804 0.001991 0.000305 0.000108 0.013962 0.019114 0.000755 0.003521 0.001286 3.3e-005 0 0 5e-005 0.002408 0.004374 8.9e-005 0 0 8.2e-005 0 0 0 0 0.000575 0 0.005651 0.000118 0.000617 0.000161 0 0 0 0 0 0 0 0 0 0
0.010381 0.049812 0.071918 0.004234 0.006013 0.004996 0.014144 0.000334 0.004258 0.001004 0 0 0 0.00482 0.009782 0.005342 0.090446 0.00618 0.037618 0.021383 0.002484 0.002173 0.000501 0 0.000559 0.002661 0.001479 0 0.000199 0.005125 0.001566 0 0.000575 0 0.001624 0.00186 0.001367 0.019949 0.036138 0.009344 0.002394 0.001236 0.00263 0 0 0.000551 2.5e-005 0 0.000893 0 0 0.001816 0.007323 0.015659 0.006342 0.001074 0.00144 0 0.000205 0 0 0 0 0 0 0 0 0 0 0 0 0 0 0 0 0.001015 2.8e-005
0.055033 0.044334 0.070686 0.009344 0.000607 0.001585 0.002125 0.000463 0.013353 0.003845 0.000668 0 0.003194 0.000246 0.00027 0.000193 0.00275 0.014142 0.054439 0.054611 0.03493 0.029451 0.020135 0 0.001619 0.005523 0.010778 0.000151 0 0 0.000206 0.002369 4.6e-005 0.002094 0.005145 0.002562 0.002783 0.050613 0.047878 0.020481 0.008768 0.033179 0.00149 0 0 4e-006 8.9e-005 0.000923 0.007336 0.001159 0 0.002628 0.001302 0.015555 0.003716 0 0 0 0.000125 0 0 0 0 0 0 0 0 0 0 0 0 0 0 0 4e-006 0.002087 0.000679
0.009006 0.021567 0.055194 0.002268 0 0 0 0.000122 0.002799 0.000699 0.000633 0.00132 0.004098 0.000295 0.001275 1e-006 0.006833 0.019818 0.072951 0.141461 0.047928 0.003299 0.003313 0.001456 0.003388 0.000348 0.00023 0.000316 0 0.002783 0.014178 0.008019 5e-006 0 0 0 0 0.00478 0.006877 0.007241 0.007493 0.016236 0.008512 0.004291 0 0 0.000615 0.00942 0.009114 0 0 0.001132 0.000181 0 0 0 0 0 0 0 0 0 0 0 0 0 0 0 0 0 0 0 0 0 0 2.1e-005 0
0.040895 0.008404 0.000784 0 5e-006 0 0 0 0.004351 0.004356 0.011163 0.023427 0.004719 0.005361 0.000211 0.000545 0.002192 0.043248 0.052067 0.052112 0.002031 0.002625 0.01327 0.001846 1.5e-005 0.000955 0.001017 0.008982 0.008319 0.010462 0.01463 0.000413 0.000372 0.005305 0.000515 0 1e-006 0.000168 0.001632 0.015816 0.007203 0.004777 0.050013 0.017683 0.000847 0 0.000285 0.017789 0.018142 0.000182 0 0 0 0 0 0 0 0 3.3e-005 0.005467 0.009728 0.000446 0 0 0 0 0 0 0 0 0 0 0 0 0 0 0
0.050778 0.004401 0.001537 0.001055 0.000118 0 0 0 0 0.00021 0.007417 0.042014 0.006337 0.003759 0.000848 0 0 0.001454 0.00178 0.009843 0.001265 0.001147 0 0 0.00034 0.006823 0.009678 0.029048 0.039684 0.011938 0.004369 0 2.4e-005 0.004716 0.000226 0 0.000396 0.00302 0.014215 0.031975 0.001825 0.003998 0.074625 0.06482 0.002889 0.00035 0.004502 0.022178 0.004206 0.001303 0.000428 0.003153 0 0 0 0 0 0 2.6e-005 0.000241 0.010275 0.00147 0 0 0 0 0 0 0 0 0 0 0 0 0 0 0
0.007346 0.000335 0.007036 0.00147 0.007224 0.000482 0 0 0 0 9.6e-005 0.02484 0.013162 0.000286 0 0 0 0.001154 0.001101 0.014148 0.002302 0.000382 0.000589 0.000795 0.000598 0.002319 0.002557 0.013548 0.018577 0.008336 0 0 0.000297 0.007125 4.3e-005 0 0.000428 0.01435 0.099252 0.009286 0.000561 0.06119 0.020939 0.003003 0.001011 0 0.006864 0.030956 0.001536 0.014863 0.030064 0.021672 0.000913 0 0 0 0 0 0 0.000746 0.001466 0 0 0 0 0 0 0 0 0 0 0 0 0 0 0 0
0.059563 0.003548 0.027313 0.006458 0.010305 0.0055 0.000164 0.000295 0.004328 0.002494 0.001411 0.030653 0.061347 0.002594 0 0.000286 0.001016 0.00168 0.004163 0.005498 0.037728 0.015672 0.00072 2e-005 0.00413 0.000173 0 0.000282 0.063687 0.035961 0.001115 0 0 5.1e-005 0.000314 6.7e-005 0.000349 0.027879 0.013648 0.006657 0.020669 0.016405 0.001863 0.002331 0 0 0.002581 0.002949 0.000475 0.034351 0.047974 0.01245 3.1e-005 0 0 0.000664 0 0 0 0 0 0 0 0 0 0 0 0 0 0 0 0 0 0 0 0 0
0.003815 0.000389 0.00121 0.009497 0.007507 0.000109 0 0 0.00485 0.001177 0.000113 0.002667 5.2e-005 0.000271 0 0.000377 0.013551 0.010146 0.001107 0.001893 0.013655 0.010148 0.017004 0.005182 0.012638 0.000415 0 0.00139 0.058906 0.041706 0.000832 0 0 0 1.4e-005 0 0 0.000445 0.068629 0.080889 0.034564 0.021667 0.009222 0.005996 0.000533 0 1.6e-005 0.001297 0.002403 0.011334 0.006457 0.000389 0.000231 0 0 0 0 0 0 0 0 0 0 0 0 0 0 0 0 0 0 0 0 0 0 0 0
0.008204 0.000262 3e-006 0.000983 0.000232 0.00431 0.000363 0 0.000779 0 0 9.5e-005 0.004754 0.004087 0.000811 0 0.0007 0 0 0.001079 0.000683 0.011414 0.006439 0.041458 0.075546 0.016299 0.000515 0.000174 0.008523 0.007192 0.000843 0.001541 0.001249 0.001071 0.000207 0 4.1e-005 0.009022 0.020149 0.099831 0.014568 0.021801 0.060237 0.008389 0.002265 0.055151 0.006781 0 0 2.9e-005 0 0 0 0 0 0 0 0 0 0 0 0 0 0 0 0 0 0 0 0 0 0 0 0 0 0 0
0 0 0.000241 0.002777 0.005492 0.022543 0.008247 0 0 0 0 0.001801 0.002459 0.001196 1e-005 0.003084 0.001632 0 2.4e-005 0.000455 0.003241 0.005426 0.023004 0.085933 0.059585 0.012344 0.009998 0.000588 0.000202 0 0.000108 0.002054 0.001811 0.000321 0.000414 0.001801 0.004163 0.026116 0.048017 0.033919 0.013418 0.051936 0.018472 0.000449 0.000637 0.01898 0.012145 0 0 0 0 0.001958 0.000144 0.000308 0 0 0 0 0 0 0 0 0 0 0 0 0 0 0 0 0 0 0 0 0 0 0
2.1e-005 0.000178 0.000355 0.004011 0.005433 0.024492 0.013958 0.00232 0 0 0 0.001603 0.012562 0.000412 0.009256 0.002557 0.002469 0.000631 0.002684 0.007952 0.002525 0.001589 0.04729 0.047543 0.011297 0.002839 0.030998 0.025987 0.001323 0.00155 0.00186 0.012273 0.00677 0.013214 0.029681 0.020446 0.070612 0.007233 0.001219 0.002322 0.000979 0.007138 0.00184 0.024856 0.01053 9.5e-005 0.004278 0 0 0 0 0.000617 5.4e-005 0 0 0 0 0 0 0 0 0 0 0 0 0 0 0 0 0 0 0 0 0 0 0 0
0 0.001655 0.000288 0.002294 0.025008 0.001972 0 0.000283 0.000859 0.005077 0.004681 0.000152 0.000239 5.6e-005 0.002349 0.001543 0.003514 0.001748 0.001082 7e-005 0 0.004021 3.8e-005 0.001453 0.000608 0.005902 0.013109 0.021504 0.019204 0.009802 0.015642 0.008416 0.010107 0.006876 0.062134 0.04955 0.035322 9.7e-005 6e-005 0.001352 0 0 4e-006 0.005374 0 0 2.6e-005 0 0 0 0 0 0 0 0 0 0 0 0 0 0 0 0 0 0 0 0 0 0 0 0.000319 0.001408 0 0 0 0 0
0.000798 0.009066 0.002419 0.001102 0.020339 1.5e-005 4.3e-005 7.3e-005 7e-006 0.007852 0.051669 0.049762 0.004309 0.000468 9e-005 0.001774 0.036115 0.005933 0.001415 0 0 0.001498 0 0 0 0.002354 0.052316 0.217333 0.068322 0.03891 0.000568 0.023022 0.030085 0.036528 0.031973 0.039995 0.029752 0 0 0 7.1e-005 0 8.2e-005 0 0 0 0 0 0 0.000155 0.000122 0 2e-006 5.2e-005 1.6e-005 0 0 0 0 0 0 0 0 0 0 0 0 4e-005 0.000315 0 0 0 0 0 0 0 0
0.000546 0.019879 0.005482 0.003803 0.012709 0.003878 0.002917 0.000218 0.002059 0.014979 0.06762 0.059599 0.003828 0.002547 0.011197 0.004838 0.038399 0.042092 0.011842 0.000179 0 0.000344 0 0 0 0.002193 0.05932 0.127248 0.074567 0.058464 0.001553 0.009471 0.015294 0.000562 0.013908 0.008885 0.000826 0 0 0.002028 0.000545 0.000638 0.005264 1e-006 0 0 0 0 0 0 9.3e-005 0 0.001254 0.013583 0.022216 0.002252 0 0 0 0 0 0 0 0 0 0 0 0 0 0 0 0 0 0 0 0 0
0.000247 0.000683 0.000921 0 0 3.6e-005 0.000526 0.00113 0.010654 0.004712 0.025356 0.034417 0.002511 0.002696 0.025686 0.093024 0.022657 0.002651 0.003759 0.000885 0.002542 0.007063 0.001234 0.000101 1.8e-005 0.000183 0.00105 0.004927 0.034466 0.081352 0.03361 0.001225 0.002038 0.00049 5.1e-005 8e-005 0.002086 0 0.004303 0.002331 0.000431 0.000216 0 0 0 0 0 0 0.00017 0.000285 0.000352 0 0 0.00691 0.00146 0 0 0.000292 0 0 0 0 0 0 0 0 0 0 0 0 0 0 0 0 0 0 0
0 0.000596 0.000237 0.000174 0.000311 0.001116 0.000625 0 0.00036 0.002669 0.03379 0.000738 0.002256 0.008267 0.012576 0.005933 0.00123 0.000366 0.016665 0.004202 4.8e-005 0.008648 0.007999 0.018581 0.001511 4.8e-005 0 0.001961 0.014426 0.015284 0.005532 0.002296 0.005401 1.2e-005 0.000108 0.001306 3.4e-005 6e-006 0.001584 0.002226 0.000122 0.002275 0.000473 0 0 0 0 0 0.000385 0.002809 0 0 0.00016 0 0 3.2e-005 0 0 0 0 0 0 0 0 2e-006 0 0 0 0 0 0 0 0 0 0 0 0
0.000688 0.002467 0.002918 0.000201 0.013994 0.04237 0.000239 0 0 0.000402 0.009415 0.003498 0 5e-005 0.000111 0.006987 0.002729 0.001454 0.013341 0.018757 0.001492 0.000287 0 0 0 4.1e-005 0.000229 0.007786 0.021872 0.021986 0.028588 0.004079 0.011202 0.000572 0.009307 0.033178 0.013467 0.005526 0 0 0 0.000294 1e-005 0 0 0 0 0 0.003745 0.011087 0 0 0 0 0 0 0 0 0 0 0 0 0 4.4e-005 0.000971 0.000265 3.5e-005 0 0 0 0 0 0 0 0 0 0
0.002036 0.0002 0.000126 0 0.00554 0.021516 0.015861 0 2e-006 0.002322 0.000136 1.3e-005 0.000128 0.043399 0.0129 0.001487 0.000103 0.001038 0.004436 0.003179 0.012479 0.000374 0 0 3e-006 0.015241 0.038236 0.062871 0.000592 0.003202 0.015381 0.004099 0 0.000124 0.001509 0.00784 0.01138 0.022586 0 0 0.001705 7.4e-005 0 0 0 0 0 0 0 0 0 0 0 0 0 0 0 0 0 0 0 0 0 2e-006 0.002498 1.1e-005 0 0 0 0 0 0 0 0 0 0 0
0.000566 0.005581 0.000448 0 0.001647 0.002602 0.014651 0.00018 0.001284 0.001659 0 0 0.009419 0.010253 0.000511 0.000259 0 0 7.5e-005 0.006412 0.01719 0.00564 7e-006 0.00067 0.000444 0.01794 0.02288 0.100134 0.040296 0.000748 0 0 0 0.001099 0.019411 0.019343 0.012619 0.008782 0.00023 0 0 0 2.1e-005 0 0 0 0 0 0 0 0 3.4e-005 0.000124 0 0 0 0 0 0 0 0 0 0 0.002284 0.000738 0 0 0 0 0 0 0 0 0 0 0 0
0 0 0 0 0.000269 0.000105 0.00017 0.000106 0.002128 0.000625 0 2.7e-005 0.004666 0.00572 4.6e-005 1e-006 0 0 0.007092 0.029034 0.01641 0.002387 0.000608 0.000313 0.000147 0.015471 0.009268 0.087382 0.06637 0.000846 0 0 0 0 4.4e-005 0 6.9e-005 0.000725 0 0 0 0.000492 0.00014 2.1e-005 0 0 0 0 0 0 0 0.006096 0.001008 0.000451 0 9.3e-005 0 0 0 0 0 0 0 0 0 0 0 0 0 0 0 0 0 0 0 0 0
0 0 0.001071 0.000218 0 0.000776 0.006655 0.025512 0.005637 0.00169 0.000852 0.000164 0.00157 0.002062 3.6e-005 0 0 0 0.001214 0.010908 0.019531 0.104318 0.009021 0.001886 0.000123 0.00127 0.006752 0.009448 0.015145 4e-006 0 0 0 0 0 0 0.00075 0 0 0 0 0.000106 0 0 0 0 0 0 0 0 0.00112 0.01424 0.018334 0.0227 0.001618 0.004601 4.2e-005 0 0 0 0 0 0 0 0 0 0 0 0 0 0 0.002147 0.002382 0 0.0016 0 0
0.000911 0.000421 0.003648 3e-006 7.4e-005 0.011096 0.008105 0.025108 0.013551 0.024311 1.1e-005 0 0 0 0.001027 0.001548 0.00353 0.00014 1.1e-005 0.000969 0.046455 0.061673 0.002499 0 0.016498 0.009337 0 1.1e-005 0.002164 0 0 0 0 0.000106 0.000738 0.005357 0.000286 0 0 0 0 0 0 0 0 0 0 0 0 0 4e-005 0.000577 0.000204 0.001892 0 0.000106 0 0 0 0 0 0 0 0 0 0 0 0 0 0 0 0.000623 0.001735 0 9.3e-005 0 0
0.028903 0.004817 0.008344 0.00091 0.000446 0.049218 0.100437 0.113051 0.073295 0.003767 0.002584 0.002511 0.001572 0.00033 0.003096 0.008027 0.013007 0.001136 0 0.001912 0.0127 0.000932 2e-006 0.007778 0.021196 0.006124 0 0 0.000194 0 0 0 0 0 0.000916 8e-005 0 0 0 0 0 0 0 0 0 0 0 0 0 0 0.003408 0.000615 0 0 0 0 0 0 0 0 0 0 0 0 0 0 0 0 0 0 0 0.001561 0.00356 0 0 0 0
