EnvRasters/BAU_High/rapeseed.asc
ncols         270
nrows         223
xllcorner     24099.479091542
yllcorner     21023.840179216
cellsize      1003.8986847201
NODATA_value  -9999
[rows 68 to 101 of 223, columns 0 to 76 of 270]
-9999 0 0.009792 0.239935 0.048708 0.007024 0.035936 0.033486 0.043234 0.057193 0.181663 0.220484 0.053697 0.209948 0.104681 0.001783 0.009083 0.079708 0.013998 0.001534 0.018784 0.158133 0.091808 0.031397 0.035836 0.04247 0.050399 0.133701 0.040985 0.053228 0.015281 0.059859 0.035485 0.002937 0.039553 0.061595 0.047522 0.034865 0.024809 0.061901 0.063929 0.052915 0.023361 0.028752 0.016578 0.018633 0.001617 0.047138 0.013594 0.011686 0.025439 0.086608 0.011576 0.00174 0.006547 0.02556 0.016705 0.007896 0 0 0.006612 0.010017 0.057626 0.033937 0.002441 0.006642 0.001649 0.016637 0.022722 0.120615 0.003799 0.006739 0.087689 0.016632 0.016148 0.005261 0.001967
-9999 0.000537 0.00765 0.019027 0.077733 0.097975 0.001714 0.012968 0.158857 0.192926 0.133203 0.198453 0.009939 0.139086 0.075908 0.004753 0.000148 0.03519 0.045694 0.068543 0.013751 0.094833 0.229153 0.059497 0.106923 0.015747 0.011653 0.150156 0.023637 0.021181 0.029798 0.049776 0.064351 0.068645 0.084456 0.079776 0.049897 0.033372 0.042118 0.056775 0.041818 0.018664 0.004844 0.024545 0.044656 0.019772 0.025791 0.025304 0.002325 0.000256 0.014001 0.00874 0.015748 0.006773 0 0.000639 0.000395 0.000123 4.5e-005 0 0.002243 0.016783 0.006211 0.00561 3e-005 0.001682 0.009499 0.021088 0.006759 0.005301 0.004699 0.01376 0.026714 0.024816 0.002502 0.001252 0.019947
-9999 0.00182 0.054355 0.02648 0.08454 0.048229 0.030809 0.08545 0.146154 0.082056 0.055459 0.180884 0.163172 0.077914 0.005964 0.003741 0.003639 0.065397 0.004051 0.126368 0.044205 0.008766 0.035522 0.075128 0.055526 0.009828 0.039663 0.040903 0.014468 0.019137 0.049497 0.053871 0.111412 0.059489 0.020214 0.060753 0.034125 0.030913 0.032913 0.049283 0.010677 0.000369 0.000401 0.006198 0.031468 0.05673 0.004577 0.003567 0.011471 0.011693 0.03579 0.001425 0.001608 0.014409 0.006614 0.000553 0.010535 0 0 0 0 0.007229 0.00718 0.005845 0.00228 0.001622 0.015087 0.041909 0.058799 0.001582 0.013038 0.02137 0.006174 0.01255 0.022889 0.01042 0.003525
-9999 0.136374 0.090984 0.14477 0.026034 0.021812 0.084199 0.100616 0.120671 0.007529 1.5e-005 0.003527 0.01533 0.019497 0.008755 0.010928 0.000887 0.016365 0.005775 0.006282 0.013109 0.000108 0.018301 0.144601 0.109337 0.042299 0.007519 0.011819 0.021549 0.012003 0.02632 0.034274 0.051104 0.026613 0.015172 0.030035 0.013694 0.01062 0.020432 0.013213 0.04977 0.027909 0.008232 0.010113 0.037157 0.029842 0.012081 0.000702 0.001682 0.016277 0.004468 0.000158 0.010644 0.012144 0.031892 0.012524 0.02141 0.001393 0.000342 0.000387 0.015585 0.001781 0.018898 0.012648 0.010412 0.017582 0.007923 0.030553 0.078845 0.020829 0.013536 0.000546 0.000117 0.000511 0.019092 0.022884 0.035422
-9999 0.020767 0.037381 0.147438 0.076026 0.045209 0.056974 0.014127 0.139992 0.005571 0.002705 0.024207 0.0086 0.05101 0.13758 0.265373 0.077794 0.017117 0.010657 0.005045 0 3e-006 0.005252 0.046981 0.02227 0.003479 0.002251 0.004745 0.001269 0.01507 0.053268 0.025767 0.194645 0.076575 0.079335 0.038657 0.00836 0.005209 0.004094 0.01604 0.075039 0.029896 0.011775 0.009974 0.001165 0.008711 0.002953 0.000204 0.000136 0.000241 0.001549 0 0.001737 0.009155 0.001223 0.000158 0.001389 0.002784 0.040729 0.018385 0.033548 0.012213 0.015016 0.011225 0.00176 0.020221 0.094039 0.015881 0.00365 0.017991 0.007853 0 0 9.6e-005 0 0.025376 0.013487
-9999 -9999 0.017809 0.194496 0.142711 0.060762 0.057214 0.081154 0.119241 0.121091 0.167568 0.151872 0.198027 0.099174 0.099332 0.160174 0.187074 0.17885 0.078501 0.031529 0.000295 0.000409 0.020972 0.056695 0.011957 0.062071 0.035062 0.050329 0.021985 0.0009 0.00854 0.017655 0.031749 0.020512 0.01672 0.031331 0.011923 0.020303 0.015091 0.054207 0.009144 0.011546 0.002266 0.004989 0.000206 0.003302 0.011428 0.001926 0.000264 0.003232 0 0.000515 0.005388 0.005125 0.00112 0.001054 0.015648 0.006977 0.003405 0.002932 0.015889 0.050852 0.002639 0.007703 0.000283 0.014131 0.025954 0.000635 0.041732 0.060501 0.00219 0 0.000241 5.1e-005 0.015357 0.008789 0.008216
-9999 -9999 0 0.213746 0.172386 0.135689 0.159643 0.038154 0.179838 0.135339 0.14501 0.145852 0.218314 0.159814 0.166221 0.19656 0.062032 0.036429 0.081257 0.039776 0.020126 0.021287 0.065108 0.02456 0.014579 0.038453 0.054655 0.036102 0.00733 0.000596 0.000822 0.022466 0.03169 0.019445 0.007249 0.021413 0.021758 0.004894 0.04621 0.149354 0.033382 0.01041 0.027452 0.006375 0.000818 0.000943 0.002199 0.000131 0.002538 0.001381 0.00149 0 0.006452 0.000357 0.000646 0.000267 0.001651 0.000529 0.001619 0.004458 0.022869 0.052931 0.007024 0.010695 0.01 0.004801 0.009575 3.8e-005 0.005482 0.013238 0 0 0.000583 0.005462 0.011812 0.011563 0.020776
-9999 -9999 -9999 0.040657 0.031366 0.080575 0.04384 0.005756 0.0329 0.075267 0.040422 0.092929 0.027066 0.15066 0.109916 0.257673 0.101127 0.013689 0.009193 0.013064 0.018702 0.053719 0.023279 0.022172 0.01029 0.026535 0.014557 0.049926 0.008312 0.004885 0.003285 0.0457 0.023694 0.03457 0.015163 0.029802 0.132749 0.050553 0.109605 0.051463 0.092026 0.000615 0.015068 0.002871 0.000679 0.001277 0.003649 0 0 0.000542 0.008736 0.000727 0.001032 0.009865 0.001646 0.000667 0.005303 0.03836 0.022566 0.031519 0.030318 0.008336 9.5e-005 0.009292 0.001893 0.01362 0.000575 5e-005 0.000829 0.000109 0 2.1e-005 0.003483 0.006429 0.002558 0.000271 0.005235
-9999 -9999 -9999 0.000114 0.001635 0.001077 0.000739 0.000107 0.017697 0.028819 0.018049 0.0031 0.051414 0.113281 0.131523 0.066237 0.075332 0.042444 0.003162 0.012347 0.003475 0.078387 0.018873 0.001132 0.003582 0.055384 0.045089 0.014757 0.047585 0.030185 0.018934 0.009657 0.043566 0.009654 0.014085 0.039698 0.01685 0.033379 0.043012 0.072421 0.033859 8e-006 0.00221 0.001037 0.008846 0.011369 0.007339 0.000292 0 0.000454 0.017147 0.025708 0.003959 0 0.001826 0.000782 0.015819 0.100236 0.034237 0.006779 0.021871 0.004258 0 0.003546 0.067794 0.06711 0.001321 0 0.002531 0.002459 0.00562 0.004122 0.005483 0.002109 0.002011 0.001094 0.00624
-9999 -9999 -9999 -9999 -9999 -9999 -9999 -9999 -9999 0.008381 0.102606 0.01491 0.016999 0.069531 0.105123 0.025482 0.013545 0.001491 0.01115 0.016888 0.015964 0.01455 0.092714 0.016568 0.003005 0.054678 0.015369 0.020347 0.013576 0.000397 0.010575 0.007393 0.058377 0.022626 0.005464 0.001774 0.009196 0.000988 0.004677 0.068593 0.005009 0 0.000757 0.019887 0.007401 0.005171 0.001444 0.000409 0 0.005452 0.037054 0.061851 0.002774 0.002394 0.010193 0.053853 0.03943 0.126965 0.014428 0.001554 0.003244 0.006198 0 0 0.025105 0.099139 0.0186 0.021057 0.082381 0.005635 0.01419 0.005977 0.00396 8.7e-005 0.011211 0.012367 0.010204
-9999 -9999 -9999 -9999 -9999 -9999 -9999 -9999 -9999 0 0.000829 0.016338 0.016381 0.011862 0.021673 0.096496 0.070281 0.105159 0.026899 0.094411 0.033143 0.002931 0.016308 0.019755 0.079354 0.082067 0.006364 0.054807 0.0034 0.001712 0.036445 0.05223 0.028593 0.072099 0.036448 0.015726 0 0 0.001205 0.008171 0.006821 0.00036 0.002473 0.02372 0.012288 0.037437 0.000358 0.005763 0.006762 0.003084 0.115631 0.157797 0.010439 0.050269 0.041185 0.078756 0.093242 0.220348 0.118474 0.081763 0.040957 0.019435 0.000363 0.000472 0.00128 0.010952 0.100041 0.196939 0.120706 0.014042 0.006415 0.009818 0.022311 0.000719 0.066638 0.082017 0.003668
-9999 -9999 -9999 -9999 -9999 -9999 -9999 -9999 -9999 -9999 0.000152 0.016484 0.030347 0.018434 0.01172 0.076043 0.033043 0.079238 0.133034 0.040841 0.008635 0.034821 0.023917 0.053373 0.016137 0.01107 0.001851 0.031406 0.017433 0.012909 0.023562 0.053765 0.025693 0.071592 0.078257 0.018007 7e-005 0 0.000478 0.004611 0.00069 0.012069 0.00117 0.003043 0.058115 0.014468 0.003801 0.0192 0.060638 0.073081 0.102643 0.045489 0.022525 0.035565 0.073025 0.081752 0.165024 0.189148 0.247112 0.193931 0.125587 0.095188 0.018464 0.013839 0.001056 0.003358 0.071977 0.034801 0.008972 0.000127 0.003974 0.003304 0.000555 0.002534 0.027497 0.003501 0.000927
-9999 -9999 -9999 -9999 -9999 -9999 -9999 -9999 -9999 -9999 0 0.024248 0.062304 0.076325 0.003278 0.004674 0.005327 0.045706 0.185499 0.052159 5e-006 0.032222 0.033089 0.078323 0.233679 0.131174 0.024151 0.017008 0.005308 0.005196 0.004125 0.000268 0 0.002688 0.001798 0.047364 0.013968 -9999 -9999 0.000178 0.000686 0.030551 0.010432 0.006997 0.013039 0.013758 0.023427 0.032523 0.038316 0.06454 0.073085 0.051557 0.014053 0.012228 0.03574 0.044363 0.053139 0.066471 0.074214 0.069067 0.040015 0.001647 0.007497 0.000748 0.000568 0.00432 0.001176 3.4e-005 0.019734 0.008105 0.002292 0.00322 0.000786 0.00178 0.002215 0.003288 0.002348
-9999 -9999 -9999 -9999 -9999 -9999 -9999 -9999 -9999 -9999 -9999 -9999 0.051702 0.042579 0.012711 0.047062 0.003395 0.139379 0.126868 0.030348 0.046903 0.028833 0.027213 0.038288 0.326793 0.095195 0.050837 0.050351 0.028221 0.001959 0.002472 0.000613 -9999 -9999 4.6e-005 0.000504 -9999 -9999 -9999 -9999 0.011107 0.015484 0.014971 0.0533 0.013343 0.008009 0.015322 0.008375 0.003625 0.014737 0.017193 0.061159 0.005023 0.006986 0.07175 0.106793 0.040208 0.055792 0.026555 0.005404 9e-006 0 0.00251 0 0.000796 0.00377 0.00388 0.009171 0.013953 0.001823 0.000216 0 0.000687 0.000599 0.00402 0.005833 0.000781
-9999 -9999 -9999 -9999 -9999 -9999 -9999 -9999 -9999 -9999 -9999 -9999 0.012739 0.031112 0.02437 0.059425 0.060007 0.266303 0.164888 0.064683 0.162104 0.02513 0.206502 0.101417 0.047508 0.042626 0.066951 0.061935 0.01143 0 -9999 -9999 -9999 -9999 -9999 -9999 -9999 -9999 -9999 -9999 0.000223 0.002502 0.063374 0.009009 0.001848 0.016755 0.037404 0.003553 0.058654 0.105888 0.038024 0.104327 0.102428 0.173456 0.21894 0.232111 0.010591 0.084677 0.089871 0.04089 0.002665 0.00119 0.012947 0.000681 0.001931 0.000612 0.000551 0.002645 0.00331 0.002894 0.000323 0 0.002165 0.002399 0.000495 0.004732 0.003025
-9999 -9999 -9999 -9999 -9999 -9999 -9999 -9999 -9999 -9999 -9999 -9999 -9999 0.010574 0.060394 0.078403 0.010727 0.080833 0.082624 0.003569 0.002356 0.152802 0.168367 0.060985 0.00162 0.001922 0.019953 0.009426 -9999 -9999 -9999 -9999 -9999 -9999 -9999 -9999 -9999 -9999 -9999 -9999 -9999 0.002391 0.001031 0.004141 0.002262 0.00361 0.0001 0.005686 0.024202 0.103165 0.057644 0.167908 0.200232 0.155458 0.077462 0.171113 0.090476 0.215761 0.194492 0.023072 0.004018 0.0075 0.010784 0.000671 0.006132 0.008315 0.013012 0.001704 0.002861 0.000989 8.8e-005 4e-005 0.002447 0.000168 0.007388 0.007676 0.002374
-9999 -9999 -9999 -9999 -9999 -9999 -9999 -9999 -9999 -9999 -9999 -9999 -9999 0.003665 0.012857 0.005192 0.002165 0.050995 0.031485 0.001602 0.000787 0.032457 0.026018 0.00503 0.00023 0 -9999 -9999 -9999 -9999 -9999 -9999 -9999 -9999 -9999 -9999 -9999 -9999 -9999 -9999 -9999 0 0 1.2e-005 0 6.4e-005 0.000276 0.002643 0.022926 0.018546 0.038478 0.06281 0.151668 0.074512 0.006232 0.080761 0.092172 0.104556 0.143748 0.025788 0.018815 0.02199 0.003009 0.039549 0.13398 0.071035 0.070547 0.062823 0.00823 0.007247 0.000181 0 0 0.000164 0.000155 0.000217 0.001484
-9999 -9999 -9999 -9999 -9999 -9999 -9999 -9999 -9999 -9999 -9999 -9999 -9999 2.1e-005 0.001539 0.031709 0.089593 0.003182 0.026824 0.013566 0.033386 0.01455 0.002756 0 0 0 -9999 -9999 -9999 -9999 -9999 -9999 -9999 -9999 -9999 -9999 -9999 -9999 -9999 -9999 -9999 -9999 1.4e-005 0 0.001316 4.4e-005 0.001137 0.003564 0.011856 0.024671 0.005972 0.10297 0.110596 0.139856 0.088584 0.093552 0.069911 0.077697 0.10376 0.014562 0.006896 0.089754 0.046847 0.021026 0.018748 0.010526 0.023054 0.022825 0.011686 0.006244 0.001307 0.000107 0.000221 0.000435 0.003467 0.001594 0.006138
-9999 -9999 -9999 -9999 -9999 -9999 -9999 -9999 -9999 -9999 -9999 -9999 -9999 -9999 0.00061 0.047223 0.031324 0.017575 0.034431 0.002744 0.005842 0.006229 0.003343 0 0 -9999 -9999 -9999 -9999 -9999 -9999 -9999 -9999 -9999 -9999 -9999 -9999 -9999 -9999 -9999 -9999 -9999 4e-006 0.001731 0.009049 0.002102 0.005694 0.021029 0.028098 0.038241 0.000365 0.005637 0.084858 0.155603 0.183355 0.017631 0.004264 0.107896 0.118195 0.015236 0.002032 0.016257 0.04929 0.107543 0.069456 0.077986 0.037134 0.044383 0.006061 0.012177 0.001946 0.002357 0.003333 0.000476 0.002802 0.002033 0.001699
-9999 -9999 -9999 -9999 -9999 -9999 -9999 -9999 -9999 -9999 -9999 -9999 -9999 -9999 -9999 0.00139 0.002483 -9999 0.00019 0.005069 0.089607 0.019371 0.000784 0.00125 0 -9999 -9999 -9999 -9999 -9999 -9999 -9999 -9999 -9999 -9999 -9999 -9999 -9999 -9999 -9999 -9999 -9999 0 0.000222 0.007139 0.051805 0.034065 0.019909 0.047741 0.014751 0.005935 0.038703 0.139328 0.064007 0.009678 0.001571 0.070948 0.147895 0.248448 0.253777 0.048583 0.111619 0.104926 0.070627 0.025712 0.055801 0.105252 0.07634 0.030714 0.002212 0.000555 0.002884 0.00013 0.000116 0.003508 0.003281 0.000582
-9999 -9999 -9999 -9999 -9999 -9999 -9999 -9999 -9999 -9999 -9999 -9999 -9999 -9999 -9999 -9999 -9999 -9999 -9999 9.3e-005 0.005516 0.011602 0.015084 0.000132 -9999 -9999 -9999 -9999 -9999 -9999 -9999 -9999 -9999 -9999 -9999 -9999 -9999 -9999 -9999 -9999 -9999 -9999 -9999 0 0.004873 0.028746 8.1e-005 0.005059 0.009212 0.022783 0.131377 0.033776 0.05399 0.248889 0.257205 0.130107 0.200612 0.448456 0.138478 0.113834 0.12391 0.053039 0.076103 0.086969 0.055915 0.013197 0.201648 0.253479 0.021546 0.002602 0.004036 0.021038 0.002445 0.003919 0.000113 0.001862 0.000867
-9999 -9999 -9999 -9999 -9999 -9999 -9999 -9999 -9999 -9999 -9999 -9999 -9999 -9999 -9999 -9999 -9999 -9999 -9999 -9999 -9999 0.000561 0.002263 -9999 -9999 -9999 -9999 -9999 -9999 -9999 -9999 -9999 -9999 -9999 -9999 -9999 -9999 -9999 -9999 -9999 -9999 -9999 -9999 -9999 -9999 -9999 0 0.000802 0.003542 0.029992 0.019125 0.096181 0.214674 0.025751 0.033251 0.077733 0.433905 0.570389 0.042554 0.216712 0.14086 0.21988 0.092533 0.064808 0.236143 0.073845 0.084391 0.171989 0.121638 0.023611 0.004651 0.015359 0.004903 0.006955 0.00034 0.018453 0.002163
-9999 -9999 -9999 -9999 -9999 -9999 -9999 -9999 -9999 -9999 -9999 -9999 -9999 -9999 -9999 -9999 -9999 -9999 -9999 -9999 -9999 -9999 -9999 -9999 -9999 -9999 -9999 -9999 -9999 -9999 -9999 -9999 -9999 -9999 -9999 -9999 -9999 -9999 -9999 -9999 -9999 -9999 -9999 -9999 -9999 -9999 0.001613 0.031802 0.096198 0.239702 0.100016 0.147843 0.186369 0.1783 0.091975 0.045952 0.429068 0.326801 0.120491 0.100362 0.010644 0.091264 0.157283 0.026624 0.259715 0.153503 0.084781 0.071067 0.174459 0.118943 0.017263 0.009004 0.012972 0.005097 0.000428 0.008315 0.005302
-9999 -9999 -9999 -9999 -9999 -9999 -9999 -9999 -9999 -9999 -9999 -9999 -9999 -9999 -9999 -9999 -9999 -9999 -9999 -9999 -9999 -9999 -9999 -9999 -9999 -9999 -9999 -9999 -9999 -9999 -9999 -9999 -9999 -9999 -9999 -9999 -9999 -9999 -9999 -9999 -9999 -9999 -9999 -9999 -9999 -9999 0.000254 0.037663 0.211864 0.176215 0.03514 0.019449 0.046113 0.196159 0.108524 0.156174 0.221549 0.271412 0.082917 0.038384 0.044732 0.222889 0.063637 0.015776 0.017414 0.116355 0.054003 0.064043 0.008074 0.046798 0.012289 0.002257 0.005118 0.003431 0.022091 0.012795 0.012615
-9999 -9999 -9999 -9999 -9999 -9999 -9999 -9999 -9999 -9999 -9999 -9999 -9999 -9999 -9999 -9999 -9999 -9999 -9999 -9999 -9999 -9999 -9999 -9999 -9999 -9999 -9999 -9999 -9999 -9999 -9999 -9999 -9999 -9999 -9999 -9999 -9999 -9999 -9999 -9999 -9999 -9999 -9999 -9999 -9999 -9999 0.011687 0.034165 0.372576 0.211715 0.03919 0.045803 0.057491 0.117679 0.109944 0.117712 0.108203 0.060652 0.050413 0.010429 0.075339 0.028113 0.032854 0.045503 0.051607 0.240686 0.092179 0.080631 0.074215 0.111276 0.013298 0.011017 0.034125 0.038056 0.01176 0.006865 0.01204
-9999 -9999 -9999 -9999 -9999 -9999 -9999 -9999 -9999 -9999 -9999 -9999 -9999 -9999 -9999 -9999 -9999 -9999 -9999 -9999 -9999 -9999 -9999 -9999 -9999 -9999 -9999 -9999 -9999 -9999 -9999 -9999 -9999 -9999 -9999 -9999 -9999 -9999 -9999 -9999 -9999 -9999 -9999 -9999 -9999 0.001726 0.09498 0.039442 0.10308 0.244185 0.206847 0.065857 0.043387 0.098366 0.198971 0.07106 0.159812 0.162639 0.033716 0.039666 0.018542 0.005073 0.024904 0.029957 0.126277 0.092729 0.034353 0.005719 0.149246 0.297759 0.018835 0.005116 0.0091 0.050015 0.006453 0.004631 0.011097
-9999 -9999 -9999 -9999 -9999 -9999 -9999 -9999 -9999 -9999 -9999 -9999 -9999 -9999 -9999 -9999 -9999 -9999 -9999 -9999 -9999 -9999 -9999 -9999 -9999 -9999 -9999 -9999 -9999 -9999 -9999 -9999 -9999 -9999 -9999 -9999 -9999 -9999 -9999 -9999 -9999 -9999 -9999 -9999 -9999 0.000269 0.04371 0.152638 0.096243 0.166449 0.02372 0.015374 0.055006 0.33023 0.059352 0.109611 0.018446 0.038924 0.051528 0.015808 0.020794 0.074661 0.104706 0.052991 0.054189 0.06588 0.172696 0.02212 0.010947 0.013539 0.010527 0.018777 0.065592 0.091351 0.003972 0.000735 0.008708
-9999 -9999 -9999 -9999 -9999 -9999 -9999 -9999 -9999 -9999 -9999 -9999 -9999 -9999 -9999 -9999 -9999 -9999 -9999 -9999 -9999 -9999 -9999 -9999 -9999 -9999 -9999 -9999 -9999 -9999 -9999 -9999 -9999 -9999 -9999 -9999 -9999 -9999 -9999 -9999 -9999 -9999 -9999 -9999 -9999 -9999 0.039131 0.079735 0.006623 0.06927 0.051924 0.007288 0.026751 0.10452 0.103969 0.202494 0.050847 0.10349 0.051359 0.002387 0.041869 0.314889 0.198228 0.023937 0.010271 0.204507 0.269147 0.312026 0.007372 0.016112 0.000215 0.069393 0.05463 0.041791 0.009902 0.003625 0.021344
-9999 -9999 -9999 -9999 -9999 -9999 -9999 -9999 -9999 -9999 -9999 -9999 -9999 -9999 -9999 -9999 -9999 -9999 -9999 -9999 -9999 -9999 -9999 -9999 -9999 -9999 -9999 -9999 -9999 -9999 -9999 -9999 -9999 -9999 -9999 -9999 -9999 -9999 -9999 -9999 -9999 -9999 -9999 -9999 -9999 -9999 0.102484 0.008176 0.033162 0.002469 0.003206 0.013619 0.004782 0.028573 0.025518 0.024386 0.121942 0.188252 0.021219 0.080998 0.06795 0.177367 0.024434 0.030091 0.03624 0.292246 0.210915 0.256356 0.03853 0.001379 0.004078 0.119093 0.181307 0.099435 0.013255 0.049579 0.056526
-9999 -9999 -9999 -9999 -9999 -9999 -9999 -9999 -9999 -9999 -9999 -9999 -9999 -9999 -9999 -9999 -9999 -9999 -9999 -9999 -9999 -9999 -9999 -9999 -9999 -9999 -9999 -9999 -9999 -9999 -9999 -9999 -9999 -9999 -9999 -9999 -9999 -9999 -9999 -9999 -9999 -9999 -9999 -9999 -9999 -9999 0.000955 0.015373 0.079133 0.011772 0.021946 0.013352 0.002468 0.013748 0.003897 0.002228 0.001467 0.016943 0.075075 0.299403 0.058162 0.029186 0.025858 0.008139 0.03436 0.056643 0.120385 0.064811 0.079005 0.043074 0.000293 0.008719 0.031742 0.108851 0.087881 0.006836 0.074156
-9999 -9999 -9999 -9999 -9999 -9999 -9999 -9999 -9999 -9999 -9999 -9999 -9999 -9999 -9999 -9999 -9999 -9999 -9999 -9999 -9999 -9999 -9999 -9999 -9999 -9999 -9999 -9999 -9999 -9999 -9999 -9999 -9999 -9999 -9999 -9999 -9999 -9999 -9999 -9999 -9999 -9999 -9999 -9999 -9999 -9999 0.004389 0.048694 0.065399 0.017268 0.029299 0.007174 0.005757 0.037714 0.000459 0.001169 0.000572 0.032215 0.043017 0.052422 0.059081 0.055723 0.007533 0.001463 0.017527 0.2413 0.057124 0.1176 0.257722 0.111023 0.010293 0.000785 0.00163 0.024491 0.098593 0.088759 0.063545
-9999 -9999 -9999 -9999 -9999 -9999 -9999 -9999 -9999 -9999 -9999 -9999 -9999 -9999 -9999 -9999 -9999 -9999 -9999 -9999 -9999 -9999 -9999 -9999 -9999 -9999 -9999 -9999 -9999 -9999 -9999 -9999 -9999 -9999 -9999 -9999 -9999 -9999 -9999 -9999 -9999 -9999 -9999 -9999 -9999 -9999 -9999 0.000474 0.016131 0.019356 0.011273 0.022949 0.008087 0.006803 0.019242 0.000152 0 1.1e-005 0.026342 0.113775 0.117625 0.045606 0.00043 0.016144 0.089025 0.158888 0.020629 0.084122 0.106622 0.020174 0.013373 0.08363 0.037803 0.003305 0.023001 0.021281 0.000651
-9999 -9999 -9999 -9999 -9999 -9999 -9999 -9999 -9999 -9999 -9999 -9999 -9999 -9999 -9999 -9999 -9999 -9999 -9999 -9999 -9999 -9999 -9999 -9999 -9999 -9999 -9999 -9999 -9999 -9999 -9999 -9999 -9999 -9999 -9999 -9999 -9999 -9999 -9999 -9999 -9999 -9999 -9999 -9999 -9999 -9999 -9999 -9999 0.022194 0.023626 0.096751 0.011435 0.039912 0.177289 0.08286 0.004311 0.000297 0.000916 0.010648 0.017759 0.000539 0.01047 0.004609 0.006591 0.024644 0.122161 0.02578 0.002021 0.005456 0.188434 0.023926 0.023104 0.000294 0.000491 0.000905 0.004187 0
-9999 -9999 -9999 -9999 -9999 -9999 -9999 -9999 -9999 -9999 -9999 -9999 -9999 -9999 -9999 -9999 -9999 -9999 -9999 -9999 -9999 -9999 -9999 -9999 -9999 -9999 -9999 -9999 -9999 -9999 -9999 -9999 -9999 -9999 -9999 -9999 -9999 -9999 -9999 -9999 -9999 -9999 -9999 -9999 -9999 -9999 -9999 -9999 0.019386 0.172724 0.06533 0.099341 0.255956 0.031554 0.045351 0.125469 0.057798 0.188556 0.032973 0.002162 0 0.002852 0.042247 0.007566 0 0.000617 0.006432 0.025394 0.005705 0.024417 0.034678 0.004581 0.000405 0.005396 2.7e-005 0.022407 0.010172
