EnvRasters/BAU_High/resdntl.asc
ncols         270
nrows         223
xllcorner     24099.479091542
yllcorner     21023.840179216
cellsize      1003.8986847201
NODATA_value  -9999
[rows 58 to 86 of 223, columns 0 to 66 of 270]
-9999 -9999 0.009964978 0.03112575 0.01513348 0.03998442 0.1344768 0.08773483 0.04583992 0.02023428 0.1301146 0.01331179 0.06094585 0.03310384 0.004506746 0.06298868 0 0.04982489 0.05417434 0.01544477 0.03985991 0.09232194 0.117425 0.2532557 0.3453063 0.7063143 0.4375471 0.06568191 0.1096148 0.1393616 0.5966461 0.1052147 0.06969718 0.06056144 0.5217869 0.7817757 0.1981083 0.1118925 0.1387265 0.216157 0.06592493 0.1409322 0.2119911 0.7326334 0.30331 0.1917838 0.1532872 0.07102644 0.1578185 0.1530826 0.06506293 0.08719354 0.239645 0.1043948 0.09338371 0.03832888 0.05815727 0.07733062 0.1292568 0.08042561 0.3314737 0.1714375 0.2412971 0.03134357 0.02157091 0.02142042 0.3042694
-9999 -9999 0 0.0386291 0.08164612 0.02313283 0.05215726 0.04749252 0.04274889 0.05690089 0.04997542 0.0365131 0.01414934 0.02571058 0.009964978 0 0 0.02989493 0.0756871 0.0624276 0.06099709 0.06663509 0.06290963 0.4432708 0.1225964 0.06225491 0.01002988 0.01992996 0.1376822 0.160014 0.5071377 0.2529998 0.03198557 0.1359017 0.1920296 0.2593696 0.1297116 0.4123548 0.3049093 0.6916445 0.1983706 0.09023813 0.2239929 0.2502074 0.1670508 0.06921837 0.1796163 0.1147118 0.1375094 0.07921766 0.1227217 0.1393776 0.1039748 0.1071528 0.1030221 0.05983068 0.0610295 0.104818 0.2226679 0.1053051 0.1969134 0 0.2286 0.07971983 0.09938891 0.3450977 0.6046776
-9999 -9999 -9999 0.009964978 0.06443582 0.03510424 0.03985991 0.0512009 0.04293852 0.001455836 0.008685691 0.01992996 0.01992996 0 0.01992996 0.005487698 0.114092 0.009964978 0.06239203 0.2534267 0.1026408 0.06401723 0.08002415 0.10143 0.05974811 0.02989493 0 0.0556283 0.1012367 0.1001968 0.05132832 0.300844 0.1062082 0.1616635 0.1603851 0.1057584 0.3150142 0.8045444 0.7176102 0.4258265 0.2688174 0.4390517 0.08679169 0.2194706 0.09388202 0.02803087 0.2688234 0.08337349 0.1916234 0.26557 0.2425426 0.1561961 0.2982315 0.05969642 0.1238037 0.1379655 0.07215514 0.09322021 0.5883224 0.1992472 0.06097188 0.1680772 0.09124085 0.1794853 0.3277654 0.4932863 0.6159731
-9999 -9999 0 0.009964978 0.09739294 0.05233636 0.05469027 0.03630727 0.01816919 0.0121969 0.07750831 0.009964978 0.01329493 0 0.2567274 0.01500634 0.09202585 0.04178457 0.02169847 0.1743667 0.05888771 0.1062823 0.07073468 0.04197269 0.02970827 0.02986779 0.008691166 0.1397926 0.1498097 0.04079115 0.1083157 0.1023493 0.1113647 0.1064711 0.09275265 0.1414692 0.1797633 0.7287374 0.6707414 0.7318307 0.4104572 0.1762026 0.1325239 0.06725529 0.1093157 0.07268598 0.1307871 0.1466639 0.1464212 0.4685957 0.4076185 0.1150405 0.2511396 0.1263042 0.1991686 0.1646101 0.0868381 0.1067584 0.107043 0.04987132 0.1010463 0.1107942 0.03017639 0.3806476 0.5576066 0.2905535 0.1306343
-9999 -9999 0.01992996 0.111893 0.1218026 0.005146021 0.1894071 0.01992434 0.06980128 0 0.03590538 0.09334794 0.05993988 0.0713324 0.04385823 0.05311221 0.05978425 0.04436992 0.04162172 0.01849976 0.02989493 0.04982489 0.03717573 0.1238925 0.1308165 0.1494951 0.06849165 0.08218417 0.08185219 0.09775902 0.07200752 0.1388084 0.09277642 0.3694265 0.3486686 0.2518301 0.4548533 0.6791494 0.5804191 0.438592 0.151183 0.1826485 0.2361429 0.2374305 0.2676452 0.175237 0.1991014 0.1553414 0.1557158 0.6199479 0.4161189 0.1358991 0.05112227 0.1127763 0.2385762 0.08469201 0.03545097 0.3009923 0.1489803 0.1559171 0.2261799 0.1297402 0.2701573 0.0908002 0.3830453 0.1364001 0.03889805
-9999 0.04364139 0.1250572 0.01447765 0.04982489 0.02474892 0.05658374 0.0629067 0.03001944 0.1615483 0.1168642 0.2471802 0.04854787 0.03316115 0.07145782 0.02356322 0.04236626 0.03406008 0.02690317 0.1092465 0.09521725 0.06271157 0.02028633 0.1858127 0.1901111 0.1406302 0.05944765 0.04041707 0.1096673 0.2428458 0.4343651 0.1588247 0.11978 0.2607771 0.2178978 0.2266767 0.4549229 0.7197899 0.8048611 0.7924797 0.6250784 0.1307487 0.4200925 0.5691554 0.2914708 0.08550148 0.2824935 0.3810577 0.1575537 0.1491355 0.32534 0.2279466 0.2334148 0.1697392 0.2267947 0.08742762 0.03947291 0.4189126 0.2979819 0.5386325 0.1134241 0.3021588 0.4098969 0.1786856 0.189507 0.2229455 0.1657156
0.001885689 0.01804427 0.06003992 0.272279 0.05421856 0.02677063 0.08835357 0.1478763 0.03394165 0.0986911 0.1109349 0.07373272 0.1073746 0.03754937 0.04411308 0.03452369 0.06491308 0.09330668 0.0581166 0.08307582 0.1270922 0.0616785 0.06149751 0.09908175 0.03247934 0.05868751 0.3380346 0.1391129 0.08005759 0.08137447 0.1785494 0.08294552 0.08761258 0.1122743 0.1542073 0.06903245 0.1033137 0.3532099 0.5327249 0.5441024 0.5130128 0.4098516 0.3435658 0.2488132 0.4053511 0.6886304 0.6073763 0.5743117 0.1568853 0.09843334 0.1488979 0.1884508 0.2332174 0.2970307 0.2683941 0.08372485 0.1385281 0.3872326 0.4588132 0.19622 0.2322167 0.495553 0.45363 0.1191317 0.03136838 0.05294464 0.1505349
-9999 0 0.08744812 0.08243974 0.01556257 0.03531036 0.03486795 0.1360115 0.06424029 0.1109054 0.03985991 0.02380996 0.07625059 0.0785096 0.07000606 0.1316564 0.02331423 0.1143447 0.05334907 0.04937794 0.04197483 0.02989493 0.0989595 0.482154 0.4074673 0.100195 0.3302052 0.0508762 0.04950519 0.02989493 0.1407712 0.09829895 0.03372646 0.06413352 0.1384997 0.07236026 0.1377494 0.3947591 0.07985687 0.2626056 0.3957301 0.1473152 0.3691989 0.7104909 0.6774786 0.3893044 0.2335896 0.436809 0.2790214 0.3540135 0.3459014 0.3315357 0.5856556 0.6606948 0.2024639 0.2037279 0.1110747 0.2108206 0.1154063 0.01077757 0.5348188 0.7673508 0.1864988 0.1486055 0.1103854 0.07937899 0.1418467
-9999 0.009964978 0.07372152 0.04882782 0.0447138 0.06149251 0.05481686 0.07370006 0.05547616 0.05978987 0.06975485 0.04162958 0.02424527 0.05391385 0.3569924 0.1350248 0.03546203 0.02348188 0.1096459 0.08743495 0.08423841 0.09344862 0.1280722 0.08814214 0.2273599 0.02989493 0.03020239 0.07872131 0.03923213 0.06024659 0.2957526 0.1645933 0.0819459 0.1219602 0.1523646 0.1618573 0.06225825 0.1334927 0.1261356 0.1096091 0.211731 0.07693902 0.2571699 0.608085 0.639977 0.5139189 0.272592 0.5091406 0.3858651 0.1270807 0.06416657 0.1810512 0.3417525 0.09098323 0.2547753 0.6766146 0.4224075 0.4052097 0.2931961 0.2310968 0.5229326 0.5568911 0.1546971 0.04953827 0.1015674 0.1334697 0.3039213
-9999 0 0.01326607 0.02462018 0.07522064 0.2702413 0.02969639 0.03040015 0.02545088 0.05469267 0.08048463 0.06824843 0.01636138 0.1594102 0.1521276 0.0613811 0.1052787 0.05510436 0.1098279 0.4193447 0.09700394 0.1150304 0.03022529 0.02947389 0.120994 0.1509494 0.03952429 0.05082341 0.02008048 0.07196158 0.3755617 0.3866476 0.1327286 0.3899443 0.2966135 0.05647857 0.188034 0.4085629 0.2521921 0.1021075 0.1893234 0.03724561 0.2091707 0.4406832 0.1889409 0.2503588 0.1952608 0.1479674 0.2075913 0.05442274 0.0680701 0.147502 0.5125874 0.1861657 0.06953045 0.05715063 0.2544082 0.5324602 0.3672192 0.03495493 0.1662889 0.1589187 0.09674218 0.07352087 0.1878489 0.3122867 0.5724365
-9999 0 0.01992996 0.02989493 0.06385576 0.1045065 0.02991534 0.104658 0.09963789 0.05463118 0.02989493 0.04613416 0.05351563 0.04666474 0.05012922 0.05083551 0.4152734 0.2075829 0.003462718 0.1446018 0.04524873 0.03985991 0.0704122 0.01041222 0.1492716 0.1581922 0.02989493 0.05065063 0.04082366 0.1525988 0.1962583 0.04781149 0.08719514 0.5740242 0.3917466 0.06975485 0.1626045 0.3654151 0.07228222 0.1364067 0.08863126 0.1214311 0.1508527 0.1502645 0.1284526 0.2691604 0.5980466 0.2299681 0.1365474 0.3692014 0.2450164 0.1032629 0.5475084 0.2496153 0.5121478 0.2425714 0.2728361 0.2469062 0.6992461 0.5456855 0.763934 0.3861261 0.2067964 0.04982489 0.0423279 0.1006243 0.1004651
-9999 0.009964978 0 0.03007338 0.03142222 0.01349105 0.01471356 0.0551885 0.1408697 0.05968971 0.07420296 0.04369883 0.02989493 0.06975485 0.07336492 0.02974641 0.02852149 0.04891704 0.06728005 0.03254067 0.03985991 0.01992996 0.0487203 0.03129385 0.07852349 0.03971821 0.01992996 0.05294976 0.2549655 0.3617325 0.06653331 0.0588155 0.1276107 0.0718456 0.04153514 0.06772297 0.06857643 0.07112444 0.132768 0.1618039 0.2531486 0.1851694 0.2846508 0.1727851 0.2253156 0.3777128 0.2994234 0.1350366 0.2149792 0.3940264 0.3285346 0.3639661 0.08797048 0.2482357 0.7344753 0.47916 0.09811356 0.353732 0.6230566 0.4495001 0.6245531 0.5396177 0.2045159 0.1179671 0.1099025 0.1753576 0.08412099
-9999 0.003803508 0.1723143 0.09011363 0.07887927 0.09478519 0.04744839 0.05875556 0.0357124 0.2832949 0.2898395 0.02989493 0.01992996 0.01709626 0.04359322 0.01992996 0.06534172 0.01171769 0.2492253 0.109763 0.0743885 0.09208442 0.2030642 0.1684666 0.04982489 0.04211863 0.107356 0.2259226 0.3900833 0.2087037 0.05690209 0.06984536 0.05020175 0.06190313 0.08324593 0.1430081 0.1304062 0.1268069 0.05793634 0.3246318 0.08456017 0.3423508 0.4659487 0.1033249 0.1170583 0.1532699 0.3513187 0.06001613 0.3294227 0.113389 0.3790321 0.444799 0.3652854 0.6501981 0.3882917 0.2025783 0.1120042 0.1229665 0.271285 0.3789466 0.4555965 0.29544 0.232105 0.09746851 0.04020569 0.0398973 0.09231381
-9999 0.01395066 0.1654584 0.08089799 0.04059168 0.09582672 0.08754957 0.03720366 0.1269851 0.6827282 0.8034872 0.2234187 0.06975485 0.1049488 0.2344838 0.05578996 0.2460111 0.3098612 0.0378501 0.1511108 0.4265824 0.5413399 0.3811072 0.1183711 0.01992996 0.01154448 0.1801786 0.1097773 0.06789411 0.2306714 0.1026262 0.0183326 0.01992996 0.0418962 0.1277601 0.1916647 0.05328704 0.3560026 0.3894459 0.1242131 0.09317172 0.08003787 0.2556023 0.1787115 0.2159745 0.2734403 0.1009334 0.1355411 0.6882107 0.2852242 0.5702386 0.3808534 0.1604722 0.347195 0.269341 0.2549769 0.2817757 0.618641 0.192736 0.06205102 0.1829357 0.04307328 0.1236696 0.1519229 0.07703993 0.07324819 0.07408728
-9999 0.009964978 0.03623391 0.01776932 0.05221413 0.02989493 0.05023677 0.09987604 0.06131753 0.5941159 0.6881213 0.02294434 0.02989493 0.05667557 0.1322794 0.031884 0.156589 0.2260281 0.01764512 0.4234018 0.5345442 0.49036 0.4832757 0.246979 0.07169998 0.04992337 0.1337068 0.1197557 0.03572767 0.04982489 0.2318264 0.3700328 0.02989493 0.05002746 0.03585643 0.2747867 0.4507692 0.1178679 0.4093565 0.04332294 0.2484297 0.1159867 0.1794625 0.3177217 0.08249567 0.3180017 0.1089663 0.07934905 0.6617084 0.7657593 0.5655418 0.6389673 0.4230236 0.3986404 0.7278244 0.464219 0.1733196 0.109486 0.2401561 0.1235656 0.06808665 0.195324 0.2564685 0.1753097 0.1866555 0.3093716 0.04297766
-9999 -9999 0.003626004 0.04181676 0.03185036 0.03985991 0.04982489 0.04512628 0.1112143 0.0636064 0.1065186 0.07249586 0.07356387 0.04163283 0.05109033 0.02989493 0.02719933 0.02499256 0.03224661 0.3010798 0.5963185 0.08812302 0.04117062 0.157561 0.1231426 0.05110828 0.09363352 0.2551256 0.06747773 0.05240227 0.3130488 0.1072237 0.02989493 0.137848 0.1979481 0.2308137 0.4040114 0.1543407 0.1781082 0.08666008 0.5411267 0.2722498 0.1178262 0.6731575 0.5954847 0.4882785 0.3767043 0.4647737 0.5826551 0.3937273 0.7202014 0.370712 0.09674224 0.2739324 0.335658 0.1667382 0.2529345 0.2987575 0.2080988 0.1032216 0.4029131 0.2574027 0.2336272 0.1428432 0.1067084 0.1763258 0.06937105
-9999 -9999 0 0.02530501 0.04444984 0.09538797 0.04732904 0.08485289 0.05516614 0.05284114 0.01562648 0.06151223 0.04601587 0.07971983 0.04982489 0.02989493 0.009964978 0.04723901 0.02751824 0.04204882 0.2220519 0.09828141 0.02999341 0.2051123 0.1714967 0.02250754 0.06772766 0.1224978 0.389115 0.09600523 0.04325331 0.0276575 0.05851858 0.1073196 0.03545016 0.1138398 0.08337608 0.1278518 0.02127899 0.04518289 0.6193094 0.23945 0.1241464 0.6508291 0.50363 0.5969618 0.5837739 0.6649404 0.6281008 0.4702665 0.3397513 0.4497598 0.1690374 0.2295448 0.220835 0.217971 0.5474989 0.6516618 0.4939547 0.1602045 0.07910821 0.1759999 0.4972049 0.1608324 0.05016485 0.07002002 0.08419779
-9999 -9999 -9999 0.005609269 0.02428567 0.1448361 0.1427274 0.0666685 0.08010223 0.04729852 0.01992996 0.06208294 0.2851224 0.03879975 0.07147571 0.04610567 0.046064 0.4040025 0.09994515 0.05027974 0.06046529 0.04833763 0.02135083 0.04314248 0.1344008 0.009414588 0.03985991 0.03983375 0.0330637 0.06120547 0.0758483 0.05420858 0.04687818 0.06236692 0.07287972 0.1266224 0.1096612 0.07577227 0.03131702 0.1664489 0.04325956 0.2149387 0.08456545 0.09265504 0.3168505 0.7773039 0.2689309 0.4150548 0.638743 0.5137514 0.2456528 0.4054148 0.02989493 0.08923271 0.1805851 0.2724578 0.2069493 0.1574285 0.1832336 0.1040069 0.1270816 0.07671992 0.1863056 0.2581881 0.3261494 0.2908505 0.1201835
-9999 -9999 -9999 0 0.009964978 0 0.04433555 0.04689468 0.02286017 0.01519531 0.04982489 0.04406284 0.2093092 0.0640156 0.05601073 0.03385848 0.08730901 0.03480496 0.04982489 0.02277266 0.2272318 0.05329912 0.02975748 0.02875161 0.04063328 0.02989493 0.05275496 0.156713 0.07334252 0.09613709 0.2978534 0.07094883 0.09521667 0.1608927 0.5607543 0.1902126 0.07199465 0.1818957 0.07611119 0.03310327 0.1395939 0.9260331 0.6246293 0.03185581 0.1762035 0.2706649 0.1979096 0.5558155 0.7684037 0.5630386 0.1762915 0.1899679 0.379297 0.2363881 0.2404153 0.4744178 0.2274696 0.1819299 0.1268653 0.4782923 0.1973763 0.1291799 0.09923987 0.0902961 0.2557243 0.1439691 0.2048175
-9999 -9999 -9999 -9999 -9999 -9999 -9999 -9999 -9999 0.009964978 0 0.1583117 0.03985991 0.03985991 0.07598092 0.1332617 0.01686647 0.009964978 0.1004575 0.03474689 0.01992996 0.07100038 0.06774101 0.04582684 0.2014175 0.1166885 0.07304925 0.05629225 0.05965316 0.03985991 0.06664039 0.06052864 0.105077 0.1923259 0.6025231 0.2650198 0.2912695 0.6546185 0.3102311 0.1812117 0.4740366 0.7202412 0.7816902 0.1429575 0.004887352 0.4920534 0.5184457 0.5892383 0.4059651 0.5668812 0.4971173 0.3867939 0.7313524 0.7467958 0.340488 0.2097186 0.1333093 0.09870996 0.3044145 0.2039893 0.0755238 0.08434044 0.3594071 0.2126052 0.1766527 0.08547044 0.07466128
-9999 -9999 -9999 -9999 -9999 -9999 -9999 -9999 -9999 0 0.01992996 0.2461888 0.01992996 0.02989493 0.03978305 0.09664667 0.02968788 0.03350265 0.06161002 0.02989493 0.02989493 0.03524786 0.04797405 0.05978987 0.03985991 0.01133309 0.1836938 0.03009517 0.06044259 0.2084304 0.01750511 0.02420692 0.03480966 0.0938938 0.04019026 0.1517833 0.8118322 0.7025481 0.3866878 0.3586357 0.235245 0.3198983 0.4788129 0.3156864 0.3840052 0.5189046 0.4781458 0.2310237 0.06975485 0.4432203 0.04905495 0.09538974 0.5437726 0.2190031 0.2199071 0.02989493 0.1221817 0.0754381 0.2821108 0.1433252 0.1637677 0.2072929 0.2061094 0.06651246 0.1931318 0.1192778 0.1550293
-9999 -9999 -9999 -9999 -9999 -9999 -9999 -9999 -9999 -9999 0.03772521 0.1546065 0.09544335 0.1382877 0.04660172 0.06653372 0.1751734 0.1987763 0.0363563 0.03379339 0.2294947 0.3292703 0.03238842 0.04011219 0.03711415 0.08214272 0.3482646 0.09620105 0.07842266 0.2509421 0.03477098 0.2179977 0.5181307 0.2377726 0.068342 0.2954419 0.2188541 0.1445295 0.4735144 0.09778629 0.2845294 0.3950705 0.6825576 0.4797864 0.1035843 0.1278954 0.3923004 0.2649831 0.1187663 0.1736514 0.02912359 0.2198448 0.1412667 0.05870315 0.1914661 0.0654031 0.09451267 0.1219475 0.1039949 0.05536701 0.1365087 0.03625735 0.08859535 0.2961828 0.2275531 0.3536014 0.1016937
-9999 -9999 -9999 -9999 -9999 -9999 -9999 -9999 -9999 -9999 0 0.009964978 0.04971518 0.1315055 0.01002827 0.02315108 0.03877291 0.123462 0.03985991 0.03764606 0.02938428 0.07679302 0.04013822 0.0474544 0.001847211 0.0008549823 0.04938067 0.06300587 0.2838924 0.2709497 0.2188207 0.8211268 0.5746747 0.3215253 0.2639702 0.1040806 0.02989493 -9999 -9999 0.007797157 0.347622 0.1952693 0.1020885 0.1328155 0.280526 0.3775635 0.2196411 0.09009185 0.1610918 0.1933869 0.1986898 0.01399266 0.04618195 0.02651224 0.2152516 0.05314196 0.1307119 0.2442943 0.3120251 0.2354044 0.3178506 0.2713525 0.204764 0.08353358 0.2314716 0.2505758 0.09001973
-9999 -9999 -9999 -9999 -9999 -9999 -9999 -9999 -9999 -9999 -9999 -9999 0.03569987 0.134591 0.129076 0.03917647 0.01117901 0.04024231 0.05097758 0.0523398 0.009964978 0.1410332 0.1668473 0.002804937 0.0946144 0.05353802 0.02607209 0.07476424 0.3930294 0.4405463 0.05145757 0.04698363 -9999 -9999 0 0 -9999 -9999 -9999 -9999 0.2071023 0.3741448 0.07701757 0.05368027 0.1351089 0.5617962 0.1546278 0.1603052 0.2778279 0.4835882 0.1471393 0.1171667 0.0970714 0.05551037 0.009964978 0.07265225 0.3486973 0.2268698 0.2132557 0.5010184 0.6776296 0.223028 0.1750128 0.5243798 0.0662051 0.2013927 0.1280044
-9999 -9999 -9999 -9999 -9999 -9999 -9999 -9999 -9999 -9999 -9999 -9999 0.02010885 0.03578684 0.03065646 0.03909839 0.01309884 0.03985991 0.1295651 0.01982833 0.0573766 0.1511518 0.08098724 0.02145033 0.01038005 0.1117548 0.2368233 0.1241707 0.07940038 0.009964978 -9999 -9999 -9999 -9999 -9999 -9999 -9999 -9999 -9999 -9999 0.003158345 0.2341932 0.1599172 0.1545813 0.2156835 0.1473267 0.1215997 0.428733 0.07793147 0.067509 0.2223365 0.04922738 0.02093025 0.05319523 0.05623045 0.03101205 0.1665171 0.3589151 0.1147251 0.1119653 0.2945978 0.03740788 0.1761413 0.5572704 0.03252315 0.03985991 0.08968481
-9999 -9999 -9999 -9999 -9999 -9999 -9999 -9999 -9999 -9999 -9999 -9999 -9999 0.009964978 0.04982489 0.01992996 0.1604235 0.1279152 0.05702035 0.02989493 0.009964978 0.04003646 0.02989493 0.04830452 0.1037251 0.3784917 0.1136638 0.03985991 -9999 -9999 -9999 -9999 -9999 -9999 -9999 -9999 -9999 -9999 -9999 -9999 -9999 0.1186926 0.7111878 0.4011801 0.6344081 0.1493583 0.1032324 0.207511 0.03490661 0.0252279 0.06942519 0.06572977 0.02989493 0.09249611 0.310222 0.1350214 0.0054973 0.07634153 0.1034926 0.3448664 0.1266707 0.07594273 0.191312 0.2110417 0.09320604 0.03809163 0.05001017
-9999 -9999 -9999 -9999 -9999 -9999 -9999 -9999 -9999 -9999 -9999 -9999 -9999 0.03182426 0.03793059 0.03985991 0.2185031 0.07142793 0.009964978 0.0156243 0.03743868 0.03453455 0.04155121 0 0.1512139 0.0050812 -9999 -9999 -9999 -9999 -9999 -9999 -9999 -9999 -9999 -9999 -9999 -9999 -9999 -9999 -9999 0 0.7239822 0.7281806 0.5341612 0.4465344 0.1423169 0.1854858 0.05025934 0.04234089 0.09542661 0.1204885 0.04414342 0.04959043 0.3818035 0.2298475 0.04432759 0.188152 0.06395715 0.06197339 0.1494408 0.08025275 0.2051948 0.1257442 0.2186894 0.1259148 0.1275179
-9999 -9999 -9999 -9999 -9999 -9999 -9999 -9999 -9999 -9999 -9999 -9999 -9999 0 0.01992996 0.04419374 0.02924502 0.0148494 0.09476537 0.01302885 0.2010167 0.07438476 0.1305267 0.007504226 0.1204338 0 -9999 -9999 -9999 -9999 -9999 -9999 -9999 -9999 -9999 -9999 -9999 -9999 -9999 -9999 -9999 -9999 0.1908059 0.5881759 0.4767907 0.5572696 0.2203303 0.3893928 0.1450482 0.0603043 0.1596157 0.09106558 0.3059413 0.07346816 0.02123126 0.08911347 0.05166144 0.03927138 0.06495774 0.06285598 0.09400649 0.1026277 0.05515028 0.109147 0.2805738 0.1315901 0.1684753
-9999 -9999 -9999 -9999 -9999 -9999 -9999 -9999 -9999 -9999 -9999 -9999 -9999 -9999 0.01992996 0.06059869 0.051442 0.05722259 0.08254495 0.03985991 0.2839783 0.08597953 0.05158896 0.03854404 0.01328557 -9999 -9999 -9999 -9999 -9999 -9999 -9999 -9999 -9999 -9999 -9999 -9999 -9999 -9999 -9999 -9999 -9999 0.2184288 0.5032037 0.1271678 0.3288722 0.1071926 0.0709277 0.02389851 0.110196 0.6134846 0.5037503 0.1926629 0.03266661 0.02672787 0.1845417 0.216433 0.3125657 0.1320033 0.02556626 0.005406129 0.053911 0.04845375 0.05880909 0.1159481 0.132736 0.04040281
