EnvRasters/BAU_High/resdntl.asc
ncols         270
nrows         223
xllcorner     24099.479091542
yllcorner     21023.840179216
cellsize      1003.8986847201
NODATA_value  -9999
[rows 87 to 115 of 223, columns 134 to 200 of 270]
0.6659451 0.5172555 0.5024197 0.4294551 0.3980014 0.4044604 0.05993805 0.1238322 0.6299782 0.1165848 0.06312128 0.109689 0.142629 0.4744103 0.2855711 0.250261 0.03227602 0.1261349 0.1359429 0.1973052 0.07009763 0.03985991 0.009964978 0.2894481 0.09999897 0.2408396 0.418719 0.2211487 0.009964978 0.2417939 0.2830907 0.02442643 0.008356366 0.388215 0 0.009451514 0.2393106 0.01992996 0 0.00112142 0.3850939 0.1277017 0.2748182 0.07006869 0.08868734 0.3070916 0.0005984836 0 0.003338686 0.02640004 0.2127378 0.006095711 0.008897921 0.168291 0.005234779 0 0 0.006155699 0.01127588 0.1580635 0.4692875 0.1910706 0.06435795 0.1548054 0.03691411 0.06428649 0.009964978
0.7678738 0.3969838 0.6734738 0.1914379 0.08082955 0.4043168 0.173215 0.2251087 0.4472542 0.6075974 0.2570259 0.07415085 0.3490095 0.3035297 0.4050089 0.4035535 0.2904034 0 0 0 0.1527695 0.01344071 0 0.1628931 0.01992996 0.03313119 0.3868312 0.1409931 0 0 0.1191542 0.05081171 0.03713715 0.1044003 0 0.1366231 0.03025724 0.1985473 0.1906191 0.002346945 0 0.1535251 0.2137963 0 0.1020982 0.2208949 0.1058118 0 0.04392631 0.03594974 0.07771334 0.03289048 0.0968165 0 0.08602376 0.2672014 0.1137029 0.03317678 0.2873243 0.185666 0.03624495 0.002609136 0.07212961 0.3490187 0.03381279 0.01560427 0
0.3733871 0.8041002 0.82027 0.8755724 0.7638218 0.2979141 0.5773421 0.3029783 0.5451272 0.8591958 0.338982 0.1648958 0.2083144 0.1644218 0.2674835 0.01995036 0 0.1640945 0 0 0.2921705 0.0498332 0 0.08603428 0.1695788 0.03727269 0.004063204 0.1825259 0.007855317 0 0.03032046 0.1396004 0.2198617 0.03686946 0.009615622 0.3331099 0 0.2220712 0.2564013 0.006932253 0 0.009964978 0 0 0 0.003050284 0.1763193 0.08762074 0.06806111 0.1837995 0.3134342 0.07395421 0.1484403 0.2127249 0.2536647 0.1983002 0.1499267 0.02592299 0.02514615 0.009964978 0 0 0.1060544 0.2155204 0.1882082 0.1200973 0.3026021
0.4555575 0.4432176 0.7096578 0.4832655 0.5036973 0.6028718 0.2767083 0.1397007 0.5793707 0.4146484 0.5267314 0.4722507 0.4675726 0.08969027 0.1789785 0.001206176 0.04316695 0.4317089 0.005288694 0 0.05527509 0.01164552 0.07335047 0.2762046 0.2191155 0.0848713 0 0.004381113 0.1570666 0.04368834 0.1738843 0.184741 0.1305674 0.01580344 0.1622712 0.3024712 0 0.01399697 0.2515145 0.06349163 0.01525358 0.2783589 0.1414977 0.0574881 0.3105699 0.04389057 0 0.1241099 0.03858358 0.02047981 0.3569164 0.3148892 0.2760077 0.5200441 0.6760459 0.1152343 0.002953259 0.2979516 0 0.2810647 0.2315893 0 0 0.1656505 0.3781418 0.009964978 0.250566
0.3418867 0.075289 0.03800816 0.4142549 0.2735113 0.4316796 0.5909556 0.2629047 0.2941398 0.3367504 0.6633119 0.1240034 0.2691376 0.3068229 0.3758491 0.1380745 0.05910062 0.05862223 0.009964978 0 0.1055343 0.2128081 0.2210165 0.02551969 0.1695561 0.1433377 0 0.1965095 0.3362071 0.08955641 0.3530833 0.01114128 0.06297747 0 0.1558843 0.1456471 0.06207715 0.2209148 0.1803391 0.03102082 0 0.1870588 0.1371507 0 0.2185581 0.02066256 0 0.1258324 0.005811584 0 0.0005485576 0.007379083 0.2559029 0.5606184 0.07102536 0.04261616 0.196856 0.2434381 0.09717625 0.3341514 0 0.2301875 0.1713735 0 0.008153372 0 0
0.2392643 0.01492191 0.02209005 0.2726742 0.4296061 0.5092211 0.1683263 0.01804479 0.06321626 0.1148157 0.06726217 0.1294928 0 0.2766454 0.5028826 0.2421345 0.3390901 0.01264399 0.1441483 0.292333 0 0.4641899 0.09593806 0.01701373 0.4658773 0.07525904 0.009964978 0.008602539 0.009964978 0 0 0.0282419 0.5192783 0.1300554 0.1052646 0 0.06975485 0.08660487 0 0 0.0938815 0.1632899 0 0.1656245 0.1196391 0.02586987 0.0008306235 0.1914928 0.05553238 0.07467335 0.1922798 0.2032335 0.08588243 0.03440923 0 0.0211012 0.01055989 0.01483573 0.3620657 0.2987979 0 0.120739 0.3987986 0.04487108 0.01992996 0 0.2223379
0.4744181 0.0005617561 0.09692793 0.2245245 0.6456394 0.4867188 0.4579212 0.0829616 0.4343574 0.1446031 0.1526835 0.1230213 0.02146704 0.1969911 0.1421118 0.09509756 0.3923339 0.03186794 0.01759995 0.004307741 0 0.1163222 0.06835968 0.04719493 0.214448 0.06472741 0.1904284 0.01883616 0.1360546 0.1291942 0.04005481 0 0.04668018 0 0.3232294 0.01992996 0 0.1079685 0.2755904 0.1999379 0.2792505 0.5709718 0.09750231 0.04017187 0.0338833 0.007922253 0.2610745 0.1488753 0.1016312 0.1001652 0.1377101 0.05133415 0.05358818 0.06752727 0.02602007 0.1260721 0.06815547 0.01776219 0.02238881 0.002151702 0 0.1193153 0.0004150082 0.06220666 0.1590758 0 0.03729137
0.2509269 0.1171276 0.1733145 0.1076662 0.6095117 0.5460154 0.4806412 0.2968343 0.5321352 0.0146128 0.05945708 0.01992996 0.278255 0.1206395 0 0 0 0.009964978 0.009964978 0 0.0670499 0.1947039 0.08288671 0.2557036 0.003310583 0 0.1201283 0.06140276 0 0.1313849 0.2811818 0.3277818 0 0 0 0 0 0 0.1210781 0.3262331 0.2297478 0.2169154 0.2082246 0.06623419 0.2910032 0.02182664 0.1522878 0.224583 0.3348225 0.08643617 0.1172672 0.0005542725 0.07203176 0.1837044 0.1963764 0.06867576 0.05597595 0.2945011 0.09757227 0 0.02704492 0.1027804 0.1377995 0.1785316 0.2148581 0.08401704 0.1014302
0.00946537 0.1748693 0.1886687 0.2075525 0.7507157 0.3967497 0.09563132 0.5767092 0.1308794 0.009351547 0 0 0.05482352 0.006040751 0 0.06851618 0.07641529 0 0 0.01445243 0.2320476 0.05706651 0.1252732 0.1357373 0.008159823 0.1052183 0.3313509 0.03555522 0.1054522 0.1196456 0.07968334 0.1308779 0 0.01950434 0.233791 0.1165365 0.0875558 0 0.007141742 0.009964978 0.06486307 0 0.2877092 0.0265646 0.3131553 0.2323112 0.004785935 0.005179044 0.02884209 0.2107639 0.01880272 0.02613343 0.1344098 0.2901274 0.1964361 0.04484517 0 0.02819723 0.2228495 0 0.2046622 0.1943354 0.04090603 0.1403727 0.1595911 0.1912561 0.2396649
0.009964978 0.1358643 0.5760307 0.3574318 0.353472 0.4078755 0.03295928 0.3647961 0.2213286 0.00349104 0.09651386 0.5050044 0.08114321 0.357446 0.0246425 0.1705608 0.09213858 0 0.009964978 0.2472488 0 0.07732925 0 0 0 0.04687789 0.1911588 0.296212 0.004440858 0.129963 0.08536638 0.009709957 0 0.01575909 0 0.1702655 0.097641 0 0 0.009964978 0 0 0 0 0.008656758 0.009964978 0.009964978 0.005454598 0.05582283 0.009749769 0.1441817 0.1230897 0 0.03087683 0.2342772 0.1498698 0 0 0.2142039 0.008497927 0.04027684 0.0009885672 0 0.003813031 0.02728623 0.1249074 0.06182116
0.02413742 0.3296803 0.5647678 0.3317405 0.1696908 0.1940565 0.003098328 0.2675735 0.630015 0.585355 0.03927807 0.2258619 0.3289829 0.05677317 0.009234322 0.1778066 0.2692305 0 0.1222529 0.3111664 0.3220569 0.05768955 0.009964978 0.009964978 0 0.2359786 0.2269776 0.001906539 0.009964978 0.1100362 0.1233135 0 0 0.1028663 0.02411561 0.009964978 0.04618013 0.0008734764 0.02542393 0.002780352 0.01962817 0.2677394 0.05400632 0.1550016 0.0645431 0.08382545 0.1096129 0.004632538 0.1081272 0 0.02734808 0.1805106 0.1066138 0.1741808 0.05219029 0 0.009964978 0 0.3524092 0.07015444 0 0 0.2794469 0.08760821 0.05834899 0.03814177 0.03842804
0 0.2181106 0.1729929 0.05908271 0.03094159 0.1604561 0 0 0.3039578 0.1604342 0.3403879 0.2749293 0.03018353 0 0.2789728 0.04459628 0.2441424 0 0.02165966 0.08178212 0.4027385 0.05015356 0.3578358 0.3582087 0.02879243 0.06432953 0.2574389 0.07022268 0 0 0.04982489 0 0.08639049 0.118296 0.100702 0.08810377 0.1512824 0.1351901 0.1839935 0.1460255 0.1585484 0.3623851 0.1371706 0.2226705 0.1478654 0.1294406 0.3621106 0.2657334 0.02814397 0 0 0 0.04051474 0.1640203 0.1239597 0 0.04543186 0.05084113 0.03114051 0.1352286 0 0.03698742 0.1890524 0.3700662 0.1832412 0.1595326 0.1398442
0.1348176 0.1384135 0.1715254 0.459512 0.1151301 0 0 0 0.03099513 0.006737618 0.4821243 0.5780816 0.03332378 0.03070442 0.1937973 0.03880711 0.1783184 0 0 0.02989493 0 0 0.002511533 0.02698742 0 0 0 0.1509286 0.3887118 0.1610211 0.1718177 0.01806673 0 0 0 0.008103367 0.139362 0.2470112 0 0 0 0 0.04577004 0.03892447 0.07573107 0 0 0.07262485 0.2321137 0.06156242 0.07282146 0.1547477 0.08545209 0.1594397 0.2333077 0.2083727 0.009208477 0.1667138 0.5726567 0.1503701 0.06211859 0.2256045 0.2618418 0.1750021 0.1159696 0.2242064 0.08942902
0.2849754 0.1414997 0.1118831 0.04092649 0.01675569 0.04170918 0 0.02858209 0.2717425 0.03307969 0.2234253 0.0478125 0.006073428 0.0137841 0 0.009315938 0 0 0.03985991 0.02989493 0.02794469 0.009964978 0 0.1856764 0.3261666 0.06999856 0 0.088334 0.04071331 0.3214779 0.1639456 0.1096958 0 0.01246021 0.2392816 0.09889401 0.0351663 0.1663942 0 0.03015725 0.005799934 0 0 0 0 0 0 0 0.09857292 0.09973259 0.0180739 0.2066156 0.06128546 0 0.009964978 0.01992996 0 0.05072752 0.2759913 0.0003555657 0.08784652 0.3278798 0.2718754 0.2608353 0.4725864 0.3597897 0.1402336
0.1300583 0 0.007387034 0 0.01992996 0.03801064 0 0.02883581 0.03351108 0 0.3970602 0.02020826 0.4238274 0.1879923 0.009964978 0.03456933 0.2396097 0 0.05978987 0.03342973 0.1749438 0 0 0.09893845 0.01683528 0 0.129675 0.1271178 0.08200533 0.4613336 0.06014656 0.01992996 0.2738626 0.009964978 0.009964978 0.01740585 0.1316775 0 0 0.15652 0.009964978 0 0.00656519 0 0.192144 0.01213328 0.0337276 0.009964978 0.1077813 0.104913 0 0.1290174 0.04161376 0 0 0.1032408 0.125823 0.1843416 0.1375551 0.138941 0.2963789 0.3599811 0.04634945 0.195979 0.4670584 0.2161706 0.1215948
0 0 0.1894857 0.2994142 0.1277373 0.2756716 0.01124509 0.1910833 0.3498203 0 0.3092738 0.02819383 0.01992996 0.02964542 0.03985991 0.1063109 0.4705124 0.06219999 0.04040255 0.4978942 0.2239624 0 0.03702004 0.1721807 0.1498451 0 0.02357739 0 0.02466615 0.1009147 0.02205563 0.1314329 0.2025683 0.06280558 0.06121236 0.1939259 0.234484 0.08198357 0.09509452 0.2235114 0.3219677 0.3193952 0.1322431 0.03985991 0.1333396 0.1827818 0.3198977 0 0.1558649 0.03003996 0.0344547 0.005405218 0 0.008497687 0.02914044 0.2381424 0.1073921 0.2466476 0.1115045 0.01220935 0.3101512 0.5392205 0.0551872 0.1854119 0.2371092 0.268481 0.2078321
0.1306137 0.003554524 0.3047774 0.5470543 0.3253333 0.09056804 0 0.07120229 0.2525688 0.1123414 0.1538752 0.1413147 0 0.2404359 0.08790427 0.1760022 0.1252403 0.009964978 0.001388955 0.1729245 0.1494185 0 0.2415178 0.03007067 0.2508104 0.009532064 0.1905063 0.01875827 0.3788401 0 0.005369443 0.009964978 0.09663494 0.03957611 0.08197066 0.1505195 0.1649065 0.01163017 0.01339573 0.05840961 0.02207242 0 0.004519132 0 0.1809461 0.04395119 0.1628415 0.1228062 0.002601834 0 0.06997152 0 0.02906159 0.06561889 0.4757589 0.1651821 0.02989493 0.4303556 0.2633921 0 0.05960558 0.1344777 0.1184969 0.04217057 0.007654327 0 0.01992996
0.3947954 0 0.2132795 0.2146998 0.2492955 0.02989493 0.02516226 0.04924328 0.01252529 0.02994136 0 0.009537868 0.04126089 0.6509731 0.3319041 0.04207991 0.01992996 0.008825025 0 0.04482436 0.009964978 0 0 0.04727964 0.04857183 0.02422425 0.012583 0.03985991 0.01364728 0.4225809 0.1573908 0 0.1507276 0.1383765 0.01695535 0.02258016 0.003854426 0 0.05677905 0.009964978 0.02563496 0 0.1372636 0.0940173 0.02527015 0.07199896 0.03144019 0.2513965 0.1015145 0 0.1750229 0.2600024 0.4304532 0.1013879 0.5091204 0.4535428 0.01035354 0.2731197 0.1617162 0.0413176 0.008507296 0.1592679 0.1711643 0.02765439 0.03976217 0.006298448 0
0.5246831 0 0 0.2171958 0.2641168 0 0 0.1070596 0.004220157 0.1583936 0.009964978 0 0.06448792 0.6293955 0.6330172 0.1073056 0.2389881 0.2421237 0.01121994 0 0.03624154 0.3068252 0.2452695 0.01989831 0 0.06411747 0.2147011 0.01190943 0.1134279 0.4963022 0.06248591 0 0 0.03369137 0.4092629 0.08525079 0.05054976 0.072691 0.3019602 0.1508666 0.2338174 0.03985991 0.07987884 0.02810849 0.05621209 0.01607835 0 0 0.1205667 0.3935577 0.04118526 0.03865038 0.3372815 0.2796283 0.2132568 0.313642 0.1259294 0.4363289 0.6755686 0.3642581 0.01201325 0.2075006 0.1129685 0.08194824 0.239533 0.04352644 0.02989493
0.07272039 0.01424818 0.2774168 0.4218839 0.3716954 0 0 0.05153073 0.001451213 0 0 0.03985991 0 0.01780677 0.2018595 0.1157856 0.5149353 0.02352812 0 0 0.1860784 0.4192324 0.1326251 0.01254188 0.007200291 0.05422264 0.1052374 0.0533288 0.1890376 0.1659668 0.06642915 0.08980364 0.1032052 0.1139237 0.2268274 0.005673763 0 0.3488151 0 0.1303615 0.135507 0.08849376 0.292828 0.04188416 0.1133826 0.06477815 0.2884553 0.04876881 0.2056395 0.1740169 0.01095479 0.4349543 0.4025213 0.3211249 0.239316 0.3681863 0.297996 0.6910857 0.3422401 0.3164413 0.0339434 0 0 0.01601761 0.06342647 0.01992996 0.009964978
0 0 0.0349397 0.06052263 0.03230342 0 0 0.3323869 0.05974305 0.007924002 0.148449 0.3004529 0.1707795 0.07978614 0.04017272 0.05654518 0.07872284 0.06868546 0.0961803 0.0296736 0.4022273 0.04848366 0.009964978 0 0.05970618 0.009964978 0.2725103 0.03082643 0.06408917 0.3115368 0.2272206 0.0995465 0 0 0.05521801 0 0 0.05223362 0.009964978 0.01086241 0.03265538 0.2181938 0.08213693 0 0.01585648 0.1504387 0.1380939 0.01750045 0.0470134 0.05770919 0.3781462 0.5298908 0.5201815 0.3577684 0.08727898 0.1161025 0.2656883 0.06020059 0.1069177 0.205917 0.01979422 0 0.01992996 0 0.1295283 0.09295 0.01619452
0 0.004777656 0.07517935 0.004804924 0.04238728 0 0.05852357 0.3769086 0.3428156 0.2832589 0 0.007690802 0.05024634 0.01986364 3.777973e-005 0.05196067 0.0005892168 0.1715373 0.3042638 0.009964978 0.2244429 0.08221897 0.009221912 0.01992996 0.0912388 0.1080291 0.1737373 0.02533951 0.03127157 0.157855 0.006579107 0.1036307 0.06165984 0 0.02459467 0.01087355 0.1877566 0.004474844 0.08833995 0.2443792 0 0.009964978 0 0.03203933 0.2948062 0.3690716 0.2107488 0.0310486 0.2131298 0.3912446 0.1411532 0.3189694 0.5988595 0.6003391 0.3686797 0.2835867 0.08543523 0 0 0.01992996 0.002278091 0.01992996 0.02985254 0.01997235 0.01567408 0.2533951 0.1660622
0.02868323 0.001795563 0.1472349 0.2664532 0.1247831 0.1430429 0.1087733 0.2510149 0.2347655 0.1345091 0.007724789 0.1517149 0.04908423 0.1715107 0.2182097 0.2260101 0.1636209 1.717683e-005 0.009078266 0.1210637 0.258496 0.04718145 0.03921877 0.2142058 0.3198512 0.2334852 0.118494 0.1865371 0.1162146 0.2390391 0.01992996 0.1918289 0.1377012 0.009964978 0.2245298 0.05415417 0.2764789 0.06593483 0.2016099 0.2683879 0.09897776 0.199444 0.0225969 0.2527541 0.3520703 0.01992996 0.02144014 0.1030591 0.2522293 0.1959949 0.009854804 0.2598934 0.3410756 0.6647516 0.4636523 0.100797 0.01278491 0.002098184 0.04772671 0 0 0.1721893 0.01992996 0.09375325 0.1408481 0.09549404 0.3216637
0.040808 0.008433038 0.009295043 0.282917 0.1273704 0.4570345 0.2544844 0.03911552 0.2783553 0.1145747 0 0.009964978 0.1943989 0.1928699 0.02991793 0 0.01932881 0.2776062 0.1399875 0.02013019 0.1304743 0.1969825 0.2657776 0.04934079 0.1417495 0.02769672 0.1888509 0.07068005 0.05168406 0.1007234 0.0162318 0.03332327 0.2340422 0.0554999 0.09200061 0.204217 0.01422367 0.1197563 0 0.05637533 0.07179032 0.240084 0.08256933 0.07665475 0.0262962 0.01497747 0.2716046 0.1281755 0.1696474 0.01992996 0.020054 0.319397 0.3401066 0.2303463 0.2322005 0.06397752 0.07877813 0.004794922 0.2175405 0.1435418 0.1798185 0.4696405 0.3520222 0.1674029 0.1960128 0.2754245 0.1618874
0.00498923 0 0 0.08776965 0.1021511 0.02835962 0.0670989 0.04419046 0.3076243 0.1224903 0.3755628 0.1914076 0 0 0 0 0.070356 0.001488556 0.0009394586 0 0.06975485 0.448442 0.2174729 0 0 0.007068094 0.3833588 0.572913 0.3019175 0.2479911 0.02447907 0.2415545 0.07451985 0.1418259 0.1706725 0.1841088 0.4334066 0.09272196 0.006905534 0.003059444 0 0.2852873 0.7115707 0.1650756 0.1419793 0.05905036 0.126182 0.2308876 0.1070514 0.1195797 0 0.07393528 0.4399141 0.06531467 0.001627614 0.0594471 0.05076659 0.1037056 0.2484309 0.1564741 0.003248983 0.04189092 0.2315656 0.0527184 0.2184882 0.166558 0.1090456
0.0211602 0.01171531 0.008214647 0 0.05192481 0.07821403 0.01008829 0.008073433 0.01658928 0.04383926 0.06852904 0 0.1295447 0.009548611 0.1402871 0.03985991 0.009964978 0.009964978 0.02714694 0 0.03539433 0.04934612 0.02150121 0.009964978 0.08568908 0.4008473 0.1803232 0.6708795 0.5167713 0.1329026 0.2294305 0.2339495 0.005339815 0.1790598 0.2200909 0 0.2037992 0.1121359 0.3006651 0.03287631 0.0507932 0.2561654 0.3791183 0.5148667 0.363147 0.03109657 0.01179661 0.05697415 0.09262292 0.09062327 0.02012692 0.3373622 0.3219207 0.07166873 0.02662378 0 0 0.01397337 0.2196238 0.1735485 0 0.01226555 0.01992996 0.007268426 0 0.01328049 0.006383607
0.2645795 0.01521196 0.03160546 0.3326265 0.4838883 0.08321577 0.01992996 0.02199243 0.03519754 0 0 0.04003506 0.1119316 0.01969576 0.3300419 0.4684809 0.05050877 0.3252959 0.4355544 0.2887849 0.3658573 0.02483996 0.01992996 0.1171974 0.1000969 0.5249435 0.2432344 0.6845306 0.1157629 0.04899714 0.04900458 0 0.0416519 0.08896897 0.005000952 0 0 0.05574057 0.1280032 0.1096148 0.0446056 0.1666225 0.4165739 0.5070864 0.03047453 0.002857133 0.179364 0.0001999769 0.1273569 0.05967647 0.02792268 0.1546171 0.3183044 0.3028985 0.1136821 0.007277379 0.4371398 0.1482305 0 0 0 0 0.1466015 0.1276325 0.009964978 0.3173444 0.07220573
0.1035916 0.159564 0.145855 0.2564858 0.09432089 0.1763892 0.4597532 0.251193 0.271218 0.09217878 0.0533934 0.4466233 0.3536068 0.01992996 0.3985494 0.5297055 0.1177905 0.2261207 0.2751415 0.0580412 0.05259633 0.184786 0.1822589 0.4303123 0.6351959 0.4877098 0.7378421 0.5840757 0.3467069 0.3241433 0.1047499 0.1490667 0.1973955 0.06577232 0.148071 0.3453164 0.1217567 0.03296445 0.2113608 0.1841613 0.03818985 0.08060193 0.1620721 0.02264461 0 0.03774763 0.09779749 0.009991257 0.03109075 0.009964978 0.18121 0.2133997 0.1529335 0.04484811 0.1036598 0.0003573364 0.06235326 0 0 0.03075148 0.1141794 0.07106907 0.03737688 0.03985991 0 0.07242025 0
0.06175049 0.2065018 0.0813046 0.09064893 0.1427414 0.3640729 0.7494153 0.6025288 0.5225114 0.5001332 0.2004605 0.4135366 0.5475845 0.2099365 0.339134 0.09972828 0.02886599 0.0813219 0.0283393 0.05978987 0.04982489 0.2525574 0.3233321 0.8140514 0.4060923 0.4591705 0.2488713 0.3546812 0.1895036 0.2407678 0.1871672 0 0.1337623 0.002061713 0.02322448 0.1774166 0.2657992 0.1627676 0.060495 0.009964978 0 0.1204345 0.05076785 0.04939364 0.12047 0 0.03985991 0 0.1595854 0.001064842 0.05062685 0.01093902 0.09428424 0.183 0.0001834583 0.002957181 0.02889996 0.0563565 0.01992996 0.1228093 0 0 0 0 0.09230715 0.08257556 0.02989493
