EnvRasters/BAU_High/resdntl.asc
ncols         270
nrows         223
xllcorner     24099.479091542
yllcorner     21023.840179216
cellsize      1003.8986847201
NODATA_value  -9999
[rows 116 to 144 of 223, columns 134 to 200 of 270]
0.3076091 0.01244903 0.192092 0.001993094 0.4878834 0.6020769 0.2126439 0.1748328 0.07187596 0.1753822 0.3478823 0.289311 0.1293466 0.2528301 0.3433801 0.1818378 0.1404994 0.1837252 0.03331075 0.3397233 0.05073787 0.4797432 0.561102 0.5076448 0.4305098 0.4070336 0.4308057 0.494443 0.3120816 0.1820036 0.01560698 0.03421791 0.1798391 0.3053532 0.1595033 0 0.06523357 0 0 0.01364787 0.05335164 0.08646473 0.029354 0.1891104 0.140711 0.06975485 0.1260406 0.08607139 0.196765 0.02777928 0.0416495 0.01961662 0.02795155 9.156619e-005 0.009666184 0.003431035 0.1747832 0.04982489 0.01292749 0.005688734 0.01210843 0.004075024 0 0.009964978 0.1547255 0.07351942 0.1324687
0.4431296 0.08001714 0.1613087 0.2094127 0.07612149 0.07023755 0.3616819 0.1501986 0.2035653 0.4333256 0.3905839 0.3695076 0.2618689 0.1513843 0.1690131 0.01992996 0.06636108 0.3812521 0.3037007 0.2319455 0.01992996 0.1181411 0.1463986 0.02989493 0.1308082 0.4398369 0.4845333 0.3713376 0.4324002 0.3632897 0.01570868 0.008317013 0.1904401 0.1252515 0.1405904 0.1381007 0.1230853 0.03082137 0 0.1304796 0.0751485 0.01992996 0 0.007192933 0.2116743 0.02125145 0.3265422 0.01758764 0.01982024 0.09135223 0.008297554 0.02061446 0.1470813 0.09173893 0.1227739 0.2063692 0.04029903 0.2352793 0.01285745 0 0.2321992 0.02574185 0 0 0.1456863 0.07118274 0.1405942
0.3208651 0.524817 0.5584295 0.1864673 0.07836606 0.0354991 0.3458075 0.4147516 0.4129449 0.4857417 0.5040398 0.1888734 0.6032421 0.2414203 0.1584724 0 0.3237834 0.2029346 0.1406963 0.185214 0.09964979 0.3123951 0.3948517 0.2178547 0.2393914 0.258242 0.4565689 0.3589477 0.3664916 0.3597394 0.325983 0.1777921 0 0.009964978 0.05691672 0.1227812 0.08998044 0.01520236 0 0 0.1060416 0.02664868 0.04982489 0.1097922 0.3903898 0.2541345 0.2762001 0.07482019 0.03018317 0.01039943 0.03780213 0.09896529 0 0.01992996 0 0 0.03985991 0.08420864 0 0.07278558 0.034839 0.03617682 0.01753018 0 0.1432981 0 0
0.726051 0.6868277 0.5219341 0.63226 0.3703268 0.3333326 0.1605873 0.4095914 0.375151 0.3050599 0.4786358 0.1515394 0.2022383 0.009072181 0 0.1232173 0.2393185 0.3139951 0.1185495 0.1074074 0.05892118 0.4264114 0.4372713 0.3961928 0.3319982 0.2501257 0.3623373 0.08215415 0.1059924 0.08381736 0.174465 0.003438156 0.02844022 0.04016424 0.01251618 0.01803946 0.1037463 0.2786564 0.2535581 0.0009775187 0.01992996 0.2723007 0.05978987 0.0103009 0.1291915 0.06233722 0 0 0 0 0 0.05560018 0.03408463 2.9995e-005 0.09957694 0 0 0.009964978 0.1294783 0.07670639 0.03985991 0.1984869 0.02497443 0 0 0 0
0.1887394 0.5682243 0.463515 0.1153764 0.2284627 0.3109339 0.449366 0.2555771 0.4098043 0.6062418 0.4852768 0.1643317 0.008908073 0 0.009964978 0 0 0 0.3120376 0.2633856 0.3842912 0.5190143 0.4557185 0.2153536 0.290829 0.4299236 0.8016946 0.3316107 0.10597 0.04855315 0.3979616 0.2489292 0.07294628 0.1448824 0.009964978 0.03812556 0.4713465 0.1014643 0.1291829 0 0.08041768 0.2397938 0.07297738 0.01945595 0 0 0 0.001734626 0.04982489 0.09863375 0.02213411 0 0 0.02351337 0.09610923 0 0.02379638 0.1927428 0.01992996 0 0 0.08591375 0.1275319 0 0.02989493 0.08968481 0
0.2648478 0.6191772 0.1866678 0.3255837 0.3252071 0.1603829 0.3312888 0.03542662 0.2882804 0.1016473 0.06991579 0 0.02132774 0.06598392 0.01992996 0 0.02989493 0 0.0497598 0.1733479 0.05737422 0.1079659 0.1176185 0.02352627 0.1311158 0.2037645 0.4301765 0.4474503 0.2182175 0.2815738 0.2458983 0.08821405 0.05184586 0.05774051 0.02989493 0 0 0 0 0.1532174 0.4278819 0.2621551 0.02678103 0.002874065 0.009964978 0 0.05978987 0.01819533 0.22387 0.08121407 0.007282615 0.01576253 0.007127788 0.02989493 0.004282069 0.03557784 0.05512676 0.05669537 0.009964978 0 0.009964978 0.08534197 0.0219428 0 0 0 0
0.1408238 0.3159536 0.6819947 0.4397355 0.09623563 0.01193597 0.1136125 0.0550278 0 0.04982489 0.04211977 0.14861 0.06965636 0.2210166 0.1217459 0.02032836 0.01992996 0.195996 0.2532172 0.006361402 0 0 0.06715897 0.1833042 0.2592264 0.06924221 0.2124176 0.3105015 0 0 0 0.01962859 0.4879829 0.1048076 0.03542428 0.05121486 0 0.01992996 0.158132 0.2664509 0.2898683 0.2150939 0 0.04994939 0.143868 0.08858477 0 0.03985991 0.05514936 0 0.01992996 0.08738646 0.00930296 0.1384429 0.01132387 0 0.07023789 0 0.01992996 0.074908 0.04694236 0 0.05773977 0.0829954 0.1144521 0.04780187 0.002023028
0.1956006 0.3114665 0.5402688 0.3472541 0.07293221 0 8.55605e-005 0.002467217 0.1486515 0.2103363 0.1485104 0.3589406 0.1161127 0.1652706 0.5021039 0.08152904 0 0.01992996 0.0127794 0 0.01800901 0.03772404 0.3801249 0.350821 0.1559862 0.2911278 0.107461 0.1241915 0.0497699 0.006766436 0 0.01304188 0.005130626 0.008402693 0.07399591 0.490174 0.1433242 0.08198783 0.02026973 0.02989493 0.07971983 0 0.01992996 0.006966413 0.09192128 0.01443527 0.07028254 0.02148437 0.02298462 0.06433665 0.006579965 0.007935286 0.1606056 0.2346084 0.009964978 0.02506286 0.004832077 0.01844694 0.1457569 0.1783539 0.0005114355 0 0.02198006 0.06604765 0.105209 0 0.03985991
0.09394752 0.3182176 0.3955632 0.2313133 0.3160636 0.3316076 0.3504655 0.0556423 0.2070898 0.326218 0.07528505 0.208547 0.03819827 0.320852 0.1349923 0.05978987 0 0 0.0135799 0.1169388 0.1032568 0.2417492 0.3850435 0.4084261 0.1852068 0.2462855 0.2616744 0.09911304 0.2002932 0.2703785 0.01992996 0 0 0.0329066 0.07049018 0.06682376 0.04982489 0.116856 0.05878955 0.07957831 0.03638193 0.04710595 0.02330764 0.01992996 0 0.009964978 0.08171622 0.03863585 0.007110546 0.04560846 0.009964978 0 0.07225665 0.3211823 0.02024789 0.01992996 0 0.1129022 0.06990191 0 0 0 0.01486469 0.01503025 0.06906363 0.01303185 0
0.2292727 0.2163792 0.07364964 0.07613171 8.413431e-007 0.2490153 0.2170242 0.2274487 0.07112925 0.09557041 0.01992996 0.001578646 0.01213914 0.1322607 0.2390687 0.2662438 0.0465009 0 0.09332981 0.2230357 0.5041344 0.2140653 0.06175351 0.1205269 0.04013822 0.1439624 0.5963116 0.2451591 0.2447246 0.2577182 0.009964978 0 0.01853178 0.3380977 0.1793297 0.06575091 0 0.1381167 0.06543468 0.01416981 0.07828489 0.06742174 0.006587292 0 0.1521131 0.1799572 0.01992996 0 0 0 0 0 0 0.01221494 0.0303892 0.03981169 0 0 0 0 0.02989493 0.08557461 0.139814 0.1276702 0.03533871 0.002145555 0
0.07869546 0.1962201 0.05589508 0.0001056637 0.1991939 0 0 0.04487194 0.2217928 0.006033693 0 0.008386333 0 0.04817047 0.07095409 0.2193148 0.009739584 0 0.01992996 0 0.06320829 0.02762798 0.1428704 0.1037529 0 0.007842586 0.05425211 0.1270059 0.01992996 0 0 0.0646808 0.007411118 0 0.009964978 0 0.01012242 0.1956475 0.1440857 0.0350191 0.009964978 0 0 0 0.08444145 0.08284381 0 0 0 0.02989493 0 0 0.06960899 0.2778409 0.04840504 0.06980307 0.009964978 0 0 0.07405173 0.02559805 0.01158953 0 0.03395079 0.01992996 0 0.1045201
0.1169762 0.4367758 0.4269843 0.07827693 0.2916268 0.213642 0.1311127 0 0.02442235 0.06198977 0.005018406 0.04647799 0 0 0.009964978 0.1090306 0 0 0.009964978 0 0 0.05788358 0.03656935 0.009964978 0 0.03591429 0.2697672 0.1148603 0.05827606 0.1804719 0.01995197 0.03368287 0.01380496 0.01579809 0 0.01535568 0.05646994 0.3330888 0.02143649 0.03891165 0.01992996 0.121441 0.06789361 0.01992996 0.1947135 0.04333936 0.0133999 0.06602319 0.04232037 0 0.009964978 0 0.06761228 0.1441357 0 0.009964978 0.01992996 0.058869 0.2170461 0.01992996 0.1060478 0.02930921 0 0 0.09073829 0.08092018 0.06352115
0.05659481 0.2197071 0.06365656 0.07447588 0.08385653 0.01411263 0.1593116 0.01992996 0.2706073 0.008383747 0.2353109 0.1388597 0 0.01992996 0.1629803 0.004330113 0.1335532 0.2160359 0.104702 0 0 0.01992996 0.06600841 0 0.06181246 0.1537268 0.4255863 0.3531804 0.1310585 0.1449732 0.003377168 0 0.1192646 0.2117585 9.159031e-005 0.0870442 0.04017976 0.02942494 0.04982489 0.06632297 0.0814846 0 0.006996676 0.02989493 0.1195797 0 0.1039685 0.1793822 0.1415984 0.1729575 0.001481472 0 0.03737647 0.009964978 0 0 0.006647086 0.01451534 0.05140855 0 0.01128849 0.02795422 0.188939 0.02018224 0.3559117 0.01083498 0.08140345
0.3340625 0.1538037 0.4056006 0.1154831 0.009964978 0 0 0.08675644 0.3296217 0.2439089 0.08019549 0.3463842 0.3155082 0.01113078 0.1800629 0.0370467 0.01992996 0.03962776 0.009964978 0.005599468 0.01433049 0.1701277 0.191363 0.2083473 0.09769731 0.01051266 0.2671773 0.03628832 0.01992996 0.009964978 0.02596334 0.04343512 0.05677169 0.1346695 0.320136 0.1682464 0.01421016 0.03036493 0.009171458 0.2449598 0.2913538 0.04548793 0.04633395 0 0 0 0.2840964 0.2018483 0.1994438 0.1250885 0.008483506 0.01992996 0.03244806 0.06813107 0 0 0.0936784 0.006259552 0.01992996 0 0.01992996 0.0910583 0.2571245 0.01911098 0 0 0.08013729
0.08626829 0.09389727 0.1423521 0.1280831 0 0.08312629 0.05638341 0.0016384 0.2052491 0.1781029 0.08360539 0.2528374 0.01590692 0.008799174 0.009964978 0.01850919 0.0005095828 0 0 0 0.009964978 0.3970389 0.17528 0.004622096 0 0.008132394 0.04063086 0.2966329 0.04733374 0.0411742 0.05229319 0.04771299 0 0 0.04051722 0.04655153 0 0 0.08051335 0.009964978 0.05762417 0 0.006459249 0.01995105 0.2605423 0 0 0 0.1564707 0.02113488 0 0 0.03893057 0 0.2092645 0.01992996 0 0.03985991 0.02708173 0.01214046 0 0.01130055 0.01858541 0.07478989 0.02026031 0.132429 0.1179936
0.1478516 0 0.0141149 0.2390416 0 0 0 0.02762031 0.1369911 0 0 0.3311757 0.2825921 0 0 0.02488465 0.1041505 0.02567547 0.1694182 0.003967187 0 0 0 0 0.2943806 0.07615615 0.009964978 0.320151 0.1170678 0.2677463 0.1424874 0 0 0.01866806 0.1018563 0.2303488 0.252268 0.1019106 0.01824506 0 0.014032 0 0 0.07971983 0.08821086 0.01992996 0.06036874 0.04671969 0.05332692 0.2020413 0 0 0 0.009964978 0 0 0.009964978 0 0.02056767 0 0.01892228 0 0.1283717 0.02885302 0.02989493 0.06743517 0.01974094
0.3773518 0 0 0.3261445 0.08599801 0.009964978 0 0.07557572 0.1116717 0.01684531 0 0.2558616 0.06436766 0 0.01015952 0.0544867 0.009161781 0.005797561 0.1760236 0.107402 0 0 0 0.08587092 0.04982489 0 0.01674821 0.3229818 0.08888451 0.1294206 0.0001722791 0.1510465 0.2439912 0.07371988 0.15453 0 0 0.01505619 0 0.07357265 0.2497883 0.08358963 0.008538546 0.19869 0.01316758 0.004405777 0.09373 0.004040331 0 0.009964978 0.02535525 0.07175463 0.006588112 0.003376867 0 0 0 0.009964978 0.08862111 0 0.001007675 0.009964978 0.1847063 0.000307576 0.05635037 0.1886916 0
0 0.0006149537 0.003703307 0.07930212 0.01262553 0.002509978 0.007455001 0 0.1715033 0.01051434 0 0.1096148 0.02825153 0.06076016 0.08207689 0.1956394 0.1154557 0.01992996 0.07994781 0.04953689 0.01992996 0 0 0.003813883 0.2222431 0.02688137 0.04835972 0.2483819 0.2404652 0.0004554873 0 0.0001103019 0.009823033 0 0 0.009964978 0 0.01992996 0.06265293 0.01498986 0.02306283 0.01999661 0.09304629 0.2280035 0.447384 0.01026931 0.02512482 0 0 0 0.06044813 0.01184662 0 0.02989493 0 0 0 0.07904934 0.03095864 0 0 0.07810263 0.2419741 0.06023945 0.05444268 0.03695245 0.02989493
0 0.01077282 0.2738933 0 0.3197708 0.06589706 0.002356555 0 0.09466628 0.07209034 0 0 0 0.2184177 0.01310115 0.04097848 0.2062254 0 0.1592117 0.01025298 0.08968481 0 0.06763219 0 0 0 0.03908204 0.01535259 0.1317584 0.02034647 0 0 0.1431028 0.01992996 0 0 0 0 0.2615841 0.0437543 0.003534746 0.01639521 0.3553016 0.6546872 0.0741118 0 0 0.009964978 0.009964978 0 0 0 0 0 0.1107927 0 0.08445528 0.1949908 0.02856865 0.0600942 0.1571388 0.001713332 0.1126551 0 0 0.02523737 0.1440315
0.1604256 0.01082402 0.003552073 0 0.02704506 0.0645673 0.100951 0.002901721 0.01380432 0.006125635 0.009964978 0.06704091 0.03538293 0.009964978 0 0 0.03680652 0.003586926 6.509692e-005 0.03718597 0.01263892 0.03985991 0.00212266 0.007476657 0.001174142 0.04982489 0 0 0.01992996 0 0 0.03654965 0.2186601 0.05187088 0.04173923 0.05244899 0.01992996 0 0 0 0 0.04195048 0.2242896 0.112023 0.00674759 0.009964978 0.0325602 0.0473092 0.09426063 0 0.04662009 0.03309973 0.01992996 0 0.07854191 0 0 0.02017377 0.05014678 0 0.08876791 0 0 0 0 0 0.08550455
0.4166049 0.1353648 0.02439959 0.009964978 0.1044866 0.2711275 0.04721816 0.039603 0 0 0 0.3135337 0.08969758 0.01453499 0.001308632 0 0.01939643 0.006864548 0.05286023 0 0.06358286 0.2254015 0 0.03103071 0.1235052 0.0829078 0.0395765 0.02786964 0.06718589 0.01728293 0.06168067 0.009326288 0.04336632 0.01242438 0.05160813 0.1961764 0 0 0 0 0.06054584 0.1952685 0.06975485 0.04482812 0.01496175 0.01992996 0.007299716 0.2177836 0.09903559 0 0 0 0.04982489 0.02870999 0.1498231 0.03347956 0 0 0 0 0.2011079 6.503942e-006 0 0 0 0 0
0.0151341 0.004686141 0.01868666 0 0 0.1857921 0.01971191 0 0.174971 0.08516884 0 0.007953696 0 0 0.008656346 0 0.01992996 0.009964978 0.01992996 0.01992996 0 0.009420281 0 0 0.0427698 0.0001200735 0 0.002308714 0.06334761 0.2512968 0.1836565 0.06315035 0.151559 0.02374807 0 0.01840794 0 0.2794372 0 0.1793696 0.08090432 0.01897035 0.0507845 0.2338682 0.1302246 0.06359641 0.01992996 0 0.002237637 0 0 0 0 0.1050693 0.00179736 0 0 0.009938521 0 0 0.05153211 0 0 0 0 0 0.1202791
0.1686499 0.3101 0.2030826 0.007066777 0 0 0.006606065 0.04438385 0.08411044 0.03259763 0 0 0 0.03985991 0 0 0.01992996 0 0 0.03985991 0 0.0005446971 0.008984735 0.08993708 0.03816002 0 0 0 0.2231979 0.3731841 0.2960122 0.06802732 0.08250694 0.05619474 0.2119102 0.007319327 0 0.0195122 0.01380191 0.01609302 0 0 0.04520116 0.1804545 0.02925883 0.3685292 0.02423204 0.01358034 0.0276573 0.06386355 0.00506885 0.002115606 0 0.02109499 0.02702471 0.1059969 0.009262767 0.06009463 0.01038889 0 0 0 0 0 0.001888546 0.008076433 0
0 0.05503128 0 0.01992996 0 0.1005292 0.1310595 0.1612914 0.4516021 0.007262287 0 0 0.02607962 0.1233951 0 0.2205916 0.1182177 0 0 0.04982489 0.02989493 0 0.01849919 0.07555088 0.02235782 0 0.009964978 0 0.09068667 0.02646939 0.3246572 0.1335319 0.003491037 0.003595134 0 0.06975485 0.009964978 0 0 0.009964978 0.04440245 0.009964978 0 0 0.0815751 0.1049969 0 0 0.1965011 0.2874632 0.2120867 0.02013433 0.05813059 0.03127715 0.03612531 0.2993223 0.03016953 0.06975485 0 0 0.009964978 0 0 0.0972173 0.1916836 0.02365991 0.007715235
0.3498918 0.1402602 0.04335667 0.08485898 0 0.05142901 0.03586167 0.06610837 0.1082315 0 0 0 0.01992996 0.001572417 0 0 0 0.01047041 0.05374317 0.08616786 0 0 0.0296081 0.1254663 0.3370065 0.08911527 0 0 0.1576138 0.1327837 0.1557646 0.06390375 0.04525389 0 0 0.02989493 0 0.0361171 0.009964978 0 0.08022143 0.004920837 0.02989493 0.005916097 0.05489112 0 0 0 0.03985991 0 0 0 0.0173661 0.060319 0.001031461 0 0.009690387 0.009999733 0.009964978 0.009964978 0.128235 0.05085662 0.2165658 0.05756237 0.0928664 0.1316123 0.002249743
0.08958439 0.03047114 0.06712169 0.03385716 0.04033325 0.04107042 0 0.02989493 0.1295447 0 0 0 0.009964978 0.1178373 0.1826732 0 0 0.2380579 0.07991466 0.009964978 0.04982489 0 0 0 0.01261626 0.01965095 0 0 0.1934167 0.1557006 0.009964978 0.1090416 0.05201262 0.03632599 0.009964978 0.01992996 0.1395097 0.01370779 0 0.02477387 0.005121067 0.01992996 0 0.06830981 0.1078504 0 0 0 0 0 0 0 0.05978987 0 0 0 0.2016057 0.3206174 0.1091502 0.2514898 0.4115327 0.2348273 0.1446605 0.001077302 0.0466433 0 0
0 0 0.01490076 0.02849986 0.06247453 0.03549142 0 0 0 0 0 0.009964978 0 0.008346134 0.01841521 0 0 0 0 0 0.009964978 0.07875479 0.020895 0.03031203 0.009547885 0 0.01992996 0.00150428 0.04048426 0 0.01992996 0 0.02964155 0.1400698 0.003712639 0.03614727 0 0.009964978 0.02989493 0 0 0 0 0.04982489 0.2248903 0.006496218 0.01992996 0 0.1096148 0.01217452 0.08015193 0 0 0 0.009669052 0.09042232 0.3169917 0.1479457 0.01003871 0.05119583 0.3286856 0.2858537 0.05433473 0.08783815 0 0 0
0.01722455 0.09239021 0.1227565 0.003247506 0.004157963 0 0 0.03985991 0 0 0 0 0 0.009964978 0 0 0 0 0.08876244 0.0102693 0.07011122 0.0002616693 0.0507444 0.2897325 0.1875237 0.01769325 0.009964978 0 0.00772102 0 0 0.01992996 0.01319223 0 0.00384276 0.06808409 0.03985991 0 0.01992996 0.1400537 0.004496489 0 0 0 0.07087787 0.03672289 0 0 0 0.03765038 0.09921768 0.009964978 0 0 0.009964978 0 0.02989493 0.009964978 0.001364247 0.227022 0.3764951 0.3056965 0.1057541 0.004849072 0 0 0.04567081
0 0.01992996 0.02989493 0 0.01577199 0.0139872 0 0 0.03311041 0.009964978 0 0.009964978 0.009964978 0.04355834 0 0 0 0 0 0.009964978 0 0 0.05275408 0.1053613 0.02439023 0.04931685 0.2430676 0 0.2914258 0.03863982 0 0.006986726 0.1003157 0 0.014094 0.06345382 0 0.009964978 0.005295161 0.004924438 0 0 0 0 0.09982742 0.001836368 0 0 0.01799119 0.06975485 0 0.01868323 0.222128 0.03006768 0.1704413 0 0 0.001319704 0.3553098 0.1865585 0.2970844 0 0.03194107 0.02989493 0.009964978 0.009964978 0.1536288
