EnvRasters/BAU_High/resdntl.asc
ncols         270
nrows         223
xllcorner     24099.479091542
yllcorner     21023.840179216
cellsize      1003.8986847201
NODATA_value  -9999
[rows 29 to 57 of 223, columns 67 to 133 of 270]
0.3384011 0.17901 0.1225274 0.01722911 0.2891321 0.3856565 0.05626818 0.005535196 0.01992996 0.04109738 0.08379574 0.006549764 0.1188278 0.0327321 0.06968518 0.01497962 0.0215255 0.05978987 0.03985991 -9999 -9999 -9999 -9999 -9999 -9999 -9999 -9999 -9999 -9999 -9999 -9999 -9999 -9999 0.03624479 0.01992996 0 0 0.168148 0.2039496 0.06919502 0 0.01992996 0.01286157 0.2008962 0.04549224 0.1211885 0.01312819 0 0 0 0 0.05233858 0.1217325 0.03985991 0 0 0 0 0 0 0 0 0.3207037 0.6020377 0.6683693 0.5119191 0.4585732
0.1186869 0.07354761 0.07988389 0.03664764 0.09333387 0 0.09163778 0.05555704 0.09133171 0.1486637 0.374582 0.1066985 0.07260916 0.08431938 0.1688043 0.03784417 0.1084183 0.02596646 0.01992996 -9999 -9999 -9999 -9999 -9999 -9999 -9999 -9999 -9999 -9999 -9999 -9999 0 0.07779296 0.02354508 0.04362638 0.4311427 0.1749797 0.055982 0.07307659 0.2264085 0.1221146 0.04982489 0.01703337 0 0 0.009964978 0 0.005267093 0 0 0 0.01992434 0.009964978 0 0 0 0 0.009964978 0.01114838 0.008781577 0 0.00301323 0.1576507 0.4168615 0.1549231 0.2352397 0.1688465
0.04117142 0.03427829 0.09462031 0.09696813 0.09099513 0.02495498 0.1344561 0.1987546 0.04982489 0.06460243 0.3687609 0.1125355 0.07013725 0.02257241 0.06390906 0.5212257 0.2199809 0.227332 0.04207553 -9999 -9999 -9999 -9999 -9999 -9999 -9999 -9999 -9999 -9999 -9999 0 0.06759623 0.2211169 0.1033784 0.079331 0.2618016 0.3416851 0.08259869 0.1242335 0.2003608 0.1664178 0.04934159 0.06665687 0.09309928 0.01499563 0.04122463 0.04099041 0.01466286 0.07470404 0.08308745 0.1494336 0.6143458 0.6133434 0.1045161 0.03004637 0.06591475 0 0 0.005762552 0.4414877 0.08932467 0.154216 0.4673142 0.4155049 0.675027 0.5067305 0.2964664
0.04153865 0.01722693 0.0603601 0.09775799 0.1631712 0.2829992 0.3507203 0.06817497 0.08131024 0.04080763 0.1000005 0.05063375 0.09454457 0.01651227 0.1340069 0.4293994 0.2970931 0.06783644 0 -9999 -9999 -9999 -9999 0.0009914041 0.04003412 0.009919635 -9999 0.02047769 0 0 0.01600017 0.2775572 0.2202782 0.2052648 0.2374632 0.2541361 0.1301003 0.2759051 0.08761144 0.1956241 0.2089286 0.6947559 0.2733598 0.1101825 0.1940003 0.3336343 0.5718428 0.2338455 0.2328376 0.3128277 0.8685012 0.5033936 0.6734189 0.3703479 0.3332067 0.6026477 0.4279655 0.03884276 0.04066304 0.4457201 0.2919251 0.5181543 0.7546687 0.6480481 0.2817671 0.5992755 0.4793645
0.03979107 0.002703031 0.0506734 0.03775407 0.001877079 0.03008566 0.07151828 0.08244418 0.1119183 0.06236377 0.06096602 0.07446082 0.06422998 0.1395822 0.03081957 0.07521148 0.3107115 0.01035867 0.1554514 0.3095579 0.06204126 0 0.1470391 0.05263359 0.03855622 0.008844712 0 0.009417241 0.009964978 7.368374e-005 0.1194192 0.0008563311 0.05200128 0.07672419 0.4157487 0.6525121 0.2360951 0.2725722 0.2906857 0.1027035 0.1364949 0.5075026 0.3401594 0.1054065 0.122509 0.1041864 0.2268052 0.1540741 0.3297916 0.5558245 0.5796561 0.2751287 0.5724034 0.3089521 0.2510469 0.5008374 0.4099607 0.09635001 0 0.0902344 0.4361457 0.3031304 0.5720646 0.5982024 0.3728085 0.1975672 0.1168361
0.3209735 0.08333299 0.02901461 0.07350234 0.08386915 0.1336255 0.1462601 0.2330806 0.1429135 0.05524829 0.1121624 0.183117 0.08312923 0.07384682 0.03168094 0.08504502 0.2146306 0.3910068 0.6576325 0.5127493 0.5894024 0.1589709 0.09401011 0.04130061 0.1519776 0.2137809 0.08968481 0.1050821 0.2769749 0.03672669 0.01012551 0 0.09971438 0.09185392 0.3168349 0.5924617 0.3807174 0.3852616 0.3799752 0.09250808 0.1197406 0.1288796 0.09088385 0.2084657 0.1482789 0.1588245 0.1997465 0.08708107 0.3395361 0.4668827 0.1919426 0.2111258 0.1425464 0.1685421 0.09553624 0.1878915 0.5156567 0.2917802 0.1524508 0.1544124 0.6989189 0.6464516 0.7054431 0.4233201 0.5904716 0.6754457 0.6114655
0.5558432 0.5139945 0.6874242 0.6700762 0.1464517 0.07731748 0.1855516 0.3265319 0.1502138 0.176379 0.3736812 0.3556138 0.0934047 0.05849271 0.06509952 0.2008521 0.02138505 0.04302303 0.405078 0.352209 0.3742165 0.1177834 0.1929257 0.07423899 0.1195797 0.07001545 0.041676 0.01992996 0.009636674 0 0.01950834 0.004180715 0.1275217 0.1184726 0.2772258 0.1165263 0.3109126 0.1227993 0.1058612 0.5590325 0.2452148 0.1661578 0.2857654 0.1020219 0.3472033 0.4997281 0.1752323 0.1778002 0.1099451 0.184595 0.05949023 0.07143263 0.08572782 0.1229053 0.02577776 0.2915565 0.02280684 0.2721315 0.2409599 0.2459423 0.3295048 0.4106293 0.3688877 0.607072 0.4484615 0.5831447 0.617393
0.0243548 0.2190706 0.6350886 0.5332985 0.4074797 0.2498472 0.4680227 0.425217 0.09298214 0.02925071 0.2909766 0.03553532 0.04982489 0.1010144 0.5547287 0.5417718 0.02762849 0.01337891 0 0.01431399 0 0 0.1615003 0.02937478 0.1682073 0.07443797 0.02313512 0.06106802 0.0855515 0.09270751 0.2720155 0.3489851 0.3405196 0.1425986 0.001611843 0 0.004593956 0.303976 0.1401184 0.2307861 0.1590848 0.165326 0.4882989 0.2346067 0.5386825 0.4026051 0.2523527 0.2192125 0.1715644 0.4436976 0.1907418 0.08037847 0.09054808 0.1587618 0.1655287 0.05639859 0.3727454 0.3621454 0.5953091 0.6751882 0.3533739 0.06643084 0.4764647 0.4028961 0.1346041 0.004849108 0.2285957
0.1430509 0.01992996 0.1905588 0.2643548 0.1238247 0.03985991 0.06375892 0 0.02751855 0.07832756 0.07286969 0.2771335 0.07280103 0.2298771 0.5467441 0.3289435 0.5464191 0.3158402 0.04902172 0 0 0.0430977 0.5089735 0.5128598 0.2938041 0.04717591 0.1016489 0.5620781 0.6210067 0.5580494 0.1031394 0.252165 0.1434742 0 0.02549209 0.03429779 0.02602267 0.2833821 0.247921 0.2474049 0.3217684 0.440556 0.7624081 0.567434 0.4184126 0.3914193 0.2831255 0.1254649 0.119214 0.4344011 0.07903337 0 0.09396031 0.3444216 0.5545241 0.02989493 0.3105931 0.7798004 0.7774352 0.7546195 0.6329989 0.402844 0.6055757 0.4140632 0.5610123 0.295648 0.1216112
0.06863972 0.03556203 0 0.006457318 0.01347264 0.04833828 0.3025075 0.05147005 0.09550773 0.09511738 0.01556902 0.06865578 0.1578229 0.01898467 0.0545957 0 0.02523777 0 0 0 0.05406071 0.08630081 0.4489945 0.1657571 0.02828229 0 0.02094437 0.0152235 0 0.009964978 0 0 0 0.01992996 0.07389578 0.06225512 0.3632981 0.1209133 0.2947847 0.1452612 0.2451048 0.5119982 0.5774105 0.7422693 0.3767185 0.2409781 0.1534888 0.326776 0.03036009 0.09506103 0.04048046 0.1018338 0.1924293 0.2298286 0.6354763 0 0.1263349 0.4297002 0.1778925 0.645149 0.5803803 0.4348064 0.6812525 0.5272169 0.5785014 0.7749532 0.4984736
0.1636457 0.02752479 0.009964978 0.1319949 0.4476902 0.460396 0.3820438 0.1119342 0.0808438 0.0728658 0.2221851 0.1431775 0.02864376 0.2651943 0.3465331 0 0 0 0 0.1175137 0.2995696 0.1829202 0.00616382 0 0 0 0 0 0.01992996 0 0.01485631 0.08444493 0.02548199 0.2745264 0.1931117 0.51789 0.2284276 0.1321453 0.216301 0.1871188 0.2335289 0.1654827 0.6888852 0.6266863 0.3837977 0.2475895 0.2764938 0.272833 0.1053498 0.07461617 0.09896725 0.02989493 0.06699552 0.2930173 0.08217129 0 0.1366217 0.3628888 0.1231978 0.16168 0.3656511 0.1808694 0.753522 0.4488083 0.5669329 0.6096869 0.465788
0.1184475 0.003952208 0.07728413 0.05409225 0.2014784 0.4027153 0.3736987 0.0339561 0.1741182 0.1083782 0.1068429 0.1894014 0.02944538 0.01018357 0.1978915 0 0.05724294 0.05111669 0 0.09991188 0.1336245 0 0.002246389 0.05978987 0.003429705 0.0106511 0.007132649 0.008555248 0.02210688 0.4648086 0.4348509 0.07991239 0.08086722 0.09883508 0.08204419 0.3420022 0.3928175 0.2350495 0.3552444 0.496076 0.3684842 0.2819856 0.4839635 0.3238925 0.3737429 0.2903485 0.1327529 0.1654497 0.1657444 0.06425822 0.05938788 0.02446422 0.1729282 0.5872418 0.1047055 0.003441255 0.4861298 0.3057323 0.0832345 0.2371383 0.149887 0.0469448 0.2250091 0.4469256 0.7838503 0.7078922 0.4917195
0.009964978 0.1598468 0.06004519 0.03144293 0.1442087 0.1582558 0.04367156 0.009964978 0.2952906 0.1368807 0.4903468 0.1285281 0.05539593 0.1507995 0.2795223 0.25242 0.3527688 0.005687903 0.009964978 0.009964978 0.08574584 0.03971316 0.08337854 0.2658426 0.06819361 0.003274163 0.005407318 0.1268712 0.2686635 0.1886301 0.1637551 0.02989493 0.06941362 0.03913394 0.08461073 0.1930752 0.05267351 0.4656408 0.4196242 0.2440052 0.1478964 0.2298193 0.2560959 0.2434488 0.1509 0.1260583 0.1266451 0.3153556 0.4301775 0.2324208 0.03170017 0.1637182 0.2528964 0.6604174 0.004642783 0.110154 0.5280074 0.2613975 0.2525216 0.7148192 0.3681644 0.1391765 0.07575698 0.3275982 0.6176418 0.4963851 0.438154
0.1338193 0.3932948 0.2431297 0.05824187 0.09492709 0.3244397 0.1096148 0.07308251 0.1999895 0.4878351 0.4685549 0.06513058 0.1545729 0.1435109 0.2360129 0.08492383 0 0 0.0006894379 0.07782023 0.04629755 0.2083584 0.3304752 0.3187727 0.1784148 0.1707014 0.1698571 0.1118476 0.04104263 0.3047495 0.07373486 0.2588825 0.2289332 0.1596162 0.01697653 0.1276315 0.1647119 0.242648 0.192921 0.1827598 0.1786674 0.1937863 0.1927757 0.1744541 0.1239622 0.1243745 0.5787694 0.5332173 0.7715882 0.3423561 0.1711982 0.4729157 0.4480324 0.3719839 0 0.1630769 0.5055594 0.09095276 0.05295137 0.618101 0.4673804 0.08239154 0.1929328 0.6163267 0.6032797 0.4347337 0.6829405
0.2292126 0.5376821 0.7688882 0.2993802 0.1031118 0.1737021 0.1608176 0.07971983 0.2141256 0.4118142 0.422607 0.3112158 0.465334 0.540692 0.3740614 0 0 0.1134888 0.2311599 0.1537859 0.1352918 0.169024 0.2464331 0.3159066 0.1296768 0.1761199 0.2070928 0.3554604 0.2291833 0.08051924 0.1952634 0.1137547 0.3705313 0.3282335 0.2386285 0.2756916 0.07140868 0.05978987 0.3997911 0.6128227 0.4851908 0.1665667 0.1563182 0.2504936 0.1666212 0.179047 0.5914192 0.410464 0.2345051 0.1574145 0.0119928 0.2067982 0.08132984 0.04304075 0.1857297 0.4774626 0.6267715 0.2299073 0.2066452 0.2738892 0.3710721 0.2024949 0.1446454 0.361718 0.2937339 0.6448768 0.5698361
0.1903056 0.2387962 0.2123184 0.1009227 0.1264713 0.1982607 0.4887346 0.3270009 0.04596141 0.1095726 0.1376871 0.5300097 0.6350452 0.3815794 0.05879692 0 0.06414663 0.1577969 0.05266983 0.2884609 0.1626357 0.1147082 0.02399498 0.1424811 0.1643147 0.298697 0.1424059 0.09963829 0.0938024 0.2120428 0.6253798 0.436449 0.4576253 0.4979195 0.1553152 0.277901 0.1052141 0.1803854 0.4487512 0.5329075 0.1669443 0.4309421 0.4483159 0.2697531 0.3848454 0.2910676 0.1788246 0.1066447 0.1005161 0.03657917 0 0.05411577 0.1316123 0.0356054 0.009964978 0.6000591 0.55989 0.2340018 0.4939227 0.369794 0.2416547 0.1342165 0.04393695 0.1892065 0.4114481 0.1150229 0.175901
0.08968481 0.04722539 0.1418954 0.02989493 0.05589551 0.5166291 0.3191533 0.5693337 0.314694 0.3201286 0.3472835 0.2604495 0.3831504 0.04426386 0 0.06405505 0.7994471 0.424114 0.03985991 0.05781217 0.5113772 0.57363 0.2451281 0.1634743 0.09547756 0.2673865 0.2729524 0.1577882 0.1530773 0.462908 0.5391034 0.5873083 0.5805556 0.2379602 0.1811336 0.1109742 0.02573651 0.05297823 0.08984797 0.03620922 0 0 0.1670694 0.09063059 0.01636498 0.02100867 0.07487386 0.002179554 0.149099 0.2645504 0.1788125 0.5912882 0.2839185 0.4444957 0.114533 0.3115788 0.1825388 0.06707452 0.4167083 0.4372639 0.672475 0.542174 0.1434722 0.1672122 0.4762302 0.1566771 0.181391
0.07237187 0.01586118 0.1377734 0.1068666 0.09164321 0.5198348 0.1051915 0.3142912 0.2842019 0.146268 0.4906542 0.5742238 0.5577912 0.3160679 0 0.1511751 0.5332627 0.5109617 0.1266048 0.3532172 0.6853526 0.573776 0.5500503 0.1206597 0.0924963 0.1540997 0.421826 0.07133536 0.0559813 0.1229024 0.3798057 0.4405752 0.6546128 0.4458186 0.04214685 0.04723639 0.01169531 0.2519462 0.2613504 0.2468037 0.3825099 0.7068697 0.850131 0.6750351 0.2217285 0.03520856 0.04466857 0.1675731 0.4310068 0.7193304 0.4064664 0.1460554 0.02312423 0.1383667 0.1168824 0.1368496 0.273974 0.1931304 0.4466821 0.4287504 0.236205 0.07259662 0.05669623 0.1432746 0.2052023 0.1571701 0.3645574
0.131234 0.009964978 0.1800403 0.2063311 0.05092786 0.1611144 0.03990634 0.2403401 0.1595679 0.3515478 0.6375262 0.8694628 0.7759265 0.5868435 0 0.1598144 0.5097026 0.6516879 0.3327212 0.3249051 0.5988146 0.155617 0.429987 0.04016907 0.1019617 0.1439297 0.1275692 0.1053235 0.04622452 0.2529726 0.1976917 0.1816419 0.2334062 0.1842562 0.06025034 0.1358835 0.358899 0.03370922 0.06877074 0.2263653 0.08677733 0.4358602 0.5985953 0.4089268 0.02518695 0.003564676 0.1255069 0.3093572 0.6987956 0.05613908 0.3247895 0.1963838 0.06380408 0.08340651 0.2306755 0.5569515 0.1419402 0.1767763 0.4830815 0.1529171 0.1018534 0.01291083 0.07313118 0.3700276 0.3776215 0.2693225 0.3720013
0.534975 0.1095401 0.2518514 0.2688611 0.09739254 0.07692175 0.1231138 0.01642663 0.052178 0.5277629 0.6694983 0.7527736 0.7212437 0.5364612 0.2126575 0.5254574 0.8488426 0.5793075 0.4988523 0.1626669 0.0278297 0.3222807 0.1142839 0.2306684 0.2749709 0.222091 0.1213109 0.04338858 0.03310157 0.06497075 0.06350302 0.09435813 0.03985991 0.009590023 0.1596772 0.412797 0.1870972 0.09224524 0.0493979 0.4128489 0.2570018 0.2738831 0.1394885 0.09013937 0.1043884 0 0.4446459 0.2424773 0.1043526 0.02028633 0.006940281 0.2267066 0.6577557 0.3224558 0.1919596 0.5852108 0.2336941 0.07320319 0.1096148 0.007239691 0.4288573 0.07591116 0.4534242 0.07270613 0.3561457 0.2208372 0.2894562
0.149354 0.1593038 0.1812983 0.4033743 0.01148644 0.08235915 0.4133402 0.5013646 0.1992883 0.2799427 0.2834449 0.6372322 0.588241 0.5832648 0.3851463 0.7122442 0.682 0.4899438 0.5792761 0.3798774 0.3466686 0.2331695 0.07101659 0.2336322 0.150981 0.07757883 0.03548507 0.1499714 0.02026031 0.02293178 0.009964978 0.1988561 0.321857 0.2005143 0.6044213 0.779185 0.442477 0.2612252 0.277642 0.05355215 0.08339832 0.1005467 0.226184 0.6452546 0.09661674 0.03194695 0.3536943 0.1218373 0.05721768 0.3770593 0.235263 0.1147469 0.3403366 0.4087987 0.09963194 0.180375 0.08629994 0.4945172 0.23404 0.05869195 0.1968078 0.157221 0.002453559 0.0373884 0.3937314 0.2839024 0.3769583
0.0841114 0.08736801 0.2785436 0.5129008 0.192588 0.1318232 0.1351729 0.309215 0.4964632 0.2626982 0.1534056 0.6498913 0.6381469 0.5916767 0.5734944 0.7647162 0.7150656 0.3332637 0.5665625 0.2745277 0.2332895 0.1960927 0.08240447 0.09964979 0.1168834 0.1803969 0.2800466 0.1626865 0.0480069 0.1553818 0.1107659 0.2594383 0.13818 0.5049458 0.4503833 0.6670998 0.2423581 0.1180813 0.09730057 0.4002633 0.5248024 0.1508345 0.1085299 0.2092449 0.01828881 0.007606631 0.3859459 0.3578825 0.08536077 0.4043227 0.0696238 0.2176447 0.2725253 0.09070701 0.1434396 0.1991073 0.2623978 0.7869848 0.537577 0.226703 0 0.06895368 0.0251014 0 0.1642443 0.3380513 0.6654709
0.08275455 0.1281993 0.1338495 0.06603423 0.09722796 0.162589 0.342176 0.4431599 0.5669715 0.2652386 0 0.2013305 0.4895702 0.3852749 0.6583309 0.6932446 0.541418 0.03782871 0.1941543 0.04339449 0.03349748 0.07543353 0.2131632 0.08922437 0.1154089 0.1720433 0.2203083 0.2766912 0.2377767 0.5940997 0.3122959 0.2893263 0.04145014 0.2278084 0.1479081 0.2720772 0.0895597 0.169753 0.1247525 0.6341963 0.4216679 0.058199 0.0456344 0.03979224 0.4484513 0.0275591 0.1881594 0.7221707 0.251284 0.009964978 0.1477364 0.09641349 0.2121952 0.2617745 0.161252 0.3054176 0.2706688 0.7112291 0.5756342 0.5938928 0.1791383 0.3478574 0.2192435 0.1572151 0.1382425 0.2889275 0.3916272
0.3132774 0.3096952 0.1303357 0.05978987 0.2737511 0.4303002 0.4458889 0.1161178 0.1554832 0.401699 0.0505706 0.394052 0.5447658 0.4872243 0.5713766 0.5907652 0.5122345 0.1499582 0.3367307 0.6354558 0.2332807 0.009441552 0.443381 0.3905009 0.276173 0.2518944 0.5117145 0.4956485 0.1059528 0.3238538 0.02130168 0.3203071 0.08657273 0.1698387 0.08995388 0.03166355 0.03027914 0 0.07949778 0.3721514 0.2014401 0.06803787 0.2259055 0.4309254 0.1661115 0.007499023 0.1790078 0.2788963 0.05501644 0.03555887 0.2711233 0.2052884 0.1082384 0.2815177 0.04806837 0.4495742 0.2343435 0.3154002 0.1163307 0.1483799 0.1345069 0.1873226 0.1279077 0.4737112 0.1607758 0.6682711 0.6046937
0.3225282 0.5180387 0.1070725 0.07981596 0.1718865 0.2780463 0.3266557 0.1130287 0.08792254 0.3736213 0.4219956 0.05266668 0.6627854 0.6700168 0.2948798 0.3539864 0.7484186 0.1823987 0.3804651 0.7513669 0.4129737 0.3268873 0.668871 0.2639389 0.2492245 0.3421025 0.301056 0.01700339 0 0.05875598 0 0.03985991 0.176392 0.3130023 0.06926103 0.02003459 0.4565882 0.3627202 0.4768265 0.5840636 0.3901627 0.3021799 0.1803476 0.5268609 0.48102 0.2577003 0.2901856 0.1000413 0.1379258 0.1097393 0.05978987 0.03985991 0.1727149 0.5536225 0.1746802 0.1811706 0.04952013 0.4973917 0.2150055 0.1150044 0.2071941 0.5327294 0.203069 0.08403718 0.197024 0.5092242 0.6191134
0.1488486 0.1164042 0.189962 0.2828316 0.05554113 0.3918513 0.726438 0.6195173 0.3962107 0.4981568 0.241054 0.3898811 0.4292451 0.3974605 0.05995238 0.7368852 0.7352508 0.4661751 0.2423484 0.2524022 0.1749556 0.1458013 0.2752094 0.2713931 0.2684298 0.06425264 0 0.001439033 0.05102652 0.4312269 0.01992996 0.156531 0.5967962 0.5222151 0.08049674 0.009964978 0.284864 0.1194938 0.2034602 0.483771 0.6113457 0.6604149 0.2234449 0.3296874 0.2114715 0.3434855 0.1906606 0.2425451 0.4950761 0.3575166 0.09311824 0.05583235 0.1116146 0.5007313 0.1924504 0.1067746 0.2286915 0.05752898 0.1040913 0.153154 0.02462712 0.1068655 0.1890973 0.09868244 0.2921289 0.7189124 0.5106477
0.04188304 0.08203662 0.1314644 0.5239729 0.4178742 0.6510817 0.5507132 0.5244957 0.1022545 0.4472021 0.08388521 0.08811463 0.2071998 0.1162241 0.0655452 0.6596678 0.6731157 0.3437906 0.167785 0.3124244 0.2333072 0.3944872 0.1145813 0.4917916 0.5576912 0.1076513 0.3718872 0.4804329 0.05952886 0.1174733 0.335521 0.009462812 0.495347 0.4705996 0.1890896 0.04982726 0.2419057 0.3974733 0.06094778 0.3450261 0.7732646 0.2475539 0.2392708 0.1724346 0.1471155 0.485461 0.7334105 0.4446657 0.4656144 0.6302884 0.1999758 0.07451145 0.1673072 0.4231846 0.4869835 0.1123323 0.4243196 0.5773072 0.4172345 0.1277885 0.04518014 0.2041578 0.2620715 0.5101329 0.07287465 0.6119334 0.3102079
0.1356643 0.2274959 0.2302345 0.009964978 0.0962054 0.5767382 0.4962963 0.6245387 0.4370039 0.1586123 0.3292849 0.1637584 0.7727308 0.1923879 0.1402608 0.4065017 0.1925954 0.4224887 0.5181912 0.2823319 0.3713568 0.2076422 0.02449615 0.3301076 0.7309994 0.5392134 0.09425683 0.3954906 0.329525 0.1850419 0.5221159 0.2724695 0.08046793 0.2497892 0.2799818 0.0700078 0.517882 0.1884165 0.2367156 0.3336644 0.1527622 0.5308967 0.5214756 0.2918254 0.244446 0.3333997 0.3002402 0.3871118 0.1516187 0.1688884 0.1736749 0.1327369 0.1273626 0.6602258 0.626057 0.2418038 0.0600617 0.4854958 0.3521795 0.177389 0.08617417 0.2229964 0.3704401 0.1737363 0.05587788 0.2895333 0.8121225
0.3280771 0.07143234 0.2745697 0.1233444 0.02923505 0.2154216 0.2465297 0.7962629 0.8137449 0.1304368 0.2413064 0.1123748 0.3499219 0.03403393 0.4541002 0.4709483 0.282539 0.1529636 0.4448098 0.1423305 0.2389521 0.07336164 0.176136 0.3035335 0.4275596 0.2426057 0.230951 0.3439505 0.04885605 0.4446832 0.2686783 0.1728069 0.1410508 0.2517404 0.2668504 0.08068978 0.2202063 0.2156137 0.09657551 0.382457 0.1953845 0.5467197 0.6443518 0.5136468 0.381209 0.5644619 0.1357028 0.113152 0.09065346 0.2608086 0.2789376 0.2995013 0.1529735 0.3063509 0.2666108 0.2390911 0.2033282 0.1421025 0.2626594 0.005282959 0.03040116 0.154724 0.1727909 0.09786977 0.02264955 0.1780702 0.4265353
