EnvRasters/BAU_High/sealed.asc
ncols         270
nrows         223
xllcorner     24099.479091542
yllcorner     21023.840179216
cellsize      1003.8986847201
NODATA_value  -9999
[rows 29 to 57 of 223, columns 134 to 200 of 270]
0.1936412 0.1568665 0.03557102 0.0698477 0.03813418 0.08493416 0.03219173 0.08658551 0.1307786 0.07638622 0.01992996 0 0 0 0.06763447 0.01622774 0.03153789 0.02989493 0.04631178 0.1339076 0.0599901 0.03589318 0.2408624 0.01772135 0.06347287 0.01992996 0.0004762481 0.1545004 0.08943526 0.04230444 0.007520456 0.009964978 0.08028032 0.02911501 0.07274291 0.07201377 0.06556244 0.01992996 0.01992996 0.03056722 0.02922265 0.009964978 0.00702349 0.08065177 0.005192459 0.02800317 0.01788766 0.009964978 0.03260823 0 0 0 0.07709728 0.3174229 0.09401371 0.2481386 0.03123561 0.1231567 0.06518365 0.01992996 0.01419225 0.007259626 0.02270776 0.0664328 0.009964978 0.02714542 0.04242164
0.4758821 0.1294324 0.03045161 0.08534043 0.1625022 0.1509671 0.09533928 0.01441587 0.04205611 0.009964978 0.0543713 0.0269124 0.0814524 0.1167635 0.1917253 0.06014625 0.07832915 0.03022529 0.03448533 0.03982483 0 0 0.02047841 0.1228796 0.03849112 0.01761574 0.001133367 0.008721896 0.06689723 0.03996578 0 0.001777626 0.08544225 0.1454666 0.0587353 0.009964978 0 0 0.0001200749 0 0.02989493 0.07134014 0.04398073 0.09435444 0.01992996 0.03364121 0.05965413 0.0181216 0.03170329 0.009964978 0.009964978 0.02989493 0.05287323 0.6265856 0.2668518 0.06639692 0.03188551 0.07298289 0.0535203 0.04509522 0.05907636 0.0892463 0.4240054 0.3742118 0.04961484 0.09607406 0.0634739
0.4573546 0.3111949 0.1203821 0.1652537 0.1871817 0.2017988 0.07090679 0.04132821 0 0 0.03271571 0.1141772 0.06083445 0.08267721 0.0119733 0 0.009964978 0 0.009964978 0.005038439 0 0.004426462 0.03057351 0.02757666 0.009964978 0 0.002104072 0.02732863 0.1431332 0.05058792 0.05839279 0.01815233 0.03525997 0.07008891 0.01992996 0 0 0 0.02977486 0.04288132 0.2747583 0.2701404 0.003010883 0.1355495 0.1469749 0.08811519 0.02210799 0.009964978 0 0 0.009964978 0.04286268 0.1269222 0.1732292 0.11938 0.1639294 0.1340381 0.1551426 0.09990136 0.05782234 0.0322947 0.2495367 0.5975134 0.3719426 0.03685344 0.1997793 0.08340623
0.3961917 0.1295969 0.05485695 0.09445911 0.1888946 0.01507328 0.001015893 0.02241809 0 0.009964978 0.08998473 0.0698024 0.1190364 0.0006938208 0.05614549 0 0.009964978 0.009964978 0.02989493 0.00530089 0.01518918 0.05492915 0.01992996 0.02398646 0.05364718 0.01194689 0.05780796 0 0.1090864 0.05498922 0.06225692 0.003703778 0.006261201 0.04982489 0 0 0 0.02026502 0.03588189 0.06068145 0.06024891 0.2526447 0.1603074 0.3049011 0.03275112 0.05377753 0.09797951 0.01163526 0.0465254 0.04767885 0.03694197 0.06647332 0.0001934491 0.1597341 0.3835668 0.3687704 0.1435529 0.234612 0.06913066 0.07514875 0.05317751 0.642642 0.8336744 0.3169734 0.0319177 0.1962614 0.04853796
0.2203115 0.4428006 0.5159165 0.1299543 0.02920606 0.08291239 0.3066889 0.1242036 0.07312384 0.1429456 0.05947608 0.09856191 0.0343516 0.009964978 0.06806203 0.03409097 0 0 0 0.06471401 0.01487996 0.009964978 0.06247425 0.04308401 0.006142691 0.01215509 0.01773985 0 0.02273169 0.04826821 0.01660062 0.009964978 0.01436344 0.04021629 0.005210138 0.01992996 0.01065876 0.02955987 0.06985333 0.02989493 0.02029754 0 0.02989493 0.03758333 0.05015524 0.03183555 0.07070016 0.07230888 0.06173198 0.05872997 0.06391114 0.1197615 0.08657789 0.2534542 0.4087256 0.1765151 0.1000189 0.0528476 0.05718241 0.06657518 0.09334096 0.001849739 0.09263157 0.07951095 0.2031317 0.1254134 0.02989493
0.07547016 0.1265489 0.1617559 0.01992996 0.07061465 0.08374629 0.4636184 0.2252053 0.06686439 0.009972968 0.09759972 0.09265363 0.004097914 0.009964978 0.01327347 0.03707365 0.01058392 0.01992996 0.0003200609 0.04950483 0.009964978 0 0 0 0.01992996 0.003680927 0.01992996 0.02989493 0.03705819 0.01992996 0.01221458 0.02431036 0.006358487 0.04211497 0.1461808 0.05005115 0.02966163 0.02007814 0.1764222 0.03693363 0 0.01992996 0.02692454 0.1825426 0.02653418 0.06006852 0.4979229 0.175617 0.1129855 0.08303738 0.02717631 0.4449048 0.6478753 0.5745565 0.07279094 0 0.05449207 0.2024703 0.05007155 0.1123263 0.02989493 0.009964978 0.0660185 0.008151612 0.02189385 0.01309716 0.02989493
0.1300629 0.244019 0.0445983 0.1116626 0.2019076 0.02355818 0.08110573 0.09416725 0.04534245 0.1308751 0.3136672 0.0674593 0.0185734 0 0.01992996 0.02989493 0.0756659 0.1211055 0 0 0.009964978 0 0 0.03810434 0.02024234 0.03379875 0 0.003397314 0.0364626 0.03377078 0.04369944 0 0.05378776 0.02798337 0.03329788 0 0.01594509 0.03387981 0.02959714 0.009964978 0.009964978 0.01754479 0.2348006 0.1941457 0.1104757 0.1039566 0.3920905 0.1523767 0.01012113 0.009964978 0.08310056 0.1771763 0.3740068 0.06913192 0 0 0.02989493 0.1459483 0.1221328 0 0.01992996 0 0.11347 0.05408287 0.01222751 0.1558783 0
0.01992996 0.02989493 0.02989493 0.02614455 0.05192897 0.03328894 0.0114402 0.04248591 0.05268035 0.06427339 0.03227537 0.05385378 0.1129037 0.0837106 0.05310235 0.02989493 0.02609234 0.06404404 0 0 0.009964978 0.004658602 0 0.1667583 0.2372151 0.08840135 0.132403 0.30323 0.3258409 0.06014625 0.0446567 0.03087499 0.01992996 0.02146567 0.0614266 0.05815315 0.03618734 0.02360254 0.009964978 0.02734382 0.05748278 0.08245341 0.1711519 0.2340483 0.04860206 0.04151954 0.0076563 0.002381131 0.009964978 0 0.009964978 0.03955815 0.009964978 0.01992996 0.01992996 0.06088154 0.03762017 0 0 0 0 0 0.04032267 0.02927042 0 0.06542397 0.02468999
0.03017015 0.02446011 0.04961361 0.03985991 0.03072231 0.05422151 0.05260228 0.01992996 0 0.1633057 0.04212147 0.03985991 0 0.006356599 0.06680775 0.08047498 0.2041109 0.2211797 0.2076977 0.06511948 0.07335589 0.2994046 0.2829027 0.1926754 0.2881984 0.211728 0.08112634 0.3699851 0.1331219 0.02450845 0.02018128 0 0.02174632 0.07570118 0.05402009 0.03090455 0.01992996 0.01992996 0.009964978 0.01746788 0.0322224 0.03568045 0.09285958 0.1253614 0.144274 0.1456307 0.1611126 0.07443438 0.02007278 0.01992996 0 0.01992996 0 0.0461762 0.01992996 0.09083289 0 0 0 0 0.009964978 0 0 0.07602636 0 0.009964978 0.03851952
0.181991 0.05986232 0.0002112789 0.02989493 0.009794144 0.02105553 0.01992996 0.009964978 0.04982489 0.01606387 0.05273725 0.01992996 0.02888699 0.1173996 0.06012022 0.02975407 0.0534685 0.07339943 0.03872515 0.1437152 0.5575644 0.5348709 0.2298389 0.1895927 0.3832209 0.1843238 0.06325112 0.02989493 0.0469936 0.02458653 0.0403385 0.05978987 0.04046976 0.1446832 0.2150148 0.0963823 0.02148643 0.1105848 0.05256857 0.06538856 0.08413133 0.06026599 0.00989629 0.01323356 0.02872964 0.03238116 0.08828896 0.1956373 0.02525188 0 0.007247527 0 0.009964978 0.03491618 0.01487707 0 0 0.01992996 0 0.009964978 0.0341768 0.0156481 0.004786418 0.03027733 0.02472612 0.009964978 0.007057851
0.2371559 0.1164042 0.0566549 0.009560291 0.03068436 0.0009976212 0.02691309 0.04176045 0.03985991 0.01992996 0.1963872 0.03985991 0.1494747 0.06292146 0.009964978 0 0 0.02261588 0.02297879 0.0008734128 0.332095 0.8112004 0.4747379 0.09673069 0.1960688 0.09383916 0.1403819 0.04082294 0.09209773 0.0271437 0.01992996 0.01992996 0.1719842 0.1726629 0.20652 0.100098 0.06588502 0.02215614 0.02989493 6.614055e-006 4.415582e-006 0.00955805 0.03934889 0.02989493 0.01120402 0.08927637 0.2314983 0.019803 0.03418636 0.02738006 0.009855262 0.009964978 0.009964978 0.01715314 0.005565406 0.007274861 0.009964978 0 0 0 0.01326197 0.03656292 0.1040012 0.1015465 0.03157252 0.006011687 0.01391827
0.01944983 0.01984019 0.1376743 0.3692974 0.4508063 0.1499155 0.03977622 0.04982489 0.0187682 0.07091661 0.05771402 0.02725351 0.02000108 0.02989493 0 0.03985991 0.009964978 0 0.04607574 0.007979377 0 0.06484725 0.01088069 0.01187407 0.1422728 0.166152 0.2935658 0.4821399 0.3541639 0.6350188 0.2443593 0 0.217841 0.1330936 0.1770788 0.2436917 0.003798575 0 0.008020086 0.01190987 0 0.01997638 0.0005110253 0.02989493 0.009964978 0.009964978 0.02153399 0 0 0.06357733 0.07854573 0 0 0.06995742 0 0 0 0 0 0 0.02213742 0.04158159 0.1147656 0.07711611 0.02273625 0 0.01523029
0.03085874 0 0.0002025725 0.1087548 0.3359366 0.1744681 0.2436595 0.12728 0.02121388 0.08911364 0.03254195 0.02256828 0.009896963 0.009964978 0.009964978 0 0.03241114 0.03958046 0.05978987 0.002446073 0.02268692 0.005146689 0 0.01992996 0.07997445 0.09395122 0.04174951 0.02664727 0.2126224 0.3792298 0.6927733 0.1853234 0.04972293 0.01992996 0 0.008790059 0.05111869 0.0008309862 0.009964978 0 5.0264e-005 0.1398702 0.01992996 0 0 0.08013944 0.0394403 0.0009762164 0.01687003 0 0.01450479 0.05797875 0.04901901 0.06807344 0 0 0 0 0 0 0.002620904 0.05265959 0.07526432 0.05031753 0.06717265 0.02348957 0.2263218
0.08921029 0.1205949 0.02984243 0.02989493 0.2548 0.3175296 0.08169731 0.06992701 0 0 0.01006247 0.01983246 0.009964978 0.01084533 0.0190496 0.01992996 0.02058404 0.01703913 0.02989493 0 0.02469191 0 0 0.04882341 0.01566379 0.04602716 0.05978987 0.01510591 0.0478719 0.01992996 0.4397183 0.5699792 0.4180202 0.1593262 0.08135194 0.009964978 0.02882411 0.009133993 0.009964978 0 0.09870569 0.04024231 0.02006965 0 0.009964978 0.01992996 0.009964978 0.02989493 0.00208371 0 0 0.01992996 0.221311 0.1431923 0 0 0 0 0 0.01992996 0.02463067 0.08973124 0.1953385 0.05007717 0.1419971 0.06424597 0.06188403
0.08919551 0.08866966 0.007845557 0.2104605 0.1390871 0.1604568 0.2411755 0.07325318 0.02910683 0.02079885 0.03024335 0.09973744 0.07674593 0.03080296 0.02282366 0 0 0.02989493 0.03985991 0 0.01328791 0.03837364 0.04547226 0.07288417 0.02989493 0 0.01753796 0 0.09686136 0.03944917 0.009964978 0.3712 0.2765181 0.2287161 0.06422666 0.2477371 0.2510311 0.1351689 0.05045927 0.04982489 0.01992996 0 0.0003717413 0 0 0.01992996 0.02989493 0 0.04171299 0.02031236 0.007729507 0.04267801 0.0638394 0.2560098 0.12982 0.03615486 0.009964978 0 0 0 0.01554242 0.07033275 0.03394795 0 0.03045025 0.01568227 0.002886304
0.0117895 0 0.0161927 0.07281279 0.03107858 0.05901877 0.03186831 0 0.01991325 0.03987662 0.07867528 0.05890732 0.09197062 0.0003887127 0.02740965 0.0182248 0 0.01250505 0.01738989 0.009964978 0.03045844 0.03570316 0.03443984 0.04982489 0.009964978 0.009964978 0.1058487 0 0.00993494 0.09303119 0.02525779 0.04072707 0 0 0.1316499 0.4788321 0.6557424 0.4053785 0.08411425 0.04109518 0 0.009964978 0.06007722 0.009677625 0.009964978 0 0.02847099 0.0281587 0.01992996 0.02989493 0.007448023 0.05620465 0.1103534 0.1533126 0.06668447 0.0121465 0 0 0 0 0.005243863 0.06044256 0.01391244 0 0.006878444 0.02301649 0
0.09287711 0.04631564 0.04038087 0.1800784 0.08190594 0.001848966 0.009964978 0.03869283 0.06555095 0.1104242 0.06896579 0.05978987 0.009964978 0.009964978 0.009964978 0.0333619 0.08968481 0.01992996 0 0.01992996 0.09304278 0.06104894 0.01480722 0.03439886 0.009964978 0.009964978 0.1357028 0 0.07971983 0.09964979 0.01493247 0.07967991 0.01992996 0.0153651 0.02449482 0.01829522 0.08410107 0.1534923 0.1181226 0.5265512 0.1028961 0.1090557 0.03988768 0.01881159 0.03220743 0.124567 0.03828464 0.09346424 0.09805612 0.0353021 0.05234185 0.07976626 0.04008851 0 0.06398939 0.009583623 0.009964978 0 0 0 0 0.0659637 0 0 0 0.009964978 0.03891138
0.3065068 0.1325257 0.0514514 0.009964978 0.02029029 0.0590856 0.01992996 0.03026361 0.443027 0.0761937 0.0120429 0.009964978 0.02989493 0.007152759 0.02218162 0.02417631 0.009964978 0.01302553 0.04272899 0 0.05600928 0.004784429 0.1507676 0.2071372 0.01992996 0 0.03376866 0.006259962 0.003705017 0.09447224 0.0799787 0.08241451 0.002643855 0 0.02989493 0.02989493 0.01992996 0.02099308 0.01992996 0.03985991 0.1581844 0.3308109 0.1898204 0.05816858 0.06747917 0.08957997 0.1541731 0.01216433 0.02954154 0.03215727 0.02989493 0.1882865 0.03834254 0.01667309 0.02989493 0 0 0 0 0.009964978 0 0.1295447 0 0 0.003949557 0.009964978 0.01987229
0.2021777 0.1001542 0.01992996 0 0.009964978 0.02063423 0.04982489 0.03094484 0.01120843 0.05243028 0.1086765 0.03122946 0.0338526 0.04267213 0 0.03831761 0.03806389 0 0.004035351 0.03985991 0.03367553 0.01744507 0.4888758 0.2228045 0.04982489 0.005807453 0.07003865 0.009964978 0.05654532 0.1925001 0.05195251 0.0350339 0.0422175 0.009964978 0.009964978 0 0 0.04876177 0.009763699 0.02013124 0.03985991 0.009851402 0.02089394 0.05337234 0.2474834 0.2065919 0.2088092 0.2745457 0.05785461 0.03306727 0.09101006 0.1107405 0.03400628 0.009110507 0.01992996 0.01992996 0 0.02561498 0.01424493 0 0 0.00677221 0.117376 0 0.02366559 0.002279788 0.01657895
0.07057476 0 0.01021236 0.01992996 0 0.01010228 0.03972261 0.02876304 0 0 0.009964978 0.01820367 0.02195729 0.02237175 0.07432445 0.1302326 0.162581 0.01632578 0.05978987 0.02989493 0.06975485 0.06148611 0.2718564 0.08495791 0.01455614 0 0.01292621 0.01081419 0.009964978 0.04722299 0.002601906 0 0.03985991 0.004367866 0.01363019 0.01992996 0.01901274 0.06040967 0.03090592 0 0.02075372 0.07012071 0.0288189 0.05137946 0.03485778 0.2279693 0.6438528 0.5636603 0.05419272 0.04725266 0.124229 0.1689249 0.009964978 0.05146691 0.01525405 0 0.02989493 0 0 0 0 0.009964978 0.1249762 0.009964978 0 0.02989493 0.009964978
0.1295912 0.2722315 0.04361872 0.07966994 0.04012307 0.03985991 0.009964978 0.02898602 0.001232453 0.04859244 0.009964978 0.03777991 0.004179863 0.09350134 0.2815886 0.1676851 0.1568641 0.05619004 0.01992996 0 0.02989493 0 0.01532788 0.03449701 0.01997638 0.01992996 0.01992996 0.07849698 0.04089498 0 0.01992996 0 0.009964978 0.09528192 0.1261229 0.003384545 0.009964978 0.009964978 0.05032064 0.02018859 0.01189876 0.2686184 0.3711505 0.1058678 0.08858775 0.4393868 0.7542337 0.6082393 0.5542243 0.1829672 0.06851289 0.1061457 0.0716074 0.01185658 0.01332283 0.005492756 0.04433214 0.009964978 0 0.3877349 0.5507678 0.0271706 0.03261927 0.01863712 0.01992996 0.009964978 0
0.1586222 0.3585447 0.3824902 0.08993492 0.06975485 0.03936738 0.02989493 0.02206805 0.01887171 0.0582824 0.0618652 0.01209047 0.1029587 0.01905978 0.3971088 0.4610579 0.3082522 0.009964978 0.01621044 0.04181333 0.009964978 0.05166002 0.01440294 0.1503034 0.04386577 0.01992996 0.006970574 0.05735047 0.01922524 0.002515872 0.008187881 0.001777098 0 0 0.04561144 0.02051545 0 0 0.04990491 0.02004689 0.001240145 0.1061545 0.5481809 0.05350311 0.01992996 0.04639 0.1753017 0.5643413 0.114958 0.02195453 0.2376348 0.1191038 0.06607843 0.04535308 0.1108319 0.009964978 0.009964978 0.01979392 0.008776968 0.2176945 0.07815257 0.01762201 0.1265955 0.1308376 0 0 0
0.1707138 0.1003575 0.03990634 0.02989493 0.01992996 0.1200723 0.001118257 0.02973765 0.2297466 0.1200606 0.007829645 0.02989493 0.01285715 0.0743777 0.02405479 0.02895454 0.08410433 0.04111315 0.04940891 0.06828979 0.07549041 0.05815498 0 0.03499373 0.005359035 0.009964978 0.07688157 0.1099711 0.03237682 0.03322008 0.003090927 0 0.01992996 0.01992996 0.009964978 0.04982489 0 0 0.01974745 0.01844755 0.01992996 0.05150865 0.05817889 0.01992996 0.009964978 0.01992996 0.0607882 0.2105131 0.3996299 0.03785012 0.1820538 0.1884976 0.06673338 0.02107052 0.01136577 0.04439428 0.04621778 0.07234299 0.1465409 0.04037084 0.03266146 0.02233404 0.06453848 0.1124496 0.02781633 0 0
0.1194131 0.08211212 0.09969621 0.0005956385 0.02923793 0.02912161 0.07908593 0.03985991 0.02322201 0.0690726 0.02989493 0.01992996 0.03246064 0.02747975 0.00284032 0.07971983 0.04077806 0.02896409 0.04483828 0.04611219 0.03877079 0.01601247 0.02384744 0.03970892 0.009964978 0.009964978 0 0.01992996 0 0.04649975 0.02680401 0.009964978 0.05978987 0.01992996 0.01992996 0.0001348964 0.02976004 0 0.009964978 0.01076017 0.009964978 0.02185387 0.02792491 0 0 0.009964978 0.02584456 0.1384492 0.2285874 0.06161899 0.02901367 0.1874866 0.02717687 0.01992996 0.05978987 0.0528338 0.1440898 0.1092033 0.2993205 0.09990206 0.02505467 0.04205647 0.2022533 0.750284 0.07814824 0.03985991 0
0.1329192 0.1876589 0.03908851 0.03021831 0.04988626 0.0007733307 0.01059887 0 0.06975485 0 0 0 0.0007688688 0.001530566 0.02714747 0.01584275 0.01588263 0.02518691 0.01992996 0.04731312 0.04392142 0 0.01992996 0.09341733 0.0311367 0.03985991 0.01992996 0.009964978 0.0235041 0.03320884 0 0.01992996 0 0.02951463 0.06228698 0 0.01156129 0 0.03246105 0.08742536 0.01208994 0.01780499 0.009964978 0 0.02989493 0 0.08263864 0.03135588 0.01039943 0.08504154 0.03906371 0.5085761 0.03392208 0.07764314 0.09498094 0.0668681 0.01693315 0.03693142 0.08399371 0.007725001 0.09487931 0.3552086 0.07857733 0.0911255 0.04982489 0.01992996 0.05725496
0.2928865 0.009919232 0.0005779971 0.0607182 0.05015524 0.01856156 0.01992996 0.02922378 0.008955508 0.002759911 0.0869249 0.04629656 0.009964978 0.009964978 0.09243227 0.01753253 0.01523999 0.04162473 0.01473543 0.02227093 0.07186781 0.0593994 0 0.009964978 0.05496657 0.009964978 0.01413206 0.02662273 0.009663041 0.006651075 0 0 0 0 0.03817224 0.03032938 0.07725994 0 0.0188281 0 0.02989493 0 0 0.03975904 0.01992996 0.01368965 0.02715033 0.009964978 0.009964978 0.02683796 0.0801009 0.2886988 0.06733222 0.04331592 0.03663251 0.03986735 0.01992996 0.1209642 0.05646419 0.151885 0.4406407 0.5282167 0.04439755 0.09822197 0.009964978 0 0.01267646
0.5576991 0.1393265 0.03059181 0.009751319 0.09964979 0.06159272 0.09735233 0.03230081 0.03997645 0.06709107 0.009964978 0.0234583 0.004089276 0.04573562 0.01992996 0.02713623 0.0466498 0.0532546 0.006373504 0.01992996 0.02676929 0.04387144 0.07382593 0.007306749 0.2017471 0 0.04245267 0.01171023 0.009964978 0.00926283 0.08042198 0.01878405 0.01833346 0 0.0001731093 0.01184538 0.2955849 0.01992996 0.009964978 0.009964978 0 0.002793627 0.01713633 0.03026369 0.1329314 0.00631042 0.009964978 0 0 0.03517522 0.06857429 0.07800876 0.1760482 0.01277235 0.04067151 0.1097035 0.1675338 0.1474662 0.09798234 0.03885317 0.3108639 0.3127428 0.03206457 0.06975485 0.05978987 0.04993584 0.007713033
0.03727644 0.1386902 0.05759114 0.01992996 0.03175779 0.008102123 0.03038955 0.1269917 0.02102312 0.06996936 0.10106 0.1513639 0.009964978 0.04112988 0.01399013 0.02789911 0.05470392 0.01992996 0.01600472 0.003997694 0.009964978 0.004294125 0.009134755 0.04982489 0.08781412 0.05099393 0.0442769 0.04011219 0.02028633 0.01078929 0 0.0210084 0.05429145 0 0.04053231 0.02716903 0.05318933 0.02174049 0.02919542 0.009964978 0.01992996 0.01039937 0.03001704 0.02989493 0.02989493 0.01853335 0.03129154 0 0.02989493 0.03985991 0.03732878 0.1328522 0.1374843 0.174349 0.1757253 0.07997211 0.0297419 0.02740365 0.141111 0.01418283 0.009964978 0.1148297 0.2619628 0.1205189 0 0.0001776899 0.04182323
0.03115872 0.09068836 0.09376784 0.1077242 0.0101878 0 0.04261769 0.02045406 0.03985991 0.02989493 0.0220721 0.06252593 0 0.008245911 0.04624883 0.02728114 0.03294552 0.009964978 0.04337894 0.01614507 0.009964978 0.009964978 0.01705394 0.2925681 0.1489842 0.06233973 0.04543484 0.009964978 0 0 0.02332548 0.01310026 0.08688222 0.01992996 0.01992996 0.009964978 0.05014736 0.02883488 0.2311713 0.135883 0.06689325 0.03942552 0.01980785 0.01992996 0.02989493 0.04452145 0.04516336 0 0.2171066 0.3483644 0.1144846 0.334067 0.5438361 0.01526389 0.02688853 0 0 0 0.01345431 0.08600768 0.09712186 0.1813191 0.2347988 0.05121107 0.04458019 0.009564288 0.009964978
