EnvRasters/BAU_High/sealed.asc
ncols         270
nrows         223
xllcorner     24099.479091542
yllcorner     21023.840179216
cellsize      1003.8986847201
NODATA_value  -9999
[rows 58 to 86 of 223, columns 0 to 66 of 270]
-9999 -9999 0 0 0 0 0.03687533 0.01770168 0.05407422 0.03710106 0.03260854 0.009964978 0.009964978 0.01281734 0 0 0.009964978 0 0.01992996 0 0.04992337 0 0 0.01037108 0.03986536 0.03929283 0.01992996 0.01082844 0.0009935838 0.01992996 0.1010858 0.06975485 0 0.007664571 0.0132524 0.05618454 0.01090787 0.3235318 0.5238872 0.07620282 0.08750885 0.1022326 0.09678821 0.06722541 0.05123355 0.02390585 0.2436139 0.04139457 0 0.009964978 0.02989493 0.1567467 0.05578319 0.4480045 0.01569294 0 0 0.008488516 0.009964978 0.0181494 0.04164048 0.01992996 0.01992996 0.009926424 0 0.08992435 0.3188296
-9999 -9999 0 0 0 0.009964978 0.005212863 0.009964978 0 0.02989493 0.009964978 0 0 0.01162733 0.01541525 0.009964978 0 0 0.01992996 0 0.05868113 0.000842885 0.007227624 0.04219117 0.04569216 0.3279354 0.005603245 0.008723233 0.001241746 0.04982489 0.04982489 0.07793428 0 0.01062164 0.03914558 0.2233994 0.06299483 0.1018383 0.5811033 0.2275777 0.110936 0.1533119 0.1564638 0.3252885 0.03135244 0.01992996 0 0 0.02989493 0 0.03215744 0.04701886 0.09358769 0 0.02761735 0 0 0 0.02989493 0 0 0 0.01992996 0.01979422 0.07998533 0.3194416 0.1927781
-9999 -9999 -9999 0 0 0.005001117 0 0 0 0.03985991 0.003809921 0.04013822 0.02026031 0.005546405 0.009964978 0.01241574 0.009964978 0.01992996 0.009964978 0.02989493 0.02123566 0.01908707 0 0 0 0 0 0 0 0.02989493 0.01720642 0.1205954 0.08876763 0.2102335 0.03901546 0.03713188 0.2609397 0.1854906 0.2415812 0.02651532 0.01984626 0.05321275 0.07633197 0.005207068 0.004790683 0.009964978 0.04982489 0 0.03074867 0.0290412 0.1791611 0.02374681 0.1223926 0 0.009964978 0.02989493 0 0.0180352 0.05865991 0.1425344 0 0.02989493 0.03948679 0.04040733 0.01033063 0.1000171 0.04059462
-9999 -9999 0 0.001939875 0.03792004 0.004963862 0 0 0 0.02366977 0.03612011 0.009964978 0 0.005139286 0.1144405 0.01016755 0.02989493 0 0 0.05358221 0.01486694 0.009964978 0 0 0 0 0.0180089 0.04115527 0.04982489 0 0.0226535 0.1018721 0.04751893 0.02332028 0.02873819 0.03262297 0.306501 0.2187622 0.3392236 0.1084938 0.2685324 0.07512055 0.009964978 0.01472289 0.2266052 0.04762353 0.08235155 0.004825964 0.02572967 0.1809027 0.2089999 0.01664111 0.02708208 0.009964978 0.02989493 0.03779892 0.01202598 0.009964978 0 0.02096755 0 0.03009894 0.02019102 0.06003 0.09982399 0.01940816 0.009964978
-9999 -9999 0 0 0.009964978 0 0.01315615 0.006773811 0.009964978 0.009964978 0.04605237 0.007539269 0 0 0.009964978 0.02249398 0 0 0 0.03985991 0 0 0 0.01992996 0.00897459 0.02119986 0.01992996 0.01059068 0.009964978 0 0.01049501 0.08853793 0.03079243 0.07904814 0.08171944 0.04635625 0.1276837 0.2478155 0.4195809 0.446955 0.6868416 0.2177446 0.04179474 0.02581708 0.00484265 0.02505228 0.08552264 0.0110065 0.04383147 0.09463239 0.1597907 0.006845457 0.09860367 0.04090604 0.06469045 0.009964978 0.009964978 0.03152547 0 0.01889236 0.02989493 0.04006249 0.07124614 0.1582814 0.02989493 0 0
-9999 0.009964978 0.02989493 0.02989493 0 0.01992996 0.01992996 0.009964978 0 0.01992996 0.06178682 0.03409623 0 0 0 0.01471261 0 0.01992996 0 0.01992996 0 0 0.009964978 0 0.02005446 0.02989493 0.009770445 0.009484179 0 0.001891723 0.1974406 0.05998572 0 0.04200063 0 0.03225889 0.09976632 0.2403502 0.1886475 0.1790869 0.2372784 0.3754546 0.1645036 0.07185996 0 0 0.02427329 0.09365456 0.2535918 0.009964978 0.009964978 0.009964978 0.01048964 0.04495326 0.02499436 0.02819827 0.001696663 0.05815934 0.009964978 0.02136025 0.1601141 0.02033908 0.1092465 0.03997512 0 0.001502748 0.09750785
0 0 0 0.01992996 0.009964978 0 0 0.009964978 0.009964978 0.009964978 0.01580015 0.001910052 0.02182071 0.01141335 0 0 0.01992996 0 0.0218898 0.009964978 0 0 0 0.00946577 0.01154967 0.01992996 0.02000974 0.0005955474 0.01992996 0.02989493 0.03115646 0 0.01827245 0.009964978 0 0.02740466 0.02560337 0.3288254 0.1074347 0.08749536 0.158583 0.3611397 0.5260991 0.637072 0.4497614 0.0472774 0.07568061 0.2168113 0.003818987 0 0 0.009964978 0.02691677 0.05266169 0.144179 0.01213077 0.09952536 0.06034648 0.0438142 0.03790953 0.07243991 0.1089157 0.1205568 0.08874531 0.009964978 0.09088106 0.05812536
-9999 0 0 0.04982489 0 0 0.01992996 0.02989493 0.004556631 0 0.009162856 0.03674477 0.02368091 0.09255971 0.003099283 0.006736854 0.003228125 0.03711032 0.05061464 0 0 0.009964978 0.1437252 0.1347917 0.1986793 0.02939752 0.02050787 0.009964978 0 0 0.02989493 0 0.001657503 0 0 0.01245525 0.003058639 0.0897354 0.09079978 0.07860486 0.1052349 0.1891292 0.3316237 0.1449886 0.2040226 0.1846424 0.1926046 0.1797025 0.1626452 0.08420818 0.19868 0.1022175 0.1163833 0.09039757 0.2090025 0.3244314 0.008059424 0.1701366 0.03949849 0.1261396 0.2381961 0.07105132 0.0284309 0.08380742 0.1452867 0.02031452 0.172403
-9999 0 0.009964978 0 0.009964978 0.005331733 0 0 0.005408348 0.008503468 0 0.05986232 0 0 0.02357549 0.01318514 0.009964978 0 0.0273107 0.01441974 0.001376074 0 0.009964978 0.02989493 0.02952818 0.03004546 0 0 0 0.009964978 0.06855454 0 0 0 0.0576527 0 0.01992996 0.1325871 0.009964978 0.006448526 0.01610122 0.05087959 0.04826201 0.1659961 0.1968672 0.03803128 0.01842091 0.2022728 0.05986543 0.09389858 0.2672621 0.1003886 0.3164801 0.2561564 0.1734495 0.08408516 0.06052364 0.2818939 0.1911917 0.113229 0.04122182 0.1074293 0.2986408 0.3663512 0.1002107 0.0101933 0.1089693
-9999 0 0 0 0.1091979 0.07596061 0 0 0.01992996 0.04662268 0.0146287 0.02599453 0 0.009964978 0 0 0.009964978 0 0.02641855 0.09812827 0.1673494 0 0 0.01952681 0.0004031504 0.06952383 0 0 0.01942668 0 0.01116529 0.06828006 0.07959833 0.02071354 0.04929593 0.009964978 0.03985991 0.05978987 0.1295447 0.05334134 0.0237587 0.1127842 0.1134645 0.0725624 0.01288389 0.0980057 0.009037104 0.07045642 0.02608456 0.01992996 0.006327052 0.0333711 0.1564478 0.2731365 0.2373755 0.6226436 0.1332234 0.3289087 0.3770514 0.04509855 0.08880543 0.002195336 0.4963713 0.2637215 0.02209127 0.04016217 0.06821301
-9999 0 0.009964978 0.01186412 0.004248505 0.02893904 0.005516693 0 0.009964978 0 0 0.01992996 0.009964978 0 0.009964978 0.02989493 0.03985991 0.03786502 0.001994894 0.007131003 0.4730282 0.01243096 0 0 0.02006535 0.009829585 0.01992996 0 0.0005032797 0.009964978 0.01992996 0.01992996 0.02836548 0.06167243 0.08956809 0.07983654 0 0.05396858 0.02575125 0.02989493 0.05485554 0.1168075 0.03610634 0.009964978 0 0.06289832 0.1514403 0.05423712 0.09388402 0.01992996 0.009964978 0.02641877 0.08521249 0.1448978 0.03980225 0.1720273 0.1276872 0.2875433 0.2693064 0.2548421 0.05338423 0.06934067 0.1939214 0.04612102 0.009964978 0.009964978 0
-9999 0.009964978 0 0.008065841 0 0 0.01992996 0.01528216 0.004647799 0 0.01606502 0.00386494 0.003649332 0.009964978 0.009964978 0.009964978 0 0.04824638 0.003744468 0 0.5677631 0.33179 9.048201e-007 0.1112872 0.07041557 0 0.001201815 0.008665028 0.07884693 0.01992996 0.009964978 0.009964978 0.01309073 0.0207358 0.005345519 0.02369921 0.02349347 0.02982661 0 0.009964978 0.009964978 0.09708622 0.02837306 0 0 0.0266695 0.227927 0.05180362 0.10224 0.06787174 0.1015329 0.07849742 0.03014721 0.1703452 0.1649621 0.147066 0.04021629 0.06096939 0.2211964 0.3178039 0.09620123 0.1231638 0.06462776 0.01992996 0 0.009964978 0
-9999 0 0.02989493 0.006142023 0.0445764 0.00524849 0 0.02989493 0.009964978 0.0288569 0.04407616 0 0.03621058 0 0 0 0.008316359 0.001648619 0.017764 0.02913327 0.2309182 0.6146621 0.1011475 0.03853452 0.1306248 0.1198404 0.1154656 0.2239119 0.02080285 0.02989493 0 0 0 0.002536922 0.01124167 0 0.001152707 0.04140775 0.009964978 0.02661624 0.009964978 0.1499757 0.06533933 0.006412057 0.0135179 0.009964978 0.1200809 0 0.1033639 0.0598678 0.0124961 0.1569839 0.1767615 0.05880032 0.09831881 0.08980436 0.05203504 0.08968481 0.1984671 0.1058152 0.388006 0.1568815 0 0 0 0 0
-9999 0 0.02989493 0.01378793 0 0.01506387 0.01483107 0.005733564 0.08010223 0.09555008 0.1468193 0.3149739 0.05012922 0.1199361 0.06201316 0.03654796 0.04568448 0.0622829 0.01217175 0.05077652 0.2527992 0.4068668 0.1295217 0.07979931 0.03782715 0.03207517 0.1380718 0.07810609 0 0.02989493 0.01903986 0.009964978 0 0.009964978 0.009964978 0.02767761 0.02452402 0.209673 0.07000713 0.02791887 0.009964978 0.20765 0.1611935 0.02989493 0 0.01878748 0.07076763 0.3246813 0.1389618 0.103166 0.2010776 0.3884886 0.3205963 0.1894251 0.07004724 0.116172 0.09586746 0.07177721 0.1275329 0.5163454 0.6154447 0.0683274 0.1141897 0.04717922 0.01992996 0 0.009964978
-9999 0 0.009964978 0.009964978 0 0 0 0 0.009964978 0.07522295 0.1129712 0.6518818 0.02535962 0 0 0.02003867 0.1134179 0.3797167 0.08688048 0.167057 0.3935861 0.3414516 0.29695 0.08999103 0.06055512 0.009417427 0.01043764 0.1917468 0.01741334 0.01992996 0.01085508 0.03227984 0.00655424 0 0 0.0498453 0.160565 0.04606646 0.07971983 0 0.03985991 0.3082729 0.4258218 0.02559006 0.009964978 0.0704165 0.6500819 0.8668761 0.1556512 0.1371001 0.1593345 0.3312474 0.1865794 0.09893759 0.1584307 0.07916316 0.4640381 0.2652285 0.2375783 0.1204554 0.01094253 0.08751767 0.06066244 0.01712814 0.06975485 0.01369266 0.006276208
-9999 -9999 0 0 0.009964978 0 0 0.009964978 0.04641829 0.0532315 0.01728815 0.03253675 0.01992996 0.009964978 0 0.009964978 0 0 0 0.04173619 0.09356593 0.200207 0.1621516 0.03890792 0 0.04000482 0.1112915 0.05751991 0.1027049 0.1898341 0.03288597 0.01099082 0 0 0.02886366 0.02315816 0.05398185 0.10835 0.02442402 0 0.06691092 0.2809273 0.4363703 0.08439503 0.06058137 0.226607 0.1370705 0.3002075 0.2960621 0.2113528 0.1848018 0.06663641 0.05647193 0.1092078 0.4379244 0.3332995 0.06870774 0.04550064 0.02405851 0.08979116 0.0675277 0.01992996 0.04982489 0.01992996 0 0.01989105 0.004409482
-9999 -9999 0 0 0 0.02560709 0.04982489 0 0.009964978 0 0 0.02401962 0 0 0 0 0 0 0.0001003162 0.05994418 0.02043551 0.06769875 0.0286623 0.03146961 0.03828524 0.04106135 0.007781646 0.002704408 0.03699374 0.06857739 0.2071476 0.06878788 0.01612886 0.0245479 0.005347033 0.01992996 0 0.04247322 0 0 0.06255818 0.05599419 0.1304563 0.1041085 0.2274417 0.2197861 0.1503063 0.2203504 0.153813 0.3173491 0.5679162 0.1603951 0.1303241 0.1805866 0.1289876 0.01237502 0.2367378 0.1109223 0.1204374 0.05385504 0 0.02307805 0.07732808 0 0.009964978 0 0.02966236
-9999 -9999 -9999 0 0 0.004287846 0.01648723 0.03333766 0 0.009964978 0.03985991 0.01386715 0.01193812 0.008574463 0.001390515 0.009391309 0.0005736695 0.009964978 0.03994376 0.01763018 0.01992996 0.07812847 0 0.02181762 0.08048142 0.01048372 0 0 0.01024736 0.000620693 0.02989493 0.0598363 0.06975485 0.05978987 0.03811457 0.05863684 0.01910342 0.02991534 0 0 0.06321934 0.1530643 0.3170918 0.1635384 0.2688053 0.1121641 0.3899761 0.4844412 0.301588 0.3665164 0.5629483 0.3816504 0.3896613 0.2074464 0.03971487 0.04264051 0.2362288 0.05460953 0.1794712 0.02026031 0.0272514 0.03322519 0.02580834 0.08430537 0.1062925 0 0.0002325732
-9999 -9999 -9999 0.05146881 0.04818097 0 0 0 0 0.009964978 0.02989493 0.004234568 0 0.009964978 0.009964978 0 0.01992996 0 0 0.02989493 0.01992996 0.04982489 0 0.01166909 0.03785399 0.01706377 0 0.009964978 0 0 0.01992996 0.01997638 0.04458992 0.03946933 0.126232 0.1611674 0.1398401 0.1509096 0.1943504 0.07344217 0.01683084 0.05267168 0.114553 0.418999 0.40495 0.1480215 0.4577535 0.4133002 0.170428 0.2989707 0.3193809 0.06846967 0.3745025 0.6678882 0.07553757 0.1285287 0.0281304 0.04206236 0.005224917 0.1043898 0.009964978 0.02362455 0.006270383 0.05924734 0.02917421 0.02485829 0.05474508
-9999 -9999 -9999 -9999 -9999 -9999 -9999 -9999 -9999 0.009964978 0 0.01569539 0 0.009964978 0.00330585 0.03340746 0.009964978 0 0.1120481 0 0 0.01992996 0 0 0.01992996 0.02989493 0.01992996 0 0.009964978 0.009964978 0.004355568 0.02658769 0 0.01466631 0.06583063 0.08408591 0.0354359 0.1911214 0.2950416 0 0.07988685 0.1110037 0.1773691 0.2069503 0.6104265 0.277701 0.3533889 0.1976371 0.4160809 0.1799287 0.1553895 0.03145783 0.1103 0.1538398 0.2019961 0.009964978 0.009964978 0.02028287 0.03730455 0 0.0005047522 0.02191911 0.03092068 0.0144504 0.005641079 0.01008411 0.05994878
-9999 -9999 -9999 -9999 -9999 -9999 -9999 -9999 -9999 0 0 0.01876356 0.001166398 0 0.0262576 0.0267139 0.01296518 0.0002232985 0.03986521 0 0 0.009964978 0.01992996 0.001126463 0 0 0.009964978 0 0 0.02959008 0 0.05402378 0.06012022 0.05463786 0.03570203 0.1459944 0.1838478 0.2531025 0.2439397 0.04558493 0.03969289 0.02609997 0.206855 0.07435265 0.1915266 0.06151827 0.2576673 0.2348904 0.5706753 0.2492177 0.04888075 0 0.03269107 0.04702877 0.1068898 0.03866227 0.01992996 0.009964978 0.003171976 0.03668794 0.01313676 0.04415921 0.01890421 0 0.01522297 0.02483952 0.0299013
-9999 -9999 -9999 -9999 -9999 -9999 -9999 -9999 -9999 -9999 0.009964978 0.05978987 0.02926708 0.03445423 0 0 0.04828987 0.06890811 0.006684663 0.009964978 0.02382974 0.01603018 0 0.01880349 0 0.01331939 0.08052042 0.01619314 0 0.1420786 0.08436438 0.05978425 0.07421771 0.2523084 0.01992996 0.2090553 0.6277994 0.07315262 0.1561241 0.06759667 0.04463213 0.09167842 0.08668067 0.2052494 0.06868311 0.3963818 0.1514308 0.08975726 0.02054192 0.1648396 0 0.009964978 0 0.009964978 0.01591474 0.1074203 0 0.009964978 0 0.01383164 0.03768438 0 0.0004537409 0.01044767 0.2692363 0.1094008 0.05978351
-9999 -9999 -9999 -9999 -9999 -9999 -9999 -9999 -9999 -9999 0 0 0 0.02596349 0 0 0.02989493 0 0 0 0 0 0 0 0 0 0.02947674 0.06445178 0.1451733 0.458489 0.4981996 0.08013909 0.1118232 0.06119336 0.06975485 0.1526714 0.1270371 -9999 -9999 0 0.06115155 0.01832844 0.03803688 0.09621333 0.1495392 0.1764688 0.1454062 0.04970421 0.009698186 0.01558437 0.07409482 0 0 0.009964978 0 0.07966216 0.03072255 0.08490272 0.01646375 0.02989493 0.04813376 0.01594364 0.01082445 0.3228614 0.0339484 0.06926126 4.599476e-005
-9999 -9999 -9999 -9999 -9999 -9999 -9999 -9999 -9999 -9999 -9999 -9999 0.01432759 0 0.009964978 0.009964978 0.02111796 0.02870693 0 0 0 0.05450293 0.04701116 0.009964978 0.01992996 0.02022505 0.08427116 0.01544226 0.1889452 0.2699223 0.03741915 0.06438434 -9999 -9999 0 0 -9999 -9999 -9999 -9999 0.02847385 0.02479003 0.5236044 0.1965637 0.1735568 0.02031149 0.07069033 0.1645254 0.08389148 0.03985991 0.03551995 0.009964978 0 0.002405041 0.01752492 0.05296966 0.1440723 0.02743585 0.01992996 0.05413397 0.1204665 0.02339639 0.09894523 0.1209377 0 0.02609101 0.04388076
-9999 -9999 -9999 -9999 -9999 -9999 -9999 -9999 -9999 -9999 -9999 -9999 0.005602366 0.009964978 0.02376647 0.00357627 0 0.01992996 0.02989493 0 0.01252643 0.02836099 0.01082484 0.007759703 0.003986956 0.09038164 0.05974812 0.01034738 0.08489028 0.01069689 -9999 -9999 -9999 -9999 -9999 -9999 -9999 -9999 -9999 -9999 0.008674013 0.1478838 0.07326578 0.05851934 0.372924 0.2590125 0.03085398 0.0786982 0.0972384 0.0619354 0.03985991 0 0.009964978 0 0 0 0.3289984 0.1039296 0.009964978 0.02645981 0.2070049 0.01593175 0.009964978 0.0109366 0 0 0.05952695
-9999 -9999 -9999 -9999 -9999 -9999 -9999 -9999 -9999 -9999 -9999 -9999 -9999 0.009964978 0.006128468 0.006388709 0.01981813 0.01195177 0.01076812 0.01992996 0 0.002009205 0.002874817 0.00554377 0.08514346 0.08456784 0 0 -9999 -9999 -9999 -9999 -9999 -9999 -9999 -9999 -9999 -9999 -9999 -9999 -9999 0.0865733 0.1255306 0.2556326 0.1428608 0.6575745 0.4880513 0.0934534 0 0.08890693 0.003999061 0.03006284 0 0 0.01992996 0.01695526 0.02290466 0.05469771 0.00447318 0.03347825 0.446102 0.08844753 0.01992996 0.06878323 0 0 0
-9999 -9999 -9999 -9999 -9999 -9999 -9999 -9999 -9999 -9999 -9999 -9999 -9999 0 0 0 0.08979663 0.009964978 0.007175051 0.009964978 0.01217676 0.007955774 0 0.02408102 0.203885 0 -9999 -9999 -9999 -9999 -9999 -9999 -9999 -9999 -9999 -9999 -9999 -9999 -9999 -9999 -9999 0 0.1390967 0.2143281 0.4315468 0.4434685 0.7010362 0.2958807 0 0.1104335 0.009964978 0.03569295 0.009964978 0 0.02704026 0.04271459 0.009964978 0.06975485 0.03213049 0.01992996 0 0.009964978 0.04288689 0.02808858 0.01992996 0 0.0002577308
-9999 -9999 -9999 -9999 -9999 -9999 -9999 -9999 -9999 -9999 -9999 -9999 -9999 0 0 0.001872594 0.01805736 0 0 0 0.01771818 0.02989493 0.01817893 0.09309548 0.07971983 0 -9999 -9999 -9999 -9999 -9999 -9999 -9999 -9999 -9999 -9999 -9999 -9999 -9999 -9999 -9999 -9999 0.04693331 0.2341189 0.4590755 0.3480321 0.1305002 0.07845616 0.1793276 0.07976626 0 0.009964978 0.06381547 0.01992996 0 0.004132729 0.03572718 0 0.007729418 0 0.009964978 0.009964978 0.03110525 0.1171488 0.04982489 0.009964978 0.01967223
-9999 -9999 -9999 -9999 -9999 -9999 -9999 -9999 -9999 -9999 -9999 -9999 -9999 -9999 0 0 0 0.01992996 0.009964978 0 0.03985991 0 0.02843018 0.0686518 0.01087313 -9999 -9999 -9999 -9999 -9999 -9999 -9999 -9999 -9999 -9999 -9999 -9999 -9999 -9999 -9999 -9999 -9999 0.09076076 0.4256803 0.5204517 0.04152622 0 0.01051225 0.1616143 0.1372111 0.2340255 0.2911144 0.18067 0 0.007640191 0.03571922 0.01992996 0.01992996 0.009964978 0 0.005966652 0.02392828 0 0 0 0.01052376 0
