EnvRasters/BAU_High/sealed.asc
ncols         270
nrows         223
xllcorner     24099.479091542
yllcorner     21023.840179216
cellsize      1003.8986847201
NODATA_value  -9999
[rows 116 to 144 of 223, columns 134 to 200 of 270]
0.2441856 0.03001042 0.5330868 0.5656339 0.1822164 0.09785151 0.2432255 0.01195517 0.05848537 0.1014532 0.1899737 0.1192011 0.4374195 0.1377339 0.2587513 0.1299311 0 0.009964978 0 0.1033175 0.03514097 0.1662916 0.2842167 0.4051633 0.3842747 0.1756041 0.2244075 0.3660206 0.1985995 0 0.2426276 0.00620679 0.01080954 0.01016521 0.02341802 0.009141348 0.02149384 0 0 0 0 0.01323148 0 0.01691568 0.02784833 0 0.001809155 0 0.04982489 0 0 0.009964978 0.009964978 0 0.009964978 0.04307692 0.03536869 0 0 0 0 0.07984433 0 0 0.02989493 0.006803535 0.009964978
0.1690516 0.0947813 0.2549175 0.2322554 0.1884858 0.2245114 0.0729585 0.1164369 0.3363322 0.4406441 0.3698119 0.3735853 0.4147751 0.1551214 0.4693614 0.2903103 0.02149356 0.01790804 0.009964978 0.3614323 0.1616037 0.398881 0.08148732 0.2220624 0.09923803 0.04275091 0.1051505 0.2578315 0.2027659 0.0346444 0.05560433 0.06389172 0.009964978 0.03985991 0 0.01992996 0.03775326 0.01207163 0.009964978 0.02989493 0 0.006698476 0 0.002662329 0.04484626 0.002271968 0.05798072 0.009964978 0.009964978 0.001641401 0.008323578 0 0.009964978 0.009964978 0.02989493 0.01360462 0.2062564 0.03985991 0 0 0.0142039 0.09553537 0 0 0.01992996 0.01974115 0.01331523
0.1966829 0.1798907 0.1083882 0.1154199 0.19362 0.2970341 0.1195797 0.02989493 0.2953156 0.1042777 0.1901732 0.1562806 0.09763849 0.04166579 0.07891677 0.01854723 0.05978987 0.3318378 0.08211487 0.1605607 0.1582392 0.2197366 0.003727872 0.03205525 0 0.04795729 0.09853309 0.03796984 0.1461221 0.1971783 0.07076085 0.1270354 0.001938613 0 0.01519807 0 0.05978987 0 0 0 0 0 0 0.007302649 0.07712995 0.01765799 0 0.009964978 0 0 0.01992996 0.009964978 0 0 0.009964978 0 0.0006427281 0 0.009964978 0.01992996 0.1088837 0.0008815658 0 0 0 0 0
0.1982495 0.2213838 0.1124185 0.2711798 0.2279813 0.05684343 0.1662062 0.2190091 0.361604 0.168204 0.0591466 0.09159651 0.02989493 0 0.0211927 0.06216022 0.04592707 0.05128354 0.1281208 0.08209657 0.01304928 0.191197 0.0650107 0.01404177 0 0.08624092 0.1042163 0.209389 0.00335261 0.03985991 0.3041673 0.139905 0.02133337 0.01740478 0.01722204 0 0.009964978 0 0.004238558 0 0.003561931 0 0.009964978 0 0.07064972 0.009142561 0 0 0 0 0.009964978 0.009964978 0 0 0 0 0 0 0.05975666 0.04985811 0.08140914 0.05376159 0.004151177 0 0 0 0
0.4280463 0.1794299 0.2629218 0.5931007 0.1508873 0.1222999 0.06218522 0.02989493 0.0002235821 0.1791868 0.02038021 0.1166762 0.0009914536 0 0 0 0 0.02053076 0.09964417 0.01992996 0.02038126 0.0792629 0.01830972 0 0.009714014 0.1094301 0.03543867 0.1053078 0.0326966 0.03622153 0.2515964 0.4403823 0.1090966 0.009964978 0.01992996 0.008282673 0.01164728 0 0.005726421 0 0.026333 0.01992996 0.01992996 0.009964978 0.01746104 0.009964978 0 0.003547325 0 0.02989493 0 0 0.009964978 0 0.009964978 0 0.01940049 0.05473368 0.01502117 0 0.05824547 0.0018771 0 0 0 0.009964978 0
0.4188244 0.3445337 0.7314088 0.4975318 0.2187502 0.06417316 0.009964978 0 0.0002480211 0.04731193 0.3698975 0.09722926 0.08644942 0.02067229 0.004434227 0.01549573 0 0 0.01062233 0.009964978 0 0.001281925 0.001620238 0 0.02989493 0.00552567 0.02436927 0.09042821 0.04495377 0 0.01992996 0.02989493 0.1624663 0.1321394 0 0 0 0 0 0.01382796 0.03073817 0.01992996 0.009964978 0 0 0 0 0.02634761 0.01992996 0 0 0 0 0.009964978 0 0 0.06867906 0.01992996 0 0 0.04987132 0.01629926 0.003630695 0.009964978 0 0 0.008012061
0.7919205 0.5145822 0.2664491 0.1024185 0 0 0.03985991 0 0 0.09487262 0.2060361 0.0726675 0.09815047 0.04325544 0.05739371 0.01992996 0 0.07949365 0 0 0 0 0.009964978 0.03802024 0.07576619 0.04381355 0.01992996 0.08682458 0 0 0 0 0.06809026 0.1984506 0.1012356 0.02989493 0 0 0.009964978 0.006101999 0.04898165 0.03985991 0 0 0.03139398 0.01843091 0 0 0.02272438 0.01713553 0 0.009964978 0 0 0.009963978 0.02477659 0.02665356 0 0 0.00616804 0.1035452 0 0 0.01992996 0.04495298 0.05005115 0.01201403
0.1918604 0.3637216 0.07156035 0.03677307 0.1456679 0.03363159 0 0 0 0.001954224 0.05978987 0.03026718 0.04800338 0.18118 0.127803 0.03985991 0 0.0002261782 0 0 0 0.009964978 0.04499309 0.08639131 0.009964978 0 0 0.1054891 0.007026677 0 0 0 0 0 0.2681502 0.1195797 0 0 0.02989493 0 0.009964978 0 0.001124606 0.04870029 0 0.002011562 0.007953417 0 0 0.003202845 0.03022529 0.02636174 0.02989493 0.07971983 0.0248376 0.01502331 0 0 0.01899327 0 0.08111933 0 0.009964978 0.09964979 0.01256159 0 0
0.1119614 0.07565069 0.04588478 0.01081424 0.02337769 0.0900239 0.0452405 0.02245109 0.01992996 0.05919474 0.05843078 0 0 0.07794535 0.009964978 0 0 0.00972756 0.009964978 0 0.009964978 0.01992996 0.0583033 0.05658251 0 0.05141452 0.0692545 0.302781 0.01976819 0 0.009964978 0 0 0.01563278 0.07672106 0.2120761 0.1148865 0.01009151 0.0001935646 0.01973639 0 0 0 0 0 0 0.01219761 0 0 0 0 0.004279932 0.06547492 0.1096148 0.02013271 0 0 0 0.0009366896 0 0.03857929 0 0 0 0 0 0
0.01992996 0.009964978 0.1356353 0.009964978 0 0.02687935 0.04509862 0.03668448 0 0 0 0 0 0.04264451 0.03022529 0.00733567 0.02989493 0.0102024 0 0.04921114 0.06529248 0.02500608 0.001486574 0.02313732 0 0.01110123 0.08426746 0.0963207 0.03775503 0.005204947 0.009964978 0 0.009964978 0.004297174 0.0337409 0.1301408 0.02487673 0.1100775 0.04401937 0 0.01102744 0.00890252 0 0.004983168 0.007963516 0.06975485 0.007732351 0 0 0 0 0 0.0007176108 0.005476075 0.01476055 0 0 0 0 0 0.07976626 0 0.009964978 0.009964978 0.009964978 0 0
0.009964978 0.01839392 0.05964326 0.003879639 0.009964978 0 0 0 0.02989493 0 0.01992996 0 0.01992996 0 0.009964978 0.02000241 0.009964978 0 0 0 0 0.01061067 0.008107742 0.009964978 0.01992996 0.007816562 0.01458343 0.142494 0.007061864 0 0 0 0 0 0 0.05907357 0.09023372 0.1195797 0.067536 0.3255583 0.007585372 0 0 0.02691323 0 0 0 0 0 0.02989493 0 0 0.009247368 0.01942054 0 0.009964978 0.01992996 0.00953191 0 0.01704386 0.1237 0 0 0 0 0 0
0 0.01150102 0.04370118 0.02615215 0.009964978 0 0.01293768 0 0.02168738 0.008207561 0 0 0 0.02025507 0.0005916954 0.01001141 0 0 0 0 0 0.0006865423 0.04038492 0 0.009964978 0.002148416 0.05959897 0.1196813 0.02283307 0.0069001 0 0.009964978 0 0 0 0 0.1742896 0 0.001026335 0.07657114 0.1233355 0.009964978 0 0.02308259 0.02989493 0.01992996 0 0 0.04390349 0.005921401 0 0 0 0 0 0 0 0.0004330686 0.02922203 0.01992996 0.1173623 0.002217433 0 0 0 0.009964978 0.009964978
0.009964978 0 0.04636726 0.01955609 0.02989493 0.09207633 0.1157807 0.01029533 0.008069479 0 0 0.009964978 0 0.006779498 0.05209357 0.009360463 0.01992996 0.04479868 0.02495617 0 0.009964978 0.009964978 0 0 0.01400799 0.05086549 0.172703 0.06981755 0 0.0214644 0.001530436 0.01992996 0.01992996 0.03582652 0 0 0.194288 0 0.009964978 0.01571034 0.05983021 0.03809481 0 0.006812345 0 0 0.002392315 0.01651735 0.00197593 0.01449505 0.005434906 0 0.009964978 0 0 0 0 0 0.01063788 0 0.0984768 0.009964978 0 0.01795023 0.06748886 0.009964978 0.007152479
0.04898381 0.004210621 0.08425227 0.02303804 0 0 0 0.01992996 0.07971983 0.009964978 0.003016673 0.04680822 0.009964978 0.001139781 0 0 0 0.01000765 0.01988728 0 0 0.02989493 0.05327517 0.0065147 0.02989493 0.002107608 0.07430838 0.007539461 0.006081908 0.05961289 0.06927548 0.01161045 0.009964978 0.03392833 0 0 0.05764063 0.1414007 0 0.06161499 0.1196503 0.03227666 0.07082681 0 0 0 0.06130091 0.119089 0.02791901 0 0 0 0 0.009964978 0 0.006798442 0.02309649 0 0 0.009964978 0.08978328 0 0.05978987 0.01194471 0.01223097 0 0.02289749
0.01080607 0.006188234 0.09729098 0.006274839 0 0.03159817 0.01822673 0 0.04224323 0.009964978 0.02318085 0.1080445 0.0365693 0.01487859 0 0 0 0 0 0 0.01992996 0.05978987 0.02989493 0 0 0 0.0404724 0.1464775 0.1949111 0.001769564 0.01992996 0.04982489 0.01609352 0 0.01562509 0.009964978 0.1408196 0.2538165 0 0 0.03982827 0 0.0393265 0.1598634 0.003161797 0 0 0 0.009964978 0 0 0.005633183 0.004331795 0 0.009964978 0.01686752 0.00306244 0.009964978 0.009964978 0 0.1296172 0.02863264 0.009964978 0 0.009964978 0.01750343 0.009854032
0.01992996 0 0.02786949 0.02989493 0 0.001989497 0.007975481 0 0.03031 0.007166598 0 0.08734512 0.08923007 0 0 0 0.01992996 0.0001396257 0 0 0 0.009964978 0.009964978 0.02737131 0.04713437 0.03787739 0.02593032 0.1229555 0.08273594 0.0499991 0.0007757384 0.009823917 0.07373235 0.03985991 0.01519791 0.02896687 0.1004018 0.1677489 0.01460453 0.01992996 0.03990634 0 0 0.04992337 0.09648799 0.08545965 0 0 0.01992996 0.009964978 0 0 0 0.009964978 0 0 0.01992996 0 0 0.02508821 0.08454696 0.001262295 0 0 0.009964978 0.01250245 0.01992996
0.05406331 0 0 0.0237854 0 0.009964978 0 0 0.009964978 0 0.009964978 0.03821089 0.03985991 0.05118203 0.009964978 0.01992996 0 0.06552588 0.01405432 0 0 0 0 0 0.06085168 0.0360298 0.07392572 0.1925829 0.08927692 0.06923936 0.04037541 0.02989493 0.04982489 0 0.01992996 0.009964978 0 0.1247638 0.00532543 0.009964978 0.03581892 0.07759138 0.05059462 0.1638658 0.4343669 0.05025292 0.08015428 0.01753764 0 0 0.006057531 0.01387243 0 0 0 0 0 0.02989493 0.01992996 0 0.07966216 0 0.009964978 0.0279155 0.02997626 0.007520359 0
0.005302784 0.001396768 0.0583931 0.02603949 0.02989493 0 0.009964978 0 0.009964978 0.009964978 0.03621255 0.1972919 0.03183704 0.08631237 0.05911471 0.0438089 0.04048276 0.02247094 0.05724471 0.09645536 0.0426102 0 0 0.04654483 0.04191511 0.01992996 0 0.1234965 0.142511 0.0004034391 0 0 0 0 0 0 0.00200515 0.1775354 0 0 0 0.05542807 0.1877007 0.1957559 0.1076607 0 0 0.0328258 0.01457721 0 0.006213675 0.01371628 0 0 0.0005425292 0.009964978 0 0.008213841 0.03119969 0 0.09776817 0.03171889 0.01992996 0.02182807 0.03985991 0.01403679 0.01830276
0 0.004416737 0.009964978 0 0.04982489 0 0 0.003456944 0.05633293 0.009964978 0.0240791 0.02455216 0.03373005 0.1567106 0.04655106 0.005709389 0.01359772 0 0.01993413 0.009964978 0.070199 0.02989493 0.06369123 0.02721844 0 0 0 0 0.09226292 0.009964978 0 0 0.009964978 0 0 0 0.01118583 0.133664 0.02036178 0.02427697 0.009964978 0.003734976 0.2820264 0.2764221 0.1007974 0 0 0 0.04982489 0 0 0 0 0 0.009422449 0.009964978 0.009964978 0.04960711 0.0004463856 0.02922088 0.07853114 0.002143388 0.03985991 0 0 0.01096074 0.008969214
0.01471441 0.005548242 0 0.009964978 0.02989493 0.02989493 0.03985991 0 0 0 0.02574579 0.03183376 0.009964978 0.009964978 0 0 0.0006636506 0 0 0 0 0.009964978 0 0 0 0 0 0 0.0721469 0.009952019 0.009964978 0.02989493 0.03985991 0 0 0 0.00112261 0.127965 0.01515112 0 0.001610629 0.07274991 0.2320498 0.1884272 0.005439181 0 0 0 0.06586333 0.09014527 0.05325595 0.004560611 0 0.01992996 0.02989493 0 0 0.03011272 0 0 0.05843297 0.03915088 0 0 0 0.009964978 0
0.1480824 0 0.0123427 0.02751722 0.009964978 0.05978987 0.01992996 0 0.009964978 0 0.01480334 0.0430477 0.01992996 0 0 0 0.009301328 0.009964978 0 0 0.01992996 0.01807286 0.0018571 0 0 0.009964978 0 0.009964978 0.06483285 0.1481204 0.08843955 0.01992996 0 0 0 0.009964978 0 0.04085071 0.07861931 0.05818724 0.06604752 0.02742249 0.06603075 0.04975908 0 0.009964978 0 0.009964978 0.009964978 0 0 0.02533432 0.1483931 0.02430611 0.01992996 0.01848101 0.001448948 0 0 0 0.1213357 0.0110913 0 0 0 0.009964978 0.03749691
0.07974023 0.002229538 0.007735441 0 0 0.009964978 0 0 0.01349586 0.08615392 0 0 0.009964978 0 0 0 0.0006784344 0 0 0.009964978 0 0 0 0 0 0 0 0 0.02292824 0.2516946 0.1047393 0.2908452 0.1084179 0.008084124 0 0 0 0.009964978 0.3976905 0.08662011 0.2616705 0.06216486 0.009964978 0.07117859 0.04470054 0 0.002862215 0.009964978 0.0313994 0.0007071462 0 0.009964978 0.01864959 0.08589924 0.08297367 0 0 0 0 0 0 0 0 0 0 0.02776053 0.01456494
0.02177415 0.1129453 0 0 0 0 0 0.03663034 0.1229341 0.002572571 0.009964978 0 0 0 0 0.01992996 0.01654942 0.002702107 0 0 0 0 0 0.01922802 0.0007019411 0 0.01992996 0 0 0.233763 0.2317653 0.01995036 0.006892762 0.0843244 0.05518529 0 0.01321928 0.03539803 0.08686925 0.1518808 0.1514917 0.008898007 0 0.009964978 0 0.03985991 0.0398543 0.006679971 0.008556645 0.03445254 0 0.01992996 0 0.00103491 0.06441782 0.05408124 3.453164e-005 0.009964978 0.009964978 0 0.09883699 0 0 0 0.008059168 0.01209939 0
0 0.05457786 0 0 0 0 0.07971983 0.1319353 0.2768177 0.326864 0.09439958 0.05321988 0.04765611 0.02989493 0 0.01104856 0.03985991 0 0 0 0 0 0 0 0.0372127 0.07084099 0.009964978 0.01992996 0.02090579 0.02302267 0.08132653 0.01982024 0.009964978 0 0 0.009964978 0.04895796 0.05626971 0.009964978 0.1196001 0 0 0.01992996 0 0 0.009964978 0.06689826 0 0 0.06024847 0.08679651 0.003869751 0.02989493 0.04748708 0.03019926 0.05018416 0.1004136 0 0 0.09025081 0.2872704 0 0.009964978 0.03681777 0.03180075 0.09964979 0
0.04262021 0.08960111 0.01458221 0.05734899 0.04625006 0.01598069 0.009964978 0.004940317 0.1148318 0.2197727 0.263449 0.2781489 0.05771463 0 0 0.02881136 0 0.0009752261 0.0399476 0.04982489 0 0 0 0.05921947 0.1030851 0.1073178 0.08005018 0.09990206 0.1388751 0.2861327 0.1594572 0.1031645 0.0501032 0.1227199 0.05404023 0.1364856 0.0328353 0.01468477 0 0.09969621 0 0.01992996 0.009964978 0.01992996 0 0 0 0 0.03742574 0.04459294 0.0279548 0.01835416 0 0 0 0.03883902 0.2092063 0.189862 0.04971223 0.06246373 0.2362606 0.009964978 0.0584974 0.03293708 0.01829917 0.009964978 0
0.01461191 0.09985236 0.03524268 0 0.01992996 0 0.009964978 0 0.04280599 0.09136427 0.5432241 0.4801227 0.03994194 0.07997211 0.002938461 0 0 0.03703341 0.001763594 0.01992996 0.02987426 0 0 0 3.594577e-005 0.01129734 0 0.002644224 0.05106023 0.04328623 0.01992996 0.009964978 0 0.009964978 0.009964978 0.01579748 0.05429006 0.009964978 0 0.06499282 0.0644682 0 0 0 0 0.06976791 0.01320804 0 0 0.01763111 0 0 0.03985991 0 0 0.009964978 0.05003352 0.07002718 0.1799688 0.2404361 0.4284915 0.1541002 0.001292473 0 0.001630786 0.009964978 0.01992996
0.009964978 0.0794817 0.009964978 0 0.008939492 0.01099047 0 0.01992996 0.007018907 0.001651784 0.219519 0.2887598 0 0 0 0.009964978 0 0 0 0 2.067215e-005 0 0.03985991 0.04891378 0 0.009964978 0.01992996 0 0.05158145 0.06393463 0.02141697 0 0.01357955 0.02989493 0.01992996 0.05986232 0.02989493 0.03527941 0.009964978 0 0.1992159 0 0 0 0.03985991 0.03993237 0.1195797 0.009964978 0.03985991 0.03173103 0.004506254 0 0 0 0 0.009964978 0.03078063 0.0794741 0.05099604 0.3525822 0.3993455 0.03672925 0.009964978 0 0 0 0
0 0.07905926 0.0805032 0 0.009964978 0 0 0.009964978 0.02989493 0.02447774 0.002763003 0 0.009964978 0 0 0 0.009964978 0 0 0 0 0 0 0.1500943 0.1099972 0.03762321 0.03816246 0.02989493 0.009964978 0.0005936296 0.02453843 0.0173045 0.01631539 0.1195797 0 0.004060023 0 0.02451046 0.009964978 0 0.1008969 0.00411409 0 0 0.009964978 0.01660139 0.009964978 0 0 0.01651052 0.02697203 0.009964978 0 0 0.01992996 0.009964978 0.009964978 0 0.1693828 0.0799224 0.03001691 0.1131799 0.04765222 0 0.01846448 0 0
0.009964978 0 0.1440468 0.02957525 0.04976269 0.02989493 0.005624905 0.02427003 0.02989493 0.009964978 0 0 0.0120354 0.009964978 0 0 0 0 0 0 0 0 0.0006398022 0.06926557 0.009964978 0.1023499 0.0487125 0 0.03768841 0 0 0 0.02036798 0.02041645 0.005958112 0.04063839 0.005349459 0.009964978 0 0.009964978 0.09899995 0 0 0 0 0 0 0 0 0 0.009964978 0 0.009964978 0 0.06975485 0 0 0.01152965 0.5117112 0.05562856 0 0 0.08868214 0 0.02139544 0.009964978 0.05791616
