EnvRasters/BAU_High/sealed.asc
ncols         270
nrows         223
xllcorner     24099.479091542
yllcorner     21023.840179216
cellsize      1003.8986847201
NODATA_value  -9999
[rows 87 to 115 of 223, columns 201 to 267 of 270]
0 0 0 0.01992996 0.01621409 0.03955914 0.01092083 0.009009128 0 0.1420577 0 0 0.05806897 0.02833018 0.009964978 0.06643683 0.04433547 0.1335009 0.01593649 0.009964978 0.01982355 0.01943319 0 0.01992996 0 0 0 0 0 0.009964978 0 0.02989493 0.06207306 0.05453556 0.01175502 0.3740707 0.2909308 0.1297849 0.08031903 0.0729407 0.2369597 0.05302707 0.05393215 0.0136038 0.01254629 0.08972479 0.04696377 0.1992996 -9999 -9999 -9999 -9999 -9999 -9999 -9999 -9999 -9999 -9999 -9999 -9999 -9999 -9999 -9999 -9999 -9999 -9999 -9999
0 0.0247625 0.01992996 0 0 0.05465274 0.01894012 0.02989493 0 0.194648 0.009964978 0.02553553 0.02618119 0.009964978 0.09108218 0.2236549 0.1944142 0.126647 0.01503027 0.08505524 0.05009015 0.08604167 0.04846211 0.009964978 0.05868893 0 0.008265482 0.01992996 0.009964978 0.07556831 0.03346598 0.009964978 0 0 0 0.01992996 0.08598962 0.04821011 0 0.1037986 0.08235335 0.07971983 0.2612647 0.02402322 0.03985991 0.1125762 0.1235408 0 0.002540186 -9999 -9999 -9999 -9999 -9999 -9999 -9999 -9999 -9999 -9999 -9999 -9999 -9999 -9999 -9999 -9999 -9999 -9999
0.01992996 0.01509741 0.01030208 0.01388228 0.009964978 0.04224173 0.009964978 0.0504253 0.002534951 0.181664 0.144965 0.00588057 0.1896401 0.01992996 0.07207748 0.252653 0.2046434 0.02255687 0.01023038 8.427482e-006 0.02989493 0 0.009964978 0.01648474 0.03444109 0.04698719 0.06148937 0.009964978 0.009964978 0.2085063 0.1109535 0.009964978 0 0 0 0 0.03432696 0.0605933 0.009964978 0 0 0.01992996 0.1495731 0.009964978 0.1595156 0.1903868 0.02989493 0 0.02735475 -9999 -9999 -9999 -9999 -9999 -9999 -9999 -9999 -9999 -9999 -9999 -9999 -9999 -9999 -9999 -9999 -9999 -9999
0.009964978 0 0.01992996 0.01567556 0 0.009964978 0.09964979 0.04117028 0.2254475 0.5274021 0.4159843 0.6035765 0.8238232 0.4320962 0.1084934 0.6358632 0.1448304 0.02903754 0.04503989 0.07490525 0 0 0 0.009964978 0 0.02276766 0 0 0.04873813 0.07605789 0 0.009964978 0.02989493 0 0 0.0159291 0.08547576 0.01912653 0.01504428 0 0.009964978 0.04418452 0.02574688 0.186186 0.1098699 0.02335304 0.01992996 0.02279722 0 0.009964978 -9999 -9999 -9999 -9999 -9999 -9999 -9999 -9999 -9999 -9999 -9999 -9999 -9999 -9999 -9999 -9999 -9999
0.03985991 0.04475367 0.02466757 0.009964978 0 0.03237605 0.1665048 0.1607752 0.0237916 0.6123546 0.1291838 0.3526297 0.3267883 0.4327433 0.5551103 0.4587863 0.1326426 0.01551569 0 0.2485245 0.01992996 0.009679946 0.009964978 0.01992996 0 0.007726972 0.02050366 0.009964978 0.03747726 0.02482447 0.01992996 0.01673156 0.000180839 0 0.04982489 0.06459598 0.03329872 0.001491985 0.05321858 0.03985991 0 0.008297615 0.195072 0.05606731 0.09921164 0.1310674 0.01605541 0.02999341 0.03985991 0.002263085 0 -9999 -9999 -9999 -9999 -9999 -9999 -9999 -9999 -9999 -9999 -9999 -9999 -9999 -9999 -9999 -9999
0.1299271 0.5312943 0.2200433 0.02434966 0.1047511 0.1277812 0.4957986 0.1817005 0.2794722 0.5022673 0.2210799 0.06477996 0.2027956 0.2739157 0.5624507 0.5429953 0.3759538 0.04615944 0.009340852 0.07876341 0.01119888 0.02021499 0 0 0 0.009964978 0.001664309 0.008216977 0.04753234 0.0224511 0 0.02287245 7.506379e-005 0.05978987 0.09964979 0.009964978 0.1551933 0.08528235 0.005250233 0.009964978 0 0.1170018 0.1542577 0.0166561 0.05877407 0.03018285 0.04982489 0.1289829 0.08554562 0.03759683 0 -9999 -9999 -9999 -9999 -9999 -9999 -9999 -9999 -9999 -9999 -9999 -9999 -9999 -9999 -9999 -9999
0.01962102 0.09112909 0.3506775 0.5588005 0.2171374 0.3312973 0.7332163 0.682609 0.2750604 0.1749223 0.08593174 0.154062 0.1063324 0.5071968 0.5833989 0.2094762 0.01488514 0.3591161 0.1188901 0.03893887 0.04059756 0.0270642 0.002830736 0 0 0.009964978 0.009964978 0.01171298 0.05914382 0.01047529 0.009964978 0.009964978 0 0.02989493 0 0.009964978 0.02417627 0.1441455 0.1538396 0.0706088 0.04750949 0.04242994 0.03283167 0.009964978 0 0.009964978 0.04982489 0.08186749 0.1219396 0.06214581 0.0358116 0.004048313 -9999 -9999 -9999 -9999 -9999 -9999 -9999 -9999 -9999 -9999 -9999 -9999 -9999 -9999 -9999
0.2049334 0.2069506 0.2606992 0.6304669 0.4890618 0.374969 0.3000908 0.04742758 0.1663829 0.06710244 0.1386064 0.3992017 0.2002715 0.5730669 0.5229062 0.06439005 0.06668805 0.1165379 0.3864153 0.1547901 0.009870891 0 0.02989493 0.01992996 0.05468855 0.08939908 0.00894214 0.02095279 0.002005892 0.08710106 0.06015391 0.04982489 0 0.01655722 0 0.04136783 0.0881769 0.4340771 0.2306611 0.1271737 0.1190318 0.009964978 0.003820365 0.05017653 0 0 0.009964978 0.06975485 0.01715763 0.007609038 0 0.009964978 0.01992996 -9999 -9999 -9999 -9999 -9999 -9999 -9999 -9999 -9999 -9999 -9999 -9999 -9999 -9999
0.09348269 0.3085182 0.4816644 0.7185389 0.4250093 0.6779105 0.5650582 0.2068931 0.3800918 0.4012207 0.3352433 0.4646537 0.597588 0.540853 0.08345652 0.01841016 0.02503771 0.02373582 0.07164276 0.2631347 0.05039684 0.01260558 0.007802906 0.002162072 0.1357557 0.6070877 0.3003954 0.2055834 0.0801781 0.04220013 0.02030106 0.09215832 0.1506862 0.1131743 0.09562987 0.1617464 0.1835816 0.1795674 0.2250508 0.4751257 0.1685104 0.008379633 0.1196023 0.03582574 0 0 0.01332462 0 0 0 0 0.006637377 0.01329258 -9999 -9999 -9999 -9999 -9999 -9999 -9999 -9999 -9999 -9999 -9999 -9999 -9999 -9999
0.6098069 0.6268934 0.2691097 0.1421174 0.1486107 0.2541411 0.4384319 0.5513631 0.5169751 0.6614218 0.3826544 0.286219 0.3296403 0.1057741 0.06805851 0.02989493 0.1072394 0.0144206 0.02989493 0.04571756 0.1799511 0.1171872 0.1421617 0.1168615 0.1686444 0.1042201 0.1876374 0.4073516 0.1690303 0.1799024 0.3148364 0.2238328 0.01891068 0.0170979 0.002904507 0.06603257 0.01643075 0.007606237 0 0.2408511 0.5321459 0.1681004 0.1634605 0.01006345 0.02864986 0.005119576 0.04646525 0.01992996 0.009964978 0 0 0 0 0 0.009964978 0 -9999 -9999 -9999 -9999 -9999 -9999 -9999 -9999 -9999 -9999 -9999
0.5921946 0.06406663 0.3000108 0.1828697 0.07216916 0.2423625 0.2541043 0.1670841 0.3757408 0.4736634 0.3696762 0.1974755 0.3847441 0.07481649 0.09577646 0.009964978 0.03312739 0.06578895 0.04207859 0.07313704 0.4046365 0.2266213 0.2429359 0.1098587 0.1801028 0.1718358 0.163034 0.1036824 0.2727253 0.02923993 0.2582067 0.2079773 0 0.03320084 0.08502215 0.2965546 0.02354008 0.09845483 0.04687556 0.01638531 0.07215011 0.3182826 0.2357948 0.06086288 0.1395301 0.003660688 0.01992996 0 0 0 0 0 0 0 0 0 0.009964978 0 0 -9999 -9999 -9999 -9999 -9999 -9999 -9999 -9999
0.150467 0.01737947 0.2686406 0.4087556 0.2442082 0.2299786 0.1265064 0.1133593 0.2658405 0.487029 0.4203625 0.23933 0.2180906 0.1332879 0.1308353 0.09565965 0.02978522 0.09542068 0.1341529 0.1212024 0.03203353 0.07591775 0.1707511 0.03945747 0.0007351388 0.02989493 0.009826959 0.4802152 0.2867333 0.1215083 0 0 0.001792037 0.008172941 0.03570205 0.2097613 0.003858028 0.01410927 0 0.03985991 0.004278698 0.3415087 0.2751988 0.06479938 0.02630436 0.1716925 0.008667607 0 0 0 0 0 0 0 0 0 0.02989493 0 0 -9999 -9999 -9999 -9999 -9999 -9999 -9999 -9999
0.07817007 0.05029263 0.2231189 0.5649048 0.7195145 0.5705285 0.7170903 0.7681179 0.6442024 0.4930461 0.1604947 0.2364007 0.4001415 0.2985693 0.05175337 0.04982489 0.07838428 0.04762456 0.01318295 0.06846303 0.04824296 0.001368125 0.02956202 0.02989493 0.01992996 0.01995604 0.03105764 0.009964978 0.2801258 0.2105699 0.1788718 0.2820228 0.2205039 0.1133662 0.009964978 0.01303433 0.02023428 0.1578908 0.01569073 0 0 0 0.03985991 0 0 0.01617641 0.04982489 0.009964978 0 0 0 0 0 0 0 0 0 -9999 -9999 -9999 -9999 -9999 -9999 -9999 -9999 -9999 -9999
0.2793962 0.4356973 0.707116 0.3382706 0.3286828 0.1772258 0.2541098 0.6652384 0.6812745 0.2575164 0.2068953 0.2675062 0.116968 0.1440449 0.04111486 0.03985991 0.009964978 0 0.2780018 0.03985991 0 0.01982316 0.0003329153 0 0.02931949 0 0 0.0483386 0.423543 0.5106877 0.5030079 0.2514726 0.1960021 0 0.02989493 0 0.002361826 0.09756298 0.04836774 0.03025131 0.02040054 0 0.01992996 0 0 0 0 0.009964978 0.01300463 0 0 0 0 0 0 0 0.009964978 -9999 -9999 -9999 -9999 -9999 -9999 -9999 -9999 -9999 -9999
0.4198439 0.349485 0.2298363 0.1666237 0.2034613 0.1057521 0.3263637 0.6472424 0.2780213 0.1162408 0.2074465 0.06607419 0.1322133 0.1284009 0.2472364 0.04433496 0.03223115 0.01207928 0 0 0.009964978 0.03985991 0.03985991 0 0.03047039 0.01992996 0.04649421 0.2487333 0.5470986 0.4038189 0.1147685 0.08993567 0.05243022 0 0 0 0.02945881 0.07805609 0 0 0.004869423 0 0 0 0 0 0 0 0.0168903 0.01799756 0.004602098 0 0 0 0 0 -9999 -9999 -9999 -9999 -9999 -9999 -9999 -9999 -9999 -9999 -9999
0.03138094 0.02989493 0 0.1594397 0.158309 0.04090689 0.009964978 0.1610277 0.1761565 0.113011 0.1045183 0.2390039 0.02732709 0 0.03985991 0.1592511 0.2593381 0.08146979 0 0.009075948 0.02033838 0.07129573 0.04982701 0 0.009964978 0.03985991 0.07308553 0.1069248 0.1134594 0.237477 0.09555585 0.04734031 0.009964978 0 0 0 0 0.009964978 0 0.009964978 0 0 0.01478905 0 0 0 0 0 0 0 0.02722524 0.009964978 0 0 0 -9999 -9999 -9999 -9999 -9999 -9999 -9999 -9999 -9999 -9999 -9999 -9999
0.009964978 0.005497321 0 0 0.029944 0.0174844 0.02200854 0.2727636 0.05986639 0.04326116 0.212724 0.2527412 0.08424473 0.04762238 0.0641744 0 0.009964978 0.01861444 0.1391412 0.05150896 0.09927327 0.09881577 0.08066849 0.0993139 0.06908826 0.2318294 0.1701615 0.06685199 0 0.139623 0.02989493 0 0.01992996 0.009964978 0.009964978 0.02659612 0 0.009964978 0.009964978 0 0 0 0.01982024 0 0 0 0 0 0 0 0 0 0 -9999 -9999 -9999 -9999 -9999 -9999 -9999 -9999 -9999 -9999 -9999 -9999 -9999 -9999
0.002256062 0.01358536 0 0 0 0.02728673 0.04254058 0.07803332 0.009964978 0.1129985 0.03670476 0.1877473 0.1601004 0.1543273 0.08220183 0.04221766 0.01992996 0 0 0.01992996 0 0.01056478 0 0.0002019503 0.001153084 0.02257027 0.1165868 0 0 0.2918244 0.007420381 0.0731163 0.05005115 0.006377281 0 0.003298815 0.02463087 0.07501892 0.01992996 0.009964978 0 0 0.00525062 0.009964978 0 0 0 0 0 0 0 0 0 -9999 -9999 -9999 -9999 -9999 -9999 -9999 -9999 -9999 -9999 -9999 -9999 -9999 -9999
0.04545244 0.03865697 0.01992996 0.0400083 0.03475644 0.04540018 0.01992996 0.02393267 0.006457029 0.04671944 0.09928036 0.01612269 0.01992996 0.05670903 0.2482672 0.1578426 0.02338116 0.03985991 0.01959539 0.0003345625 0 0.08952242 0 0.009964978 0.02989493 0.02096599 0.05553289 0.009964978 0.02766571 0.1199038 0.1148181 0.003569636 0.03629028 0 0.01703629 0 0.03985991 0.01622954 0.009964978 0.01992996 0 0 0 0 0 0 0 0 0 0 0 0 0 -9999 -9999 -9999 -9999 -9999 -9999 -9999 -9999 -9999 -9999 -9999 -9999 -9999 -9999
0.08536854 0.154148 0.1162654 0.1148362 0.02465919 0.08968481 0.01992996 0.01592725 0.003945041 0.07680247 0.05634133 0.01377225 0 0 0.01780098 0.2000887 0.05281002 0.09052393 0 0.01019498 0.0216199 0.1807114 0.009964978 0 0.01992996 0.01995036 0.1312146 0 0 0 0.1827594 0.07629838 0.02403814 0.005856799 0.05271856 0 0 0.003700416 0 0 0 0.009964978 0.003495388 0.02123616 0 0 0 0 0 0 0 0 0 0.01992996 -9999 -9999 -9999 -9999 -9999 -9999 -9999 -9999 -9999 -9999 -9999 -9999 -9999
0.001869323 0.006657303 0.06377271 0.09988704 0.004431029 0.02989493 0.01992996 0.01992996 0.1805748 0.162826 0.05253406 0 0 0.01992996 0 0.09982634 0 0 0.02001553 0.06966928 0.1404517 0.1765138 0.008944152 0 0 0.01065222 0.2016107 0.02654699 0.002775067 0.03561126 0.06049105 0.1622472 0.07139045 0.1974439 0.08407996 0 0 0.003698935 0.00245029 0 0 0 0.003760154 0.00140323 0 0 0 0 0 0 0 0 0 0 -9999 -9999 -9999 -9999 -9999 -9999 -9999 -9999 -9999 -9999 -9999 -9999 -9999
0.01543115 0.02989493 0.009964978 0.004880499 0.0548517 0 0.01992996 0.004141993 0.01336741 0.06507167 0.02780239 0.01518458 0 0 0.009964978 0.2239115 0.1844128 0 0.05649157 0.09397314 0.06774963 0 0 0 0 0 0.01381635 0.02792375 0.01044512 0.0009934439 0 0.08239377 0.05286204 0.09053003 0.1194988 0.1411447 0.009964978 0.01226019 0.001520539 0 0 0 0 0 0.009964978 0 0 0 0.01992996 0 0 0 0 0.01992996 0.01992996 -9999 -9999 -9999 -9999 -9999 -9999 -9999 -9999 -9999 -9999 -9999 -9999
0 0 0 0.0403537 0.004938167 0 0.009964978 0.005822985 0.03739293 0.05764727 0.145028 0.006837924 0.01873233 0.03109257 0 0.04956627 0.09811471 0.2742084 0.174896 0.1040761 0.001158909 0.01877105 0 0.009964978 0 0 0.03189546 0.04782437 0 0 0 0.02360266 0.02902775 0.01496298 0.04989735 0.1343527 0.04188695 0.009964978 0.009964978 0 0 0 0 0 0.01695152 0.05280333 0 0 0.009758128 0.01352524 0 0 0.002338471 0.09086947 0.008780316 0 -9999 0 0 0 -9999 -9999 -9999 -9999 -9999 -9999 -9999
0.009964978 0 0.02106311 0.01943617 0.02989493 0 0.009964978 0 0.03947308 0.2523622 0.1168699 0.04626488 0.01302874 0.009964978 0.02457755 0.1395583 0.1494747 0.1164964 0.1106064 0.01992996 0.0122879 0.008571853 0 0.009964978 0.01966264 0 0 0.06873284 0.009964978 0.009964978 0.008188267 0.08356968 0.0637323 0.04739758 0.02563008 0.03329553 0.09376626 0.01640963 0.01992996 0.009964978 0 0 0 0.01992996 0 0 0 0 0.0300264 0.02641006 0 0.01362854 0.08749451 0.008824402 0 0.009964978 0 0 0 0 0 0.009964978 0 -9999 -9999 -9999 -9999
0.0191537 0 0.05865672 0.02655692 0.03028021 0.01305072 0 0.007714147 0.008137106 0.01992996 0.05990842 0.07323533 0.006901213 0.01992996 0.0350137 0.02007996 0.02989493 0.009964978 0.1079671 0.04226434 0.05886008 0 0 0.04982489 0.02019727 0 0 0.02994136 0.008833249 0.1516117 0.2225389 0.1724398 0.1371643 0.01239229 0.0286876 0.05012922 0.1033909 0.02996739 0.01992996 0.01598763 0 0 0 0 0 0 0.01992996 0.01992996 0.06002543 0.0196944 0.002951808 0.03009751 0.01992996 0 0 0 0 0 0 0 0 0 0 0 0 -9999 -9999
0.009964978 0 0 0 0.07996883 0.01748686 0.01240808 0 0.04728714 0.0006036055 0.1325346 0.01992996 0.01580067 0.05987707 0.009964978 0.009964978 0.03985991 0.01992996 0.05272502 0.226772 0 0 0.009964978 0.03285164 0.04324311 0.07607589 0.08614547 0.07183759 0.2205015 0.1931627 0.07825094 0.04971998 0.08538743 0.3188017 0.01685053 0 0.07961011 0.06323774 0.06725943 0.03827164 0 0 0 0.009964978 0 0 0 0.08533911 0.01992996 0.009964978 0.05005349 0.007091243 0.009964978 0 0 0 0 0 0 0 0 0 0 0 -9999 -9999 -9999
0 0.009964978 0.009964978 0.01538007 0.009582982 0.0501456 0.08905824 0.009964978 0.01099863 0.10724 0.1362445 0.07085052 0.09406637 0.03009453 0.09964979 0.08573879 0.06640512 0.0961924 0.2497031 0.2263312 0.02786927 0.02989493 0 0.006225704 0.02366923 0.03073831 0.01992996 0.001345811 0.01935154 0.01992996 0.03985991 0 0.06753641 0.3590376 0.01140584 0 0.06011327 0.2445059 0.09605819 0.008026021 0 0 0 0.009964978 0 0.009964978 0.0001734109 0.07793468 0.04058993 0.06795286 0.09405607 0.00233695 0.07216812 0.2269457 0.002081773 0.01992996 0.001509244 0 0 0 0 0.009964978 7.791985e-005 0 -9999 -9999 -9999
0.009964978 0 0 0.004549882 0.03985991 0.0249743 0.00990731 0 0 0.08261455 0.06337998 0.009964978 0.01992996 0.01274602 0 0.03626603 0.2124766 0.03776952 0.002334621 0.1261875 0.05978987 0.03069815 0 0.009964978 0.0100135 0 0.00946699 0 0.03995839 0 0 0.01992996 0 0.001587171 0.02083901 0.009964978 0.05092742 0.01265267 0.0888509 0.08392353 0 0 0 0.03985991 0.02989493 0.01992996 0.009964978 0.0159224 0.01992996 0.05645894 0.03671115 0.0511643 0.07655212 0.3082412 0.107533 0.04316263 0.1048028 0.009964978 0 0 0 0 0.009887058 0 0 0 -9999
0 0 0 0 0 0.01992996 0.01524916 0 0.01902441 0.1663727 0.01772799 0 0 0.007183934 0.01992996 0.0211547 0.06769376 0.02675666 0.08720213 0.02248508 0.01992996 0.07891662 0 0 0.009916462 0.009964978 0.02042795 0 0.03093943 0 0 0.05978987 0 0.009964978 0 0 0.1241301 0.0290342 0.01992996 0.1645373 0.0285687 0 0.01948461 0.03014721 0.0501032 0.01984472 0 0 0.08968481 0.009964978 0.06975485 0.009964978 0 0.06235486 0.01992996 0.06975485 0.02989493 0 0 0 0 0.009964978 0 0 0 0 0
