EnvRasters/BAU_High/sugarbeet.asc
ncols         270
nrows         223
xllcorner     24099.479091542
yllcorner     21023.840179216
cellsize      1003.8986847201
NODATA_value  -9999
[rows 82 to 122 of 223, columns 93 to 185 of 270]
0 0 3.5e-005 0 0 0 0 0 0 0 0 3.4e-005 3.8e-005 7.3e-005 0 0 0.000146 2.2e-005 0.0005 3.5e-005 0.00013 0 5.4e-005 0 0 0 0 0 0 0 0 0 0 0 0 0 0 0 0 0 6.5e-005 0.00014 0 3e-006 0 0.001432 0.00072 2.7e-005 0.002285 0 0.00468 0 0 7.4e-005 4e-005 0 0.000613 0.000343 0.00078 0.000513 0.000426 0.000175 9.1e-005 0.001025 0.000283 0.007352 0.025725 0.012304 0.003619 0 0.011434 0.035607 0.103635 0.000409 1.4e-005 0.000544 0.000192 0.000116 0.000116 9.4e-005 0 0 0.00021 0.000262 0.000115 0 0 0 0 1.2e-005 0.000102 6.2e-005 0.000191
0 0 0 0 0 0 0 0 0 0 4.8e-005 0.000101 0 8.6e-005 6.1e-005 0 0.000251 0.000285 0 6.3e-005 0.001053 0.000296 0 0 0 0 0 0 0 0 0 0 0 0 0 0 0 0 0 0 0 1.6e-005 0.0008 0.000396 0.000142 0.000422 0.00932 0.000423 0 9.8e-005 7.8e-005 0 0.000122 6.3e-005 0.000658 0.000501 0.000136 0.000339 1.9e-005 0.001089 0.001358 0.000264 0.000866 0.000598 0.000923 0.000361 0.000669 0 0.001131 0 0.000499 0.000175 0.006407 0.000207 7.1e-005 0.00033 9.2e-005 0.000103 0 0 0 0.000373 3e-005 0.000315 0.000341 9.6e-005 0.000326 0 6.4e-005 0 5.9e-005 0 0.000215
0 0 0 0 0 4.2e-005 0.000823 6.4e-005 0 0.000102 0 2e-005 0.0002 0.000305 0.000284 0.000531 0.00037 0 0 0 1.1e-005 0.000186 0.000132 0 0 2.5e-005 0 0 0 0.000148 0 0 0 0 0 0 0 0 0 0 0 0.000129 0.000526 0.000143 0 0 0.00044 0 0.001591 6e-005 0.00021 0 0.000424 0.000426 0.000249 0.000238 0.000826 0.000315 0.001378 0.001383 0.001771 0.000767 6.6e-005 0.000107 8.4e-005 0.000988 0.000736 0.00034 0.001119 0.000596 0.000399 7e-005 0.002785 0.000361 0.000812 0.000275 0 0.001868 9e-006 0.000786 0.00052 0 0 0.000205 0.000151 2.6e-005 0.000715 0.000269 0.000224 0.008085 0.000903 0 5.6e-005
0 0 0 0 0 0.000821 0 7e-006 0.001253 0 0 3.5e-005 0.000105 8.5e-005 0 0 0.000334 0.00049 7e-006 0 0 0 6.7e-005 0 0 2.8e-005 0 0 0.000226 0 0 0 0 0 0 0 0 0 0 0 0 0 0 0.000154 0.000768 4e-005 0.000261 0.001458 0.000221 0 0.001606 0.000336 0 0 0.000426 0.000714 0.000661 0 0.000315 0.001262 0.000155 0.000314 0 0.000159 0.000452 0.000111 2.6e-005 0.000384 0.000104 0 0.000526 0.000176 0 0.000903 0.000431 0.000241 0.00048 0.002227 0.0003 6.1e-005 0 0 0 0 0 0.000565 0.00071 0.00044 0.000483 0.000182 1e-005 0 0
0 0 0 0 0.000182 0.000165 0.000111 0.000811 0 9.1e-005 0 0 4.2e-005 0 4.5e-005 0.000242 9.5e-005 4.4e-005 5e-006 0 0 1.7e-005 0 0 0.000344 0 5.9e-005 0 5.2e-005 0 0 0 0 0 0 0.00072 0 0 0 0 0 0 4.1e-005 0.000329 0.000222 0.000294 0 0.000155 6e-005 0.003025 0.000573 6.7e-005 0.000715 0.000748 4.5e-005 6e-006 0 6.3e-005 0.00022 0.001367 0.00022 0 0 3.9e-005 0 0.000179 0 0.002175 0.001116 0.000296 0.001112 0.000411 0.00023 0.000189 6.7e-005 5.5e-005 0 0 0 7.7e-005 0.000355 9.1e-005 8e-006 0 0 0.000205 0 0.000838 1.4e-005 8.6e-005 0 0 0.000133
0.000195 0 0 0 0.000135 6e-006 0 0 4e-006 4.3e-005 0 0 0 0.000379 0.000449 0 0 0 0 0 0 0 0 0 2.1e-005 0.000158 0 0 0 0 0 0.000511 0 0 0 0 0 0 0.00054 0 0 0 0 0 0 0 0.000128 0.001429 0.000613 4e-005 0.001018 0 0.000158 0.000493 0 0 0 0.000828 0.000105 0 0.00122 0.000103 0 0 5.7e-005 0.000209 0.001062 0.000173 0.000618 0.000494 2.6e-005 0.000276 0.000495 0.000155 0.000454 0 0 8.8e-005 0 7.5e-005 0.00012 1.8e-005 6.1e-005 1.5e-005 4.5e-005 0 0 0.00062 7.6e-005 2.3e-005 0.00018 0.000373 0.000827
0 0 0 0 0 0 0 0 0 5.9e-005 7.1e-005 0 0 0 0 0 0 9.3e-005 0.000135 0 0.000146 0 0 0 0 0.003993 0 5.5e-005 0.000185 3.5e-005 0 0 0 0 0 0 0 0 6.4e-005 0.001061 0 0 0 0 0 0 0 0.00016 0.000754 0 0 0 0.000338 0.000487 4.5e-005 0 0.000567 0.001056 0.000431 0.00017 0.001614 0.000631 0 0 0.000141 0.000626 0.000651 1.4e-005 0 8.9e-005 0.000514 0 0 5.6e-005 0.00013 0.001049 0.000896 0.000264 0.000182 0 2e-006 6e-006 0.000145 0 8.4e-005 0.000331 0.000871 0.000712 0.000722 0.000718 4.6e-005 0.001011 0.000343
0 0 0 0 0 0 0 0 0 2.5e-005 0.000177 0 0 0 0.000304 0.000129 0 6e-005 5.5e-005 0.000156 0.000312 1.4e-005 0 2.4e-005 0.000103 0.000116 0 0 0 0 0.000427 0 0 0 0 0 0 0 0.000606 0.000377 4e-006 0 0 0 0 0.000131 0.000522 0.00072 0 1e-006 0 0 0.000565 0.000452 0.00044 6e-006 0 0.000256 0.000245 0 0.000389 0.000698 0.00044 0 2.7e-005 0.000889 0.000359 0 0 0.001379 2e-005 0 0.000347 0 0.0024 0.000192 0.000911 0.000707 0.001054 0 0 0.001288 0.002348 0.000347 3.6e-005 0.000853 0.000401 0 0 0 0.000493 0.000909 0.000144
6.5e-005 4e-006 0 0 0 9.1e-005 0 0 0 0 0 0 0 0 0 0 0.000188 0 0 0 0 0.000199 0 0 0 0 0 0 0.000341 0.000202 0 3.8e-005 0 0 0 0 0 0 0.000384 0.000217 0 3.8e-005 6.2e-005 0 0.000889 0.000614 0 1.1e-005 0.000213 0 0 0 0.000193 0.00016 0.001158 3.1e-005 0.000188 0.000414 0 0 0.001414 0.000125 0.000323 2.2e-005 0.001646 0.00013 0.000662 6e-005 0.001616 0 0 0 2.2e-005 4.4e-005 1.3e-005 0.000132 0.00069 0.001212 0.00083 2e-006 0 0.000209 0.000148 0 6e-005 0.000176 6.6e-005 0 0 0.001456 0.000131 0.000258 0.000193
0 0 0 0 0 0.000435 8.7e-005 0 0 0 0 0 0.000849 0.000176 0.000398 0 0.000877 0.000687 0.000347 0.000379 0.000409 0 0 0 0 0 0 0 0 0.000167 0 0.001593 0 1.9e-005 0 0.001111 2.7e-005 3.6e-005 0.000151 0 1.9e-005 0 0 0.000148 0.000653 0 0 0 7.2e-005 0 0 0 0 0.000226 4.5e-005 0 0.000225 2.5e-005 0 1.5e-005 0.000789 0.000597 0.000309 2.1e-005 0.000583 0.000656 0.000282 0.000319 0.001124 0.000494 0 6e-005 0 0.001822 0.000184 0.000846 0 0.000375 0.000446 0.000245 0 4.6e-005 0.000373 0.0018 0.000138 0.000469 2.8e-005 0 0 0.000567 0.000301 0 0
0 0 0 0 0 8.6e-005 0 0.000748 0 0 0 0.000492 0.000793 0 0 0.000877 0 0.000717 0 0 0 3.2e-005 0 0 0 8.1e-005 0.000736 0 2e-006 0.000266 0.000134 0 0 0 0.00055 0.000391 0.000938 0 0 0 0 0 0.000114 0 9.2e-005 0 0 0 0 0 3.1e-005 0.000528 0 0 0 0 0.000543 0.000236 0.000173 0.00081 0.000931 0.0002 0.000453 0.00056 0.001576 0 0 0.000299 0.000269 6e-005 4.9e-005 7e-006 0.000609 0.000568 4.6e-005 0.00088 3.6e-005 4.1e-005 0 0 0 2e-005 0.001261 0.00265 0.000777 0.000446 0.000379 0 0.000359 0.000145 0.00061 0.000228 0
0 0 0 0.000217 0 0 0 0 0.000111 0 0 0 0 0 0 0.000123 1.5e-005 0 3.5e-005 0 0 0.000245 0 0 0 3.6e-005 0.000138 0 0 7.9e-005 1.7e-005 0.000338 3.3e-005 0 4e-006 0 0.000399 8.8e-005 0 0 0 0.000176 0.000311 1.9e-005 0.000383 3e-005 0 0 0 0 4.6e-005 0.000419 0.000168 0 0.000533 0.00027 0.000728 0.000227 0.000215 0.00041 0.001564 0.00096 0.000182 5.3e-005 0.000598 0.000156 0 8e-005 0.000221 0 3.6e-005 0.000557 0.000111 0 0 0.000732 0.001186 0.00276 0 9.8e-005 0.000576 1.5e-005 0 0 8.9e-005 0.000112 0.000876 0.000796 0.000119 0.000671 9.4e-005 0 0
0.000219 0 0 0.000307 0.000345 5.2e-005 0 0.000186 0.000457 1.4e-005 0.000368 0 0 0 0.00017 0.000424 2e-005 0 0 0 0.000418 0 3e-006 0 7e-005 0.001525 0 0.000122 7.6e-005 4e-006 0 0 5.4e-005 9.5e-005 0.000207 0.000146 0.00024 0.00051 0.000307 0 0 0 0 0 0.00044 0.000399 0 0 0 0 0.00039 0.000355 0 0 0.001088 0.000116 0.001032 0.0003 0.00057 0.000488 0.002173 0.000489 0.000863 0 0.000415 6.4e-005 0.000263 0.000343 0.000611 0.002477 0.000426 0.000449 0.000151 0.001948 0 0.002216 0.000386 0.00043 0 0.000285 0.000241 0.000466 0.001022 0.00123 3.5e-005 0.001202 0.002149 0.000453 0.000446 0.000338 0 8e-006 1e-005
0 0 2.8e-005 0.000156 0 0.000384 0 0.000654 0.000407 0 0.000866 0 0 0 0 0.000197 0.000202 0.000173 0 0.000328 0.000303 0.000342 0.000374 0 0.000989 0 5.3e-005 0 0.00046 0.001436 4.8e-005 0.000282 0.000713 0 0.000516 0.000966 0 2.5e-005 0.000521 0 0 0 0.000285 0.000802 0 0 6.3e-005 0.002201 4.2e-005 0 0 0 0 0 0.000352 0.001592 0.000954 1.1e-005 0.000747 4.1e-005 1.4e-005 0 0 0.000173 0.001142 0.00076 0.000461 0.000188 0.00112 0.001656 0.000533 0.000327 0.000243 0.002619 3.6e-005 7.4e-005 0.000301 0.003369 0.002437 0.000754 0.001089 0.000411 0 0 7.3e-005 0.000738 9e-005 0.003407 0.000357 0.000798 0.000102 0.000324 0
0 0 0 0 0 0 0.00025 0 0 0.000185 0 0 0 0.00039 7.2e-005 0.000267 0.000385 0.000641 0.000138 0 7e-006 0.000198 0 0 4e-006 6.6e-005 0.000301 0.000487 0.000571 0.001677 0.000137 0 0.000596 0.000538 7.1e-005 4.5e-005 0 0 0.000238 0.000467 9.4e-005 0 0 0.000125 0.000226 8e-005 2e-005 0.000338 0.000482 4e-006 9.4e-005 2e-006 0.000105 0 7e-005 0.000508 0.001193 2e-005 0.001501 0.001655 0.000453 0 0.000173 0.004473 0.002392 0.000292 0.000164 0.00081 0.000495 2.6e-005 0 0.000145 0.001451 0.002027 0.00033 0.000785 0.000461 0.000151 4.4e-005 0.002242 0.00287 0.00159 0.000375 0.000611 0 0 2.8e-005 0.001888 0.000429 0.002986 6.5e-005 0.00154 0.000178
0 0 0 0 1.3e-005 0.000226 0.00023 0.000216 0 0 0 0 0.000399 0 0.000127 5e-006 0 0.000169 0.000433 0 0 0.000455 0 0 0 2e-005 0.000244 0 0 0.001391 0 0.000872 0.000426 0.003663 0 7.7e-005 0.000788 0 0.000432 0.000427 0 1.1e-005 4.3e-005 0 0.000316 0.000441 0.000158 0.00043 0 0 0 0 5.3e-005 0.000153 0.00058 0.004739 0.000632 0.002031 0.001554 0.001985 0.002367 0.000302 0.000795 0.002775 0.002297 0.000771 0.000559 0.001172 0 0.002233 0.000803 0.000198 0.0001 0 0.000312 0 0 0.001687 0.000764 0.003539 0.00051 0.000188 0 0.001036 0 0 0 0 0.000202 0.00179 0.001034 0.000545 6.8e-005
0 0 0 0 0 0.000308 0 0.000157 0 0 0 0 0 4.4e-005 0 0 0 2e-005 2.7e-005 0 1.4e-005 3e-005 0 0 3.1e-005 1e-006 0.000842 0 0.000682 0.000935 0.000425 0.001625 6.7e-005 0.00314 0.002848 0.000268 0.000368 0.000553 0.000124 0.000588 5.1e-005 0.000359 5.7e-005 0 0 0.000523 1.9e-005 0.000277 0.001394 0.000888 0 0 0 0.00028 0.000181 0.000242 0 0.000702 0.000273 0.000178 0.001714 0.000317 0.001689 0.000149 0.000435 0 0.000123 0.001018 0.000831 0.00082 0.00137 8e-005 0.003406 0 0 0 0 0.000851 0.000752 0.0004 0 0 4.7e-005 0 0 0 0 1.8e-005 0.000837 0.003756 0.000263 0.000245 0
0.000635 0.000624 0 0.00039 0 0 0 0.000373 0 0 0 0.000231 0 0.000164 0 0 0 0 0 0 0 0 1.4e-005 5.9e-005 0.000304 3.4e-005 0 0.000101 0.000471 8.6e-005 0 0.000354 0.001787 0.000108 0.00224 0.000283 0.000252 0.000217 0.000239 0.000468 0.000341 0.000298 0 0.000764 1.7e-005 7e-006 0 0.000603 0.00088 0.000172 0 0 8.5e-005 0.0004 0.000181 0.000233 0.000813 0.000574 0.000453 0.001533 0.000344 0.000178 0 0.000416 0.000154 0 0.000306 0.000814 0.001221 0.000157 0.000344 0 0 0 0 0 0.000309 0.002346 4e-005 0.000118 0.000466 0.001334 0.001085 0 0 0 0 5.4e-005 2.9e-005 2e-006 0 0.000275 0
0.00042 0.001257 0.000481 0.001216 1.8e-005 1e-005 0 2.5e-005 0 0.000162 0 0.000327 0.000475 0 8.4e-005 0.00096 0.000111 0 0 0 0 0 0.000188 8e-005 0.000153 0.000461 0.000345 0 1.1e-005 0 0 0.000299 1e-006 0.000512 0.000959 0.00019 9.3e-005 0 1.5e-005 8.2e-005 0 5.5e-005 0 0 0 2.6e-005 0 0.000983 0.000289 0 0 0 0.000747 0.000436 0 0.00246 0.002507 0.002136 0.000252 0.000831 0.000511 0.000571 6.8e-005 0 0.000417 2.8e-005 0 0 0 0.002785 0.001635 2.6e-005 0 7.4e-005 0.001924 0.000636 0.0001 0.000169 5e-005 4.6e-005 0.000805 0.000782 0.004707 0.003201 3e-006 0.002294 0 5.5e-005 4.8e-005 0.000524 0 0 9.1e-005
0.000256 0 0.000924 0 0 0.000266 1.5e-005 0 0 0 0.000522 0.000104 0 0 0.000536 0.001846 0.001732 0 0 0 1e-005 0 0 0.000159 0.000128 0 0.000638 0 0 0 0 0 0.000973 0.001406 0.00091 8.4e-005 8.7e-005 0 0.000335 0 6.4e-005 1.5e-005 0 0 0.000442 0.000219 0 0.000339 0.000965 0.000623 0.000836 9.9e-005 0.000758 0.000368 0.001337 0.000617 0.000912 0.000313 0.002725 0.000613 0.001766 5.8e-005 6e-006 0 0.000378 7.2e-005 0 0.000683 0.000146 0.002895 0.000234 0 0.000214 3.6e-005 0.000358 0 2e-006 0.000707 0.000487 0.001017 0.000307 0 0.001062 0.000661 0.000135 0.000216 6.5e-005 0 0 0 0 0.002278 0.001847
0.000716 0.000236 3.5e-005 0 0 0 0.000284 0.000544 0.000498 3e-006 0.00032 0 0 0 0 0.008798 0.060693 0.00073 0 0 0.000437 0 0 5.1e-005 0.000144 0.000796 0.000939 0 2e-006 0.000376 0.000194 0 0.001131 0.000998 0.001082 0.000244 0 4.9e-005 0.001027 0.001666 0.00094 6.4e-005 0.0008 0.00054 0.000801 0.000502 0.00013 0.000816 3e-005 8.2e-005 0.001952 0.000457 0.000435 0.000109 0 0.000243 0.000394 0.000125 0.000217 0 0 0.000261 0 0 0 0 0.000496 0.00073 0.000829 0.001648 0.001033 0 0.000228 0.000112 7.5e-005 0 0 0.000343 0.001517 4e-005 7e-006 0 4e-005 0 0 0 0 0 0 0.000451 0.00018 0.000234 0.000528
0.000789 0.00053 0.00052 0 0.00066 0 0 0.000661 0 0.000504 0 2e-006 0 0.000117 0 0 0.000256 0 0 0.000491 0.000639 0.000123 0 0 0 0.000384 0.000173 0.000365 0.001442 0 0.000517 0.000415 1.4e-005 0 0 0 7.9e-005 0.00065 0.000316 0.001272 0.003705 0.000245 0.000124 0.000525 5.1e-005 0.000297 0.000206 0 0 0.001284 0.000825 0.000382 0 0.000319 0.000696 0.001251 0.000613 1e-006 0.000302 0.000312 0.000188 0 0 0 0 3.5e-005 0.000587 0.000348 0.000166 0.000527 0 0.000559 0.000632 0.00138 0.000432 0 0 0.00201 0.00117 0.000503 0.000642 0 0 0.000999 0 8.2e-005 0 0.000383 4.3e-005 0.000345 0.000996 0.000578 0.000716
0.000433 1e-006 0.000132 0.000157 0 7.3e-005 0 0.000302 0 8.5e-005 0.000139 0 0 0.000157 0 0 0 0 8.5e-005 3e-005 0.001927 0.000162 0 0 2e-006 0 0.000544 0.000683 0.000396 5.9e-005 0 0.001111 0.001072 0 0 3e-006 0.000879 0.000812 0.002995 6e-005 0.000118 8.8e-005 0.000463 0.000726 0.00029 0.000134 1.3e-005 0 0 0.000472 0 0.001048 0.003038 0.000749 0.000499 1e-006 0.000884 0.000767 0.000842 0.001243 0 0.000133 0.000217 7e-006 0 0.001279 0.000583 0 0 9.3e-005 7e-006 0.000532 0 0.000203 2.5e-005 0 0 0.000188 0.000809 0.000814 0.001374 0.001014 0 0 0.001124 0.000732 0.001064 0.000401 5.9e-005 0.000207 0.001226 9.5e-005 8.9e-005
0.00038 0 0 0.002945 0.000575 0.000418 0 0.000215 0 8.8e-005 0.000176 0 0 0 0 0 0 0 0.001084 0.000175 0 0 0 0 3.6e-005 0 0.00051 0.001336 0.000647 0.00049 0.000653 0.000999 0.000183 3e-005 0.000837 0.000388 0.00323 0 0.001023 0.001148 0.001465 5e-006 0.000773 0.001684 0.000954 6.6e-005 0 0 1.2e-005 2.5e-005 0.000177 6e-006 0.000657 0.001303 0 0 0.000658 0.000299 0.000854 0.001145 2e-005 1.6e-005 5e-005 2e-006 0.000303 0.000993 0.000193 4e-005 4.2e-005 0.000269 0.001537 0.001804 0.001876 0.002149 0.000377 0 2.9e-005 0 0.001241 2.1e-005 0.001259 4.4e-005 0.000605 6.6e-005 0.00045 8.5e-005 0.000334 9.7e-005 0.00042 0 3.6e-005 0.001052 0.000314
0 0 0 0.000712 4e-006 0.000195 1.5e-005 0 0 0 0.0003 5e-006 0 0.000103 0.000424 0 0 0 0 6e-006 0.000587 0.00015 5.4e-005 0.000399 0.000209 0 0 0 0 0.000283 0.000156 0 0.000143 0.000195 0.001372 0.001048 0.000405 0.002703 0.00078 0.000355 0.000731 0.000376 0.000115 0.001078 0.000194 8e-006 0 0 3.3e-005 0.000109 0 0 0.000123 2.8e-005 5.5e-005 0.000306 0.001024 0.00018 0.002407 0.000615 0.00065 0.001271 0.000372 0 0 0.001057 0.000543 8.8e-005 0.00011 0.001267 0.000408 0.000566 0.000515 0.001196 5.5e-005 0.000364 8.4e-005 0.000969 0.00025 0.000749 0.000178 0.000135 2.1e-005 0.000632 0.00021 0 1e-006 0.000652 7e-006 0.000686 0.000291 1.1e-005 5.5e-005
2.4e-005 7.4e-005 0 1.7e-005 0.000383 5e-005 0.000738 0.000821 0 0 9.5e-005 0.001025 0 0.002173 0.000548 0 0 0.000201 4e-006 9.1e-005 8.3e-005 0 0.000197 0.000672 0.000584 0 0 0 0.000541 0.00041 0.001372 0 0 0.000473 0.000496 5.1e-005 4.6e-005 1.3e-005 0 0.00023 2.7e-005 3.8e-005 0 0.000609 0.002107 0 0.000592 0.000324 0 0 5e-006 4.9e-005 0.000722 0 0 0 0 0 0.000281 0.001 0.001228 0.000237 0.000294 0 0 0 7e-006 0 2e-006 5.2e-005 0.000422 0.001184 0.000198 0.000113 0 0.000144 0.000641 0 0.001045 0.001099 0.002185 0 0 0 0 0.000707 0.000458 0.000751 0.000103 0 0 0.000202 0
0 0.001944 0 0 0 4.2e-005 0.000255 0.000385 0 0.000295 0.000296 0.000305 3e-005 0.000816 0.000102 0 4.1e-005 0 0 0.000378 0.001358 6.3e-005 7.1e-005 0 0 0 0 0 0.000115 7.9e-005 0.000958 0 0 8.4e-005 0 0.000576 0.000816 0.001213 0.00045 0 0 0 0.000213 0.001147 0.00336 0 0.003092 0.000759 0 0 0.000116 0.000267 0.00095 0.000871 0.001226 0 0.001517 0 0 0.000858 0.000926 0 0 0 0.000299 9e-006 0.000198 0.001014 3e-006 1.2e-005 0.000374 0.001697 0.000895 0.000166 0 0 0 0 5.6e-005 0.001114 4.4e-005 3.1e-005 7.6e-005 0.0004 0 0.002995 0 0.000172 0 0 0 0 0
0 0 0 0 0 0.000247 0 0.000446 0 0 0 2.5e-005 1.5e-005 0 4.3e-005 0.000231 7.4e-005 0 0 0 0.001407 0.000154 0 0.000154 0 0 0.000434 0 4.7e-005 0.001166 0.000317 0 9.3e-005 0.000109 0 2.1e-005 0 0.000457 1e-006 0 0 0 0.001074 0.00091 0.001482 7.7e-005 0.000417 4.1e-005 0.000235 0 0.001424 0.000341 0.000132 0.000582 1.2e-005 2.4e-005 0.000898 0.000291 0 0 0.000109 0.000113 0 0 0 0 0 6.3e-005 0 0.001021 0.001452 0 0.000833 0.000119 0 1.7e-005 0 0 0 0.000465 8.1e-005 1.8e-005 0.000718 0.001083 0.00036 0.000663 0.000324 0.00037 8.8e-005 0 0 0 0
0 0 0 0 0 0 0 0 0 0 0 0 0 6.6e-005 0.000282 0.000518 0 0 0 0 0 0 0 0 0 0 0 0 0.001857 0.003534 0.000867 0.000556 0.00018 0 0 5e-005 0.000387 0.000373 0 0 0 0 0.000654 0 0 0 0 0 1.5e-005 0 0 2.1e-005 0.000824 0.000187 0.000459 0.000209 0.000961 0 0 0.001607 0.00192 0.000712 0 0.000728 0.001468 0.000558 0.001026 4.6e-005 0 0.000285 1.3e-005 0 0 0 0 1.5e-005 0 0 0 0 0.000626 9.4e-005 0 0.001273 0.001822 0 0 5.2e-005 0 0 0 0 0
0 0 0 0 0 0 0 0 0 0 0 0 9.5e-005 0.001378 0.000171 0.001048 0.000475 0 0 0 0 0 0 0 0 4.6e-005 0.000229 0.001047 0.000577 0.000783 5.2e-005 0.000312 0 0 0 0.000283 0.001437 0.001015 0 0 0.000163 0.000541 0.002632 0.000992 4.2e-005 4e-005 0 0 0 7.8e-005 0 5e-005 0.000119 1.5e-005 0.000653 3.1e-005 0.001616 1.3e-005 0.000195 0.000165 0.000829 0.00056 0 0 0.0004 0.001326 0.000465 3e-006 0 0 0 0 0 0 0 0 0 0 0 0 0 0 0.0001 0 4.4e-005 0 0 0 0 0 0 0 0
0.000701 0 0 0 0 0 0.000181 4.3e-005 0 0.00048 0.00014 0 8.5e-005 1e-006 0 0 0 0 0 0 0 0 0 0 0 0 0.000151 0.000384 0.001339 0.000621 0 0.000282 0 0 0 0 0.000661 2e-006 0 0.000162 0.000181 0.000232 0.000902 0.000875 9.1e-005 0.0013 1.1e-005 0.000497 2e-006 0 0.00029 0 0.000956 0 1.6e-005 0.000938 0.000781 1.3e-005 0 0 0.000937 0.000645 0.000463 0.00019 0.000128 0.00184 0 0 0 0 0 0 0 0 0 0 0 0.000341 8e-006 0.000315 0.000533 0 0 0 0 0 0 0 0 0 9e-006 0 0
0 0 0 0 0 0 2.6e-005 0 0 0.000228 4e-005 0 3.4e-005 0.00013 0 0 0 0 0 0 0 6.4e-005 0.000467 0 0 0.001383 0.000283 0.00014 0.000655 0.000473 0.001063 0 0.000169 0.000361 0.000136 5.3e-005 0 0 0 0 0 0 0 0 0.000248 7.2e-005 0.000273 0.000318 0 0 0.000258 0.000165 0.000916 0.000211 0.000242 0.001977 0 0.000171 0 0 1.6e-005 0.000301 0 0.000161 0 0 0.000173 0 0 0 0 0 0 0 0 0 0 0 4.6e-005 0.0009 0.001914 0.000582 0 0 0 0 2.2e-005 0 0 0 1e-006 0 0
0 0 0 0 0 0 0.000149 0 0 0 0 0 6e-006 0.000637 0 0 0 0.000163 0 0 0 0 0 0 0 2e-006 4e-005 0.000762 0.001149 0.000311 0 0 0 0 0 0.000147 0 3.8e-005 9.6e-005 6e-006 0 0 3e-006 0 0.000389 0 9.7e-005 0.000249 0 0 0 0.001024 0.000691 0.000193 1.5e-005 2.2e-005 2e-006 0.000332 0.001038 0.000439 2.1e-005 0.001064 0.000874 0.000169 0.000362 0.00011 0.000317 0 0 0 0 0 0 0 0 0 0 0 0.000471 0.000746 0.002024 0.000209 0.000439 0 0 0 0.001061 0.000177 0 0 0 0 0
0 0 0 4.1e-005 4.7e-005 0 0 0.000387 0.000143 0 0 0 0 0 0 0 0 0 0 0 0 0 0 0 0 0 0 0 0 0.000205 0 0 0 0 0 0.000196 0 0.000191 0.000213 0.000149 1.4e-005 0.000996 0.000217 4.2e-005 0 0 0 0 0.00081 0.000227 0.000115 0.001683 0 2e-006 0 0.000125 0 4.2e-005 0.000113 0.000337 0.000327 0 0.000185 0.001088 0 0 0 0 0 0 0 0 0.000211 0.000702 0 0 0 0 1e-006 5.8e-005 0.000111 0 0.000417 0 0 0 0 0 0 0 0 0 0
0 0 0 0.000188 0.000116 0 0 0 0 0 0 0 0 0 0 0 0.000292 0 0 0.000386 0 0 0 0 0 0.001257 0.002961 0 0 3.4e-005 0 0 0 0 0 0 0 0 2.8e-005 8.6e-005 0 0.001356 0.000139 0 0 0 0 0 0 0 0 0 0 0 0 0 0.000112 0.000454 0.001297 2e-005 0.00018 0.000188 0 0 0 0 0 0 0 0 0 0.000321 0.000471 0.000347 0 0 0.000534 4.3e-005 0.000667 0.000799 0.00025 0 0 0.000193 5e-005 0 0 0 0.000437 0.000127 0.000396 0.000126 0
0 0 0 0 0 0 0 0 0 0 0 0 0.000704 3e-006 0.000442 0 2.5e-005 0.000533 0.000532 0.001344 0.000473 0 0.000454 0 0 1.3e-005 2.2e-005 0.000183 0.00027 0.000664 0.000314 0 0 0 0 0 0 0 0 0 0 0 0 0 0.000675 0.000478 0 0 0 0 0 0 0 0 0 0 0 8.9e-005 4.5e-005 0.000173 0.000112 0.000208 0 0 0 0 0 0 0 0 0 8e-005 0.000367 0.000706 0 0 0 0 0 0 5.9e-005 0.000223 0.000423 0 0 0 0.000127 0.000137 0.001313 0.000631 0 3.6e-005 0
0 0 0 0 0 0 0 0 0 0 0.000254 0.000307 0 0 0 0 0 0.000686 0.000336 3e-006 0.000128 4e-006 0 0 0 0 6.8e-005 0.000667 0.002039 0.00171 0.000208 0 0 0 0 0 0 0 8e-006 0 0 5e-005 4e-006 0 0 0 0.000554 0.000342 4.5e-005 0 0 0.000177 9.9e-005 9.5e-005 0 0 5.6e-005 0 0.000817 0.00055 0 0 0 8.1e-005 0 1.3e-005 3e-006 0 0 0 0 0 0.000108 0.001326 0 0 0 0 0 0 4e-006 0.000135 0.000735 0 0 0 1e-006 0 0.000234 0.000456 0.000172 0 0
0 0 0 0 0 0 0 0 0 0 6.9e-005 0.000589 0.000659 0 9.2e-005 2.5e-005 0 0 0.000189 0 0.000559 0.0003 8.1e-005 0 0 6.8e-005 0 0.001363 0 0.000384 3e-005 0 0 0 0 0 0 0 0 0 0 0 0 0 0 0 0.000441 3.2e-005 3.5e-005 0 0 1e-005 9e-006 0.000415 0 0.000418 0.000565 0.000275 0 0 0 0 0 5.9e-005 0.00011 0 1e-006 0 0 0 0 0 0.000417 0 0 0 0 0 0.00032 0.000141 0 3e-005 2.9e-005 0 0 0 0 0 0 0.000778 0.000586 0 0
0.000301 0.000359 0 0 4.2e-005 0 0 2.9e-005 7.8e-005 0.00077 0.001601 0.001189 0.001252 2.4e-005 0.000479 0 0 7.2e-005 0 0 1.8e-005 4e-006 0 0 0.000227 0 0.000186 3e-006 0 3e-006 0 0 0 0 0 0 0 0 0 0 0 0 0 0 0 0 0 0.000147 0.000233 0 0 0 5.4e-005 8e-006 0.0003 0.000101 0.001008 0.000923 0 0 0 0 0 0 0.000404 0 0 0 0 0.00128 0.000879 0 0 0 0 0 0 4.2e-005 0.000402 0 0 0.000859 0.000291 0.000654 0 0 0 0 3e-006 0.001058 0.001297 0.000172 0
0.000892 3.4e-005 0 0.000251 0.000216 0.000176 0 0 0 0.000396 0.000653 0.000102 0.002958 0 0.000324 0 0.000396 2.3e-005 0 6e-005 1.1e-005 0 0 0 7e-006 0 0.000564 0 0 0 0 0 0 0 0 0 0 0 0 0 0 0 0 0 9e-005 0 1e-006 1e-006 0 0 0 0 6.6e-005 9.9e-005 0.000115 0 0.000623 0.000716 0.000507 0 0 0 0 0 0 0 0 0 0 0 0 0 0 3.3e-005 2e-005 0 0 3.3e-005 0 0 4.3e-005 0.000157 0.000541 0.000495 0.000184 0.001835 1.7e-005 0 0 0.00014 8e-006 0 0
0.000211 0.000126 0 0 0 6.6e-005 1.2e-005 0 0 0.001302 0.000147 0.001825 0.00011 0 0.002193 0.001751 0 0 0.000292 0.000179 2e-005 0 0 0.000233 0.001003 7.9e-005 0 0 5e-005 0 0.000324 0 0.000315 5.3e-005 0 0 0 0 0 0 0 0 0 0 4.1e-005 8e-006 0.000604 1.2e-005 0 0 0 0 0.000186 0.000865 0.000211 0 4.2e-005 0.001098 0 0 0 0 0 0 0 0 0.000109 0.00011 0 0 0 0 0 0.00027 0 0 0.000166 0 0 0 0 0 2.4e-005 0 0.000144 0.001062 0 1e-006 0 0 0 0 0
