EnvRasters/BAU_High/tal.asc
ncols         270
nrows         223
xllcorner     24099.479091542
yllcorner     21023.840179216
cellsize      1003.8986847201
NODATA_value  -9999
[rows 96 to 127 of 223, columns 72 to 143 of 270]
0.8231 0.3494 0.38062 0.63211 0.48106 0.50609 0.63822 0.85015 0.71951 0.78741 0.75281 0.43488 0.38735 0.74871 0.74405 0.89259 0.67237 0.73465 0.87947 0.80879 0.87812 0.74314 0.78058 0.66474 0.20976 0.30622 0.00255 0.76286 0.87702 0.86606 0.78062 0.90706 0.66509 0.8502 0.90234 0.78783 0.77944 0.93606 0.82506 0.5558 0.50463 0.09324 0.44945 0.5228 0.19627 0.22456 0.55694 0.87862 0.81816 0.5271 0.71456 0.8759 0.36888 0.3424 0.72687 0.6879 0.92398 0.86704 0.89189 0.88529 0.68147 0.56693 0.23895 0.35727 0.20004 0.25696 0.10546 0.00042 0.1667 0.25452 0.1955 0.21274
0.94925 0.7328 0.83368 0.93855 0.91023 0.78882 0.82133 0.86772 0.95425 0.85947 0.49042 0 0.13639 0.70232 0.80379 0.89391 0.86391 0.71304 0.85113 0.82048 0.94422 0.85094 0.61735 0.23069 0.0093 0.04102 0.69707 0.63459 0.86396 0.94926 0.95884 0.96034 0.80704 0.91321 0.88866 0.87446 0.79322 0.8844 0.94112 0.40622 0.44988 0.01993 0.57369 0.58935 0.40846 0.56487 0.84287 0.8182 0.91728 0.71551 0.83085 0.96517 0.45987 0.36112 0.68045 0.44779 0.92624 0.91042 0.97985 0.74722 0.29014 0.40609 0.32448 0.23394 0.15683 0.11914 0.64021 0.39941 0.6396 0.49432 0.04828 0.16161
0.9107 0.50419 0.72279 0.92598 0.96014 0.97589 0.56172 0.82188 0.80964 0.66016 0.45723 0.00271 0.1537 0.76619 0.76429 0.78321 0.71918 0.93014 0.75851 0.95904 0.89277 0.72565 0.89709 0.79412 0.37082 0.61921 0.77037 0.78135 0.92273 0.92308 0.89295 0.8411 0.91089 0.62385 0.82547 0.9138 0.93684 0.77122 0.74507 0.9253 0.1025 0.12502 0.69262 0.34699 0.45267 0.84878 0.95406 0.51858 0.32251 0.79875 0.57216 0.96 0.84832 0.99004 0.87906 0.94173 0.87531 0.88446 0.80316 0.49925 0.63789 0.35902 0.4618 0.72016 0.55634 0.42925 0.51172 0.45545 0.77109 0.86497 0.40335 0.62384
0.56298 0.4766 0.6146 0.74208 0.9455 0.76365 0.86133 0.43085 0.96912 0.86558 0.80711 0.74572 0.91202 0.51009 0.51418 0.60858 0.30761 0.7535 0.85852 0.58762 0.76826 0.20499 0.71065 0.59417 0.90957 0.86107 0.91767 0.90205 0.85141 0.74399 0.49648 0.7463 0.95986 0.92948 0.95018 0.86489 0.10672 0.04847 0.37928 0.23994 0.12063 0.73824 0.61123 0.52158 0.89317 0.73556 0.76574 0.75514 0.59053 0.71003 0.23806 0.14084 0.27804 0.81556 0.88944 0.85492 0.74053 0.74833 0.2162 0.17177 0.49006 0.65791 0.31468 0.55572 0.62825 0.14801 0.14551 0.41904 0.97994 0.84679 0.75813 0.92855
0.05093 0.26199 0.75109 0.81313 0.35523 0.90467 0.68722 0.58058 0.95249 0.59361 0.67171 0.82785 0.79738 0.74903 0.94362 0.72378 0.59342 0.54815 0.89323 0.8879 0.82903 0.16336 0.28674 0.80898 0.87404 0.96014 0.89261 0.88584 0.94836 0.65188 0.8282 0.81468 0.95402 0.90821 0.95997 0.81585 0.39489 0.40804 0.3948 0.08813 0.30413 0.90575 0.7819 0.43608 0.74081 0.83512 0.61292 0.48684 0.44791 0.17664 0 0 0.54238 0.73901 0.87559 0.95018 0.68899 0.59655 0.33331 0.38279 0.84775 0.60507 0.20654 0.11936 0.10604 0.02089 0.23475 0.44633 0.97665 0.85751 0.60855 0.95196
0.25601 0.79168 0.88918 0.79843 0.13167 0.61149 0.97886 0.61338 0.8672 0.7631 0.85314 0.63092 0.75918 0.42506 0.58711 0.84782 0.44426 0.47516 0.35866 0.71816 0.96879 0.7965 0.83271 0.94932 0.91547 0.91239 0.83082 0.72491 0.98771 0.90267 0.94553 0.69151 0.69663 0.80585 0.65615 0.7912 0.526 0.78344 0.74538 0.55875 0.88486 0.86055 0.77658 0.88675 0.95034 0.48897 0.31037 0.7731 0.61573 0 0 0.36437 0.07025 0.28087 0.95531 1 0.97276 0.78427 0.54853 0.69184 0.58433 0.6743 0.36096 0.23473 0.08834 0.1868 0.23437 0.7884 0.98007 0.86877 0.83211 1
0.72323 0.88842 0.60054 0.88764 0.73318 0.98615 0.97541 0.89247 0.86167 0.81047 0.80341 0.56553 0.88518 0.44017 0.60573 0.88892 0.55078 0.86629 0.93006 0.5093 0.82632 0.44142 0.65657 0.94162 0.94522 0.91385 0.65277 0.40882 0.62411 0.97435 0.93038 0.16806 0.01943 0.57634 0.75714 0.83177 0.79077 0.91007 0.96983 0.94925 0.73062 0.88688 0.57373 0.96591 0.94656 0.57707 0.83032 0.47956 0.67837 0.68402 0.64788 0.73227 0.0718 0.69772 0.99029 0.86415 0.43587 0.93147 0.87758 0.49166 0.68716 0.81703 0.39888 0.86545 0.37399 0.48549 0.78866 0.57953 0.97879 0.64811 0.43617 1
0.91627 0.91965 0.38301 0.76841 0.57779 0.87209 0.68162 0.93533 0.97575 0.67475 0.45894 0.72086 0.98693 0.95478 0.72442 0.90506 0.54113 0.80976 0.92021 0.94893 0.95418 0.78658 0.87073 1 0.88922 0.96411 0.94464 0.41125 0.57201 0.65651 0.39665 0.11671 0 0.41402 0.70828 0.93553 0.81983 0.67902 0.4732 0.24801 0.64026 0.86085 0.77543 0.95806 0.91032 0.51729 0.69139 0.42056 0.75993 0.96763 0.91893 0.81811 0.77775 0.96463 0.79797 0.90392 0.72722 0.99467 0.99628 0.29486 0.66363 0.65288 0.41716 0.52569 0.49838 0.13715 0.30842 0.38831 0.96764 0.70769 0.62264 0.81515
0.85105 0.80025 0.80482 0.82411 0.49718 0.80076 0.90318 0.78637 0.84977 0.2707 0.45087 0.63381 0.90947 0.89911 0.87106 0.71672 0.49482 0.97467 0.95978 0.9058 0.68499 0.84429 0.77591 0.64849 0.83918 0.86067 0.64238 0.40967 0.92465 0.6554 0.30428 0.4511 0.26196 0.35198 0.54109 0.82846 0.7353 0.36093 0.02061 0.24289 0.52928 0.92231 0.41682 0.93278 0.7724 0.09413 0.06573 0.59216 0.48799 0.36984 0.80285 0.88897 0.77823 0.94081 0.43383 0.90124 0.98519 0.99 0.9493 0.83376 0.80174 0.7212 0.19996 0.53147 0.37127 0.54605 0.4215 0.76136 0.8311 0.61684 0.93673 0.85043
0.77992 0.7757 0.94021 0.95447 0.92595 0.8432 0.74386 0.5685 0.466 0.77527 0.85481 0.86298 0.67721 0.44118 0.89333 0.7996 0.65827 0.96014 0.89469 0.77051 0.2133 0.88597 0.92505 0.93917 0.97871 0.89989 0.94828 0.80871 0.92984 0.85631 0.7225 0.88859 0.92413 0.66845 0.19351 0.81984 0.75374 0.25466 0.51385 0.55887 0.32908 0.41426 0.19601 0.66668 0.74251 0.59288 0.63319 0.67596 0.92699 0.53097 0.87884 0.99965 0.73725 0.83681 0.96767 0.90674 0.80712 0.89306 0.5807 0.88187 0.78929 0.65431 0.15485 0.68578 0.87615 0.63254 0.21696 0.85214 0.87372 0.76161 0.99578 0.66682
0.82019 0.31583 0.84698 0.94518 0.97854 0.83898 0.63621 0.18515 0.27368 0.77141 0.674 0.93025 0.88904 0.57677 0.92536 0.90143 0.83254 0.81504 0.88537 0.64552 0.68282 0.97694 0.96014 0.96639 0.95441 0.85273 0.90124 0.75523 0.60844 0.61118 0.65552 0.86115 0.98886 0.69666 0.80943 0.89375 0.66836 0.83845 0.88284 0.57179 0.36927 0.58821 0.01977 0.25197 0.79908 0.5757 0.82648 0.90339 0.92355 0.79662 0.89364 0.98377 0.95042 0.76581 0.93301 0.59735 0.73235 0.82476 0.83522 0.6606 0.92052 0.84866 0.48298 0.89275 0.57336 0.35894 0.41231 1 0.99201 0.88197 0.98858 0.99004
0.9442 0.47704 0.44549 0.94809 0.97961 0.63327 0.19697 0.10466 0.59718 0.83222 0.85785 0.99004 0.74497 0.75412 0.91029 0.90254 0.82873 0.90976 0.71318 0.51682 0.66869 0.67265 0.80684 0.68699 0.52855 0.84949 0.75472 0.65577 0.45366 0.35613 0.77111 0.81722 0.98867 0.95055 0.93099 0.72527 0.80793 0.88912 0.95356 0.94071 0.68121 0.31381 0.07942 0.3406 0.47415 0.50287 0.79409 0.8232 0.8065 0.84581 0.67894 0.97637 0.74146 0.4591 0.94605 0.91935 0.52791 0.7481 0.32711 0.38565 0.85009 0.77411 0.92134 0.98944 0.94107 0.8322 0.81104 0.98007 0.96466 0.53439 0.84923 0.92753
0.67048 0.12279 0.02926 0.73293 0.7965 0.23695 0.0829 0.00774 0.06027 0.56415 0.73138 0.97795 0.57533 0.9151 0.96014 0.90035 0.6178 0.37167 0.66877 0.83854 0.486 0.58321 0.93669 0.71949 0.85664 0.63211 0.54602 0.47665 0.68089 0.74042 0.90373 0.82553 0.86021 0.96268 0.83229 0.69963 0.88424 0.76934 0.61878 0.93303 0.51851 0.59203 0.68584 0.63479 0.51269 0.12223 0.62431 0.75092 0.73724 0.85819 1 1 0.5762 0.7098 0.81075 0.85339 0.98007 0.98986 0.73239 0.51182 0.73201 0.48459 0.97011 0.95548 0.70056 0.99379 0.85751 0.97065 0.81002 0.35872 0.4894 0.45066
0.02382 0.11923 0.48589 0.30544 0.23416 0.65008 0.78084 0.29618 0 0.49521 0.65211 0.6563 0.57403 0.85089 0.96014 1 0.67115 0.72685 0.69215 0.6623 0.86397 0.6401 0.58685 0.46632 0.73832 0.34133 0.26927 0.58097 0.59522 0.88157 0.63744 0.76413 0.95458 0.90294 0.38723 0.13236 0.63027 0.77466 0.80535 0.22292 0.11444 0.56148 0.24651 0.64393 0.38561 0.3219 0.46232 0.76014 0.84717 0.97415 0.83403 0.90571 0.54861 0.90102 0.98908 0.62603 0.81071 0.96464 0.98644 0.94257 0.93551 0.68499 0.85624 0.95527 0.73512 0.56436 0.67685 0.75863 0.81565 0.46044 0.50624 0.71378
0.1004 0.28392 0.61388 0.37142 0.52397 0.42883 0.64434 0.03606 0 0.30337 0.30365 0.41821 0.40998 0.88621 0.6479 0.54558 0.46949 0.36048 0.34068 0.2681 0.3711 0.19312 0.09811 0.13935 0.2203 0.01356 0.07672 0.09762 0.34552 0.76996 0.70225 0.7947 0.9117 0.81703 0.32444 0.33953 0.67598 0.4783 0.20508 0.38644 0.31077 0.25734 0.18497 0.29256 0.16011 0.02779 0.12872 0.5338 0.94304 0.91066 0.71538 0.52089 0.19487 0.34593 0.46292 0.3215 0.67715 0.76116 0.93545 0.8318 0.90884 0.68031 0.8994 0.98488 0.98074 0.59819 0.67979 0.18938 0.63122 0.89593 0.58206 0.72685
0.06605 0.21935 0.24016 0 0.09025 0.30527 0.17937 0.07825 0.00147 0.06679 0.27343 0.38424 0.53302 0.30661 0 0.0039 0 0 0 0 0 0 0.01171 0.00421 0.00627 0 0 0 0.056 0.38554 0.91268 0.70441 0.88135 0.91086 0.39834 0.40324 0.56884 0.44626 0.08459 0.12758 0.0715 0.12906 0.10975 0.0109 0.03986 0.18167 0.70172 0.57065 0.50147 0.95662 0.69427 0.89699 0.92222 0.47467 0.2521 0.49904 0.89036 0.86654 0.98363 0.52026 0.41213 0.38023 0.93643 1 1 0.87302 0.76917 0.91556 0.83325 0.87941 0.49014 0.65798
0 0.07423 0.38459 0.24674 0.21762 0.07869 0 0 0 0.00754 0.25016 0.24578 0.26941 0.04955 0 0 0 0 0 0.03474 0.10395 0.09885 0.00141 0.17634 0.03119 0.09427 0.06194 0.14325 0.10833 0.59116 0.981 0.47522 0.92881 0.81245 0.58149 0.20208 0.11754 0.00958 0.12409 0.21509 0.0187 0.02339 0.15514 0.23132 0.36101 0.30382 0.68508 0.08564 0.33007 0.41734 0.19573 0.62216 0.95735 0.66797 0.36658 0.49974 0.61943 0.52122 0.96675 0.76329 0.84255 0.81659 0.89671 0.97832 0.87129 0.94925 0.77128 0.79346 0.8962 0.71326 0.89053 0.81395
0.03347 0.15263 0.04737 0.23594 0.71191 0.24502 0.11285 0.16074 0.27168 0.50133 0.13942 0.339 0.13519 0.00955 0.12954 0 0.11545 0.27802 0.21718 0.10974 0.26975 0.02073 0.00702 0.16077 0.10573 0.24469 0.12053 0.18592 0.34854 0.21385 0.65806 0.61814 0.78502 0.7767 0.72226 0.06788 0.61586 0.02658 0 0.07972 0 0 0.26756 0.18158 0.25875 0.49411 0.44206 0.41395 0.41333 0.55267 0.38865 0.81711 0.75746 0.72974 0.38991 0.40376 0.33881 0.37835 0.63744 0.59645 0.7725 0.90193 0.3925 0.98114 0.76864 0.40427 0.14112 0.84479 0.88217 0.54978 0.81967 0.9738
-9999 0.39054 0.55925 0.52028 0.28312 0.1723 0.2734 0.43631 0.47066 0.50083 0.23734 0.37598 0.33587 0.1601 0.04417 0.04211 0.05513 0.07319 0.17747 0.13334 0.03528 0 0.02209 0.08338 0.19352 0.5102 0.12524 0.06975 0.02367 0.04614 0.10366 0.08681 0.28165 0.37147 0.12981 0.01993 0.03732 0.1736 0.14445 0.0846 0 0 0 0 0.0497 0.53301 0.28249 0.12604 0.72761 0.67749 0.5732 0.91033 0.21912 0.30527 0.46806 0.09984 0.25398 0.11083 0.06211 0.20719 0.17841 0.3221 0.47342 0.67284 0.76418 0.39175 0.58486 0.64554 0.29478 0.56069 0.52749 0.79486
-9999 0.08111 0.49516 0.82203 0.29225 0.06193 0.17022 0.47759 0.26402 0.46767 0.42097 0.07352 0.15028 0.2322 0.1488 0.26431 0.31256 0.00331 0.48085 0.57498 0.55337 0.45638 0 0.0442 0.02791 0.27735 0.25077 0.06642 0.34587 0.12824 0.0223 0.19887 0.29284 0.3124 0.03284 0.09472 0.59788 0.51849 0.12472 0.00934 0.02985 0 0.00905 0 0.01145 0 0.00187 0.18367 0.41336 0.20586 0.14028 0.19741 0.20452 0.12223 0.15641 0.11831 0.21683 0 0.26712 0.58129 0.06725 0.16593 0.39749 0.36458 0.20889 0.69626 0.6863 0.48959 0 0.26498 0.14206 0.18882
-9999 -9999 -9999 0.11068 0.00099 0.26573 0.47862 0.57275 0.38452 0.45342 0.24853 0.20063 0.21745 0.10358 0.11684 0.02063 0.33495 0.07486 0.18367 0.29862 0.34871 0.37462 0 0 0.02894 0.08318 0.17937 0.04913 0.00296 0.45736 0.30784 0.0292 0.43259 0.25775 0.13395 0.17619 0.50444 0.38182 0.11628 0.22732 0.08161 0.05797 0.2081 0.10713 0 0 0.42079 0.65218 0.5311 0.53223 0.41479 0.35823 0.31901 0.06616 0 0.04156 0.12819 0.14692 0.08032 0.03467 0.08964 0.02356 0.19568 0.36388 0.04962 0.32789 0.14583 0.06535 0.19853 0.12533 0.01993 0.00783
-9999 -9999 0 0.38281 0.40078 0.60449 0.58165 0.84924 0.68513 0.46437 0.48714 0.72383 0.50867 0.41878 0 0.02989 0.01196 0 0 0 0.02989 0 0.12858 0 0.01054 0.47414 0.06734 0.59317 0.04824 0.78957 0.82242 0.37617 0.58804 0.91815 0.37032 0.85124 0.61465 0.19262 0.69905 0.72101 0.72829 0.7457 0.81896 0.60619 0.14829 0.02661 0.41933 0.91903 0.65181 0.8634 0.89904 0.38035 0.06431 0.23075 0.01422 0.04387 0.01939 0.05427 0.22607 0.12627 0.0764 0 0.00996 0 0.28931 0.27341 0.44776 0.09177 0.26892 0.34241 0.03096 0.03412
-9999 -9999 -9999 0.17294 0.32009 0.51689 0.49927 0.36474 0.6938 0.57132 0.37909 0.45257 0.11965 0.22735 0.03299 0 0.09576 0 0.05979 0 0.05995 0.03962 0.14027 0.08263 0.12716 0.32284 0.52374 0.22281 0.38687 0.8767 0.88994 0.89078 0.94719 0.75812 0.75013 0.83169 0.96268 0.37037 0.35682 0.88933 0.61211 0.92027 0.3526 0.77929 0.59319 0.2042 0.31925 0.49388 0.40926 0.31025 0.45976 0.26375 0.09065 0.05907 0.07124 0 0 0 0 0 0 0 0.12353 0.0305 0.12187 0.1793 0.22361 0.45835 0.11791 0.26581 0.02563 0.13819
-9999 -9999 -9999 0.24403 0.46002 0.75612 0.66549 0.61023 0.25095 0.52895 0.58411 0.70841 0.16133 0.3405 0.31161 0.12954 0.10354 0.00996 0.15536 0.23858 0.54113 0.23259 0.34838 0.21353 0.56159 0.85271 0.42594 0.6853 0.96334 0.87788 0.59181 0.68672 0.78291 0.44509 0.38559 0.88298 0.69949 0.75436 0.81105 0.46863 0.13121 0.40227 0.25525 0.27569 0.5865 0.45014 0.42006 0.77465 0.6796 0.26893 0.06973 0.23832 0.28326 0.24264 0.03949 0 0 0 0 0 0 0 0 0.00996 0.08233 0.01406 0.0269 0.35385 0.50018 0.02227 0.07738 0.29824
-9999 -9999 -9999 0.09758 0.64119 0.90004 0.95887 0.90277 0.81786 0.75986 0.65776 0.66058 0.29199 0.48872 0.44818 0.09036 0.00224 0.01376 0.32052 0.37008 0.44338 0.78477 0.53153 0.01032 0.74023 0.75892 0.63293 0.75097 0.39713 0.62934 0.9682 0.88028 0.96861 0.99004 0.72803 0.81619 0.71521 0.90723 0.5682 0.28033 0.27722 0.38617 0.3357 0.21744 0.89437 0.27375 0.20598 0.84203 0.84032 0.70137 0.29351 0.57458 0.19758 0.06153 0 0 0 0 0 0 0 0 0.08798 0.08968 0.03627 0.01684 0.07285 0.03306 0.30452 0.13917 0.29738 0
-9999 -9999 -9999 0.01024 0.25194 0.36902 0.93844 0.95941 0.99004 0.59661 0.39553 0.04076 0.20567 0.27967 0.3415 0.14252 0.03182 0.02865 0.06841 0 0.13653 0.36657 0.79722 0.55892 0.63471 0.64499 0.88114 0.46333 0.41828 0.96515 0.99004 0.83564 0.98612 0.99814 0.54357 0.97196 0.88085 0.64049 0.06866 0.0402 0.09866 0.2747 0.09388 0.27063 0.84094 0.2014 0.09359 0.43564 0.59504 0.01769 0.03339 0.28431 0.07543 0.12062 0 0 0 0 0 0 0.01993 0.05979 0.11907 0.00221 0 0.01993 0.13539 0.24253 0.47377 0.17216 0.32576 0.37238
-9999 -9999 -9999 0.00101 0.55253 0.73263 0.95915 0.85307 0.70218 0.1326 0.20809 0 0.2398 0.04801 0.14028 0.13492 0.05464 0.05979 0.01228 0.11571 0.18556 0.3863 0.72781 0.95184 0.57531 0.88096 0.9141 0.96716 0.61696 1 0.97175 0.7882 0.92003 0.84706 0.39727 0.95936 1 0.71734 0.45045 0.31893 0.73574 0.44423 0.46626 0.2598 0.67258 0.40189 0.03303 0.07987 0.46387 0.22587 0.16425 0.12783 0.2155 0.13482 0.00469 0 0.06702 0 0 0 0 0 0 0 0 0.20014 0.68919 0.59352 0.30254 0.43409 0.36284 0.30407
-9999 -9999 -9999 0.0199 0.73179 0.46587 0.87361 0.9592 0.80241 0.37182 0.34472 0.33806 0.24205 0.3161 0.11322 0.02989 0 0.02752 0.2534 0.67219 0.47626 0.5175 0.84584 0.68889 0.83839 0.88031 0.41589 0.94494 0.86049 0.9472 0.98133 0.99874 0.9623 0.4879 0.62888 1 0.87287 0.71646 0.72054 0.46005 0.80856 0.55585 0.61185 0.4913 0.73337 0.82994 0.16989 0.17338 0.24801 0.81692 0.40311 0.63224 0.43324 0.14815 0 0 0.03918 0.00341 0 0 0 0 0.12185 0.11839 0.03986 0.38003 0.63821 0.65828 0.34808 0.71661 0.71294 0.54213
-9999 -9999 -9999 0.37508 0.93781 0.60846 0.83199 0.3687 0.82014 0.28541 0.7483 0.95701 0.76582 0.32653 0.6074 0.46583 0.01115 0.65075 0.85995 0.80913 0.74538 0.90488 0.79577 0.89765 0.97159 0.71719 0.97755 0.94021 0.75883 0.59772 0.99857 0.9519 0.41074 0.61955 0.6901 0.86276 0.789 0.74839 0.81436 0.33665 0.86774 0.69554 0.45035 0.85172 0.9371 0.47958 0.52932 0.64559 0.15596 0.89319 0.61714 0.60259 0.53914 0.35845 0.02989 0.04982 0.1031 0.03986 0 0 0 0 0.29775 0.32423 0.38886 0.68783 0.39476 0.37086 0.21887 0.49378 0.574 0.3416
-9999 -9999 0.06433 0.75119 0.97066 0.79332 0.91897 0.73835 0.3488 0.89814 0.99272 0.9226 0.88688 0.49568 0.55829 0.34998 0 0.71632 0.6071 0.76998 0.47205 0.70884 0.66482 0.97672 0.61557 0.9783 0.95018 1 0.88521 0.43362 0.94658 0.98848 0.98226 0.90428 0.82396 0.71753 0.39161 0.86615 0.6945 0.07188 0.33878 0.77655 0.2091 0.54076 0.40739 0.00074 0.38102 0.19619 0.00586 0.24417 0.28975 0.34696 0.20003 0.02222 0.06975 0.19844 0.17499 0.19162 0.12484 0.02917 0.02989 0 0.34762 0.46342 0.25858 0.46644 0.05764 0.49989 0.54503 0.42905 0.45426 0.40704
-9999 -9999 0.01155 0.65875 0.99945 0.39809 0.89768 0.7781 0.49073 0.80611 0.79116 0.49913 0.81055 0.8391 0.74117 0.71856 0.21634 0.46307 0.59308 0.64959 0.72352 0.94675 0.52121 0.85068 0.78094 0.81532 0.90348 0.98487 0.96471 0.85347 0.96007 0.99004 0.92895 0.90818 0.87319 0.66293 0.60945 0.12797 0.2785 0.19678 0.51394 0.86449 0.32168 0.28104 0.21985 0.5676 0.14802 0.07197 0.01394 0.31551 0.52689 0.16153 0 0.01993 0.00996 0.32323 0.17996 0.04288 0.16953 0.01993 0.20428 0 0.41488 0.47283 0.20582 0.28678 0.15758 0.31543 0.50736 0.27698 0.29839 0.21085
-9999 -9999 -9999 0.50304 0.9299 0.55292 0.69243 0.52809 0.83274 0.53647 0.61893 0.23726 0.57318 0.61029 0.85304 0.64726 0.66176 0.41788 0.74685 0.42266 0.89979 0.97488 0.99004 0.6296 0.89717 0.74352 0.86584 0.97947 0.63822 0.31539 0.80004 0.55169 0.83163 0.95217 0.93939 0.80766 0.67717 0.48573 0.95514 0.49728 0.8523 0.76073 0.78404 0.34551 0.66523 0.742 0.1715 0.43291 0.07651 0.15087 0.51767 0.39165 0.02691 0.05645 0.25722 0.27973 0.15312 0 0 0 0.13453 0.01343 0.49312 0.3044 0.31414 0.36059 0.52026 0.26092 0 0 0.21303 0.12776
