EnvRasters/BAU_High/tal.asc
ncols         270
nrows         223
xllcorner     24099.479091542
yllcorner     21023.840179216
cellsize      1003.8986847201
NODATA_value  -9999
[rows 64 to 95 of 223, columns 144 to 215 of 270]
0.6629 0.47438 0.48083 0.34557 0.30405 0.40205 0.26212 0.29041 0.32411 0.37697 0.1819 0.35806 0.32847 0.24492 0.51544 0.48909 0.0854 0.03735 0.49343 0.15466 0.40353 0.62528 0.76473 0.82727 0.78981 0.68958 0.93441 0.80057 0.47123 0.38709 0.34226 0.80405 0.72078 0.56161 0.67597 0.37099 0.68553 0.19671 0.66412 0.81323 0.44954 0.47485 0.59198 0.61848 0.69006 0.60573 0.51867 0.05349 0 0 0 0 0.15902 0.15618 0.20081 0.09523 0.02475 0.17292 0.07366 0 0 0 0.0173 0.01714 0.08614 0.15016 0.11554 0.12847 0.05857 0 0 0
0.51056 0.84033 0.57176 0.26694 0.01157 0.15436 0.23627 0.11633 0.25839 0.34903 0.24988 0.38523 0.54044 0.79265 0.62893 0.25363 0.05328 0.28469 0.70639 0.53328 0.54002 0.84824 0.81137 0.48192 0.60685 0.56979 0.76204 0.75123 0.81613 0.568 0.62208 0.70512 0.81984 0.80984 0.72891 0.70009 0.61962 0.62284 0.67865 0.7215 0.61087 0.60389 0.37967 0.21999 0.38056 0.7981 0.27427 0.34853 0 0 0.0349 0.35909 0.33376 0.41821 0.3053 0.01292 0.17399 0.07594 0.01993 0.14699 0 0 0 0.07142 0.06985 0.26911 0.23188 0.25509 0.18192 0 0 0
0.37858 0.62794 0.47649 0.20779 0.48213 0.26627 0.13015 0.06333 0.13024 0.21914 0.42297 0.8192 0.75501 0.63285 0.59237 0.20082 0.26837 0.66505 0.74768 0.58765 0.61347 0.73991 0.6827 0.74454 0.61315 0.31873 0.31669 0.58643 0.56358 0.7037 0.67293 0.79187 0.79575 0.87691 0.8258 0.41919 0.8943 0.76318 0.60381 0.62045 0.83861 0.835 0.4677 0.13121 0.53839 0.65846 0.62961 0.6705 0.06293 0.03195 0.22535 0.53152 0.61923 0.3485 0.15375 0.13645 0.42727 0.6268 0.07637 0.14783 0.20023 0 0.14873 0.05121 0.09331 0.28805 0.13363 0.13355 0.2127 0.01084 0 0.19097
0.62545 0.67212 0.01009 0.27418 0.4041 0.05979 0 0.03248 0.43021 0.05901 0.33346 0.85897 0.69983 0.6189 0.60385 0.45776 0.18348 0.23868 0.69808 0.7753 0.86591 0.63491 0.62761 0.83177 0.43339 0.41141 0.66218 0.82363 0.89102 0.53824 0.29986 0.60616 0.67205 0.554 0.58687 0.43094 0.59816 0.70097 0.50347 0.32884 0.77654 0.64697 0.63445 0.66637 0.58283 0.47095 0.41771 0.12288 0.28928 0.44175 0.06053 0.63778 0.82958 0.60335 0.16614 0.10061 0.45043 0.27403 0.04596 0.04782 0.45452 0.17777 0.10924 0.15094 0.16895 0.39327 0.14996 0.01153 0.08598 0.05994 0.10755 0.142
0.10133 0.54412 0.39561 0.1655 0.12559 0 0.01513 0.16366 0.10056 0.22505 0.23887 0.77852 0.58733 0.15271 0.37926 0.53286 0.66744 0.70615 0.57584 0.84579 0.56444 0.79391 0.86985 0.63388 0.56111 0.63524 0.52518 0.69027 0.69406 0.6879 0.7096 0.80253 0.65331 0.42371 0.56138 0.77192 0.56644 0.77038 0.68753 0.58338 0.4153 0.48706 0.71641 0.88061 0.42281 0.27696 0.43419 0.14316 0.40112 0.57276 0.31854 0.52825 0.60364 0.60448 0.74163 0.57598 0.50388 0.70686 0.22392 0.35119 0.35392 0.26777 0.08051 0.2202 0.51833 0.18897 0.20253 0.06972 0.09492 0.04357 0.01325 0
0.24514 0.4893 0.26799 0.29181 0 0 0.00227 0.0672 0.23215 0.13353 0.37352 0.67787 0.72241 0.54969 0.35688 0.55003 0.62464 0.65006 0.70721 0.61724 0.57732 0.65235 0.56804 0.627 0.85915 0.56855 0.46488 0.68926 0.71248 0.7685 0.89344 0.80995 0.76827 0.53281 0.70639 0.91027 0.75925 0.3104 0.54698 0.5903 0.78646 0.60376 0.6752 0.66133 0.67591 0.67357 0.21707 0.3284 0.45458 0.39892 0.2724 0.57146 0.5184 0.30198 0.62341 0.4082 0.59713 0.91423 0.66732 0.42883 0.40249 0.21136 0.12873 0.22725 0.54262 0.09383 0.21201 0.41027 0.0599 0.42229 0.25587 0.14374
0.38127 0.84344 0.20049 0.01207 0 0 0 0.01993 0.3184 0.43343 0.51819 0.79776 0.76072 0.49277 0.20679 0.36857 0.33636 0.45818 0.4674 0.71871 0.51119 0.53869 0.69573 0.73402 0.75738 0.49179 0.5638 0.58361 0.49126 0.34798 0.64587 0.67762 0.60617 0.53305 0.63002 0.80801 0.76748 0.78201 0.23385 0.61744 0.62654 0.59411 0.34903 0.5821 0.36643 0.61025 0.38513 0.09482 0.34755 0.56135 0.61074 0.38872 0.57858 0.34905 0.46639 0.53322 0.12951 0.76105 0.74646 0.48161 0.71409 0.07507 0.32166 0.60417 0.38804 0.37256 0.24073 0.6365 0.66859 0.55922 0.37721 0.31377
0.43449 0.63526 0.05738 0.10961 0 0.02412 0.01911 0.20734 0.25392 0.45374 0.44113 0.2335 0.5522 0.6845 0.59809 0.47534 0.39963 0.57754 0.75385 0.77848 0.70252 0.76757 0.37732 0.57266 0.46144 0.67153 0.7386 0.6817 0.62902 0.77135 0.39669 0.67522 0.51168 0.75853 0.51163 0.56843 0.88072 0.78715 0.67047 0.35727 0.495 0.61766 0.68655 0.58365 0.40095 0.48605 0.67604 0.37062 0.44159 0.48427 0.66748 0.79092 0.34916 0.78103 0.55152 0.21224 0.70059 0.69416 0.85435 0.28702 0.51129 0.07099 0.16895 0.57616 0.42638 0.76445 0.43176 0.96355 0.98353 0.33209 0.35988 0.07468
0.22851 0.21499 0.18742 0.05434 0 0.0486 0.35686 0.16516 0.04598 0.26597 0.57778 0.43666 0.77852 0.50868 0.82218 0.57315 0.48814 0.82252 0.77303 0.87845 0.4682 0.71826 0.56673 0.85606 0.70669 0.63694 0.56184 0.62097 0.87556 0.76512 0.75692 0.4344 0.65745 0.45352 0.44471 0.65288 0.64724 0.24593 0.49781 0.14439 0.47124 0.31273 0.67696 0.48388 0.46411 0.46525 0.55123 0.58688 0.39683 0.39747 0.54289 0.66843 0.38288 0.47228 0.92381 0.53418 0.71126 0.54636 0.59765 0.43581 0.10646 0.18076 0.56881 0.60245 0.66028 0.76932 0.69273 0.9578 0.81328 0.56185 0.23982 -9999
0.76024 0.3261 0.01277 0 0.32919 0.24607 0.14595 0.66949 0.41411 0.47788 0.1743 0.41091 0.87765 0.49066 0.46085 0.69365 0.57132 0.58925 0.72793 0.70238 0.77573 0.65461 0.50527 0.77291 0.59601 0.49847 0.61568 0.66357 0.79586 0.56031 0.63826 0.65287 0.60886 0.72299 0.80438 0.70233 0.39488 0.74029 0.84979 0.78712 0.60411 0.48896 0.52057 0.82834 0.71682 0.91952 0.81481 0.59851 0.32412 0.18726 0.27684 0.62073 0.49966 0.46151 0.79105 0.39698 0.81562 0.81225 0.65973 0.02989 0.06995 0.63072 0.67999 0.5176 0.69791 0.7409 0.62217 0.99624 0.56969 0.6918 0.37739 -9999
0.53344 0.28703 0.04002 0 0.01309 0.41671 0.33499 0.60174 0.40194 0.72722 0.72531 0.40969 0.63484 0.34015 0.20798 0.27244 0.41224 0.73452 0.83082 0.48401 0.62039 0.49014 0.50483 0.86292 0.74766 0.65032 0.76712 0.53527 0.47362 0.29882 0.62084 0.86544 0.83634 0.67494 0.32354 0.43938 0.22063 0.52779 0.58046 0.62437 0.63335 0.37494 0.74342 0.60738 0.50271 0.65017 0.64387 0.63102 0.35856 0.05585 0.45555 0.70959 0.61171 0.46321 0.71404 0.49205 0.69801 0.57471 0.49768 0.47843 0.4251 0.568 0.52113 0.90669 0.30464 0.92909 0.79521 0.87427 0.92766 0.4091 0.42188 0.05279
0.51403 0.14868 0.05751 0 0.03164 0.42565 0.28562 0.69311 0.33532 0.70494 0.63711 0.59269 0.85073 0.51121 0.18288 0.35249 0.36761 0.69717 0.86984 0.53391 0.48262 0.76047 0.80551 0.89269 0.7031 0.51006 0.85806 0.43342 0.48985 0.42414 0.85651 0.81598 0.47339 0.30087 0.43943 0.5123 0.49803 0.5213 0.52473 0.42714 0.22839 0.67117 0.50047 0.25566 0.46216 0.56403 0.74203 0.93065 0.38845 0.49588 0.47508 0.74801 0.61124 0.70745 0.68223 0.63176 0.69323 0.51002 0.5876 0.52219 0.40851 0.26196 0.63919 0.67173 0.39391 0.86325 0.59196 0.45185 0.82306 0.7462 0.46752 0.25081
0.26007 0.06388 0.09996 0.14082 0.36476 0.23696 0.15112 0.64571 0.51404 0.64938 0.78575 0.85436 0.46685 0.43911 0.71174 0.98007 0.74264 0.50677 0.72614 0.97097 0.4371 0.63407 0.63969 0.83144 0.65748 0.52551 0.95321 0.83242 0.74292 0.75597 0.7596 0.82906 0.71143 0.58273 0.62462 0.64647 0.97919 0.44835 0 0.12277 0.10488 0.61723 0.6468 0.3972 0.71629 0.77978 0.69304 0.81494 0.64612 0.8775 0.74242 0.6842 0.80648 0.66168 0.79159 0.63426 0.61001 0.57921 0.57705 0.82971 0.8515 0.52545 0.41723 0.7612 0.97655 0.9987 0.93648 0.9007 0.95685 0.7162 0.86387 0.42127
0.3877 0.10061 0.38057 0.23974 0.1345 0.52211 0.11759 0.1067 0.64886 0.67407 0.69272 0.69737 0.5766 0.97293 0.64159 0.76961 0.88883 0.34634 0.56993 0.47745 0.24444 0.06579 0.16959 0.89626 0.71703 0.77858 0.62573 0.49134 0.73265 0.8737 0.97753 0.75124 0.68857 0.45471 0.78704 0.35398 0.57925 0.3699 0 0 0.08204 0.38356 0.46809 0.79594 0.81676 0.57567 0.52971 0.5567 0.81676 0.55874 0.63408 0.45698 0.74896 0.8142 0.65717 0.75312 0.81726 0.71364 0.54282 0.71843 0.55757 0.62194 0.86564 0.42976 0.93292 0.78083 0.63176 0.4116 0.51489 0.82282 0.95266 0.9696
0.28799 0.08191 0.01024 0 0 0.01549 0 0.11843 0.88877 0.85112 0.60028 0.62927 0.98007 0.94263 0.53082 0.84198 0.80122 0.84279 0.88401 0.71464 0.0391 0 0.08226 0.17385 0.65409 0.72431 0.65497 0.75139 0.99333 0.82205 0.52194 0.65557 0.38847 0.17206 0.4514 0.87971 0.62992 0.53434 0.10872 0.17273 0.59123 0.19884 0.67166 0.79033 0.55572 0.43868 0.34757 0.53879 0.69475 0.17985 0.25653 0.72791 0.85127 0.39298 0.63417 0.58554 0.74398 0.73314 0.11169 0.57439 0.56239 0.458 0.79915 0.68676 0.80045 0.77188 0.59083 0.98031 0.66262 0.87759 0.70074 1
0.3125 3e-005 0.01993 0 0 0.02045 0.55779 0.85407 0.89436 0.76166 0.91205 0.81879 0.96351 0.83149 0.78251 0.64736 0.62524 0.77699 0.57616 0.90335 0.33681 0.06202 0.10797 0.40582 0.46676 0.87052 0.80522 0.84127 0.52413 0.59247 0.84719 0.91777 0.7307 0.77327 0.96019 0.87844 0.64428 0.93339 0.45866 0.61636 0.37635 0.47306 0.94826 0.92481 0.97036 0.79528 0.94863 0.67255 0.6761 0.68376 0.43456 0.64629 0.86903 0.7644 0.88134 0.5914 0.75272 0.45239 0.25801 0.72805 0.72652 0.69852 0.71391 0.70027 0.72798 0.86984 0.86892 0.70375 0.47161 0.3318 0.40314 0.86473
0.2494 0.07963 0.12991 0.25855 0.10603 0.26216 0.79843 0.61252 0.8928 0.96818 0.98464 0.97345 0.99004 0.67027 0.35154 0.95085 0.84899 0.97981 0.87829 0.65024 0.69136 0.09292 0.90521 0.67044 0.75731 1 0.88782 0.7892 0.75553 0.6329 0.92549 0.9394 0.95073 0.99092 0.73866 0.46072 0.99053 0.95685 0.45894 0.44801 0.47689 0.76862 0.84888 0.9479 0.75325 0.57025 0.95773 0.81833 0.70017 0.79234 0.7578 0.93325 0.70198 0.57639 0.70757 0.4895 0.79269 0.19539 0.05117 0.07004 0.37502 0.53672 0.08953 0.5398 0.63515 0.59088 0.94258 0.40188 0.87028 0.88018 0.52647 0.05637
0.48805 0.19107 0.64591 0.30298 0.61529 0.12448 0.33669 0.29372 0.60924 0.44818 0.48853 0.79294 0.98715 0.67511 0.603 0.91771 0.76262 0.78571 0.38239 0.54378 0.73429 0.86397 0.7099 0.89078 0.87038 0.75553 0.64176 0.97888 0.99773 0.95434 0.94633 0.55738 0.99959 0.96993 0.5072 0.55528 0.97011 0.84907 0.28099 0.69218 0.3987 0.89852 0.80712 0.67835 0.72872 0.63705 0.7359 0.88392 0.73996 0.51558 0.77496 0.67283 0.99409 0.94332 0.55781 0.74748 0.5942 0.08583 0 0.1945 0.50092 0.27339 0.36895 0.9672 0.85965 0.91215 0.98007 0.84013 0.91615 0.97011 0.78429 0.57995
0.39855 0.05354 0.81026 0.8701 0.9001 0.55571 0.6973 0.42456 0.75486 0.86528 0.75021 0.78241 0.98461 0.57643 0.79578 0.88974 0.66536 0.56292 0.14318 0.55807 0.68415 0.77487 0.4052 0.81008 0.79949 0.63484 0.82716 0.60757 0.53877 0.94307 0.89021 0.79733 0.66021 0.98007 0.85967 0.67316 0.96106 0.95139 0.51202 0.96765 0.89886 0.99891 0.96695 0.48385 0.30839 0.4246 0.7836 0.79504 0.70019 0.81305 0.45763 0.68134 0.93417 0.99214 0.66865 0.98623 0.48968 0.30606 0.18662 0.22442 0.7378 0.58851 0.31009 0.70216 0.8901 0.87725 0.98023 0.95918 0.94703 0.55734 0.35664 0.69584
0.43714 0.06187 0.41903 0.75044 0.54471 0.71551 0.97193 0.70128 0.75597 0.48654 0.34702 0.65128 0.72123 0.93599 0.91524 0.93528 0.99004 0.53516 0.40719 0.86041 0.77301 0.84841 0.80814 0.9378 0.66381 0.27436 0.90517 0.9489 0.60816 0.85524 0.87902 0.28033 0.46268 0.99004 0.99004 0.86941 0.98007 0.99191 0.75887 0.9655 0.58497 0.80651 0.96147 0.62863 0.44689 0.76315 0.64782 0.55761 0.69424 0.59479 0.89494 0.71855 0.49316 0.90415 0.91162 0.99649 0.53102 0.89039 0.9247 0.80686 0.79677 0.67702 0.73404 0.62243 0.81039 0.74133 0.72767 0.38432 0.16047 0.61734 0.89422 0.40202
0.39195 0.30803 0.22175 0.52029 0.75741 0.44946 0.89338 0.98072 0.54827 0.41283 0.47118 0.98133 0.85589 0.99459 0.99004 0.91594 0.66791 0.59117 0.97938 0.97011 0.99532 0.99004 0.68722 0.98202 0.48241 0.81696 1 0.90035 0.87314 0.6338 0.14691 0 0.55976 0.99004 0.76684 0.42066 0.89663 0.89061 0.62491 0.99948 0.72051 0.82689 0.94016 0.87948 0.4973 0.81931 0.36501 0.54752 0.98007 0.85842 1 0.97298 0.96014 0.99004 0.97589 0.94492 0.69741 0.54309 0.88639 0.8865 0.22097 0.95771 0.95672 0.47003 0.16992 0.47883 0.44827 0.54278 0.55355 0.85242 0.91102 0.09679
0.43519 0.61571 0.27879 0.30604 0.50032 0.80777 0.26677 0.80828 0.79566 0.48325 0.93215 0.7894 0.60447 0.72834 0.78837 0.58233 0.63599 0.73239 0.88953 0.97509 0.93278 0.87826 0.88743 0.57983 0.22704 0.96946 1 0.78296 0.87112 0.98009 0.69272 0.24411 0.83041 0.91893 0.66198 0.37045 0.89969 0.99004 0.49917 0.95294 0.78469 0.94913 0.78053 0.7011 0.41195 0.80918 0.70609 0.80442 0.84137 0.92474 0.96731 0.9432 0.93176 0.88999 0.65636 0.63613 0.92516 0.89838 0.9925 0.83439 0.78769 0.97568 0.98362 0.84822 0.82431 0.95526 0.70658 0.9952 0.36235 0.54857 0.71845 0.48821
0.34631 0.28449 0.25363 0.23787 0.15797 0.50863 0.39548 0.60004 0.54623 0.54834 0.90232 0.83882 0.74882 0.77293 0.86284 0.86018 0.89378 0.6433 0.63878 0.96512 0.88953 0.75792 0.61632 0.41814 0.69968 0.41729 0.77292 0.71162 0.77733 0.96012 0.81815 0.69438 0.83819 0.90912 0.69483 0.79227 0.90302 0.94007 0.84719 0.92991 0.36974 0.90594 0.88133 0.4449 0.77815 0.95432 0.79863 0.97605 0.855 0.88036 0.47168 0.61537 0.56168 0.81662 0.76978 0.86524 0.99004 0.99507 0.96534 0.99449 0.87852 0.6428 0.74633 0.69008 0.85702 0.49466 0.69377 0.8617 0.89624 0.69264 0.14866 0.49079
0.04717 0.59469 0.31258 0.11343 0.38909 0.40251 0.68143 0.65556 0.61517 0.61585 0.85901 0.93793 0.98526 0.52777 0.73189 0.5754 0.2305 0.43171 0.97275 0.64324 0.51028 0.86692 0.87525 0.40505 0.9012 0.84892 0.51163 0.92877 0.92983 0.97844 0.38506 0.81816 0.62518 0.86984 0.69082 0.54977 0.89408 0.99017 0.90334 0.87397 0.54182 0.91418 0.76843 0.56416 0.92108 0.94057 0.99004 0.95899 0.93401 0.73537 0.10451 0.69015 0.92922 0.78325 0.94141 0.90725 0.93878 1 0.73446 0.91829 0.90295 0.74664 0.37561 0.92843 0.88541 0.57073 0.2997 1 0.89612 0.28482 0.43524 0.96344
0.15576 0.7448 0.05682 0.22135 0.14048 0.39898 0.48009 0.78066 0.87226 0.95018 0.79253 0.93397 0.96332 0.74834 0.71759 0.69281 0.36919 0.38379 0.72532 0.97406 0.86587 0.90483 0.92992 0.83046 0.97383 0.6117 0.69021 0.46825 0.5981 0.83009 0.7157 0.70788 0.69761 0.77211 0.85541 0.66255 0.7871 0.96689 0.61665 0.81738 0.69569 0.91566 0.72561 0.89874 0.77301 0.60855 0.7382 0.7981 0.53557 0.72217 0.69426 0.99739 0.85668 0.42517 0.89259 0.97224 0.9994 1 0.43004 0.89653 0.99394 0.98425 0.71866 0.4351 0.80376 0.86553 0.52032 0.86757 0.35633 0.07883 0.32778 0.38113
0.18061 0.5133 0.23653 0.56212 0.18535 0.35601 0.80686 0.68517 0.95503 0.98007 0.59226 0.86394 0.99682 0.81972 0.59148 0.64761 0.77766 0.61328 0.80113 0.98656 0.89999 0.71684 0.68434 0.94813 0.94729 0.41059 0.89663 0.6625 0.62702 0.93987 0.91635 0.79788 0.81139 0.84058 0.85916 0.96536 0.76441 0.89818 0.46792 0.43462 0.33145 0.50602 0.54674 0.38278 0.4276 0.57321 0.56463 0.80447 0.8345 0.88871 0.94904 1 0.83629 0.59133 0.55615 0.78459 0.55812 0.55127 0.8295 0.57651 0.58855 0.98843 0.73862 0.72836 0.84363 0.75451 0.6653 0.85252 0.94212 0.11932 0.55202 0
0.15309 0.15202 0.17184 0.79731 0.27605 0.13052 0.53265 0.36411 0.99471 0.89924 0.91179 0.74776 0.37025 0.37241 0.69034 0.70194 0.86629 0.96693 0.73267 0.90146 0.70796 0.64191 0.82749 0.92851 0.71495 0.51126 0.93049 0.97226 0.60109 0.8673 0.78501 0.52459 0.78875 0.84533 0.52738 0.83785 0.86305 0.59396 0.66422 0.65855 0.30171 0.41924 0.58766 0.02429 0.03627 0.60995 0.90536 0.47486 0.98285 0.52712 0.55672 0.86205 0.83668 0.62425 0.34313 0.93598 0.66498 0.8135 0.98492 0.84221 0.8164 1 0.82602 0.77525 0.90699 0.26059 0.25238 0.27022 0.29059 0.0316 0.31319 0.02989
0.11596 0.6024 0.44342 0.44421 0.03439 0.42663 0.6633 0.80879 0.932 0.84068 0.73624 0.52398 0.45345 0.89848 0.71429 0.70706 0.72015 0.71997 0.53033 0.86405 0.47832 0.90453 0.89756 0.85856 0.54822 0.64709 0.84853 0.58161 0.71495 0.80791 0.79862 0.60114 0.82299 0.94173 0.66072 0.97934 0.96937 0.7309 0.90776 0.78687 0.96292 0.96248 0.45904 0.1089 0.51895 0.55372 0.66198 0.63335 0.84512 0.52405 0.98642 0.69177 0.75071 0.82886 0.79908 0.85903 0.92979 0.69409 0.73204 0.96974 0.87243 0.95095 0.42884 0.52524 0.3552 0.56944 0.24821 0.22724 0.18859 0.62534 0.06683 0.00095
0.60634 0.42965 0.90606 0.52204 0.01967 0.28612 0.38864 0.96233 0.74888 0.61349 0.98929 0.33553 0.68401 0.98299 0.29224 0.70071 0.91553 0.9914 0.94021 0.97011 0.87642 0.65737 0.22581 0.67203 0.79111 0.93562 0.79578 0.71894 0.91326 0.9695 0.81642 0.53637 0.89983 0.7649 0.72596 0.97413 0.94011 0.74319 0.909 0.8856 0.71804 0.56693 0.74471 0.90646 1 0.96229 0.96373 0.95486 0.35563 0.52991 1 0.84211 0.525 0.89534 0.96625 0.93 0.68342 0.58359 0.25948 0.53083 0.25483 0.2288 0.12373 0.30359 0.01556 0.22846 0.16254 0.15401 0.14197 0.02899 0.02006 0.01472
0.73633 0.66044 0.92457 0.34695 0.23089 0.4309 0.50526 0.92827 0.92261 0.98573 0.90703 0.7779 0.92613 0.86117 0.65349 0.85487 0.65518 0.9286 0.74782 0.7525 0.94944 0.94498 0.92763 0.98007 0.50331 0.92212 1 0.83907 0.62015 0.70882 0.53469 0.00165 0.65692 0.89019 0.92313 0.97432 0.59049 0.55515 0.58172 0.66418 0.28385 0.71867 0.89655 0.90258 0.79461 0.79563 0.64648 0.97227 0.95528 0.99514 0.95018 0.77228 0.95676 0.90415 0.78452 0.96989 0.88826 0.84781 0.08974 0.2457 0.14135 0.0739 0.0009 0.099 0.02492 0.0923 0.00996 0.01993 0 0 0 0
0.31426 0.79367 0.57614 0.76343 0.92199 0.70507 0.9286 0.9156 0.98007 1 0.87711 0.58769 0.83248 0.57531 0.98339 0.97637 0.78464 0.91975 0.99088 0.67084 0.46306 0.53743 1 0.99004 0.96801 0.98007 1 0.98321 0.79722 0.49507 0.62973 0.64164 0.54533 0.87736 0.5638 0.88087 0.44591 0.58862 0.47165 0.83296 0.75337 0.97349 0.55891 0.75934 0.69065 0.89861 0.88201 0.60365 0.7017 1 0.92261 0.87655 0.75308 0.69836 0.66488 0.76965 0.47807 0.67611 0.27577 0.58234 0.12407 0.05254 0.00381 0.01228 0.1789 0 0.01368 0.02618 0 0 0 0
0.78701 0.96948 0.83495 0.90803 0.87285 0.89587 0.86179 1 0.98544 0.87702 0.27428 0.70933 0.80507 0.75263 0.93205 0.74556 0.45095 0.9361 0.71518 0.80136 0.73027 0.74924 1 0.9805 0.58894 0.77017 0.90248 1 0.98413 0.98448 0.8579 0.95018 0.6145 0.94354 0.55393 0.59527 0.98609 0.97537 0.95123 0.62259 0.89872 0.95767 0.78549 0.60381 0.69667 0.95244 1 0.91018 0.57928 0.99845 0.7389 0.73034 0.95199 0.77973 0.75392 0.68491 0.36206 0.21836 0.17291 0.12315 0.08779 0.02718 0.01993 0 0 0 0 0 0 0 0 0.29524
