EnvRasters/BAU_High/tal.asc
ncols         270
nrows         223
xllcorner     24099.479091542
yllcorner     21023.840179216
cellsize      1003.8986847201
NODATA_value  -9999
[rows 32 to 63 of 223, columns 144 to 215 of 270]
0.19372 0.52299 0.09851 0.51104 0.31426 0.45395 0.14744 0.23988 0.39367 0.63439 0.71359 0.44001 0.53882 0.19968 0.47362 0.57766 0.70491 0.11611 0.08968 0 0.08543 0.63579 0.87913 0.46829 0.47111 0.23969 0.74338 0.79062 0.73082 0.66124 0.24085 0 0.00088 0.01863 0.06892 0.54093 0.18871 0 0.00491 0 0.07375 0.12945 0.05979 0.00624 0 0 0 0.08617 0.52467 0.25999 0.46083 0.16333 0.00864 0.20225 0.33655 0.06393 0.00443 0.586 0.64785 0.42397 0.59056 0.15139 0.35528 0.34089 0.72781 0.53379 0.23365 0.00238 -9999 -9999 -9999 -9999
0.30864 0.02752 0.36492 0.36088 0.3269 0.37077 0.49855 0.63832 0.15956 0.22416 0.2658 0.33453 0.44958 0.67954 0.83621 0.61263 0.28333 0.05166 0 0.35196 0.59481 0.84802 0.91053 0.65399 0.55594 0.57886 0.70007 0.7211 0.52073 0.17176 0.24575 0.36481 0.4421 0.25603 0.23825 0.30119 0.12837 0 0.22677 0.07374 0.34526 0.2304 0.26959 0.05285 0 0 0.04244 0.18002 0.20933 0.02218 0.01308 0.15765 0.41505 0.52707 0.11276 0.06749 0.39425 0.77675 0.35407 0.42638 0.52768 0.06723 0.18207 0.0272 0.32453 0.71029 0.76003 0.54398 0.09995 0.00936 -9999 -9999
0.26073 0.40181 0.51706 0.51821 0.76976 0.04165 0.23111 0.06595 0.00451 0 0.19972 0.74274 0.76105 0.59269 0.30138 0.00501 0.01673 0.10569 0.07971 0.33059 0.90132 0.57775 0.79893 0.5915 0.23328 0.75911 0.73227 0.64996 0.13621 0.51622 0.25608 0.31981 0.21642 0.00481 0.00996 0.02153 0.00369 0.21577 0.2141 0.2849 0.05951 0 0 0 0.00586 0.18414 0.31319 0.02989 0.00128 0.01885 0.09919 0.43387 0.72825 0.45056 0.472 0.38495 0.34485 0.63331 0.2412 0.20053 0.38261 0.06388 0.13 0.15203 0.42494 0.68795 0.92017 0.91816 0.87146 0.73486 0.60646 0.02162
0.18221 0.44325 0.48694 0.26115 0.19262 0.03371 0 0.1533 0.53381 0.37176 0.61576 0.59225 0.05702 0.01583 0.03494 0.23338 0.07958 0.25452 0.68945 0.6683 0.53408 0.47332 0.7289 0.55819 0.72339 0.76097 0.7671 0.3178 0.06137 0.4632 0.49094 0.30268 0.02585 0.00213 0 0.02868 0.00122 0.02351 0 0.01736 0 0 0.01993 0.13194 0.54718 0 0 0.01163 0.14048 0.02417 0.41379 0.43563 0.1667 0.10355 0.39247 0.28368 0.77419 0.66612 0.43066 0.3759 0.42705 0.02396 0.51193 0.64006 0.43753 0.56185 0.79184 0.82003 0.89718 0.78544 0.79317 0.11082
0.35996 0.50691 0.62854 0.36022 0.11402 0.29662 0.44946 0.12841 0.34567 0.43182 0.32973 0.1918 0.26909 0.02989 0.12528 0.40122 0.41239 0.19152 0.10807 0.35696 0.46326 0.61542 0.65186 0.57855 0.23254 0.67647 0.65823 0.2808 0.76413 0.67523 0.36728 0.15092 0 0 0.19555 0.2763 0.13302 0.28227 0.31991 0.37704 0.26996 0.06906 0 0.09948 0.34524 0.41361 0.37636 0.61938 0.26212 0.00699 0.25781 0.17314 0.25699 0.36486 0.49827 0.61711 0.73568 0.30534 0.56418 0.52424 0.69704 0.21759 0.69102 0.54445 0.77385 0.56444 0.47842 0.64001 0.76823 0.75079 0.49836 0.16219
0.2602 0.59234 0.74302 0.778 0.71263 0.15015 0.00965 0 0.02989 0 0.00512 0.02383 0.0183 0.03759 0.03416 0.09164 0.47044 0.32647 0.08839 0.64067 0.69259 0.71439 0.67291 0.31795 0.02448 0.4529 0.56255 0.72196 0.58745 0.30338 0.37568 0.13495 0.14283 0.04129 0.01265 0.17104 0.05979 0.00206 0.18317 0.18437 0.07601 0.12318 0.15216 0.40088 0.37726 0.34221 0.09245 0.00798 0 0 0 0.03477 0.23891 0.36478 0.6351 0.57367 0.46311 0.23667 0.02789 0.39655 0.64132 0.3582 0.76698 0.20615 0.61222 0.09816 0.22953 0.6325 0.75709 0.83942 0.5495 0.57276
0.12773 0.23364 0.22458 0.12518 0.07042 0.07879 0.15655 0.24428 0.11991 0.1795 0.16941 0.13141 0.06187 0.00291 0.03017 0.49615 0.59098 0.34991 0.06364 0.42931 0.59849 0.36063 0.54254 0.12001 0.02521 0.1349 0.218 0.27192 0.26249 0.40692 0.26204 0.3325 0.60943 0.47603 0.53073 0.44328 0.15578 0.15036 0.29331 0.343 0.48349 0.33272 0.62844 0.44642 0.22647 0.19073 0.02135 0.01235 0.05407 0 0.04401 0.10306 0.4459 0.17124 0.6546 0.45605 0.5812 0.07963 0.43958 0.70323 0.79331 0.45574 0.54261 0.42603 0.711 0.70193 0.63496 0.73975 0.70954 0.93904 0.87296 0.8706
0.03606 0.04151 0 0.27315 0.70118 0.79847 0.49299 0.72171 0.60065 0.79549 0.55329 0.08177 0.06972 0.53459 0.33976 0.35495 0.31944 0.34894 0.06376 0.5452 0.88617 0.77652 0.68042 0.45299 0.0241 0.01987 0.40503 0.69015 0.38793 0.57786 0.31963 0.54898 0.43795 0.48166 0.75141 0.45381 0.08995 0.37382 0.3852 0.47545 0.65135 0.73165 0.84026 0.52716 0.62611 0.34571 0.09337 0.08476 0.08167 0.17832 0.04577 0.0492 0.06798 0.1839 0.4635 0.33292 0.65968 0.20947 0.7866 0.85063 0.46201 0.21715 0.41971 0.39414 0.37997 0.65514 0.80317 0.08146 0.65909 0.7114 0.87838 0.98002
0.23444 0.53885 0.37322 0.24931 0.79089 0.60398 0.62167 0.9301 0.60495 0.73423 0.5241 0.43854 0.69 0.74653 0.49784 0.27673 0.02643 0.01921 0.06771 0.13922 0.47335 0.79033 0.63303 0.59239 0.51077 0.38745 0.39739 0.4214 0.24396 0.54443 0.66354 0.56192 0.36364 0.11116 0.19613 0.259 0.51885 0.39319 0.31908 0.7159 0.63102 0.94606 0.85805 0.63476 0.29412 0 0 0 0 0.12468 0.13224 0.59329 0.38841 0.34805 0.55091 0.64798 0.76662 0.60752 0.57669 0.63883 0.54001 0.33284 0.42398 0.53435 0.43217 0.84671 0.32082 0.00996 0.10021 0.33502 0.90081 0.79842
0.32423 0.61834 0.56388 0.25015 0.71807 0.40766 0.03718 0.23527 0.03794 0.39794 0.75568 0.95294 0.9009 0.47824 0.00625 0.11958 0.0658 0.14662 0.05896 0.10245 0.10556 0.17165 0.63018 0.7294 0.61203 0.31143 0.2529 0.35863 0.31943 0.45267 0.32753 0.44562 0.45871 0.64555 0.40888 0.29439 0.1375 0.56929 0.83847 0.71356 0.66942 0.51639 0.6559 0.26041 0.11123 0 0 0 0 0.02937 0.29134 0.51837 0.53863 0.41688 0.35331 0.47496 0.20146 0.23832 0.42666 0.80363 0.5064 0.65876 0.25701 0.38261 0.52278 0.57573 0.28185 0.20138 0.38131 0.62944 0.90227 0.97769
0.66819 0.53617 0.54034 0.60307 0.42861 0.13986 0.60126 0.56723 0.23939 0.45389 0.82425 0.87862 0.78809 0.44374 0.07678 0.1053 0.31921 0.49966 0.30643 0.53457 0.44918 0.02989 0.21121 0.67742 0.64006 0.24252 0.1043 0.55681 0.63668 0.48076 0.0371 0.01928 0.42835 0.71782 0.7354 0.4633 0.34925 0.48005 0.68343 0.77462 0.42187 0.52841 0.30983 0.01993 0 0 0 0 0 0 0.01993 0.15563 0.41242 0.42619 0.19625 0.67263 0.45454 0.20123 0.34326 0.77284 0.3217 0.43635 0.38243 0.62933 0.80781 0.57339 0.36027 0.731 0.78913 0.79963 0.81128 0.40178
0.47734 0.43819 0.5797 0.50863 0.75839 0.67359 0.54489 0.42151 0.41957 0.87793 0.80631 0.68026 0.52254 0.1026 0.37941 0.65125 0.42528 0.86235 0.17157 0.41443 0.86437 0.4228 0.59807 0.41418 0.32028 0.09845 0.25248 0.46416 0.47743 0.32563 0.59005 0.67887 0.81734 0.78859 0.47601 0.3025 0.49926 0.60341 0.38242 0.55149 0.03589 0.16838 0.142 0 0 0 0 0 0 0.00996 0.00485 0.13435 0.58291 0.74723 0.68511 0.85468 0.80379 0.6731 0.69508 0.82596 0.6371 0.47593 0.53398 0.50524 0.77158 0.90907 0.42405 0.65729 0.66928 0.54457 0.17518 0.50645
0.05135 0.07508 0.34782 0.72805 0.44392 0.64183 0.44387 0.60223 0.44589 0.75794 0.62716 0.50391 0.60694 0.74762 0.84661 0.36281 0.35264 0.85068 0.85224 0.20757 0.53447 0.71169 0.7791 0.80955 0.28818 0.10961 0.00113 0.01993 0.23524 0.54383 0.87977 0.83 0.29199 0.83954 0.55376 0.46897 0.45669 0.22184 0.32767 0.3414 0.0301 0.2305 0.22635 0.01365 0.00628 0 0 0 0 0 0.01508 0.10961 0.10796 0.35966 0.9395 0.91365 0.89328 0.81729 0.92285 0.84104 0.58242 0.48065 0.59134 0.15865 0.32955 0.52943 0.3715 0.43482 0.76117 0.48884 0.28962 0.69086
0.45503 0.71688 0.70351 0.69146 0.36446 0.22877 0.06632 0.49539 0.70701 0.80883 0.26408 0.17329 0.82844 0.78878 0.81692 0.63175 0.34007 0.59249 0.29559 0.19405 0.54135 0.61523 0.66042 0.40236 0.28724 0.0219 0.04113 0.42474 0.42448 0.06646 0.31728 0.61104 0.71014 0.86478 0.72158 0.18542 0.01301 0.00194 0.00803 0.04982 0.14711 0.19164 0.3928 0.24309 0.1162 0.02443 0.01543 0 0 0 0 0.10428 0.22206 0.7623 0.97576 0.7283 0.51559 0.86427 0.94637 0.71339 0.63192 0.17457 0.18341 0.16667 0.33671 0.4935 0.54497 0.63159 0.46484 0.48018 0.32147 0.41482
0.6088 0.76929 0.53261 0.67721 0.65303 0.17817 0.39676 0.52877 0.63297 0.81394 0.63454 0.68182 0.52386 0.45535 0.59037 0.72148 0.31798 0.58082 0.15777 0.04354 0.46226 0.11554 0.10429 0.5611 0.6472 0.40198 0.33201 0.14185 0.34507 0.56769 0.34107 0.25832 0.46708 0.36316 0.34365 0.08276 0.11471 0.38133 0.46059 0.106 0.10621 0.09419 0.41017 0.33363 0.15345 0 0 0.03832 0.05643 0 0 0.09785 0.74443 0.89291 0.82866 0.4225 0.47058 0.85507 0.69098 0.68251 0.62076 0.0746 0.16665 0.52333 0.74157 0.52425 0.16306 0.56894 0.40776 0.50956 0.12214 0.18698
0.57022 0.56624 0.21724 0.38277 0.52348 0.20637 0.06374 0.41672 0.53768 0.50433 0.36046 0.55877 0.25834 0.27963 0.07958 0.69962 0.25415 0.13078 0.14259 0.0267 0.23096 0.36521 0.41965 0.46869 0.7638 0.47037 0.35249 0.20861 0.37769 0.27079 0.19211 0.42882 0.45078 0.18917 0.15596 0.1238 0.00319 0.24325 0.38048 0.14457 0.02989 0.01126 0.21793 0.0641 0.11243 0.07607 0.04992 0.11661 0.12746 0 0 0.01709 0.21495 0.29041 0.85749 0.83249 0.635 0.61355 0.53446 0.95408 0.65021 0.43266 0.50575 0.59329 0.81013 0.61382 0.43253 0.19707 0.44415 0.15738 0.16858 0.39918
0.75766 0.67406 0.26437 0.54403 0.13353 0.01993 0 0.21193 0.36123 0.71292 0.27521 0.12117 0.06991 0.22068 0.27675 0.36606 0.15819 0.13909 0.19735 0.04982 0.21364 0.31161 0.47633 0.34806 0.34705 0.3893 0.40125 0.18968 0.48267 0.42249 0.4377 0.00988 0.30322 0.22198 0.35061 0.3239 0.06975 0.00213 0.22262 0.4994 0.04644 0 0.01993 0.1002 0.19271 0.14772 0.06066 0 0 0 0 0.00469 0.25845 0.47463 0.66761 0.78297 0.77457 0.96524 0.9273 0.94749 0.83136 0.62618 0.56708 0.62301 0.82774 0.66182 0.42681 0.06107 0.10186 0.18299 0.53589 0.09814
0.5953 0.54896 0.61876 0.36267 0.02196 0 0.06907 0.28401 0.43571 0.42423 0.11772 0.1332 0.0818 0.27976 0.16235 0.27652 0.34722 0.29922 0.4626 0.14214 0.1956 0.57805 0.70332 0.37235 0.00415 0.24363 0.35205 0.39408 0.3903 0.52959 0.59144 0.02989 0.00148 0.44188 0.163 0.05421 0 0 0.00063 0.02122 0.00408 0.02826 0.13096 0.51913 0.36109 0.31155 0.11102 0.02989 0.04127 0 0 0.12218 0.05564 0.19157 0.36754 0.81 0.94631 0.95902 0.95127 0.63559 0.67364 0.09448 0.58261 0.45435 0.3582 0.22199 0.09641 0 0.00183 0.05561 0.16418 0.1385
0.38421 0.17058 0 0.28403 0.20364 0.06975 0.22186 0.33809 0.58837 0.4499 0.34018 0.48454 0.49255 0.17397 0.14605 0.07948 0.16451 0.19746 0.09775 0.07477 0.08409 0.45329 0.43165 0.54922 0.29475 0.50703 0.48377 0.59424 0.50179 0.09842 0.17963 0.02992 0.08134 0.5767 0.7042 0.34304 0.00996 0.0267 0.25542 0.15335 0.04382 0.13806 0.34637 0.06888 0.02847 0 0.12431 0.24149 0.09193 0 0 0.04982 0.00781 0.12019 0.52559 0.92445 0.94419 0.67908 0.21481 0.55063 0.70715 0.05717 0.26846 0.03684 0.01142 0.13573 0.10716 0.20351 0.26238 0.02309 0.24287 0.52083
0.32075 0.38846 0.3936 0.46618 0.40976 0.32824 0.23525 0.17661 0.28275 0.19775 0.25928 0.58675 0.74869 0.53623 0.30044 0.40641 0.15183 0.0912 0.32107 0.34543 0.3162 0.44296 0.69641 0.28418 0.18842 0.13859 0.15802 0.06592 0.61055 0.61434 0.63816 0.41038 0.46504 0.29708 0.48762 0.18863 0.13847 0.01993 0.27227 0.27369 0.12432 0 0.13846 0.59797 0.31391 0.33206 0.21433 0.00398 0 0.00996 0.07972 0.20727 0.08172 0.09413 0.10936 0.86153 0.13849 0.17027 0 0.03911 0.0145 0.08714 0.2909 0.2002 0.18682 0.32164 0.01092 0.20506 0.16076 0.11748 0.64287 0.58423
0.38553 0.41016 0.38904 0.60685 0.55014 0.30124 0.31482 0.33808 0.22331 0.22641 0.45035 0.33453 0.2306 0.48597 0.55854 0.47447 0.53447 0.27224 0.40374 0.40329 0.17686 0.49842 0.43712 0.01135 0.11013 0.02063 0.2232 0.17604 0.26431 0.16486 0.37796 0.39171 0.30091 0.44018 0.31428 0.32035 0.16807 0 0.07648 0.36097 0.29131 0.06793 0.24865 0.28572 0.08968 0.031 0.01654 0.06179 0 0.06111 0.15979 0 0.02826 0.02709 0.07575 0.66692 0.67828 0.35104 0.35287 0.13807 0.04508 0.25215 0.63676 0.1965 0.1874 0.16465 0.08873 0.3305 0.23315 0.48399 0.72439 0.36693
0.51623 0.37867 0.59574 0.4258 0.255 0.39468 0.57431 0.30271 0.06603 0.14343 0.3411 0.53445 0.2815 0.07473 0.41328 0.4029 0.26973 0.42022 0.11779 0.14955 0.176 0.34175 0.21735 0.01974 0.12922 0.06254 0.11183 0.17883 0.18884 0.16251 0.40836 0.55538 0.29544 0.1542 0.38158 0.39229 0.38502 0.18183 0.4016 0.28142 0.24792 0.07774 0.23169 0.00986 0.02989 0.05962 0.34577 0.00754 0.14947 0.18381 0.11347 0 0 0.0044 0 0.04136 0.01315 0.01971 0.00818 0.35551 0.61792 0.45241 0.4029 0.10722 0.04495 0 0.14743 0.41978 0.42381 0.69293 0.28171 0.24154
0.41095 0.21666 0.41307 0.2028 0.16323 0.43248 0.4465 0.3679 0.07726 0.08834 0.04235 0.13845 0.34981 0.32139 0.1823 0.26096 0.23436 0.2354 0.31075 0.17437 0.12211 0.18187 0.03986 0.15671 0.04177 0.14188 0.27109 0.15876 0.49085 0.34314 0.44172 0.34261 0.3864 0.395 0.41479 0.58275 0.55432 0.54735 0.26937 0.31183 0.56149 0.21114 0.14081 0.27586 0.21071 0.1101 0.11962 0.00601 0.08424 0.07096 0 0.00502 0.01952 0.00556 0 0 0 0 0 0.0018 0.09457 0.20216 0.18437 0.25052 0.01539 0.0427 0.19282 0.18087 0.38871 0.34863 0.21057 0
0.26167 0.34016 0.24829 0.22047 0.2287 0.10481 0.13911 0.12454 0.12143 0.16154 0.09288 0.04904 0.37843 0.29194 0.24952 0.22627 0.17905 0.28211 0.11574 0.1283 0.09263 0.05327 0.03255 0.06777 0.08172 0.16934 0.15433 0.17655 0.33234 0.29166 0.58437 0.52163 0.71757 0.62897 0.32791 0.47903 0.6422 0.62247 0.46978 0.26466 0.28526 0.10114 0.0933 0.31504 0.11325 0 0.00996 0.24009 0.07824 0.08179 0.18911 0.21872 0.51396 0.13203 0.00055 0 0 0 0 0 0 0 0 0 0.01173 0.17653 0.04289 0.05641 0.00581 0.06894 0.03137 0.00996
0.0224 0.00346 0.00193 0 0.09797 0.08208 0.05979 0.15291 0.122 0.24725 0.12417 0.2455 0.28757 0.02989 0.04836 0.00562 0.02851 0.00138 0.15382 0.48542 0.5577 0.43872 0.20016 0.13968 0.28522 0.21026 0.2675 0.19981 0.35325 0.54432 0.7314 0.34354 0.8096 0.48518 0.52388 0.25046 0.67077 0.80687 0.36978 0.25814 0.35018 0.07382 0.03635 0.15593 0.12147 0.08576 0.00996 0.16491 0.07808 0.06212 0.21072 0.25145 0.05675 0 0.00022 0.00975 0 0 0 0 0 0 0 0 0.02813 0.09965 0.091 0.04982 0 0.07812 0.05077 0
0.05384 0 0 0 0 0 0.00996 0.02989 0.07335 0.22466 0.09596 0.03877 0.09965 0.04495 0.07925 0.02621 0.18834 0.4477 0.63213 0.44507 0.17416 0.18404 0.09364 0.39511 0.42291 0.28926 0.17739 0.04522 0.12501 0.45056 0.22101 0.28568 0.30534 0.49804 0.3083 0.37802 0.58079 0.7708 0.39015 0.1493 0.02785 0.00996 0.00674 0.05305 0.03582 0.01433 0.12759 0.02387 0.14151 0.00428 0.14753 0.0098 0.06975 0.02989 0.05979 0 0 0 0 0.04982 0.02267 0 0 0 0 0 0.09655 0.02933 0.04221 0 0 0
0.42151 0.35636 0.51471 0.08012 0.14082 0.09386 0.16537 0.15238 0.23342 0.21825 0.14495 0.2452 0.08622 0.00488 0.00844 0.25499 0.1974 0.3681 0.38892 0.23943 0.30355 0.17918 0.0954 0.28015 0.56389 0.72815 0.47073 0.32431 0.1146 0.00656 0.14983 0.32585 0.19515 0.24788 0.31924 0.42614 0.16592 0.10449 0.00515 0.18706 0.47094 0.56412 0 0.04722 0.01257 0.12019 0.39355 0.04438 0.07772 0 0.01538 0.01022 0.04496 0.28831 0.07195 0 0 0 0 0 0.00722 0 0 0 0 0 0 0 0.08968 0 0 0
0.26897 0.35144 0.56401 0.37813 0.26389 0.21384 0.2705 0.15528 0.20742 0.3636 0.36624 0.34088 0.07635 0.09503 0.08297 0.14924 0.1775 0.31176 0.21909 0.15323 0.44938 0.22408 0.2745 0.09809 0.33315 0.59533 0.50915 0.41269 0.08458 0.0032 0.19317 0.31974 0.35129 0.1012 0.08372 0.1854 0.39057 0.12225 0.27815 0.57172 0.21011 0.34723 0.21105 0.05507 0.19406 0.09264 0.11958 0.10143 0.34237 0.23063 0.0257 0.30009 0.25498 0.41504 0.42741 0.04982 0 0 0 0 0 0 0.00476 0 0 0 0 0 0 0 0 0
0.04733 0.15827 0.79388 0.30209 0.05837 0.06081 0.00661 0.01014 0.00318 0.00996 0.14499 0.09393 0.07671 0.21045 0.20121 0.24345 0.71015 0.57552 0.15015 0.20064 0.3395 0.20915 0.39005 0.36999 0.55096 0.83688 0.90053 0.74089 0.44885 0.67563 0.19857 0.11714 0.36604 0.19139 0.31906 0.19549 0.05619 0.31627 0.47479 0.60859 0.37324 0.36954 0.46948 0.47148 0.17519 0.18513 0.09298 0.04497 0.58307 0.01288 0.05091 0.13354 0.29131 0.33306 0.00495 0.01415 0 0 0 0 0 0 0.04506 0.05979 0.01626 0.00569 0 0 0 0 0 0
0.19752 0.31425 0.48381 0.49222 0.35519 0.20316 0.07365 0.00325 0.00748 0.11057 0.32647 0.41864 0.57978 0.61174 0.37536 0.62655 0.47487 0.30069 0.34127 0.32643 0.46949 0.44187 0.69524 0.73969 0.79873 0.84098 0.58746 0.62653 0.87895 0.77848 0.42683 0.44263 0.57331 0.64518 0.48801 0.05851 0.18849 0.65048 0.13169 0.30909 0.49499 0.31659 0.30125 0.42966 0.3906 0.5067 0.26901 0.18974 0.07086 0.05815 0.40824 0.0395 0 0.01993 0 0.02733 0.00835 0.01937 0.09764 0.00337 0 0.01094 0.01422 0.00418 0.16163 0.02551 0 0.0365 0.03251 0.0528 0 0
0.11563 0.73927 0.74813 0.29006 0.76173 0.09905 0.17649 0.10535 0.03986 0.43182 0.60769 0.30077 0.44501 0.26509 0.31583 0.5009 0.43576 0.23387 0.3771 0.68185 0.30044 0.5438 0.40559 0.60286 0.44271 0.4485 0.3843 0.5098 0.87782 0.86842 0.83011 0.56609 0.55838 0.10915 0.4363 0.47 0.42727 0.50585 0.29715 0.11029 0.14652 0.27191 0.18331 0.19354 0.00047 0.44498 0.39922 0.00641 0.08968 0 0 0 0.04505 0.00996 0.1041 0.24041 0.05776 0.10999 0.03571 0.00659 0.03695 0.01039 0.03612 0.05013 0.12308 0.04681 0.03133 0.0442 0.02331 0 0 0
0.29276 0.21771 0.52007 0.67029 0.41853 0.17303 0.28597 0.12204 0.08595 0.20442 0.2791 0.41266 0.4067 0.30944 0.33134 0.62031 0.36879 0.27474 0.36037 0.09683 0.36458 0.24209 0.13281 0.21735 0.60971 0.77853 0.74612 0.66587 0.78033 0.91116 0.61998 0.8086 0.74359 0.13107 0.55694 0.30819 0.36575 0.03773 0.48382 0.70338 0.66419 0.38388 0.58367 0.11819 0.39976 0.21337 0.10141 0.02348 0 0 0 0 0.09632 0.06323 0.14488 0.0156 0.07579 0.11127 0.07609 0.06975 0.01651 0.01857 0.0767 0.00565 0.00793 0.03821 0.04308 0.04124 0 0 0 0
