EnvRasters/BAU_High/tal.asc
ncols         270
nrows         223
xllcorner     24099.479091542
yllcorner     21023.840179216
cellsize      1003.8986847201
NODATA_value  -9999
[rows 64 to 95 of 223, columns 72 to 143 of 270]
0.69897 0.30247 0.07068 0.1564 0.31824 0.57384 0.82276 0.86041 0.59091 0.71299 0.59021 0.4969 0.53888 0.78952 0.65055 0.60477 0.56709 0.71681 0.69187 0.33094 0.1611 0.61234 0.71094 0.45769 0.20676 0.06893 0.51551 0.43749 0.44027 0.06786 0 0 0.11683 0.25399 0.52682 0.78661 0.3217 0.39966 0.21974 0.57882 0.70746 0.75474 0.45121 0.32932 0.72834 0.63827 0.67393 0.46221 0.67991 0.45387 0.00115 0.16577 0.30053 0.00407 0.06709 0.4878 0 0 0.04779 0.33019 0.16254 0.54717 0.36457 0.15905 0.49515 0.33411 0.24062 0.28889 0.13919 0.78212 0.52959 0.40069
0.65602 0.65212 0.45724 0.46996 0.38794 0.31227 0.51379 0.8204 0.54359 0.71521 0.63423 0.84952 0.50401 0.41433 0.4959 0.65933 0.4238 0.20013 0.2413 0.57231 0.48131 0.60361 0.37995 0.34482 0.28004 0.042 0.20702 0.31214 0.06734 0.37072 0.12218 0.07691 0.05354 0.09352 0.38934 0.46999 0.41059 0.46373 0.11336 0.3685 0.24229 0.79547 0.80364 0.66976 0.51966 0.68717 0.43081 0.46271 0.72958 0.2793 0 0.20992 0.78839 0.13045 0.56826 0.05584 0 0 0 0.08881 0.20592 0.36711 0.46411 0.04398 0.08197 0.18972 0.36407 0.15354 0.37078 0.45463 0.51405 0.57153
0.46015 0.61339 0.41128 0.35911 0.63464 0.53 0.5132 0.88287 0.61089 0.93223 0.73862 0.91593 0.76237 0.47205 0.57981 0.85509 0.78779 0.25466 0.54662 0.57112 0.77479 0.44183 0.24106 0.57604 0.36956 0.18908 0.12909 0.23623 0.34231 0.17388 0.02014 0.0038 0.05599 0.25101 0.08835 0.00146 0.34151 0.55484 0.47159 0.60838 0.32243 0.20488 0.58044 0.48066 0.57986 0.80859 0.67266 0.35084 0.39166 0.17179 0.39219 0.10824 0.1245 0.15721 0.24504 0.10366 0.01993 0 0.00265 0.27952 0.02509 0.21272 0.08078 0.12359 0.65588 0.97155 0.865 0.52726 0.16978 0.33001 0.55081 0.45527
0.77892 0.82147 0.6196 0.1729 0.74237 0.57144 0.63622 0.28497 0.71129 0.67951 0.90856 0.46382 0.83308 0.77315 0.79533 0.72087 0.50649 0.75798 0.55144 0.22456 0.38966 0.50653 0.40467 0.78891 0.65365 0.44058 0.26882 0.20092 0.2903 0.16805 0.15224 0.05979 0.01993 0.23348 0.60438 0.16664 0.27517 0.50697 0.69345 0.25203 0.2175 0.00725 0.29504 0.41488 0.66342 0.64325 0.88145 0.61006 0.05957 0.07669 0.50791 0.00065 0 0.00034 0.09397 0.11712 0 0 0.06376 0.05637 0.01993 0 0 0 0.65676 0.97368 0.65107 0.15487 0.36135 0.4306 0.18435 0.21375
0.75911 0.83752 0.74199 0.40765 0.70628 0.51819 0.5273 0.48719 0.81531 0.66389 0.9077 0.39383 0.60461 0.64882 0.47545 0.44643 0.55786 0.17948 0.25536 0.20369 0.43963 0.47232 0.4398 0.62932 0.60213 0.54161 0.24547 0.13341 0.40118 0.47523 0.28028 0.00584 0.02446 0.3519 0.28035 0.30264 0.579 0.10933 0.32071 0.32918 0.36952 0.53154 0.36979 0.19425 0.19391 0.45377 0.72702 0.35357 0.50286 0.09222 0 0 0 0.03228 0.03074 0.00561 0 0.03986 0.11158 0 0 0 0 0.0782 0.63428 0.51665 0.13957 0.50925 0.57093 0.36236 0.24901 0.13099
0.84064 0.60822 0.57205 0.60862 0.71238 0.5349 0.57871 0.37361 0.44858 0.83649 0.57787 0.68541 0.32299 0.59502 0.43235 0.15172 0.47713 0.56115 0.68514 0.16264 0.44092 0.70746 0.56431 0.30773 0.49074 0.37975 0.21529 0.56124 0.4872 0.44461 0.72873 0.45942 0 0.05979 0.02989 0.1193 0.51071 0.26452 0.29065 0.31174 0.43664 0.60069 0.67309 0.44923 0.51208 0.22768 0.00996 0.29959 0.34698 0.00018 0 0 0 0 0 0 0 0.05276 0.05552 0 0 0.05375 0.21448 0.65101 0.52142 0.00546 0.21543 0.43641 0.16834 0.33441 0.57179 0.44637
0.35507 0.47306 0.67142 0.56291 0.65177 0.77884 0.67614 0.79905 0.36388 0.39743 0.64196 0.70407 0.56514 0.5435 0.0798 0.04014 0.50431 0.76872 0.65028 0.57837 0.5317 0.67366 0.54694 0.74208 0.35077 0.5692 0.33978 0.48969 0.33543 0.4102 0.70553 0.36159 0.00996 0.35709 0.14704 0.22188 0.17558 0.3431 0.26822 0.14471 0.09912 0.43837 0.24226 0.29877 0.32832 0.31265 0.01993 0.03782 0.17829 0.01993 0 0 0 0 0 0 0 0.03825 0.35078 0.07589 0.02048 0.18527 0.28015 0.20428 0.46422 0.02002 0.11604 0.39382 0.25716 0.54647 0.21793 0.6022
0.04171 0.18721 0.35414 0.68728 0.75622 0.95294 0.64096 0.62423 0.6122 0.80284 0.43404 0.74997 0.59893 0.20853 0 0.16089 0.49374 0.74719 0.79489 0.78605 0.70798 0.59844 0.7531 0.96224 0.75492 0.7883 0.54737 0.39566 0.1005 0.49218 0.52328 0.19968 0.24825 0.02158 0.15533 0.15895 0.37447 0.28612 0.07492 0.04326 0.20632 0.37972 0.32773 0.45003 0.11368 0 0.02989 0 0 0 0 0 0 0 0 0 0 0.06665 0.35169 0.04899 0.08894 0.28134 0.08253 0.32917 0.26734 0.07152 0.59816 0.59415 0.82934 0.73726 0.67291 0.50008
0.08062 0.08518 0.07471 0.51139 0.74531 0.8103 0.51406 0.91676 0.84216 0.71152 0.64344 0.67439 0.73166 0.49201 0.14482 0.30098 0.55695 0.69046 0.6899 0.3837 0.5481 0.68146 0.67494 0.83124 0.65161 0.44697 0.8283 0.67379 0.59951 0.61545 0.49892 0.24521 0.12503 0.16325 0.31687 0.09471 0.43124 0.35214 0.54503 0.65066 0.83649 0.71769 0.16539 0.71064 0.07428 0.19105 0.23325 0.04992 0 0 0 0 0 0 0 0 0 0 0 0 0.01818 0.24393 0.01447 0.01895 0.48805 0.22029 0.32099 0.66937 0.75896 0.85295 0.52425 0.17648
0.06489 0.06205 0.46151 0.72416 0.64097 0.74645 0.65008 0.48014 0.57414 0.76266 0.52535 0.72617 0.60113 0.56203 0.38645 0.78793 0.69537 0.62048 0.60842 0.63498 0.66886 0.60818 0.49675 0.75639 0.56368 0.59404 0.89307 0.9025 0.44226 0.58402 0.28019 0.31008 0.26155 0.27629 0.41912 0.54248 0.34551 0.52066 0.38166 0.2784 0.79354 0.66708 0.55894 0.21532 0.08255 0.16845 0.10546 0.07172 0.07775 0 0 0 0 0 0 0 0 0 0 0.03986 0.14277 0.03453 0.21517 0.33027 0.80278 0.01549 0.55613 0.77071 0.4181 0.26442 0.61647 0.94869
0.02293 0.34533 0.35443 0.63739 0.63157 0.70308 0.69705 0.81734 0.59845 0.84009 0.67412 0.44218 0.59508 0.50902 0.467 0.53989 0.79827 0.8503 0.81444 0.52336 0.63701 0.68281 0.73972 0.66082 0.23793 0.56067 0.45845 0.25998 0.30696 0.02483 0.29324 0.41481 0.31941 0.01945 0.48089 0.26694 0.19191 0.44193 0.65645 0.77635 0.76733 0.39641 0.27403 0.05744 0.02752 0 0 0 0 0 0 0 0 0 0 0 0 0 0 0 0 0 0.04174 0.24645 0.80528 0.19518 0.34876 0.88191 0.36138 0.60132 0.94014 0.99201
0.55167 0.82393 0.65074 0.73404 0.65043 0.67811 0.73248 0.72132 0.70497 0.63591 0.42111 0.42052 0.34457 0.34474 0.65958 0.66138 0.63412 0.74822 0.54417 0.75019 0.64049 0.65659 0.71274 0.65242 0.61447 0.66096 0.63714 0.26172 0.03488 0.08197 0.59061 0.71291 0.27249 0.24005 0.49541 0.31293 0.40901 0.21431 0.30187 0.44177 0.3948 0.17946 0.21246 0.14604 0.13119 0.02119 0.21553 0 0 0 0 0 0 0 0 0 0 0 0 0 0 0 0.28888 0.29927 0.14198 0.02172 0.09497 0.39102 0.90035 0.56658 0.84583 0.68858
0.7707 0.74606 0.66645 0.73467 0.67654 0.72826 0.75259 0.70123 0.81184 0.60449 0.62096 0.61542 0.71325 0.35091 0.64208 0.64931 0.65391 0.66702 0.56873 0.47455 0.47131 0.71446 0.68096 0.35026 0.71236 0.66574 0.41234 0.50174 0.48468 0.27982 0.1474 0.15992 0.28902 0.79535 0.47116 0.27312 0.49872 0.61052 0.7395 0.76482 0.79575 0.27993 0.31786 0.67649 0.51659 0.45419 0.27746 0 0 0 0 0 0 0 0 0 0 0 0 0 0 0 0.0157 0 0 0.17936 0.86263 0.85897 0.931 0.73288 0.90625 0.6705
0.75568 0.55903 0.76433 0.53827 0.84601 0.83779 0.72368 0.81434 0.61515 0.68215 0.35235 0.50601 0.63514 0.5242 0.5151 0.34811 0.65628 0.91394 0.73341 0.43338 0.495 0.51908 0.56866 0.76284 0.64335 0.16196 0.42038 0.28939 0.85784 0.5388 0.6035 0.42403 0.36668 0.82766 0.83379 0.48045 0.73117 0.67372 0.71289 0.27878 0.42622 0.66483 0.78186 0.50672 0.32981 0.27821 0.04029 0.00867 0 0 0 0 0 0 0 0 0 0 0 0 0 0 0.01993 0 0.00996 0.30263 0.31258 0.61965 0.88914 0.87539 0.52644 0.29339
0.61007 0.70087 0.92364 0.87653 0.65054 0.69235 0.53372 0.73264 0.70278 0.49031 0.234 0.04693 0.5493 0.69476 0.41906 0.59059 0.69257 0.65367 0.77888 0.81775 0.80292 0.47546 0.42801 0.51748 0.24101 0.22987 0.73569 0.7235 0.66124 0.56858 0.90221 0.45361 0.45505 0.79994 0.8667 0.82926 0.69196 0.32465 0.14078 0.52368 0.7583 0.6943 0.42312 0.20136 0.40541 0.7329 0.60791 0.01993 0 0 0 0 0 0 0 0 0.00996 0 0 0 0 0 0.00996 0 0.00693 0.32687 0.68794 0.78234 0.88054 0.33514 0.24846 0.28275
0.79099 0.81841 0.75798 0.90526 0.72199 0.72507 0.8584 0.62416 0.81291 0.64755 0.15887 0.22373 0.79953 0.73559 0.81747 0.82742 0.78506 0.62666 0.71453 0.52018 0.25049 0.29748 0.33997 0.46611 0.46572 0.53838 0.52317 0.83791 0.53039 0.434 0.81718 0.55397 0.72903 0.6088 0.74763 0.44556 0.50751 0.65724 0.44854 0.75437 0.62849 0.40553 0.55586 0.56739 0.83818 0.40379 0.28536 0.03756 0.0125 0 0 0 0 0 0 0 0 0 0 0 0 0 0.05673 0.0471 0.06082 0.28955 0.27637 0.8292 0.80948 0.22103 0.24276 0.56233
0.8317 0.89936 0.73805 0.8337 0.78323 0.67003 0.95909 0.71971 0.59986 0.65184 0.62448 0.82504 0.77056 0.52637 0.74255 0.68461 0.42609 0.83871 0.46815 0.48433 0.3847 0.17373 0.57811 0.44241 0.57119 0.57751 0.45849 0.63774 0.52924 0.44921 0.67848 0.75746 0.76324 0.45481 0.51424 0.61977 0.49975 0.81018 0.84444 0.87242 0.80164 0.49629 0.78371 0.64814 0.59841 0.61842 0.15106 0.01699 0.12068 0.00736 0 0 0.06975 0.00996 0 0 0.00996 0 0 0.00606 0.27037 0.03177 0.04309 0.02018 0.49181 0.56427 0.36541 0.5058 0.10328 0.18613 0.59235 0.311
0.78588 0.55428 0.8319 0.46453 0.77429 0.60861 0.70917 0.69647 0.53245 0.70378 0.38907 0.44671 0.66052 0.6703 0.71685 0.79507 0.82903 0.72353 0.21331 0.1694 0.40169 0.68542 0.54336 0.46216 0.60984 0.62463 0.74061 0.62427 0.60473 0.75565 0.70919 0.83002 0.70616 0.54933 0.60262 0.43333 0.69264 0.88056 0.88029 0.6302 0.83228 0.72662 0.53577 0.63996 0.18725 0.32488 0.378 0.1492 0.30032 0.07404 0 0.03737 0.03238 0 0 0 0 0 0 0.10501 0.29471 0.22702 0.14189 0.11322 0.19967 0.23832 0.23055 0.4711 0.37867 0.43796 0.56938 0.10167
0.7058 0.4111 0.26169 0.34161 0.6171 0.71184 0.36688 0.00115 0.43474 0.08853 0.6869 0.47536 0.58487 0.59276 0.79994 0.74601 0.5313 0.05557 0.00388 0.03866 0.64392 0.52666 0.38529 0.32046 0.57724 0.77859 0.96498 0.65845 0.53974 0.64252 0.39904 0.35015 0.51411 0.83143 0.59476 0.67365 0.85666 0.86962 0.84987 0.85139 0.57417 0.59883 0.74616 0.76503 0.30366 0.63564 0.32404 0.34783 0.51496 0.09022 0 0.04786 0.48033 0.03359 0.02989 0 0 0 0.00996 0.01331 0.01356 0.31372 0.02752 0 0.00172 0.02463 0.63956 0.85434 0.94083 0.3241 0.23935 0.3993
0.62676 0.28659 0.32762 0.63856 0.71157 0.58217 0.28056 0.66399 0.40538 0.40577 0.79483 0.65138 0.69581 0.68567 0.60195 0.58387 0.76501 0.1619 0.00996 0.26261 0.64357 0.43829 0.49111 0.48268 0.79578 0.79645 0.7535 0.66567 0.6631 0.40064 0.53275 0.7663 0.72337 0.87046 0.73649 0.47127 0.64959 0.69049 0.55064 0.80413 0.64802 0.63477 0.66809 0.51237 0.63642 0.25515 0.17647 0.3466 0.21375 0.08792 0.36063 0.02731 0.58213 0.23865 0 0 0 0 0 0 0 0.03986 0.06743 0.15861 0.12959 0.30485 0.63099 0.61303 0.3233 0.26974 0.23063 0.47079
0.03252 0.18282 0.17817 0.30639 0.37809 0.48824 0.61904 0.87445 0.63091 0.38851 0.70594 0.83518 0.88133 0.8162 0.89937 0.86278 0.51849 0.29974 0.35133 0.42851 0.57325 0.25109 0.17676 0.25849 0.63279 0.15894 0.72054 0.66111 0.83269 0.80449 0.74307 0.80089 0.84999 0.8804 0.73237 0.82845 0.71063 0.80729 0.77869 0.73272 0.80983 0.67748 0.58487 0.64029 0.68327 0.03986 0.11422 0.32469 0.42514 0.34906 0.43333 0.20524 0.06702 0.00788 0.00444 0 0 0 0 0 0.10161 0.21527 0.17325 0.47478 0.44783 0.7535 0.55876 0.05875 0.38467 0.64978 0.15062 0.40866
0.01981 0.48994 0.61805 0.50379 0.51156 0.5196 0.57154 0.66002 0.44392 0.27307 0.70358 0.7683 0.84664 0.8297 0.88003 0.89909 0.69954 0.40192 0.58926 0.58995 0.75342 0.47751 0.31532 0.66489 0.60274 0.59823 0.79207 0.33932 0.59996 0.76934 0.75414 0.86946 0.83113 0.80202 0.6377 0.91914 0.77684 0.89067 0.64784 0.83389 0.72398 0.69888 0.4566 0.14844 0.11795 0.04374 0.02132 0.06109 0.64175 0.66517 0.0258 0.09371 0 0.01993 0.24933 0 0 0 0 0 0 0.01728 0.0242 0.18712 0.74798 0.66941 0.63575 0.14272 0.77906 0.69731 0.41375 0.75758
0.59242 0.40738 0.42032 0.58663 0.4541 0.57559 0.6793 0.67761 0.54832 0.5896 0.82933 0.77006 0.74017 0.75222 0.64582 0.89284 0.26813 0.35558 0.58014 0.76413 0.82884 0.57762 0.82729 0.71181 0.67492 0.56916 0.55153 0.56638 0.46309 0.43311 0.75989 0.93179 0.84051 0.81109 0.83027 0.72119 0.85736 0.86218 0.73648 0.76126 0.79159 0.75873 0.59177 0.19494 0 0.1804 0.10357 0.18425 0.10446 0.29284 0.02989 0.06975 0.23491 0.34302 0.37808 0 0.49155 0.05652 0 0 0 0 0 0.28033 0.3905 0.47276 0.20678 0.28039 0.34444 0.13602 0.49338 0.41701
0.78791 0.59592 0.46065 0.87869 0.73182 0.65256 0.85662 0.84486 0.79496 0.77878 0.87969 0.62231 0.65219 0.76362 0.7221 0.41593 0.12036 0.24122 0.6121 0.78313 0.66546 0.71189 0.90072 0.95024 0.82803 0.77862 0.88624 0.63411 0.32788 0.26114 0.74503 0.78501 0.76814 0.58123 0.76916 0.91954 0.88139 0.85632 0.69104 0.63263 0.78904 0.68676 0.2988 0.02467 0 0.27161 0.09539 0.25507 0.07398 0.15944 0.0496 0.13407 0.81165 0.93423 0.23433 0 0.05979 0 0 0.21007 0.15338 0.02405 0 0 0.00785 0.01528 0.02989 0.22446 0.56894 0.10213 0.0244 0.48555
0.48883 0.31541 0.40522 0.7563 0.83668 0.72454 0.93842 0.80358 0.6528 0.49306 0.86558 0.73079 0.64899 0.75478 0.5592 0.0718 0.03056 0.23338 0.28528 0.21087 0.72334 0.71463 0.58297 0.49022 0.85931 0.89272 0.71574 0.73198 0.8329 0.69984 0.6908 0.8358 0.83855 0.40006 0.82883 0.82475 0.92691 0.90133 0.33628 0.74114 0.74112 0.18917 0.18757 0.12773 0.42546 0.15296 0.2781 0.17361 0.37384 0.29566 0.24895 0.02248 0.30878 0.44098 0.0591 0 0.00416 0 0.24143 0.52821 0.28673 0.04082 0.01802 0.16135 0 0.14416 0 0.02375 0.17342 0.18465 0 0
0.74234 0.51527 0.06984 0.5434 0.54089 0.77715 0.85694 0.93304 0.86239 0.67581 0.93571 0.9505 0.8978 0.90015 0.59914 0.00792 0.0024 0.17611 0.46298 0.32741 0.76537 0.92007 0.78742 0.83902 0.86317 0.89947 0.64848 0.84862 0.89346 0.7002 0.85875 0.80311 0.33765 0.03024 0.07152 0.45557 0.87088 0.83265 0.30802 0.37527 0.71287 0.83359 0.27239 0.28112 0.37328 0.35073 0.20216 0.02599 0.07809 0.27007 0.58823 0.37591 0.27635 0.02121 0.0243 0 0.07031 0.31949 0.30863 0.32528 0.42892 0.30191 0.26018 0.02949 0.0004 0 0.041 0.46854 0.20287 0.05246 0.017 0.0002
0.88737 0.77701 0.26002 0.67397 0.23215 0.72987 0.81126 0.76917 0.76594 0.91284 0.83329 0.84366 0.80312 0.61455 0.81616 0.39256 0.24221 0.58261 0.72783 0.19398 0.77531 0.90003 0.77236 0.86892 0.85456 0.80609 0.89461 0.86226 0.88275 0.5766 0.29868 0.5248 0.47885 0.41303 0.9527 0.57567 0.68171 0.85261 0.64829 0.75137 0.68219 0.11651 0.36193 0.74732 0.22805 0.53095 0.24273 0.06151 0 0.50684 0.31998 0.11739 0.18962 0.00996 0.65277 0.05449 0 0.33311 0.17233 0.27753 0.07405 0.14154 0.13339 0.05104 0.07753 0.2254 0.22931 0.14605 0.00996 0.32733 0.06684 0.26728
0.90018 0.81524 0.68475 0.76463 0.40898 0.72744 0.93135 0.82658 0.91695 0.88701 0.74185 0.84031 0.84517 0.68338 0.41175 0.66048 0.70075 0.31525 0.51496 0.19849 0.55731 0.84708 0.72507 0.82464 0.77899 0.82351 0.73961 0.87842 0.2698 0.17711 0 0.30597 0.54177 0.27327 0.1219 0.60764 0.74163 0.97801 0.80487 0.74677 0.41732 0.09063 0.00212 0.20288 0.05656 0.47955 0.44402 0.04682 0.00542 0.20703 0.24137 0.08535 0.64972 0.00166 0.04306 0.00265 0.28374 0.92974 0.30054 0.13639 0.27635 0.38073 0.16241 0.63919 0.77732 0.36274 0.25172 0.19346 0.01104 0.17144 0.25369 0.16792
0.79868 0.78991 0.87123 0.63572 0.71002 0.85266 0.72225 0.78954 0.95657 0.97697 0.63344 0.8793 0.75699 0.73111 0.61498 0.80751 0.77494 0.50816 0.91624 0.60983 0.86782 0.66945 0.61443 0.92341 0.91593 0.91179 0.62305 0.60208 0.75864 0.49673 0.17921 0.84896 0.83737 0.73487 0.80437 0.71415 0.60378 0.3096 0.77198 0.83538 0.67489 0.18813 0 0.01917 0.12124 0.28471 0.12797 0.52227 0.18025 0.1708 0.21587 0.13692 0.48158 0.04068 0.01364 0.25979 0.84556 0.89976 0.63465 0.30523 0.20656 0.1584 0.35459 0.8654 0.88354 0.2895 0.12305 0.04623 0.07383 0 0.14587 0.19415
0.19089 0.69627 0.85367 0.77187 0.69931 0.8054 0.78016 0.9168 0.85702 0.79038 0.86935 0.7737 0.79393 0.74558 0.46366 0.63893 0.83595 0.69718 0.66931 0.58576 0.684 0.66284 0.54966 0.57529 0.77415 0.89708 0.73634 0.94992 0.8864 0.58038 0.65704 0.88227 0.81926 0.76855 0.89421 0.76534 0.66051 0.54485 0.12536 0.52212 0.50025 0.4238 0.40989 0.05326 0.65263 0.23391 0.0791 0.32186 0.10174 0.41139 0.0571 0.45208 0.37205 0.37186 0.03608 0.84394 0.95759 0.94085 0.83048 0.60018 0.1557 0.12743 0.29256 0.8567 0.6909 0.55647 0.05535 0 0 0 0.05703 0.33852
0.52904 0.78832 0.81638 0.52142 0.34953 0.83067 0.65742 0.7685 0.82955 0.88022 0.85946 0.8463 0.46147 0.81311 0.481 0.766 0.8461 0.3553 0.37398 0.6485 0.83335 0.90073 0.80198 0.82435 0.88043 0.99066 0.89634 0.96402 0.85038 0.87763 0.62295 0.82096 0.93025 0.95795 0.88039 0.7462 0.35999 0.07975 0.00925 0.25917 0.53212 0.72296 0.46556 0.22498 0.21836 0.27664 0.52148 0.44781 0.67399 0.47937 0.83696 0.47246 0.31841 0.67729 0.38762 0.90098 0.72289 0.43553 0.43661 0.33243 0.22049 0.07005 0.6227 0.72036 0.67809 0.83337 0.12612 0 0 0.07972 0.00021 0.15999
0.58535 0.70857 0.65547 0.06222 0.34968 0.63955 0.73193 0.61382 0.85394 0.63373 0.93329 0.90315 0.65773 0.60096 0.76185 0.86858 0.44615 0.16018 0.4161 0.87946 0.84597 0.61269 0.75133 0.9523 0.91665 0.96652 0.80951 0.7466 0.75305 0.9667 0.81713 0.92343 0.88626 0.88355 0.70631 0.93236 0.90332 0.4171 0.46219 0.82138 0.58112 0.53754 0.69593 0.42401 0.34509 0.47855 0.60009 0.59887 0.55877 0.72343 0.78947 0.54877 0.81408 0.33063 0.72042 0.78655 0.66703 0.33881 0.38943 0.59345 0.41078 0.1741 0.70477 0.54929 0.67809 0.63768 0.04311 0.00233 0.37314 0.05843 0.12948 0.09372
