EnvRasters/BAU_High/unreg.asc
ncols         270
nrows         223
xllcorner     24099.479091542
yllcorner     21023.840179216
cellsize      1003.8986847201
NODATA_value  -9999
[rows 140 to 167 of 223, columns 192 to 255 of 270]
0.009964978 0.01996816 0.2310334 0.009964978 0.08519154 0.07140042 0.05978987 0.04246917 0.07606649 0 0.01992996 0.1073289 0.2927884 0.197353 0.184514 0.02621601 0.05912972 0.1877519 0.1157052 0.009964978 0 0.1113464 0.3519711 0.06422059 0 0 0 0 0.009104214 0.09665685 0 0.03787468 0.2301892 0.1389267 0.1731943 0.06772447 0.04143586 0.1282696 0.1477916 0.001005485 0 0 0.06192099 0.1892225 0.03432821 0.09881908 0 0.009964978 0.04709886 0 0.1513746 0.2684729 0.1678091 0.1138296 0.05888271 0.09433321 0.06232477 0.02494049 0.03985991 0.1096148 0.06628793 0.2001467 -9999 -9999
0.0816164 0.1080988 0.01950227 0.1508595 0.1302707 0.08749684 0.07753705 0.03985991 0 0 0.08460741 0.1489891 0.0529911 0.1777389 0.3289218 0.1116026 0.1395097 0.01445841 0.009964978 0.009964978 0.006825745 0.1022574 0.1346109 0.07971983 0 0.1663304 0.04296499 0 0.0390512 0.3450141 0.1720615 0.171584 0.07945942 0 0.06592938 0 0.08968481 0.0958073 0.1033659 0 0 0 0.0808584 0.1480779 0.1069371 0.04212996 0.005574118 0.1228378 0.07739098 0.06004215 0.2060893 0.1536437 0.05162035 0.09619678 0.2079716 0.1985734 0.05513243 0.1326958 0.03642202 0.1326018 0.1467502 0.1160886 -9999 -9999
0.05068199 0.1790714 0.08642169 0.1205859 0.1275279 0.08947051 0.007391845 0.05978987 0.009964978 0.003790441 0.2461839 0.2064216 0.2129708 0.07862502 0.1844341 0.1969216 0.1982156 0.1918197 0.01744483 0 0 0 0.03823916 0.07501644 0.2187575 0.07496131 0.001461456 0.03143759 0.03344153 0.06763807 0.1080185 0.07778504 0 0.01099018 0.1512387 0.01714077 0 0 0.02992292 0 0 0.01248318 0.08150776 0.323617 0.05575827 0.0374901 0 0.05169652 0.1060681 0.07169677 0.05957335 0.1562724 0.08495753 0.1160008 0.08707544 0.12317 0.04887641 0.01987229 0.08975726 0.1920038 0.03814181 0.1573478 0.05366938 -9999
0.1922823 0.2609787 0.2394626 0.1788151 0.071433 0.05501804 0 0 0 0.01391156 0.1075428 0.2403197 0.08035641 0.1029819 0 0.2960767 0.281416 0.1366727 0.01579152 0 0 0 0.1051271 0.2061043 0.09979166 0.001479518 0 0.01707206 0.02719318 0.01234882 0 0 0 0.02122079 0 0.009964978 0 0.0003019179 0.0002655228 0.03985991 0.01992996 0.01449654 0.07607784 0.04113984 0 0 0 0.009964978 0.009964978 0.05269229 0.03985991 0.006905881 0.1346722 0.2048811 0.1165373 0.2649907 0.3064735 0.02591211 0.1625065 0.1318844 0.1451721 0.1311359 0.0801374 -9999
0.02074163 0.2272704 0.1998486 0.04982489 0.07246607 0.02718372 0 0.007248393 0.1103398 0.02761709 0.08225229 0.02556742 0.05167102 0.220769 0.04611573 0.06975485 0.2074297 0.1245448 0.06598673 0.009964978 0 0 0 0.06494672 0.0009669391 0 0 0 0.03985991 0.007581135 0 0 0 0.0286041 0 0 0.03002367 0.09128215 0.07917383 0.1235943 0.03006914 0.01563944 0 0.009360075 0.1201846 0.0551266 0.06256342 0.1155251 0.1146733 0.08182745 0.06109472 0.0125078 0.1569209 0.07468177 0.1243248 0.1893314 0.2118624 0.1627563 0.2201905 0.2090604 0.1414126 0.1417853 0.09964417 -9999
0.1894184 0.008236852 0.3498762 0.109841 0.09987604 0.007019545 0.04391056 0.09246354 0.0858221 0.2129339 0.02989493 0.02989493 0.02690882 0.03889811 0.07561757 0.08756829 0.09985236 0.09874044 0.1244453 0.02495702 0.02989493 0 0.004220312 0.01413324 0 0 0.05978987 0.002937268 0.002822877 0 0 0 0.001669953 0 0 0 0.03240704 0.1460504 0.2090111 0.04374642 0.03001586 0.1001839 0.01563737 0.03858915 0.0303411 0.1031044 0.1594781 0.2074393 0.1710854 0.1487764 0.304522 0.1187274 0.007614158 0.0615604 0.2646583 0.01352738 0.009964978 0.1337281 0.1103259 0.09925281 0.09619179 0.0427551 0.1752262 -9999
0.1003129 0.09752295 0.09138314 0.03670417 0.2016475 0.04646308 0.0529605 0.18754 0.009964978 0.07670795 0.03515863 0.06239434 0.0600105 0.08071447 0.09300111 0.1001023 0.02472183 0.1072707 0.09151391 0.1317234 0.2185466 0.04270303 0.05428813 0.03697307 0.1204826 0.1994883 0.1761824 0.1270219 0.04948714 0.09225998 0 0 0.1478047 0.009964978 0.009964978 0.06898624 0.09409195 0.1017394 0.04644246 0.1532038 0.05558548 0.04461529 0.0254462 0.0164753 0.04928862 0.08709905 0.165686 0.1424008 0.1999662 0.09636815 0.0941819 0.04351435 0.07561674 0.1380202 0.06810079 0.02143791 0.04887355 0.1555493 0.06975485 0.149424 0.01998067 0.03737887 0 -9999
0.02212406 0.1399399 0.3600101 0.2573432 0.06634441 0.008789309 0 0.02827124 0.02989493 0.0398543 0.01992996 0.06947511 0.1784929 0.07964613 0.06712233 0.04982489 0.0442347 0.05864278 0.02231663 0.1153993 0.1702217 0.08238284 0.09879764 0.07429428 0.2188333 0.1570034 0.07341423 0.1688683 0.03323854 0.2796844 0.03316738 0 0.1376861 0.1630521 0.02989493 0.2114441 0.01740332 0.07642839 0 0.07429999 0.04519467 0.1303621 0.009964978 0.01525658 0.1811677 0.1023204 0.1475421 0.04194305 -9999 -9999 -9999 0.06220641 0.1038044 0.07646496 0.06638189 0.05882046 0.06801189 0.1072038 0.05491654 0.02404282 -9999 -9999 -9999 -9999
0.1021586 0.01750377 0.007645281 0.08329643 0.1199593 0.02110563 0.05367824 0.1454699 0.07666468 0.07197148 0 0 0.003023379 0.02989493 0.04994939 0.04982489 0.03729903 0.06229235 0.0542339 0 0.009964978 0 0.03110346 0.04556377 0.005990123 0.1398602 0.1336021 0.1524071 0.1393225 0.3822027 0.1427757 0.009964978 0.074444 0.06521623 0.136354 0.1020892 0.1177388 0.02989493 0.01845536 0.09589788 0.1492597 0.005195994 0.04951276 0.08289201 0.1459917 0.1489833 0.07976626 -9999 -9999 -9999 -9999 0.0893712 0.1493393 0.1015682 0.2012632 0.03272722 -9999 0.02989493 0.1244531 0.1353968 -9999 -9999 -9999 -9999
0.06732631 0.03985991 0.1063462 0.05310826 0.02082498 0.02989493 0.04663417 0.181196 0.1186485 0.004761276 0 0 0 0.006881481 0.06107023 0.1744369 0.09226375 0.02989493 0.009964978 0.109 0.0488377 0.007119194 0.01992996 0.04848979 0.03985991 0.07660528 0.1463563 0.1722325 0.102774 0.2569042 0.1147902 0.1061016 0.1588232 0.1490495 0.1381687 0.08760175 0.175544 0.07209599 0.01973421 0.1144129 0.1301209 0.09516654 0.09964167 0.106555 0.2065703 0.1545241 0.1298694 0.003213889 -9999 -9999 -9999 -9999 -9999 0.03680585 -9999 -9999 -9999 0.01992996 0.2392773 0.1099941 0.01900543 -9999 -9999 -9999
0.1877377 0.1033219 0.009985383 0.07997445 0.06212697 0.1463094 0.03331272 0.0007414944 0.009964978 0 0 0 0 0.01705465 0.1078842 0.2257925 0.02217058 0 0.05978987 0.1179137 0.0659683 0.05406525 0.0348141 0.01130008 0.009964978 0.03985991 0.08426431 0.2182234 0.3147344 0.222246 0.02207206 0.1707757 0.1090436 0.09982701 0.0653817 0.02836105 0.017023 0.01102742 0.01992996 0.009995797 3.929749e-005 0.08058044 0.1009792 0.08344503 0.1951789 0.1251565 0.1559069 -9999 -9999 -9999 -9999 -9999 -9999 -9999 -9999 -9999 -9999 0.03196402 0.2736865 0.2956795 0.06751544 -9999 -9999 -9999
0.1722426 0.0265783 0.07181723 0.09762821 0.06873264 0.03174533 0 0 0 0 0 0 0 0 0.003404576 0.009964978 0.02989493 0.009964978 0.009964978 0.009071778 0.005703077 0.01037445 0.08517406 0.02039043 0.1689764 0 0.006553489 0.0822446 0.09283575 0.09193259 0.02252908 0.05978987 0.009964978 0.07488295 0.04640547 0.1137422 0.1469835 0.04419899 0.2159697 0.1507073 0.0291837 0.1539047 0.004032873 0.02060197 0.1716974 0.1994574 0.01764968 -9999 -9999 -9999 -9999 -9999 -9999 -9999 -9999 -9999 -9999 0.009363994 0.1271869 0.181564 -9999 -9999 -9999 -9999
0.159718 0.07198931 0.2175531 0.17332 0.1381803 0 0.02989493 0 0 0 0 0 0 0.04447064 0.02591258 0.02989493 0 0.02590659 0.04982489 0 0 0.06945474 0.03980615 0.02857817 0.06975485 0.05623572 0.03902329 0.03022529 0.09769199 0.0126886 0.05236073 0.03985991 0.009964978 0.0264403 0.09811822 0.05091413 0.109162 0.04560677 0.2849313 0.1393951 0.1384927 0.01190718 0.02624446 0.0103734 0.01320703 0 -9999 -9999 -9999 -9999 -9999 -9999 -9999 -9999 -9999 -9999 -9999 -9999 -9999 -9999 -9999 -9999 -9999 -9999
0.136114 0.2040454 0.2471496 0.1974395 0.0273065 0 0 0 0 0 0 0 0 0.08274528 0.1792022 0.02634338 0.006205229 0.07585036 0.09897274 0.0759605 0.02989493 0.08070344 0.07922766 0.1896132 0.02331277 0.05584311 0.02989493 0.01202687 0.1369641 0.1394306 0.08190533 0 0.009964978 0.03985991 0.07933246 0.05278065 0.2105693 0.02424421 0.03443741 0.02435533 0.01992996 0.5221649 0.02448298 0 -9999 -9999 -9999 -9999 -9999 -9999 -9999 -9999 -9999 -9999 -9999 -9999 -9999 -9999 -9999 -9999 -9999 -9999 -9999 -9999
0.2235594 0.1668051 0.04988506 0.04018449 0 0 0 0 0 0 0 0.04290083 0.03515298 0.09831882 0.09174213 0.02209968 0.0450015 0.03775275 0.009964978 0.09400871 0.03000741 0.1400579 0.09026171 0.1562906 0.1478073 0 0 0.02305117 0.07040229 0.08532676 0.04906855 0.03563363 0.02212186 0.02989493 0.04982489 0.1251028 0.1192831 0.1171492 0.1042362 0.02409509 0.03983977 0.2501145 -9999 -9999 -9999 -9999 -9999 -9999 -9999 -9999 -9999 -9999 -9999 -9999 -9999 -9999 -9999 -9999 -9999 -9999 -9999 -9999 -9999 -9999
0.1647978 0.04955653 0.01986979 0 0 0 0 0.05469916 0 0 0 0.04678398 0.07034059 0.08005933 0.1134887 0.0740578 0.00154442 0.07525373 0.01045189 0.04982489 0.009964978 0.08298247 0.1162938 0.026195 0.02483902 0.01800694 0.0008861298 0.03427959 0.06479074 0.1527167 0.07074601 0.2369596 0.04612369 0.01624731 0.05973519 0.09145032 0.01486092 0.009204401 0.02923845 0.05240658 0.06727164 0.1094015 -9999 -9999 -9999 -9999 -9999 -9999 -9999 -9999 -9999 -9999 -9999 -9999 -9999 -9999 -9999 -9999 -9999 -9999 -9999 -9999 -9999 -9999
0.01992996 0.2460021 0.08492207 0 0 0 0 0.05491561 0 0 0.075836 0 0.0182337 0.2180638 0.1530741 0.1935561 0.09770364 0.005015162 0.01992996 0.06052781 0.029157 0.009988243 0.02119889 0.04855596 0.1577006 0.0744587 0.1267344 0.04199082 0.149256 0.1479887 0.1962748 0.09106329 0.01365773 0.08978328 0.04672189 0.08254573 0.0006009537 0.1197352 0.09169687 0.009964978 0.08978328 0.1498589 -9999 -9999 -9999 -9999 -9999 -9999 -9999 -9999 -9999 -9999 -9999 -9999 -9999 -9999 -9999 -9999 -9999 -9999 -9999 -9999 -9999 -9999
0.0006158383 0.1635123 0.1693167 0.01424638 0 0 0 0 0 0.06262978 0.05086881 0.07179756 0.05312342 0.04982489 0.02218275 0.01627919 0.07998471 0.009964978 0.03579142 0.009964978 0.009964978 0 0.1237973 0.04089297 0.06656878 0.09275042 0.1216464 0.007036328 0.1196986 0.009964978 0.01107925 0.05630716 0.02989493 0.01798351 0.05805162 0.06692895 0.0350577 0.05800473 0.0203644 0.1037669 0.08372227 0.07567606 -9999 -9999 -9999 -9999 -9999 -9999 -9999 -9999 -9999 -9999 -9999 -9999 -9999 -9999 -9999 -9999 -9999 -9999 -9999 -9999 -9999 -9999
0.2475734 0.06704058 0.1725782 4.173742e-005 0 0 0 0 0 0 0 0.06142738 0.002986235 0.06637314 0.04665125 0.1324888 0.1340189 0.170274 0.1869415 0 0 0.01992996 0.1371857 0.1715665 0.1773209 0.08733158 0.04337683 0.05762041 0.03663829 0.009964978 0.02301369 0.1482758 0.04529654 0.009964978 0.009964978 0.06128267 0 0.01992996 0.09034483 0.0503634 0.04855365 -9999 -9999 -9999 -9999 -9999 -9999 -9999 -9999 -9999 -9999 -9999 -9999 -9999 -9999 -9999 -9999 -9999 -9999 -9999 -9999 -9999 -9999 -9999
0.1954587 0.06352726 0 0 0 0 0 0 0 0 0 0 0 0 0.02298351 0 0.01992996 0.03833135 0.04335396 0 0 0.01512155 0.07022717 0.1331069 0.213168 0.03301372 0.02677616 0.08882152 0.006624474 0 0 0.04470056 0.1271021 0.02989493 0.009964978 0.1549587 0.06990165 0.06975485 0.009304954 0.009964978 -9999 -9999 -9999 -9999 -9999 -9999 -9999 -9999 -9999 -9999 -9999 -9999 -9999 -9999 -9999 -9999 -9999 -9999 -9999 -9999 -9999 -9999 -9999 -9999
0 0 0 0 0 0 0 0 0 0 0 0 0 0 0.1838441 0.09644385 0 0.1232171 0 0 0.164473 0.2240533 0.1990515 0.1980724 0.2878165 0.06522141 0 0.1972058 0.1299972 0.02157117 0.06746576 0.0700667 0.01243105 0.04569957 0.0140903 0.0914634 0.0907476 0.009964978 0.01992996 0 0 -9999 -9999 -9999 -9999 -9999 -9999 -9999 -9999 -9999 -9999 -9999 -9999 -9999 -9999 -9999 -9999 -9999 -9999 -9999 -9999 -9999 -9999 -9999
0 0 0.02064824 0.04023469 0 0 0 0 0 0 0 0 0 0 0.1955381 0.09584927 0.007372879 0.1386354 0.075785 0.04982489 0.04081514 0.1003526 0.06271368 0.1437874 0.1343627 0.07493093 0.1360673 0.1498831 0.03354893 0.06533273 0.04200383 0.07822347 0.01904256 0.009964978 0.009964978 0.04982489 0 0.01992996 0.1544145 0.03551126 0.01992996 -9999 -9999 -9999 -9999 -9999 -9999 -9999 -9999 -9999 -9999 -9999 -9999 -9999 -9999 -9999 -9999 -9999 -9999 -9999 -9999 -9999 -9999 -9999
0.02085601 0.1871838 0.06934089 0.07284882 0.0515807 0.07051168 0.03661217 0 0 0 0 0 0 0 0.002945916 0.1135414 0.1632364 0.1309209 0.08369645 0.02989493 0.01789894 0.02716536 0.01992996 0.04987132 0.08500244 0.2508794 0.2031684 0.06562909 0.06624904 0.009964978 0.003005735 0.03286903 0.01992996 0.01253811 0.09707665 0.08353279 0.127633 0.08991106 0.02242159 0.02930382 -9999 -9999 -9999 -9999 -9999 -9999 -9999 -9999 -9999 -9999 -9999 -9999 -9999 -9999 -9999 -9999 -9999 -9999 -9999 -9999 -9999 -9999 -9999 -9999
0.2225167 0.1523558 0.03704617 0.1024427 0.3870012 0.1617228 0.06721682 0.07887062 0 0 0 0 0 0.009964978 0.1891679 0.1908309 0.02880448 0.01893162 0.1365507 0 0.02423475 0.009964978 0.1594661 0.1267475 0.09849033 0.0549964 0.01582226 0.03335169 0.0302971 0.02334646 0.05678414 0.04420378 0 0.01992996 0 0.1035218 0.08558773 0.0666787 0.06417457 0 -9999 -9999 -9999 -9999 -9999 -9999 -9999 -9999 -9999 -9999 -9999 -9999 -9999 -9999 -9999 -9999 -9999 -9999 -9999 -9999 -9999 -9999 -9999 -9999
0.1348408 0.02988932 0.04711524 0.2053851 0.1245573 0.1511633 0.1110417 0.02077916 0 0 0 0 0 0.0673646 0.212206 0.1543912 0.0724375 0.009964978 0.05897588 0.02457469 0.02989493 0.05978987 0.1028276 0.2409923 0.143808 0.02989493 0 0.02603603 0.1395097 0.07187154 0.02748636 0.01992996 0.02640216 0.01567153 0.1096148 0 0.1351156 0.01862141 0.009964978 -9999 -9999 -9999 -9999 -9999 -9999 -9999 -9999 -9999 -9999 -9999 -9999 -9999 -9999 -9999 -9999 -9999 -9999 -9999 -9999 -9999 -9999 -9999 -9999 -9999
0.04496323 0.0222814 0.08000369 0.1687689 0.04000416 0.06951336 0.07981268 0.09796566 0.01073661 0 0 0.009964978 0.03046277 0.02175237 0.001176488 0.08361617 0.1157987 0.00812779 0.02719658 0.06014036 0.009964978 0 0.05389888 0.1102403 0.06547721 0.1139752 0.1075648 0.0163464 0.05379472 0.1200402 0.1531266 0.07941765 0.03101161 0.02880728 0.1544809 0.05760043 0.03208438 -9999 -9999 -9999 -9999 -9999 -9999 -9999 -9999 -9999 -9999 -9999 -9999 -9999 -9999 -9999 -9999 -9999 -9999 -9999 -9999 -9999 -9999 -9999 -9999 -9999 -9999 -9999
0.03985991 0.03985991 0.2312755 0.1787633 0.009964978 0.1663341 0.2024906 0.03104335 0 0 0 0 0.05512301 0.04141006 0.02905303 0.2507551 0.1224159 0.06325437 0.009964978 0.08178497 0.02671557 0.1002845 0.1017576 0.1297622 0.04452208 0.1651476 0.1963992 0.1432633 0.1154366 0.02749318 0.08323862 0.04387317 0.2270067 0.06949763 0.07016262 0.1473373 0.0918222 0 -9999 -9999 -9999 -9999 -9999 -9999 -9999 -9999 -9999 -9999 -9999 -9999 -9999 -9999 -9999 -9999 -9999 -9999 -9999 -9999 -9999 -9999 -9999 -9999 -9999 -9999
0.002030116 0 0.2045885 0.1192473 0.03190193 0.02109409 0.0702826 0.06049979 0 0 0.03634126 0.2192392 0.1960026 0.07749977 0.05198205 0.03342557 0.2291945 0.0127571 0.04703278 0.0411435 0.03651119 0 0.1339414 0.03130125 0 0.02072747 0 0.03380944 0.08209556 0.1795642 0.1398921 0.09006721 0.04752537 0.04934847 0.1006515 0.07385756 0.05176088 0.0697263 0.0001337252 -9999 -9999 -9999 -9999 -9999 -9999 -9999 -9999 -9999 -9999 -9999 -9999 -9999 -9999 -9999 -9999 -9999 -9999 -9999 -9999 -9999 -9999 -9999 -9999 -9999
