EnvRasters/BAU_High/unreg.asc
ncols         270
nrows         223
xllcorner     24099.479091542
yllcorner     21023.840179216
cellsize      1003.8986847201
NODATA_value  -9999
[rows 112 to 139 of 223, columns 64 to 127 of 270]
0.04561645 0 -9999 -9999 -9999 0.02922204 0.009500274 0 0 0.05035374 0.08700394 0.1206497 0.07027352 0.06670707 0.02171923 0.04982489 0.05978987 0.07823758 0.1112623 0.06554303 0.2330951 0.05271418 0 0.07052933 0.00514741 0 0.005349368 0 0.09749628 0.1048467 0.04573599 0.08630053 0.03985991 0.09870869 0.07054335 0.04699424 0.1420975 0.01951099 0 0.2333198 0.04053868 0.01570729 0.03900574 0.1506466 0.1594279 0.1496788 0.1476981 0.190045 0.293007 0.04526951 0.03883338 0.1573983 0.145464 0.1711314 0.03188218 0.1936843 0.1170819 0.1665783 0.1704991 0.1276823 0.003675365 0.08021548 0.1413252 0.1639173
-9999 -9999 -9999 -9999 -9999 -9999 -9999 -9999 0.006810213 0.08984404 0.1937941 0.1827269 0.1621905 0.1466499 0.08976755 0.05813539 0.04664202 0.06848369 0.3407716 0.1030045 0.08641968 0.03586952 0.1017833 0.0457665 0.09311207 0.1998562 0.03042092 0.1620671 0.2018286 0.2460445 0.06020506 0.02789532 0.06971843 0.07634801 0.01370467 0.07971983 0.04129333 0.1489103 0.0612346 0.09190707 0.05199537 0.05978987 0.07101282 0.1124238 0.1155379 0.03241014 0.04015454 0.1194673 0 0.04982489 0.08051243 0.1413425 0.3043957 0.1515114 0.1110246 0.2012912 0.3007198 0.1462354 0.1021707 0.006564638 0.009964978 0.09359439 0.08478365 0.1680463
-9999 -9999 -9999 -9999 -9999 -9999 -9999 -9999 -9999 0.08736982 0.1203935 0.1265255 0.1593047 0.1058813 0.1897154 0.1815712 0.2105303 0.1431511 0.3202267 0.2115783 0.06520012 0.0910989 0.05403575 0.1533688 0.2787415 0.1926823 0.2936878 0.199463 0.1313227 0.1829771 0.04015654 0.1337131 0.1122606 0.2308384 0.1193199 0.06429816 0.01535555 0.0578424 0.06300973 0.095801 0.2505095 0.07129568 0.1131386 0.08368923 0.1145794 0.06116569 0.1973064 0.09141293 0.01202458 0.009265522 0.09866406 0.04094411 0.1080825 0.08784272 0.04282568 0.1265346 0.1081913 0.01035403 0.07221577 0.02086937 0.1558775 0.1079871 0.178656 0.1264057
-9999 -9999 -9999 -9999 -9999 -9999 -9999 -9999 -9999 0 0.02989493 0.03472203 0.03406975 0.009960791 0.3037958 0.1502804 0.2070067 0.2809889 0.1709211 0.1262292 0.06285528 0.2372114 0.2078429 0.2836865 0.2415506 0.2214027 0.3301216 0.3136621 0.2595823 0.2300821 0.2488855 0.06466672 0.09968229 0.1809934 0.04505064 0.07104698 0.03738438 0.1238705 0.03700776 0.09472988 0.2797061 0.1052933 0.1040142 0.1320175 0.02185176 0.05909887 0.08069147 0.1485826 0.05946476 0.1108185 0.07984462 0.009886618 0.01149721 0.05608954 0.09287382 0.1026517 0.2358756 0.1769512 0.09517248 0.1270317 0.1362805 0.1783867 0.1889526 0.06718935
-9999 -9999 -9999 -9999 -9999 -9999 -9999 -9999 -9999 -9999 -9999 0.009438691 0.0009630767 0.1362042 0.2189453 0.1232155 0.1280526 0.1384011 0.1746829 0.1090869 0.2594718 0.4003527 0.06952296 0.07307593 0.1183657 0.1615569 0.2040031 0.1168583 0.1960762 0.06766237 0.2222624 0 0.003817491 0.1059218 0.1786327 0.03329645 0.01403513 0.05850902 0.07838946 0 0.09149844 0.1295447 0.1706195 0.212366 0.02931037 0.1507482 0.1092745 0.1997091 0.1106364 0.09926808 0.1602504 0.09923311 0.009964978 0.06821138 0.09149768 0.03203134 0.05216949 0.122179 0.02283329 0.1237433 0.1023778 0.1332037 0.01424256 0.2258873
-9999 -9999 -9999 -9999 -9999 -9999 -9999 -9999 -9999 -9999 0 0.1576753 0.106792 0.1559858 0.1711762 0.05846372 0.1397218 0.04778359 0.05978987 0.144933 0.1764187 0.1284651 0 0.05845605 0.1749614 0.06191506 0.05369639 0.0429443 0.1831499 0.2076987 0.120443 0.03051498 0.2303476 0.09046512 0.1447458 0.07120003 0.02923833 0.07320839 0.03923267 0.1148731 0.03881606 0.08185309 0.2218105 0.06692618 0.1759927 0.1146133 0.06939856 0.06943321 0.07001694 0.04078685 0.01918762 0.1027757 0.2027577 0.1742727 0.2293116 0.0143881 0.1106792 0.09803978 0.03411539 0.1564253 0.1113489 0.1243012 0.1123753 0.1462313
-9999 -9999 -9999 -9999 -9999 -9999 -9999 -9999 -9999 -9999 -9999 0.04006122 0.1897992 0.1423406 0.168026 0.09039592 0.1115622 0.1348875 0.1157955 0.1115434 0.2256647 0.1089109 0.04310261 0.02926767 0.2098862 0.00578408 0.2003562 0.08397225 0.03217729 0.06735247 0.1697057 0.09953989 0.1438507 0.0947252 0.119496 0.1032402 0.05382567 0.0348915 0.05044708 0.002584644 0 0.0514191 0.02262391 0.02989493 0 0.1712465 0.07949173 0.05006481 0.06968536 0.02081199 0.1190304 0.08772045 0.08213266 0.2115376 0.09618201 0.1201976 0.1143705 0.1739328 0.1045229 0.1978476 0.1974576 0.14013 0.07533098 0.04982489
-9999 -9999 -9999 -9999 -9999 -9999 -9999 -9999 -9999 -9999 -9999 0 0.1384288 0.08126433 0.1522594 0.1418514 0.1412811 0.1705118 0.1129151 0.09021036 0.2447453 0.2251758 0.09917843 0.115602 0.1943315 0.08980931 0.1441014 0.02417089 0.03784462 0.09716751 0.08633395 0.1873209 0.0905799 0.08790366 0.137241 0.09396342 0 0.02246987 0.07968027 0.05225339 0.07175982 0.136452 0.1510831 0.01992996 0.04183998 0.06791296 0.080608 0.04032985 0.06949084 0.06019952 0.1414112 0.2012426 0.1910305 0.09603769 0 0.1315158 0.06983852 0.1099584 0.2513347 0.1601921 0.1731916 0.1955797 0.03239324 0.08560015
-9999 -9999 -9999 -9999 -9999 -9999 -9999 -9999 -9999 -9999 -9999 0.009466805 0.1392423 0.01011849 0.009964978 0.009964978 0.0360153 0.1100208 0.05136884 0.04013822 0.2318585 0.0651636 0.06657765 0.03985991 0.08931508 0.1278179 0.1095831 0.2669773 0.09717958 0.04545733 0.1241672 0.1091357 0.02847846 0.1161445 0.09334867 0.006632781 0 0.03985991 0.009964978 0 0.02788997 0.009964978 0.06829076 0.04850562 0.08902402 0.04050601 0.1393258 0.1691304 0.1405873 0.06998111 0.1683238 0.2609182 0.07126217 0.1225145 0.1842724 0.06597235 0.02302579 0.1085629 0.2150232 0.09479376 0.07542107 0.1235444 0.09031435 0.004084663
-9999 -9999 -9999 -9999 -9999 -9999 -9999 -9999 -9999 -9999 -9999 0 0.03185353 0.08968481 0.009964978 0.009964978 0.009964978 0.127507 0.145821 0.127491 0.1495827 0.2016155 0.1161408 0.119593 0.07383493 0.06432009 0.05417318 0.01664733 0.1547831 0.1914537 0.0465549 0.1028621 0.07383051 0.05353059 0 0.06690783 0.123205 0.002386552 0 0.04221798 0.0120628 0.001863609 0.08898848 0.0007687841 0.06940458 0.05096647 0.1192876 0.1043328 0.234711 0.161734 0.1172628 0.1598136 0.08898447 0.2783689 0.09874792 0.2032268 0.06338575 0.08856004 0.08472551 0.1882257 0.1929238 0.162557 0.06784149 0.01463823
-9999 -9999 -9999 -9999 -9999 -9999 -9999 -9999 -9999 -9999 -9999 0 0.08968481 0.02989493 0.009964978 0.02118239 0.1169296 0.1416306 0.1415873 0.0102196 0.1059735 0.1019841 0.229267 0.2401365 0.1730849 0.1575023 0.06567363 0.1032353 0.1795811 0.2232432 0.07805663 0.02801994 0.1727029 0.0516029 0.04532592 0.009964978 0.1164149 0 0.009964978 0.02753687 0.007867153 0.05149509 0.1711269 0.009964978 0 0.1327812 0.1788276 0.1524167 0.1276056 0.2402568 0.1634436 0.2252875 0.0586567 0.2034405 0.1407837 0.1187968 0.2340677 0.1598334 0.2002242 0.06528445 0.09136567 0.2294807 0.02514988 0.03190995
-9999 -9999 -9999 -9999 -9999 -9999 -9999 -9999 -9999 -9999 -9999 0.0111281 0.1388285 0.2355504 0.07761239 0.0176148 0.02112174 0.1819277 0.04406226 0.1094795 0.1552422 0.07714239 0.1354758 0.007623932 0.0129058 0.1111227 0.2099196 0.1269534 0.1269174 0.1476683 0.1148646 0.09527358 0.05334271 0.02920179 0.1829174 0.02989493 0.01992996 0.04982489 0 0 0.006389877 0.1076409 0.1600331 0 0.03043745 0.1151603 0.06182956 0.1981118 0.1098751 0.1651467 0.1445525 0.04898609 0.1214109 0.06022432 0.1894794 0.1674662 0.1379076 0.05632501 0.1203687 0.1089651 0.1088505 0.08096875 0.05283299 0.06460623
-9999 -9999 -9999 -9999 -9999 -9999 -9999 -9999 -9999 -9999 -9999 0.04971646 0.03059364 0.1907119 0.1435344 0.1658576 0.006151824 0.187636 0.1049359 0.02306351 0.1813578 0.2026772 0.1122641 0.2201346 0 0.02395679 0.04447546 0.1448763 0.1751432 0.04408253 0.04867099 0.03186443 0.007089795 0.1022327 0.002518809 0.01992996 0.09125295 0.1328669 0.001431623 0.009089961 0.1623338 0.08324701 0.1063904 0.05106115 0.009964978 0.02001505 0.03970687 0.08456441 0.1083673 0.09233055 0.1339175 0.04235512 0.02208064 0.05978987 0.1295447 0.0433118 0.06221371 0.0431572 0.1056125 0.03427069 0.04982489 0.06525294 0.08072722 0.07936137
-9999 -9999 -9999 -9999 -9999 -9999 -9999 -9999 -9999 -9999 0.01992996 0.1598795 0.009414134 0.07918376 0.04368131 0.1019688 0.1423285 0.04623381 0.00728394 0.02989493 0.06876832 0.1285779 0.2098889 0.2887891 0 0.03637443 0.1191833 0.05560125 0.03027733 0.0600942 0.1695472 0.0133187 0.06854682 0 0.009964978 0 0.01667791 0.1663347 0.01837801 0.001551943 0 0.02596722 0.04159695 0.01987229 0 0.01227623 0.04757373 0.1585067 0.01799332 0.04223635 0.08015428 0.2648511 0.05897655 0.00876129 0.1221961 0.005988832 0.001900718 0.02994136 0.1498782 0.03453634 0.04672145 0.2015511 0.2193398 0.2281006
-9999 -9999 -9999 -9999 -9999 -9999 -9999 -9999 -9999 -9999 0.009964978 0.02989493 0.0005508449 0.2302546 0.03883502 0.09990097 0.1500394 0.009964978 0.05978987 0.1692966 0.08334501 0.1213198 0.143425 0.1719535 0 0.2204343 0.1040087 0.07952534 0.04982489 0.01518362 0.1117304 0.04746938 0.05103292 0.06176103 0.02200636 0.003683218 0.01338796 0.01992996 0 0 0.009964978 0.04982489 0.01819292 0.09075015 0.118743 0.009964978 0.05178281 0.04786135 0 0.009964978 0 0.1036508 0.1271127 0.09256827 0.2504661 0.04860762 0.005294144 0.02222666 0.05240786 0 0.003103445 0.1352808 0.2568247 0.1643168
-9999 -9999 -9999 -9999 -9999 -9999 -9999 -9999 -9999 -9999 -9999 0.009845302 0.02482392 0.1752607 0.01322637 0.08087032 0.05137928 0.04522055 0.1210662 0.1873503 0.1835388 0.1207849 0.06807851 0.09994796 0.04952672 0.01992996 0.04172381 0.2124126 0.02487177 0.004746341 0 0.1043888 0.03870748 0.1000407 0.04538646 0.006281761 0.006542002 0 0.01992996 0.08221012 0.01000723 0 0.04982489 0.0612498 0 0.03178275 0.00807717 0.1598586 0.04522727 0.07743156 0.06601554 0.02056674 0.05893928 0.05057478 0.3153242 0.2067408 0.04553134 0.04643605 0.07314369 0.1195797 0.01628757 0.08328936 0.113356 0.2264074
-9999 -9999 -9999 -9999 -9999 -9999 -9999 -9999 -9999 -9999 -9999 0.02004963 0.05405904 0.08531491 0.1386557 0.0386104 0.1297265 0.001551 0.002019433 -9999 -9999 0.004653044 0.03520687 -9999 0.01123614 0.03858875 0.009964978 0.02508911 0.04870943 0.009964978 0.009964978 0.08522087 0.06336221 0.1869147 0.1395097 0.009964978 -9999 0.02989493 0.02989493 0.00743244 0.009964978 0.01992996 0.02106093 0.1168228 0.09011926 0.00814728 0.009964978 0.04900174 0.0001587274 0.04646051 0.1632326 0 0.1579216 0.113557 0.2196808 0.2216202 0.1220516 0.1091502 0.04600069 0.05623351 0.1787771 0.06228125 0.01665351 0.02755027
-9999 -9999 -9999 -9999 -9999 -9999 -9999 -9999 -9999 -9999 -9999 -9999 0.01932981 0.179678 0.2126655 0.3015855 0.1145137 -9999 -9999 -9999 -9999 -9999 -9999 -9999 -9999 0.009964978 0.009964978 0.06348555 0.2237651 0.1122931 0.05001595 0.01513894 0.01819983 0.001730125 0 -9999 -9999 0 0 0 0.0354078 0.01901728 0 0 0 0 0.009964978 0 0.01977123 0.06975485 0.1930997 0.09584998 0.07053299 0.1138662 0.1957509 0.1255379 0.1787416 0.03326512 0.007179061 0.06766193 0.2245609 0.02404603 0.05311536 0.1850795
-9999 -9999 -9999 -9999 -9999 -9999 -9999 -9999 -9999 -9999 -9999 -9999 0.06512265 0.1973783 0.1315522 0.06348059 0.001223927 -9999 -9999 -9999 -9999 -9999 -9999 -9999 -9999 -9999 -9999 0.07986801 0.09598601 0.009964978 -9999 -9999 -9999 -9999 -9999 -9999 -9999 -9999 0.0003820998 0.06050545 0.1300772 0.008844105 0.001677479 0.02018224 0.008035221 0 0.1055174 0.06034648 0.01378332 1.736676e-005 0.1593677 0.03985991 0.09366822 0.1478099 0.1795698 0.2423251 0.1896973 0.1475923 0.06975485 0.0722562 0.2006779 0.1002692 0.07082924 0.1965442
-9999 -9999 -9999 -9999 -9999 -9999 -9999 -9999 -9999 -9999 -9999 -9999 0.01308261 0.0769209 0.04835344 0.06206325 0.009964978 -9999 -9999 -9999 -9999 -9999 -9999 -9999 -9999 -9999 -9999 -9999 -9999 -9999 -9999 -9999 -9999 -9999 -9999 -9999 -9999 -9999 -9999 0.0006655305 0.03408496 0 0.06975485 0.03424144 0.008842928 0.01286773 0.1748943 0.1152278 0.06947725 0.03398335 0.06052228 0.07005918 0.03085852 0.1341899 0.0274992 0.1508626 0.1697906 0.1263978 0.1399442 0.02766065 0.0253687 0.1893713 0.1618275 0.1649914
-9999 -9999 -9999 -9999 -9999 -9999 -9999 -9999 -9999 -9999 -9999 -9999 -9999 0 0.2291945 0.2049873 -9999 -9999 -9999 -9999 -9999 -9999 -9999 -9999 -9999 -9999 -9999 -9999 -9999 -9999 -9999 -9999 -9999 -9999 -9999 -9999 -9999 -9999 -9999 -9999 0.009964978 0 0.01423078 0.1509358 0.2195909 0.05465243 0.1078795 0.1934801 0.07016327 0.07552802 0.1242257 0.05520935 0 0.00871938 0.07334818 0.04975197 0.0743977 0.102271 0.08747889 0.02249459 0.04323884 0.03683408 0.09964979 0.09012443
-9999 -9999 -9999 -9999 -9999 -9999 -9999 -9999 -9999 -9999 -9999 -9999 -9999 -9999 0.009964978 0 -9999 -9999 -9999 -9999 -9999 -9999 -9999 -9999 -9999 -9999 -9999 -9999 -9999 -9999 -9999 -9999 -9999 -9999 -9999 -9999 -9999 -9999 -9999 -9999 -9999 -9999 0 0.09013315 0.1257091 0.09886171 0.1474456 0.2197253 0.1217152 0 9.108987e-007 0.01518814 0.0938546 0.009964978 0.1319007 0.06244045 0.08535457 0.04073132 0.1005567 0.009964978 0.002189939 0.04330495 0.04693235 0.2057196
-9999 -9999 -9999 -9999 -9999 -9999 -9999 -9999 -9999 -9999 -9999 -9999 -9999 -9999 -9999 -9999 -9999 -9999 -9999 -9999 -9999 -9999 -9999 -9999 -9999 -9999 -9999 -9999 -9999 -9999 -9999 -9999 -9999 -9999 -9999 -9999 -9999 -9999 -9999 -9999 -9999 -9999 -9999 0 0.003405167 0.03645475 0.0387664 0.09733213 0.03159718 0.009964978 0.005127031 0.01480293 0.02050198 0.02989493 0 0 0.001691059 0 0.1424876 0.08685176 0 0 0.02870891 0.1364462
-9999 -9999 -9999 -9999 -9999 -9999 -9999 -9999 -9999 -9999 -9999 -9999 -9999 -9999 -9999 -9999 -9999 -9999 -9999 -9999 -9999 -9999 -9999 -9999 -9999 -9999 -9999 -9999 -9999 -9999 -9999 -9999 -9999 -9999 -9999 -9999 -9999 -9999 -9999 -9999 -9999 -9999 -9999 0 0.001602759 0.01385664 0.006073316 0.02989493 0.1290441 0.01992996 0.009964978 0.01992996 0 0.06743253 0 0 0.008574969 0.1371403 0.03450185 0.02989493 0 0 0 0.08587486
-9999 -9999 -9999 -9999 -9999 -9999 -9999 -9999 -9999 -9999 -9999 -9999 -9999 -9999 -9999 -9999 -9999 -9999 -9999 -9999 -9999 -9999 -9999 -9999 -9999 -9999 -9999 -9999 -9999 -9999 -9999 -9999 -9999 -9999 -9999 -9999 -9999 -9999 -9999 -9999 -9999 -9999 -9999 0 0.00836222 0.1010648 0 0.009964978 0.07851817 0.009964978 0.01046242 0.02989493 0.06869085 0.00232232 0.07971983 0.1498908 0.09804066 0.06746358 0.01416675 0.01992996 0 0.03705898 0 0.04982489
-9999 -9999 -9999 -9999 -9999 -9999 -9999 -9999 -9999 -9999 -9999 -9999 -9999 -9999 -9999 -9999 -9999 -9999 -9999 -9999 -9999 -9999 -9999 -9999 -9999 -9999 -9999 -9999 -9999 -9999 -9999 -9999 -9999 -9999 -9999 -9999 -9999 -9999 -9999 -9999 -9999 -9999 -9999 -9999 0.01412484 0.1385012 0.1069768 -9999 -9999 0 0.02939749 0.07216603 0.1078593 0.009370475 0.2081455 0.08818192 0.0290593 0.02221327 0 0 0.01992996 0.04266084 0.02989493 0.04961982
-9999 -9999 -9999 -9999 -9999 -9999 -9999 -9999 -9999 -9999 -9999 -9999 -9999 -9999 -9999 -9999 -9999 -9999 -9999 -9999 -9999 -9999 -9999 -9999 -9999 -9999 -9999 -9999 -9999 -9999 -9999 -9999 -9999 -9999 -9999 -9999 -9999 -9999 -9999 -9999 -9999 -9999 -9999 -9999 0.03985991 0.08971275 0.09247099 -9999 -9999 -9999 0.0621869 0.1365696 0.08040937 0.01055948 0.01996656 0.1133355 0.104474 0.09344469 0.02989493 0.01992996 0 0.03985991 0.01992996 0.01992996
-9999 -9999 -9999 -9999 -9999 -9999 -9999 -9999 -9999 -9999 -9999 -9999 -9999 -9999 -9999 -9999 -9999 -9999 -9999 -9999 -9999 -9999 -9999 -9999 -9999 -9999 -9999 -9999 -9999 -9999 -9999 -9999 -9999 -9999 -9999 -9999 -9999 -9999 -9999 -9999 -9999 -9999 -9999 -9999 -9999 -9999 -9999 -9999 -9999 0 8.398973e-005 0.08966451 0.0397502 0.08669961 0.002327406 0.0517034 0.04932723 0.03985991 0 0.009271271 0.06345253 0.01992996 0.06698911 0.08339863
