EnvRasters/BAU_High/unreg.asc
ncols         270
nrows         223
xllcorner     24099.479091542
yllcorner     21023.840179216
cellsize      1003.8986847201
NODATA_value  -9999
[rows 140 to 167 of 223, columns 128 to 191 of 270]
0.06423437 0.1365248 0.09296212 0.3023112 0.01626598 0.07484433 0.1785884 0.08602544 0.04630635 0.09791327 0.1237112 0.1008599 0.03360195 0.02640831 0.09750243 0.08236526 0.218491 0.1283785 0.1712956 0.04827668 0.003094606 0.09180157 0.08756804 0.01174151 0.05009048 0.04993996 0.009964978 0.000551507 0.009457598 0.08002415 0.161302 0.1094471 0.01992996 0.02989493 0.1151445 0.06521695 0.120867 0.07498944 0.02753768 0.01624551 0.03985991 0.02989493 0.03379422 0.07080755 0.02023428 0.03545045 0.09520572 0.06388307 0.08696781 0.02340847 0.04997307 0.08012825 0.02335518 0.05681991 0.04557113 0.03543314 0.0343665 0.00169122 0.02598409 0.1135256 0.05978987 0.02905294 0.07059123 0.02019037
0.08968481 0.09977973 0.04931928 0.01812904 0 0.01831486 0.1260322 0.04796033 0.01355363 0 0.04816055 0.03165776 0.01488723 0.02183882 0.09568105 0.009923783 0.05831266 0.2231885 0.04544226 0.1565216 0.1126313 0.009964978 0.2192295 0.2141408 0.1322104 0.03860632 0.1006896 0.009684065 0.1364136 0.009964978 0.03121119 0.05003403 0.03830288 0.002722296 0.1057736 0.07995057 0.04025273 0.05981028 0.01673435 0.03357938 0.01331328 0.06983957 0.2400514 0.08170498 0.009964978 0.01992996 0.005402035 0 0.02408182 0.1486171 0.1397465 0.0446631 0.003021903 0.0171887 0.01963644 0.01502712 0.01155163 0.003861712 0.1195797 0.05978987 0 0.03985991 0.09123088 0.2686494
0.2467165 0.219171 0.1864326 0.1000593 0 0 0.05460011 0.03444329 0.1190486 0.03032755 0.0957148 0.009964978 0 0 0.02955972 0.00430395 0 0.02767754 0.04483314 0.0347193 0.001405032 0.05469623 0.04815371 0.09964979 0 0 0.1595384 0.03017585 0.062886 0 0.03043419 0.01077363 0.01992996 0.009964978 0.0752952 0.1512768 0.2043248 0.04753213 0.06633981 0.04982489 0.05605002 0.08676659 0.09553019 0.03222857 0.190625 0 0.01547755 0.004452403 0.1321472 0.1474998 0.1285715 0.1157761 0.02274357 0.04024179 0.1638971 0.2444374 0.1623002 0.2005098 0.03102577 0 0.06050637 0.04075189 0.2895351 0.1286642
0.1789727 0.02908235 0.06067491 0.1375516 0.1068329 0.01992996 0.1985494 0.03565628 0.04395522 0.03476053 0.02473802 0.0151219 0.02989493 0.03761172 0.005469293 0 0 0 0.01992996 0.08380616 0.02094291 0.01519624 0.03142849 0 0.009964978 0.1997823 0.0495372 0.04014761 0.06975485 0.06106647 0.1292498 0.03887825 0.001538267 0.008426712 0.03210163 0 0.06039174 0.08849435 0.1668448 0.1395097 0.05902286 0.1607742 0.04695316 0.01976272 0.07508063 0.1225449 0.02643979 0 0.05978987 0.06684883 0.06285648 0.122911 0.04250442 0.007208936 0.07907225 0.1413595 0.1049757 0.06555301 0.01992996 0 0.03903636 0.2389639 0.0481736 0.04089335
0.003256656 0.009964978 0 0.03985991 0.01315527 0.006774687 0.04654217 0.03708227 0.05779091 0.06877349 0.03491119 0.03883986 0.06700154 0.04381943 0.03586876 0.01992996 0.009964978 0.01992996 0.01208744 0.06167812 0 0.001237647 0.009964978 0 0 0.02941225 0 0.03951009 0.0592839 0.05978987 0.02989493 0.04140614 0.06820862 0.009964978 0.120018 0.03277143 0 0.009964978 0.06307479 0.04371064 0.2095168 0.1074816 0.01712552 0.005097181 0.02534874 0.0869152 0.2008196 0.03985991 0.04527926 0.0968571 0.07207942 0.01741557 0.08223421 0.05978987 0.3285115 0.1776117 0 0.1019669 0.1734458 0.02994359 0.0835499 0.0400081 0.03930501 0.02249129
0.05593861 0.02262365 0.0561124 0.001975863 0.03090164 0.1137137 0.03053955 0 0.06167205 0.09139124 0.1144276 0.06524872 0.08227978 0.0700852 0.05351671 0.01992996 0.04229806 0.03773616 0.0127247 0.01611819 0.03181846 0.03998442 0.01992996 0.02989493 0.01062448 0.09058417 0.04012406 0.03998442 0.2401194 0.08607434 0.08785489 0.008646647 0 0 0.05673121 0.01192685 0.06218251 0 0.02989493 0.009964978 0.009964978 0.1515859 0.05543986 0 0.03453873 0.17518 0.3840789 0.0229034 0.06254761 0.01992996 0.009964978 0 0 0.1046506 0.2515365 0.01098322 0 0.00964089 0.008585228 0.05997034 0.08603234 0 0.02989493 0.01186387
0.06930591 0.0327708 0.09094688 0.07448263 0.06536471 0.1687441 0.06115811 0.01992996 0.06484807 0.1611944 0.09476902 0.009964978 0.01612155 0.08164644 0.1676406 0.01296102 0.08725005 0.05978987 0.07197017 0 0.09130158 0.01856781 0.1096148 0.1406612 0.1595933 0.2493412 0.01956814 0.01106449 0.05909823 0.1785343 0.2030488 0.07107318 0 0.009964978 0.01992996 0.02989493 0.04743226 0.05700857 0 0.01992996 0.01992996 0.04491258 0.2276377 0.07690911 0.04874165 0.0605383 0.1048207 0.09645326 0.2429101 0.01284584 0 0.003462236 0.06642808 0.289912 0.04563298 0 0 0.2364666 0.07021604 0.03985991 0.03985991 0 0.01992996 0.1032725
0.1180518 0.1073579 0.01348348 0.1497966 0.1620288 0.0214737 0.009964978 0.09478574 0.2190684 0.08094125 0.03581407 0.05646689 0 0.0274916 0.05208042 0.006968935 0.04706307 0.02989493 0.06209805 0 0.07312767 0.05715196 0.01113372 0.09813625 0.1101561 0.1086164 0.01014329 0.009993593 0.0002817523 0.112183 0.0779755 0.02989493 0.01860038 0.02989493 0.09916358 0.1596139 0.05637573 0.03267623 0.08772138 0.02663958 0.02235969 0.1044478 0.282288 0.1074599 0.07263485 0.05778313 0.2287824 0.03431332 0.01720362 0 0.03562897 0.1064048 0.1531058 0.1179632 0 0 0.09103794 0.1219092 0.02162874 0 0.009964978 0.04982489 0.08382792 0.1357864
0.2032252 0.1996292 0.1498091 0.1185431 0.1033012 0.02438018 0.07018467 0.1782697 0.1448174 0.0738241 0.1329205 0.1329329 0.01380858 0.02054455 0.1541152 0.07799045 0 0.03985991 0.06974361 0.1096148 0.1735155 0.09415451 0.07877734 0.1487179 0.02025674 0.1100232 0.06972472 0.08854992 0.02989493 0.05256047 0.04695357 0 0.09101438 0.1027415 0.180004 0.08754287 0.05801652 0.01173833 0.02901377 0.2296317 0.1040643 0.01026629 0.1214468 0.1786358 0.188365 0.155755 0.05633762 0.03748605 0.1449881 0.004486539 0.07419358 0.04161164 0.01992996 0.01932905 0 0.1615196 0.3204392 0.1234558 0.1780902 0.009125945 0 0.05142076 0.05741787 0.02033614
0.02605706 0.09299559 0.05170649 0.09758415 0.02596291 0 0.07900485 0.2467756 0.1266113 0.2181474 0.01135794 0.02586917 0.06591126 0.1251995 0.1727736 0.14737 0.01816044 0.02169947 0.08517255 0.07971983 0.1407916 0.1584384 0 0 0 0 0.01238236 0.1572724 0.1594397 0.03985991 0.1826233 0.04746396 0.01992996 0.05315086 0.01660399 0.002141939 0.05746014 0.05897104 0.1174456 0.214404 0.1676698 0 0.04387559 0.01431896 0.09843419 0.2717445 0.06944819 0.09770251 0.01239547 0.02405196 0.05857903 0.01505798 0 0.06990737 0.05005115 0.05744582 0.07751799 0.1139235 0.1129706 0.09175742 0.2103773 0 0.08053678 0.04207464
0 0 0.003394473 0 0 0 0.04688805 0.1074645 0 0.08876502 0.004550511 0.01565779 0.08195741 0.07549117 0.04317712 0.02086368 0.0118046 0 0 0 0.01989469 0.08112668 0.01580437 0.06125211 0.02160879 0.00962701 0.02014497 0.151313 0.07788151 -9999 0.01992996 0.04281144 0.03690838 0.07700533 0.09066251 0.167848 0.1737181 0.0905217 0.02726378 0.1523865 0.1552693 0.004170414 0 0.1493551 0.1540784 0.1327694 0.0648261 0.1448928 0.03911365 0.01580796 0.08574498 0.06353629 0.2070915 0.1051124 0.04982489 0.05027143 0.0294484 0.185341 0.1243182 0.03010109 0.02720272 0.03300553 0.1146066 0.07434682
0 0 0 0 0 0 0.01992996 0.03985991 0 0.01818676 0.06914148 0.1382989 0.1899925 0.02473252 0 0 0 0 0.009964978 0.1781793 0.2981473 0.1284355 0.04524785 0.04790349 0.1597724 0.078077 0.009749968 0 -9999 -9999 -9999 -9999 -9999 0 0.01170177 0.138098 0.01550088 0.009964978 0.0627498 0.1907665 0.01849807 0.009964978 0 0.06975485 0.02434723 0.009964978 0.009964978 0.06408402 0.01099894 0 0 0.06222474 0.1690904 0.1668589 0.03287163 0 0.01992996 0.09198707 0.1172523 0.02026199 0.244004 0.1985784 0.1126985 0.08350603
0 0 0 0 0 0 0 0.06048592 0.06957973 0.1827389 0.09594899 0.2327404 0.05534136 0.0008132596 0 0 0 0.03985991 0.06856238 0.13077 0.01989719 0.05150149 0.09947817 0.05348267 0.06627362 0.01992996 -9999 -9999 -9999 -9999 -9999 -9999 -9999 0.08029379 0.07604638 0.09429538 0.009964978 0 0.02713196 0.01992996 0 0 0.01992996 0.03747622 0.05738327 0.07216145 0.008141006 0.001823972 0.004495502 0 0 0.009964978 0.08922322 0.2225228 0.03803742 0.1656562 0.03802998 0.0113845 0.06967652 0.114057 0.06490377 0.1023037 0.1578057 0.1292515
0.005824034 0.00328101 0.03360474 0.005384276 0.004580703 0 0.02121332 0.02919889 0.07401912 0.2528083 0.08257867 0.005779524 0.004803069 0.00126272 0.1055771 0.1767633 0.05825271 0.04161753 0.03218899 0.02456833 0.02034064 0.04941421 0.01842498 0.00114241 0.007812051 -9999 -9999 -9999 -9999 -9999 -9999 -9999 0 0.05638933 0.1577494 0.07165903 0.0317827 0.03483556 0.1128302 0.04788263 0.01664088 0.05978987 0 0.01234868 0.02989493 0 0 0.01867055 0.07304436 0.02126878 0.1238094 0.05947146 0.02064271 0.08650658 0.05084396 0.1048237 0.1468302 0.1296878 0.189906 0.2047926 0.1166729 0.1086976 0.1762081 0.08816303
0.03266073 0.2704476 0.1845021 0.0794541 0.01327368 0.1237576 0.1323816 0.003589651 0.0656276 0.2755273 0.06142152 0.03430131 0.02989493 0.04982489 0.04982489 0.1485987 0.1203294 0.1092803 0.1300645 0.09211902 0.01082718 0.03460694 0.009964978 0.05108441 0.01992996 -9999 -9999 -9999 -9999 -9999 -9999 -9999 0.01863669 0.05111816 0.08139541 0 0.02350427 0.04268797 0.1178037 0.1067994 0.04988642 0 0.05724305 0.0754611 0.02673551 0.01992996 0.02514289 0.09649615 0.1892085 0.1243279 0.009781298 0.00801622 0.14633 0.1305598 0.07971983 0.06534924 0.1504886 0.1512743 0.04806301 0.2383319 0.08083577 0.07402033 0.1398661 0.1340937
0.002797996 0.009964978 0.130676 0.05223897 0.03602595 0.1080744 0.04550485 0.07438841 0.2207182 0.1470966 0.2409613 0.1448392 0.04982489 0.05856472 0.001225148 0.04948266 0.02036336 0.01008726 0.137112 0.06241195 0.05367249 0.08420212 0.009964978 0.0386004 0 -9999 -9999 -9999 -9999 -9999 -9999 0 0 0.06985096 0.1972981 0.03369549 0.04560826 0.01418162 0.04982489 0.07973127 0.1175441 0.06823328 0.03272356 0.05815156 0.009964978 0.04535349 0.03004546 0.009964978 0.06451809 0.1331751 0.05857103 0.1871821 0.2925037 0.006703848 0.009964978 0.135646 0.08811362 0.05227366 0.05336359 0.1042815 0.005713007 0.05613305 0.03639031 0.1312564
0 0.09614221 0.08784179 0.09564311 0.03234169 0.09287677 0.2403341 0.1084508 0.1879982 0.1257337 0.008113116 0.05826816 0.0596354 0.2001047 0.009964978 0.01649004 0.01308699 0.05028548 0.04906059 0.06058676 0.05870062 0.007115105 0 -9999 -9999 -9999 -9999 -9999 -9999 -9999 0.009964978 0.03985991 0 0.009964978 0.137641 0.1469244 0.2232504 0.1141379 0.07336266 0.1259573 0.002365995 0.06407656 0.128802 0.1020529 0.07354683 0.1366269 0.03449645 0.03869436 0.03611223 0.08040786 0.042119 0.02415518 0.03079278 0.04194177 0.06474341 0.07999813 0.09279099 0.03769813 0.06063531 0.02684442 0.1172152 0.2966065 0.1865906 0.0815613
0 0.02461126 0.07112881 0.03077653 0.1188759 0.04448544 0.1528945 0.1422182 0.1617915 0.1055547 0.07828435 0.0349305 0.1742709 0.11809 0.07097677 0.03407104 0.03329197 0.06640517 0.0644716 0.09655814 0.09964979 -9999 -9999 -9999 -9999 -9999 -9999 -9999 -9999 -9999 0 0.01916876 0.009047638 0.02989493 0.03883027 0.09366029 0.1225664 0.2222729 0.03323472 0.1297213 0.1522768 0.02391135 0.0564082 0.1040732 0.1148053 0.09434848 0.1605252 0.09634509 0.05978987 0.07182129 0.2812597 0.05103411 0.06169863 0.1324561 0.1910438 0.1338101 0.04199376 0.222013 0.1470169 0.0801978 0.1323449 0.1251956 0.1302575 0.02805346
0.02463496 0.01992996 0.09901094 0.0392306 0.1277114 0.09324692 0.08652323 0.3186904 0.09454998 0.08903553 0.1633451 0.07865237 0.05978987 0.08565757 0.08567236 0.1428224 0.08357418 0.07314862 0.007238949 0 0 -9999 -9999 -9999 -9999 -9999 -9999 -9999 -9999 -9999 0.004885273 0.06494203 0.0009173407 0 0.02152392 0 0 0 0.06695361 0.2827906 0.1349377 0.04382853 0.04335364 0.2032468 0.1751477 0.1244708 0.01524307 0.0148533 0.1688675 0.2256294 0.1811522 0.1312633 0.1464059 0.1214067 0.3619456 0.2112286 0.2522876 0.3036198 0.06950939 0.02989493 0.1788475 0.1856149 0.03568766 0.07787358
0.08648296 0.01228377 0.03754112 0.08968481 0.06694022 0.09386709 0.1050496 0.09358002 0.1912421 0.153457 0.1907485 0.0701893 0.1196759 0.2381379 0.2579514 0.07187266 0 0.01992996 0 0 -9999 -9999 -9999 -9999 -9999 -9999 -9999 -9999 -9999 0 0.05973385 0.2863437 0.08547399 0.01417579 0 0 0 0 0 0.1650376 0.2706443 0.5125924 0.06467392 0.1887658 0.04822195 0.06124597 0.01982024 0.149819 0.20493 0.1046705 0.07888721 0.04799821 0.101556 0.1800166 0.04927316 0.03750566 0.0527878 0.02693203 0.01561266 0.00195785 0 0.1111562 0.02126323 0.1546185
0.07197736 0.1269653 0.2794018 0.04300133 0.04644667 0.05217463 0.0616972 0.1649214 0.167719 0.1922813 0.2027235 0.06138565 0.03948739 0.3614885 0.1935337 0.03300444 0 0.01992996 0 0 0 -9999 -9999 -9999 -9999 -9999 -9999 -9999 -9999 0.03985991 0.03019894 0.003081461 0.01582324 0.04396663 0 0 0 0 0.06306873 0.2727845 0.3514149 0.270283 0.1977893 0.09256287 0.02989493 0.2050039 0.03443622 0.06035215 0.1090989 0.005222553 0 0.07330859 0.1920627 0.1082811 0.03732118 0.04272669 0.007098205 0 0 0.0121953 0.01933395 0.09810832 0.01859668 0.02675391
0.04037244 0.1538456 0.09333078 0.1228469 0.1160341 0.1697317 0.1702042 0.2093116 0.2303683 0.1729598 0.01003548 0 0.0004022535 0.0195277 0 0.01995036 0 0 0 0 0 -9999 -9999 -9999 -9999 -9999 -9999 -9999 -9999 0.01524857 0.01464636 0.009964978 0 0.02637881 0.003516124 0 0 0.009964978 0.05776936 0.1168868 0.220869 0.001411862 0.09238622 0.01035228 0 0.03418624 0 0.02049434 0.08973124 0 0 0.02123524 0.03867913 0.03498948 0 0 0 0 0 0 0.04623272 0.04154628 0 0
0.0342558 0.1326027 0.09460814 0.1904749 0.0667137 0.07794859 0.1084057 0.03755383 0.001177374 0.04982489 0 0 0 0.01992996 0 0.006246491 0 0 0 0 0 -9999 -9999 -9999 -9999 -9999 -9999 -9999 -9999 -9999 0 0.009964978 0.009201705 0.01901054 0.009964978 0 0.06017441 0.1214228 0.0575172 0 0.1168738 0 0.006668555 0.0002077099 0 0 0.01139173 0.1773785 0.01486046 0 0 0.0157713 0 0 0 0.01992996 0.009964978 0 0 0 0 0.00827861 0 0
0.05890291 0.1445466 0.229352 0.3724585 0.04741144 0.06631818 0.1644442 0.07417731 0.09060194 0.009964978 0 0 0 0 0.001343274 0.0717328 0.05991565 0.004030493 0.08270615 0.04511216 0.01703903 -9999 -9999 -9999 -9999 -9999 -9999 -9999 -9999 0 0 0.06561588 0.1306123 0.01121475 0.1302219 0.05593134 0.1707506 0.2179389 0.06206254 0 0.06094545 0.00654092 0.0002609512 0 0 0 0 0.009964978 0 0 0.009964978 0.01252529 0.007404669 0 0.009964978 0.01992996 0.1851922 0.01992996 0.02989493 0 0.03985991 0.001727177 0.009964978 0.065401
0.234828 0.1938575 0.1186909 0.1675849 0.02123401 0.1035867 0.08648564 0.01090017 0 0 0 0 0 0 0.009964978 0.2884948 0.3420599 0.1358737 0.08502784 0.05276787 -9999 -9999 -9999 -9999 -9999 -9999 -9999 -9999 -9999 0 0.01992996 0.07981858 0.1815038 0.1329103 0.01230951 0.01154062 0.03985991 0.07772218 0.02989493 0.03736781 0.03985991 0.003045198 0.03997782 0 0 0 0 0 0 0.07654668 0.1771099 0.02989493 0 0.1113829 0.03938114 0 0.01410741 0 0 0.01992996 0.2253635 0.3106757 0.07442536 0.09277141
0.07142205 0.03799377 0.02561233 0 0 0 0 0 0 0 0 0 0.07971983 0.06116713 0.05841261 0.2924214 0.2150786 0.1060344 0.006966001 0 -9999 -9999 -9999 -9999 -9999 -9999 -9999 -9999 -9999 0 0.009964978 0.09008015 0.1056661 0.2065841 0 0.01860332 0 0.04067777 0.09985001 0.2027712 0.009964978 0 0.03985991 0.006504366 0.06079242 0.008962426 0 0 0.01992996 0.09938877 0.2369861 0.02455263 0.2318903 0.1908209 0.2344014 0 0.02533423 0.05635906 0 0 0.03650241 0.1870634 0.03119566 0.01992996
0.01217419 0.01253853 0.03436325 0.1071781 0.06304869 0 0 0 0 0.09964979 0 0 0 0 0 0 0 0 0 0 -9999 -9999 -9999 -9999 -9999 -9999 -9999 -9999 -9999 0.02023721 0.03683611 0.02321341 0.009964978 0.07625229 0.1018835 0.06111651 0.1179352 0.06693052 0.03541045 0.06344132 0.01019779 0 0.01667192 0.08960489 0.1797785 0.03237298 0.06831785 0.03985991 0 0.06512528 0.02513418 0.0189006 0.251324 0.2632585 0.1283807 0.009964978 0.2932643 0.3410764 0.3846922 0.03884499 0 0 0.009964978 0.009964978
0 0 0.08977766 0.1539097 0.1940424 0 0 0 0.005740669 0.03985991 0 0 0 0 0 0 0 0 0 0 0 -9999 -9999 -9999 -9999 -9999 -9999 -9999 -9999 0.06655122 0.08293783 0.05978987 0.05845671 0.1235254 0.2337759 0.08477728 0.3159788 0.08172273 0.07302734 0.1230047 0.05975845 0 0.0140333 0.1769272 0.02732337 0.1487728 0.2541514 0.1104592 0 0 0 0.003627296 0.03795436 0.1440456 0.03985991 0.009454989 0.2814701 0.3311816 0.06634784 0.1396867 0.05207609 0.08032926 0.145598 0.003374321
