EnvRasters/BAU_High/unreg.asc
ncols         270
nrows         223
xllcorner     24099.479091542
yllcorner     21023.840179216
cellsize      1003.8986847201
NODATA_value  -9999
[rows 56 to 83 of 223, columns 0 to 63 of 270]
-9999 0 0.009964978 0.01992996 0 0.03016582 0 0.005612387 0 0 0 0 0 0.007147808 0 0.004368663 0.005596315 0 0 0 0.04154541 0.02820944 0.01103387 0.09669161 0.0131527 0.009964978 0.02882985 0.07650109 0.02410501 0.01868175 0.009964978 0.04115613 0.07045592 0.01992996 0.009964978 0.01992996 0.02756754 0.05130616 0.08017234 0.02716661 0.05978987 0 0 0.009964978 0.0452143 0 0 0.08998591 0.08193907 0.005466466 0 0.04994939 0.03477656 0.02128795 0.0008787903 0 0 0 0.06179114 0.06825926 0.002275017 0 0.008524869 0.04027037
-9999 -9999 0.01055956 0.05919529 0 0.01992996 0 0.02220232 0.02189485 0 0 0.04324549 0.07950452 0 0 0 0 0 0 0 0.009964978 0 0.048756 0.02939858 0.009964978 0.03898711 0.07774613 0.01195346 0.01992996 0.03766568 0.009333656 0 0.01992996 0 0.01992996 0.01695854 0.04185977 0.03788047 0.01992996 0.01992996 0.06000939 0.05534979 0.004460176 0.0601547 0.03485561 0 0.004313086 0.0760313 0.07542155 0.009964978 0.02989493 0.04685944 0.09964979 0.05062029 0.006932803 0 0 0 0.06084831 0.09581064 0.00880254 0.001623962 0 0.0003319498
-9999 -9999 0 0 0 0 0.0167632 0.007814774 0.03562266 0 0.02536983 0.01539833 0.01675969 0 0 0 0 0 0.009964978 0 0.01992996 0 0.009964978 0.0474076 0.04008617 0.1326297 0.03094524 0.01929509 0.009964978 0.06936372 0.1328316 0.03107295 0 0.007560475 0.0704352 0.08056806 0.03889263 0 0.01121615 0.05720439 0.02415053 0 0.03747822 0.09708297 0.07357334 0.05015524 0.05990519 0.01139554 0.02481883 0.03012119 0.004849851 0.02873807 0.07399604 0 0 0.02197333 0.03985991 0 0.02098441 0.009964978 0.08776466 0.0114236 0.0400816 0.02989493
-9999 -9999 0 0.009964978 0 0 0.005316959 0.01992996 0 0 0.04825443 0.01062721 0.004132309 0.00583267 0 0 0 0 0.009964978 0.01992996 0.009964978 0.009964978 0 0.07012368 0.01794149 0.0223655 0 0.0006348669 0.009964978 0.01874296 0.08968481 0.03985991 0 0.01236948 0.01992996 0.05533655 0.02680819 0.04982489 0.01071556 0.04285585 0.09547003 0.07912362 0.0437012 0.04657981 0.005084984 0 0 0.01992996 0.03985991 0.003625219 0 0.01684562 0 0 0.00221992 0.007921607 0 0.009964978 0.01014153 0.03839164 0.02139823 0.009157409 0.0404458 0
-9999 -9999 -9999 0 0 0 0 0 0 0.009964978 0 0 0 0 0 0 0 0 0.01992996 0.05139083 0.02113156 0.009964978 0 0.03921511 0.009772696 0.0083356 0.0703092 0 0.009964978 0.001186993 0 0.01992996 0.009964978 0.04173099 0.03798883 0.02989493 0.00308675 0 0.01992996 0.1350486 0.08611786 0.07514881 0.009964978 0.009964978 0.03486779 0.01470361 0.05978987 0.002103505 0.03966517 0.0362347 0.01992996 0.01992996 0.07648561 0.003234221 0.007745059 0.002032131 0 0 0.08701952 0.02136424 0 0.009964978 0.01992996 0.0199395
-9999 -9999 0 0 0.01540288 0.009964978 0.01480433 0 0 0 0.009964978 0 0 0 0.05603461 0.01372024 0.002367065 0 0 0.07510211 0.02178014 0.02737374 0.0025212 0 0 0.08719432 0.08328535 0.05978987 0 0 0.01992996 0.0648069 0 0.009964978 0.011374 0.01852093 0.08168545 0.01796433 0 0.06948903 0.1415016 0.05455184 0 0 0.07971421 0.05505124 0 0.003157668 0.04056718 0.05361308 0.1165745 0.003634681 0.05978987 0 0 0.007932847 0 0 0.009964978 0 0.0008814516 0 0 0.1003189
-9999 -9999 0 0 0.06431694 0 0.04498554 0 0.01992996 0 0 0.04360063 0 0 0 0 0.01375428 0.02373857 0 0 0 0.009964978 0 0.05932118 0.02943635 0.05228664 0.01992996 0.03928064 0 0 0.07433189 0.03554712 0.01922572 0.06975485 0.1195797 0.0533368 0.06347765 0 0 0.01115871 0.00671984 0.1169288 0.04982489 0.03950236 0.09061956 0.03985991 0.009964978 0.04982489 0.04380659 0.09443391 0.05669075 0.01992996 0.007277263 0.01794363 0.05978987 0.009964978 0.01992996 0.1012543 0.009964978 0.01992996 0.03897846 0.02036256 0.02992178 0.03037265
-9999 0 0 0 0 0.009964978 0 0.009964978 0 0.01425129 0.04958596 0.05604915 0 0 0 0 0 0 0.009964978 0.01992996 0.03131389 0 0 0.07596027 0.07197994 0.02989493 0 0.0005792753 0 0.08857943 0.09339202 0.02907864 0 0.06138903 0.08168478 0.09871217 0.141587 0.02989493 0 0.006257195 0.03748393 0.07478174 0.01992996 0.0737624 0.07530601 0.01682733 0.05081672 0.04406121 0.02594826 0.05789517 0.1331138 0.06975485 0.03732834 0.02480423 0.03703754 0.009964978 0.008624691 0.1208884 0.0113817 0.09091935 0.02082619 0.02943549 0.03985991 0.05978987
0 0.009964978 0.02247635 0.09710339 0 0 0 0.01483952 0 0 0.005917589 0.007276793 0 0 0.009964978 0 0.01992996 0 0 0.01750275 0.0322905 0 0 0.02876311 0.001556248 0.009545904 0.06988505 0.02970543 0.01992996 0.001105377 0.02242698 0.03985991 0 0 0.05975823 0.04738667 0.008418305 0.03717951 0.03665309 0.05595903 0.1118744 0.03434509 0.01019123 0.01068135 0.0147918 0.1285342 0.1433279 0.115891 0.02768438 0 0.01357736 0.03269685 0 0.07777885 0.05691959 0.01992996 0.04380114 0.09737927 0.1288256 0.00873043 0.04892866 0.02106059 0.06063988 0.01907995
-9999 0 0.009964978 0.001817686 0.01387501 0 0.009964978 0.06488031 0 0.009964978 0 0.03258312 0 0.009964978 0 0 0.01992996 0.04710133 0.02265353 0.01992996 0.008577664 0.01839767 0.01149726 0.0603388 0.04940047 0.01992996 0.05991196 0.0003562989 0 0.009964978 0 0 0 0 0.03225509 0.002438225 0.002980567 0.083341 0.1705486 0.2132501 0.07248392 0.09142824 0.07136297 0.02960856 0.02539719 0.06420393 0.04982489 0.03985991 0.04394025 0.04982489 0.02345227 0.06084888 0.06512426 0.06661954 0.02168877 0.01189078 0.08595193 0.04149961 0.009964978 2.576027e-005 0.03093634 0.08017602 0.02906299 0.01117136
-9999 0 0.009964978 0.00134532 0.01285692 0 0.01992996 0.004588505 0.005376473 0.009964978 0 0 0 0 0.06975485 0.02567487 0 0 0.01186153 0 0.05140916 0.03114089 0.02989493 0.1177301 0.03119569 0.0002570386 0.009964978 0.01992996 0 0 0.06008248 0.05568814 0.009964978 0.008088043 0.02989493 0.009964978 0 0.02755222 0.04292006 0 0.04334735 0.01644252 0.07928972 0.04561341 0.05877845 0.09984371 0.06975485 0.04982489 0.1084397 0.04285409 0.05256674 0.0351037 0.06027075 0.03297024 0.01992996 0.05394127 0.08919519 0.04943445 0.03145094 0.06001343 0.1003323 0.1297549 0.04688664 0.03985991
-9999 0 0 0 0.0117032 0.09332474 0 0 0.009964978 0.005457399 0.00874068 0.04173544 0.02627431 0.02355058 0.009964978 0.0214684 0.005301228 0.02797825 0.03426946 0.05824749 0.1839596 0.018684 0.03985991 0.009964978 0 0.04007969 0 0.01091681 0.01852689 0.009964978 0.0787425 0.08235466 0.02449762 0.05356825 0.05978987 0 0.02079375 0.1220706 0.03678025 0.03985991 0.05978987 0.02989493 0.05965727 0.08993708 0.01422055 0.02488638 0.02473335 0.009964978 0.02413479 0.009964978 0.02363472 0.04478239 0.1082923 0.06277157 0.02989493 0.042133 0.04054164 0.04172258 0.02833894 0.009964978 0.1017807 0.04145822 0.01992996 0.01992996
-9999 0 0 0 0.01405689 0.03038984 0 0.009964978 0.01992996 0.009964978 0.009803214 0.01805443 0 0 0 0.007361432 0.08966874 0.05758665 0.007813803 0.009964978 0.1231394 0.02445911 0 0 0.02027882 0.06892918 0.009964978 4.449463e-005 0.000406737 0.03068859 0.07939005 0.007847481 0.02401439 0.1254751 0.09964979 0.02989493 0.01262826 0.09964979 0.0329746 0.01949568 0.03032921 0 0.01992996 0.01992996 0.009964978 0.04997594 0.09181609 0.0528552 0.01572512 0.06975485 0.112159 0 0.07971983 0.04599522 0.04070788 0.05936839 0.04250278 0.04796222 0.02044748 0.03027733 0.117623 0.1194076 0.009964978 0
-9999 0 0 0 0.009964978 0 0 0.009964978 0.02547339 0.0103734 0.009906763 0.009964978 0 0 0 0.009964978 0 0.009964978 0 0 0 0.02713924 0 0.01072564 0.02989493 0.009964978 0.01005593 0.001464758 0.05015524 0.09683617 0.01269865 0 0.03152287 0.001888176 0 0 0.02727247 0.02989493 0.02989493 0.01992996 0.01992996 0.05212469 0.06562299 0 0.02989493 0.06309337 0.0612576 0.02989493 0 0.119851 0.07085027 0.04342893 0.009072925 0.05007717 0.0387955 0.02232789 0.01770857 0.1008829 0.03449939 0.05898609 0.1010362 0.105728 0.03985991 0.01992996
-9999 0 0.01256167 0.009817473 0.009964978 0 0.0053613 0 0 0.01992996 0.0581793 0.009964978 0 0.009964978 0.00312323 0 0 0.0025507 0.1384958 0.0209439 0.01992996 0.03985991 0.08203182 0.04880882 0 0 0.03976896 0.05314477 0.1416536 0.05725142 0.02687472 0.009964978 0.05978987 0.01992996 0.01992996 0.087369 0.03251741 0 0.009964978 0.09301433 0.009964978 0.02759514 0.0340268 0.03109048 0 0.07174314 0.08771692 0.009964978 0.02989493 0.05415558 0.1065266 0.04749634 0.02989493 0.09219205 0.0816763 0.01771133 0 0.0001711647 0.04758181 0.05864777 0.01168971 0.04011219 0.04784789 0
-9999 0.006734956 0.05565206 0.05151352 0 0.01992996 0.004603678 0.01992996 0.07298195 0.03142495 0.04147048 0.02393239 0.06905631 0.03985991 0.05104395 0.002127151 0.01106514 0.07716913 0 0.009964978 0.05956675 0.01018622 0.1086998 0.06975485 0 0 0.02989493 0 0.03265259 0.06104647 0.008135726 0.009964978 0.003376752 0.006588226 0.02989493 0.04997542 0.004672131 0.119832 0.05178934 0.06306294 0 0 0.08574989 0.02869939 0.02989493 0.02721091 0.02763629 0.02787161 0.04016424 0.07437165 0.05725079 0.009158959 0.1099451 0.07317697 0.07256508 0.04741036 0.05138624 0.08096907 0.04519453 0.0116196 0.008310361 0 0.002593622 0.01733634
-9999 0.003230022 0 0 0 0.01992996 0.03985991 0 0.02800331 0.1546787 0.04236215 0.08776815 0.1809625 0.02989493 0.0234255 0.009964978 0.04872473 0 0.01992996 0.009775845 0.0001891331 0.01992996 0.02204507 0.1063599 0 0 0.02998813 0.02989493 0 0 0.0429403 0.02571064 0.009964978 0 0 0.05199017 0.03985991 0.03520971 0.06464265 0.003362384 0.08905131 0.09130488 0.03471008 0.08532789 0.08047651 0.1647132 0.09437624 0.009964978 0.009964978 0.04451413 0.07085723 0 0.1293033 0.06409583 0.07331517 0.1111908 0.01992996 0.009964978 0.03336606 0.01834545 0 0.009964978 0.03985991 0.0303242
-9999 -9999 0 0 0 0.005775513 0.01415444 0 0.04649636 0.02857606 0.03095546 0 0.009964978 0 0 0.003028297 0.009964978 0 0 0.06982595 0.07964872 0.01148388 0.05978987 0.01120134 0.02950084 0 0.01983676 0.0474131 0.03193538 0.01992996 0.02327059 0.06456714 0.01170234 0.0565819 0 0.04963649 0.05997828 0.03721496 0.03276848 0 0.08035332 0.05728957 0.02692251 0.0770842 0.1320007 0.09728669 0.2391595 0.04842614 0.04125866 0.08968481 0 0.01964442 0.0002855382 0.08968481 0.03434307 0.07971983 0.03224437 0.115045 0.02898881 0.03951637 0.0800762 0.04729342 0.009964978 0.02946567
-9999 -9999 0 0 0.01724408 0.04853521 0 0 0.009964978 0 0 0 0 0 0 0.006936681 0.01992996 0 0.01992996 0 0.04982489 0.008446078 0 0.03286213 0.02608547 0.01217434 0.007755622 0.02993699 0.0830934 0.02009212 0.02534303 0.00045809 0.0007555365 0.04306789 0 0.009964978 0.007626696 0.002644951 0 0 0.116363 0.09974592 0.02305057 0.08428843 0.04929046 0.1382694 0.1214491 0.02147689 0 0.03985991 0.01954829 0.02031163 0.04691572 0.0504603 0.06911945 0.009964978 0.04912794 0.05809175 0.1310837 0.006585043 0 0 0.06399863 0.007190831
-9999 -9999 -9999 0 0.01394054 0 0.0154283 0 0 0.01742623 0.002503726 0 0.07971983 0 0.009964978 0 0 0.1295447 0.01992996 0 0.02989493 0.01992996 0.009964978 0.07175523 0.03168713 0 0.04247769 0.007347199 0.003356553 0.006828662 0.001125246 0.02882621 0.009964978 0.008479871 0.009964978 0.02989493 0.002338282 0 0 0.01992996 0.03013368 0.06274638 0.04604967 0.02822387 0.06975485 0.04971518 0.0285562 0.01130372 0 0 0.01992996 0.04721677 0.0668777 0.01246655 0.001173947 0.04131042 0.01992996 0.09335554 0.02421871 0.01992996 0.001505419 0.009964978 0.05898148 0.04368911
-9999 -9999 -9999 0.009964978 0 0 0.004501658 0 0.007339095 0.002625884 0 0.01992996 0.05978987 0.02989493 0.009964978 0 0 0.009964978 0 0 0.02989493 0.0415181 0 0.07771944 0.01813777 0.04245963 0.007365261 0.03312933 0.01661013 0.009964978 0.0638852 0.02686833 0.01992996 0.02983727 0.02989493 0.03790075 0 0.0718393 0.002634978 0 0.041107 0.0120451 0.03367016 0 0.05377537 0.0262251 0.03985991 0 0 0.06404822 0.02022491 0.08377878 0.08437769 0.01799295 0.1657624 0.08570424 0.01454858 0.027748 0.009964978 0.07265862 0.0454157 0 0 0.0193614
-9999 -9999 -9999 -9999 -9999 -9999 -9999 -9999 -9999 0 0 0.04276395 0 0 0 0.04951032 0.01027955 0 0.009964978 0 0 0.02004454 0.008192207 0.01221628 0.06001613 0.007487419 0 0 0.08357819 0.06598191 0.009964978 0 0.06859682 0.04669726 0.06446028 0.06174903 0.05385947 0.0344185 0.03440037 0.03406177 0.1124332 0.04279285 0.01227895 0.06583826 0.004405424 0.03562982 0.06401996 0.06926695 0.03038284 0.08567733 0.06950399 0.05068441 0.06600448 0.04269217 0.1253661 0.06806042 0.03742325 0.009964978 0.1017165 0.02989493 0 0.02388479 0.06098982 0.02568782
-9999 -9999 -9999 -9999 -9999 -9999 -9999 -9999 -9999 0 0.008650398 0.09806033 0 0.01992996 0.009685536 0.03017053 3.847877e-006 0.002844052 0.009964978 0 0 0 0 0.009964978 0 0.02307618 0.1363635 0.02730959 0.05636534 0.08545087 0 0.009964978 0.02108799 0.02989493 0.01992996 0.03985991 0.00214695 0.009964978 0.04722991 0.07273457 0.0574059 0.1025434 0.03754594 0.0697232 0.07556341 0.1050159 0.07506895 0.07460052 0.01992996 0.07013584 0.04356989 0 0.04756316 0.02556877 0.0566822 0 0.02989493 0.002841625 0.09783535 0.03676601 0.01992996 0.004006884 0.02494038 0
-9999 -9999 -9999 -9999 -9999 -9999 -9999 -9999 -9999 -9999 0 0 0 0.07376437 0.02989493 0 0.04050142 0.0460697 0.008967103 0 0.05978987 0.04173546 0 0 0 0 0.1195797 0.01035896 0.04977465 0.1743333 0.01528016 0.08807493 0.1050564 0.04441826 0.0183443 0.04787489 0 0 0.01255996 0.01771009 0.1077693 0.1302314 0.1216254 0.03399135 0.03110007 0.004598833 0.08970521 0.02504927 0 0.01992996 0.005874012 0.04381514 0.0163855 0.01503788 0.04781021 0.01492538 0.01496956 0.02232374 0 0.009964978 0.009964978 0 0 0.02989493
-9999 -9999 -9999 -9999 -9999 -9999 -9999 -9999 -9999 -9999 0 0 0 0.05578035 0 0.02989493 0.009964978 0.02119747 0 0 0 0.01805442 0 0.01992996 0 0 0.05978987 0.1135742 0.124276 0.0607256 0.02989493 0.02153983 0 0.06581312 0.04538731 0.03506568 0.006744232 -9999 -9999 0 0.1234784 0.09240253 0.03881327 0.001046649 0.05347087 0.04034996 0.04449039 0.009964978 0.009460656 0.03926732 0.04805559 0.01597473 0.01992996 0.01992996 0.02989493 0.0156531 0.01979888 0.04743111 0.07414081 0.05579345 0.1204833 0.03189 0.01182934 0
-9999 -9999 -9999 -9999 -9999 -9999 -9999 -9999 -9999 -9999 -9999 -9999 0.009964978 0.04021301 0.01957686 0.009964978 0 0.009964978 0.002671047 0 0 0.0326306 0.01890245 0 0.003544546 0.006420432 0.05038799 0.03543515 0.08548768 0.05998328 0.03966651 0.02989493 -9999 -9999 0 0 -9999 -9999 -9999 -9999 0.02537895 0.1441899 0.006416272 0.009964978 0.09934191 0.1354793 0.0298517 0.03985991 0.08303052 0.1296023 0.06925279 0.001770364 0.04805453 0 0.009964978 0.0368732 0.06053756 0.07640181 0.05930456 0.1179904 0.04239942 0.02269647 0.03428929 0.1412624
-9999 -9999 -9999 -9999 -9999 -9999 -9999 -9999 -9999 -9999 -9999 -9999 0.009964978 0.01406173 0 0.003498198 0 0 0.01725891 0.009964978 0.01992996 0.009964978 0.008256822 0.01992996 0.001182055 0.04673447 0.1081203 0.05356407 0.1444222 0 -9999 -9999 -9999 -9999 -9999 -9999 -9999 -9999 -9999 -9999 0.0200962 0.1051622 0.05708644 0.0353154 0.05047677 0.03427641 0.04042093 0.07915881 0 0 0 0.01196956 0.007960399 0 0 0 0.07247008 0.04982489 0.009964978 0.03645081 0.07339255 0.06975485 0.0388046 0.06985333
-9999 -9999 -9999 -9999 -9999 -9999 -9999 -9999 -9999 -9999 -9999 -9999 -9999 0.02659369 0.01302639 0.006466781 0.05310928 0.03297113 0.009964978 0.009964978 0.02282973 0.007065209 0.02162687 0.009964978 0.10678 0.138371 0.126393 0 -9999 -9999 -9999 -9999 -9999 -9999 -9999 -9999 -9999 -9999 -9999 -9999 -9999 0.03497826 0.04849944 0.1157923 0.1165412 0.0893297 0.02490721 0.0457385 0.00438112 0.001708216 0.008256763 0.009964978 0 0.002925522 0.05351521 0.03324407 0.01721472 0.01413383 0.02020826 0.09321607 0.05337039 0.06140647 0.1541856 0.1092651
