EnvRasters/BAU_High/wheat.asc
ncols         270
nrows         223
xllcorner     24099.479091542
yllcorner     21023.840179216
cellsize      1003.8986847201
NODATA_value  -9999
[rows 66 to 98 of 223, columns 76 to 151 of 270]
0.000125 9.9e-005 0.004023 0.001989 0.001866 0.000338 0.001221 0.000694 0.00375 0.009211 0.006636 0.001356 0.000686 0.0007 0.001052 0.000469 0.001797 0.001344 0.002034 0.001038 0.000213 0.00262 0.004266 0.009037 0.017177 0.002015 0 0 0 0.005095 0.001966 0.000467 0.002259 0.005088 0.0067 0.006021 0.002281 0.000948 0.005179 0.00668 0.0168 0.012768 0.027719 0.010135 0.005701 0.001055 0 0.000131 0.005993 0.001922 0.007504 0.007395 0 0 0 0.002098 0.001336 0.014498 0.006125 0.017388 0.009848 0.002296 0.007027 0.005345 6.3e-005 0.000277 0.000555 0.000365 0.001144 0.024378 0.004355 0.002059 0.004182 0.000441 0.002895 0.000871
0.001532 0.000338 0.006319 0.004305 0.006218 0.005537 0.000428 0.001592 0.000171 0.005007 0.000109 3e-006 0.001837 0.004003 0.00098 0.000262 0.008371 0.005292 0.012408 0.004047 0.000238 0.010402 0.013098 0.006121 0.016492 0.002654 0.000593 0.000155 0 0.002949 0.002368 0.001055 0.000892 0.006426 0.001156 0.000466 0.000265 0 0.000412 0.008436 0.007609 0.025602 0.066518 0.009703 0.007162 0.000365 0.00021 0 5e-006 0.003349 0.021747 0.008089 0 0 0 0.000161 0.002813 0 0 0.000346 0.008826 0.006359 0.001589 0.003287 0.007062 0.000323 0.000368 0.000571 0.000916 0.004849 0.00021 0.004666 0.001065 0.000297 0.000249 0.000861
0.00068 0.002023 1.1e-005 0.000209 0.001001 0.009303 0.000702 0.000393 0.000992 0.003212 0.006312 0.000177 0 0.000172 0.000442 0.001888 0.01314 0.007235 0.011328 0.014695 0.001693 0.000487 0.003149 0.001803 0.007695 0.003766 0.005381 0.000304 0 0.000848 0.00014 0 2.5e-005 0.001142 0.001253 0.001627 0.001501 0.006435 0.004275 0.004314 0.004453 0.004567 0.007677 0.027602 0.044767 0.023157 0 0 0 0.006806 0.004466 0.003002 0 0 0.000195 0 0.002114 0 0 0.004683 0.018077 0.006793 0.011996 0.017276 0.006342 0.005865 0.006968 0.004889 0.002499 0.002115 0.004521 0.001074 0 0 0.000644 0.004393
0.002359 2e-006 0.000216 0.002535 0.000588 0.000746 0.004631 0.000231 0.005047 0.009017 0.001074 0.000733 0.000682 0 0.001633 0.001819 0.00445 0.005341 0.011262 0.001983 0.000157 0.000614 0.000911 0.004548 0.007819 0.005446 0.009524 0.004734 0 0 4.7e-005 0.00148 0.003581 0 0.000901 0.001879 0.001248 0.007869 0.003468 0.001023 0.004141 0.002862 0.00021 0.020489 0.014602 1.1e-005 0 0 0 0 0 0 0 0.006213 0.01888 3.6e-005 0.000748 0.017212 0.025505 0.01666 0.003043 0.000181 0.004005 0.000563 0 0.001477 0.001588 0.00177 0.002433 0.004661 0.023083 0.006861 0 0 0.001152 0.008492
0.000208 0 0 0.001303 0.003774 0.003912 0.000368 0.003528 0.009994 0.002921 0.000978 0.0009869999 0.000415 0.000401 0 6.9e-005 0.003193 0.004762 0.00589 0.002098 3.4e-005 5.3e-005 0.003779 0.005889 0.00739 0.001408 0.000774 0.001266 0 0.000423 0.001641 0.001897 0.002878 0.002263 0.001859 0.000289 0.001158 0.007455 0.002527 0.005942 0.013724 0.014574 0.000814 0.00144 0.008341 0.00181 0 0 0 0 0 0 0 0.003509 0.051302 0.028541 0.008044 0.033847 0.054831 0.021235 0.008806 0.004099 0.004918 0.01002 0.00075 0.001068 2.5e-005 0.000602 0.000427 0.000855 0.003003 6.8e-005 0 0 0 0.00077
0 1e-006 0.001166 0.00118 0.006416 0.000635 0.002252 0.002219 0.005687 0.000613 0 0.009995 0.00339 0.004019 0.001491 0.026226 0.01377 0.003922 0.01006 0.000934 0.005575 0.001145 0.004803 0.022523 0.002079 0.003924 0.003015 0.000249 0 0 0.003317 0.00035 0.005628 0.005607 0.001737 0.000747 0.000184 0.000398 0.002659 0.004775 0.000885 0.00129 0.001832 4.4e-005 0.000346 0 0 0 0 0 0 0 0 0.003604 0.022323 0.015113 0.022025 0.038364 0.007622 0.043025 0.024647 0.001355 0.003204 0.002229 0.001017 0.004172 0.001438 0.001956 0.008778 0.006288 0.00431 0.006384 0 0 0 0.001619
0.000152 0.001984 0.007312 0.00021 5.9e-005 0 0.000332 0.000495 0.003609 0.002987 0.002945 0.00153 0.004295 0.006642 0.004494 0.00426 0.009102 0.007458 0.017774 0.004547 0.026774 0.002009 0.000333 0.00266 0.003288 0.008906 0.003552 0.000358 0.000352 0.00092 0.00057 0 1.4e-005 0.003847 0.00999 0.008509 4e-006 0.000713 0.003906 0.002862 0.000614 0.003371 0.019364 0.003908 0.001254 0 0 0 0 0 0 0 0 0.001508 0.000964 0.008281 0.000763 0.01238 0.007592 0.007722 0.010263 0.001949 0.001398 0.002801 0.005706 0.014862 0.014623 0.003808 0.005797 0.005246 0.00178 0.000589 0 0.000115 0.002543 0.006934
0.001779 0.010751 0.002238 0.002969 0.004662 0.000246 0.000874 0.000365 0.001145 0.002397 0.000527 0.004579 0.003089 0.001653 0.002541 0.004888 0.002691 0.000674 0.003086 0.006763 0.000728 0.000878 0.001084 0.002903 0.004446 0.002631 0.004502 0.003637 0.003773 0.002283 0.002006 0.00335 0.007035 0.000837 0.002383 0.003607 0 0.002944 0.01627 0.001885 0.000252 0.000591 0.003239 0.011526 0.004228 0 0 0 0 0 0 0 0 0 0 0.011772 0.008458 0.003234 0.025275 0.010159 0.019554 0.00385 0.001483 0.006607 0.010961 0.01972 0.003969 0.002072 0.004876 0.011065 4e-006 0 0.000394 0.003877 0.000559 0.007968
0.006761 0.000433 0.002827 0.001437 0.008247 0.004489 0.000524 0.001222 0.003019 0.00111 0.002061 0.000576 0.002173 0.000329 0.000287 5.7e-005 0.000297 0.000616 9.2e-005 0.000243 0.001856 0.002956 0.000501 0.004353 0.009842 0.000129 0.009552 0.010668 0.013528 0 0.000197 0.000996 0.006761 0.004736 0.006523 0.001346 0.001001 0.002327 0.012283 0.002208 0.000142 0 0 0 9.1e-005 0 0 0 0 0 0 0 0 0 0 0 0.00088 2.4e-005 0.01408 0.02327 0.010149 0.001404 0.001739 0.00224 0.003607 0.01109 0.026472 0.002286 0.002997 0.000773 0.000466 0 8.9e-005 0.009087 0.0195 0.006185
0.004574 0.00123 0.005025 0 0.00048 0.000627 0.000911 0.000772 0.001197 0.003447 0.00509 0.00052 0.000436 0 0 0.000672 0.003013 0.00382 0 0 0.004508 0.000144 0 0 0 1e-005 0.002272 0.005192 0.004653 4.3e-005 0.002722 0.004056 0.00831 0.004696 0.001213 0.000569 0.003222 0.002821 0.001196 0.00316 0.00104 0 0 0 0 0 0 0 0 0 0 0 0 0 0 0 0 0.000106 0.012246 0.016983 0.01509 0.000188 0.0006 0.003383 0.001828 0.004406 0.008941 0.005154 0.003209 0.000135 0 0 2e-006 0.002282 0.00979 0.004173
0.001775 0.002647 0.002336 6e-005 1.4e-005 0.002384 0.000796 0.00067 0 0.002585 0.000103 0.001466 0.000426 0 0 6.8e-005 7e-006 0.00697 0.009896 7.8e-005 6e-006 0 0 0 0.005507 0.0025 0.00104 0.001278 0.008669 0.002955 0.001403 0.002859 0.002041 0.000574 0.001272 0.000697 0.006721 0.002072 0.000937 0.001877 0.00216 0.001095 0.000119 0 0 0 0 0 0 0 0 0 0 0 0 0 0.002094 0 0.000952 0 0 0.000379 0.002201 0.003858 0.013106 0.000406 0.00013 0.000705 0.001462 0.000206 0.000416 0.00034 0.002814 0.002648 0.000749 0.003508
0.000168 0 0 0.000569 0.000386 0.001243 0.002053 0.001428 0 0.001559 0.00086 0.000344 0.001111 4.6e-005 0 0.007189 0.003562 0.000863 0.001591 0.000344 0.000697 0.000128 1e-005 0.001763 0.019258 0.014186 0.005027 0.000733 0.000254 0.002171 0.004422 0.00437 0.000882 0.002476 0.000552 7e-005 0.005925 0.011955 0.003692 0.00484 0.007296 0.008107 0.000605 0.002068 0 0 0 0 0 0 0 0 0 0 0 0 0 0 0.000828 0 0 0.002228 0.002221 0.009372 0.006044 0.000793 0.001267 0.001693 0 0.005554 0.020483 0.008611 0.001141 0.002616 0.000141 0.000485
0.001537 0 0.000182 0.00272 0.000819 0.001944 0.00219 0 0.001794 0.006572 0.008569 0.00073 0.004341 0 0 0.001253 0.003203 0.003862 0.000439 0.000233 0.000272 1e-006 7.3e-005 0.002831 0.003346 0.001529 0.00103 0.001976 0.009005 0.004374 0.012521 0.021875 0.004386 0.004341 2.1e-005 0 0.000726 0.002998 0.001195 0.001561 0.002067 0.020697 0.018273 0.0044 0 0 0 0 0 0 0 0 0 0 0 0 0 0 0.000362 0 0 0.000962 0.001811 0.003814 0.003675 0.00075 1.8e-005 0.000341 0 0.004032 0.00132 0 0 0 3.4e-005 0.002145
0.000193 0.000389 0.00162 0.003496 0.001413 0 0.001421 0.007495 0.000208 0.002105 0.006974 0.001214 0.000525 0 0.000855 9.8e-005 0.003484 0.00574 9.5e-005 1e-006 0.00097 0.000357 0 6.5e-005 0.000104 0.000783 0.008946 0.000282 0.001703 0.004823 0.005379 0.007111 0.002121 0.000295 6.2e-005 0.000433 0.000662 0.005071 0.015336 7e-005 0.003711 0.011439 0.01221 0.001073 0.000185 0 0 0 0 0 0 0 0 0 0 0 0 0 0.004362 0.002414 0.000786 0.007575 0.000995 0.005801 0.003549 0.001284 0.000209 0.001226 1e-006 0 0 0 0 0.000374 0.005966 0.005701
0.000491 0.001288 0 8.8e-005 0.000954 0.000653 0.00573 0.002151 0.000836 0.000347 0.001733 0.002508 0.001216 0.001188 0.001721 0 0 9.1e-005 0.000509 0.001166 0.001879 0 0.001906 8.7e-005 0.000908 0.0001 0.000267 0.00014 0.002828 0.001288 0.004586 0.00726 0.003784 0.000719 0.000492 0.000501 0.000141 0.005494 0.02347 0.00171 0.000733 0.000904 0.000567 0.000848 0.000534 0 0 0 0 0 0 0 0 0 0 0.000496 0.023182 0.008189 0.005544 0.002156 0.017864 0.016471 0.004037 0.007829 0.003433 0.000452 0.001174 0.001645 4e-006 0.000305 0.002573 0.003397 0.001256 0.004209 0.008058 0.018677
0.000201 0.000174 0.000147 0.001599 0.003627 0.001066 0.00092 0.001575 0.000856 0.002506 0.00129 0.000982 0.003306 0.00568 0.00065 0 0.000103 0.00036 2e-006 0.001961 0.002343 0 0.00015 0.000533 0.000989 0 0 0.003329 0.002226 0.006757 0.000275 0.001538 0.000458 0 0.001428 0.014243 0.000166 0.000476 0.000637 0.004939 0.000386 0.00236 0.002062 0.00278 0.000103 0.000353 0 0 0 0 0 0 0 0 0 0.007902 0.024501 0.021339 0.022869 0.01659 0.027974 0.027438 0.008727 0.000743 0.001723 0.000378 0.00044 0.008568 8.2e-005 0.005896 0.026211 0.037988 0.015288 0.012449 0.0292 0.036346
0.000846 0.001027 0.002303 0.000162 0.000449 0 0.000885 0.00466 0.002075 0.001202 0.001123 0.003912 0.024961 0.000726 0.000128 0.000442 0.0009 3.8e-005 0 0.00526 0.001759 0 0.000507 0.000578 0 0 0.000475 0.011779 0.011433 0.003119 0.001252 0.001435 0.00116 0.006793 0.010192 0.008755 0.002043 0.002892 0.000112 0.003134 6.8e-005 0.003092 0.00313 0.000361 0 0.000374 0.003307 5.1e-005 0.002846 0 0 0 0 0 0.000402 0.001619 0.000907 0.009802 0.002813 0.000162 0.000555 0.000776 0.000932 0.002207 0.000433 0.000147 0.000517 0.011609 0.002457 0.003065 0.012566 0.028076 0.005851 0.007843 0.003848 0.035119
0.000674 0.000468 9e-006 0.000178 0.00024 0.00027 0.001629 0.000571 0.000447 0.000305 0.001845 0 1.1e-005 0 0 0.005507 0.001188 0.000457 0.000274 0.001031 0.001193 4e-006 0.002719 0.000763 1.8e-005 0.004167 0.002598 0.016572 0.005632 0.00741 0.011918 0.003489 0.00279 0.011348 0.017092 0.014201 0.010768 0.021047 0.010612 0.001576 0.002343 0.000486 0.000124 0 0 0.000491 0.002332 0 0.003531 0.001597 0 0 0 0 0 0 0 0.000762 0.003204 0.005507 0.006743 0.009812 0.002671 0.00404 6e-005 0.001959 0.002801 0.01147 0.002028 0.00263 0.008032 0.004475 0.018263 0.003469 0.006111 0.013301
0.002008 0.000192 0 0 0.00076 0 6e-005 0.000249 0.001489 0.000495 0.002483 0.002149 0.000385 0.000526 0.000812 0.001155 0.000617 0.0004 1.7e-005 0.000298 0.000515 0 0.001021 0.001208 0.002651 0.0017 0.00451 0.001666 0.002394 0.003135 0.011928 0.004261 0.013413 0.006582 0.000878 0.000514 0.001097 0.004357 0.005429 0.003938 0.002375 0.000411 0.000554 0.000526 4.3e-005 1.4e-005 0.001211 0.001387 0.000336 0.00019 1e-006 0 0 0 0 0 0.002161 0.003927 0.005882 0.021493 0.021907 0.018949 0.005753 0.000401 0.004888 0.015402 0.008796 0.000876 0.003196 0.003017 0.00328 0.002578 0.009956 0.014368 0.029733 0.145311
0.003967 0.000396 0 2.5e-005 0.003864 0.001582 0.000127 0.002264 0.000496 0.002558 0.008799 0.002795 0.003101 0.005134 0.000395 0.000258 0.000111 0.000196 4.6e-005 0.002061 0.000665 0.001976 0.007182 0.003438 0.010971 0.000427 0.000257 0.000187 0.002382 0.004644 0.007236 0.002536 0.008369 0.007092 0.002632 0.005458 0.001313 0.003424 0.001318 0.012014 0.005722 0.000904 0.00212 0.000398 0 0.00074 0.000197 1.8e-005 0 0.000418 0.002637 0.000378 0 0 0 0 5.1e-005 0.000393 0.000388 0.002976 0.001144 0.001958 0.002161 0.003789 0.044645 0.010581 0.009041 0.008704 0.004709 0.005304 0.002731 0.009992 0.000319 0.004539 0.001712 0.015149
0.001786 0.003986 0.002127 0.002273 0.001061 0 0.000651 0.003726 0.002318 0.000685 0.005855 0.012284 0.019157 0.01541 0.004064 0 0.000322 0.000747 0 6e-006 5.1e-005 0.005344 0.002818 0.009514 0.002085 0.004712 0.001113 0 0.000656 0.010635 0.002717 0.00922 0.005473 0.003869 0.017589 0.016475 0.005422 1.9e-005 0.003442 0.006316 2.7e-005 0.007487 0.004093 0.002625 0.000345 0.002118 0.000639 0.000594 0.000578 0.001485 0.000772 2e-006 0.000557 3.9e-005 0 0 0 0 1e-006 0.002675 0.003958 0.001751 0.002059 0.007556 0.022264 0.015643 0.049846 0.00988 0.014107 0.008835 0.010081 0.012027 0.015329 0.023058 0.003756 0.008773
0.000805 0.002383 0.00319 0.002993 0.000432 0.001366 0.00075 0.012571 0 0 0.004123 0.009242 0.004346 0.011483 0.005223 0 0.000147 0.001974 8.7e-005 0.000812 0.000761 0.001077 0.000158 0.002605 0.002936 0.000917 0.000468 0.000284 4.9e-005 0.003007 0.011664 0.005415 0.010586 0.002037 0.008829 0.008937 0.001567 0.001383 0.001597 5.8e-005 0 0.012079 0.004414 0.003153 0.000282 0.004929 0.001708 0.004689 0.007159 0.001023 8.4e-005 0 3.6e-005 0 0 0.003069 0.012999 0.00049 5.3e-005 6e-006 0 0.000164 0.000263 0.019485 0.033616 0.011466 0.004936 0.025298 0.002675 0.006717 0.003135 0.004354 0.013619 0.008706 0.011757 0.006631
0.000805 0 0.001217 0.001889 0.007715 0.006246 0.000347 0.000994 0.000342 0 0.00679 0.003179 0.000731 0.00944 0.002964 0.000182 3e-006 0.001931 0.0007 0.001747 0.000747 0.003847 0.000564 0.001082 0.001525 0.001174 0.005981 0.009664 0.001019 4.7e-005 0.003077 0.002211 3.4e-005 0.000199 0.002545 0.003694 0.000411 0.003314 0.00397 0.000729 0.012002 0.005501 0.002872 0.005549 0.02257 0.029376 0.002995 0.001568 0.007116 0.00091 0.000406 0 0 0 0.001473 0.009436 0.015568 0.002031 0 0 0 0.00071 0 0.002091 0.019036 0.019178 0 0 0.006518 0.010083 0.005491 0.011969 0.011019 0.008164 0.027505 0.012146
0.00049 0.000125 2e-006 0 0.002542 0.002031 0 0 0 0.000946 0.007587 0.000204 0 0.007274 0.008646 0.000221 0.000106 0 0.001992 0.001364 0.000985 0.002061 0.001823 0.000194 0.000722 0.00176 0.002714 0.005804 0.00278 0.00069 4.9e-005 0.010323 0.000472 0.000538 0.012815 0.012852 0.020135 0.002758 0.00388 0.001509 0.004671 0.005709 0.005762 0 0.003373 0.006186 0.006416 0.014316 0.004289 0.000515 1.5e-005 0 0 0.00087 0.005449 0.015972 0.019975 0.004453 0.001467 9e-005 6.4e-005 0 0.001556 0.038851 0.024365 0.006898 0.000611 0 0.003712 0.009081 0.004298 0.011566 0.009397 0.003175 0.002652 0.011025
0.001191 0.003003 0.003057 0.000535 0.0132 0 0 7.8e-005 0.000581 0.001002 0 0.000137 0 0 0.000447 0.001101 0.001028 0.000293 0.000995 0.000144 7e-006 0.000538 0.000925 0.00076 0.000274 0.003203 0.005515 0.003439 0.008027 0.019525 0.000196 0.006596 0.002026 0.011897 0.005081 0.000239 0.006282 0.005749 0.006944 0.002353 9.8e-005 0.000726 0.001329 0.000235 0 0.009558 0.016657 0.005104 0.007714 6.2e-005 0.004157 0.001324 0 0.009938 0.001842 0.013212 0.001187 0.001018 0.002456 0.002603 0.00668 0.017656 0.008597 0.007772 0.000394 0.017237 0.007019 0.002124 0.0021 0.01944 0.008436 0.051341 0.001854 0.000611 0.001381 0.010697
0.001652 0.002032 6e-005 0.002606 0 0 0.000595 2e-006 0 6.2e-005 0.000342 0.000618 0.002517 0.002833 0.000494 0 0.001581 0.002409 0.003806 0.003267 0 0 0 0.00082 0.002504 0.000868 0 0.003092 0.017918 0.04298 0.006758 0.015774 0.000161 0.052164 0.003106 0.006703 0.017187 0.002213 3.3e-005 0.002934 0 0 0 0.000666 0.000444 0.010811 0.019214 0.003718 0.088465 0.00117 0.001545 6.3e-005 0.018663 0.009696 0.008078 0.006889 0.01189 0.006563 0.001607 0.017344 0.012072 0.026518 0.00233 0.003454 0.003183 0.015377 0.010456 0.000414 0.000562 0.014066 0.020074 0.030495 0.00051 0.003208 0.002538 0.006111
0.002701 2e-005 0.000379 0.008074 0 0 1.5e-005 4e-005 0.001091 0 8.8e-005 0.000192 0.000408 0.001636 2e-006 0 0.000479 0.002435 0.00336 0.001384 0.000502 0 0.000386 0.005583 0.005137 0.001398 0.00086 0.001396 0.028163 0.017868 0.00099 0.003163 0.006905 0.007304 0.009977 0.008157 0.003768 0.009254 0.001393 0.000121 1e-006 0 0.003794 0.018213 0.014516 0.02844 0.019607 0.011434 0.029571 0.004168 0.00119 0.015927 0.050313 0.018535 0.016077 0.005265 0.0011 0.000477 0.006665 0.00634 0.007237 0.009062 0.003867 0.0058 0.008394 0.000192 0.006141 0.011973 0.004829 0.032421 0.00856 0.00735 0.000997 0.044385 0.009237 0.01377
0 0 0.000261 5.2e-005 0.001107 0.000112 1e-006 0 0.000912 0.000548 0.000973 0.001679 0 3.3e-005 1.3e-005 0.000774 0.002566 0.003013 0.000519 0.008997 0.000884 4.3e-005 0.001809 0.001936 0.000907 0.012014 0.003346 0.000526 0.001062 0.001223 0.000256 0.007683 0.017512 0.012135 0.017221 0.005698 0.007442 0.008379 0.011666 0 0 0.000295 0.003486 0.018281 0.005777 0.02694 0.007007 0.021758 0.045012 0.022017 0.000346 0.015064 0.008736 0.018004 0.007589 0.016324 1.3e-005 0.000167 0.007868 0.006001 0.016757 0.025658 0.006892 0 7.5e-005 7.4e-005 0.00403 0.047072 0.05213 0.009147 0.001185 0.010687 0.015188 0.05836 0.014992 0.005541
0.003325 0.008111 0.006583 0.004456 0.000546 0 0.000433 5.2e-005 0.00709 0.000324 0 0 0.000428 0.004453 0.001901 0.004102 3e-006 0.000308 0.000956 0.001841 0.024298 0.037497 0.004937 0.000809 0.010397 0.092601 0.010324 0.025559 0 0.000189 0.001082 0.015862 0.013908 0.001067 8.2e-005 0.01148 0.013457 0.013227 0.006374 0.003693 0 0.010667 0.012741 0.017992 0.041011 0.0355 0.020423 0.03837 0.041695 0.032824 0.023898 0.002129 0.014041 0.041239 0.008614 0.009263 0.009361 0.000207 0.009832 0.008785 0.012935 0.005914 0.00758 0 1e-006 0.005335 1.1e-005 0.015963 0.033168 0.00882 0.002488 0.009697 0.016525 0.122012 0.011058 0.092973
0.004269 0.005386 0.008804 0.007048 0.000267 0.000863 1.9e-005 0.000511 0.003456 0.003502 0.000152 0.000108 0.004037 0.000635 0.007178 0.000298 0 2.4e-005 0.004591 0.007388 0.001258 0.009908 0.005002 0.004663 0.00109 0.008271 0.025395 0.002021 0.000451 0.010655 0.015687 0.036898 0.003469 0.014266 0.012386 0.000506 0.005805 0.008384 0.007015 0.009715 0.000801 0.018151 0.00859 0.004226 0.006221 0.054572 0.023634 0.024597 0.027715 0.014417 0.017961 0.018049 0.025559 0.011019 0.015112 0.021115 0.006586 0.00147 0.002966 0.022852 0.022207 0.009985 0.001896 0.000327 0.013845 0.006997 0.002748 0.006851 0.051309 0.00338 0.000485 0.041783 0.128073 0.027631 0.016941 0.164998
0.00099 0.005161 2.7e-005 9.4e-005 0.000202 0 0.003495 0.005736 0.002936 0.001213 0.010938 0.000836 0.002589 0.000193 0.000167 0.002406 0 8.9e-005 0.006074 0.002526 0.001115 0.000177 9.1e-005 0.01551 0.000198 0.005315 0.025174 0.001434 0.003986 0.003587 0.001528 0.022105 0.025225 0.078919 0.003405 0.006837 0.012591 0.00614 0.017602 0.009469 0.002806 0.004487 0.033318 0.042689 0.014059 0.016919 0.019928 0.015679 0.02563 0.039322 0.021674 0.022345 0.099343 0.004718 0.007384 0.008399 0.003422 0.001734 0.000723 0.008317 0.025212 0.009768 0.005055 0.000152 0.010151 0.02378 0.008362 0.006545 0.010667 0.015698 0.005623 0.010626 0.026159 0.060016 0.014132 0.178932
0 0.004854 1.4e-005 0 0 0 0.000315 0 0.00972 0.014001 0.00081 0.00023 0.001118 0.001649 0.000126 0.000303 0 0.000496 0.000978 0.000286 0 0.000697 0.017839 0.005106 0.008298 7.4e-005 0 7.2e-005 0.000384 0.000192 0.001459 0.012357 0.006276 0.000637 0.014808 0.019543 0.011268 0.000888 0.009366 0.004466 0.011842 0.009458 0.026196 0.026274 0.004674 0.060326 0.015896 0.001204 0.019775 0.046366 0.100025 0.042364 0.013052 0.011161 0.001804 0.013568 0.030751 0.003592 0.000274 0.01123 0.0063 0.003996 0.049152 0.014529 0.011696 0.021969 0.001517 1.6e-005 0.0029 0.01766 0.009585 0.035901 0.109213 0.020664 0.039374 0.01876
0.002565 0.024087 0.005157 0 0 0.000765 0.003882 4.9e-005 0.003791 0.001828 0.009426 0 0.00013 0.000207 0 0 0 0.005269 5e-006 0.000221 0.00069 0.002547 0.017104 0.026045 0.011526 0.001194 0.001232 0.000348 0 0.00221 0.005397 0.000857 0.010908 0.005237 0.004043 0.002717 0.000671 0.001759 0.006905 0.004724 0.011339 0.003171 0.002205 0.021506 0.001453 0.041539 0.005821 0.002441 0.011844 0.03588 0.08913 0.048807 0.005552 0.068144 0.025709 0.031129 0.030191 0.007152 0.006774 0.02076 0.012618 0.035593 0.044793 0.023821 0.016583 0.017825 0.028386 0.001874 0.004133 0.008153 0.003003 0.007776 0.036342 0.006407 0.053465 0.004725
