EnvRasters/BAU_High/wheat.asc
ncols         270
nrows         223
xllcorner     24099.479091542
yllcorner     21023.840179216
cellsize      1003.8986847201
NODATA_value  -9999
[rows 33 to 65 of 223, columns 76 to 151 of 270]
0 0 0 0 0 0 0 0 0 0 0.000192 0 0 0 0 0 0 0 0 0 0 0 0 0 0 0 0 0.0001 0 0 0 7e-006 2e-005 4.2e-005 0 2.4e-005 0 0.00017 0 0 0 0 0.001539 0.001656 0.005456 0.001043 0.000178 0.000243 0 0 0 0 0 0 0 0 0 0 0.000118 0 0 0.000722 0.002999 0.006921 0 2.6e-005 5.7e-005 0 0 1e-006 0.00206 0.000815 0.00068 5.2e-005 0 0
0 0 0 0 0 0 0 0 0 0 0 0 0 0 0 0 4.6e-005 0 0 0 0 0 0 0 0 0 0 0 0 0 0 0 0 0 0 0 2e-005 0.000103 0 0 0 0 0.000117 0.005003 0.000367 0.001192 0.001533 8.2e-005 0 0 0 0 0 0 0 0 0 0 0.000375 0.000914 0.000203 0.002445 0.000348 0.000359 0.000209 0.000485 0 0 0.000427 0.000621 2.4e-005 0.000918 0.013898 0.000397 0.000172 3.1e-005
0 0 0 0 0 0 0 0 0 0 0 0 0 0 0 0 0 0 0.001295 0.001278 0 0 0 0 0 0 0.000237 0.001076 0 0.00154 0 0 0 0.000122 0 0 0.001322 0.006351 0 0 0 4.9e-005 0 7e-005 0.000297 0.000615 4e-005 0 0 0 0 0 0 0 0 0.009052 0.004682 0.0054 0.001056 0.000883 0.000734 0 0 0.000589 0.000442 0.000332 0.000694 0.000318 0.000356 0.000563 0 0.000136 0.003976 3e-005 0 0
0 0 0 0 0 0 0 0 0 0 0 0 0 0 0 0 0 0 0.013098 0 0 0 0 0 0.001111 0.002052 0 0 0 0 0 0 0.000212 0.00013 7.2e-005 0 0.00024 0.002583 0 0 0.000113 0.000349 5e-005 3e-005 0.000654 0.000433 0 0 0 0 0 0 0 0 0 0.011011 0.01531 0.005307 0.001533 0.003388 0.000401 0.000576 0.006762 0.019523 0.012092 0.003814 0.002258 2e-005 0 6e-005 0 0 0 0.00045 0.008498 0.001922
0 0 0 0 0 0 0 0 0 0 0 0 0 0 0 0 0 0.000323 0.003975 0.00083 0.000215 0.000168 3.8e-005 0 0.000208 0.002732 0.004428 0 0 0 0 1.6e-005 0 0 0.000151 0.000281 4.6e-005 5.2e-005 0 0.000549 0.001283 0.000263 0.001182 0.000932 0.000548 0 0 0 0 0 0.000119 0 9.6e-005 0 0 0 0.000466 0.01201 0.006011 0.015751 0.0006 0.000701 0.002001 0.012726 0.006927 0 6.1e-005 0 0 6e-006 0 0 0 0 0 0
0 0 1.5e-005 1.8e-005 0 0 0 0 0 0 0 0 1.7e-005 0 0 0 0 0 0 0 4.2e-005 0.005778 0.005714 0 0 0 0 0 0 0 0.00079 0.001846 0.000153 0 0 0.000863 0.000331 0 2.2e-005 0.000818 0.001104 0.000343 0.00064 0.001576 0.007746 1e-006 0 1.6e-005 0 0 0.000129 0 0.003654 7e-006 0.002535 0 0 0.001405 0.00084 0.003473 0.011932 0.001308 0.006319 0.014684 0.00176 0 0 0 0 0.000305 0.000491 0 0 0 0.00015 0.001262
0 0 7e-005 0.000117 0 0 0 0 0 0 0 0.000108 0.000326 0 0 0 0 0 0 0 0 6e-005 0.003851 0 0 0 0 0 0 0.000274 0.001122 7e-005 0.000808 9e-006 0 0.000317 0.00019 0 0.00022 0.000829 0.003536 0.001616 0.002783 0.003566 0.016693 0.000148 0 0.000105 0.001674 0.0003 0.000361 0.000933 0.001322 0.001155 0.014524 0.00043 0.000284 0.004764 0.002141 0.006307 0.029025 0.037446 0.002178 0.005185 0.000827 0 0 0 0.000111 0.000675 0 0.000459 0.001571 0 0.000159 0.009336
0 0 0.000343 0.000177 0 0 0 0 0 0 0.000311 0.001185 0.000696 0 0 0 0 0 0 0 0 0 0 0 0 0 0 0 0 0 0 6.5e-005 0.001862 0.004706 0.000462 8.6e-005 0.001014 0.001605 0.003168 0.000425 0.007975 0.006559 0.001346 4e-006 5.2e-005 0 0 4.3e-005 7.4e-005 0.000489 7.4e-005 0.00063 1.6e-005 0.000164 0.001477 4.8e-005 0 0.00375 0.000462 0.012414 0.019016 0.003622 4.8e-005 0.001497 0.000217 0 0 0 0 0 0.000128 0.000424 0.006741 0.000352 0.00928 0.010148
0.000347 0.000395 0 0 0 0 0 0 0 0 0 3e-006 2.9e-005 0 0 0 0 0 0 0 0 0 0 0 0 0 0 0 0 0.000361 0.001749 0 0.000117 0.000253 0.000197 6.5e-005 0 0.000611 0.007437 0.0025 8.6e-005 0.000912 0.003127 0.01001 0.00098 7e-006 8e-006 0 0 0.0001 0 0.000329 0 1.4e-005 7.8e-005 0.000604 0.001924 0.002653 0.001337 0.0032 0.002565 0.002484 0 0 0.003618 0.004444 0.001642 7.8e-005 0 0 0.000138 0.001187 0 0 0.000206 0.004297
0 0 0 0 0 0 0 0 0 0 0 0 0 0 0 0 0 0 0 0 0 0 0.000649 0.0006 0 0 0 0 0 0 3.6e-005 0 0 0.002407 0.002358 0 0 0.000225 0.000973 0.00033 0.001175 0.000498 0.001427 0.003114 0.002731 5.1e-005 0.000276 0.000654 0.000237 0.000357 0.002612 0.000462 0.000695 0.000116 0.000157 0.000227 0.000937 6e-006 0.000556 0.002084 0.027292 0.001814 4.6e-005 0 9.3e-005 0.015862 0.004186 0.000447 0 0 0.000136 0.001624 1.9e-005 0.000337 0.002176 0.005862
0 0 0 1.4e-005 0.000195 0.000169 0.000122 0 0 0 0 0 0 0 0 0 0 0 0 0 0 0 0 0 0.000224 0 0 0 0 0 0 0 0.000465 0.003315 0.003334 0.000219 0.003995 0.000178 0 0.0002 0 0 0 0.000125 0.000314 0 9.2e-005 0.000278 0.00038 0.000723 0.029156 4.6e-005 0.000544 0.000725 0.000816 0.000132 0.003319 0.004013 0 0.000892 0.004822 0.000311 0.002669 0.000484 0.003128 0.002604 0.002508 9.5e-005 0.00012 0 0.000459 0.000939 0 3e-005 0 0.000865
0 4.2e-005 0.00043 0.0001 0.002193 0.002219 0 0 0 0 0 0 0 0 0 0 0 0 0 0 0 0 0 0.00031 0.000666 7.7e-005 0 0 0 2.4e-005 8.2e-005 0 0.001519 0.001592 0.001027 0.000199 0.005979 0.000341 0 0 9e-005 0 0 0 4e-006 0 0 0 0.002183 9.5e-005 0.001666 0.000129 0.005216 0.001592 0.00178 0.003732 0.023259 0.007336 8.7e-005 0 0 0.000449 0.000255 0.00224 0.002631 0.012201 0.00839 0.0023 0.000548 0 0.000696 0 0.000326 0.003751 0.008806 0.001385
4.6e-005 0.000409 0.005385 0.000859 0.000209 0 0 0 0 0 0 0 0 0 0 0 0 0 0 0 0 0 0 0.000213 1.3e-005 0.001871 0.000216 0.00015 0 0.000459 8e-006 0 7.5e-005 0.000998 0.000717 0.000913 9.4e-005 0 0 0 0.000375 0.00082 0.000118 2.4e-005 0.000156 0.000518 0.000527 0 0.000198 0 0 0 0.000577 0.001018 0.021327 0.000221 0.000635 0 0 0 0 2.2e-005 0.004186 0.005336 0.008163 0.00961 0.004426 0.002031 0.000154 9.2e-005 0.001451 0.000638 0.000431 0.001994 0.001543 0.013134
0.000268 0 0 0 0 0 0 0 0 0 0 0 0 0 0 0 0 0 0 0 0 0 0 0 0 0 0.000938 0.000431 0 1.6e-005 0 1.8e-005 0.000176 0 0.000401 0.001359 0 0 0.000134 0 0 1.6e-005 0.000321 0 6.2e-005 6e-006 0 0 0 0 0 0 0 0 0.002315 0.00185 2.2e-005 0 0 0 0 0 0.001457 0.003317 0.007494 0.002461 0 0.001001 0.000371 0.00032 0.001214 0.00016 5.8e-005 0.000961 0.004016 0.00453
0.000328 0 0 0 0 0 0 0 0 0 0 0 0 0 0 0 0 0 0 0 0 0 0 0 0 0 0 0 0 0 0 0 0 0 7.4e-005 0.000225 0 1.3e-005 0.003484 0.000114 0.004591 0.002657 0.003809 0.002309 0.001604 0.000861 4.3e-005 0 0 0 0 0 0 0 0.000763 0.00289 2.3e-005 0 0.00099 0.002582 0.000849 0 0 0.00029 0.00247 0.000197 0 0 0.000259 0 3.7e-005 0.00026 0.001043 0.001231 0.001221 0.010898
0.000175 0 0 0 0 0 0 0 0 0 0 0 0 0 0 0 0 0 0 0 0 0 0 0 0 0 0 0 0 0 0 0 0 0 0 0 0 0.000174 0.000126 0.000358 0.006034 0.003632 0.002999 0.002077 0.001115 0.000145 0.000504 0.000918 1.5e-005 0 0 0 0 0 0.000487 0.008467 0.000803 0.000214 0 0.001073 0.006295 2e-006 0 4.7e-005 0 0.000367 0 1.9e-005 0 0 0 1.2e-005 0.000696 0.003075 0 0.002214
0.000359 0 0 0 0 0 0 0 0 0 0 0.000309 0 0 0 0 0 0 0 0 0 0 0 0 0 0 0 0 0 0 0.021705 0 0 2.3e-005 0 0 0 0.001634 0 2e-005 0.00237 0.002228 1.8e-005 0.000213 0.004297 0.000659 0 0.000859 2.7e-005 0 0 0 0 0 0.00048 0.000282 0 0 0.000393 0.002794 0.000286 0.000134 0.000443 0.000117 0 0.003248 0.001314 0.000506 0.000447 0.000681 0 0 5e-005 0 0 8e-005
0 0 0 0 0 0 0 0 0 0 0.000259 0.000739 1.4e-005 0 0 0 0 0 0 0 0 0.000141 6.4e-005 0 0 0 0 0 4.8e-005 3.4e-005 0 0 0.000162 0.000616 0.000543 7.2e-005 0 0 0.000333 0 0 0.000195 0.003597 0.001585 0.003303 0.006624 0.011176 0.000996 0 0 0 0 0 0 0 0.000598 0 0 0 0.00017 9.3e-005 0.001521 0.002391 0 0.000326 0.002966 0.002043 3.2e-005 0.001462 0.000532 0 0 0 0 0 0
0.000566 0 0 0 0 0 0 0.001745 0.009357 0 0.000574 0 0.001701 0 0 0 0 0 0 0 0 0.000733 0.000449 0 0 0 9.9e-005 0.001346 0.00024 0.000775 0.000146 0.000309 0.000711 0 0.000118 0.005111 0.001738 0.0001 0.000629 0 0 0 2e-006 0.000285 0 0.000348 0.004231 0.000838 0.000221 0 1e-006 0.000363 0.000127 0.000122 2.6e-005 0 0.009127 0 0 0 0 0.000516 0.000337 0.000452 0.001411 0.002524 0.002428 0.002415 0 0 0 0 0.000183 0.000257 0 6.9e-005
0.004818 0.000147 0 0 0 0 0 0 0.004403 0.000935 0 0 0.000218 0 0 0 0 0 0 0 0 0.001025 0.000718 0 0 0 0 0.000588 0.001981 0.001168 0.000278 0.001249 7.5e-005 0 0 0.003617 4.1e-005 0.000155 0.000172 8.7e-005 5.6e-005 0 2.6e-005 0.003073 0 0 0.00013 6.3e-005 0.000862 0.000763 0.001393 0.00199 0.000206 0.001282 5.4e-005 0.000728 0.001794 0 0 0 0 0 0 0.000111 0.000102 0.000424 0.000994 0.000142 0 0 0 0 0.000194 0.001382 0 0
0.000629 0 0 0 0 0.002093 0 0 0.000216 0.002682 0 0 0 0 0 0 7.2e-005 3.1e-005 0 0 0 0 0.002894 0.001093 0 0 0.00013 0.001312 0.001394 0.000703 0 0 0.000619 0 0 2.1e-005 3.4e-005 0.000288 0.000153 0.000273 0.00403 0 0 0 1.3e-005 7.6e-005 0.00346 0.002381 0.000684 0.013256 0.000443 0.000425 0.000697 0.001313 0.000908 0.001707 0 0 0 5.9e-005 0 0 0 0 0 0.000181 0.000403 0.000965 0 0 8.5e-005 0.000136 0 5e-005 0 0
3.4e-005 0 0 7.7e-005 0 0 0 0 2.4e-005 0.000222 0 0 0 0 0 0.000182 0.001416 0 0.000278 7.3e-005 0.000996 0.000595 0.000704 2e-006 0.001446 0.009022 0.000115 0.004853 0.004586 0.000207 0 0 0.001733 0.001279 0.000918 0.000385 9e-005 0.001234 0.0004 0.00025 9e-006 0.000242 0.000349 0 0.000104 0.001069 0.004745 0.013497 0.009829 0.023268 0.013371 0.012152 0.008131 0.000803 0.005686 0.00055 0 0 0 3.3e-005 0 0 0 0 0.00031 8e-006 0.000134 0.000549 0.001022 0.001904 0.006151 0.000558 0.000786 0.00067 2.8e-005 0
0 0 0 0 0 2.4e-005 0.000114 0 0.000575 0.000323 0.00074 0 0 0 0 0.000972 0.000779 0.000624 0.00027 0.000321 0.001372 0.003555 0.000707 0.000491 0.002302 0.005902 0.007191 0.005775 0.000392 0 0 0 0.001956 0.001461 0.001828 0.002076 0.004434 0.000429 0.000751 0.000157 0.000145 0 0.001487 0.004855 0.006201 0.002381 0.001479 0.001784 0.003373 0.013808 0.01089 0.020524 0.011036 0.013991 0.008152 0 0 0 0 0.002891 0 0 0.000165 4.3e-005 5.1e-005 0 0 0 0.000135 0.001358 0.006991 0.012656 0.004662 0.001795 0 6.6e-005
0 0 0 0 0.000349 0 0.000412 0.000654 2e-006 0 0 9.4e-005 0.00023 0 0.000198 0 1.6e-005 0.000911 0.000608 1.9e-005 0.000633 0.00016 0.000521 0.000985 0.001928 0.001144 0.001047 0.001093 0 0 0 0.006026 0.003407 7.9e-005 0.00402 0.003164 0.001566 0.001766 0 0.000345 0.001187 0.008791 0.003326 0.003406 0.001331 0.003208 0.01168 0.005161 0.005042 0.002385 0.006206 0.002212 0.001111 0.004702 0.00852 0.001189 0 0.000591 0.007017 0.003631 0.000504 0.005457 0.00127 0.001498 0.000427 0 0 0 0 0 2.2e-005 0.00073 0.00358 0.000657 0.000185 0.000261
0 0 0 0 0.000413 0.000272 0.000878 0.001107 0.007697 0.000783 0 0.001859 0.004068 0 0 0 8.1e-005 5.9e-005 0.001967 0 0.000303 0.000658 0.00468 0 0.000934 0.00047 0.000542 0 0 0 0.001793 0.003362 0.006028 7.3e-005 0.000568 0.000206 4.3e-005 0 0.000311 8.1e-005 0.003163 0.005855 0.001219 0.002758 0.000954 0.004581 0.008175 0.004344 0.005307 0.015798 0.004376 0.000285 0.001169 0.001615 0.000419 0.001927 0 0.003354 0.006333 0.001495 0.000946 0 0.000232 0.002952 0.00148 4.2e-005 0.001019 0.00345 0.001662 0 0 0 0 0 0 0.000555
0 0 3.8e-005 0 0 0 0.000118 0.00018 0.006375 0.000826 0 0.003204 0.003162 0.000205 0.000886 0 8e-005 3e-005 0.000177 0.000268 0.00085 0.001387 0.000549 0 0.001138 0.002912 0.002358 0 0 0 0.000229 0.002163 0.011387 0.001556 0.002795 0.003143 0.000664 0.00209 0.004235 0.004709 0.001992 0.01295 0.005541 0.000112 0.000362 0.002125 0.005525 0.000435 0.001996 0.006848 0.002033 0.001713 0.000372 0.002812 0.00016 0.001746 0.000831 0.001642 0.00045 0 0 0.002963 0.000191 0.00099 0.000525 0.000234 0.001842 0.006034 0.009408 0.003132 0.007825 9.9e-005 0.001198 0.000231 0.000903 0.001796
0 7.2e-005 4e-006 0 0.00074 2.3e-005 0 0.001114 0.00068 3.6e-005 0.001233 0.002751 0.00124 0.003095 3.4e-005 0.000486 0.000362 0.000938 0.000327 0.002732 0.001309 0.000145 0.00015 0 3.4e-005 0.001625 0.005157 0.005526 0.000374 0.000424 0.007034 0.001145 0.01351 0.015776 0.003409 0.004211 0.003472 0.003476 0.010642 0.006145 0.002746 0.01267 0.004411 0.000591 6.8e-005 0.001518 0.009518 0.000984 0.005294 0.000702 0.001769 0.001867 0.001111 0.007165 0.000645 0.001773 0.002798 0.006059 0.000273 0 0.000606 0.001971 0 0 0 0 0.000564 0.000101 0.0027 0.001885 0.002478 0.001429 2e-006 0.000737 0.001888 0.0024
1.3e-005 0.000203 0 0.001087 7.1e-005 0.00241 0 0.00037 0.003727 0.001432 0.001345 0.000237 0.000423 0.002536 0.000107 0.000438 0.000717 0.001159 0.004624 0.001104 0.004603 9.1e-005 6.8e-005 0.000355 0.003159 0.005928 0.003877 0.002376 0.004536 0.004449 0.009828 0.000424 0.001445 0.00426 0.01228 0.00314 0.001298 0.002831 0.0056 0.005085 0.006206 0.00868 0.000288 0.000463 0.000232 0.002122 0.006296 0.001937 0.00027 0.001966 0.00281 0.001182 0.001074 0.000954 0.000118 0.001136 0.000324 0.001119 0.000262 0.000527 0.003772 0.000884 0 0 0 0.000244 7e-006 0 0 0.000302 0 0.000668 3.3e-005 2.6e-005 1.6e-005 0.000375
0 0.000281 7e-006 3.7e-005 3.2e-005 0.000512 0.005691 0.009236 0.000103 0.004367 0.000764 0.000656 0.001084 0.001075 0.000402 0.000124 9.3e-005 0.00841 0.001536 0.0009869999 0.000373 0.000509 0.002096 0.001701 0.000971 0.000571 2.2e-005 0.003685 8.8e-005 0.000444 0.004143 0.003877 0.002481 0.006751 0.004722 0.005327 0.003102 0.000507 0.006579 0.003566 0.002161 0.009271 0.002616 0.003041 0.001214 0.012217 0.013568 0.007543 0.004522 0.000455 0.002395 0.001697 0.007085 0.001943 0.000423 0.000168 0.000894 0.000869 0.00154 0.000723 0.001381 0.002528 0.000862 0 0 0.000397 0 0.000149 5.2e-005 0.000234 0.000267 0.001226 0.000159 0.006136 0.000985 2.3e-005
0 0.000116 0 0 0.000747 0.000124 0.000184 0.000844 0.000531 0.004604 0.000494 0.003111 0.000652 0.000686 0.001404 0.001708 0.00425 0.008896 0.000282 0.001238 0.000261 0.003972 0.001715 0.000338 2.3e-005 0.000684 1e-005 0.001292 0.001113 8e-006 5.2e-005 0.010272 0.003049 0.008958 0.014615 0.005477 0.003871 0.000892 0.007882 0.004753 0.001098 0.009029 0.009314 0.004886 0.001563 0.002848 0.000693 0.001371 0.004141 0.00079 0.005 0.013913 0.012093 0.007502 2.6e-005 0.000151 0.016768 0.002975 0.004072 0.00169 0.002584 0.001685 0.001085 0.000139 0.014619 0.004956 0.000331 1.4e-005 0.000367 0.001547 0.001685 0.00144 0.001983 0.005702 0.000468 0.000529
0.000181 0.000758 0.007952 0.002734 0.00045 0.000206 3.5e-005 6e-005 0.001848 0.005065 0.000758 0.002498 0.005459 0.012302 0.003699 0.000186 0.000981 0.002638 0.001525 0.013059 0.001474 0.003181 0.002536 0.010872 0.006433 0 0 0 0.00043 0.005421 0.00062 0.000675 2.2e-005 0.006835 0.001379 0.001359 0.003154 0.002118 0.002759 0.007819 0.000965 0.00375 0.016311 0.001808 0.004461 0.007548 0.000556 0.003602 0.001809 0.001827 0.009727 0.028468 0.001668 0 0.00083 0.001071 0.006629 0.003611 0.002496 0.003942 0.002457 0.003591 0.000287 0.006761 0.015819 0.004779 0.0031 0.004076 0.000607 0.00014 6e-005 0.001623 0.00229 0.001344 0.014731 0.003833
0.000843 0.006743 0.004961 0.000751 0.005268 0.007254 0.004077 0.000782 1.9e-005 0.000854 0.006293 0.006242 0.003829 0.003892 0.009634 0.002368 0.000236 0.004353 0.002069 0.014302 0.009557 0.000252 0.011688 0.008798 0.011831 0.000558 0 0 0.003207 0.003306 0.001843 0.005388 0.010123 0.001276 1.8e-005 0.000362 0.0178 0.00139 0.011746 0.005503 0.000882 0.006062 0.010655 0.005948 9.2e-005 0.000982 0 0.005899 0.017039 0.002081 0.004547 0.006583 0 0 0.001807 0.001695 0.016212 0.010384 0.004862 0.001747 0.001935 0.000141 0 0.000559 0.000868 0.001843 0.009893 0.002043 3.8e-005 0 0.000487 0.000459 0.002605 0.003949 0.002494 0.005146
0.000414 0.004188 5e-005 0.00175 0.004324 0.011608 0.009958 0.001848 0.00546 0.00787 0.006681 0.00776 0.009164 0.003319 0.011947 0.004163 0.006879 0.003169 0.000319 0.007353 0.009814 0.000222 0.001162 0.007103 0.001386 0.005165 0 0 0.000706 0.000244 0.001448 0.00867 0.009039 0.001278 0.000741 0.004512 0.003807 0.001525 0.006101 0.004306 0.006424 0.002716 0.003116 0.001752 0.001331 0.000174 0 0.004054 0.003863 0.001992 0.004468 0.003265 0 0 0 3.4e-005 0.001241 0.008526 0.011791 0.007755 0.001427 0.001145 0.001404 0.00123 0.002108 0.000525 0.003119 0.002541 0.000479 0.001065 0.001655 0.000606 0.003143 0.001192 0.005095 0.001465
