EnvRasters/BAU_High/wheat.asc
ncols         270
nrows         223
xllcorner     24099.479091542
yllcorner     21023.840179216
cellsize      1003.8986847201
NODATA_value  -9999
[rows 66 to 98 of 223, columns 152 to 227 of 270]
0.001018 0.001983 0.00719 0.002258 0.001488 0.001535 0.001486 0.005179 0.003705 0.00983 0.003058 0.004901 0.007584 0.006788 0.008041 0.004867 0.007959 0.004425 0.007369 0.003638 0.001891 0.002046 0.003776 0.004238 0.004788 0.004653 0.003887 0.001492 0.003717 0.005532 0.004225 0.007297 0.003771 0.012756 0.021185 0.000861 0.002219 0.012275 0.000239 0.005194 0.000542 0.000116 0.001109 0.001978 8.5e-005 0.001857 4.5e-005 0 0 0.000625 0.000481 0.000563 0.000598 0 0 6.2e-005 8.8e-005 0 0 2e-006 4.2e-005 3.8e-005 0 0 0 0.000189 0.014043 0.002347 0.002098 -9999 -9999 -9999 -9999 -9999 -9999 -9999
0.001808 0.001242 0.001906 0.003006 0.005325 0.000766 0.004291 0.005189 0.000203 0.00122 0.001527 0.003313 0.005843 0.011664 0.006351 0.002781 0.002259 0.008878 0.008883 0.004182 0.004247 0.010383 0.003363 0.003697 0.000269 0.000386 2.9e-005 0.002504 0.004611 0.00223 0.001393 0.003963 0.005001 0.007077 0.010415 0.002602 0.000325 2.6e-005 0 0.002775 0.002598 0.012118 0.001272 0.003978 0.003191 0.006963 0.003457 0.000891 0.00103 1.6e-005 0.000295 0.000249 0.000653 0.000188 0 0 0 0 0 4.2e-005 0 9.6e-005 0 0.000128 0.001113 0.009596 0.010057 -9999 -9999 -9999 -9999 -9999 -9999 -9999 -9999 -9999
0.000644 0.000726 0.003108 0.000426 0.001775 4.6e-005 0.004624 0.001176 0 0.003256 0.002592 0.009651 0.005502 0.00374 0.007199 0.003174 0.000695 0.003843 0.006977 0.007232 0.00235 0.001003 0.002067 0.002163 0.006393 0.001973 1.3e-005 0.001955 0.00264 0.006366 0.003854 0.004731 0.005785 0.000429 0.002105 0.001922 0.001576 6.1e-005 0 0 0.000566 0.000558 0.000285 0 0.000519 0.005022 0.025828 0.004197 0.005105 2e-005 0.00048 0.000275 0.00126 0.000824 0.00024 0.000767 0.000299 0 3.6e-005 1e-005 0.000254 0.000147 1.3e-005 0.000122 0.00126 0.009011 0.001036 -9999 -9999 -9999 -9999 -9999 -9999 -9999 -9999 -9999
0.004047 0.001941 0.004213 0.003198 0.001731 0.000374 0.00069 0.002214 0.000444 0.000365 0.002744 0.004938 0.00177 0.00234 0.005669 0.002179 0.001802 0.003109 0.006986 0.001873 0.00388 0.004115 0.003697 0.001617 0.004917 0.004115 0 0 0.000142 0.001058 0.003592 0.000498 0.002665 0.000306 0.00078 0.002225 0.00075 0.001437 0.000313 0.001719 0.001565 0.001689 9.7e-005 0 0 0.001198 0.00136 1.7e-005 0 0 0.002374 0.002934 0.003327 0.002104 0.007004 0.003304 0.001082 0 0.00174 0.004096 0.0004 0.000662 0.002368 0.009033 0.002236 0 -9999 -9999 -9999 -9999 -9999 -9999 -9999 -9999 -9999 -9999
0.002147 0.00076 0.001045 0.004149 0.002002 0.001754 0.000958 0.0025 0.001039 0.000678 0.00259 0.001565 0.002965 0.00079 0.003412 0.003167 0.003594 0.005671 0.008265 0.004204 0.008314 0.002635 0.003254 0.004425 0.008831 0.000914 0.000944 0.002012 0.00078 0.000778 0.000722 0.004935 0.008162 0.003486 0.001862 0.001225 0.001845 0.010119 0.005122 0.001468 0.006504 0.008156 0.001102 0.003274 0.007029 0.00013 0.000237 4.7e-005 3.5e-005 0.000588 0.000725 0.008239 0.012757 0.002838 0.011656 0.003287 5e-006 8.4e-005 0.012808 0.051316 0.003834 0.003595 0.005946 0.00071 0.000124 -9999 -9999 -9999 -9999 -9999 -9999 -9999 -9999 -9999 -9999 -9999
0.004889 0.002797 0.005478 0.005444 0.002795 0.000795 0.000852 0.006785 0.001902 0.004547 0.00126 0.000466 0.003399 0.006798 0.003465 0.004851 0.000246 0.002016 0.000509 0.002688 0.001991 0.007007 0.007482 0.00531 0.004557 0.004719 0 0.000437 0.001762 0.004291 0.00544 0.004411 0.00369 0.000958 0.000165 0.001607 0.006053 0.014912 0.011758 0.002303 0.006659 0.002375 0.002882 0.00582 0.010818 0.001254 0.012349 0.000215 0.000271 0.001003 0.001363 0.007307 0.005052 0.001627 0.000246 0.00662 0.000493 0.003118 0.020545 0.010462 0.00237 0.001221 0.000333 0.000186 -9999 -9999 -9999 -9999 -9999 -9999 -9999 -9999 -9999 -9999 -9999 -9999
0.001995 0.003488 0.001436 0.005318 0.00153 0.00373 0.003377 0.003595 0.010488 0.003219 0.003452 3.1e-005 0.007827 0.026957 0.001982 0.000343 0.000411 0.0009 0.003177 0.00371 0.001984 0.001684 0.001064 0.000734 0.000259 0.001217 0.000308 0.004307 0.002369 0.002103 0.004011 0.002081 0.003194 0.000462 0.001543 0.00042 0.001697 0.005118 0.002506 0.002028 0.002439 0.001992 0.007802 0.003281 0.002141 1.7e-005 0.003244 0.002504 0.002613 0.003546 0.00492 0.020025 0.001712 0.000851 0.001316 0.001418 0.001018 0.003433 0.003719 0.001281 0.002852 0.001403 0.00421 -9999 -9999 -9999 -9999 -9999 -9999 -9999 -9999 -9999 -9999 -9999 -9999 -9999
0.00458 0.001563 0.001454 0.001771 0.007377 0.00326 0.002445 0.011555 0.011736 0.025809 0.040019 0.000408 0.002773 0.003666 0.006565 0.003453 0.002835 0.00722 0.014443 0.002624 0.007614 0.001783 0 0 0.000327 0.000926 0.007984 0.001729 0.001456 0.001286 0.00474 0.00199 0.003451 0.000776 0.001318 0.002278 0.002615 0.002733 0.004588 0.006176 0.003738 0.00071 0.003735 0.000476 6e-006 0.000378 0.003318 0.00466 0.012834 0.013028 0.004129 0.002487 0.001214 0.001199 0.001684 0.002194 0.001261 0.000106 0.000944 0.001471 0.003387 0.002069 0.00812 -9999 -9999 -9999 -9999 -9999 -9999 -9999 -9999 -9999 -9999 -9999 -9999 -9999
0.000689 0.000566 0.046605 0.007897 0.00853 0.003915 0.003619 0.005374 0.01929 0.012338 0.01059 0.008674 0.007529 0.000531 0.006258 0.010076 0.001626 0.001139 0.00264 0.002716 0.004511 0.000609 0 0.000332 0.001062 0 0.001022 0.002731 0.000301 0.001687 0.00365 0.009765 0.009367 0.002867 0.001679 0.000957 0.001965 0.000292 0.002669 0.005059 0.000445 0.000858 0.007128 0 0 0.002843 0.006888 0.000805 0.008395 0.01445 0.00526 0.004112 0.008412 0.000629 0.001434 0.002953 0.000437 0.001162 0.002476 0.003209 0.004501 0.004838 0.011799 0.000342 -9999 -9999 -9999 -9999 -9999 -9999 -9999 -9999 -9999 -9999 -9999 -9999
0.00373 0.002794 0.008926 0.001595 0.001847 0.007988 0.014855 0.023477 0.004601 0.004192 0.005079 0.006068 0.009369 0.001309 0.003632 0.003783 0.003658 0.005632 0.001623 0.001738 9e-005 0.000627 0.000123 0.000683 0.000296 0.002761 0.004665 0.001598 0.003627 0.00501 0.005951 0.019401 0.004005 0.00169 0.004331 0.002245 0.007537 0.007916 0.003239 0.003424 0.000674 0.002619 0.001215 0 2.1e-005 0.009369 0.001635 3.3e-005 0.004135 0.015251 0.015258 0.003612 0.01392 0.011642 0.00569 0.005095 0.003801 0.006398 0.003951 0.014273 0.020985 0.007752 0.006917 0.001139 -9999 -9999 -9999 -9999 -9999 -9999 -9999 -9999 -9999 -9999 -9999 -9999
0.004079 0.002759 0.001864 0.000903 0.000672 0.005776 0.004215 0.020647 0.079545 0.04531 0.028492 0.031315 0.008728 0.00093 0.002547 0.004916 0.004045 0.006148 3.8e-005 2e-006 0.000933 0.009413 0.001158 0.001046 0.001259 0.00511 0.001768 0.000324 0.008164 0.002639 0 0.003005 0.002474 0.007543 0.00697 0.009584 0.007858 0.001539 0.001377 0.004483 0.00206 0.000133 0.000131 9.5e-005 0.000693 0.007126 0.001302 0.002882 0.005306 0.005149 0.000316 0 0.000369 0.00069 0.001233 0.005759 0.000923 0.003746 0.005592 0.002313 0.001648 0.005882 0.002791 0.006413 0.000108 9.4e-005 -9999 -9999 -9999 -9999 -9999 -9999 -9999 -9999 -9999 -9999
0.002237 0.002173 0.005476 0.003291 0.00865 0.020238 0.005688 0.006965 0.022563 0.022608 0.011005 0.023387 0.013028 0.001184 0.003523 0.006921 0.000228 0.000516 0.000401 0.001043 0.00324 0.015372 0.001475 0.001042 0.005586 0.004237 0.003306 0.00097 0.000479 0.002032 0 0 0.001376 0.008691 0.006188 0.003817 0.004637 0.002161 0.000433 0.002221 0.000887 0 0.00033 0.001892 0.001402 0.013297 0.001457 0.004444 0.000586 0.001867 0.001354 0.000619 0 0.001108 0.002483 0.007294 0.001622 0.009305 0.004976 0.007212 0.00558 0.005868 0.001767 0.009759 0.012947 0.002668 0 -9999 -9999 -9999 -9999 -9999 -9999 -9999 -9999 -9999
0.010007 0.003809 0.008303 0.004241 0.001453 0.005494 0.013793 0.080117 0.011675 0.003126 0.003743 0.02008 0 0 0.000346 0.007521 0.017033 0.000956 2.3e-005 0.000846 0.019375 0.004508 0.002373 0.00134 0.003468 0.003766 0.001316 0.002505 0.002292 0.010269 0.001306 0.000921 0.002985 0.015361 0.008163 0.012275 0.003935 0.003699 0.002898 0.000221 0.001619 5.8e-005 0.001327 0.002046 0.001163 0.00602 0.009447 0.010922 0.007157 0.010526 0.007446 0.008223 0.015691 0.00646 0.008027 0.006673 0.004741 0.002646 0.006506 0.011994 0.007855 0.002239 0.005201 0.005341 0.007699 0.009109 0 -9999 -9999 -9999 -9999 -9999 -9999 -9999 -9999 -9999
0.016515 0.003404 0.043976 0.03158 0.008561 0.006639 0.02277 0.039743 0.024618 0.003173 0.003579 0.001427 0.002928 0.003895 0.002914 0.0161 0.02268 0.002925 0.002672 0.000861 0.006712 0.014681 0.002705 0.001493 0.000953 0.004105 0.001548 0.002167 0.003884 0.003999 0.0012 0.0116 0.017684 0.005076 0.002873 0.002121 0.001732 0.000815 0.002131 0.005588 0.00196 0.002389 0.003706 0.017211 0.006326 0.014877 0.003395 0.002475 0.003421 0.005796 0.005298 0.013607 0.015464 0.005517 0.007268 0.012527 0.005213 0.003239 0.002001 0.011572 0.008594 0.004453 0.001532 0.001815 0.005613 0.008065 0.000251 -9999 -9999 -9999 -9999 -9999 -9999 -9999 -9999 -9999
0.004859 0.018588 0.267586 0.086295 0.015176 0.011117 0.019091 0.062311 0.020634 0.002722 0.001031 0.00556 0.003952 0.001473 0.004784 0.001457 0.001987 0.003588 0.018635 0.000968 0.014998 0.009214 0.002001 0.001788 0.002875 0.001319 0.000965 0.001509 0.003193 0.003894 0.00306 0.006375 0.016266 0.014003 0.004492 0.003506 0.001082 0.002453 0.002742 0.003164 0.002074 0.001181 0.000507 0.001872 0.002791 0.000732 0.003614 0.003531 0.001317 0.000981 0.00089 0.001135 0.004316 0.000866 4.1e-005 0.010719 0.004741 0.006236 0.002904 0.004101 0.001646 0.000727 0.004434 0.000306 0.001503 0.013548 0.002925 0 -9999 -9999 -9999 0 0 -9999 -9999 -9999
0.023152 0.036361 0.045273 0.006866 0.007997 0.020234 0.016659 0.016733 0.01799 0.002562 0.000893 0.00498 0.018165 0.004676 0.008239 0.00016 0.001355 0.007428 0.012042 0.025939 0.00664 0.004244 0.004543 0.004639 0.003801 0.004207 0.00203 0.000824 0.002912 0.007589 0.002503 0.007782 0.006103 0.006633 0.006282 0.010018 0.003545 0.004981 0.001921 0.001284 0.000229 0.00196 0.001416 0.000101 0 1.4e-005 0.002962 0.006837 0.007694 0.001157 7e-006 0.000303 0.01519 0.003758 0.00107 0.00744 0.006634 0.011444 0.000551 0.00022 0.010015 0.053674 0.003122 0.003725 0.007781 0.047118 0.006172 -9999 -9999 -9999 0 3.1e-005 0.000545 0 -9999 -9999
0.010524 0.002983 0.009441 0.004918 0.004746 0.027745 0.012635 0.026113 0.047676 0.004632 0.006387 0.012085 0.052086 0.111114 0.0283 0.009413 0.005477 0.005925 0.001149 0.008001 0.007984 0.010095 0.00913 0.006293 0.006539 0.003399 0.001054 0.001895 0.003214 0.003806 0.002039 0.00786 0.003409 0.000973 0.007212 0.011037 0.005076 0.002368 0.001679 0.005736 0.003797 0.002567 0.00173 0.00048 0.002964 0 0.000754 0.001728 0.007856 0.007163 0.009034 0.000128 0.010317 0.003983 0.004568 0.006149 0.014057 0.011135 0.002712 0.002116 0.003418 0.008186 0.000907 0.003832 0.050421 0.005413 0.000828 -9999 0 0.000135 0.002986 0.001009 0.001057 0 0 -9999
0.029029 0.075164 0.062199 0.008197 0.005239 0.008731 0.031115 0.01142 0.011363 0.015435 0.002772 0.015875 0.049314 0.11674 0.009167 0.043479 0.009734 0.012412 0.005911 0.017872 0.006286 0.001286 0.005408 0.003146 0.004108 0.00163 0.002662 0.007629 0.005783 0.007035 0.007268 0.00559 0.005029 0.002281 0.006568 0.0062 0.003911 0.007523 0.003538 0.00731 0.007021 0.008952 0.000895 0.005823 0.005799 0.001922 0.006279 0.001855 0.010067 0.015578 0.005058 0.000312 0.005626 0.002684 0.004799 0.016235 0.02173 0.024028 0.019089 0.011296 0.001593 0.004061 0.001454 0.000994 0.003563 0 0 0.001308 0.000838 0.001407 0.003928 0.002877 0.003144 0.000861 7.5e-005 0.002532
0.079117 0.162065 0.08503 0.014677 0.006692 0.008797 0.131872 0.017387 0.007288 0.002315 0.002764 0.020132 0.028888 0.011967 0.020103 0.071375 0.04017 0.0101 0.045718 0.035289 0.004665 0.010127 0.012114 0.000158 0.00747 0.006843 0.01415 0.01398 0.009192 0.006922 0.018194 0.00577 0.005076 0.007337 0.010897 0.00666 0.000971 0.001216 0.000357 0.002192 0.00038 0.002384 0.000921 0.00065 0.00176 0.002084 0.001751 0.000824 0.007217 0.0057 0.000979 0.000375 0.001487 0.00083 0.002854 0.000932 0.001951 0.00201 0 0.000523 0.000409 0.000246 7.8e-005 0 0.00256 0.002203 0.000217 0.001546 0.00075 0.000258 0.001274 0.001158 0.000816 0.000544 0.002262 0.004599
0.030624 0.075805 0.01873 0.007456 0.001019 0.00656 0.010288 0.015387 0.012842 0.005775 0.008792 0.118918 0.013839 0.00733 0.008176 0.021631 0.035654 0.028821 0.132696 0.003818 0.006006 0.01447 0.01885 0.013672 0.004197 0.007456 0.018143 0.009081 0.011099 0.01121 0.026455 0.003846 0.003064 0.001557 0.005232 0.013613 0.000602 0.000256 0.001679 0.004705 0.002425 0.001102 0.001486 0.001186 0.00058 0.003088 0.001309 0.004814 0.004809 0.001994 0.002833 0.003733 0.007906 0.004053 0.000671 0.000283 0.002194 0 0 0 0.002851 0.000266 0.001262 0.002471 0.003734 0.000587 4.9e-005 0 0.00065 1.9e-005 0.000695 0.000982 0 0.003325 0.012994 0.016215
0.01858 0.011168 0.004177 0.003175 0.004012 0.009827 0.003524 0.003448 0.013637 0.026135 0.027855 0.07391 0.007227 0.008479 0.008947 0.009292 0.010422 0.009744 0.01257 0.019399 0.007989 0.001504 0.008591 0.011299 0.002597 0.00292 0.003509 0.003313 0.003402 0.002182 0.011074 0.002557 0.004223 0.004311 0.00409 0.010071 0.003516 0.000182 0.000462 0.000629 0.003586 0.001667 0.015565 0.00404 0.003547 0.001163 0.001497 0.008139 0.001572 0.002653 0.004926 0.003514 0.00285 0.007707 0.001439 0.002396 0.000774 0.00086 0.000727 0.000722 0.005644 0.011148 0.003346 0.003897 0.001851 0.000147 0.001309 0.008587 0.000395 0.001952 0.00139 0.001793 0.000234 1.2e-005 0.000676 0.022934
0.013468 0.014164 0.001995 0.006079 0.005231 0.018511 0.003336 0.023692 0.035913 0.067113 0.007079 0.014131 0.019461 0.007679 0.000864 0.010884 0.006933 0.005684 0.008453 0.004346 0.003287 0.002811 0.00676 0.004854 0.00569 0.013412 0.006234 0.001044 0.00191 0.003549 0.002882 0.002797 0.006303 0.008772 0.012378 0.001103 0.000203 0.001993 0.005462 0.000714 0.005095 0.010487 0.001828 0.025071 0.003041 0.011348 0.011439 0.009816 0.004388 0.011029 0.021936 0.009142 0.008544 0.023049 0.009612 0.000404 0.0015 0.015469 0.004662 0.060786 0.013556 0.004466 0.001662 0.001312 0.001327 8e-006 0.003885 0.013396 0.00268 0.003108 0.000748 0 0 0 0 0.012125
0.009475 0.020414 0.006711 0.0048 0.006224 0.013804 0.009273 0.011016 0.027219 0.01866 0.030381 0.13125 0.009714 0.009845 0.006698 0.015118 0.037236 0.037597 0.009838 0.014905 0.010419 0.009103 0.011148 0.0046 0.003222 0.00985 0.027669 0.00893 0.01092 0.015467 0.006465 0.023653 0.014841 0.00972 0.008263 0.001538 0.004803 0.004164 0.016004 0.002956 0.012292 0.009438 0.002676 0.015136 0.004237 0.019029 0.024597 0.038865 0.145321 0.029053 0.035367 0.03321 0.137208 0.011238 0.006824 0.006627 0.016514 0.017119 0.023823 0.018688 0.022638 0.003772 0.000808 0.000424 0.000915 0 0.00421 0.019427 0.011385 0.017045 0.000732 0 0 0 0 0.000928
0.013565 0.025815 0.050672 0.004878 0.001887 0.005895 0.014865 0.034791 0.014055 0.004556 0.009846 0.014433 0.003275 0.00701 0.047126 0.134973 0.020313 0.020081 0.003796 0.020296 0.003549 0.001546 0.002125 0.003339 0.004243 0.003234 0.007178 0.002212 0.005229 0.009761 0.005295 0.021525 0.03171 0.029569 0.031365 0.004489 0.009574 0.036388 0.017441 0.009354 0.001885 0.000131 0.001461 0.030477 0.003065 0.015201 0.017796 0.036023 0.063924 0.088999 0.030308 0.050743 0.029073 0.013227 0.006545 0.01241 0.009777 0.004728 0.008379 0.019406 0.006057 0.000576 0.000693 0 0 0 0.005038 0.009614 0.003402 0.014041 0.003364 0 0 0 0 0
0.02573 0.129489 0.007522 0.009665 0.015389 0.034015 0.020937 0.005706 0.035447 0.079299 0.007757 0.005199 0.008223 0.016745 0.006761 0.018848 0.008124 0.017928 0.030521 0.152363 0.000355 0 0.000924 0.013332 0.013723 0.005457 0.01612 0.007566 0.001013 0.004826 0.021118 0.023727 0.023162 0.015603 0.013224 0.001953 0.009183 0.050652 0.01175 0.074673 0.147998 0.036611 0.019056 0.021192 0.001701 0.010119 0.024465 0.010128 0.022686 0.03775 0.150801 0.026381 0.097299 0.131749 0.017039 0.009482 0.027962 0.033062 0.040155 0.047622 0.021293 0.000324 0.000572 0 0 0 0.00058 0.000932 0 0 0.000409 0.000722 0 0 0 0
0.007856 0.017334 0.029876 0.031197 0.047121 0.023092 0.025388 0.01843 0.011401 0.013065 0.022645 0.011722 0.020256 0.001955 0.013627 0.069192 0.011082 0.009734 0.01188 0.022504 0.002302 0.000696 0.000739 0.018641 0.0266 0.00779 0.005067 0.016895 0.002792 0.004603 0.007916 0.045417 0.001273 0.00367 0.00522 0.002858 0.045612 0.033062 0.029168 0.030686 0.010093 0.032864 0.140618 0.026976 0.014518 0.012746 0.033702 0.1225 0.010532 0.010282 0.038853 0.017383 0.018847 0.03009 0.014575 0.039622 0.030624 0.037044 0.026126 0.04046 0.006894 0.004895 0.000124 0 0 0 0.000359 0 6.8e-005 0 0 0 8e-006 0 0 0
0.042114 0.029326 0.121207 0.048637 0.030025 0.087708 0.015008 0.01878 0.007606 0.003337 0.011944 0.003293 0.009689 0.011764 0.017049 0.006344 0.008661 0.015131 0.017554 0.000255 0.002738 0.010973 0.008589 0.010035 0.106428 0.014498 0.020985 0.070624 0.007858 0.023996 0.018452 0.01318 0.004706 0.002205 0.001896 0.016896 0.130241 0.011959 0.02635 0.161362 0.045307 0.05484 0.137705 0.021734 0.04942 0.028085 0.027803 0.184023 0.074615 0.032635 0.031095 0.017769 0.026373 0.019059 0.013094 0.035579 0.003133 0.038306 0.018403 0.022712 0.010337 0.000593 0 0 0 2e-006 4.6e-005 0 0 0 0 0 0 0 0 0
0.019616 0.113596 0.030339 0.01168 0.011562 0.012781 0.017096 0.001589 0.010159 0.005817 0.00683 0.009179 0.034267 0.016045 0.007371 0.007704 0.016986 0.057383 0.144223 0.011608 0.011174 0.005204 0.003596 0.000347 0.025165 0.022212 0.017311 0.010473 0.017091 0.014813 0.019899 0.007295 0.014031 0.012076 0.003707 0.002241 0.020308 0.009809 0.00938 0.00612 0.008816 0.040637 0.1268 0.028046 0.08539 0.003518 0.017155 0.030617 0.025512 0.029811 0.019908 0.02508 0.009002 0.013376 0.000245 0.004535 0.003277 0.019153 0.000863 0.001312 0.000535 1.1e-005 0 0 0 0.000472 0 0.001224 0.000231 0 0 0 0 0 0 0
0.175425 0.161799 0.005494 0.020855 0.002772 0.016481 0.031221 0.069891 0.020724 0.008727 0.031232 0.017504 0.029947 0.054843 0.135119 0.012524 0.004331 0.009807 0.021676 0.019032 0.005 0.010463 0.011583 0.021747 0.023385 0.018078 0.042408 0.020682 0.012722 0.003353 0.005501 0.019875 0.00669 0.00843 0.006724 0.006562 0.005032 0.011699 0.002068 0.003583 0.028901 0.118421 0.008548 0.042557 0.028931 0.026945 0.039572 0.037502 0.02667 0.040877 0.026109 0.021739 0.007582 0.002917 0.000452 0.000742 0.015849 0.000156 0.000207 0.007496 3.4e-005 0 0 4e-006 0.00156 0.001639 0 0.000272 0.000159 0 0 0 0 0 0 0
0.029364 0.008896 0.01718 0.003185 0.007308 0.022086 0.081936 0.01866 0.041318 0.018463 0.026445 0.017569 0.006218 0.024632 0.179491 0.087471 0.017573 0.011643 0.095863 0.148627 0.158407 0.073002 0.017073 0.006006 0.008868 0.01194 0.017946 0.020289 0.115137 0.038225 0.001991 0.007992 0.005289 0.004637 0.006916 0.010657 0.003717 0.004429 0.024407 0.00975 0.011361 0.069045 0.007641 0.027764 0.00289 0.023524 0.040361 0.047812 0.019481 0.019654 0.004152 0.005689 0.007182 0.001616 0.004217 0 0.000152 0 5.6e-005 0 0 5e-006 0 4.6e-005 0.00219 0.003782 0 5.5e-005 8e-006 0 0 0 0 0 0 0
0.125947 0.029857 0.036006 0.037105 0.150632 0.144425 0.011888 0.007985 0.026485 0.044136 0.010724 0.00564 0.006672 0.023195 0.161274 0.009579 0.098093 0.001888 0.016989 0.039035 0.049325 0.008967 0.138399 0.082592 0.047274 0.014569 0.000838 0.016602 0.141739 0.010521 0.003799 0.019818 0.018902 0.018588 0.024442 0.080108 0.005041 0.001204 0.00031 0.007377 0.021425 0.115772 0.009048 0.000441 0 8.4e-005 0.005578 0.021357 0.011205 0.003673 0.018064 0.018013 0.038395 0.007743 0.000637 1.2e-005 0 0 0 0 0.002172 0.003805 0.001195 0 0 6e-006 7.2e-005 0.001837 0.002759 4.1e-005 0.00111 0 7e-006 0.000503 0 0
0.024475 0.072758 0.061661 0.116419 0.172793 0.136591 0.019024 0.030496 0.025814 0.031282 0.013534 0.005393 0.005269 0.037931 0.002644 0.006183 0.015785 0.007068 0.007084 0.03053 0.072379 0.003736 0.018916 0.047146 0.009536 0.001265 0.000303 0.00245 0.014107 0.011814 0.026095 0.108353 0.001219 0.023452 0.020743 0.017082 0.004 0.021674 0.007526 0.026371 0.020016 0.011649 0.000607 0.000819 0 2e-005 0.001103 0.002331 0.0004 0.006236 0.041949 0.014342 0.019291 0.000119 0 7.5e-005 2e-005 2.6e-005 0 1.1e-005 0.000524 4.1e-005 0 0 0 0.000293 0.000197 0 0 0.000244 0.000154 0.000464 0.000174 0 0 0
0.00546 0.028507 0.046285 0.055294 0.082787 0.018695 0.000568 0.021319 0.042648 0.017677 0.051769 0.116954 0.011089 0.116798 0.001188 0.003161 0.01732 0.011739 0.016016 0.019121 0.025579 0.002067 0.000559 0.00901 0.000414 2.5e-005 0.001097 0.004349 0.029427 0.036591 0.00465 0.005872 0.001012 0.012448 0.009019 0.019827 0.011539 0.008487 0.001692 0.020714 0.02878 0.016823 0.001726 1.7e-005 0 0.002449 0 1.2e-005 0.001064 0.005952 0.009509 0.00186 1e-006 0.00015 9e-006 0 0 2e-006 3e-006 8e-006 6.5e-005 1.6e-005 0.000847 0.002182 0 0.003891 1.3e-005 0 0.001844 0.003213 3.2e-005 0.000223 0 0 0 0
