EnvRasters/BAU_High/wheat.asc
ncols         270
nrows         223
xllcorner     24099.479091542
yllcorner     21023.840179216
cellsize      1003.8986847201
NODATA_value  -9999
[rows 99 to 131 of 223, columns 152 to 227 of 270]
0.010839 0.012192 0.018256 0.043936 0.077858 0.007319 0.009232 0.021194 0.025461 0.032311 0.030731 0.03629 0.019194 0.002829 0.007642 0.01756 0.165804 0.020249 0.052262 0.020522 0.014206 0.014523 0.026393 0.089504 0.070087 0.004429 0.004111 0.001447 0.004614 0.025157 0.018046 0.007148 0.005174 0.00072 0.000571 0.01065 0.013913 0.013359 0.001866 0.006505 0.001604 0.005951 0.002049 0.003424 0.022599 0.001521 0.001591 0.013014 0.015588 0.002887 0.001037 0.000392 0 0 0 0 0 0 0 0 2e-006 0 0.000152 0.005554 0.002154 0.000183 0.005021 0.000947 0 0 0 0 0 0 0 0
0.006427 0.004943 0.009774 0.002087 0.003736 0.018977 0.008254 0.009374 0.007647 0.010308 0.038845 0.071459 0.024247 0.000914 0.01826 0.108533 0.03314 0.006324 0.002291 0.012841 0.00411 0.010692 0.035147 0.169202 0.123311 0.015171 0.079851 0.011557 0.004252 0.009129 0.008519 0.000792 0.028356 0.020423 0.003197 0.012037 0.068767 0.090949 0.025089 0.008006 0.015292 0.005927 0.015508 0.009492 0.001992 0.003238 0.000595 0.004887 0.017849 0.00022 5e-006 0 0 0 0 0 0 0 0 0 0 0 0.000292 0.000718 0 0.000967 0.00078 8e-006 0 0 0 0 0 0 0 0
0.002495 0.00091 0.000961 0.000541 0.002452 0.039547 0.007637 0.012323 0.025861 0.009903 0.023109 0.015998 0.017451 0.015525 0.008515 0.010486 0.010483 0.001384 0.026401 0.013383 0.005849 0.015099 0.037807 0.078349 0.002379 0.002372 0.018676 0.011614 0.002486 0.005299 0.002881 0.00301 0.020973 0.030655 0.016074 0.010904 0.026128 0.010253 0.040043 0.058898 0.009854 0.014915 0.016023 0.011453 0.002498 0.006796 0 0.002135 0.002399 9.3e-005 6.3e-005 0.001281 1.1e-005 0 0 0 0 0.000184 0.000528 0 0 0 0 0 0 0 0 0 0 0 0.000261 0 0 0 0 0
0.002877 0.003467 0.015152 0.00485 0.006005 0.026047 0.003078 0.008759 0.03553 0.004638 0.0317 0.019315 0.00696 0.03754 0.006692 0.004686 0.007071 0.002202 0.063849 0.027711 0.036353 0.0205 0.006028 0.010212 0.001677 0.000324 0.002161 0.013016 0.014708 0.00788 0.005673 0.013192 0.019779 0.018284 0.012884 0.012475 0.003547 0.005154 0.012737 0.047399 0.03977 0.0142 0.01457 0.00081 0.00033 0.000123 0 0 0 8.2e-005 0.003376 0.000206 0 0 0 0 0 0 0 2.4e-005 0 0 0 0 0 0 0 0 0 0 0 0 0 0.000667 0.001397 0
0.008683 0.017749 0.004718 0.001853 0.00304 0.003317 0.017567 0.014529 0.056062 0.019959 0.039351 0.021111 0.009883 0.028899 0.006025 0.010541 0.017551 0.001104 0.041492 0.012462 0.010896 0.009888 0.008425 0.033986 0.012522 0.003645 0.003133 0.003234 0.012905 0.009836 0.012555 0.022058 0.010039 0.008093 0.005761 0.003958 0.003177 0.003099 0.004196 0.00861 0.008161 0.012873 0.029695 0.007295 0.003454 0 0.000252 0 0.015399 0.019932 0.022683 0.004092 0 0 0 0 0 0 0 0.002218 0 0 0 0 0 0 0 0 0 0 0 0 0 0 0 0
0.010985 0.006511 0.012259 0.071295 0.002002 0.002924 0.015947 0.02436 0.016301 0.019349 0.014515 0.021128 0.057609 0.006175 0.018448 0.008554 0.002202 0.000464 0.007111 0.006432 0.002696 0.037974 0.108454 0.091069 0.030246 0.019703 0.020207 0.007477 0.032304 0.017295 0.010443 0.033986 0.028306 0.01528 0.005362 0.000317 0.003017 0.004638 0.006966 0.00559 0.001449 0.003983 0.000105 0.001015 0.003764 0 0.000753 0.00069 0.006852 0.025981 0.021766 0 0 0 0 0 0 0 0.005345 0.036173 9e-006 0 0 2e-006 0.001915 0 0 0 0 0 0 0 0 0 0 0
0.04283 0.009266 0.003321 0.01515 0.005582 0.017635 0.016563 0.025249 0.028505 0.007284 0.009198 0.037842 0.030078 0.021282 0.026707 0.007263 0.019809 0.005466 0.00127 0.029902 0.032173 0.032361 0.027428 0.00687 0.014353 0.006067 0.00678 0.013419 0.033654 0.035347 0.005302 0.010308 0.015732 0.01461 0.033102 0.000764 0.00901 0.003071 0.000181 0 7e-006 0.000898 0.001105 0.000611 0.000186 0 0.000279 0.002279 0.0312 0.036491 0.002457 0 0 0.00167 0.001589 0 0 0 0 0 0 0 0 0.000169 0.000533 0 0 0 0 0 0 0 0 0 0 0
0.094098 0.021714 0.047571 0.01614 0.002424 0.006499 0.012695 0.014741 0.036418 0.058248 0.028752 0.020413 0.035766 0.031008 0.032389 0.01339 0.027022 0.024317 0.002007 0.022306 0.022718 0.008694 0.008813 0.016739 0.016571 0.004613 0.013417 0.011067 0.018416 0.031861 0.014386 0.006234 0.011976 0.023761 0.018417 0.017802 0.002754 0.003109 0 0 0.000234 0.000292 0.000194 0 0 0 0.000537 0.004005 0.008024 0.026844 0.001848 0.00098 0.000235 0.008143 0.003592 0 0 0 0 0 0 0 0 0 0 0 3e-006 0 0 0 0 0.000169 0 0 0 0
0.070252 0.087057 0.021087 0.010003 0.000139 0.008221 0.008767 0.008823 0.03905 0.023341 0.02557 0.03231 0.063453 0.038459 0.016859 0.013984 0.014708 0.004531 0.001633 0.004203 0.01783 0.018464 0.021998 0.005827 0.006409 0.009309 0.012983 0.020436 0.002129 0.002126 0.001261 0.003989 0.013115 0.005296 0.009558 0.003904 6.8e-005 7e-006 0.000324 0.000265 0 0.000512 0.000912 0.000208 0.002958 0.011802 0.015951 0.003569 0.000756 0.015028 0.009626 0.003411 0.007864 0.002687 0.001037 0.000615 0 0 3e-006 0.002201 0 0 0.00031 0.006767 0.003016 0 0 0 0.000931 6.6e-005 0 0 0 0 0 0
0.023043 0.017145 0.045419 0.00645 0 0.00241 0.004642 0.019437 0.011103 0.021047 0.01791 0.01904 0.043011 0.053823 0.04396 0.032498 0.018033 0.000375 0.001258 0.011324 0.031012 0.066268 0.021496 0.017816 0.007483 0.002225 0.007022 0.00601 0.003808 0.002795 0.000333 0.00016 0.001089 0.000301 1.5e-005 5.8e-005 0.000997 0.008726 0.00393 0 0 4.5e-005 0.001273 0.011564 0.018841 0.028832 0.046604 0.029702 0.007037 0.028035 0.022709 0.00024 0.0003 1.2e-005 0 0 0 0 0.000342 0.006847 0.001684 0 3.1e-005 0.006936 0.002135 0 0.000241 0.005368 0.001173 0 0 0 0 0 0 0
0.018222 0.029461 0.022968 0.007001 0.005635 0.013386 0.012947 0.052676 0.002369 0.009726 0.082513 0.025769 0.00605 0.064433 0.037485 0.049022 0.009018 6e-005 0.000867 0.002949 0.018016 0.01392 0.023044 0.023679 0.040547 0.027216 0.01726 0.008937 0.007304 0.007494 7.1e-005 0.000444 0.003272 0.000196 0 0.001238 0.000983 0 0 0.004164 0.017702 0.011539 0.002994 0.032323 0.039178 0.069741 0.027049 0.035735 0.017274 0.003351 0.000189 0.003353 0.006081 0.000263 0.00115 0 0 0 0 0 0 0 0 0 0 0 0 4.7e-005 4.8e-005 0 0 0 0 0 0 0
0.025714 0.116384 0.043978 0.014257 0.020542 0.03342 0.032927 0.024691 0.009129 0.010519 0.004212 0.006674 0.000112 0.001392 0.003388 0.004996 0.009178 0.000114 0.002196 0.000412 0.002881 0.016325 0.019326 0.021245 0.015623 0.029678 0 0 0.002918 0.005101 0.002124 0.001781 3e-005 0.000601 0 0.000408 0.026911 0.005466 0.002802 0.006429 0.06096 0.016463 0.006814 0.001603 0.006354 0.041145 0.014798 0.017231 0.028771 0.003275 9.3e-005 0.004858 0.002176 0.009866 0.012644 0.001181 0 0 0 0 0 0 0 0 0 0 0 0 0 0 0 0 0 5.3e-005 0.000629 0
0.007845 0.017098 0.042375 0.018812 0.005254 0.040143 0.015772 0.023286 0.026249 0.000546 0.005522 3.3e-005 9.8e-005 0.00073 0 0.005433 0.005019 0.002238 0.001278 0.004454 0.000632 0.003051 0.004685 0.014118 0.007993 0.035794 0.000594 0.000898 0.000874 0.001228 0.000964 0.002041 0 0.001552 8.9e-005 0.003155 0.013513 0.040616 0.005558 0.004039 0.009493 0.018019 0.003401 0.002218 0.014177 0.015733 0.00427 0.013442 0.02807 0.002052 0 0 0.000808 0.008445 0.003685 0.001422 0 0 0 0 0 0 0 0.000407 0 0.000101 0.000144 0 0.000492 0 0 0 0 0 0 0
0.038108 0.002019 0.030535 0.023677 0.017752 0.01914 0.037973 0.025174 0.011916 0.001496 0.000613 1e-005 0 0.000437 0 0.005327 0.013007 0.004797 0.010195 0.010026 0.007683 0.013724 0.009178 0.006877 0.000288 0.000975 2.4e-005 0.001461 0.000117 1.3e-005 0.00012 0.002821 8.1e-005 0 0 0.000282 0.002359 0.006561 0.000418 0.000554 0.001573 0.001265 0.000305 9e-005 0.004253 0.004297 0.000275 0.000668 0.000546 0.000746 0 0 7.2e-005 0.002452 0.010025 0.000678 0.000512 2.8e-005 0.000574 0 0 0.000134 0 0.000236 2e-006 0.006261 0.001081 0.001382 0.000261 0 0 0 0 0 0 0
0.006193 0.019244 0.016073 0.029865 0.016471 0.00943 0.004827 0.013033 0.009741 0.001146 0.008627 0.000259 0.000725 0 0 0.002735 0.009984 0.003805 0.014838 0.00198 0.057355 0.040645 0.0162 0.004606 0.004695 0.001277 0.003116 0.004261 0.001142 1.4e-005 0 0.004607 0.000782 0.000435 0 4e-006 0.001114 0.00072 0.001462 0.01706 0.009656 0.002756 0 0.001145 0.00422 1.1e-005 0 0.000589 0.000914 0.000181 0.002073 0.001209 0 0.002828 0.013556 0.021222 0.006767 0.002722 0.000388 0 0.000301 0 4e-006 0 0 0 2.9e-005 1.6e-005 1.6e-005 0 0 0 0 0 0 0
0.023787 0.005693 0.018974 0.036379 0.047957 0.017069 0.001064 0.000951 0.00085 0.001825 0.015218 0.001339 0.001326 1.9e-005 0.001513 0.001029 0.000296 0.001602 0.005645 0.01988 0.083015 0.048264 0.01864 0.032039 0.024495 0.001143 0.004389 0.010273 0.010949 0.001203 0 1e-005 0.000553 0.003121 0.000615 0.002458 0.011555 0.000142 0.003865 0.013347 0.009279 0.005586 0.003661 0.013197 0.002348 0 0 0 0.000111 0.001149 0.004697 0.001477 0 0.00472 0.003255 0.009822 0.004192 0.00134 0 0 0.000214 0.00027 0.000583 0 0 0 0 0 0 0 0 0 0 0 0 0
0.01708 0.015504 0.009553 0.025555 0.05382 0.00262 0 0 0 0.000301 0.004877 0.001228 0.001222 0.008693 0.012105 0.001084 0.000485 0 0.009585 0.031171 0.055056 0.037064 0.026815 0.013716 0.008161 0.000861 0.006148 0.000853 0.001719 0 0.000118 0.001471 0.019102 0.011492 0.001149 0.000745 0.000273 2.3e-005 8e-005 0.003154 0.004852 0.008534 0.004824 0.001043 0.001649 0.000145 0 0 0.001159 0.009222 0.011401 0 0 0.001737 0.000574 0.000108 0.000771 0.000175 0 0 0 0 0.000259 0.000414 0 0 0 0 0 0 0 0 0 0 0 0
0.028612 0.04039 0.02963 0.008501 0.001634 1.2e-005 1e-005 0 0 0 0.009038 0.002928 0.010037 0.030454 0.005763 0.001346 0.000438 0.000615 0.005962 0.040443 0.015616 0.014428 0.001452 0.009131 0.018293 0.005933 0.000258 0.000679 0.001489 0.013037 0.010992 0.010077 0.015396 5e-005 0.001214 0.00504 0.000686 0 0.000834 0.001941 0.002297 0.005413 0.001045 0.002301 0.005702 0.00103 0 0 0.001369 0.032186 0.035145 0 0 0 1.2e-005 0 0 0.002864 0 0 0.003271 0.006697 0.011064 0.000389 0 0 0 0 0 0 0 0 0 0 0 0
0.017083 0.002066 0.020956 0.005601 0.010475 0.004791 0.000236 0 1e-006 1e-006 0.001614 0.000904 0.00787 0.020482 0.01467 0.001055 0.000288 0.000317 0.000111 0.005318 0.001645 0.016649 0.004168 0.002421 0.001349 0.00223 0.002116 0.008103 0.011118 0.042096 0.055401 0.021195 0.004856 0 0.000173 0.00289 0.000869 4.4e-005 0.000602 0.00764 0.00668 0.007447 0.001218 0.008394 0.023127 0.011119 0.005517 0.000273 0.002796 0.015894 0.00699 0.000592 0.001515 0.001392 0 0 0 0 0 0 0.000228 0.001975 0.00752 0 0 0 0 0 0 0 0 0 0 0 0 0
0.009733 0.004591 0.009768 9.6e-005 0.014409 0.003896 0.012044 0.002717 0.000154 0 0.000363 0.000291 0.001379 0.025833 0.006366 0.000758 0.000267 0 0 0 0.003298 0.007662 0.003748 0.001564 0.005023 0.005022 0.001466 0.004622 0.005209 0.020142 0.019333 0.003682 0 0 7.4e-005 0.005624 0 0 0.000369 0.00373 0.006997 0.009011 0.000886 0.015146 0.022576 0.001171 0.004854 0 0.003093 0.014009 0.002566 0.016633 0.03461 0.008262 7.7e-005 0 0 0 0 0 0 0.00073 0.002002 0 0 0 0 0 0 0 0 0 0 0 0 0
0.000216 0.012166 0.020294 0.004661 0.041903 0.011169 0.013104 0.012522 0.000375 0.001291 0.003367 0.003668 0.002288 0.014682 0.018181 0.002253 0 3.7e-005 0.002514 0.004324 0.006633 0.005317 0.025701 0.017506 0.003155 0.00209 0.005835 0.00058 0.00045 0.000182 0.027371 0.009184 0.000264 8.8e-005 0 7.1e-005 0.000954 0 0.001394 0.008973 0.012227 0.016567 0.022318 0.018684 0.001936 4e-006 0 0 0.001012 0.003558 0.004402 0.018488 0.039161 0.003262 0 0 0 0.000332 0.000707 0 0 0.000142 0 0 0 0 0 0 0 0 0 0 0 0 0 0
0.000594 0.004641 0.004606 0.001178 0.001293 0.012413 0.006927 0.000627 0 0 0.007737 0.002203 0.000243 0.00424 0.001622 0.001268 0.000309 0.00345 0.013625 0.020974 0.002179 0.007526 0.032314 0.012084 0.022413 0.011584 0.005014 0.000594 0.000203 0.000937 0.038051 0.020554 0.000759 6.6e-005 7e-006 0 0 0 0.002239 0.001036 0.027138 0.043873 0.034081 0.028717 0.012823 0.010745 0.000549 2.4e-005 0.000494 0.000301 0.000486 0.002283 0.002027 1.6e-005 0 0 0 0 1.2e-005 0 0 0 0 0 0 0 0 0 0 0 0 0 0 0 0 0
0.007492 0.002892 0.00508 0.000878 0.00072 0.002503 0.001649 0.007916 0.001912 2.8e-005 0 0 0 0.001521 0.003446 0.007407 0.003728 0 0.00066 0 0 0.001759 0.001409 0.016095 0.013555 0.045981 0.049686 0.013467 0.003182 0.001567 0.011092 0.008956 0.000737 0.001675 0.00045 0.001027 0.002292 0.000252 0.000481 0.008879 0.037756 0.035397 0.018829 0.020173 0.041636 0.015464 0.003858 0.023746 0.005399 9.8e-005 0 0 0 0 0 0 0 0 0 0 0 0 0 0 0 0 0 0 0 0 0 0 0 0 0 0
0.002673 0.000439 0 9e-005 0.001377 0.003215 0.010015 0.041102 0.01409 0.000589 0 0 0 0.00647 0.007272 0.001743 0.000374 0.006878 0.002332 0.000554 8.8e-005 0.00098 0.008102 0.004006 0.006224 0.034566 0.104137 0.02075 0.006906 0.000906 0.001567 0.001751 0.003031 0.002286 0.000705 0.001464 0.000757 0.005864 0.006578 0.007896 0.019423 0.037882 0.013507 0.053473 0.010186 0.001069 0.001068 0.013484 0.003627 0 0 0 0 0.002179 0.000471 3.1e-005 0 0 0 0 0 0 0 0 0 0 0 0 0 0 0 0 0.000233 0.000105 0 0
0.000973 0.000188 0.000608 0.001195 0.002304 0.004501 0.01539 0.028816 0.009956 0.000239 0 0 0 0.006454 0.024087 0.001057 0.003491 0.008099 0.006991 0.001627 0.00363 0.006897 0.006986 0.001113 0.007044 0.018691 0.018506 0.008554 0.041898 0.036314 0.00569 0.005869 0.009977 0.022376 0.01134 0.011381 0.048968 0.017564 0.020207 0.006946 0.002648 0.003353 0.002818 0.008272 0.003325 0.024489 0.012018 0.000578 0.002814 0.000157 0 0 0 0.001825 0.001309 0.000256 0 0 0 0 0 0 0 0 0 0 0 0 0 0 0 0 0.000729 0.001942 3.6e-005 0
0.000367 0.000556 4.4e-005 0.001017 0.001432 0.002905 0.041849 0.004464 0 0.00137 0.002066 0.01553 0.001646 0 0.000154 0.000631 0.001254 0.003219 0.003458 0.004804 0.003588 0.000275 7.2e-005 0.000208 2e-006 0.001031 0 0.006952 0.022508 0.034135 0.021094 0.011473 0.024028 0.02155 0.022901 0.010629 0.075024 0.057848 0.01808 0.00033 6e-006 0 0 0 9e-006 0.004847 0.000702 0 1.9e-005 0.000848 0 0 0 0 0 0 0 0 0 0 0 0 0 0 0 0 0 0 0 0 0 0.000426 0.000844 0.003071 0 0
0.021646 2.4e-005 0.000623 0.014558 0.008096 0.002892 0.031607 0.001048 0.00035 0.000392 0.000325 0.018252 0.024023 0.013192 0.002352 0.001179 0.000368 0.000283 0.012338 0.011137 0.003277 0.000711 0 0 0 0 0.000763 0.003208 0.028373 0.043353 0.033766 0.031381 0.002968 0.017316 0.042499 0.034787 0.037941 0.0572 0.003098 0 0 8e-006 0.00036 0.000242 3.5e-005 0 0 0 0 0 0 0.0002 0.000122 0 0 0.001243 2.1e-005 0 0 0 0 0 0 0 0 0 0 0 0 0.000161 0.00063 0 0 0 0 0
0.027804 0.004721 0.001104 0.029998 0.005807 0.003093 0.006558 0.001664 0.002507 5.1e-005 0.003233 0.003867 0.031517 0.027195 0.010151 0.001355 0.00513 0.003075 0.026263 0.056354 0.015021 0 1.7e-005 0 3.1e-005 0 8.4e-005 0.000343 0.017988 0.046359 0.043141 0.073144 0.002771 0.013499 0.021014 0.004801 0.015299 0.009997 0.002691 6.6e-005 0 0.002336 0.003076 0.000896 0.006326 0 0 0 0 0 0 0 0 0 0 0.002637 0.005204 0.001502 0 0 0 0 0 0 0 0 0 0 0 0 0 0 0 0 0 0
0.006053 0.000153 0.001813 0.001186 0 0 0.000384 2.1e-005 3.3e-005 0.002268 0.019091 0.004923 0.040102 0.029309 0.005446 0.002224 0.012094 0.035724 0.036744 0.006708 0.002788 0.002364 0.003308 0.005854 0.003537 4.9e-005 0.00019 0.00039 0.000331 0.011291 0.037747 0.046545 0.010627 0.000806 0.007169 0.000783 0.001999 0.000862 0.011208 0.000466 0.005643 0.001787 0.001732 0.001213 2.3e-005 0 0 0 0 0 0.000159 0 0.000732 1e-006 0 0.008775 0.002894 0.000156 0.00055 7.1e-005 0 0 0 0 0 1e-006 0 0 0 0 0 0 0 0 0 0
0.020255 0.002173 0.000146 0.00155 0.000932 0.00064 0.001181 0.001014 3e-006 0 0.000347 0.002634 0.028358 0.001049 0 0.010997 0.02234 0.003926 8.2e-005 0.000236 0.013215 0.004186 4.8e-005 0.009711 0.004644 0.015885 0.002511 0 0 0.002009 0.022471 0.014993 0.007529 0.002945 0.006762 0.001342 0.000407 0.001095 0.001091 0.000643 0.000709 0.004891 0 0.002375 0.000688 3e-006 0 0 6.7e-005 0 0.000746 0.001766 0.00061 0 6.5e-005 0 0 0 0.001408 2e-006 1e-006 0 0 0 0.000318 0.000107 4e-006 0 0 0 0 0 0 0 0 0
0.023665 0.000587 0.00134 0.003101 0.003805 8.1e-005 0.008764 0.012354 0.000838 0.00052 0 0.000135 0.013943 0.000851 0.000622 0.001665 0.005082 0.006813 0.000695 0.00075 0.011388 0.025973 0.001296 0.001332 0.00026 0.000134 0 0 0.000382 0.005968 0.030609 0.026768 0.009681 0.0041 0.020069 0.000552 0.001534 0.009071 0.012124 0.008576 0.001064 0.000589 0 0.00025 0.000719 0.000622 0 0.000224 0.002801 0.000142 0.001653 0.003672 0 0 0 0 0 0 0 0 0 0 0 0 0 0.000206 0.002579 0.003618 7e-005 0 0 0 0 0 0 0
0.038288 0.007282 0.002302 0.001509 0.002491 0.00044 0.002057 0.005728 0.005285 0 0 0.004909 0.00014 0.000138 0 0.022196 0.008822 0.005299 0.000372 0.001877 0.006443 0.007257 0.008211 0 6.2e-005 0.000332 0.000483 0.018974 0.046155 0.069771 0.003034 0.005319 0.005907 0.001784 0.002114 0.002257 0.004519 0.009117 0.007143 0.010995 0.000459 0.000737 0.001849 2.5e-005 4.8e-005 0.000405 0 0 3e-006 0.000549 0.000156 0 0 0 0 0 0 0 0 0 0 0 0 0 0 8e-006 0.008556 0.001465 0 0 0 0 0 0 0 0
0.046416 0.010374 0.001433 0.002072 0.000652 0.001155 0.000888 0.001576 0.004882 0.00018 0.000877 0.002936 0.002806 0.00085 0.001304 0.002934 0.003179 0.000981 0 0 0.000108 0.00453 0.018606 0.006526 0.00066 0.002025 0.001055 0.021996 0.030454 0.058715 0.046724 0.000572 0 0 0 0.001246 0.013205 0.015243 0.013849 0.000407 0.000758 0 0 0 0.000593 0.001489 0 0 0 0 0 0 0 0 0 0 0 0 0 0 0 0 0 0 0 0.010452 0.002746 0 0 0 0 0 0 0 0 0
