EnvRasters/BAU_Low/arable.asc
ncols         270
nrows         223
xllcorner     24099.479091542
yllcorner     21023.840179216
cellsize      1003.8986847201
NODATA_value  -9999
[rows 58 to 86 of 223, columns 128 to 191 of 270]
0.5171211 0.5739769 0.471546 0.3099439 0.2184642 0.3428276 0.00284 0.000392 0.02044396 0.1484998 0.2601549 0.09407262 0.1981829 0.1763073 0.402864 0.4129558 0.3848899 0.258728 0.3687808 0.09130584 0.1368315 0.07116098 0.1575111 0.1293806 0.2786674 0.2816539 0.1499878 0.2701167 0.07537118 0.01762998 0.06453427 0.09095053 0.129634 0.1347117 0.2487283 0.2494318 0.1649114 0.1860155 0.2101529 0.2612149 0.4862497 0.4771399 0.306341 0.1938543 0.1284936 0.01371898 0.01040248 0.05210458 0.049474 0.1172281 0.380542 0.3549576 0.1666867 0.107815 0.009271756 0.1278892 0.2444571 0.3123536 0 0.009964978 0.010278 0.07523894 0.1960482 0.1052125
0.6607335 0.2816826 0.4363233 0.3560649 0.07771794 0.170936 0.02518 0 0.1119778 0.1803395 0.141151 0.06193255 0.1006152 0.1084041 0.1594212 0.0355204 0.2041198 0.2836929 0.2465604 0.3002398 0.1253367 0.187402 0.2670616 0.116338 0.2159611 0.300189 0.3844589 0.305826 0.069054 0.05820298 0.08523715 0.03278712 0.1876115 0.221338 0.1857031 0.1980909 0.3631815 0.2216411 0.3134117 0.1544604 0.2603979 0.5239238 0.458924 0.3848106 0.05368227 0.03836066 0.1524359 0.06065 0.274571 0.1410222 0.1089984 0.1734517 0.1375319 0.04845053 0.1067405 0.261621 0.1362059 0.3319439 0.174785 0.0307 0.04738295 0.1207871 0.122159 0.014492
0.308577 0.5384432 0.5277267 0.2079416 0.2889309 0.4511341 0.04442403 0.2065107 0.381889 0.1331933 0.3394427 0.1469515 0.3146951 0.09845173 0.15068 0.03653798 0.1296019 0.1451169 0.195097 0.1750692 0.07679253 0.03443298 0.01441133 0.03651994 0.003077 0.010042 0.107659 0.1331718 0.08527876 0.046087 0.1502832 0.2022069 0.4162222 0.4787104 0.1573112 0.1403787 0.2689305 0.2571274 0.4012247 0.3883627 0.5316549 0.613997 0.5792 0.478546 0.2979079 0.5601556 0.1912253 0.055529 0.2441879 0.120873 0.2024979 0.1766664 0.04925998 0.021546 0.08126298 0.437511 0.283338 0.366588 0.3179229 0.296869 0.2128761 0.2080929 0.070898 0.025596
0.6711499 0.574002 0.3919369 0.1752992 0.441423 0.2297707 0.1683391 0.1627422 0.5171019 0.60072 0.5658817 0.4782122 0.08867126 0.1079776 0.08421546 0.05426498 0.1200888 0.3215987 0.3926036 0.1774136 0.2120939 0.1496423 0.05381229 0.02711603 0.01268298 0.07947586 0.1306571 0.2447856 0.4888439 0.4665744 0.34139 0.4876223 0.3427804 0.100098 0.2310784 0.293784 0.3894098 0.3822322 0.6933476 0.612316 0.490982 0.653484 0.5363643 0.472819 0.5420512 0.494329 0.2622816 0.1992524 0.2726963 0.414599 0.2182069 0.03102281 0.031773 0.1615687 0.1113452 0.2938318 0.2621095 0.2439711 0.1571413 0.430285 0.2499923 0.2933935 0.121359 0.087433
0.2012894 0.133777 0.2582209 0.2820919 0.3111964 0.3515839 0.5009586 0.2297525 0.2992587 0.3501519 0.3757553 0.4620898 0.1244388 0.336594 0.5352085 0.224888 0.07678438 0.4841921 0.6315627 0.2462919 0.578424 0.2087924 0.2039038 0.065647 0.06995671 0.1378312 0.165384 0.1214297 0.2883895 0.2532177 0.3191844 0.354798 0.1933386 0.1355338 0.2381656 0.4677603 0.2427541 0.2975743 0.3756199 0.352349 0.2972909 0.2965251 0.2214273 0.5028809 0.3743624 0.5336715 0.4295681 0.4158725 0.3563593 0.1120871 0.1843039 0.2441591 0.120141 0.1845986 0.2028351 0.1625764 0.1539684 0.2279254 0.2045428 0.2096749 0.0131815 0.3634849 0.3583962 0.01782607
0.05404956 0 0.06867 0.507627 0.3938056 0.467231 0.6319643 0.3568379 0.3878606 0.5653192 0.2733255 0.3938364 0.3305732 0.4801589 0.4604439 0.5839087 0.234362 0.07492507 0.3855561 0.454834 0.3327488 0.09917264 0.238628 0.127585 0.08296791 0.1926868 0.1766369 0.25559 0.2568226 0.2077973 0.3820998 0.4961429 0.3327971 0.177082 0.1710749 0.09425043 0.2729559 0.16384 0.2200787 0.1687923 0.4627558 0.55762 0.4180169 0.3359413 0.2945016 0.300873 0.3062432 0.3934677 0.4409488 0.2012637 0.305363 0.2901197 0.3330579 0.05518479 0.2318148 0.504909 0.3690071 0.2409109 0.2654681 0.1491258 0.3043109 0.2167739 0.08107415 0.01687289
0.05929678 0 0.042575 0.3307039 0.1952358 0.5586708 0.3849005 0.1348147 0.520517 0.3886662 0.2401975 0.259798 0.09012398 0.543822 0.4192879 0.3045169 0.5157441 0.3265984 0.292061 0.4559745 0.3947507 0.324538 0.2815028 0.3366239 0.144245 0.056531 0.09895 0.157173 0.1644107 0.1924812 0.304859 0.3864766 0.09731624 0.00724 0.1206844 0.2311779 0.3258133 0.4635724 0.268943 0.2532344 0.4136877 0.3966266 0.4264491 0.264841 0.1699101 0.1385894 0.1878964 0.394211 0.327976 0.2809384 0.1669192 0.2847787 0.3164057 0.09703998 0.1474612 0.492772 0.17793 0.3751946 0.24972 0.292102 0.463214 0.4418513 0.3238949 0.1145988
0 0 0 0.1294077 0.1998593 0.373187 0.4718166 0.125058 0.2120247 0.2493249 0.3587401 0.1981719 0.302343 0.218246 0.302194 0.5330812 0.3868457 0.519637 0.6113172 0.2816993 0.1215193 0.2636139 0.3177073 0.111056 0.13503 0.2435348 0.2524672 0.3236596 0.4975439 0.7430116 0.447625 0.2250223 0.02722678 0.1609087 0.513661 0.3829229 0.3640178 0.344107 0.317462 0.09106823 0.3439994 0.4450637 0.284279 0.3255796 0.4165181 0.17676 0.2491723 0.288227 0.415436 0.2495995 0.1607159 0.3021929 0.1687821 0.156504 0.1276803 0.1838809 0.079708 0.1955429 0.2062038 0.1073755 0.2694356 0.3917172 0.139597 0.288573
0 0.009964978 0.007074 0.3173842 0.04838029 0.23543 0.07923483 0.1972 0.6428763 0.7918456 0.8039039 0.4642943 0.07915992 0.2128129 0.1971116 0.297748 0.09683827 0.3270995 0.3924264 0.4673873 0.5482966 0.3008433 0.1314769 0.08192892 0.065159 0.1905159 0.322933 0.7449539 0.513561 0.5118608 0.4684035 0.1282206 0.2469823 0.3898569 0.5374937 0.3610972 0.3435327 0.326308 0.2663437 0.304867 0.461002 0.239256 0.2401287 0.303657 0.1911284 0.3253815 0.3315096 0.322691 0.3615096 0.3017833 0.2552732 0.1015854 0.2427628 0.13363 0.1226923 0.2084208 0.140253 0.20327 0.3026237 0.09865956 0.2602178 0.209467 0.2737829 0.4063755
0 0 0.09508054 0.09105503 0.07415427 0.01516661 0 0.01351998 0.7016663 0.9165162 0.6841356 0.2347653 0.3959939 0.275512 0.1761411 0.1386382 0.54022 0.5746185 0.03831189 0.2726323 0.4392846 0.043586 0.01188098 0.1164764 0.3445572 0.08031098 0.267772 0.7634209 0.5384642 0.554786 0.5495089 0.2963613 0.1867663 0.2390526 0.4713049 0.3420173 0.2887427 0.2919729 0.3181592 0.298529 0.294686 0.2821939 0.209457 0.258045 0.143765 0.1328872 0.09339419 0.1846067 0.301209 0.3281118 0.3285545 0.1959688 0.1548346 0.1609913 0.0780883 0.1492591 0.1985314 0.181177 0.1949569 0.1737109 0.2057569 0.2092747 0.2410651 0.1416129
0.003257867 0.07971983 0.01415599 0.02747392 0.014055 0 0 0.1100429 0.6313175 0.5867105 0.1873013 0.5007754 0.5797336 0.188277 0.3039999 0.1688453 0.2575553 0.4214709 0.3628419 0.2741551 0.1510523 0.01992996 0.009434 0.2274562 0.1031411 0.172416 0.304934 0.639173 0.5134123 0.201945 0.2853444 0.4296808 0.5706688 0.3600885 0.2824366 0.2169483 0.1709102 0.248491 0.319301 0.151623 0.1334971 0.2942919 0.20267 0.212685 0.1466027 0.1308811 0.217055 0.191656 0.2267181 0.2599458 0.2223043 0.301525 0.1780138 0.287664 0.1625824 0.1409693 0.1701928 0.2931495 0.045835 0.022512 0.181515 0.1504041 0.2181841 0.06635522
0.03698445 0.0879776 0.1683114 0.000384 0.006056 0.07657798 0.2007369 0.640961 0.4992557 0.002586572 0.2251599 0.2856145 0.1235371 0.3546933 0.54103 0.437066 0.2548203 0.503949 0.276314 0.3791016 0.004221323 0.009964978 0.01795776 0.1683421 0.3534039 0.1593845 0.4342607 0.525477 0.4157327 0.375029 0.2296038 0.3746137 0.49294 0.5221927 0.3841344 0.1991652 0.1412303 0.123478 0.1302073 0.2055629 0.3289238 0.286693 0.2219215 0.09639647 0.1639039 0.1974944 0.211553 0.158835 0.3082887 0.2650435 0.2559463 0.500685 0.3528326 0.1505461 0.145668 0.1135064 0.08656042 0.1477778 0.09170887 0.1104534 0.1377899 0.1510182 0.1408494 0.1238369
0.009964978 0.05888966 0.3373083 0.1135 0.0312 0.2011139 0.2857039 0.2625279 0.5265052 0.1022859 0.1960643 0.1661999 0.1829649 0.6504582 0.196955 0.470965 0.2250996 0.8131009 0.187394 0.03139196 0 0 0.01008498 0.1211526 0.3203685 0.3077627 0.4646094 0.6714822 0.600484 0.3977789 0.1902078 0.1738902 0.12494 0.3458261 0.3126612 0.209281 0.1653953 0.16491 0.1593306 0.252592 0.461198 0.237478 0.2207855 0.2079599 0.1671745 0.1638967 0.2172699 0.1351973 0.2342292 0.239971 0.1703339 0.2921133 0.2032318 0.2791364 0.09971765 0.1625787 0.1112594 0.2560829 0.07465182 0.1138761 0.1648154 0.1561833 0.1833568 0.0655838
0 0.06295095 0.4533041 0.1027428 0.1276549 0.2198 0.04413 0.3538599 0.3085715 0.06136535 0.6072787 0.5480018 0.736375 0.6804269 0.541644 0.4414569 0.2184259 0.5495808 0.1229341 0.1678959 0.02640973 0.000918 0.006669 0.07767874 0.2326985 0.4334882 0.3731692 0.2922177 0.4178163 0.5715155 0.5263789 0.328016 0.270679 0.3368711 0.4348352 0.46042 0.223436 0.2717641 0.1883908 0.3266079 0.2385046 0.4007483 0.37362 0.3756838 0.1943726 0.225242 0.2711738 0.3208837 0.246561 0.340223 0.2401053 0.1776021 0.281763 0.138426 0.186901 0.1522019 0.09050198 0.1045087 0.06098795 0.09844194 0.3162498 0.3066159 0.2923993 0.2213168
0 0.002248 0.02320026 0.04541565 0.03169498 0.2839471 0.06410379 0.05224697 0.6417162 0.2540012 0.2813342 0.5918999 0.671069 0.840387 0.396366 0.1031809 0.2392439 0.1550712 0.11894 0.06826198 0.003485207 0.0297783 0.3335221 0.2203893 0.05263358 0.1621256 0.5151672 0.404122 0.439748 0.3503419 0.539896 0.504483 0.357284 0.507233 0.530454 0.6306339 0.2036613 0.3223638 0.4356969 0.420791 0.448139 0.303798 0.2769619 0.34432 0.298944 0.3895809 0.207801 0.1972292 0.4414585 0.1219668 0.1459849 0.064943 0.1895276 0.07324231 0.1167163 0.1410815 0.2591896 0.08951746 0.1916505 0.1123269 0.08703904 0.2109438 0.3183859 0.23066
0 0 0.0436602 0.07457165 0.3195659 0.0801639 0.3751539 0.4545466 0.8857824 0.08200454 0.714874 0.713994 0.5046199 0.2518039 0.5844555 0.891589 0.607375 0.2192625 0.000268 0 0.3165761 0.2185769 0.1315857 0.5254782 0.4502141 0.228159 0.2142956 0.3246379 0.768046 0.4718449 0.4442919 0.6447225 0.390479 0.5292401 0.524376 0.4890287 0.4040369 0.186372 0.2931908 0.4133303 0.4405142 0.3084692 0.3992062 0.4140066 0.3184113 0.3636607 0.3780842 0.3638739 0.342247 0.1729871 0.335028 0.1901356 0.1266779 0.237117 0.1232785 0.1534936 0.150153 0.03436406 0.07824544 0.04490398 0.07099996 0.328225 0.217262 0.232684
0 0 0 0 0.0045 0.000624 0.1630013 0.3988593 0.8349013 0.3040627 0.4377575 0.8081838 0.4322728 0.5982479 0.9059884 0.939487 0.4387059 0.03284498 0.05569497 0 0.004121 0.291987 0.2648579 0.5091296 0.4330117 0.659726 0.7140247 0.3942574 0.539272 0.3757902 0.2554738 0.2635192 0.399215 0.4321928 0.470222 0.2438366 0.3149742 0.2073209 0.2516185 0.3537684 0.4612496 0.4548922 0.4771908 0.4174701 0.2603824 0.1964186 0.286001 0.5798861 0.307772 0.203738 0.176491 0.04463029 0.019525 0.268603 0.1440313 0.151848 0.134988 0.1185431 0.09267443 0.06377815 0.04168596 0.2154147 0.2419479 0.06941196
0 0 0.009964978 0 0 0.000212 0.3075861 0.301783 0.1769914 0.08225603 0.17398 0.2297411 0.762972 0.517745 0.805033 0.595611 0.105388 0.06654153 0.05243127 0 0.09304787 0.4025614 0.4088394 0.6926255 0.3270322 0.640036 0.6317334 0.5149237 0.744901 0.4594281 0.1915725 0.3847372 0.3495268 0.4511179 0.6129037 0.202681 0.2052079 0.418161 0.3187642 0.332966 0.4128727 0.3223664 0.4697618 0.2422778 0.1875382 0.1831219 0.29221 0.3500218 0.2529598 0.197899 0.08995683 0.103965 0.232945 0.2934804 0.2486598 0.1451789 0.124194 0.1741096 0.09240633 0.1468695 0.1120538 0.209299 0.05556496 0.08084895
0 0.009964978 0 0 0.03668196 0 0.023462 0 0 0.1956199 0.8486601 0.8331267 0.859427 0.533005 0.827707 0.603722 0.05553449 0.01524647 0.06589989 0.103206 0.2462822 0.3378596 0.2149261 0.5729633 0.3717392 0.5539129 0.502046 0.4571816 0.4275164 0.3350522 0.6419401 0.945846 0.6970668 0.3126158 0.5445613 0.535485 0.3518863 0.3726439 0.2596189 0.3261655 0.3081166 0.3979325 0.1172593 0.3584965 0.4531215 0.39053 0.2633202 0.5274419 0.332606 0.2405442 0.1462618 0.06910495 0.49542 0.1860139 0 0.04681294 0.06238546 0.2114372 0.0777784 0.1761261 0.1753386 0.05146798 0.09538245 0.0937283
0 0 0.009964978 0 0 0.009964978 0.06394294 0.02003396 0.002596 0.223506 0.3256062 0.5429095 0.6778297 0.78448 0.330955 0.1397298 0.01044598 0.025006 0.248851 0.129832 0.1167486 0.2896799 0.09368394 0.092309 0.371294 0.3102978 0.5146934 0.5118608 0.393721 0.922284 0.5951708 0.7062488 0.838528 0.3081965 0.2178189 0.4850191 0.3289529 0.1832074 0.09993936 0.538966 0.294407 0.344966 0.486609 0.4340842 0.4743 0.502527 0.4045358 0.3026879 0.2071654 0.1967403 0.13457 0.1381791 0.1909876 0.1122855 0.02878125 0 0.03181696 0.1327919 0.09264787 0.1780708 0.1058023 0.05614361 0.05974828 0.04876902
0.009964978 0 0.01992996 0.009964978 0 0 0.000905 0 0.000588 0.3355891 0.6381754 0.7709707 0.68473 0.247228 0.143467 0.1356324 0.06266198 0.03957896 0.0055 0 0 0.000376 0.003332 0.1193905 0.8609509 0.647208 0.4828128 0.5940575 0.929261 0.8703641 0.3689836 0.8283677 0.7200379 0.525502 0.447416 0.6241188 0.02801396 0.009964978 0.04459991 0.09549696 0.445755 0.4906682 0.2648599 0.4754546 0.576187 0.3892902 0.2890218 0.248453 0.1611059 0.1333908 0.07875108 0.08909598 0.1937141 0.2118455 0.05362268 0.05327389 0.05462938 0.1585251 0.122169 0.218116 0.06637039 0.06695813 0.05493429 0.09479691
0 0.00361243 0 0 0 0 0.032977 0.029402 0.060865 0.2872989 0.2249001 0.753658 0.686866 0.1313184 0.1977253 0.2984702 0.1904187 0.1076707 0 0 0 0.018326 0.545011 0.7974305 0.9210947 0.7806678 0.9031062 0.798738 0.884996 0.6492169 0.711757 0.5481039 0.5143734 0.6764318 0.51468 0.8974466 0.380144 0.1193474 0.1273481 0.4142358 0.359715 0.4281758 0.426851 0.4905502 0.3659537 0.3748758 0.5186392 0.2568218 0.101235 0.1266 0.100227 0.228057 0.2570917 0.2998422 0.1338544 0.187448 0.1694659 0.08712913 0.035418 0.087693 0.1438327 0.0551749 0.1410794 0.1267785
0 0.01361822 0 0.0031 0.2382995 0.04964127 0.03959658 0.0255177 0.3368872 0.5103449 0.2272348 0.42096 0.06856107 0.177769 0.4196423 0.1501471 0.07601555 0.2253101 0.2701562 0.2934818 0.1149664 0.3096596 0.7851909 0.639845 0.823453 0.912936 0.9613667 0.9590303 0.9824 0.6426008 0.2891231 0.881625 0.8011132 0.898831 0.853518 0.550239 0.509077 0.1513145 0.7081346 0.5777752 0.6009719 0.620005 0.4918517 0.452074 0.515974 0.5484926 0.613401 0.3507476 0.234216 0.200982 0.1489187 0.1969239 0.229922 0.114591 0.08014584 0.151065 0.1221485 0.2511654 0.08784907 0.217735 0.1306274 0.09597338 0.274861 0.529023
0 0.03259424 0 0.06776052 0.3645798 0.2806143 0.1613905 0.1559657 0.2333139 0.2881319 0.1432439 0.428054 0.2064344 0.5091176 0.4728442 0.1173378 0.09582038 0.2891055 0.4872921 0.318884 0.7010676 0.2499163 0.4474484 0.4176322 0.6760976 0.5171044 0.4953883 0.7024991 0.971659 0.5589743 0.55661 0.752765 0.7266577 0.746233 0.4699792 0.4243309 0.61179 0.467773 0.60572 0.7529685 0.6697364 0.613659 0.3229371 0.674097 0.5226737 0.627281 0.350763 0.3889892 0.5446241 0.29522 0.1520358 0.2269681 0.160226 0.184358 0.05584739 0.1820709 0.1703576 0.2091908 0.125449 0.3070849 0.1849735 0.1316922 0.2132439 0.278069
0 0 0.003876 0.02064798 0.06278689 0.1892489 0.05446592 0.02055096 0.05173828 0.01134761 0.558876 0.755286 0.8474414 0.2496789 0.092003 0.3648432 0.2264177 0.1783636 0.8325692 0.8718753 0.9037339 0.6164484 0.6568301 0.4616568 0.8421595 0.7448553 0.714013 0.8070891 0.9558021 0.5913342 0.8156718 0.657489 0.5575652 0.5443236 0.1499726 0.4979732 0.6800427 0.7077158 0.4721009 0.692651 0.6247399 0.3776911 0.6542568 0.4944478 0.4020528 0.5273577 0.511579 0.3776519 0.5379867 0.3073 0.141464 0.1868216 0.059095 0.219141 0.2586222 0.153077 0.2286079 0.1979664 0.2562827 0.138458 0.09801898 0.1254911 0.263417 0.3175356
0 0 0.02989493 0.01999296 0.02193184 0.1059953 0.1480118 0.1366296 0.1121463 0.3180289 0.5191205 0.4683268 0.3155714 0.319219 0.1434639 0.3559303 0.1943006 0.2099439 0.5193838 0.7494009 0.5482649 0.7742296 0.9125968 0.6110386 0.745208 0.6216249 0.4854779 0.7528321 0.7530965 0.7854733 0.9236669 0.88095 0.963513 0.6703318 0.4478739 0.9193071 0.7692212 0.682779 0.696946 0.9696759 0.8125932 0.4401831 0.8940459 0.8470679 0.4461075 0.5492129 0.2962701 0.3268453 0.3073453 0.443931 0.361916 0.5300978 0.37862 0.34986 0.1912951 0.18987 0.103659 0.1962275 0.158764 0.1573812 0.08140416 0.2154747 0.2323209 0.3417033
0 0.01992996 0 0.1402546 0.1494848 0.2197981 0.3081398 0.4082491 0.4080507 0.5753409 0.442489 0.07410733 0.3669409 0.6852463 0.2073872 0.3988546 0.321941 0.4497537 0.32102 0.5910531 0.7945657 0.4865712 0.8483307 0.709074 0.595921 0.629528 0.5456461 0.914184 0.7745214 0.9620816 0.818972 0.8737231 0.6834446 0.6883335 0.9494686 0.97737 0.7338341 0.617008 0.7558263 0.9382181 0.6295354 0.7783401 0.965746 0.9239328 0.5825986 0.4465173 0.1882713 0.05178276 0.4096451 0.650853 0.3592749 0.4046049 0.549346 0.5084446 0.3084833 0.240952 0.1985475 0.2647748 0.2370546 0.268261 0.2221851 0.2257481 0.2606672 0.527182
0 0 0.01992996 0.09001052 0.3130203 0.0937047 0.04078894 0.2557708 0.6921891 0.535773 0.5102654 0.1836901 0.4678047 0.7255284 0.2569906 0.6702394 0.3904808 0.5774877 0.3289621 0.5809729 0.6321629 0.705161 0.2375626 0.780851 0.809464 0.5609187 0.9285934 0.7658014 0.7530382 0.7024943 0.7477287 0.4173747 0.7230347 0.7247849 0.7103318 0.6952717 0.9325532 0.9151307 0.9002324 0.6184847 0.3472558 0.7904839 0.745163 0.7889817 0.648696 0.643581 0.5601663 0.1698276 0.545197 0.592539 0.4143029 0.319456 0.6444113 0.509329 0.464182 0.4324258 0.1574455 0.2005373 0.325692 0.4675486 0.1358765 0.385844 0.375769 0.3399133
0.5529904 0.05887356 0 0.1232236 0.116132 0.1163988 0.02991894 0.179151 0.4208667 0.5408546 0.2958407 0.2233266 0.3634604 0.1973216 0.7531706 0.4744808 0.318484 0.4486218 0.3302964 0.2756184 0.178712 0.5264067 0.3558264 0.6770036 0.6115154 0.57963 0.8401909 0.7236401 0.6459498 0.7941131 0.7728501 0.807974 0.8335191 0.5263385 0.5459584 0.7904882 0.9172563 0.7072391 0.5882298 0.4696483 0.6176857 0.4292969 0.7624062 0.6327389 0.8299401 0.887743 0.647725 0.5201731 0.646517 0.61225 0.4535579 0.5362861 0.5656694 0.4032879 0.2442598 0.348171 0.2143492 0.195622 0.450972 0.2243536 0.4909613 0.66243 0.4809208 0.597744
