EnvRasters/BAU_Low/arable.asc
ncols         270
nrows         223
xllcorner     24099.479091542
yllcorner     21023.840179216
cellsize      1003.8986847201
NODATA_value  -9999
[rows 87 to 115 of 223, columns 192 to 255 of 270]
0.8735781 0.6032432 0.2158026 0.5916588 0.788034 0.6909125 0.9582972 0.8025683 0.7640477 0.904785 0.6518102 0.930996 0.8670125 0.7226999 0.4165712 0.8249508 0.8350552 0.5878484 0.4089713 0.894562 0.9668551 0.7574746 0.6280676 0.698409 0.6519048 0.4350316 0.2083872 0.8420022 0.2306445 0.5762642 0.6729143 0.447783 0.3985495 0.3573513 0.6344666 0.2316389 0.117042 0.250652 0.3026092 0.3129789 0.1817921 0.5443781 0.331082 0.3234278 0.4984113 0.4056446 0.2242731 0.2588066 0.3175107 0.04881718 0.1483419 0.1766302 0.04944056 0.1872213 0.1380641 0.03324642 0.1344916 -9999 -9999 -9999 -9999 -9999 -9999 -9999
0.4902245 0.6509035 0.6976023 0.961889 0.796617 0.4473751 0.7544812 0.9607424 0.758547 0.902208 0.4263076 0.9081089 0.9569697 0.9937935 0.6622657 0.3674101 0.7187359 0.8932484 0.6647374 0.9176794 0.6570764 0.3239342 0.4094842 0.4618216 0.4693535 0.2139887 0.2566426 0.6532913 0.5064834 0.5974166 0.2478463 0.08425632 0.1180085 0.2873538 0.1659057 0.1663584 0.34891 0.4070878 0.2262244 0.2611888 0.2250962 0.237853 0.1007066 0.3033594 0.4888246 0.3924406 0.3469263 0.2770101 0.1621686 0.1527971 0.2835356 0.1258816 0.2425719 0.1958907 0.1099191 0.1110275 0.1132178 0 -9999 -9999 -9999 -9999 -9999 -9999
0.7810708 0.8773297 0.9651292 0.959065 0.8766688 0.6578256 0.5697046 0.7440889 0.5735719 0.5569925 0.8427739 0.4481668 0.6156828 0.940197 0.6943792 0.7475547 0.7673567 0.8374118 0.679542 0.8622828 0.8717177 0.2151529 0.5615496 0.1223375 0.1610649 0.1520454 0.3650626 0.5793345 0.2314253 0.5387852 0.6428105 0.2202272 0.2562675 0.2727121 0.140884 0.2212794 0.3141584 0.2698737 0.07020951 0.2332964 0.2184709 0.01917797 0.3250018 0.1890093 0.09969535 0.4314151 0.3708655 0.2586536 0.1895235 0.02013342 0.2406441 0.284399 0.07222863 0.1255494 0.1292755 0.09708395 0.000954 0.09216733 -9999 -9999 -9999 -9999 -9999 -9999
0.8250492 0.5379125 0.5892582 0.8724219 0.8655386 0.6876228 0.4983036 0.903636 0.7663075 0.7679618 0.774426 0.8101832 0.7362068 0.803206 0.7235638 0.8193112 0.9515515 0.3588537 0.3543766 0.4459068 0.2463013 0.09975097 0.3502137 0.1378928 0.1061958 0.2924539 0.2813699 0.2815926 0.3808689 0.4107185 0.3540113 0.1589674 0.2213397 0.1895292 0.1246262 0.3275329 0.09661297 0.4265634 0.2508473 0.3134689 0.2493464 0.1379499 0.09216986 0.1739389 0.1724005 0.4550498 0.1698407 0.3074218 0.07034678 0.08484811 0.08249398 0.1162033 0.1962971 0.1821768 0.1642916 0.1223314 0.1111881 0.1474266 0.09520154 -9999 -9999 -9999 -9999 -9999
0.9086235 0.6179748 0.7615839 0.6857387 0.5018044 0.8746713 0.8446619 0.6828801 0.9298991 0.7998601 0.7281808 0.9573305 0.7926777 0.9105879 0.4611631 0.6872337 0.5436682 0.569355 0.3095179 0.3469457 0.3652402 0.6095519 0.129473 0.03388427 0.126063 0.08868342 0.4855258 0.3785309 0.3591867 0.4165141 0.2472038 0.2319979 0.3032599 0.4266236 0.05797651 0.2427859 0.2516456 0.239333 0.3758987 0.2605324 0.2217186 0.1775004 0.106583 0.04915285 0.2357004 0.2012644 0.08376791 0.2270389 0.3579292 0.2119068 0.3159024 0.2077471 0.1308439 0.05398709 0.1880328 0.06315188 0.1937325 0.1133713 0.03089405 0 -9999 -9999 -9999 -9999
0.5429409 0.6108704 0.789461 0.6393242 0.4841891 0.757744 0.8636164 0.7833238 0.5007463 0.6255125 0.3394103 0.6592504 0.3606891 0.34989 0.1692299 0.3243842 0.06852829 0.3244298 0.2204743 0.2625142 0.4516929 0.1762965 0.02675854 0.0347637 0.0774881 0.1990506 0.385717 0.3855869 0.3066249 0.2953432 0.185227 0.1506267 0.332139 0.210275 0.3058718 0.1975809 0.1783587 0.2250448 0.4158126 0.1666874 0.3306503 0.2448498 0.3686645 0.3505875 0.2863281 0.3938808 0.2073148 0.2690404 0.06938828 0.4147341 0.07014062 0.09990206 0.01678622 0.1539673 0.1255598 0.2096845 0.2358511 0.2343289 0.1280976 0 -9999 -9999 -9999 -9999
0.9671929 0.924904 0.794937 0.7575523 0.8079647 0.810228 0.8007395 0.947488 0.8371676 0.7597443 0.2392174 0.3446599 0.1127022 0.2230117 0.05611685 0.1612019 0.06308404 0.2813029 0.1256811 0.1032943 0.1249812 0.03825526 4e-006 0 0.05945444 0.4640386 0.2683097 0.3291424 0.3309804 0.3662732 0.1827246 0.07841463 0.1338899 0.2378426 0.3307919 0.1831198 0.313711 0.3285152 0.08910061 0.2058466 0.2263459 0.1652785 0.3989065 0.4278525 0.1678618 0.1936395 0.1451114 0.2107326 0.1392498 0.04760949 0.2581138 0.315998 0.08572532 0.01766498 0.2409759 0.174376 0.3283274 0.06889091 0.05978987 0 0 -9999 -9999 -9999
0.6418071 0.825192 0.8316349 0.773688 0.7097249 0.5645829 0.6401272 0.7711688 0.6103691 0.7440953 0.4784578 0.6448458 0.1694264 0.146636 0.09663704 0.08621385 0.3388212 0.04192309 0.1118897 0.1783566 0.03808373 2.5e-005 0 0.009974979 0.1520456 0.3905619 0.1647353 0.3007029 0.4052753 0.1663982 0.2333941 0.1071248 0.4094461 0.3386523 0.1398368 0.1115631 0.1435838 0.1489611 0.2125257 0.3246088 0.2149215 0.07558932 0.2121913 0.1329198 0.2706252 0.2430677 0.1500102 0.2136318 0.1788287 0.1310697 0.0352659 0.1931397 0.1511782 0.03459493 0 0.04018069 0.04368169 0 0 0 0.0663752 0.02689121 -9999 -9999
0.6721239 0.8802161 0.5762875 0.4624788 0.9162096 0.7007172 0.733418 0.7889543 0.4854138 0.3420729 0.5680718 0.2361164 0.1177745 0.1149679 0.1348799 0.07041555 0.04520122 0.009964978 0.05788024 0.06920552 0 0.06978985 0.02522649 0.2306006 0.2036233 0.2896651 0.2756987 0.365145 0.464057 0.3589293 0.09606005 0.1282241 0.3797962 0.3266209 0.07145555 0.158065 0.2022638 0.09816103 0.1817613 0.1080539 0.111883 0.3850967 0.2249054 0.01057685 0.3076249 0.1786238 0.2709961 0.1889067 0.2949062 0.2716187 0.1058651 0.1974689 0.189429 0.02566615 0 0 0 0 0 0 0 0.03627831 -9999 -9999
0.6179667 0.812427 0.927409 0.8228985 0.9702914 0.9758153 0.8589188 0.7796723 0.5648234 0.050695 0.2035204 0.1875958 0.3221788 0.1260415 0.02073121 0.002775252 0 0 0 0.009964978 0.09843656 0.1640651 0.229371 0.3298092 0.3981031 0.1473418 0.164105 0.3834726 0.7043785 0.2093635 0.3031192 0.3199361 0.2685149 0.1733706 0.1238974 0.159177 0.06849606 0.1590263 0.1825979 0.404594 0.3249985 0.3487255 0.3394978 0.1590443 0.5238438 0.6155273 0.3803151 0.4612751 0.1914995 0.0747432 0.127037 0.1583566 0.05798884 0.01992996 0 0.0239571 0.01898958 0 0 0 0 0 0 0
0.529174 0.9049807 0.9747851 0.8692535 0.7164617 0.716345 0.8392019 0.6902855 0.1692427 0.2479449 0.6134504 0.1199298 0.2044613 0.04915769 0.02180618 0.02300259 0.05940529 0.0013 0 0.000187 0.02293398 0.0007 0.1231811 0.2174055 0.4902003 0.3164033 0.2279183 0.3954437 0.3796234 0.1219585 0.1692117 0.2395533 0.1208901 0.09533698 0.1265225 0.1887397 0.2112059 0.08096172 0.2221258 0.1235431 0.1227668 0.06763726 0.1117569 0.05896751 0.1809374 0.1970114 0.2690535 0.4359793 0.1033874 0.2134873 0.06588215 0.1009948 0.2543178 0.1741344 0.04580231 0.03275944 0.02394366 0 0 0 0 0 0 0
0.711199 0.7096644 0.9276192 0.8587884 0.4511366 0.3383181 0.5660588 0.5779674 0.1749365 0.379508 0.3388492 0.206908 0.03342167 0.1508901 0.09650689 0.1158331 0.0976175 0.004501127 0.005571851 0.000124 0.02735009 0.09470966 0.3031357 0.3925631 0.06661091 0.2233583 0.2231335 0.2183344 0.1958532 0.1873589 0.2055767 0.3036868 0.180094 0.217189 0.246006 0.1694873 0.1367753 0.2591051 0.2333747 0.04802881 0.2892989 0.06084039 0.05235566 0.2320794 0.1204131 0.2146198 0.04835992 0.1041068 0.1534451 0.07452781 0.2068648 0.07299323 0.09382771 0.1408245 0.04328578 0 0 0 0 0 0 0 0 0
0.1597225 0.5876342 0.6792501 0.6431787 0.4814028 0.5129687 0.4338572 0.3613682 0.6419961 0.2859406 0.4480197 0.2187932 0.05978987 0 0.03803669 0.01167848 0 0.03139907 0.02497333 0.03985991 0.0215987 0.003617445 0.03064885 0.2526852 0.1829408 0.2746435 0.357164 0.2589783 0.2423515 0.2312093 0.1669986 0.3005079 0.2692871 0.1691958 0.5081661 0.2352267 0.2303869 0.2308752 0.1663894 0.1358174 0.1153023 0.180529 0.1726781 0.06612335 0.1460283 0.1316717 0.1120766 0.05906823 0 0 0 0 0 0 0 0 0 0 0.1494747 0 0 0 0 0
0.5516481 0.6960904 0.7249621 0.4282501 0.4412403 0.3922151 0.2194533 0.3421542 0.540911 0.09090061 0.04848148 6.2e-005 0.06462383 0.02458535 0.03566734 0.02989493 0.009964978 0.01509478 0.02801522 0 0.04304326 0.03419996 0.09095161 0.2545752 0.2464486 0.2083639 0.3508741 0.0675071 0.2101407 0.1228686 0.2250459 0.2565221 0.132733 0.1147449 0.09479934 0.2258714 0.1803037 0.0519807 0.001529659 0.02214634 0.03519573 0.2393693 0.1148188 0.1581931 0.08105009 0.02651329 0.03985991 0 0 0 0 0 0 0 0 0 0 0.00301363 0 0 0 0 0 0
0.7556974 0.7961033 0.6164535 0.3681046 0.3130001 0.4910035 0.09605578 0.3036405 0.1732444 0.07986332 0.0438019 0.129827 0.1283085 0.005309591 0.009964978 0.2639612 0 0.009338991 0.05245767 0.1486074 0.06705127 0.04507367 0.1426743 0.01563485 0.08734425 0.05117054 0.4077488 0.1399413 0.372436 0.1159694 0.2500086 0.2437004 0.2002656 0.2213937 0.1439614 0.1843739 0.1171849 0.000192 0 0.01425753 0.0808488 0.1875889 0.1140439 0.03712996 0.0078 0.03985991 0 0 0 0 0 0 0 0 0 0 0 0.06434835 0.04225279 0 0 0.2009572 0.1414743 0
0.4627038 0.7555256 0.5732895 0.1878156 0.0440644 0.1038689 0.04957861 0.08506398 0.09357785 0.2404238 0.1253704 0.02660273 0 1e-006 0.06474509 0.2404772 0.06619681 0.006278102 0.000855 0.1446066 0.1190037 0.1931416 0.318183 0.1169227 0.1340904 0.0698311 0.2782473 0.4648812 0.3818659 0.2284391 0.2772525 0.2698319 0.2829703 0.3299596 0.1810023 0.2570355 0.2401343 0.2967269 0.1951711 0.2090749 0.2440194 0.2770111 0.01696684 0.03523203 0.04067178 0.03775928 0.1727169 0.06989244 0.002819971 0 0.03946647 0.0201367 0 0 0 0 0 0 0 0.01992996 0 0.03216385 0.06386376 0
0.6389907 0.627897 0.4662312 0.1099903 0.0499965 0.08968481 0.1003819 0 0.1994495 0.3276253 0.3713259 0.129604 0 0 9.2e-005 0.135641 0.111751 0 0.03341443 0.05835604 0.1498194 0.109903 0.2014893 0.1890252 0.09092771 0.3620173 0.3280629 0.1623725 0.1306966 0.2107556 0.1307918 0.3292528 0.2139707 0.1706205 0.06228537 0.1165233 0.2464074 0.2152959 0.1301065 0.06979687 0.1550097 0.3972863 0.06353512 0.1307252 0.1860902 0.1519253 0.2646139 0.2422483 0.007089417 0 0.01401743 0.01606421 0 0 0 0 0 0 0.1878186 0.03141095 0 0 -9999 -9999
0.3165912 0.2815853 0.1624907 0.1958277 0.2817225 0.02748701 0.119349 0.4016012 0.3734525 0.830752 0.3212108 0.005283509 0 0 0 0.07109482 0.1668667 0.02233253 0.09559815 0.582038 0.1580926 0.05729103 0.1369381 0.214406 0.157645 0.2591355 0.2039331 0.2143176 0.1904802 0.1689848 0.2196124 0.09893848 0.03006932 0.04311125 0.1457984 0.2123223 0.08007552 0.121382 0.1978241 0.2404365 0.2578709 0.2603968 0.2404747 0.2345333 0.1750115 0.1979079 0.2514351 0.201457 0.03107094 0 0 0 0 0 0 0 0 0 0 0 0 0 -9999 -9999
0.2101732 0.2259878 0.5257395 0.1746342 0.0507656 0.4136117 0.4298743 0.6783239 0.7619192 0.5446298 0.2743021 0.08918851 0.005177765 0.123242 0.1903907 0.3043602 0.09696098 0.1318145 0.08355843 0.07451183 0.1180264 0.01098819 0.09629866 0.2037912 0.1615173 0.08197096 0.09024571 0.1303602 0.05327982 0.055958 0.1459808 0.0002386617 0.0001 0.1266914 0.2643664 0.1989066 0.2262751 0.02749056 0.2763352 0.376164 0.144303 0.1526822 0.1307723 0.2203382 0.1327266 0.2276924 0.1309048 0.01009198 0.04043891 0.009964978 0 0 0 0 0 0 0 0 0 0.002699264 0 0 -9999 -9999
0.03024594 0.1103519 0.1200877 0.009964978 0.03096498 0.6981623 0.6800281 0.8266982 0.8927156 0.4074171 0.1542183 0.1225622 0.108523 0.3651094 0.1910028 0.09077712 0.1038666 0.2889681 0.1309529 0.1128885 0.1278811 0.129629 0.2282888 0.2153305 0.3234349 0.2102459 0.06141448 0.1465375 0.2392737 0.2538131 0.3374818 0.07701039 0.04986005 0.2325846 0.1422195 0.1574485 0.2085088 0.1149 0.2263029 0.2709005 0.2792529 0.2211636 0.06407226 0.09013966 0.03845314 0.0269144 0.01376949 0.01992996 0.01992996 0.009964978 0 0 0 0 0 0 0 0 0 0.01723069 0 0 0 -9999
0.03986691 0.1603375 0.1252298 0.03000196 0.09610694 0.2513868 0.5563172 0.8295102 0.9173679 0.2363313 0.3405362 0.3471235 0.2841383 0.2536021 0.1183703 0.2682684 0.3720994 0.07843377 0.02929587 0.1914838 0.3958042 0.2469438 0.08522923 0.4324498 0.3738687 0.07818229 0.3146438 0.3301283 0.212537 0.3615141 0.3456106 0.02116871 0.07180734 0.2050797 0.338481 0.1546782 0.1612794 0.2323353 0.1878452 0.1120087 0.3568924 0.2411375 0.2696949 0.1173962 0.07655468 0.1735692 0.219707 0 0 0 0 0 0 0 0 0 0 0 0 0 0 0 0 -9999
0 9e-005 0.081395 0.5974829 0.8164204 0.9103808 0.938234 0.4652902 0.6570922 0.617144 0.3869833 0.1764665 0.08397796 0.08542585 0.157548 0.0601753 0.1352397 0.1232494 0.1929619 0.2747855 0.2471124 0.1037886 0.2746623 0.3531915 0.2349685 0.2848973 0.2553922 0.3654052 0.3402061 0.34897 0.2410334 0.009964978 0.06336343 0.2271952 0.2384452 0.1847893 0.1899355 0.1316966 0 0 0.1000238 0.3023385 0.2122045 0.2254017 0.218461 0.2554457 0.2241484 0.02164325 0 0 0 0 0 0.009964978 0 0 0 0 0 0 0 0 0.2310694 0.1769081
0.158403 0.1366079 0.1285829 0.4548393 0.6528712 0.5004075 0.7104681 0.7377847 0.4098534 0.3307737 0.3564813 0.4437771 0.4666986 0.07456739 0.1833818 0 0.05978987 0.07572661 0.2795288 0.4121966 0.3278362 0.6166538 0.2608531 0.1540855 0.2025875 0.05368212 0.1736159 0.2653846 0.2200339 0.1117629 0.1860239 0 0.08191636 0.1089981 0.1908074 0.288974 0.05063039 0 0 0.03985991 0.5233777 0.4060728 0.2298431 0.1896495 0.2108711 0.04973558 0.1379062 0.1895782 0.009964978 0 0 0 0 0.008514797 0.04131009 0 0 0 0 0 0 0 0.02592651 0.410764
0.5068543 0.2455212 0.3456105 0.2837273 0.3070474 0.4215493 0.4706751 0.4049648 0.4334201 0.4293908 0.394292 0.4851922 0.2270312 0.347203 0.3592878 0.126017 0 0.01032645 0.1231533 0.293994 0.1503474 0.32818 0.4133272 0.1708952 0.1623314 0.1560283 0.1901979 0.3437867 0.1477939 0.2278884 0.2579949 0.06070398 0.1838045 0.07043725 0.1588244 0.1433757 0.07424261 0.0263455 0.01992996 0.1514748 0.0728082 0.1889674 0.1219514 0.1326186 0.1314465 0.2067401 0.03035213 0.003957114 0.009964978 0 0 0 0 0 0 0.004050439 0 0 0 0 0 0.0200771 0.007678556 0.003162623
0.5727195 0.5255288 0.4926104 0.3975768 0.4364338 0.798711 0.2048799 0.5925875 0.4689782 0.2113293 0.6042576 0.3841047 0.2491239 0.4552426 0.3800227 0.1112919 0.02038322 0.18499 0.2246512 0.3133899 0.05556246 0.07063223 0.01626498 0.1499789 0.1965075 0.3133811 0.08359661 0.02562939 0.04143212 0.2198407 0.3858558 0.02694114 0.1262079 0.2557364 0.1874069 0.0006576764 0.06788175 0 0.01992996 0.05705862 0.07702207 0.1283355 0.1291088 0 0 0.2221531 0.1868953 0.06217983 0.007649787 0 0 0 0 0 0 0.1055643 0.06743364 0.0479416 0.03259793 0.06975485 0.02989493 0.1423464 0.03687611 0
0.1555062 0.4100358 0.6678706 0.2171824 0.6541528 0.8385289 0.3431022 0.6876042 0.1102543 0.313534 0.3238712 0.5162208 0.7740178 0.3127747 0.4398068 0.3166071 0.02205739 0.108859 0.2720676 0.07969598 0.09830356 0.2550666 0.05015855 0.1171085 0.1814539 0.286581 0.08973832 0.4627187 0.2443257 0.1272464 0.1240849 0.1258667 0.08964545 0.1422376 0.2732151 0.07660084 0.1638949 0.1021285 0.02164996 0.09064316 0.1028294 0.1078207 0.0248739 0 0 0.02042657 0.4112847 0.4160513 0.2958448 0 0 0 0 0 0.05325269 0 0.1811879 0.4373836 0.3433775 0.1782891 0.06119865 0.02848616 0 0
0.902551 0.654837 0.5952404 0.3290669 0.1392185 0.6053612 0.860727 0.367877 0.5261284 0.2988784 0.4510536 0.514919 0.650245 0.2403826 0.3873349 0.3971607 0.4679751 0.7638663 0.2248519 0.05111852 0.06727394 0.09034172 0.3900845 0.09494635 0.09389527 0.0693249 0.1780394 0.03588388 0.08488639 0.2078366 0.2253601 0.0001 0.17286 0.2926645 0.09209093 0.2274006 0.1835252 0.1474471 0.274601 0.3771917 0.009469704 0 0.06868361 0.06575558 0 0.01385166 0.1743196 0.2297224 0.1197086 0 0 0 0.01491134 0.03887487 0.5456181 0.05299702 0.2889095 0.4350684 0.4097793 0.140351 0.2634237 0 0 0
0.6287169 0.6114786 0.590439 0.5547292 0.3556587 0.3779789 0.8812646 0.3879888 0.3911023 0.623362 0.3868241 0.1884966 0.4157256 0.4667196 0.3663364 0.7136324 0.1672923 0.2683459 0.1646596 0.07558967 0.2477234 0.2129334 0.2617653 0.3825473 0.2575354 0.2103784 0.3379243 0.1412085 0.04245526 0.1282001 0.1119856 0 0.116489 0.2480022 0.1787291 0.4524342 0.03729494 0.270947 0.05542338 0.03985991 0 0 0 0.5020102 0.1648665 0.3178737 0.2570178 0.1582295 0.05364272 0 0 0.009964978 0.2335068 0.4396875 0.4802226 0.3165556 0.4456068 0.1410003 0.1533489 0.2505663 0.1682467 0 0.004724836 0.01419536
0.396553 0.5100902 0.5737967 0.9138812 0.864343 0.847419 0.6679656 0.5370823 0.86131 0.4442205 0.582925 0.1165422 0.2504189 0.3160877 0.2057667 0.03323816 0.06107215 0.2069862 0.1166956 0.2937685 0.1729416 0.0994589 0.1114875 0.3473309 0.3558049 0.2676519 0.2238555 0.3029477 0.07097168 0.2075461 0.1090638 0.01690528 0.01330998 0.115907 0.1962707 0.405991 0.0073 0.08187463 0.005427398 0 0.009964978 0 0 0.1016856 0.1633694 0.4408448 0.1296599 0.3727799 0.09530665 0 0 0.1525094 0.2602537 0.2146282 0.2777975 0.01937221 0.1900825 0.212668 0.2495559 0.1377242 0.1212518 0.02547632 0.1381101 0.1587459
