EnvRasters/BAU_Low/arable.asc
ncols         270
nrows         223
xllcorner     24099.479091542
yllcorner     21023.840179216
cellsize      1003.8986847201
NODATA_value  -9999
[rows 116 to 144 of 223, columns 64 to 127 of 270]
-9999 -9999 -9999 -9999 -9999 -9999 -9999 -9999 -9999 -9999 -9999 0.009438691 0.001187077 0.2175442 0.5824863 0.3203155 0.2635756 0.4544321 0.3298189 0.2699869 0.3457148 0.4557827 0.08172296 0.07307593 0.2831307 0.2313568 0.3188361 0.2333513 0.4021202 0.1274524 0.2225504 0 0.005578491 0.1327128 0.1789447 0.03624545 0.01406513 0.323679 0.1974575 0.012906 0.4137855 0.3727377 0.1944235 0.362929 0.5063704 0.4894282 0.1543695 0.4365751 0.2045914 0.1024831 0.3247594 0.1559531 0.009964978 0.06875239 0.4462707 0.5538554 0.5142045 0.624944 0.3384723 0.5096483 0.4213728 0.1659497 0.01558656 0.2704123
-9999 -9999 -9999 -9999 -9999 -9999 -9999 -9999 -9999 -9999 0 0.3359113 0.217237 0.6509318 0.5483851 0.6884507 0.6197318 0.4313256 0.1099899 0.335011 0.3218567 0.3026021 0 0.07897605 0.1885814 0.07180506 0.06315739 0.0494743 0.1962039 0.2080227 0.12842 0.03051498 0.2363476 0.3034971 0.2004978 0.605189 0.04077933 0.7300744 0.7897106 0.4395181 0.3027171 0.9282021 0.5971165 0.6297922 0.6174157 0.3162183 0.7253926 0.7899822 0.7431079 0.6220859 0.6122546 0.6236117 0.3150496 0.1754727 0.5036685 0.8692531 0.7660941 0.9585618 0.8071284 0.4835133 0.1237659 0.2563992 0.1401993 0.2013793
-9999 -9999 -9999 -9999 -9999 -9999 -9999 -9999 -9999 -9999 -9999 0.1761612 0.4740372 0.4207456 0.369399 0.1971899 0.2452312 0.5093204 0.3256095 0.2997574 0.2754987 0.2881459 0.07514561 0.03152767 0.3927692 0.00578408 0.2335142 0.08495925 0.08991329 0.1135365 0.1891057 0.1998799 0.2273737 0.2705572 0.475284 0.1450752 0.3880157 0.6118915 0.5634971 0.8776786 0.824004 0.7259621 0.5992259 0.6337459 0.920673 0.4653765 0.3413997 0.7050888 0.6096514 0.846616 0.3147674 0.7144765 0.5116897 0.3529056 0.356618 0.7022986 0.5048155 0.4675258 0.6149939 0.4905736 0.2480776 0.192248 0.112158 0.05081689
-9999 -9999 -9999 -9999 -9999 -9999 -9999 -9999 -9999 -9999 -9999 0.181306 0.5563158 0.5307283 0.6279564 0.6674054 0.1978891 0.5295438 0.6486851 0.8204814 0.3858113 0.6056508 0.3399234 0.209643 0.2992385 0.1148223 0.3157034 0.2311519 0.5747066 0.3548445 0.482729 0.3972529 0.3271839 0.3640186 0.325445 0.6997194 0.915501 0.7324639 0.5847933 0.7407594 0.7661808 0.571034 0.444351 0.7430069 0.712801 0.788464 0.621582 0.3848848 0.2247868 0.4410205 0.4276381 0.2892106 0.5300894 0.4433897 0.381434 0.8182388 0.7052695 0.3900044 0.3445687 0.2919331 0.4484376 0.4089127 0.08017324 0.08867814
-9999 -9999 -9999 -9999 -9999 -9999 -9999 -9999 -9999 -9999 -9999 0.04899881 0.4819783 0.8666185 0.814004 0.612653 0.5336103 0.7868499 0.5174369 0.6631562 0.3928145 0.5338456 0.4506707 0.1571379 0.1000131 0.1421869 0.5132271 0.5886173 0.4598916 0.8390873 0.5687762 0.1108327 0.5719765 0.7148005 0.5162487 0.7746328 0.423161 0.7605319 0.910509 0.8611 0.931881 0.866293 0.6242388 0.7213516 0.788375 0.944655 0.6078418 0.5228314 0.2885913 0.3157901 0.3696858 0.4217722 0.9269712 0.2932685 0.3884394 0.8363324 0.7446758 0.5482309 0.4329273 0.6184137 0.1750771 0.1765544 0.09526935 0.004084663
-9999 -9999 -9999 -9999 -9999 -9999 -9999 -9999 -9999 -9999 -9999 0.0067 0.1667095 0.4828278 0.87319 0.827032 0.819047 0.608865 0.315305 0.151059 0.2106157 0.4669645 0.2507077 0.300386 0.07462693 0.0643241 0.1462572 0.01865833 0.2862881 0.4619527 0.6039399 0.4881581 0.6090405 0.5233286 0.661613 0.1262648 0.522459 0.9387435 0.830311 0.840431 0.9600478 0.8373506 0.5530435 0.8076758 0.9617946 0.5751795 0.1408506 0.1333478 0.359343 0.466275 0.1793878 0.3464286 0.7515555 0.3249719 0.1048979 0.5809208 0.6442738 0.09766104 0.08522551 0.3982927 0.2922758 0.245111 0.0679025 0.01463823
-9999 -9999 -9999 -9999 -9999 -9999 -9999 -9999 -9999 -9999 -9999 0.000524 0.4155008 0.6799049 0.869858 0.8536994 0.7674686 0.1708647 0.2697613 0.0115106 0.2289375 0.1567141 0.334095 0.3040175 0.2204159 0.2130113 0.06629063 0.2047473 0.3326381 0.5889692 0.5700526 0.9228169 0.6216789 0.7411929 0.8923399 0.90081 0.3171999 0.955619 0.910299 0.6533369 0.8146731 0.7906831 0.3309059 0.757413 0.812213 0.6392452 0.4202016 0.4050887 0.6215346 0.5680638 0.3813506 0.3994735 0.5527087 0.5282755 0.1967357 0.2087168 0.5554637 0.3761414 0.3114252 0.2242305 0.2669937 0.3273367 0.02666388 0.03190995
-9999 -9999 -9999 -9999 -9999 -9999 -9999 -9999 -9999 -9999 -9999 0.0231001 0.7248735 0.4768104 0.8392014 0.8626368 0.8027657 0.4644577 0.2330683 0.4266835 0.3051972 0.3412804 0.2402848 0.04332393 0.0129058 0.1404276 0.3506106 0.6369354 0.6081594 0.5421133 0.9195147 0.7507246 0.8442277 0.8383118 0.4623514 0.886825 0.7389809 0.9107269 0.951578 0.978679 0.8677189 0.4779809 0.6759861 0.66271 0.7700124 0.6830883 0.5761116 0.5706118 0.7068661 0.3569286 0.4479895 0.3104101 0.7572328 0.7289863 0.2466774 0.2682252 0.3223966 0.67454 0.4876047 0.8239501 0.5496105 0.1833908 0.05283299 0.07443323
-9999 -9999 -9999 -9999 -9999 -9999 -9999 -9999 -9999 -9999 -9999 0.3732854 0.8848726 0.5328349 0.9436623 0.2888136 0.7049428 0.316149 0.7266709 0.8976135 0.6966718 0.4883512 0.4972011 0.6691956 0.008342 0.6672278 0.8331355 0.8989883 0.9940222 0.9061905 0.710491 0.9055125 0.8625968 0.7675537 0.8754128 0.891607 0.327487 0.5117099 0.8544346 0.647109 0.4315878 0.585672 0.5055164 0.6368532 0.745767 0.488687 0.8251269 0.3830504 0.7955253 0.6769866 0.2752185 0.7162851 0.8870656 0.4395659 0.5992757 0.4603318 0.1769057 0.8536632 0.6091085 0.5276167 0.3873809 0.4284929 0.08093721 0.1127644
-9999 -9999 -9999 -9999 -9999 -9999 -9999 -9999 -9999 -9999 0.07269396 0.8767715 0.8717521 0.5958708 0.8052283 0.5140528 0.2715895 0.8208818 0.902926 0.8617179 0.6708683 0.3773599 0.6613929 0.5776941 0 0.6046324 0.6155793 0.7807413 0.4672773 0.7326242 0.7028052 0.9598287 0.5950138 0.841753 0.928461 0.734533 0.7384549 0.3699478 0.615317 0.8341669 0.704617 0.8345482 0.6688359 0.5937543 0.367077 0.8006992 0.6708508 0.2198667 0.1718283 0.6241674 0.1993263 0.7026941 0.3700715 0.008964291 0.4418951 0.1686218 0.002088718 0.1823294 0.2958843 0.2313313 0.04906545 0.2039431 0.2220688 0.2854766
-9999 -9999 -9999 -9999 -9999 -9999 -9999 -9999 -9999 -9999 0.01894298 0.5993949 0.9045618 0.4238646 0.664047 0.795998 0.4899684 0.725912 0.6650819 0.4038496 0.722657 0.7382758 0.700877 0.7875265 0.1889 0.5545743 0.4528117 0.5143293 0.7314179 0.8205376 0.4341954 0.8356924 0.7840069 0.773196 0.7818124 0.9176422 0.7795219 0.742165 0.890558 0.932011 0.725517 0.9245299 0.6230449 0.4772831 0.679107 0.128248 0.2514788 0.1451634 0.4862 0.730965 0.268163 0.2953968 0.2289087 0.4028573 0.2896332 0.1281476 0.02635714 0.3169107 0.4090928 0.1458 0.003104445 0.1353168 0.2572007 0.1875888
-9999 -9999 -9999 -9999 -9999 -9999 -9999 -9999 -9999 -9999 -9999 0.4516893 0.8152509 0.3204637 0.5995744 0.4598763 0.7620043 0.5148386 0.6506022 0.3723943 0.4394368 0.606943 0.7488075 0.5279369 0.6337237 0.3834029 0.5426968 0.4077816 0.8801017 0.9102933 0.722537 0.6906828 0.8503965 0.7578017 0.8299494 0.7572837 0.509188 0.113454 0.666778 0.3979451 0.6500213 0.8707 0.8056629 0.4775238 0.559082 0.4336107 0.6665262 0.3635176 0.8265393 0.6853176 0.5215166 0.3126737 0.6214803 0.7725518 0.4371361 0.4917928 0.1256623 0.128336 0.3576437 0.4217798 0.01667957 0.1267894 0.333861 0.3942884
-9999 -9999 -9999 -9999 -9999 -9999 -9999 -9999 -9999 -9999 -9999 0.2002746 0.7446541 0.4981219 0.2726447 0.08411141 0.2505155 0.033251 0.01945743 -9999 -9999 0.06156804 0.3430669 -9999 0.06628615 0.3057447 0.796828 0.9303791 0.8464934 0.904713 0.770559 0.8212579 0.5158152 0.6598197 0.6111447 0.217793 -9999 0.2895609 0.7735269 0.8435354 0.933791 0.80133 0.8291299 0.4234959 0.3377753 0.8090683 0.714613 0.8373017 0.7106037 0.9078205 0.4263826 0.950787 0.6498846 0.324677 0.2840128 0.2562542 0.1312066 0.3539772 0.9291007 0.4967445 0.4788121 0.4369912 0.06033351 0.08375627
-9999 -9999 -9999 -9999 -9999 -9999 -9999 -9999 -9999 -9999 -9999 -9999 0.7299158 0.63511 0.7398086 0.5521525 0.1251137 -9999 -9999 -9999 -9999 -9999 -9999 -9999 -9999 0.08855298 0.318981 0.8145186 0.4770821 0.8149711 0.432745 0.03939294 0.04645983 0.004232125 0.023055 -9999 -9999 0.037238 0.432464 0.944564 0.8573078 0.7524173 0.9629 0.521532 0.264307 0.947818 0.772378 0.713112 0.9481682 0.6956828 0.4599377 0.583184 0.537784 0.6742632 0.4968759 0.1272019 0.2629926 0.7749481 0.834359 0.7416959 0.4966869 0.9169461 0.7434763 0.2178755
-9999 -9999 -9999 -9999 -9999 -9999 -9999 -9999 -9999 -9999 -9999 -9999 0.3362446 0.5920053 0.6962202 0.7652766 0.06552393 -9999 -9999 -9999 -9999 -9999 -9999 -9999 -9999 -9999 -9999 0.395629 0.434251 0.109465 -9999 -9999 -9999 -9999 -9999 -9999 -9999 -9999 0.0003820998 0.1854054 0.4472252 0.6578161 0.5853775 0.4947822 0.7173212 0.792539 0.4818334 0.6193025 0.9090233 0.7481363 0.5650537 0.2028109 0.2986362 0.4590049 0.6170489 0.2860991 0.3930943 0.7035133 0.4168198 0.5897252 0.4185669 0.3357092 0.5936213 0.2246612
-9999 -9999 -9999 -9999 -9999 -9999 -9999 -9999 -9999 -9999 -9999 -9999 0.02358261 0.7233889 0.4690934 0.5029523 0.02356098 -9999 -9999 -9999 -9999 -9999 -9999 -9999 -9999 -9999 -9999 -9999 -9999 -9999 -9999 -9999 -9999 -9999 -9999 -9999 -9999 -9999 -9999 0.0006655305 0.1610849 0.915389 0.7750208 0.8059675 0.6789209 0.8914537 0.3141773 0.5279988 0.8305852 0.4983263 0.3530073 0.3430282 0.2032705 0.4221639 0.5243562 0.6262606 0.2763926 0.5326769 0.7620112 0.9220027 0.7179227 0.3489543 0.1699255 0.2239194
-9999 -9999 -9999 -9999 -9999 -9999 -9999 -9999 -9999 -9999 -9999 -9999 -9999 0.164174 0.5173745 0.3112704 -9999 -9999 -9999 -9999 -9999 -9999 -9999 -9999 -9999 -9999 -9999 -9999 -9999 -9999 -9999 -9999 -9999 -9999 -9999 -9999 -9999 -9999 -9999 -9999 0.182465 0.4935 0.5588298 0.4660108 0.4830679 0.4798594 0.5238895 0.7144191 0.2995833 0.718162 0.6061677 0.8464484 0.669808 0.8433254 0.8292172 0.771368 0.7504467 0.527859 0.6711099 0.7035546 0.9829499 0.7145041 0.4833648 0.3063174
-9999 -9999 -9999 -9999 -9999 -9999 -9999 -9999 -9999 -9999 -9999 -9999 -9999 -9999 0.08587698 0.014014 -9999 -9999 -9999 -9999 -9999 -9999 -9999 -9999 -9999 -9999 -9999 -9999 -9999 -9999 -9999 -9999 -9999 -9999 -9999 -9999 -9999 -9999 -9999 -9999 -9999 -9999 0.004116 0.1226491 0.5015702 0.5539457 0.5988806 0.4786223 0.8854452 0.963748 0.9066739 0.9362611 0.5471876 0.560846 0.8539507 0.7171075 0.7068126 0.7892433 0.5404197 0.796697 0.754539 0.8969209 0.6011143 0.2470296
-9999 -9999 -9999 -9999 -9999 -9999 -9999 -9999 -9999 -9999 -9999 -9999 -9999 -9999 -9999 -9999 -9999 -9999 -9999 -9999 -9999 -9999 -9999 -9999 -9999 -9999 -9999 -9999 -9999 -9999 -9999 -9999 -9999 -9999 -9999 -9999 -9999 -9999 -9999 -9999 -9999 -9999 -9999 0.090008 0.5038671 0.4461337 0.6199734 0.5676831 0.6218022 0.863435 0.9489371 0.9477509 0.910984 0.8350769 0.868399 0.888425 0.754187 0.776833 0.4605686 0.8141488 0.897846 0.834435 0.5240609 0.6123062
-9999 -9999 -9999 -9999 -9999 -9999 -9999 -9999 -9999 -9999 -9999 -9999 -9999 -9999 -9999 -9999 -9999 -9999 -9999 -9999 -9999 -9999 -9999 -9999 -9999 -9999 -9999 -9999 -9999 -9999 -9999 -9999 -9999 -9999 -9999 -9999 -9999 -9999 -9999 -9999 -9999 -9999 -9999 0.002098 0.9112257 0.3492486 0.1125763 0.5035049 0.2104611 0.6079029 0.785567 0.298638 0.643455 0.8466215 0.918232 0.892853 0.790768 0.8246244 0.8701258 0.870903 0.818556 0.836221 0.650578 0.4617459
-9999 -9999 -9999 -9999 -9999 -9999 -9999 -9999 -9999 -9999 -9999 -9999 -9999 -9999 -9999 -9999 -9999 -9999 -9999 -9999 -9999 -9999 -9999 -9999 -9999 -9999 -9999 -9999 -9999 -9999 -9999 -9999 -9999 -9999 -9999 -9999 -9999 -9999 -9999 -9999 -9999 -9999 -9999 0 0.1892732 0.1397288 0.012696 0.165131 0.5492822 0.251373 0.4672004 0.1645409 0.06869585 0.01850932 0.6043319 0.6364127 0.3730787 0.6216266 0.8305078 0.927282 0.896833 0.884955 0.957998 0.7482849
-9999 -9999 -9999 -9999 -9999 -9999 -9999 -9999 -9999 -9999 -9999 -9999 -9999 -9999 -9999 -9999 -9999 -9999 -9999 -9999 -9999 -9999 -9999 -9999 -9999 -9999 -9999 -9999 -9999 -9999 -9999 -9999 -9999 -9999 -9999 -9999 -9999 -9999 -9999 -9999 -9999 -9999 -9999 -9999 0.1194358 0.3755892 0.4874178 -9999 -9999 0.003786 0.6227295 0.533394 0.2800943 0.5011705 0.4533355 0.6124119 0.7332733 0.7334973 0.868641 0.852865 0.697468 0.6222538 0.5032269 0.5698218
-9999 -9999 -9999 -9999 -9999 -9999 -9999 -9999 -9999 -9999 -9999 -9999 -9999 -9999 -9999 -9999 -9999 -9999 -9999 -9999 -9999 -9999 -9999 -9999 -9999 -9999 -9999 -9999 -9999 -9999 -9999 -9999 -9999 -9999 -9999 -9999 -9999 -9999 -9999 -9999 -9999 -9999 -9999 -9999 0.04814691 0.1347308 0.391692 -9999 -9999 -9999 0.1216749 0.5223256 0.4011084 0.4564595 0.7043785 0.5096065 0.6145101 0.4281417 0.8302919 0.9424099 0.799181 0.7221849 0.616111 0.4915839
-9999 -9999 -9999 -9999 -9999 -9999 -9999 -9999 -9999 -9999 -9999 -9999 -9999 -9999 -9999 -9999 -9999 -9999 -9999 -9999 -9999 -9999 -9999 -9999 -9999 -9999 -9999 -9999 -9999 -9999 -9999 -9999 -9999 -9999 -9999 -9999 -9999 -9999 -9999 -9999 -9999 -9999 -9999 -9999 -9999 -9999 -9999 -9999 -9999 0 0.143666 0.7568355 0.7134612 0.6807256 0.9701134 0.7603544 0.4124682 0.7254759 0.764993 0.7100503 0.7713265 0.7645019 0.3163561 0.9466866
-9999 -9999 -9999 -9999 -9999 -9999 -9999 -9999 -9999 -9999 -9999 -9999 -9999 -9999 -9999 -9999 -9999 -9999 -9999 -9999 -9999 -9999 -9999 -9999 -9999 -9999 -9999 -9999 -9999 -9999 -9999 -9999 -9999 -9999 -9999 -9999 -9999 -9999 -9999 -9999 -9999 -9999 -9999 -9999 -9999 -9999 -9999 -9999 0.0919 0.08700818 0.2292643 0.1695355 0.3839123 0.6830145 0.8090662 0.6411443 0.4374308 0.223576 0.411441 0.669929 0.6347419 0.750436 0.8269917 0.7572829
-9999 -9999 -9999 -9999 -9999 -9999 -9999 -9999 -9999 -9999 -9999 -9999 -9999 -9999 -9999 -9999 -9999 -9999 -9999 -9999 -9999 -9999 -9999 -9999 -9999 -9999 -9999 -9999 -9999 -9999 -9999 -9999 -9999 -9999 -9999 -9999 -9999 -9999 -9999 -9999 -9999 -9999 -9999 -9999 -9999 -9999 -9999 0.009421088 0.3998452 0.3873698 0.5026147 0.1847712 0.5907561 0.2470262 0.551065 0.7939156 0.6660264 0.7565278 0.373571 0.338903 0.787195 0.7216113 0.5757632 0.6158315
-9999 -9999 -9999 -9999 -9999 -9999 -9999 -9999 -9999 -9999 -9999 -9999 -9999 -9999 -9999 -9999 -9999 -9999 -9999 -9999 -9999 -9999 -9999 -9999 -9999 -9999 -9999 -9999 -9999 -9999 -9999 -9999 -9999 -9999 -9999 -9999 -9999 -9999 -9999 -9999 -9999 -9999 -9999 -9999 -9999 -9999 0 0.1013447 0.2235403 0.2884261 0.4781944 0.3689131 0.4313411 0.3897457 0.3073528 0.3754734 0.4626884 0.6232 0.7419053 0.8264821 0.886958 0.1622184 0.2586527 0.5351104
-9999 -9999 -9999 -9999 -9999 -9999 -9999 -9999 -9999 -9999 -9999 -9999 -9999 -9999 -9999 -9999 -9999 -9999 -9999 -9999 -9999 -9999 -9999 -9999 -9999 -9999 -9999 -9999 -9999 -9999 -9999 -9999 -9999 -9999 -9999 -9999 -9999 -9999 -9999 -9999 -9999 -9999 -9999 -9999 -9999 0.0315308 0.250115 0.258067 0.2373421 0.391004 0.4978058 0.1099598 0.406021 0.5154955 0.6925452 0.4599928 0.766216 0.6697345 0.8999375 0.486573 0.3199627 0.1025728 0.1655539 0.1962145
-9999 -9999 -9999 -9999 -9999 -9999 -9999 -9999 -9999 -9999 -9999 -9999 -9999 -9999 -9999 -9999 -9999 -9999 -9999 -9999 -9999 -9999 -9999 -9999 -9999 -9999 -9999 -9999 -9999 -9999 -9999 -9999 -9999 -9999 -9999 -9999 -9999 -9999 -9999 -9999 -9999 -9999 -9999 -9999 -9999 0.02825907 0.2100566 0.3814819 0.3413414 0.349559 0.6471879 0.4136935 0.2515471 0.5310504 0.6272519 0.5733513 0.6281965 0.6127992 0.8132319 0.8411089 0.6802608 0.06351009 0.02024302 0.0128
