EnvRasters/BAU_Low/arable.asc
ncols         270
nrows         223
xllcorner     24099.479091542
yllcorner     21023.840179216
cellsize      1003.8986847201
NODATA_value  -9999
[rows 29 to 57 of 223, columns 64 to 127 of 270]
0.214367 0.319006 0.06259971 0.288636 0.4183177 0.5626251 0.562989 0.3786698 0.3477413 0.5998763 0.766816 0.73233 0.659519 0.354463 0.4509653 0.592238 0.6527259 0.6555029 0.580762 0.744523 0.676218 0.201436 -9999 -9999 -9999 -9999 -9999 -9999 -9999 -9999 -9999 -9999 -9999 -9999 -9999 -9999 0.009964978 0.014068 0.045698 0.0002 0.032194 0.09939956 0.5117899 0.759766 0.573127 0.43881 0.4359869 0.6737309 0.4829387 0.3544897 0.03013707 0 0 0.09143182 0.4887559 0.3978747 0.001577 0 0 0 0 0 0 0
0.578251 0.620813 0.3499619 0.441643 0.572581 0.455213 0.566915 0.5587655 0.761158 0.53264 0.671539 0.635831 0.6067165 0.2697435 0.5533836 0.586906 0.501954 0.6246692 0.7626306 0.731999 0.806086 0.129677 -9999 -9999 -9999 -9999 -9999 -9999 -9999 -9999 -9999 -9999 -9999 -9999 0 0.104848 0.19706 0.280287 0.2182557 0.3562656 0.088503 0.002365 0.2121681 0.5669518 0.537615 0.481752 0.399766 0.508403 0.342555 0.45517 0.3720974 0.4148592 0.396991 0.6441676 0.3589427 0.3146678 0.08320932 0 0 0 0 0 0 0
0.5751179 0.46457 0.584853 0.557057 0.620213 0.382106 0.636821 0.6730135 0.787144 0.5650454 0.5822378 0.678321 0.8282483 0.4090372 0.5553469 0.5537733 0.650018 0.6995258 0.2954171 0.7281471 0.6746989 0.07166375 -9999 -9999 -9999 -9999 -9999 -9999 -9999 -9999 -9999 -9999 -9999 0 0.163926 0.456947 0.231802 0.165699 0.128154 0.1501942 0.08551183 0.166 0.2364708 0.3917438 0.3888882 0.408185 0.377329 0.55668 0.6041746 0.4554361 0.486896 0.3919942 0.564117 0.4472836 0.1697555 0.2005263 0.2704584 0.3771203 0.08770914 0.02080631 0 0 0.02989493 0
0.6335627 0.5413453 0.474339 0.620176 0.585 0.370442 0.448168 0.619736 0.5183573 0.2780119 0.538068 0.588603 0.660083 0.563527 0.6549745 0.4743351 0.6904523 0.6901442 0.3199239 0.5455666 0.6589442 0.131435 -9999 -9999 -9999 -9999 0.038356 0.354553 0.221353 -9999 0.15673 0.0289 0.0054 0.6152565 0.5892512 0.5118525 0.5324907 0.3605242 0.372923 0.6219813 0.4452446 0.4764446 0.3644173 0.4373147 0.09499074 0.3724707 0.418613 0.3918445 0.3364722 0.1257554 0.3909998 0.4505077 0.4313974 0.02851351 0.08927999 0.1155948 0.2840674 0.3934913 0.1232331 0.1193388 0 0 0 0
0.2740124 0.2820627 0.2786419 0.427868 0.568374 0.462349 0.518661 0.55999 0.660104 0.5223436 0.6661891 0.5326548 0.499878 0.581979 0.476823 0.555884 0.537909 0.74224 0.626764 0.4014784 0.763487 0.3945463 0.0670919 0.2048728 0.604753 0.356969 0.2925971 0.54209 0.045354 0.011187 0.525955 0.492022 0.6433199 0.5471351 0.558486 0.6637145 0.7011569 0.2551069 0.1357904 0.3456092 0.3742016 0.3988335 0.3214542 0.1913584 0.2013037 0.2313985 0.4552803 0.5203744 0.2828607 0.251168 0.602801 0.3864937 0.1487617 0.02220417 0.2807449 0.3342401 0.4263836 0.2878786 0.168387 0.016038 0 0 0 0.009964978
0.282285 0.3391975 0.1798863 0.3594391 0.497668 0.5552385 0.569318 0.639192 0.5582918 0.3473594 0.5942652 0.4700628 0.445277 0.589978 0.479013 0.52151 0.5535539 0.658855 0.701661 0.3477889 0.4580834 0.08662283 0.05432595 0.1881181 0.311799 0.460768 0.5400328 0.3748595 0.2014144 0.4061173 0.331582 0.2949879 0.4260087 0.3369763 0.197116 0.314609 0.3683459 0.4011593 0.1396475 0.08919806 0.4168028 0.3589836 0.5400749 0.278785 0.276977 0.249859 0.4494395 0.460933 0.3603501 0.2630322 0.520362 0.1938407 0.2429205 0.4409689 0.3364411 0.3994 0.4506663 0.2114409 0.2872857 0.06793853 5e-005 0.00219834 0.007766638 0
0.344708 0.475644 0.390886 0.2175203 0.1436728 0.06033948 0.2010912 0.4587214 0.500296 0.5315859 0.460676 0.536312 0.4774225 0.343939 0.4004222 0.6030627 0.5706241 0.6565391 0.386364 0.7201461 0.2059455 0.02989493 0.080318 0.1218619 0.126872 0.2778029 0.502873 0.366599 0.479714 0.3779654 0.292582 0.581072 0.44499 0.673235 0.75474 0.604218 0.340988 0.4408729 0.2240247 0.3238584 0.4144715 0.4910876 0.2765854 0.4270904 0.481059 0.4796552 0.606606 0.3936947 0.2533767 0.3445947 0.3060856 0.4656222 0.4535306 0.4572654 0.5336874 0.3896842 0.4338809 0.3337803 0.02546396 0.006906388 0 0 0 0
0.503458 0.236755 0.505293 0.2061224 0.0938115 0.05348739 0.055666 0.4181569 0.365346 0.1117459 0.130296 0.307545 0.59722 0.3630728 0.391383 0.54458 0.5452871 0.3850894 0.2778975 0.7328966 0.2934926 0 0.008096 0.005238 0.068551 0.3054738 0.4275255 0.4700887 0.3189855 0.08432967 0.6291366 0.5903386 0.6274977 0.382778 0.4298461 0.2086202 0.241451 0.123006 0.487331 0.5180919 0.4608518 0.3442927 0.3180956 0.2513952 0.4392207 0.3729523 0.4444423 0.345016 0.3342513 0.3268828 0.1485979 0.4280442 0.3018139 0.3860323 0.562099 0.503817 0.3852613 0.3289224 0.010821 0.00205812 0.01787184 0 0 0.009964978
0.416765 0.4219319 0.620165 0.455093 0.3468213 0.3771674 0.2375269 0.5165588 0.567131 0.310106 0.19695 0.4205016 0.4541126 0.319881 0.484757 0.5606455 0.2810516 0.1423893 0.2984478 0.252718 0.4131863 0.03174835 0 0.015045 0.499512 0.234374 0.2860092 0.3242715 0.284557 0.3237666 0.2035544 0.0812206 0.204576 0.607346 0.3447685 0.1868627 0.2463493 0.304003 0.595431 0.5866629 0.4219307 0.4042213 0.3249695 0.3827195 0.2751861 0.005416701 0.0938142 0.1396271 0.1885895 0.02192876 0.05657504 0.3504395 0.3049906 0.4692113 0.3320488 0.455893 0.4055561 0.2720118 0.01992996 0.002240288 0.00772469 0 0.000481 0
0.6253269 0.5033733 0.4861458 0.591287 0.427128 0.0069 0.342452 0.4775648 0.450364 0.3684245 0.494832 0.568755 0.5867127 0.667255 0.598813 0.5312835 0.6285493 0.7613523 0.6191213 0.3673226 0.08299 0 0 0.265443 0.5917456 0.2475738 0.4730764 0.4129504 0.6548184 0.6846006 0.549732 0.271444 0.6151341 0.7410746 0.443088 0.139 0.5456367 0.6870815 0.6935799 0.3354333 0.286319 0.133193 0.4744839 0.4269098 0.1065571 0 0.000156 0.03373488 0.2651873 0.2710487 0.2989208 0.5351956 0.398961 0.532024 0.4303648 0.5080183 0.4345135 0.07189491 0.03796194 0.000112 0.0008399721 0.001961921 0.004214 0.009964978
0.376209 0.599338 0.5407124 0.575768 0.701876 0.2856919 0.4788881 0.2378187 0.2022529 0.2908823 0.6359506 0.3579162 0.5102285 0.4878645 0.351082 0.058164 0.2460367 0.4453243 0.1907594 0.5461009 0.006045 0.07366196 0.03875001 0.3911734 0.3267392 0.5937774 0.594772 0.381618 0.314486 0.738783 0.491919 0.535255 0.586295 0.632821 0.4283049 0.317681 0.3600855 0.4441708 0.2205601 0.3984521 0.225639 0.354424 0.4404318 0.3628124 0.1579254 0.006440612 0 0.1200688 0.3242103 0.3242878 0.4581102 0.388178 0.480286 0.538256 0.584043 0.568441 0.4783275 0.1319744 0.06076382 0.01044198 0.2099908 0.04237939 0.0336036 0.06534198
0.254323 0.6215674 0.567568 0.5863339 0.770208 0.5681149 0.5454849 0.5074967 0.3480441 0.2411151 0.428406 0.371524 0.5525923 0.4946515 0.5384189 0.365991 0.7252846 0.369184 0.1232462 0.2301903 0.01970898 0.09246498 0.2509644 0.427297 0.364929 0.341468 0.190645 0 0.00048 0.150592 0.188118 0.515904 0.1874444 0.3593453 0.3198269 0.4907572 0.5097695 0.5854868 0.277354 0.376851 0.418474 0.3186083 0.2727251 0.3232543 0.2415807 0.2772376 0.1365446 0.022781 0.2449715 0.4592112 0.3248259 0.412564 0.436678 0.566032 0.7101732 0.5147465 0.1488551 0.1273085 0.0190544 0.008373094 0.1725007 0.3535069 0.081888 0.24233
0.5208392 0.207819 0.5236006 0.4438924 0.4556715 0.639518 0.825429 0.5563976 0.5309266 0.6115487 0.439802 0.2906311 0.3675544 0.2697802 0.6642295 0.778057 0.5434432 0.2093212 0.3244859 0.3032166 0.0496 0.0062 0.392455 0.582971 0.622773 0.6250269 0.4802581 0.418731 0.4055622 0.4994318 0.413079 0.3882179 0.429298 0.5648695 0.3323101 0.7145709 0.615577 0.578546 0.3559139 0.3842548 0.2529292 0.2649761 0.2831482 0.5208339 0.2734126 0.3196386 0.1056342 0.1362174 0.038219 0.037787 0.341163 0.3447736 0.4109762 0.6406329 0.56361 0.4251428 0.1028587 0.00344 0.04825949 0.009964978 0.02775426 0.11589 0 0.2737839
0.4890196 0.2479399 0.3923488 0.5486385 0.3991911 0.2831473 0.7033378 0.6606845 0.4305034 0.650943 0.5924475 0.4339007 0.3109545 0.2524042 0.5956885 0.5382095 0.5045208 0.305367 0.4144389 0.1493538 0.01251166 0.1305344 0.6771899 0.690762 0.4444545 0.4191573 0.2440099 0.587891 0.4846327 0.3393836 0.5180222 0.428578 0.5145598 0.6732683 0.2713922 0.5353293 0.468639 0.712242 0.4145567 0.3857622 0.1470008 0.190324 0.344724 0.231904 0.2024686 0.2701995 0.4732458 0.5155404 0.6297787 0.1408597 0.05024387 0.04877341 0.4568378 0.4958164 0.1684994 0.2489683 0.1915849 0.010932 0.05470536 0.1703539 0.4669335 0.315156 0.1145944 0.3515889
0.457017 0.4003876 0.6051991 0.4573251 0.2639579 0.09588692 0.3891721 0.5444559 0.5029759 0.4783703 0.406956 0.4585464 0.3923817 0.3939975 0.5512694 0.3377233 0.2259946 0.2772923 0.033404 0.000291 0.1050242 0.3889693 0.458149 0.431487 0.4166295 0.3294677 0.3690241 0.536081 0.5468906 0.4140172 0.3136228 0.3471669 0.533858 0.5413733 0.1667784 0.04211576 0.245777 0.3723927 0.4179461 0.352568 0.1338069 0.000129 0.010502 0.1296081 0.6360126 0.4929217 0.3823932 0.4560464 0.3754544 0.09361645 0.01153298 0.04293793 0.1519945 0.100455 0 0.02274798 0.03759724 0.07016896 0.2850003 0.299022 0.4606672 0.2331629 0.3811888 0.4261023
0.633429 0.5387236 0.3708246 0.4299222 0.6067307 0.3945839 0.5082679 0.469808 0.3699529 0.1851451 0.2739845 0.7597233 0.4353926 0.5368338 0.3458682 0.05682866 0.1041423 0.02473 0 0.1311579 0.1900749 0.2142952 0.3094947 0.4421119 0.3369263 0.680508 0.5182849 0.4789636 0.4948339 0.4126131 0.4244969 0.5119649 0.42142 0.2161752 0.07339438 0.03008437 0.03284454 0.4907871 0.4485424 0.452063 0.138731 0.1879932 0.0520397 0.2063187 0.1185841 0.1146353 0.2056828 0.2134074 0.1922189 0.04248298 0.005201 0.0316495 0.1618471 0.036208 0.02429396 0.1449036 0.1722741 0.0351 0.1536043 0.1429434 0.1516975 0.05142522 0.435449 0.33557
0.3546416 0.43141 0.5638014 0.549773 0.6627443 0.4463367 0.638465 0.4619163 0.2007176 0.4050405 0.2039699 0.3833946 0.3025866 0.3140166 0.2554229 0.03710883 0.02020906 0 0.01084398 0.03506194 0.3035342 0.3536638 0.3747833 0.2254283 0.1932647 0.3265923 0.4081692 0.4073996 0.3126101 0.5277866 0.552449 0.5631111 0.4077527 0.3283862 0.001218338 0.03066094 0.06940087 0.109864 0.4242843 0.1597969 0.284353 0.1818379 0.1818536 0.1579516 0.1442138 0.03526081 0.1657701 0.1588379 0.066505 0.1732139 0.119641 0.183079 0.1278773 0.2858526 0.0970356 0.4435242 0.3179609 0.06316946 0.03870884 0.005973115 0.04734832 0.1306403 0.2800973 0.2010115
0.3090135 0.743557 0.440504 0.3459023 0.511891 0.2631038 0.479821 0.452449 0.1787079 0.1835287 0.05897755 0.1627418 0.1609186 0.08929738 0.0902121 0.1186489 0 0 0.01408735 0.1831501 0.1700846 0.3574359 0.2054524 0.09819457 0.180513 0.2113045 0.355453 0.581352 0.6071492 0.3330082 0.4969133 0.500314 0.3971256 0.3163953 0.2818312 0.107038 0.07961797 0.04744198 0.2592416 0.488067 0.4623922 0.4456142 0.2863874 0.3333321 0.05901009 6e-006 0.173069 0.1745492 0.081543 0.147102 0.1862425 0.033949 0.002530241 0.04868865 0.1511693 0.442457 0.3137895 0.3014208 0.06796663 0.02091496 0 0 0.07414417 0.2941018
0.2788439 0.568466 0.254964 0.366122 0.60764 0.4207274 0.4494833 0.4539766 0.5814299 0.3785132 0.04540003 0.2767061 0.1595279 0.1197673 0.02946519 0.03564078 0 0 0.03983602 0.155808 0.06226492 0.2377443 0.3305316 0.2899192 0.3257895 0.3872726 0.4758208 0.286501 0.509808 0.4327689 0.427022 0.7347729 0.3888072 0.5597727 0.5784469 0.2187908 0.0923146 0.2686619 0.2842821 0.2839179 0.605858 0.5542929 0.4696811 0.6017864 0.4693781 0.1157021 0.2695889 0.2655259 0.023953 0.1585015 0.4620576 0.09590983 0.2638207 0.2224166 0.2712259 0.1431301 0.3317526 0.3862451 0.05962167 0.02152247 0 0.009964978 0 0.009964978
0.343075 0.556765 0.4423673 0.2391824 0.5421149 0.2551197 0.260394 0.521659 0.295154 0.3802501 0.546329 0.1350176 0.06703906 0.0190613 0.000616 0.004771138 0 0 0.06392185 0.02627739 0.138338 0.1311857 0.347027 0.4047011 0.2230934 0.436145 0.4181086 0.2808006 0.583211 0.6100965 0.593782 0.6688388 0.6255023 0.644397 0.5852317 0.462365 0.7307152 0.1832679 0.09366466 0.05932144 0.5192477 0.4133572 0.3131524 0.3712773 0.3260203 0.3830441 0.4879502 0.2591436 0.080181 0.1259389 0.3720995 0.5050175 0.577918 0.7911493 0.3950439 0.1235524 0.2755745 0.1184564 0.1594836 0.08592425 0.001485 0 0 0.0354
0.152845 0.487214 0.4804496 0.363824 0.3600531 0.3755577 0.3596962 0.413404 0.3496665 0.2388281 0.2498318 0.2844054 0.03261093 0.03114394 0 0 0 0 0.005639529 0.02415564 0.171544 0.201668 0.2343321 0.2945778 0.3425718 0.4724396 0.3491849 0.271561 0.4616961 0.5179753 0.408726 0.749721 0.624928 0.6008 0.5595699 0.3407765 0.3405367 0.08660036 0.02871124 0.1234044 0.4487441 0.4121724 0.426991 0.457103 0.275259 0.3565896 0.2146389 0.4893656 0.071521 0.2427942 0.3856222 0.594726 0.3521657 0.4344143 0.4363609 0.2139259 0.2897918 0.07842655 0.2771249 0.268135 0.02260296 0.02215296 0.003995337 0.2601559
0.5474163 0.3814402 0.4964193 0.4219093 0.4884087 0.2232368 0.2170293 0.4148639 0.32589 0.305078 0.3805416 0.223001 0.1100848 0.000822 0 0 0 0 0 0.01997377 0.09243605 0.05028692 0.1879174 0.1325316 0.3351505 0.3226601 0.425927 0.4901119 0.3887953 0.4728276 0.4907682 0.6182665 0.3659834 0.5448328 0.4038908 0.4352273 0.2834832 0.4075775 0.2267789 0.3747649 0.4353943 0.500316 0.1853216 0.2900091 0.3063459 0.1841758 0.1654791 0.473587 0.08622198 0.02168301 0.3464344 0.5719479 0.4873691 0.617734 0.5925878 0.2099441 0.5956647 0.3523381 0.3184591 0.1507899 0 0.03730586 0.08187956 0.0016
0.412689 0.438956 0.3448561 0.3061647 0.404444 0.315553 0.5848847 0.4206727 0.4654182 0.3938183 0.1452339 0.04575964 0.01276498 9e-005 0.009964978 0 0 0 0 0.1095323 0.291842 0.126154 0.05183705 0.1264711 0.383352 0.2742023 0.4178908 0.447641 0.276679 0.4508058 0.378382 0.4491674 0.1991584 0.3852113 0.118883 0.3918485 0.3419779 0.4791091 0.498918 0.376246 0.081377 0.1580388 0.1165432 0.2600514 0.09364098 0.057294 0.08439345 0.2314951 0.14433 0.218892 0.208992 0.3742966 0.595954 0.5076244 0.426234 0.2619249 0.3835628 0.4481 0.4701308 0.2626695 0.04686896 0.08583915 0.2099418 0.3161265
0.582727 0.46383 0.44181 0.2758478 0.2570864 0.534076 0.596122 0.2071236 0.2867872 0.1886653 0.2673227 0.2718728 0.1545996 0.086579 0 0 0 0 0 0.02995449 0.2194249 0.07456045 0.1189329 0.4431919 0.513216 0.2982695 0.2800375 0.302889 0.3630658 0.3089725 0.236555 0.4610416 0.4408446 0.204345 0.08234996 0.370487 0.239617 0.6142666 0.5058623 0.092677 0.289307 0.05571398 0.04524793 0.152409 0.054571 0.1076788 0.05889044 0.1675841 0.18117 0.5036864 0.4175015 0.5599253 0.510459 0.2540154 0.1212243 0.3923586 0.4015309 0.5324634 0.2414904 0.3814203 0.180035 0.2844305 0.4182344 0.5083298
0.404357 0.3554671 0.6295967 0.4679677 0.1574257 0.618587 0.6750042 0.3857623 0.1154 0.03776421 0.1591932 0.5905399 0.09035696 0.0638658 0.01750782 0 0 0.04344296 0 0 0.126902 0.143476 0.118059 0.1284868 0.3115171 0.1638362 0.2334528 0.4816539 0.4196126 0.1130213 0.07781629 0.066201 0.311968 0.072403 0.154756 0.287381 0.4095937 0.6088693 0.1678037 0.2395314 0.3113488 0.05776392 0.0003 0.05842706 0.1618115 0.173591 0.3919966 0.1846635 0.06547896 0.2402847 0.4352405 0.4396588 0.290478 0.08541094 0.2279664 0.3228248 0.2146435 0.5436094 0.2376349 0.747137 0.1307038 0.5764272 0.6595517 0.5942425
0.562144 0.448303 0.385454 0.3374614 0.4574095 0.48962 0.4122519 0.513636 0.003333 0.009964978 0.07356896 0.1541805 0.03317687 0.1201312 0.008596 0.007656 0 0 0.009964978 0 0.06295087 0.226867 0.2670448 0.413777 0.2122637 0.3451029 0.2958899 0.3368743 0.370307 0.212792 0.1677439 0.1604539 0.2427571 0.097048 0.251157 0.000268 0.2224773 0.4800063 0.0557806 0.3379216 0.3805073 0.4170616 0.02533436 0.01022081 0.2860636 0.1310935 0.2434929 0.2667082 0.5102824 0.3387041 0.4488308 0.2624987 0.4069959 0.498685 0.4946303 0.4466524 0.2756789 0.4732144 0.342896 0.4727009 0.1771388 0.5330194 0.5921816 0.7012095
0.6452563 0.5448027 0.5700308 0.42734 0.4508275 0.5194446 0.1291328 0.117871 0.009964978 0.02132459 0.05500349 0.3141822 0.1859973 0.211791 0.07417598 0.009964978 0 0.04056195 0.02447915 0.03196993 0.03391598 0.1454805 0.2806144 0.2771952 0.3047871 0.2554687 0.1036257 0.08434309 0.1335745 0.1880572 0.07412521 0.1846796 0.1083727 0.1808208 0.1562559 0.1540413 0.3285348 0.203396 0.448399 0.449339 0.09361424 0.06225643 0.306987 0.1216969 0.3724472 0.5144056 0.453912 0.5066156 0.1441125 0.09584671 0.2277872 0.3302538 0.1971008 0.4742313 0.5711416 0.2846664 0.3924716 0.2895043 0.1668946 0.2462651 0.1130749 0.2958452 0.5814559 0.5489286
0.5686094 0.5764856 0.4895076 0.3598333 0.38399 0.2200134 0.178473 0.069805 0.09845433 0.2173505 0.1956763 0.3401157 0.3142101 0.3084499 0.291368 0.000536 0.007077 0.04551471 0.09675437 0.03036998 0.1128829 0 0.07928681 0.1161097 0.332083 0.309508 0.02746396 0.02242474 0.05979991 0.156147 0.1435153 0.08380752 0.1618324 0.1918793 0.1031895 0.1196036 0.2234383 0.3532149 0.4691209 0.2605314 0.4490117 0.1933039 0.2952245 0.4007654 0.2217599 0.2722911 0.4023179 0.4584529 0.2875895 0.267505 0.05812903 0.2329669 0.6301762 0.49944 0.2388753 0.2876708 0.17644 0.1201893 0.4614507 0.5300215 0.2401439 0.1731118 0.390487 0.4370582
0.427056 0.2382343 0.1511308 0.1898659 0.156858 0.2533739 0.147502 0.4790842 0.4145092 0.4456946 0.05918374 0.01534201 0.4505606 0.3071788 0.5168262 0.2461316 0.185955 0.01209698 0.2631688 0.1461604 0.3246542 0.1252505 0.2393649 0.160557 0.175046 0.1457509 0.1724931 0.2881617 0.197405 0.2132785 0.1341353 0.146006 0.1364155 0.4491331 0.589542 0.3528974 0.4137336 0.2493643 0.3391801 0.2653632 0.3086768 0.1728939 0.3168828 0.5565479 0.2374908 0.1539604 0.3299667 0.4035775 0.2829656 0.2931029 0.2065869 0.237629 0.340755 0.3847141 0.2213195 0.7113169 0.4206142 0.2375875 0.5946019 0.4888163 0.4090925 0.2896579 0.181939 0.3504581
