EnvRasters/BAU_Low/forest.asc
ncols         270
nrows         223
xllcorner     24099.479091542
yllcorner     21023.840179216
cellsize      1003.8986847201
NODATA_value  -9999
[rows 29 to 57 of 223, columns 65 to 129 of 270]
0.009964978 0 0.03985991 0.04331436 0.05320013 0.07609117 0.01992996 0 0.02989493 0 0 0 0 0.009964978 0.009964978 0 0.009964978 0.06383781 0.03224899 0 0 -9999 -9999 -9999 -9999 -9999 -9999 -9999 -9999 -9999 -9999 -9999 -9999 -9999 -9999 0.04059969 0.02661496 0 0.01123634 0.266733 0.3195152 0.03456116 0 0.009964978 0.02247974 0.03386703 0.009964978 0 0.03128327 0.4135678 0.5804356 0.5170866 0.265539 0.02405761 0.1183346 0.1745692 0 0 0 0 0 0 0 0 0.02875443
0.00267159 0.02510408 0 0.04982489 0 0 0.03396911 0.01585578 0 0 0 0 0.01992996 0.01992996 0 0 0.009964978 0.0159245 0.01397043 0 0 -9999 -9999 -9999 -9999 -9999 -9999 -9999 -9999 -9999 -9999 -9999 -9999 0 0.03917205 0.429739 0.3995473 0.1861098 0.2087159 0.1518262 0.5630712 0.3716752 0.02989493 0.003986947 0.04482078 0.02410228 0.03343258 0.005761551 0.01460256 0.08776993 0.03658733 0.02075413 0.06446923 0.005837324 0.04590543 0.05978987 0 0 0.00386623 0.1239962 0.1028966 0.08798204 0.009964978 0 0.009964978
0 0.03547441 0.009964978 0 0 0.03437442 0.01545047 0 0.02653274 0.01332717 0 0.006331472 0.01359848 0.01992996 0.009964978 0.01408363 0 0 0 0.006259481 0 -9999 -9999 -9999 -9999 -9999 -9999 -9999 -9999 -9999 -9999 -9999 0 0.009964978 0.1730062 0.3634371 0.4924788 0.389473 0.2722439 0.4927002 0.3361311 0.1010487 0 0.008040778 0.03853443 0.009964978 0.007095999 0.02700236 0.007730676 0.002234302 0 0.009964978 0 0 0 0 0 0 0.2296525 0.4614759 0.8281021 0.03911781 0.009964978 0 0
0.05781551 0.0363997 0.02989493 0.051915 0.009964978 0.03739928 0.04580281 0.009964978 0.01566974 0.03415516 0 0 0 0 0.04438933 0.005846323 0 0.009964978 0.008878144 0.02472229 0 -9999 -9999 -9999 -9999 0 0 0 -9999 0 0 0 0 0.05978987 0.046972 0.1050269 0.1209358 0.07409389 0.08407231 0.1159179 0.172934 0.008843374 0.02708557 0.01992996 0.009964978 0.006374888 0.01779201 0.01405495 0.0457987 0.01399117 0 0 0 0.03985991 0.01992996 0 0.0001677066 0.003136341 0.2292903 0.5597277 0.716997 0.01843427 0 0 0
0.01905215 0.04271207 0.00421711 0.2661123 0.07351594 0.1120754 0.1189151 0.004686706 0.009964978 0 0 0 0.009964978 0.007460607 0.00793993 0.02332977 0.0007075975 0 0.009964978 0.009964978 0.009964978 0.05974614 0.01229444 0.002207658 0.01267755 0.02897364 0.01133987 0.009964978 0 0.05978987 0.02989493 0.003125264 0.01674387 0.2764167 0.02989493 0.06923725 0.1410037 0.03137146 0.06144971 0.08246867 0.04992337 0 0.01277435 0 0 0.00359009 0.04684946 0.02095336 0 0.005328305 0.009964978 0 0.009964978 0.009964978 0.009894949 0.01003501 0.02027485 0.01628102 0.04730964 0.3139794 0.3259056 0 0 0 0
0.05978987 0.04395487 0.01583501 0.05197037 0.0380211 0.01992996 0 0 0.03985991 0 0 0.009964978 0 0 0 0.01481659 0.001005952 0.04982489 0 0.009964978 0 0.01554014 0.02930183 0.07794352 0.1352344 0.06656814 0.03998442 0.03203491 0.1667958 0.1877378 0.003033519 0.3223339 0.4468395 0.7177037 0.3840679 0.3781628 0.02762687 0.0588752 0.1331188 0.07981831 0.07979228 0.01992996 0.009964978 0.01992996 0.009964978 0 0 0 0 0.004636673 0.02889386 0.001001071 0.009964978 0 0 0.009964978 0.04982489 0.0210852 0.01877472 0.08264616 0.1187196 0.191718 0 0 0
0.04426716 0.09146998 0.03468458 0.06508971 0 0 0.009964978 0 0 0.02989493 0 0.01746753 0.0124274 0 0.009964978 0 0 0.04982489 0.01992996 0.03985991 0.02989493 0.1255131 0.1141214 0.3534064 0.2834832 0.1083791 0.1524236 0.1742509 0.3588903 0.5273104 0.0440282 0.3503594 0.1883887 0.01121814 0.1124516 0.4507176 0.1481726 0.1503696 0.04442687 0.05564378 0.1458202 0.01992996 0.02989493 0.009964978 0 0 0.01815399 0.04163588 0.01992996 0.170308 0.07971983 0.01992996 0 0 0 0.009964978 0 0.03985991 0.2532733 0.53057 0.2035339 0.08285266 0.001907911 0.01992996 0.1032476
0.009964978 0.01992996 0.02766388 0.02520047 0.01460177 0 0 0.1391381 0.2398574 0.276511 0.3891451 0.09999773 0.03510452 0.02989493 0.01861473 0.05554296 0 0.01992996 0.03985991 0.009964978 0 0.1610866 0.1617076 0.6642402 0.3660321 0.1080372 0.02572341 0.3061399 0.6796746 0.1328784 0.04982489 0.02943174 0.01992996 0.04982489 0.22988 0.2206065 0.1309159 0.05130776 0.03817312 0.01190639 0.06420589 0.03326265 0.009964978 0.03985991 0.009964978 0.06975485 0.01992996 0.02989493 0.04457657 0.09740879 0.03985991 0 0 0.004400602 0 0 0.03129235 0.0654939 0.2184764 0.2720993 0.01565025 0 0.01802205 0.02989493 0
0.009964978 0.004797602 0.007398431 0.1780603 0.1225576 0.03304859 0.04656155 0.0502774 0.4073863 0.5500206 0.3424948 0.2577985 0.2914072 0.03153255 0.05868284 0.05649406 0.009492622 0.02040231 0 0.01706607 0.07920113 0 0 0.1368824 0.08632258 0.07991732 0.1547533 0.4341317 0.3250668 0.04237923 0.02431588 0.06679687 0.01987706 0.009964978 0.05749637 0.2528049 0.1599646 0.06039853 0.07982086 0.02601566 0.1143579 0.03032938 0.03740451 0.01992996 0 0.009964978 0.01992996 0.04486518 0.2102957 0.5330276 0 0.009964978 0 0.005564377 0 0.01992996 0.01662164 0.1263406 0.02669144 0 0.009964978 0 0 0.01357615 0
0 0.009964978 0 0.3330483 0.9329785 0.4103578 0.003663805 0.009964978 0.2062564 0.1095694 0.008004976 0.02747867 0.07446381 0 0.01397822 0.08863649 0.009964978 0.009964978 0.04015236 0.1127049 0 0 0 0.04982489 0.01211851 0.06832149 0.08723848 0.07960258 0.04160907 0.07932235 0.2680251 0.169585 0.07084437 0.3093398 0.339868 0.1451499 0.04748889 0.06227874 0 0.348349 0.2767571 0.05277622 0.005310601 0.01992996 0 0 0.009964978 0.02375634 0.1867892 0.1236911 0.02016837 0.01992996 0 0.009964978 0 0 0.08733938 0.1150089 0.1439188 0.1340379 0.1936286 0.1332595 0.01766089 0.1182376 0.06545403
0.01833265 0.01992996 0.009964978 0.1140058 0.1666594 0.07590404 0.01992996 0 0.009964978 0.02378574 0.009964978 0.01434125 0 0.009964978 0.03510397 0.1012106 0.0002301776 0 0.007340642 0 0.1707958 0.1774943 0.03638241 0.03455957 0.06984536 0.02945601 0.006052663 0.04377223 0.06692208 0.1308087 0.2306311 0.1540738 0.1542564 0.1106429 0.1812172 0.02989493 0.02989493 0.01514272 0.01011316 0.452885 0.2068717 0.009964978 0.04349952 0.0860452 0 0 0.01264507 0.07971983 0.08968481 0 0.009964978 0.009964978 0 0.01992996 0 0.004019405 0.2136729 0.1710297 0.1754955 0.2034798 0.06444561 0.01994864 0.05390707 0.07003316 0.019418
0.05673453 0.04816991 0 0 0.04295561 0.006869277 0.009964978 0 0 0 0.01992996 0.005629518 0 0 0.01992996 0.09964979 0.01992996 0 0.1122391 0.02335978 0.3777086 0.1591024 0.06375387 0.1025231 0.2078373 0.04719052 0 0 0.2127468 0.223996 0.2094852 0.139312 0.03544312 0.1094925 0.03906925 0.1029714 0.1254507 0.1151716 0.06001613 0.1542432 0.0353913 0.06744703 0.01736189 0.03721378 0.009964978 0.2067678 0.06606325 0.03985991 0.009964978 0.01992996 0.009964978 0 0 0 0.009964978 0.005945574 0.127269 0.04458911 0.1846926 0.2568252 0.05305551 0.009964978 0.009964978 0.01933653 0.2146126
0.4308655 0.240084 0.1016992 0.009964978 0.009964978 0 0 0.007664525 0.01226543 0 0 0.0342304 0.009964978 0.01499032 0.009794812 0.0147441 0.01848025 0 0 0.2170395 0.02680164 0.09964979 0.06975485 0.06233906 0.01992996 0 0.09132702 0.1310568 0.249439 0.07166994 0.04413427 0.04470113 0.03626948 0.3389418 0.0241788 0.03066734 0.06157075 0.1466065 0.3598344 0.1144911 0.06790984 0.05037054 0.03422518 0.2667588 0.03115256 0.05914421 0.02408386 0.009964978 0 0 0 0.01992996 0 0.009964978 0.009964978 0.05383306 0.1185192 0.105908 0.1371026 0.1464758 0.08853774 0 0.01992996 0.04196832 0.2679012
0.1531588 0.1676189 0.01997638 0 0.009964978 0 0 0 0.009964978 0 0 0 0.009964978 0.03467236 0.01012718 0.06542726 0.09961741 0.02989493 0.009964978 0.3178381 0 0 0 0 0 0.01992996 0.008322763 0.008452884 0 0.02989493 0 0.01541077 0.004519183 0.0559173 0.05573344 0.01686217 0.1217001 0.1615504 0.02989493 0.3435251 0.4024277 0.2809065 0.3446327 0.3002005 0.1106382 0 0 0.01628366 0.009964978 0 0 0.02104326 0.04362263 0.09882204 0.06185047 0.05249983 0.1389209 0.04393319 0.02696089 0.2100293 0.1489461 0 0.02202777 0.1928719 0.06445238
0.01418292 0.061352 0.06163826 0 0 0.009964978 0 0.01359351 0 0 0 0.01992996 0.009964978 0.01992996 0 0.01190777 0.108984 0.02015621 0.1858444 0.1079764 0.01792789 0 0.002810952 0.05697892 0.009964978 0 0.03178615 0 0.009964978 0.02116614 0.009839288 0.009964978 0.0436331 0.08857347 0.2631655 0.01409459 0.04893153 0.0961673 0.2484234 0.491545 0.3647009 0.3129782 0.2338481 0.02340416 0.009964978 0.009964978 0.08631916 0.01361127 0.03985991 0.01722161 0.1044201 0.4796591 0.5315439 0.115779 0.3081175 0.2229749 0.02530497 0.03658876 0.00131726 0.07125935 0.0509832 0.01992996 0.009933335 0.01992996 0.009964978
0.008677878 0 0 0 0 0.009964978 0.01697732 0.01630143 0.05978987 0.05804579 0.01170906 0.009964978 0.009964978 0.009964978 0.01040005 0.04534815 0.04978365 0.001731728 0.1020509 0.03787591 0.02989493 0 0 0 0.009964978 0 0.04233527 0.02552836 0.01135612 0.01003743 0 0 0.006166507 0.04361488 0.01711302 0.01307672 0.06068323 0.01784045 0.08956427 0.1014074 0.0337842 0.08859925 0.1569823 0.08501276 0.06044098 0.1066503 0.01333063 0.01992996 0.05292099 0.3339329 0.5262355 0.2029237 0.3548115 0.4782821 0.5422215 0.3910569 0.22815 0 0.05591031 0.04433649 0.01992996 0.04249797 0.05062105 0.00913718 0.03507016
0.04979325 0 0 0.0334184 0.05757328 0.01813989 0.1043925 0.05978987 0.0329805 0.02989493 0.02989493 0 0.04982489 0.03308829 0.05994833 0.06238694 0 0 0.009964978 0.009964978 0.07956866 0.06690195 0 0 0.02384402 0.006050916 0.01992996 0.02989493 0.03452112 0.02645019 0.07427617 0.05018127 0.01375549 0.009964978 0 0.06752197 0.04851015 0.06772185 0.259503 0.09307678 0.03873027 0.05886985 0.05399562 0.1970202 0.1800821 0.3624331 0.2330924 0.1462413 0.3287522 0.4540916 0.1990856 0.1087321 0.1909183 0.1118547 0.1320015 0.05981286 0.1500143 0.03405483 0.05224911 0.1694046 0.0249389 0.03221292 0.01755215 0.01992996 0.01495006
0.0212487 0.01704701 0.02815419 0.08389274 0.06236284 0.01187721 0.05978987 0.01992996 0.1219818 0.01052165 0.02029453 0.01992996 0.01992996 0.04597952 0.05343611 0.01992996 0.01992996 0.009964978 0.01402536 0 0.07275892 0.04982489 0.009964978 0.02989493 0.05086222 0.0334391 0.009964978 0.04982489 0.04002642 0.02726969 0 0.05978987 0.01992996 0 0.009964978 0.09943959 0.03365276 0.04084259 0.0195647 0.02146006 0.01992996 0.0319446 0.02989493 0.01237898 0.009964978 0.01992996 0.1668979 0.3126166 0.4751015 0.4802961 0.3522783 0 0.04264243 0.01034738 0.05156567 0.1206044 0.3473911 0.1275244 0.03309962 0.037069 0.03985991 0.05978987 0.09694337 0.102913 0.02282263
0.07707679 0.136576 0.02811692 0.0779717 0.03164306 0.02989493 0.02434629 0 0.06275496 0.08308765 0.1122533 0.07530118 0 0.005612276 0.0236546 0 0 0.01992996 0.02583456 0.02377652 0 0 0.00298777 0.002701505 0.003371198 0.07126111 0.020436 0.01549467 0.01440027 0.0323312 0.009964978 0.03056656 0 0.009964978 0.04733773 0.02241713 0.05978987 0 0.02870315 0.01115677 0.009964978 0 0.009964978 0.01030387 0.007044701 0.07971983 0.166769 0.3005586 0.4447728 0.1175326 0.117819 0.1983268 0.0137272 0.01479822 0.08637767 0.1860157 0.1594156 0.2646724 0.358972 0.08330605 0.05410786 0.06759258 0.3364114 0.5012165 0.2809728
0 0.04137207 0.06141233 0.03179124 0.02670492 0.01761773 0.02635783 0.03985991 0.03985991 0.07741074 0.1670627 0.0634442 0 0 0.01773137 0.1666763 0.05216314 0.03752167 0.009964978 0.03268094 0.01329739 0.01992996 0.06096631 0.05292416 0.04473687 0.01024328 0.0147747 0.01992996 0.01590309 0.04769295 0.03361747 0.009293351 0.009964978 0.009964978 0.03985991 0 0 0.01992996 0 0 0.148506 0.0009686858 0.03985991 0.02005103 0.03235525 0.08084049 0.06572787 0.2428462 0.06694647 0.2451196 0.03416788 0.001355132 0.006741296 0.1161435 0.03677063 0.1080009 0.02831001 0.06685215 0.35646 0.1312245 0.1319672 0.4126482 0.06062531 0.06833633 0.07061195
0.1087118 0.02989493 0 0 0.1128163 0.00696042 0.02989493 0.02989493 0 0 0.03985991 0.154759 0.1241079 0 0.03082854 0.003993318 0.009964978 0.01992996 0.02418167 0.09618171 0.05240951 0.02402405 0.02888147 0.0326893 0.06108322 0.03644711 0.05641404 0.01992996 0.009964978 0.04316054 0.006664351 0 0.05978987 0 0 0 0 0 0 0 0.00996509 0.02989483 0.02949034 0.09336952 0.01992996 0.007164164 0.02820251 0.2640782 0.1143847 0.1808474 0 0.02326694 0.1386767 0.2471588 0.05239243 0.07135002 0.1157325 0.04358481 0.1569734 0.08158659 0.3010392 0.3367565 0.1139903 0.1913409 0.2952168
0.03329189 0.0183539 0.001576055 0 0.04428598 0.01767227 0.009964978 0.0169436 0.006900545 0.009964978 0.01992996 0.0755644 0.1876836 0.004633215 0.009964978 0 0.009964978 0.06619405 0.1025043 0.1307193 0.02801095 0.05915318 0.1012799 0.02533475 0.1241494 0.08205282 0.02316323 0.009964978 0.009964978 0 0.01992996 0 0.009964978 0.02425298 0.06382445 0.04111962 0.009964978 0.009964978 0 0.02854585 0 0.0203538 0.01975721 0.1401701 0.1518014 0.08031955 0.1786644 0.3941606 0.06783772 0.02763954 0.02175773 0.009964978 0.164875 0.01491148 0.1640891 0.06925668 0.03532368 0.004976238 0.06334677 0.01282062 0.08337189 0.1631059 0.09274961 0.06971346 0.1872382
0.00829279 0.001672189 0 0.009964978 0.01992996 0.01984626 0 0.02291632 0.0628543 0 0.05386005 0.07725597 0.02978833 0.02975594 0 0 0 0.009964978 0.009964978 0.03587407 0.07633211 0.2063466 0.2830487 0.0770012 0.05448857 0.09425253 0.01321848 0.006440535 0.02028633 0.04302798 0.02989493 0 0 0.05688591 0.3653898 0.2355927 0 0.009964978 0.05778311 0.1383576 0.1255481 0.01949815 0.03199872 0.2094615 0.4962827 0.2976774 0.03741182 0.4380865 0.2225537 0.006111961 0.01810218 0.2167973 0.07766607 0.2604611 0.2323271 0.04453493 0.01992996 0.02989493 0.02369975 0.05327678 0.04313525 0.02989493 0.1069063 0.05514682 0.2287239
0.01992996 0.02878731 0.0110726 0 0 0.00234138 0 0 0 0.07648801 0 0.01599549 0.04982489 0.03553509 0 0.009964978 0 0.009964978 0.03396087 0.04575896 0.08167984 0.08555 0.06714806 0.03473282 0.03147952 0.04831276 0.03623934 0.02041645 0.003134083 0.03287355 0.02989493 0.02236253 0.02082619 0.08867628 0.3989151 0.2206122 0.02989493 0.02989493 0.1215854 0.1225219 0.1434984 0.127768 0.1528788 0.1776583 0.388692 0.2262195 0.07873344 0.367223 0.02341864 0.03374795 0.1528592 0.1875975 0.2336588 0.421794 0.04781105 0.04069784 0.08968481 0.004050439 0.006195184 0.1090959 0.1329778 0.009964978 0.009964978 0.0222029 0.3302419
0.009964978 0 0.03539217 0.04126194 0.03798928 0.1050521 0.01992996 0.1104632 0.1098257 0.04418881 0.02905728 0.08996627 0.02198873 0.2218983 0.007316584 0 0.03477477 0 0.004352197 0.1549976 0.09163858 0.005239153 0.05005115 0.05432446 0.01271083 0.01736065 0.04895017 0.005325472 0.05978987 0.04594767 0.03468509 0.1225723 0.2942699 0.2186309 0.3198277 0.02128601 0.01053433 0.08873394 0.04796643 0.009964978 0.05569203 0.002955251 0.09442934 0.01992996 0.009964978 0.002525966 0.03411174 0.1220625 0.09558906 0.02989493 0.1856075 0.2730498 0.3725572 0.4531727 0.1198413 0.0643812 0.03175515 0.0879491 0.01992996 0.1468446 0.006721286 0.007343144 0.02529541 0.0178387 0.2416753
0.008969416 0.0009955628 0.1022056 0.02043401 0.001968159 0.02440098 0.02751067 0.05833214 0.1570894 0.03046316 0.09110662 0.02023428 0.09394962 0.06016665 0.03679514 0.05978987 0.1550164 0.04854485 0 0.1322806 0.1505211 0.1350079 0.07971983 0.05606006 0.03711406 0.07729888 0.06184534 0.04792987 0.06436299 0.1112824 0.03990072 0.0373833 0.2714297 0.1345015 0.06112611 0 0.03947726 0.0517137 0.08044519 0.1584297 0.132989 0.02591073 0.07164128 0 0.0174914 0 0.04717253 0.003264739 0.05062088 0.009964978 0.09292517 0.1124175 0.1328102 0.08028299 0.009964978 0.03683244 0.05822602 0.1284112 0.03490591 0.1701187 0.03517352 0.003258476 0.0371163 0.009964978 0.09572946
0 0.009964978 0.03833573 0.03995711 0.02858559 0.08037196 0.0322792 0.1081733 0.2623317 0.03359677 0.1877675 0.1757295 0.03703554 0.07814463 0.09964979 0.1334524 0.1346167 0.02684801 0.05519643 0.04792236 0.09161513 0.06634977 0.09596379 0.0535547 0.02279469 0.05195232 0.0298274 0.07623662 0.060893 0.0605504 0.1254865 0.03035541 0.02103999 0.1310816 0.06998266 0.02006535 0.0901636 0.03919016 0.03074602 0.08329293 0.0997956 0.04113281 0.002211539 0.007753439 0.04513912 0.09712754 0.005631806 0.04982489 0 0.009964978 0.008385911 0.02033838 0.03498751 0.04007303 0.1591652 0.04982489 0.009964978 0 0.07570104 0.01992996 0.01656738 0.01667148 0.01293157 0.03985991 0
0 0 0.1110418 0.02039388 0.1547995 0.369771 0.03669161 0.06555705 0.05920761 0.01622812 0.09139269 0.1790716 0.02989493 0.2192295 0 0.07288728 0.2814145 0.06161904 0.1886794 0.2182877 0.04901236 0.08332285 0.1954919 0.0427882 0.14609 0.1767131 0 0.08951236 0.08383943 0.01828835 0 0.02989493 0 0.07765557 0.0793534 0.04977076 0.02049771 0.01985458 0 0.0588755 0.03154987 0.0367441 0.08968481 0.009964978 0.02705429 0.0498453 0.01992996 0.0238453 0.03636774 0.4617267 0.4032593 0 0.0108219 0.08086512 0.08321287 0.04385734 0.01667131 0.02318861 0.01589638 0.009964978 0.009964978 0.02297995 0.04992337 0.02989493 0.01992996
0.06085423 0.01923181 0.0197624 0.06515388 0.03985991 0.2724337 0.1007691 0.07800461 0.005727876 0.009964978 0 0.02989493 0 0.03175261 0.02781832 0.1243725 0.05262065 0.03771499 0.1298058 0.2487187 0.0788022 0.2109276 0.1481715 0.08326393 0.03699518 0.05249622 0.042271 0.09865253 0.03007482 0.1133726 0.1064916 0.03329484 0.009964978 0 0.01992996 0 0.0908449 0.05829004 0.08896002 0.07738359 0.08968481 0.01995036 0.01825527 0.002984299 0.0345243 0.03239678 0.0172143 0 0.2451957 0.417599 0.344714 0.005314816 0.02458012 0.01205513 0.03776976 0 0.02989493 0.01992996 0 0.04982489 0.009964978 0.2461484 0.2394041 0.01143922 0
