EnvRasters/BAU_Low/forest.asc
ncols         270
nrows         223
xllcorner     24099.479091542
yllcorner     21023.840179216
cellsize      1003.8986847201
NODATA_value  -9999
[rows 145 to 173 of 223, columns 130 to 194 of 270]
0.3338453 0.5492118 0.01676938 0.3207153 0.03812507 0.002208802 0.008089241 0.009964978 0 0.02989493 0 0 0 0 0.1353455 0.3024355 0 0.01481103 0.02989562 0.5788847 0.3336301 0.5457675 0.7365723 0.7092958 0.7782421 0.2032031 0.3292893 0.3143412 0.160865 0.4197074 0.5588046 0.0697676 0.228461 0.06339066 0.2495659 0.141955 0.351777 0.9159493 0.7517447 0.4056891 0.6575724 0.7249789 0.4696285 0.3807001 0.2004842 0.8400379 0.9160398 0.9093797 0.9378347 1 0.990035 0.8204471 0.1908473 0.7907618 0.9906634 0.9195219 0.1128368 0.1044129 0 0.02891189 0.0006595166 0.004635736 0.18051 0.8324284 0.1469901
0.04159366 0.1201091 0.1113541 0.09606117 0.04038789 0 0.03473869 0.04514437 0.0146455 0.2435035 0.1890485 0.07004489 0.08958711 0.01715346 0.2673739 0.3887782 0.2507072 0 0.2065206 0.1582468 0.277916 0.1234788 0.2071821 0.2899061 0.8790026 0.3566122 0.6740424 0.4912369 0.4995712 0.2208851 0.3350791 0.3084412 0.1805107 0.08239285 0.2970673 0.344235 0.8663595 0.8651978 0.53026 0.7930706 0.2948336 0.649586 0.3985434 0.517461 0.4240559 0.7612947 0.5260381 0.9174309 0.9962775 0.9023955 0.6679338 0.1397603 0.838029 0.9800701 0.9243685 0.5575536 0.131661 0 0 0.04109545 0.04889756 0.09103505 0.1536185 0.3278446 0.06783496
0.1470514 0 0.02233589 0.05978987 0 0.03985991 0.1243696 0.1208523 0.3130328 0.2266057 0.03357197 0.2428567 0.4409931 0.1309662 0.2601772 0.6090759 0.499418 0.09126133 0.05687613 0.2034042 0.7223398 0.4393615 0.08945445 0.08088209 0.6949927 0.9275647 0.8284841 0.4852652 0.7175934 0.6237772 0.197712 0.03914272 0.06614446 0.3029012 0.08670104 0.4154195 0.750046 0.6699968 0.4281268 0.8357623 0.482593 0.2505489 0.07516327 0.0931659 0.2998344 0.4852566 0.830281 0.9317894 0.8615746 0.5112213 0.1201278 0.3350741 1 0.9975583 0.4812398 0.2165492 0.4323998 0.2328341 0.06749585 0.03985991 0.07950285 0.3097817 0.4804289 0.3475796 0.09959996
0.05725226 0.1261484 0.1382633 0.2061656 0.1205697 0.05527459 0.03537488 0.1254367 0.3542359 0.1996872 0.09201786 0.3161264 0.153205 0.2572621 0.6814182 0.730923 0.3431286 0.2661379 0.01118585 0.1357516 0.3733283 0.1346139 0.1176955 0.183037 0.4748783 0.7556419 0.7582582 0.3170311 0.660302 0.5100141 0.2380659 0.05905539 0 0.01371743 0.2045823 0.2431433 0.3138283 0.008225111 0.5083247 0.9543645 0.441837 0.5117625 0.1214976 0.1052962 0.4603145 0.2118762 0.1930488 0.3859384 0.1456007 0.391709 0.7537798 0.950776 1 0.4027533 0.03537045 0.2196027 0.5099013 0.3977644 0.02989493 0.02737791 0.4663932 0.5626879 0.2637693 0.3853977 0.02989493
0.2951663 0.7298905 0.8139913 0.3964883 0.4929174 0.1104058 0.5480031 0.01880088 0.592073 0.5078659 0.5157171 0.3215893 0.1523893 0.5512475 0.5261337 0.6537501 0.664777 0.5224532 0.4379008 0.6609002 0.9426483 0.9721372 1 0.9178622 0.4000586 0.3153979 0.1291175 0 0.02113322 0.5449254 0.8474625 0.622628 0.4958102 0.1317845 0.1081548 0.05591953 0.1622278 0.5026199 0.6540753 0.9855784 0.9061772 0.6279978 0.005527301 0.07119534 0.0857381 0.1168505 0.6774941 0.2582593 0.06567076 0.6606681 0.993512 0.7892094 0.402719 0.1378709 0.05072806 0.05300187 0.1472843 0.5408325 0.1753008 0.6216895 0.8076058 0.9046073 0.4416186 0.1814153 0.05012922
0.9634392 1 1 0.9664034 0.3502391 0.1407381 0.9228439 0.2186104 0.9313266 0.8512675 0.4241473 0.1555429 0.38282 0.8322504 0.9229811 1 1 1 0.9557388 0.8590835 0.9615195 0.9078312 0.7738749 0.8326516 0.6704465 0.1220734 0.009964978 -9999 0.03256816 0.009777843 0.239114 0.295992 0.3877321 0.2576499 0.1029335 0.2898996 0.3643512 0.09281971 0.1779731 0.8015941 1 0.4776143 0.08932068 0.2361457 0.07912306 0.1665349 0.8891434 0.6978236 0.06704367 0.2315628 0.5869508 0.2011392 0.0003225274 0.3948036 0.490535 0.3733123 0.09805051 0.3686067 0.3627917 0.5317228 0.4481401 0.5041705 0.02633798 0.1202361 0.4477166
0.9721857 1 0.9948579 0.5426933 0.154494 0.6768419 0.9642763 0.574007 0.5882362 0.6346535 0.06089556 0.6071135 0.9966156 1 1 0.9759916 0.6305103 0.1621739 0.3243596 0.08561589 0.1044856 0.1052422 0.07526122 0.5433051 0.1308045 0 -9999 -9999 -9999 -9999 -9999 0.03099234 0.1252507 0.4367952 0.6292943 0.504336 0.3865363 0.009964978 0.6001452 0.9603128 1 0.2744156 0.008678403 0.07786147 0.149382 0.5814498 0.9334402 0.9361292 0.3855621 0.2732109 0.01433991 0 0.1957297 0.5906256 0.6721686 0.1767355 0.09964979 0.05788714 0.07320534 0.3432286 0.4246503 0.02635633 0.1429726 0.3136386 0.2357077
0.990035 1 1 0.7914757 0.1656523 0.5557883 0.4913168 0.335525 0.6293194 0.5801479 0.4539777 0.9214714 0.8072016 0.9968832 0.9774597 0.3767776 0.02457081 0.1649662 0.2013941 0.133982 0.08690853 0.4565802 0.2285664 0.02708137 -9999 -9999 -9999 -9999 -9999 -9999 -9999 0.04677123 0.2650544 0.5414295 0.581481 0.2990864 0.3426119 0.004336657 0.2770274 0.3723704 0.3251135 0.3179525 0.04551599 0 0.2746854 0.648434 0.758674 0.6868455 0.7065583 0.5800536 0.5514204 0.2227031 0.02712973 0.2911615 0.4869944 0.7538239 0.5449892 0.2013195 0.00861277 0.1178747 0.2493477 0.4756482 0.6059042 0.3802294 0.0200351
0.863172 0.9946157 0.9754893 0.9183705 0.1444045 0.3548181 0.5571479 0.5176023 0.4134066 0.7225102 0.4304557 0.9584038 0.730615 0.3368237 0.1245141 0.1793828 0.515386 0.315714 0.4247485 0.2233227 0.1610984 0.9484761 0.182363 -9999 -9999 -9999 -9999 -9999 -9999 -9999 0.04947804 0.3945787 0.1714073 0.3161784 0.3536001 0.1884881 0.254012 0.0460528 0.2560133 0 0 0 0 0 0.7963971 0.7206809 0.0887155 0.5479268 0.1027 0.1469458 0.07429653 0.1966145 0.3043548 0.298878 0.4797609 0.5797288 0.2184565 0.01811494 0.2174332 0.1770554 0.3325906 0.7940258 0.7428099 0.3174554 0.1173667
0.380322 0.5504637 0.9083455 0.6257973 0.2986114 0.8937826 0.9070451 0.5115775 0.9058678 0.7253858 0.9085262 0.5722786 0.4244916 0.2441367 0.1055962 0.04780481 0.2919074 0.1570611 0.004106504 0.2630007 0.6767057 0.611162 0.343823 -9999 -9999 -9999 -9999 -9999 -9999 -9999 0.03293305 0.02200671 0.01504377 0.07297718 0.2168943 0.3515476 0.0705084 0 0.0416725 0.2493517 0.3799382 0.5092023 0.4321472 0.08304184 0.6987984 0.4521043 0.03399665 0.3321567 0.6130154 0.7741623 0.2100266 0.009964978 0.4578784 0.643216 0.6905217 0.8079517 0.6487571 0.09309433 0.2006793 0.3135497 0.2543248 0.5474077 0.248816 0.5306127 0.8775491
0.460788 0.3442766 0.4146676 0.2344068 0.318355 0.6890301 0.2903458 0.3437618 0.08133103 0.1742136 0.2691779 0.5062415 0.3875207 0.2302794 0.08713689 0.2298742 0.2456996 0.2950249 0.5126902 0.2691901 0.1396935 0.03916017 0.03321671 -9999 -9999 -9999 -9999 -9999 -9999 0 0.008936167 0.5360079 0 0.01992996 0.08731216 0.358947 0.468984 0.3375313 0.3553762 0.3972426 0.2521943 0.1485642 0.3261696 0.5305814 0.6114033 0.3986239 0.06444563 0.3144572 0.3481979 0.1890242 0.07199889 0.415297 0.7016067 0.3875895 0.248022 0.4109541 0.4040818 0.2272753 0.7191777 0.3367082 0.4392422 0.6960377 0.6981875 0.7955308 0.9596351
0.652808 0.2030347 0.02776414 0.1964993 0.1220464 0.02989493 0 0.1180982 0.8939254 0.516305 0.4772456 0.4179569 0.387621 0.2024659 0.3328819 0.7230505 0.6441722 0.4358549 0.3435754 0.1445269 0 -9999 -9999 -9999 -9999 -9999 -9999 -9999 0.07096732 0.6685365 0.3535754 0.5412587 0.0502973 0.1634368 0.1757562 0.01992996 0.09571601 0.1752999 0.006265659 0.04641486 0.04921296 0.07905171 0.2487285 0.302368 0.2291818 0.3009277 0.5856422 0.5594508 0.4243498 0.1934661 0.007514718 0.2776916 0.2170569 0.2338549 0.5632985 0.5834519 0.2487786 0.1742112 0.1126782 0.2849323 0.2200376 0.8232419 0.9800701 0.6241552 0.8249978
0.5388037 0.1958125 0.2000839 0.1966033 0.1325746 0 0.05544137 0.3294625 0.6085323 0.6483214 0.4211231 0.5587367 0.3968396 0.4232709 0.3695628 0.5206934 0.2674924 0.4881478 0.1707058 -9999 -9999 -9999 -9999 -9999 -9999 -9999 -9999 -9999 0.03083671 0.8410878 0.8389497 0.5473749 0.2356294 0.6410062 0.343337 0.1479021 0.4585376 0.01992996 0.1049954 0.5358689 0.5563765 0.1159178 0.0295673 0.1444432 0.2680727 0.2494373 0.3917315 0.1493216 0.09284171 0 0.01241524 0.05061778 0.1078435 0.4263549 0.127386 0.1224961 0.1035233 0.2954746 0.04007477 0.3668816 0.3238409 0.8130733 0.9886256 0.4602411 0.6770682
0.1293957 0.02037563 0.1136788 0.09277707 0.1115626 0.03244362 0.02048049 0.1395097 0.2196235 0.5496633 0.674501 0.5677069 0.4664665 0.2707233 0.3004206 0.6622817 0.90096 0.998033 0.1597702 -9999 -9999 -9999 -9999 -9999 -9999 -9999 -9999 -9999 0.04370572 0.5571012 0.9990827 1 0.9596499 0.9665267 0.8290389 0.9126936 0.6535185 0.1830485 0.06975485 0.08212712 0.3047138 0.286111 0.08520997 0.03573037 0.07387087 0.1293585 0.01036315 0.009566804 0 0 0.004321846 0.1782606 0.2660734 0.2555861 0.1928329 0.2348985 0.3701134 0.4853247 0.315422 0.4423989 0.4367338 0.6390703 0.2891942 0.2311018 0.7491232
0.1347881 0.2401884 0.4463098 0.6047517 0.2224535 0.1477832 0.4489881 0.5584023 0.1829662 0.3068244 0.307606 0.2425304 0.1508452 0.6726852 0.8652554 0.9575847 1 0.7826621 -9999 -9999 -9999 -9999 -9999 -9999 -9999 -9999 -9999 0.09852819 0.1138828 0.1330683 0.4008899 0.9689965 0.9850953 0.9962677 1 1 1 0.2619436 0.08205953 0.07738013 0.2080189 0.5693067 0.5524343 0.2011068 0.2902866 8.035918e-005 0.06640344 0.08997336 0.3019615 0.3314476 0.295849 0.5662261 0.6500522 0.6191653 0.3572538 0.6659015 0.8590594 0.7222612 0.887402 0.6979007 0.2854534 0.4840129 0.7106348 0.8596569 1
0.3414303 0.4119662 0.1637351 0.1420815 0.4345357 0.4088841 0.2365453 0.2348751 0.1334743 0.3506845 0.8475354 0.4704698 0.6422814 0.9669955 1 0.9800701 0.990035 0.7735592 0.0756845 -9999 -9999 -9999 -9999 -9999 -9999 -9999 -9999 0.3399492 0.8279234 0.8991038 0.5570169 0.8133853 0.9987071 1 1 1 0.4856409 0.02259652 0.009964978 0.01270447 0.1029656 0.4618019 0.9701051 0.6501041 0.2344487 0.01045363 0.5185949 0.7695967 0.8985648 0.9008483 0.3310395 0.7937624 0.9576373 0.9572733 0.6624759 0.5206808 0.9950703 0.9681925 0.7078055 0.4232374 0.7625574 0.9400733 0.9716005 0.9701051 1
0.009964978 0.06975485 0.06975485 0.04879995 0.02377099 0.03985991 0.3402125 0.6849159 0.6855517 1 0.7117079 0.8898745 0.9640203 0.9800496 1 1 1 1 0.7028472 -9999 -9999 -9999 -9999 -9999 -9999 -9999 -9999 0.01061924 0.9526362 0.990035 0.9994174 0.96128 0.9964839 1 1 0.7532514 0.6264806 0.7300942 0.3954189 0.674169 0.8231959 0.8330756 1 0.9558488 0.9990701 0.71039 0.6669793 0.9811188 0.8657103 0.9505012 0.8995737 0.9387735 1 1 1 0.850557 1 0.9756997 0.8973173 0.8851005 1 0.990035 1 0.990035 0.8114848
0.009964978 0.01763937 0.03999873 0.2334341 0.2384564 0.5222273 0.9683818 0.9448227 1 1 1 0.9800701 0.990035 0.9937535 1 1 0.9883235 1 0.5083773 -9999 -9999 -9999 -9999 -9999 -9999 -9999 -9999 -9999 0.1407179 0.9706862 0.9907983 0.9809895 0.990035 0.8964051 0.9143822 0.558886 0.6059242 0.965232 0.7961565 0.9569362 0.9933314 0.99625 1 1 0.8666648 0.2136177 0.8488879 1 1 0.9198647 0.9223279 0.8991976 1 0.9665617 0.9836134 0.9003038 1 0.9402101 1 0.9265621 0.9647779 0.9708087 0.6010441 0.3013957 0.01652098
0.05694129 0.01225858 0.4223614 0.8529187 0.591243 0.8885788 0.8387521 0.9654925 1 1 1 0.990035 0.9687618 0.9202133 0.8462934 0.9959695 0.5350677 0.4806856 0.2068881 -9999 -9999 -9999 -9999 -9999 -9999 -9999 -9999 0 0.6077749 0.7176396 0.7738047 0.9887853 0.8498482 0.848364 0.3181815 0.2413181 0.7692441 0.8191257 0.8955871 0.9336692 0.989774 1 1 1 1 0.9213864 1 1 0.9877009 0.9698788 0.9726654 0.9475793 0.990035 0.8286476 0.7323015 0.8004356 0.9302452 0.9778484 0.9572885 0.9025695 0.9836259 0.6400085 0.1403836 0 0.009964978
0.8216132 0.7307525 0.8371347 0.7979946 0.8393681 0.6704716 0.9310687 0.7623067 1 1 1 1 0.990035 0.5366231 0.09075454 0.7398848 0.7528939 0.7935304 -9999 -9999 -9999 -9999 -9999 -9999 -9999 -9999 -9999 0.4300682 0.9800507 0.2523831 0.1695508 0.4427887 0.9876905 0.9884594 0.9286785 0.8925145 0.9701051 0.6223776 0.6436815 0.9770249 0.9600222 1 1 1 0.9031705 1 0.9531018 0.9025505 0.2574456 0.7507673 1 0.873485 0.8711906 0.3551034 0.2784565 0.891806 1 0.9623617 0.5740409 0.3303288 0.8327431 0.736064 0.3802481 0.3730364 0.4350613
0.9728791 1 0.967563 0.9298306 1 0.7899052 0.9156877 0.7778746 0.9408163 1 0.8892082 0.8702551 0.9415874 0.6779642 0.5864933 0.2947426 0.7827037 0.9107338 -9999 -9999 -9999 -9999 -9999 -9999 -9999 -9999 -9999 0.6512267 0.990035 0.4182783 0.3804806 0.3590637 1 0.9714317 0.9882716 0.9593222 0.6754629 0.1005604 0.2845736 0.9857252 0.8633882 0.9113523 0.5586513 0.9730346 0.9373899 1 0.9332341 0.4296927 0.3576752 0.9142416 0.6918405 0.3219025 0.3956908 0.6206529 0.2931105 0.7977065 1 1 0.9363076 0.3124175 0.9572035 0.8187903 0.9024479 0.798644 0.6693673
0.9551399 0.7259165 0.2852897 0.2464808 0.9964569 1 0.4745057 0.8707273 1 1 1 0.9800701 1 1 1 0.9450917 0.9713255 0.9404576 -9999 -9999 -9999 -9999 -9999 -9999 -9999 -9999 -9999 0.6346846 0.9563528 0.8527541 0.7221218 0.8633198 0.7863981 0.9060637 0.4508259 0.7876131 0.7379708 0.4658338 0.5732502 0.8873405 0.914935 0.1826987 0.06779426 0.3732465 0.3343452 0.8848636 0.9920546 0.8312424 0.8881317 0.9712442 0.2309587 0.1277209 0.3747188 0.9629411 0.2719502 0.07878306 0.2896767 0.7173826 0.962297 0.9889203 0.8785721 0.902692 0.9003325 0.9027917 0.3200745
0.698077 0.661911 0.579763 1 1 0.9840862 0.982567 0.881894 1 1 1 1 1 1 0.990035 0.7576818 0.7666445 0.7822206 0.172505 -9999 -9999 -9999 -9999 -9999 -9999 -9999 -9999 0.6799818 0.6962042 0.4909605 0.8670916 0.3547976 0.1015754 0.3038552 0.1113381 0.5319644 0.08203008 0.3836568 0.5277358 0.9701856 0.9057 0.06951151 0.3093339 0.1999234 0.05023755 0.731259 0.9849681 0.9799536 1 0.9608775 0.4494935 0.7054807 0.9286219 0.9395272 0.09884157 0.1321088 0.8022802 0.4612058 0.397792 0.7700995 0.6461449 0.9880327 0.9292488 0.9414934 0.6723688
0.8411297 0.7947495 1 1 1 0.762582 0.3531978 0.4612559 1 1 1 0.9332772 0.9249851 0.817406 0.570757 0.1795057 -9999 -9999 -9999 -9999 -9999 -9999 -9999 -9999 -9999 -9999 0.1364317 0.8951566 0.1778775 0.007635862 0.4042003 0.2958293 0.1515913 0.4372021 0.3747832 0.3033881 0.4221345 0.4942328 0.7723107 0.8620082 0.9849596 0.6342394 0.8840798 0.1979659 0.0779435 0.5337818 0.6539732 0.855877 1 0.9955684 0.9639803 0.5221568 0.9601401 0.8618297 0.7088562 0.7164673 0.7826868 0.4434257 0.02158182 0.03611221 0.3271241 0.9704356 0.9290642 0.7508091 0.990035
0.09590117 0.7266427 0.9864947 0.6105713 0.8811807 0.6271098 0.4748853 0.8030944 0.9688955 0.9102673 0.2541381 -9999 -9999 -9999 -9999 -9999 -9999 -9999 -9999 -9999 -9999 -9999 -9999 -9999 -9999 0.3164176 0.8971583 0.9629575 0.5951742 0.402288 0.8506727 0.4679804 0.6490781 0.89907 0.2352931 0.08050203 0.1941019 0.8212782 0.9150689 0.9872602 0.9639048 1 0.7925505 0.6706454 0.8914062 0.336511 0.01694744 0.6475557 1 0.9527188 0.9725215 0.8883504 0.9741405 0.9104582 0.9315212 0.2365437 0.1693023 0.1224462 0.02140515 0.04237019 0.5260876 0.9840375 1 0.7931895 1
0.1474441 0.3816564 0.5550147 0.003777441 0.7246476 0.8597143 0.290544 0.1926241 0.3182687 0.3356911 -9999 -9999 -9999 -9999 -9999 -9999 -9999 -9999 -9999 -9999 -9999 -9999 -9999 -9999 -9999 0.5715486 1 1 0.990035 0.9999521 1 0.9466825 0.9094865 0.7485725 0.2514541 0.3257712 0.4733309 0.7055314 0.8444496 0.9721478 0.9701051 1 0.9912981 0.8876033 0.8513272 0.7350349 0.3070402 0.6930974 0.902925 0.4672362 0.7828421 0.7146196 0.1792082 0.2332494 0.3164642 0.02416783 0.06037607 0.1509674 0.1652383 0.4556717 0.2950431 0.8247457 0.851443 0.8870782 0.901116
0.3871605 0.1185284 0.1354993 0.1466332 0.3087329 0.9922044 0.4159656 0.02845184 -9999 -9999 -9999 -9999 -9999 -9999 -9999 -9999 -9999 -9999 -9999 -9999 -9999 -9999 -9999 -9999 -9999 0.6563925 1 0.9622971 0.997843 0.9702494 1 1 1 0.8516935 0.1939403 0.07422519 0.383889 0.2228413 0.07544053 0.8183925 0.8968091 0.9132359 0.9474345 0.9599398 0.5702183 0.3860383 0.5428021 0.9459065 0.594402 0.1807545 0.6131792 0.652647 0.1542725 0.4171591 0.577088 0.6060091 0.5844102 0.104941 0.1227977 0.6824514 1 0.9349964 0.9116895 0.8699303 0.9979537
0.03280477 0.06185337 0.5375391 0.2114564 0.0666173 0.3482716 0.02394253 -9999 -9999 -9999 -9999 -9999 -9999 -9999 -9999 -9999 -9999 -9999 -9999 -9999 -9999 -9999 -9999 -9999 -9999 0.01588398 0.3254185 0.6273056 0.9073145 0.7576776 1 1 1 0.9601401 0.362789 0.1781332 0.05067902 0.1985574 0.09756299 0.8266203 0.3837716 0.1013928 0.4979714 0.4112338 0.1151571 0.09800009 0.6486563 1 0.4350449 0.4706051 0.9522447 0.9165891 0.5685747 0.8033382 0.5514721 0.1563316 0.1179345 0.2264974 0.2885016 0.642262 0.8627118 0.9678835 0.7304485 0.7959315 0.9393663
0.07970437 0.0103809 0.01542545 0 0 0 -9999 -9999 -9999 -9999 -9999 -9999 -9999 -9999 -9999 -9999 -9999 -9999 -9999 -9999 -9999 -9999 -9999 -9999 -9999 -9999 -9999 -9999 -9999 0.3396981 1 1 0.9998489 0.8255576 0.690305 0.5058535 0.0219149 0.3995705 0.3305055 0.7343234 0.1503131 0.04791364 0.2128407 0.2358449 0.1432565 0.7841739 1 0.9692514 0.1843817 0.5623261 0.5946023 0.6890492 0.9931034 1 0.5940997 0.3729174 0.05874968 0.2605604 0.5007561 0.7444188 0.7778907 0.8161046 0.9844409 0.9988495 0.8915997
