EnvRasters/BAU_Low/forest.asc
ncols         270
nrows         223
xllcorner     24099.479091542
yllcorner     21023.840179216
cellsize      1003.8986847201
NODATA_value  -9999
[rows 0 to 28 of 223, columns 130 to 194 of 270]
-9999 -9999 -9999 -9999 -9999 -9999 -9999 -9999 -9999 -9999 -9999 -9999 -9999 -9999 -9999 -9999 -9999 -9999 -9999 -9999 -9999 -9999 -9999 0 -9999 -9999 -9999 -9999 -9999 -9999 -9999 -9999 -9999 -9999 -9999 -9999 -9999 -9999 -9999 -9999 -9999 -9999 -9999 -9999 -9999 -9999 -9999 -9999 -9999 -9999 -9999 -9999 -9999 -9999 -9999 -9999 -9999 -9999 -9999 -9999 -9999 -9999 -9999 -9999 -9999
-9999 -9999 -9999 -9999 -9999 -9999 -9999 -9999 -9999 -9999 -9999 -9999 -9999 -9999 -9999 -9999 -9999 -9999 -9999 -9999 -9999 0 0 0.01992996 0.04111817 0.03115272 0.02590027 -9999 -9999 -9999 -9999 -9999 -9999 -9999 -9999 -9999 -9999 -9999 -9999 -9999 -9999 -9999 -9999 -9999 -9999 -9999 -9999 -9999 -9999 -9999 -9999 -9999 -9999 -9999 -9999 -9999 -9999 -9999 -9999 -9999 -9999 -9999 -9999 -9999 -9999
-9999 -9999 -9999 -9999 -9999 -9999 -9999 -9999 -9999 -9999 -9999 -9999 -9999 -9999 -9999 -9999 -9999 -9999 -9999 -9999 0 0 0.01181653 0.02211355 0.4178481 0.5364595 0.5700142 -9999 -9999 -9999 -9999 -9999 -9999 -9999 -9999 -9999 -9999 -9999 -9999 -9999 -9999 0.009964978 0 -9999 -9999 -9999 -9999 -9999 -9999 -9999 -9999 -9999 -9999 -9999 -9999 -9999 -9999 -9999 -9999 -9999 -9999 -9999 -9999 -9999 -9999
-9999 -9999 0 0 0.00589851 0.05535364 0.2368639 0.07204641 -9999 -9999 -9999 -9999 -9999 -9999 -9999 -9999 -9999 -9999 -9999 -9999 0.009964978 0.1089627 0.3009678 0.1156576 0.059407 0.1944617 0.2037523 0 0.0025019 -9999 -9999 -9999 -9999 -9999 -9999 -9999 -9999 -9999 -9999 -9999 0 0.1608585 0.05533701 -9999 -9999 -9999 -9999 -9999 -9999 -9999 -9999 -9999 -9999 -9999 -9999 -9999 -9999 -9999 -9999 -9999 -9999 -9999 -9999 -9999 -9999
0 0 0 0.009964978 0.01092729 0.02179261 0.3516592 0.4124256 -9999 -9999 -9999 -9999 -9999 -9999 -9999 -9999 -9999 -9999 -9999 0 0.02989493 0.1720471 0.09083217 0 0.03985991 0 0.1598366 0.356669 0.1088968 -9999 -9999 -9999 -9999 -9999 -9999 -9999 -9999 -9999 -9999 0 0.007981721 0.06460588 0.1309307 0.200607 0.2183576 -9999 -9999 -9999 -9999 -9999 -9999 -9999 -9999 -9999 -9999 -9999 -9999 -9999 -9999 -9999 -9999 -9999 -9999 -9999 -9999
0.009964978 0.009964978 0.009964978 0 0.05712812 0.002661749 0.5341786 0.1142207 -9999 -9999 -9999 -9999 -9999 -9999 -9999 -9999 -9999 -9999 0.003171624 0.151214 0.03985991 0.05692789 0.01441063 0.009964978 0.03698421 0.2556398 0.7093937 0.5336203 0.01117636 -9999 -9999 -9999 -9999 -9999 -9999 -9999 -9999 -9999 -9999 0 0.1992996 0.02989493 0.5545974 0.7661222 0.181048 0 -9999 -9999 -9999 -9999 -9999 -9999 -9999 -9999 -9999 -9999 -9999 -9999 -9999 -9999 -9999 -9999 -9999 -9999 -9999
0.009964978 0.009964978 0.02928535 0.009964978 0 0.2278822 0.2458117 0 -9999 -9999 -9999 -9999 -9999 -9999 -9999 -9999 -9999 0 0 0.323805 0.009964978 0.02430913 0.04004211 0.07699984 0.3928783 0.5832626 0.2005085 0.2395944 0.009964978 -9999 -9999 -9999 -9999 -9999 0 0 -9999 -9999 -9999 0 0.2590894 0.01866741 0.1938396 0.3945592 0.09394969 0.1395097 -9999 -9999 -9999 -9999 -9999 -9999 -9999 -9999 -9999 -9999 -9999 -9999 -9999 -9999 -9999 -9999 -9999 -9999 -9999
0.1192175 0.04914099 0.04933419 0.009219654 0.02875925 0.1188971 0.01226655 -9999 -9999 -9999 -9999 -9999 -9999 -9999 -9999 -9999 0.03132752 0.108796 0.08654135 0.03799913 0 0.07408661 0.01707422 0.0307747 0.2513793 0.4837402 0.1702744 0 -9999 -9999 -9999 -9999 -9999 0 0 0.009964978 -9999 -9999 -9999 0.1428991 0.4277477 0.0608169 0.01992996 0.08857863 0.2465516 0.3024575 0.04475118 -9999 -9999 -9999 -9999 -9999 -9999 -9999 -9999 -9999 -9999 -9999 -9999 -9999 -9999 -9999 -9999 -9999 -9999
0.4963634 0.7653836 0.2025621 0.0007453245 0.03009751 0.03116074 0 -9999 -9999 0 -9999 -9999 -9999 -9999 -9999 -9999 0.04152671 0.124533 0.192284 0.03031615 0.05978987 0.009964978 0.05554081 0.03379612 0.2415468 0.08919813 0.2121604 0.07070341 -9999 -9999 -9999 -9999 -9999 0 0 0 -9999 0 0 0.340014 0.4211627 0.09707279 0.009964978 0 0.1401282 0.398094 0.2206054 -9999 -9999 -9999 -9999 -9999 -9999 -9999 -9999 -9999 -9999 -9999 -9999 -9999 -9999 -9999 -9999 -9999 -9999
0.2731908 0.2202567 0.01048507 0.0178487 0.01188447 0.008687932 0 0 0 0 0 0 0 0.009964978 0 0 0 0.009964978 0.1184703 0.09574984 0.03311735 0.006742563 0.009964978 0 0 0 0.04817599 0.08125339 -9999 -9999 -9999 -9999 -9999 -9999 0 0 0 0 0.0002040847 0.1763556 0.05471724 0.1017216 0.1670777 0.3232051 0.239336 0.04873805 0.02725212 -9999 -9999 -9999 -9999 -9999 -9999 -9999 -9999 -9999 -9999 -9999 -9999 -9999 -9999 -9999 -9999 -9999 -9999
0.5110661 0.7449107 0.1223934 0.07242912 0.02102483 0.001277046 0.009964978 0.009964978 0.3827355 0.2840456 0.01043039 0.04935948 0.01685163 0.006574363 0.009964978 0 0 0 0.1056692 0.06327299 0.009964978 0.009964978 0 0 -9999 -9999 -9999 0.05383857 0.0483406 -9999 0 0 0 -9999 -9999 0 0.02177451 0.0668143 0.1623916 0.04144921 0 0.01054162 0.3459236 0.5750842 0.09648478 0.08778985 -9999 -9999 -9999 -9999 -9999 -9999 -9999 -9999 -9999 -9999 -9999 -9999 -9999 -9999 -9999 -9999 -9999 -9999 -9999
0.3444409 0.9584227 0.3752623 0.004890238 0 0 0.09349553 0.008740938 0.418727 0.4141825 0.09846387 0.01992996 0.01304331 0.05325202 0 0.01992996 0 0 0 0.01992996 0.009964978 0 0 0.1022836 0.1189059 0.07746059 0.7150371 0.3959803 0.1874681 0.03545063 0.08103339 0.009964978 0.03985991 0 -9999 0 0.3601813 0.4585327 0 0 0.01949822 0.07841396 0.4020712 0.2813227 0.07570624 0.06840165 -9999 -9999 -9999 -9999 -9999 -9999 -9999 -9999 -9999 -9999 -9999 -9999 -9999 -9999 -9999 -9999 -9999 -9999 -9999
0.1749046 0.647558 0.07597706 0 0 0.1060738 0.2470459 0.03186806 0.2331504 0.222913 0 0 0.02989493 0.01989345 0.006380953 0.01992996 0 0 0 0 0 0 0 0.06568442 0.06953542 0.05465275 0.4804634 0.3205833 0.4067583 0.4191101 0.05201048 0.007272659 0.07419584 0 0.04231067 0.009964978 0.6599249 0.1962353 0.03063118 0.01992874 0.02033024 0.05199423 0.5315471 0.6704097 0.3504903 -9999 -9999 -9999 -9999 -9999 -9999 -9999 -9999 -9999 -9999 -9999 -9999 -9999 -9999 -9999 -9999 -9999 -9999 -9999 -9999
0.04399344 0.1254861 0.009964978 0 0.009964978 0.02098965 0.009964978 0.1404311 0.2113012 0.1539691 0.009179313 0.01119567 0.04305443 0.002081044 0.01146796 0 0 0.009964978 0.009964978 0 0 0.01992996 0 0.04927763 0.05075127 0.009964978 0.282589 0.578381 0.1508364 0.1415638 0.2907799 0.1968343 0.1963564 0.1958349 0.2004844 0.1425164 0.4436413 0.4631867 0.1634833 0.01993117 0.009964978 0 0.6682686 0.8728464 0.1781009 -9999 -9999 -9999 -9999 -9999 -9999 -9999 -9999 -9999 -9999 -9999 -9999 -9999 -9999 -9999 -9999 -9999 -9999 -9999 -9999
0.1172257 0.1730997 0.001206539 0.009964978 0 5.415e-005 0.09299183 0.1966127 0.24538 0.04340895 0 0.09989961 0.2115918 0 0.05314584 0 0 0 0 0.02515461 0.03701432 0.06198051 0 0.005775667 0.05215295 0.001589774 0.052481 0.2023185 0.0676679 0.1206105 0.8475682 0.3947587 0.2281721 0.3204866 0.0363018 0.1855939 0.4354331 0.689844 0.4006715 0 0 0.0640269 0.7922516 0.7512366 0.1621763 0.102824 -9999 -9999 -9999 -9999 -9999 -9999 -9999 -9999 -9999 -9999 -9999 -9999 -9999 -9999 -9999 -9999 -9999 -9999 -9999
0.8500941 0.5009752 0.07067513 0.0480956 0.01023426 0.02002746 0.5447962 0.252459 0 0.2137863 0.1801374 0.07271753 0 0 0.06602513 0.006929006 0 0.009964978 0 0.009219859 0.5022196 0.3805192 0 0.06975485 0.1929191 0.1445811 0.538349 0.4466396 0.04710513 0.09531485 0.3813741 0.03771616 0.05488999 0.2276395 0.02989493 0.05862497 0.146831 0.5671086 0.05904697 0 0.08204553 0.630759 0.9326574 0.4019229 0.2324057 0.2858766 0.2537366 -9999 -9999 -9999 -9999 -9999 -9999 -9999 -9999 -9999 -9999 -9999 -9999 -9999 -9999 -9999 -9999 -9999 -9999
0.5425266 0.2031661 0.1193672 0.1509184 0.06977116 0.2071855 0.4066088 0.0191204 0.03126109 0.3019913 0.01023228 0 0 0 0.01340972 0 0 0 0.009964978 0.009964978 0.06716291 0.1523863 0.009964978 0.1015209 0.04795378 0.01616827 0.157295 0.3594778 0.1673575 0.03251132 0.06526061 0.04186764 0 0.05969494 0.1485548 0.07222912 0.02289085 0.2898126 0.02026031 0.2047274 0.6591832 0.4745306 0.1677951 0.2610323 0.5725262 0.8326174 0.9702085 0.2264926 -9999 -9999 -9999 -9999 -9999 -9999 -9999 -9999 -9999 -9999 -9999 -9999 -9999 -9999 -9999 -9999 -9999
0.5971726 0.1300358 0.2198217 0.09852039 0.01992996 0.3113828 0.1952464 0 0.140972 0.06658012 0 0 0.05708859 0.009964978 0 0 0 0.004365338 0.1052494 0.009964978 0 0.009964978 0.009964978 0.09964979 0.004218879 0.09964979 0.1967406 0.1112982 0.2280851 0 0 0.1617327 0 0.2306151 0.5118034 0.3144739 0.4419781 0.2796693 0.1800563 0.392193 0.4265119 0.116754 0.2365586 0.3484688 0.587227 0.9701051 0.9606986 0.1991992 0 -9999 -9999 -9999 -9999 -9999 -9999 -9999 -9999 -9999 -9999 -9999 -9999 -9999 -9999 -9999 -9999
0.4161023 0.3206555 0.2697442 0.1403093 0 0.2086221 0.6712604 0.09041908 0.01167735 0 0.01992996 0 0.03491822 0.004831984 0 0 0 0 0.08760932 0.09573285 0.07495702 0.01992996 0.009964978 0.01992996 0.03932629 0.1367599 0.4207923 0.1935052 0.08351114 0 0.009964978 0.1273294 0.002287774 0.04315795 0.4309175 0.1166787 0.4327323 0.1277343 0.1718379 0.4461685 0.1298177 0.3580108 0.1062091 0.4802351 0.6730914 0.7051494 0.2197291 0.05810905 0.412227 -9999 -9999 -9999 -9999 -9999 -9999 -9999 -9999 -9999 -9999 -9999 -9999 -9999 -9999 -9999 -9999
0.8085049 0.699163 0.4093803 0.3865817 0 0.2923183 0.5457185 0.05357932 0.008293418 0.08793517 0.01992996 0 0.01413714 0.008603818 0.009964978 0 0.04982489 0.05951846 0.193824 0.3506479 0.1837395 0.004062083 0.009964978 0.01678085 0.1835506 0.3841286 0.2381466 0.1057918 0.1806368 0.01860681 0.2053522 0.4742213 0.1202942 0.09967494 0.1390492 0.107299 0.2287698 0 0.0811096 0.3024296 0.2263663 0.2889116 0.193365 0.3254106 0.3012648 0.1059896 0.03821214 0.04277551 0.3045373 -9999 -9999 -9999 -9999 -9999 -9999 -9999 -9999 -9999 -9999 -9999 -9999 -9999 -9999 -9999 -9999
0.3065712 0.5917469 0.6783603 0.4968083 0.06963115 0.119148 0.08805232 0.1370141 0.1168726 0.1489984 0.2566212 0.3549694 0.3015306 0.05147929 0.05818696 0.2407624 0.01483274 0.0150622 0.008417815 0.0476876 0.2581429 0.1024657 0.03985991 0.1599997 0.1271892 0.5173709 0.2039159 0.1231266 0.1148897 0.03147036 0.1974294 0.3046125 0.4568873 0.1376 0.02662025 0.02989493 0.00120925 0.01992996 0.0314929 0.2533185 0.3387544 0.6210272 0.35307 0.07010689 0.1926384 0.01992996 0.04150769 0.06517368 0.2278293 -9999 -9999 -9999 -9999 -9999 -9999 -9999 -9999 -9999 -9999 -9999 -9999 -9999 -9999 -9999 -9999
0.1494785 0.2270163 0.3531609 0.5988754 0.1452766 0.2463285 0.08482333 0.4270731 0.1636425 0.04804542 0.3543327 0.2398982 0.3930966 0.3183888 0.0113698 0 0 0 0.1546261 0.08461402 0.10654 0.01036847 0 0.08628219 0.4202653 0.6703423 0.240987 0.02698959 0.03625786 0.02611071 0 0.2929042 0.3585271 0.1954829 0.009964978 0 0.01979422 0.02989493 0.02058708 0.253915 0.2409762 0.3985808 0.5170038 0.1280584 0.01992996 0.01349423 0.009329767 0.2005431 0.03434398 0 -9999 0.04852151 0.4809945 0.5258503 0.09771274 -9999 -9999 -9999 -9999 -9999 -9999 -9999 -9999 -9999 -9999
0.02105528 0.04038823 0.3584617 0.08572564 0.1670804 0.2146837 0.7768017 0.4260692 0.4105293 0.2188823 0.606206 0.7989256 0.2661741 0.1079139 0.08909683 0.01055295 0.02989493 0.09399731 0.4547138 0.02989493 0.01532684 0.009964978 0.1243991 0.009964978 0.09444439 0.5934445 0.1571505 0.09695385 0.04004977 0.109919 0.0494827 0.1597818 0.08771701 0.4212551 0.1611581 0.01282943 0.02882143 0 0.02923781 0.08867633 0.1285296 0.420938 0.1684789 0.01992996 0.009964978 0.0005373114 0.0007833937 0.004701242 0.08150868 0.2178509 0.04825762 0.4739851 0.7320431 0.6223126 0.4514012 0.3232326 0.0128641 -9999 -9999 -9999 -9999 -9999 -9999 -9999 -9999
0.06085324 0.08181198 0.1073806 0.0133463 0.2159752 0.2081503 0.6302528 0.3338413 0.1107789 0 0.07400763 0.7914413 0.07000924 0.2416866 0.2048335 0.04490276 0.009964978 0.02989493 0.01992996 0.0464474 0.05410042 0.007039993 0.07661168 0.04822065 0.01685493 0.1734904 0.3339314 0.287552 0.2790465 0.5171057 0.3081414 0.01004847 0.232118 0.2543991 0.02817645 0.02012691 0.06277832 0.07710657 0.07554508 0.05568066 0.3851985 0.2806248 0.08981415 0.1798301 0.05260684 0.06126748 0.08309709 0.1911432 0.2555517 0.2939586 0.2586934 0.841779 0.5479426 0.5164778 0.5818672 0.728435 0.1231228 -9999 -9999 -9999 -9999 -9999 -9999 -9999 -9999
0.02802863 0.01157741 0.1172373 0.009964978 0.009964978 0.009964978 0.4903747 0.1417734 0.06789083 0.02816925 0.1126412 0.7476616 0.6686206 0.6416253 0.9103152 0.4077209 0.2236964 0.05606033 0.05005654 0.06377701 0.4708887 0.1513873 0.1125227 0.05204393 0.03073173 0.1454967 0.3605442 0.50959 0.6907042 0.6420036 0.4024611 0.4858361 0.548659 0.2378818 0.003648718 0.03679851 0.112373 0.4574066 0.2151869 0.09176315 0.3563761 0.3528157 0.02663401 0.009964978 0.03170003 0.004821263 0.4303384 0.4314347 0.3510387 0.3610097 0.6106426 0.667549 0.5740972 0.6299829 0.1807521 0.4580935 -9999 -9999 -9999 -9999 -9999 -9999 -9999 -9999 -9999
0.01992996 0.02257365 0.1170412 0.2358094 0.3774467 0.2713873 0.6102111 0.7221455 0.5050167 0.3867528 0.3900961 0.4783098 0.5584012 0.3599147 0.6906512 0.1577683 0.172251 0.08737551 0.03555382 0.06991554 0.5943793 0.7058592 0.6714742 0.3798092 0.07095938 0.3117712 0.5083135 0.3923953 0.3056345 0.1633872 0.481365 0.5031135 0.3209704 0.1601977 0.08163647 0.04673655 0.06531143 0.04982489 0.0960061 0.1755135 0.06277186 0.1260733 0.01992996 0 0.01921135 0.02374635 0.06482949 0.05002558 0.09992809 0.09345348 0.3649803 0.6069503 0.579371 0.7885677 0.656332 0.1252771 -9999 -9999 -9999 -9999 -9999 -9999 -9999 -9999 -9999
0 0.02182028 0.1289717 0.7191561 0.3959386 0.5786241 0.2181181 0.557535 0.6341969 0.5280384 0.6751747 0.6899447 0.1008431 0.06210196 0.217096 0.1589373 0.103607 0.07292977 0.1250288 0.1016423 0.4274111 0.2346999 0.8301876 0.4672754 0.262916 0.5754421 0.5877052 0.6478743 0.2542445 0.1768857 0.07000713 0.06608705 0.05073711 0.025763 0.1354158 0.4561579 0.07603201 0.06208888 0.03507837 0.1551237 0.11978 0.06035246 0.03557892 0.140856 0.06642133 0.001108969 0.009964978 0.1114148 0.3561535 0.3258412 0.4307763 0.5568517 0.7804422 0.7622578 0.2025964 0.09807733 -9999 -9999 -9999 -9999 -9999 -9999 -9999 0.2020961 0.5489345
0.1334707 0.0380397 0.07121316 0.3750547 0.7338129 0.1466245 0.07909632 0.1783139 0.1746616 0.3499944 0.5238234 0.2966096 0.11792 0.007493759 0 0.0749524 0.1540763 0.2411806 0.2093298 0.0157932 0.1854558 0.3463944 0.3762002 0.5389628 0.03299864 0.261478 0.2040096 0.2200712 0.2031325 0.1586813 0.009964978 0.09731796 0.04982489 0.002184848 0.04753232 0.1278788 0.1170671 0.3504701 0.05300827 0.1271578 0.2229662 0.3183463 0.3467166 0.3248699 0.09360084 0.01468435 0.02989493 0.01775864 0.08722753 0.185568 0.6419431 0.675586 0.5304717 0.6556841 0.3495311 0.04429471 0.1022731 0.04147894 0.475786 0.1129942 0.2710173 0.08045232 0.09345736 0.2294392 0.3876389
0.04612521 0.009964978 0.2982838 0.1744722 0.1977227 0.0236695 0.1672634 0.2441526 0.02434093 0.2683079 0.1671167 0.1491578 0.05822872 0.1304437 0.05788971 0.1667776 0.6002698 0.556788 0.547666 0.3096943 0.1603031 0.3380791 0.5599829 0.3789322 0.2681698 0.2114461 0.1083836 0.2890409 0.200365 0.116204 0.1390529 0.1259709 0.2102585 0.01774511 0.1341698 0.07929523 0.3690042 0.2495998 0.05643476 0.01381908 0.1616004 0.6247744 0.0350231 0.1533478 0.292096 0.02913344 0.01992996 0.08827271 0.1029051 0.4764399 0.7414792 0.2133362 0.3417283 0.2644329 0.07318192 0.5042292 0.5723093 0.07878837 0.6115167 0.5599721 0.5836638 0.2184417 0.1057867 0.511687 0.3503905
