EnvRasters/BAU_Low/forest.asc
ncols         270
nrows         223
xllcorner     24099.479091542
yllcorner     21023.840179216
cellsize      1003.8986847201
NODATA_value  -9999
[rows 29 to 57 of 223, columns 130 to 194 of 270]
0 0.0107095 0.05449152 0.1535263 0.009902757 0.06855325 0.2226431 0.351854 0.7003576 0.09539116 0.2168774 0.1361102 0.1770275 0.1945112 0.07442414 0.1957822 0.3716162 0.6583383 0.4583715 0.1922849 0.2134188 0.6870628 0.5732055 0.2968672 0.2554458 0.1454019 0.04676677 0.1817113 0.1366809 0.411189 0.5257947 0.01006345 0.03027481 0.1185369 0.2705379 0.5510108 0.3233801 0.08342808 0.1068774 0.1110213 0.01959844 0.1799412 0.439476 0.3296664 0.112002 0.03982827 0.115106 0.04127201 0.1050493 0.01799176 0.2897695 0.6161464 0.4007632 0.232791 0.5554867 0.8944731 0.5103698 0.3604473 0.5161145 0.4725504 0.4873369 0.1310454 0.1638492 0.3269778 0.5073333
0 0.009220454 0 0.03674516 0.09056387 0.473648 0.1612609 0.3059461 0.06340609 0.05844685 0.009964978 0.2799271 0.6779431 0.3912642 0.1664927 0.3120571 0.4337716 0.3251655 0.2884603 0.296074 0.3945551 0.3585966 0.1337821 0.2216775 0.06489877 0.08524711 0.1871519 0.08287071 0.08947583 0.2226217 0.08342095 0.0327079 0.05695092 0.1933088 0.6181276 0.8293338 0.1877945 0.1026009 0.09687483 0.06018183 0.07564684 0.2000215 0.2048388 0.09950688 0.01992996 0.2081037 0.28085 0.01342509 0.09425024 0.001938196 0.1909352 0.34669 0.4388696 0.5853986 0.5526441 0.3912486 0.1603368 0.2047789 0.5329295 0.5741867 0.06396166 0.02990961 0.0240424 0.02179954 0.03263147
0.009964978 0 0 0.1211658 0.1419444 0.02653339 0.1039401 0.3071653 0.06984345 0.09184499 0.0579778 0.3019236 0.2891109 0.8347757 0.6777892 0.2282877 0.2003636 0.1979414 0.09387455 0.1861789 0.40422 0.2814636 0.2703678 0.1696725 0.1452591 0.1081992 0.2290337 0.1280217 0.02989493 0.03431421 0.0063004 0.09378754 0.06728003 0.08741272 0.3292127 0.9268011 0.7751185 0.1627715 0.1765259 0.4261571 0.2945553 0.4687548 0.7713223 0.4284662 0.06164012 0.2468987 0.1268275 0.2094807 0.09964979 0.1702741 0.1972942 0.0442552 0.3659739 0.3530912 0.1705115 0.2057535 0.1734404 0.2803457 0.3234605 0.1357077 0.01032789 0.02989493 0 0.009964978 0.08202386
0.003017323 0.0377264 0 0.01386521 0.05611621 0.1733948 0.1955989 0.0899372 0.221414 0.3989472 0.2085197 0.3512678 0.405737 0.340706 0.4336344 0.1028004 0.04982489 0.1862314 0.008625324 0.1558654 0.6061423 0.6601597 0.3003936 0.2444236 0.07661517 0.385523 0.3348832 0.4857275 0.1421449 0.335737 0.06530001 0.6633983 0.6691573 0.2019871 0.5485612 0.179445 0.0747161 0.3745225 0.448869 0.7290946 0.1859909 0 0.1790033 0.1101916 0.2750153 0.219823 0.08772773 0.09643561 0.02769408 0.1217806 0.3573873 0.003418626 0.2194785 0.1100991 0.372566 0.626297 0.8630961 0.5788698 0.5227986 0.1019316 0.1910192 0.02435502 0.1397323 0.4404153 0.3427311
0.009964978 0.01904615 0 0.2345634 0.1137656 0.04982489 0.01522465 0.1197539 0.1042533 0.03483782 0.003766306 0 0.1416187 0.3661942 0.3910591 0.1921693 0.152986 0.2991176 0.1622822 0.2149353 0.393348 0.212429 0.2768888 0.2613797 0.655821 0.5268138 0.2878865 0.2275472 0.1238563 0.2593187 0.4655207 0.9409522 0.7686567 0.168641 0.04198501 0.07610422 0.03014721 0.2207151 0.2931614 0.03018626 0.1031089 0.1318014 0.2813541 0.7385519 0.6089922 0.5286444 0.2015891 0.1302961 0.05582649 0.1062703 0.2206395 0.1903899 0.0514674 0.01068829 0.4172387 0.319358 0.1216901 0.006208641 0.1070468 0.3573802 0.5581611 0.09460406 0.7334849 0.7114024 0.7364364
0 0 0.009964978 0.009964978 0.03998363 0 0.03985991 0.06975485 0.3341447 0.2270219 0.08497511 0.1657312 0.07795601 0.2372531 0.2138708 0.1286867 0.2557703 0.3028719 0.01965128 0.001448605 0.3988288 0.7440358 0.4346709 0.07490732 0.1352619 0.1750008 0.2001608 0.1869106 0.5166363 0.8154076 0.6489587 0.6943399 0.3910967 0.1542057 0.01544554 0.009964978 0.009964978 0.1006406 0.05620451 0.06384362 0.06015397 0.148993 0.5918775 0.3474748 0.5548385 0.1784049 0.0474573 0.3408051 0.3503875 0.3041773 0.3182345 0.3368854 0.2114459 0.2331933 0.1437748 0.01319414 0 0.0236863 0.06840638 0.5139841 0.2245527 0.4560046 0.9386843 0.8588553 0.785941
0.01745933 0 0.02441473 0.005480208 0.0151829 0.03471444 0 0.009964978 0.1918281 0.2444548 0.2179229 0.3087547 0.194092 0.1672268 0.05610727 0.1540153 0.254507 0.2402944 0.4932056 0.3482132 0.1634155 0.1929603 0.1858511 0.2069819 0.2248787 0.3470142 0.6489546 0.4151402 0.6228541 0.4657242 0.62469 0.3530006 0.05403667 0.01625434 0.01992996 0.009964978 0.04348909 0.2780284 0.06789536 0.01582293 0.06026358 0.1538826 0.2917297 0.2029718 0.02338067 0.3414626 0.2673004 0.04544947 0.1367369 0.1711776 0.1700378 0.3726231 0.5541343 0.3414578 0.04594593 0.009715298 0.04294034 0.04982489 0.2435368 0.7781733 0.6468343 0.7084762 0.7174596 0.9758294 0.4191724
0.008837789 0.05073827 0.00479706 0.1998764 0.03530083 0.01926568 0.03593533 0.0437845 0.009964978 0.03484348 0.1657264 0.01264624 0.01992996 0.08827535 0.008899064 0.009964978 0.05286156 0.1404058 0.5624822 0.266899 0.06607673 0.06030006 0.06004215 0.08693033 0.3046388 0.5813634 0.4713488 0.1716352 0.1246308 0.2136785 0.2044138 0.2946224 0.117253 0.1410862 0.1138626 0.09442955 0.110012 0.09999374 0.04982489 0.0508141 0.1294171 0.1925901 0.07650557 0.03985991 0.07450534 0.0435922 0.01992996 0.01888929 0.2346609 0.2844925 0.3431089 0.1355791 0.1298978 0.090345 0.04652533 0.1496002 0.4612389 0.4885182 0.1310978 0.1504108 0.1421545 0.1889436 0.7378803 0.9830406 0.7222622
0.009964978 0.04597231 0.05564351 0.01042473 0.009138359 0.01992996 0.01608344 0.03374145 0 0.01621261 0.09726184 0.1204102 0.04407552 0.04367915 0.1293266 0.07637282 0.08409981 0.08322258 0.08384097 0.4251336 0.5915397 0.1254533 0.2044051 0.4225215 0.09064516 0.1384095 0.1796259 0.03303324 0.02591296 0.2801183 0.2958742 0.08780362 0.05195428 0.01321923 0.07680048 0.02989493 0.02899349 0.01639075 0.00432532 0.02890573 0.1111899 0.01611027 0.01992996 0.04982489 0.1455447 0.1741932 0.2515388 0.303807 0.3370973 0.1011785 0.05437422 0.02981124 0.1439592 0.1630637 0.4090632 0.6637619 0.6185881 0.4031711 0.1783702 0.2238458 0.9030448 0.9734614 1 1 0.990035
0.09002341 0.02238411 0.004631411 0.05978987 0.01583913 0.02031236 0.01367341 0.07654198 0.03025131 0.03103512 0.08635804 0.01160758 0.02823872 0.2509086 0.1954159 0.01243863 0.05561013 0.01992996 0.04318824 0.1469939 0.3200015 0.1482023 0.4967437 0.4823646 0.1649449 0.1320761 0.1829402 0.05132449 0.1018259 0.1006747 0.2290753 0.06027075 0.05563786 0.04982489 0.009964978 0 0.06253884 0.02964737 0.02383889 0 0.02317796 0.06349731 0.09930275 0.06257962 0.1418009 0.2704648 0.2365286 0.259283 0.2247274 0.0859219 0.090381 0.002061229 0.04747178 0.1205426 0.1005824 0.3442944 0.1240119 0.1244477 0.05784649 0.3206526 0.9086267 0.9229505 0.853726 0.9706446 0.7861955
0.09139767 0.009964978 0.01992996 0.01060125 0 0.009964978 0.01992996 0.009482219 0.009964978 0.009964978 0.03985991 0.1680371 0.2031129 0.4049032 0.4959892 0.07918657 0.009838356 0.06037153 0.1063303 0.1389225 0.3802167 0.02131935 0.04114023 0.1341088 0.009964978 0.02455579 0.1089641 0.07744084 0.2686995 0.2643832 0.2715798 0.1206244 0.1735453 0.124315 0.01124548 0 0.009964978 0.009964978 0.009964978 0 0.03699408 0.06267611 0.3580436 0.3178895 0.4313048 0.4184922 0.398722 0.1313126 0.1190379 0.1674823 0.1884884 0.1212745 0.1587776 0.1737951 0.1619156 0.09569224 0.01865243 0.1212046 0.05610391 0.1536234 0.2051073 0.1067602 0.2945914 0.2359146 0.2471075
0.03225027 0.02533353 0.004561403 0.07066615 0.408874 0.05012922 0.07981722 0.04239056 0.01992996 0 0.1267134 0.2849555 0.1867074 0.1642204 0.1922272 0.06245669 0.1343421 0.2932733 0.08720454 0.1137945 0.2076187 0.01401304 0.07168841 0.07232308 0.2399921 0.2335972 0.01818529 0.07563278 0.05324868 0.1622446 0.1934001 0.2561151 0.1303989 0.06941496 0.03345441 0 0.009964978 0.02989493 0.02989493 0.01992996 0.0599779 0.210403 0.4351306 0.1507085 0.1318631 0.1190413 0.4549808 0.2224275 0.2762922 0.3583631 0.2312644 0.2455312 0.2112062 0.06200187 0.009964978 0 0.06655773 0.01497078 0.08836497 0 0 0 0.004909093 0.02989493 0.05978987
0.07216398 0 0.009964978 0.05239362 0.2331942 0.1413956 0.2190411 0.09954384 0 0.009964978 0.1657126 0.1807425 0.2192868 0.04353764 0.09493644 0.08220962 0.1349862 0.006645543 0.1902507 0.4855957 0.9035442 0.2396917 0.009964978 0 0.02471231 0 0.03920798 0.1962298 0.02623836 0.210417 0.5157961 0.6679451 0.1575851 0.04114737 0.01573262 0.05865095 0.05978987 0.0118109 0.009964978 0.2192938 0.291465 0.4305335 0.5196266 0.292243 0.1622723 0.03920574 0.2608979 0.09121705 0.4393707 0.1444345 0.1049259 0.1129587 0.0282352 0.1739963 0.182283 0.05978987 0.1028469 0.05978987 0 0 0 0 0 0.05959596 0.1539151
0.03985991 0.04182112 0.2172683 0.02838463 0.09615705 0.3400078 0.1283019 0.01251029 0.02989493 0 0.03063783 0.1015716 0.07707418 0.1469664 0.1715382 0.219877 0.1044583 0.05910975 0.3122858 0.7102309 0.2242208 0.1045784 0.1241462 0.01272334 0.02713657 0.01992996 0.1600916 0.03274311 0.3341944 0.4776047 0.09502652 0.115119 0.07488409 0.009964978 0.009964978 0.1738856 0.1901899 0.02691725 0.022876 0.3530496 0.2251232 0.1656405 0.139417 0.3211688 0.0930545 0.01061915 0.009964978 0.05087027 0.07175402 0.1491205 0.2240814 0.2154509 0.03021852 0.07030918 0.4038413 0.07534288 0.0894167 0.08687467 0 0 0 0 0 0.525211 0.3221632
0.02989493 0 0.01060905 0.06009791 0 0.06990875 0.1372789 0.02200684 0.009964978 0.1156689 0.0423959 0.1382181 0.02154533 0.02176009 0.04982489 0.02989493 0.07776506 0.2444947 0.09568165 0.2060447 0.3008504 0.298847 0.3606786 0.04541604 0.02322686 0.09635288 0 0.06487781 0.2145988 0.08186075 0.01621592 0.02740861 0.4728165 0.3937535 0.05480403 0.02989493 0.01992996 0.03522971 0.1268167 0.162269 0.1179177 0.1223781 0.09953445 0.1460438 0.04278132 0.03966077 0.0201291 0.1404425 0.3742027 0.3870577 0.1122337 0.1495835 0.250264 0.1965595 0.8691036 0.2515276 0.05290314 0.009964978 0 0 0 0 0 0.3519688 0.1763224
0.05814714 0.02121476 0.01604375 0.03282904 0.007461615 0.06012022 0.0599901 0.2193449 0.1667342 0.01404203 0.01833502 0.1226632 0.01848223 0.009964978 0.008048818 0.007684481 0.06975485 0.08671548 0.1270127 0.05542029 0.1861121 0.2193997 0.2990009 0.0101155 0.04982489 0 0.03872642 0.0501815 0.04888559 0.06098571 0.03116599 0.1329117 0.05800315 0.1197473 0.08435126 0.1654126 0.03143408 0.01802853 0.08818047 0.06025034 0.08222494 0.3322935 0.2710683 0.1116066 0.009821858 0.009964978 0.0003654257 0.03071287 0.2130909 0.2198986 0.2351312 0.2878012 0.3452331 0.2714581 0.7850232 0.09625894 0.08635924 0.04772006 0 0 0 0 0 0 0.1375575
0.03134234 0.07522688 0.03433022 0.01992996 0 0.1061315 0.1615827 0.02196157 0.06019254 0.02105987 0.0204043 0.05043394 0.01165997 0.01846492 0.0314454 0.002280498 0.01753974 0.05864435 0.2070327 0.2926063 0.06874339 0.1102892 0.07051429 0.02418828 0.03379039 0.0242519 0.06132382 0.1476495 0.1380777 0 0.03962431 0.06614068 0.09973538 0.107364 0.08546866 0.04477148 0.01526878 0.0617432 0.1876308 0.07822175 0.568186 0.2647357 0.2489746 0.1698702 0.2796371 0.04005771 0.0788003 0.02878257 0.04151049 0.156049 0.2873111 0.2398371 0.2936934 0.6927046 0.4549939 0.2129908 0.3907427 0.2537908 0.1986682 0.1195797 0 0 0 0 0.01489342
0.03985991 0.034132 0.07971421 0 0.01043102 0.05010631 0.03001944 0.09964979 0.009964978 0.06931963 0.116963 0.2398645 0.0100133 0.0214651 0 0.009964978 0.02232017 0.08457787 0.1085395 0.3942525 0.08019521 0.1776678 0.07378458 0.04099768 0.09290029 0.009030462 0.0837096 0.09097393 0.005669247 0.009964978 0.1312568 0.2337901 0.4879906 0.05997697 0.1436147 0.1418042 0.1616029 0.1279542 0.0577904 0.04949525 0.4283812 0.7896664 0.4658163 0.03001944 0.03012529 0.02989737 0.01204872 0.2105393 0.1995253 0.1534795 0.4751791 0.3292652 0.1748029 0.40919 0.4264376 0.2848094 0.2758793 0.136246 0.1913844 0.01534681 0.006187802 0.04578841 0.03985991 0 0.04859594
0.04318226 0.03870523 0.1304786 0.009196113 0.1977528 0.05511654 0.08960111 7.083256e-005 0.04934558 0.1760955 0.2621341 0.0697296 0.009342483 0.05750921 0.001372673 0.02015621 0.04019026 0.06950805 0.2209765 0.2947288 0.02912292 0.219269 0.2023319 0.1755895 0.2690124 0.23465 0.05512165 0.05503646 0.1072316 0.01612194 0.04385814 0.3597288 0.6175587 0.1250127 0.3367222 0.2721561 0.21477 0.1342669 0.03985991 0.2119563 0.4038319 0.2809023 0.2082648 0.03060159 0.1104472 0.1121398 0.1164533 0.2651535 0.4107348 0.2378827 0.1908624 0.2691583 0.441436 0.4903453 0.06442481 0.1325389 0.2888252 0.5134242 0.2727782 0.4540725 0.3466481 0.4622273 0.2601746 0 0
0.344749 0.08091778 0.1264399 0.1759673 0.2161105 0.02085309 0.04791645 0.1611544 0.03958681 0.3011793 0.2499755 0 0.02126442 0.01153366 0.08902719 0.08661988 0.03567174 0.07534572 0.08688576 0.009964978 0.05135002 0.1787878 0.2878059 0.08433226 0.05430827 0.05449044 0.09964979 0.2399957 0.123006 0.2119962 0.3390776 0.2385416 0.2068039 0.3070036 0.4252537 0.5059603 0.2359759 0.1789273 0.08462596 0.1007244 0.09272997 0.1546459 0.1710116 0.3885743 0.327125 0.07005957 0.1890417 0.4951939 0.2784968 0.207725 0.1219995 0.2626854 0.6460212 0.2676116 0.1914836 0.3044181 0.7885218 0.1426543 0.09438328 0.1506461 0.5613519 0.8676163 0.125506 0.01081735 0
0.1778827 0.09799711 0.1884733 0.105962 0.02797696 0.01119316 0.04982489 0.2081154 0.2203783 0.08986931 0.009964978 0.05978987 0.01992996 0.01992996 0.0555374 0.04772381 0.1019267 0.07261612 0.05435977 0.07971983 0.09630022 0.09964979 0.1884694 0.2793855 0.3601834 0.4547972 0.1912144 0.1252993 0.1949268 0.351521 0.3652422 0.3224702 0.1332648 0.4930152 0.7266444 0.3329765 0.01335293 0.04982489 0.02018458 0.06307389 0.1663408 0.1481524 0.03896417 0.1227495 0.0816839 0.03877591 0.08256393 0.120767 0.05925269 0.1417181 0.2116597 0.315922 0.3001372 0.3098196 0.130629 0.4229038 0.1198902 0.1426612 0.1152037 0.08075421 0.1852908 0.662314 0.4498446 0.1935769 0.3000314
0.03749519 0.02419636 0.03985991 0.1170808 0.1330201 0.04142834 0.01949259 0.07010368 0.04028682 0.09956568 0.03105314 0.09702897 0.001570766 0.01835919 0.07154629 0.038219 0.09964979 0.1774896 0.04340482 0.05328268 0.03990634 0.08244869 0.04138904 0.08126569 0.3345286 0.2337534 0.1740349 0.1192711 0.1010201 0.3896969 0.2953258 0.09470157 0.5580825 0.6900427 0.8156302 0.3357798 0.4192379 0.1805859 0.1798263 0.1768423 0.3251153 0.2891399 0.2642668 0.5737252 0.4819379 0.03019926 0.120112 0.01800309 0.174625 0.238138 0.2313874 0.200958 0.3090657 0.1455815 0.2704274 0.2747666 0.1594397 0.1004797 0.1168753 0.1405786 0.278363 0.2973084 0.7030377 0.5760252 0.6784413
0.128549 0.07146874 0.1042973 0.258086 0.2903479 0.04001919 0.1200705 0.1197062 0.02041354 0.03934469 0.05913971 0.02204913 0.05912761 0.03672401 0.0825735 0.0768085 0.05978987 0.1369558 0.04706265 0.04729917 0.07319849 0.08011125 0.1412845 0.04032039 0.05470975 0.1345714 0.03965357 0.08115286 0.3013087 0.3183359 0.08874193 0.1866047 0.496567 0.2749443 0.3638983 0.453198 0.05312335 0.3533045 0.4591866 0.4923658 0.7811031 0.8438212 0.2012346 0.1593858 0.1809424 0.1004367 0.1100693 0.4827095 0.2341755 0.09799725 0.04375483 0.009964978 0.03668287 0.09499931 0.1562765 0.03676187 0.2884913 0.1210813 0.1479209 0.237227 0.0549896 0.0718374 0.4793172 0.633158 0.4441959
0.166783 0.1380823 0.01992996 0.08893302 0.1395559 0.07123189 0.1901574 0.35884 0.1299576 0.3081816 0.02193673 0.05772543 0.03295277 0.1426344 0.07972491 0.02808334 0.1149038 0.0930895 0.0292525 0.117035 0.06600942 0.108269 0.1259098 0.09561498 0.1096352 0.1759524 0.0429388 0.07508527 0.1395498 0.1502696 0.0812941 0.2272391 0.2572888 0.220889 0.2938051 0.1311583 0.3031967 0.758252 0.8114125 0.8729147 0.5898578 0.58233 0.4879995 0.7239918 0.499941 0.2684033 0.06436251 0.3611854 0.4398232 0.3823535 0.1303135 0.08891605 0.07132223 0.1519996 0.06796008 0.1588327 0.2034772 0.522311 0.1659399 0.08250999 0.09978249 0.2455407 0.377399 0.149909 0.3112856
0.3628737 0.1242802 0.004452853 0 0.01870548 0.07148112 0.229692 0.2883157 0.3010615 0.3666328 0.2400611 0.1300697 0.2113564 0.1720768 0.147823 0.1125517 0.09076776 0.07468404 0.1403953 0.1178055 0.05475918 0.1140006 0.08956741 0.1255685 0.1696162 0.05389056 0.1479854 0.0549873 0.1069129 0.2261935 0.2509217 0.2249829 0.2451017 0.3654445 0.2741579 0.2786533 0.6615348 0.8566616 0.5094676 0.5548337 0.2056132 0.7032331 0.2611678 0.1869368 0.2171783 0.2010144 0.3078061 0.4920578 0.3207029 0.3286899 0.09123448 0.1338659 0.1194719 0.2558471 0.2496319 0.1203197 0.1136311 0.5342932 0.1337706 0.09278061 0.2460198 0.1491988 0.2285564 0.288568 0.2353288
0.1394781 0.03606425 0 0.009759695 0.03010022 0.04134313 0.2670898 0.0297277 0.1148729 0.382874 0.1632932 0.09737581 0.148761 0.1404771 0.1738551 0.1401258 0.1769066 0.1614759 0.1366382 0.150897 0.05358105 0.09851161 0.2185014 0.2726102 0.3360852 0.06689162 0.1610406 0.1847176 0.2102002 0.3320584 0.3160091 0.2514648 0.2809666 0.2110745 0.2672226 0.4514357 0.323624 0.3211569 0.1751823 0.1752658 0.2699047 0.2843726 0.2321019 0.3820634 0.2265277 0.4918323 0.3210069 0.2291191 0.3416166 0.2700453 0.1773385 0.1783878 0.1937836 0.1963144 0.1237352 0.1644481 0.2582556 0.3476126 0.4001046 0.3323137 0.1560171 0 0.153744 0.2832527 0.3254621
0.01690647 0.03278268 0.00174346 0.01992996 0.04133808 0.1191314 0.1809146 0.2285514 0.1400887 0.2239477 0.3442603 0.3234837 0.1956261 0.09864713 0.09856907 0.09351385 0.2310579 0.1467019 0.154359 0.1621157 0.1652781 0.1195742 0.2139606 0.2134597 0.1577759 0.1234869 0.1493703 0.2504783 0.1527354 0.370599 0.1718704 0.4030737 0.5053573 0.5604912 0.3567958 0.2789378 0.2526497 0.5234579 0.4496631 0.2915237 0.1980613 0.4126413 0.3991497 0.3606053 0.2048129 0.1675896 0.1223635 0.1265799 0.2007759 0.2259421 0.1570928 0.07789862 0.2874043 0.2096346 0.2431345 0.3095632 0.29119 0.3398789 0.2979235 0.06056626 0.08562332 0.341051 0.5283757 0.4102501 0.2423296
0.1691728 0.1313642 0.05397081 0.05002512 0.04890624 0.05119767 0.171194 0.2276169 0.09657531 0.1890641 0.155247 0.2304088 0.1262992 0.1058851 0.1015882 0.2035386 0.1682502 0.1444906 0.3190901 0.1851555 0.19241 0.1886004 0.2945348 0.2833541 0.09909912 0.221055 0.2120126 0.1658051 0.1292716 0.2503144 0.2308991 0.7314182 0.5016559 0.1642686 0.3655812 0.3665119 0.3545422 0.3341117 0.2833804 0.4953518 0.1817029 0.2240614 0.2072663 0.128294 0.03997448 0.01448292 0.04026368 0.2752689 0.2054651 0.06523348 0.08782107 0.01126858 0.1177388 0.1127559 0.3685598 0.3474784 0.3252763 0.2118198 0.3083798 0.4827999 0.5684791 0.6345459 0.5255789 0.06094012 0.04433845
0.02659286 0.1404554 0.2756826 0.1245711 0.07189678 0.1257605 0.08937267 0.07143226 0.1202051 0.159392 0.1099191 0.2198405 0.251032 0.1334275 0.1260245 0.2961849 0.1961821 0.1655352 0.1967456 0.1838177 0.1227535 0.09011926 0.1447519 0.221862 0.2553013 0.2089203 0.5266653 0.2613161 0.09581238 0.2437237 0.2705734 0.2024638 0.2169069 0.3362114 0.4296752 0.3700249 0.2262038 0.1387623 0.05095667 0.3479093 0.4237275 0.367001 0.220302 0.1482651 0.087176 0.1367759 0.4847727 0.2622837 0.3998756 0.1286074 0.1402743 0.07978699 0.1176839 0.2352805 0.3192881 0.2823587 0.1160615 0.3140335 0.5160226 0.5737959 0.3708595 0.3694902 0.1513529 0.05412688 0.04446645
