EnvRasters/BAU_Low/grass.asc
ncols         270
nrows         223
xllcorner     24099.479091542
yllcorner     21023.840179216
cellsize      1003.8986847201
NODATA_value  -9999
[rows 0 to 29 of 223, columns 136 to 203 of 270]
-9999 -9999 -9999 -9999 -9999 -9999 -9999 -9999 -9999 -9999 -9999 -9999 -9999 -9999 -9999 -9999 -9999 0 -9999 -9999 -9999 -9999 -9999 -9999 -9999 -9999 -9999 -9999 -9999 -9999 -9999 -9999 -9999 -9999 -9999 -9999 -9999 -9999 -9999 -9999 -9999 -9999 -9999 -9999 -9999 -9999 -9999 -9999 -9999 -9999 -9999 -9999 -9999 -9999 -9999 -9999 -9999 -9999 -9999 -9999 -9999 -9999 -9999 -9999 -9999 -9999 -9999 -9999
-9999 -9999 -9999 -9999 -9999 -9999 -9999 -9999 -9999 -9999 -9999 -9999 -9999 -9999 -9999 0 0.01582 0.062877 0.06656298 0.06322346 0.005109577 -9999 -9999 -9999 -9999 -9999 -9999 -9999 -9999 -9999 -9999 -9999 -9999 -9999 -9999 -9999 -9999 -9999 -9999 -9999 -9999 -9999 -9999 -9999 -9999 -9999 -9999 -9999 -9999 -9999 -9999 -9999 -9999 -9999 -9999 -9999 -9999 -9999 -9999 -9999 -9999 -9999 -9999 -9999 -9999 -9999 -9999 -9999
-9999 -9999 -9999 -9999 -9999 -9999 -9999 -9999 -9999 -9999 -9999 -9999 -9999 -9999 0 0.0019 0.03027096 0.1545666 0.1519729 0.1456744 0.0806661 -9999 -9999 -9999 -9999 -9999 -9999 -9999 -9999 -9999 -9999 -9999 -9999 -9999 -9999 0.000985 0 -9999 -9999 -9999 -9999 -9999 -9999 -9999 -9999 -9999 -9999 -9999 -9999 -9999 -9999 -9999 -9999 -9999 -9999 -9999 -9999 -9999 -9999 -9999 -9999 -9999 -9999 -9999 -9999 -9999 -9999 -9999
0.02567196 0.002008 -9999 -9999 -9999 -9999 -9999 -9999 -9999 -9999 -9999 -9999 -9999 -9999 0.01484366 0.07458747 0.03674998 0.1123553 0.05101833 0.04549102 0.04961196 0.038437 0.042432 -9999 -9999 -9999 -9999 -9999 -9999 -9999 -9999 -9999 -9999 -9999 0.000419 0.1126682 0.002738 -9999 -9999 -9999 -9999 -9999 -9999 -9999 -9999 -9999 -9999 -9999 -9999 -9999 -9999 -9999 -9999 -9999 -9999 -9999 -9999 -9999 -9999 -9999 -9999 -9999 -9999 -9999 -9999 -9999 -9999 -9999
0.065498 0.033534 -9999 -9999 -9999 -9999 -9999 -9999 -9999 -9999 -9999 -9999 -9999 0.03600798 0.1183423 0.02779898 0.2039692 0.042576 0.0620551 0.0105014 0.03554596 0.07435955 0.05387741 -9999 -9999 -9999 -9999 -9999 -9999 -9999 -9999 -9999 -9999 0.0018 0.029729 0.1773838 0.03020596 0.00075 0.000152 -9999 -9999 -9999 -9999 -9999 -9999 -9999 -9999 -9999 -9999 -9999 -9999 -9999 -9999 -9999 -9999 -9999 -9999 -9999 -9999 -9999 -9999 -9999 -9999 -9999 -9999 -9999 -9999 -9999
0.02062598 0.035686 -9999 -9999 -9999 -9999 -9999 -9999 -9999 -9999 -9999 -9999 0.05380283 0.06155306 0.02445002 0.1727425 0.2336803 0.08325398 0.12851 0.06360991 0.03247494 0.07124498 0.03342175 -9999 -9999 -9999 -9999 -9999 -9999 -9999 -9999 -9999 -9999 0.01398 0.008321 0.08930736 0.04004198 0.016902 0.07062335 0.01181452 -9999 -9999 -9999 -9999 -9999 -9999 -9999 -9999 -9999 -9999 -9999 -9999 -9999 -9999 -9999 -9999 -9999 -9999 -9999 -9999 -9999 -9999 -9999 -9999 -9999 -9999 -9999 -9999
0.06603998 0.003063 -9999 -9999 -9999 -9999 -9999 -9999 -9999 -9999 -9999 0.011281 0.02725392 0.007729484 0.03836807 0.0916459 0.2076336 0.1681691 0.04582395 0.06641296 0.035855 0.157466 0.03199522 -9999 -9999 -9999 -9999 -9999 0 0.012798 -9999 -9999 -9999 0.003274 0.09054 0.04812045 0.0404126 0.03201825 0.002766687 8.2e-005 -9999 -9999 -9999 -9999 -9999 -9999 -9999 -9999 -9999 -9999 -9999 -9999 -9999 -9999 -9999 -9999 -9999 -9999 -9999 -9999 -9999 -9999 -9999 -9999 -9999 -9999 -9999 -9999
0.077526 -9999 -9999 -9999 -9999 -9999 -9999 -9999 -9999 -9999 0.09487285 0.11586 0.023186 0.2026583 0.06847143 0.08308697 0.08524296 0.02072472 0.05073893 0.06369895 0.029584 0.019995 -9999 -9999 -9999 -9999 -9999 0.000322 0.01992996 0.02231498 -9999 -9999 -9999 0.01227398 0.026887 0.05131063 0.02823668 0.1699018 0.002466 0.008416378 0 -9999 -9999 -9999 -9999 -9999 -9999 -9999 -9999 -9999 -9999 -9999 -9999 -9999 -9999 -9999 -9999 -9999 -9999 -9999 -9999 -9999 -9999 -9999 -9999 -9999 -9999 -9999
0.108122 -9999 -9999 0 -9999 -9999 -9999 -9999 -9999 -9999 0.086046 0.043715 0.08145926 0.07375293 0.127598 0.1178444 0.1739555 0.06184921 0.087694 0.07899792 0.09714598 0.056984 -9999 -9999 -9999 -9999 -9999 0.004905 0.04967876 0.007240158 -9999 0 9.6e-005 0.01902 0.026265 0.07633191 0.130168 0.07855098 0.1062678 0.001908601 0 -9999 -9999 -9999 -9999 -9999 -9999 -9999 -9999 -9999 -9999 -9999 -9999 -9999 -9999 -9999 -9999 -9999 -9999 -9999 -9999 -9999 -9999 -9999 -9999 -9999 -9999 -9999
0.2652203 0.07880359 0.006 0.05859 6.1e-005 0.039514 0.033 0.002869 2.6e-005 0.016188 0.036481 0.027829 0.2173537 0.08551852 0.06523794 0.115009 0.14986 0.010668 0.014277 0.06041998 0.1241699 0.007071 -9999 -9999 -9999 -9999 -9999 -9999 0.005465 0.007796 0 0.086994 0.05647806 0.1557267 0.08551893 0.043284 0.01525598 0.06033312 0.03197635 0.01197243 0.009732326 -9999 -9999 -9999 -9999 -9999 -9999 -9999 -9999 -9999 -9999 -9999 -9999 -9999 -9999 -9999 -9999 -9999 -9999 -9999 -9999 -9999 -9999 -9999 -9999 -9999 -9999 -9999
0.4642459 0.197543 0.04048377 0.005024215 0.025325 0.23773 0.126672 0.116843 0.160392 0.12214 0.047448 0.029883 0.1409687 0.2507844 0.2079646 0.03497437 0.043683 0.01642598 -9999 -9999 -9999 0.07322236 0.03716599 -9999 0.009964978 0.013087 0 -9999 -9999 0 0.053793 0.114644 0.03892292 0.06761428 0.129533 0.110143 0.14526 0.1010185 0.028757 0.002109 -9999 -9999 -9999 -9999 -9999 -9999 -9999 -9999 -9999 -9999 -9999 -9999 -9999 -9999 -9999 -9999 -9999 -9999 -9999 -9999 -9999 -9999 -9999 -9999 -9999 -9999 -9999 -9999
0.024265 0.036799 0.015644 0.044344 0.101836 0.08109698 0.08406098 0.143947 0.073926 0.088743 0.072798 0.0833228 0.1465059 0.115242 0.156284 0.07577498 0.046362 0.06823396 0.132771 0.038659 1e-005 0.5473501 0.2250144 0.04043477 0.1391991 0.045873 0.06800034 0 -9999 0.032627 0.05571404 0.03474479 0.033567 0.04907398 0.02056039 0.023843 0.03283184 0.07556096 0.1157803 0.021319 -9999 -9999 -9999 -9999 -9999 -9999 -9999 -9999 -9999 -9999 -9999 -9999 -9999 -9999 -9999 -9999 -9999 -9999 -9999 -9999 -9999 -9999 -9999 -9999 -9999 -9999 -9999 -9999
0.064716 0.07067298 0.108779 0.067554 0.202811 0.096154 0.2138 0.181596 0.012986 0.206968 0.1182449 0.2091571 0.242084 0.023505 0.175919 0.09401096 0.00986 0.077489 0.2020192 0.04815411 0.06748721 0.1106102 0.08643265 0.1125719 0.02264392 0.114879 0.1416146 0.05885394 0.04153417 0.057303 0.1118011 0.3565343 0.07319931 0.037207 0.1267252 0.07224351 0.02312914 0.019531 0.04188263 -9999 -9999 -9999 -9999 -9999 -9999 -9999 -9999 -9999 -9999 -9999 -9999 -9999 -9999 -9999 -9999 -9999 -9999 -9999 -9999 -9999 -9999 -9999 -9999 -9999 -9999 -9999 -9999 -9999
0.082923 0.128481 0.066435 0.022571 0.106821 0.0168 0.1494668 0.112629 0.128655 0.190962 0.3371859 0.292959 0.108907 0.079206 0.13164 0.07071096 0.030709 0.05977292 0.1118972 0.2729796 0.120591 0.020991 0.091222 0.2396529 0.1112706 0.06297439 0.3768256 0.003433776 0.04391393 0.2428681 0.4319018 0.3578993 0.1547634 0.04161463 0.03263728 0.05202536 0.029544 0.03641883 0.02471209 -9999 -9999 -9999 -9999 -9999 -9999 -9999 -9999 -9999 -9999 -9999 -9999 -9999 -9999 -9999 -9999 -9999 -9999 -9999 -9999 -9999 -9999 -9999 -9999 -9999 -9999 -9999 -9999 -9999
0.04569998 0.05328098 0.07258 0.09898798 0.103474 0.09738598 0.07566909 0.3025363 0.184861 0.309409 0.281471 0.374124 0.11861 0.107232 0.2341879 0.092548 0.09062498 0.04672074 0.1410513 0.1611742 0.112986 0.2684599 0.07038252 0.1879853 0.07430825 0.06081957 0.04590498 0.1823007 0.05680141 0.07884645 0.4281277 0.134366 0.06408162 0.07537232 0.08309798 0.07580195 0.077846 0.05106606 0.2309861 0.020281 -9999 -9999 -9999 -9999 -9999 -9999 -9999 -9999 -9999 -9999 -9999 -9999 -9999 -9999 -9999 -9999 -9999 -9999 -9999 -9999 -9999 -9999 -9999 -9999 -9999 -9999 -9999 -9999
0.03490733 0.1216468 0.08063398 0.037157 0.02938825 0.01022798 0.02161648 0.5199093 0.249074 0.080954 0.158278 0.16407 0.151464 0.192509 0.106278 0.1211167 0.093922 0.1953932 0.1630885 0.101711 0.007965 0.1419333 0.1840984 0.07956957 0.05666095 0.058419 0.043671 0.2454098 0.2674386 0.347365 0.2564334 0.05336725 0.003944685 0.0196 0.08359398 0.08972498 0.0014 0.11595 0.06786647 0.07325515 0.01023098 -9999 -9999 -9999 -9999 -9999 -9999 -9999 -9999 -9999 -9999 -9999 -9999 -9999 -9999 -9999 -9999 -9999 -9999 -9999 -9999 -9999 -9999 -9999 -9999 -9999 -9999 -9999
0.1319138 0.1197366 0.057627 0.2306349 0.03370564 0.0169 0.4567759 0.317695 0.117346 0.187289 0.16229 0.180391 0.116915 0.187509 0.08173 0.02029328 0.070825 0.130683 0.11577 0.087424 0.06488889 0.1091726 0.001701497 0.178333 0.07665393 0.054688 0.07393098 0.373512 0.5821892 0.4064388 0.09934992 0.1060031 0.02908098 0.1370867 0.1260412 0.1155992 0.04904896 0.016968 0.024486 0.04002398 0 0 -9999 -9999 -9999 -9999 -9999 -9999 -9999 -9999 -9999 -9999 -9999 -9999 -9999 -9999 -9999 -9999 -9999 -9999 -9999 -9999 -9999 -9999 -9999 -9999 -9999 -9999
0.017525 0.028756 0.187176 0.042722 0 0.07749431 0.2240306 0.2195727 0.07183897 0.200283 0.197557 0.2383249 0.099822 0.223844 0.323327 0.214183 0.1122809 0.09138402 0.185833 0.08843496 0.07241298 0.1535769 0.06051809 0.035274 0.080484 0.1556243 0.087522 0.128377 0.301971 0.2343691 0.07682677 0.1444377 0.06940896 0.09151019 0.2054617 0.2656832 0.054283 0.04158293 0.01807698 0.01316498 0.03847196 0.0221 0.001972 -9999 -9999 -9999 -9999 -9999 -9999 -9999 -9999 -9999 -9999 -9999 -9999 -9999 -9999 -9999 -9999 -9999 -9999 -9999 -9999 -9999 -9999 -9999 -9999 -9999
0.05767996 0.084781 0.028157 0 0.103354 0.170789 0.2719499 0.1427991 0.001052 0.047635 0.078897 0.03121798 0.03666086 0.09097107 0.1124072 0.1774069 0.002816 0.052937 0.1897292 0.06400798 0.05518791 0.05340145 0.2289795 0.114677 0.04369079 0.1137047 0.07221598 0.127049 0.012921 0.02794896 0.265467 0.05213613 0.1915716 0.07703098 0.129368 0.2574731 0.002559 0.02069696 0.1382024 0.04944145 0.127328 0.0448894 0.006464579 -9999 -9999 -9999 -9999 -9999 -9999 -9999 -9999 -9999 -9999 -9999 -9999 -9999 -9999 -9999 -9999 -9999 -9999 -9999 -9999 -9999 -9999 -9999 -9999 -9999
0.017145 0.083469 0.003067 0.09530394 0.3330016 0.1665654 0.09650192 0.1832071 0.079145 0.07574776 0.042769 0.09239157 0.0828113 0.04733344 0.0763946 0.16033 0.01860098 0.200725 0.1534053 0.2067713 0.0803122 0.2769655 0.2276235 0.098507 0.04493991 0.000731 0.03345998 0.07541735 0.04590396 0.08512898 0.221543 0.01408336 0.2494819 0.3838295 0.7686864 0.5249758 0.1799651 0.009254067 0.121934 0.101987 0.06092191 0.1193891 0.04719061 -9999 -9999 -9999 -9999 -9999 -9999 -9999 -9999 -9999 -9999 -9999 -9999 -9999 -9999 -9999 -9999 -9999 -9999 -9999 -9999 -9999 -9999 -9999 -9999 -9999
0.04962996 0.01851998 0.05701098 0.00522 0.108248 0.058016 0.052807 0.182369 0.163481 0.1342311 0.147903 0.153472 0.158406 0.1116709 0.1297895 0.047934 0.2660027 0.2076102 0.05836869 0.5071828 0.251883 0.09065808 0.181676 0.024242 0.04634726 0.07148602 0.03968797 0.1473644 0.000258 0.000381 0.000272 0.03391737 0.06253093 0.2779746 0.3267567 0.2383958 0.06009091 0.02190391 0.0813129 0.04076803 0.1370985 0.4101161 0.04117429 -9999 -9999 -9999 -9999 -9999 -9999 -9999 -9999 -9999 -9999 -9999 -9999 -9999 -9999 -9999 -9999 -9999 -9999 -9999 -9999 -9999 -9999 -9999 -9999 -9999
0 0.02278998 0.004478 0.062426 0.009964978 0.08186478 0.2196635 0.170252 0.1032 0.079329 0.202278 0.113773 0.206082 0.013795 0.09649898 0.201089 0.146364 0.046204 0.4661995 0.9436834 0.1595255 0.02545671 0.037525 0.041397 0.002012 0.02007855 0.1181929 0.07819893 0 0.004448 0 0.0220173 0.001106 0.06934128 0.1141762 0.07055323 0.07116319 0.04849352 0.005228 0.012537 0.04477798 0.1844293 0.07288185 0 -9999 0.00458 0 0.02989493 0.006484275 -9999 -9999 -9999 -9999 -9999 -9999 -9999 -9999 -9999 -9999 -9999 -9999 -9999 -9999 -9999 -9999 -9999 -9999 -9999
0.1534955 0.04046398 0.02960796 0.01024698 0.003016 0.04656498 0.1097186 0.08370697 0.09903295 0.085161 0.116025 0.173772 0.02973996 0.09368796 0.09835693 0.120861 0.1655709 0.239904 0.1125 0.3751946 0.1021189 0.101511 0.04674998 0.000604 0 0.00045 0.04738322 0.05482061 4e-005 0.009980978 0.035394 0.2007405 0.04333296 0.040344 0.02016508 0.03515196 0.06002489 0.04933128 0.006242 0.04263298 0.04405298 0.137212 0.1270949 0.03392 0.026216 0.03107898 0.05782977 0.003742103 0.01344568 0 0.02206349 -9999 -9999 -9999 -9999 -9999 -9999 -9999 -9999 -9999 -9999 -9999 -9999 -9999 -9999 -9999 -9999 -9999
0.02821796 0.1371509 0.061451 0 0 0.005971 0.2887963 0.036192 0.07330985 0.114638 0.051803 0.03790198 0.02176398 0.063477 0.03514498 0.001304 0.2066994 0.2887945 0.216142 0.1732571 0.086385 0.1142808 0.02328235 0.011854 0.029769 0.1028446 0.114555 0.04890016 0.01746892 0.001880775 0.09599796 0.2184651 0.082327 0.09585198 0.02125884 0.09954683 0.011562 0.05497763 0.055156 0.04776098 0.1164269 0.02856372 0.03079989 0.1530255 0.1042281 0 0.01166198 0.000818 0 0.09545992 0.0277614 -9999 -9999 -9999 -9999 -9999 -9999 -9999 -9999 -9999 -9999 -9999 -9999 -9999 -9999 -9999 0.00845 0.185464
0.02989493 0.04884371 0 0 0.02873 0.001203 0.1725146 0 0.08968481 0.054719 0.003825 0.041674 0.1172355 0.018767 0.05014893 0.099557 0.11324 0.09980598 0.04486971 0.1737394 0.1462347 0.03616791 0.03479792 0.029781 0.1633405 0.2434623 0.2155488 0.1308399 0.05876958 0.06130416 0.1778141 0.184553 0.1012804 0.070054 0.03319794 0.08740676 0.06789243 0.01744398 0.012398 0.05384501 0.04469731 0.1086059 0.112092 0.2958767 0.1976211 0.05675959 0.01013098 0.001678 0.009964978 0.007708385 -9999 -9999 -9999 -9999 -9999 -9999 -9999 -9999 -9999 -9999 -9999 -9999 -9999 -9999 -9999 0 0.04558196 0.2279035
0.07124072 0.1321483 0.1560749 0.059393 0.03341591 0.06593002 0.08559326 0.04442996 0.093669 0.483906 0.103235 0.2952618 0.2898835 0.08349391 0.06863323 0.2821475 0.008761 0.1973099 0.2242532 0.1504731 0.2800651 0.103424 0.02681943 0.1561678 0.1702968 0.1700735 0.06364917 0.01473871 0.06020812 0.09420831 0.104377 0.051341 0.02337 0.2546749 0.036421 0.021624 0.08467644 0.03003498 0.03808 0.06885693 0.07527396 0.1069717 0.05314125 0.182622 0.2970206 0.1030945 0.03507498 0.055036 0.07582272 0.000912 -9999 -9999 -9999 -9999 -9999 -9999 -9999 -9999 -9999 -9999 -9999 -9999 -9999 0 0.01061609 0.000802 0.073746 0.1143381
0.016767 0.169416 0.1688459 0.1032848 0.132806 0.1643645 0 0.001368 0.08390496 0.031095 0.1725691 0.197713 0.04657396 0.01237098 0.09717294 0.06855174 0.1222273 0.6269026 0.06296299 0.03345393 0.1285178 0.05770943 0.0546705 0.184085 0.07692093 0.07178542 0.1206539 0.09225038 0.1936114 0.2503643 0.03991465 0.034022 0.049449 0.3741704 0.028554 0.01857098 0.007404 0.037711 0.05326998 0.04218098 0.052015 0.04209498 0.04542055 0.08536134 0.0176621 0.0586077 0.0564791 0.05225998 0.05278289 0.000796 -9999 -9999 -9999 -9999 -9999 -9999 -9999 0.07232094 0.0002 0.000523 0 -9999 0.0006903547 0.272701 0.05027085 0.019108 0.013713 0.210551
0 0.014025 0.085657 0.133858 0.3402058 0.158182 0.09565579 0.02839593 0.007173693 0.005197286 0.011588 0.1217661 0.04683045 0.078836 0.4057277 0.2220767 0.9604188 0.3409704 0.028495 0.07916765 0.4271832 0.1138517 0.2287589 0.2352109 0.03638796 0.05764696 0.04309698 0.1176389 0.2658024 0.2798975 0.07318626 0.08159198 0.195389 0.07874589 0.04500194 0.02854385 0.05012889 0.03347416 0.05710577 0.027795 0.190721 0.01793598 0.024136 0.06863255 0.1028771 0.1502408 0.04567245 0.0545718 0.04866956 0 0 0.07089198 0.069399 0.04719143 0.0001132483 0.01398096 0.1258992 0.1640066 0.2615929 0.1795519 0.06637591 0.5353526 0.8918006 0.3672085 0.1407699 0.05926658 0.0922069 0.3435424
0.009964978 0.02636096 0 0.02692743 0.03014703 0.0451917 0.03849022 0.03741979 0.02545817 0.1855479 0.1967919 0.1814902 0.04137198 0.024753 0.01076248 0.013798 0.195392 0.1727466 0.05269309 0.09956737 0.2393555 0.0735188 0.2287876 0.07456698 0.04480428 0.1183426 0.02427096 0.05305859 0.2287146 0.1590061 0.02361198 0.05709093 0.03361898 0.046559 0.05824 0.05413204 0.02521891 0.07453401 0.08355587 0.09873298 0.08406598 0.1011103 0.1024525 0.022526 0.07191602 0.006237 0 0.0056265 0.022615 0.01303763 0.09929568 0.01413716 0.2664338 0.3294142 0.2302631 0.0109606 0.1115241 0.1631826 0.04222794 0.032358 0.02456587 0.3414815 0.6928157 0.06272198 0.08868892 0.09088893 0.100172 0.1007847
0.01272868 0.03659727 0.00693 0.01992996 0.0052 0.06297996 0.009964978 0.07658389 0.07080085 0.1465703 0.2245818 0.1667864 0.1835123 0.1381513 0.09821343 0.05192489 0.09443491 0.1607845 0.1372089 0.355866 0.0950748 0.05290096 0.04840998 0.026683 0.02235798 0.0834377 0.05902525 0.1338004 0.2022438 0.04509525 0.07944087 0.000402 0.02575998 0.041515 0.040501 0.06645493 0.01632034 0.1553906 0.07835534 0.11011 0.0446251 0.04320998 0.04185095 0.05998173 0.171386 0.02916395 0.02354206 0.008858032 0.05582227 0.02258953 0.09161975 0.03964856 0.3411078 0.1310261 0.09926526 0.1283239 0.1003909 0.1771136 0.03985991 0.03254284 0.07936793 0.03948518 0.1939224 0.06930998 0.03177998 0.26114 0.1207822 0.1742443
