EnvRasters/BAU_Low/grass.asc
ncols         270
nrows         223
xllcorner     24099.479091542
yllcorner     21023.840179216
cellsize      1003.8986847201
NODATA_value  -9999
[rows 30 to 59 of 223, columns 0 to 67 of 270]
-9999 -9999 -9999 -9999 -9999 -9999 -9999 -9999 -9999 -9999 -9999 -9999 -9999 -9999 -9999 -9999 -9999 -9999 -9999 -9999 -9999 -9999 0 0 0 0 0.01497398 0.067146 0.1567067 0.2686415 0.266281 0.108474 0.1935 0.2975306 0.5252937 0.106515 0.241905 0.1034195 0.3965455 0.248916 0.168199 0.303355 0.4392984 0.328252 0.09115056 0.05375674 0.2111389 0.167904 0.2550808 0.2834 0.3586 0.2432421 0.369418 0.132187 0.2533349 0.2928871 0.3811177 0.196238 0.3433565 0.1575715 0.1771068 0.2577 0.182049 0.23506 0.2093793 0.2508149 0.2925039 0.383327
-9999 -9999 -9999 -9999 -9999 -9999 -9999 -9999 -9999 -9999 -9999 -9999 -9999 -9999 -9999 -9999 -9999 -9999 -9999 -9999 -9999 0 0 0 0 0.009964978 0.00473 0.073872 0.05356519 0.0825194 0.03918373 0.112944 0.291978 0.2231 0.2569111 0.04668098 0.24307 0.279665 0.266201 0.541744 0.621529 0.5006329 0.6928679 0.2029417 0.06444494 0.00147 0 0.04160491 0.16604 0.184154 0.228685 0.182341 0.2899783 0.2105122 0.2337993 0.08926669 0.509032 0.267844 0.2156069 0.240654 0.2683886 0.1385074 0.178607 0.129038 0.2429316 0.3742303 0.203634 0.282526
-9999 -9999 -9999 -9999 -9999 -9999 -9999 -9999 -9999 -9999 -9999 -9999 -9999 -9999 -9999 -9999 -9999 -9999 -9999 0 0.0003 0.08391379 0.06988296 0.07976 0 0.009964978 0.06396794 0.07682398 0.0217236 0.1218293 0.1275657 0.2026502 0.7745857 0.2894355 0.1689011 0.06720398 0.269041 0.249456 0.259519 0.5796787 0.5996592 0.2674023 0.1717706 0.06992119 0.0011 0 0.000504 0.006673 0.018679 0.003817 0.2986885 0.1738928 0.1783559 0.2055786 0.03716836 0.2674132 0.332386 0.1888877 0.2408362 0.12334 0.06990698 0.07688458 0.3147245 0.206687 0.148153 0.2056169 0.2754609 0.196515
-9999 -9999 -9999 -9999 -9999 -9999 -9999 -9999 -9999 -9999 -9999 -9999 -9999 -9999 -9999 -9999 -9999 -9999 0.0071 0.02231356 0.07036821 0.2884133 0.3025143 0.1952805 0.1801291 0.2635428 0.3668116 0.5017197 0.3012383 0.791542 0.3418207 0.3819319 0.253633 0.4596235 0.405204 0.4587323 0.252502 0.5486222 0.3756098 0.1480019 0.1474773 0.06347898 0.100807 0.00045 0 0 0 0.000763 0.007104 0.1457331 0.1241984 0.1378261 0.112132 0.1438398 0.2113809 0.1361624 0.025558 0.1341242 0.2083418 0.153437 0.0432254 0.005493394 0.2355884 0.2167487 0.107054 0.3122729 0.3122608 0.3681402
-9999 -9999 -9999 -9999 -9999 -9999 -9999 -9999 -9999 -9999 -9999 -9999 -9999 -9999 -9999 -9999 0 0 0.080506 0.1852723 0.07100359 0.2746263 0.1275448 0.05053372 0.179988 0.190527 0.378995 0.2942296 0.1264046 0.3374383 0.2678869 0.208707 0.164444 0.49703 0.4324169 0.2974768 0.2885455 0.1307774 0.171151 0.05805698 0.1342892 0.09044836 0.01769498 0.009964978 0.000129 0.01992996 0.009964978 0.000304 0.2316807 0.2359565 0.1156307 0.2174701 0.1082529 0.3629157 0.2102323 0.3833083 0.322399 0.232279 0.30157 0.273281 0.3162555 0.1014214 0.08535756 0.2836872 0.2152379 0.2429965 0.1640563 0.126716
-9999 -9999 -9999 -9999 -9999 -9999 -9999 -9999 -9999 -9999 -9999 -9999 -9999 -9999 -9999 0 0.07897691 0.016015 0.213726 0.164706 0.147383 0.376736 0.3286367 0.2347042 0.1739719 0.1841165 0.4196526 0.3880177 0.2736159 0.117127 0.030704 0.1949109 0.273665 0.357979 0.2179348 0.1813001 0.037816 0.2109821 0.10282 0.02527033 0.01659 0.06962804 0.001359637 0.0015 0 0 0.013134 0.2418704 0.2989329 0.3613526 0.2439033 0.1926199 0.3344734 0.4682553 0.123653 0.280044 0.215779 0.171601 0.191722 0.505967 0.3081219 0.246585 0.2798195 0.2311716 0.2370026 0.2493063 0.1444689 0.06879693
-9999 -9999 -9999 -9999 -9999 -9999 -9999 -9999 -9999 -9999 -9999 -9999 -9999 0 0.009964978 0.02891798 0.2864143 0.231766 0.147309 0.254849 0.232979 0.090429 0.43301 0.251567 0.1930746 0.2587047 0.1627664 0.2658117 0.2365661 0.1512231 0.200864 0.1821249 0.1944673 0.1760295 0.254203 0.121506 0.09617396 0.1530582 0.1659819 0.1403185 0.1052139 0.2021345 0.09477415 0.075677 0.2532069 0.00557 0.015082 0.4535141 0.3868188 0.471652 0.400916 0.268331 0.3533275 0.3863893 0.2785075 0.3064983 0.2435181 0.1471015 0.1678537 0.2806471 0.3328599 0.1097443 0.2978294 0.3049543 0.1730247 0.492596 0.262911 0.1476099
-9999 -9999 -9999 -9999 -9999 -9999 -9999 -9999 -9999 -9999 -9999 0 0 0 0.1288992 0.109771 0.1909836 0.212662 0.2698229 0.193749 0.210459 0.183687 0.2659519 0.1608317 0.4271122 0.273793 0.2066436 0.1750865 0.192312 0.1253038 0.2691006 0.2303679 0.162133 0.33023 0.04959798 0.181823 0.149417 0.115739 0.1322545 0.231854 0.1374569 0.1409335 0.08460298 0.110149 0.2119408 0.5168295 0.1484415 0.2323904 0.3496889 0.244655 0.340573 0.3681709 0.138998 0.04349 0.431999 0.26653 0.306442 0.3038865 0.319258 0.2587222 0.3559947 0.2611499 0.362572 0.323341 0.3422493 0.344079 0.28494 0.2310601
-9999 -9999 -9999 -9999 -9999 -9999 -9999 -9999 -9999 0 0.012801 0.278971 0.08195733 0.04878363 0.2538457 0.151966 0.28754 0.267077 0.181605 0.4057019 0.146273 0.314093 0.35679 0.101642 0.237894 0.245117 0.07808298 0.01271688 0.079743 0.2291798 0.3863823 0.246616 0.2450388 0.188248 0.204934 0.302745 0.218692 0.213808 0.3234265 0.12973 0.1847498 0.116192 0.142394 0.033233 0.2934798 0.3462556 0.0456456 0.2443622 0.1624466 0.321537 0.221424 0.180763 0.253 0.188579 0.354056 0.182086 0.363003 0.3674349 0.433047 0.3482294 0.303627 0.152146 0.2555159 0.222441 0.142346 0.3040823 0.2786529 0.27387
-9999 -9999 -9999 -9999 -9999 -9999 -9999 -9999 0 0 0.06651898 0.131185 0.085331 0.2284013 0.406781 0.2216 0.07604396 0.383914 0.11052 0.130195 0.4147966 0.198424 0.047006 0.01981 0.06555844 0.0827685 0.006656 0.06112704 0.2395306 0.309194 0.5160369 0.267256 0.371395 0.3734074 0.2621777 0.250189 0.1866233 0.09132352 0.2492598 0.1768638 0.3769529 0.2543879 0.169727 0.096864 0.2105825 0.2051847 0.003891476 0.1421774 0.1334305 0.2906739 0.29784 0.3595542 0.2175507 0.286158 0.4507962 0.2634571 0.1810599 0.254264 0.2488334 0.290474 0.308911 0.3206238 0.5200379 0.295303 0.3674842 0.1669785 0.1200975 0.1786419
-9999 -9999 -9999 -9999 -9999 0 0 0 0.4219 0.1102606 0.2724229 0.007783 0 0.1765064 0.107675 0.135449 0.100753 0.328968 0.267172 0.1312122 0.2556332 0.122374 0.310089 0.255192 0.064575 0.03875098 0.125239 0.1768142 0.218639 0.353561 0.2315116 0.2469189 0.22388 0.353425 0.2070946 0.1637119 0.323002 0.1145068 0.3882474 0.2168227 0.199757 0.191382 0.1864086 0.2247645 0.2304054 0.4667809 0.00848162 0.206808 0.270274 0.4005 0.16984 0.1883027 0.1568046 0.1228949 0.1503837 0.2713048 0.3375315 0.2849767 0.1582196 0.06663298 0.298237 0.3136468 0.2455562 0.471146 0.4999385 0.2442529 0.2363913 0.2617469
-9999 -9999 -9999 -9999 0 0 0 0 0.07476498 0.2427212 0.4537044 0.2098489 0.06505082 0.1520149 0.023178 0.20546 0.145228 0.130425 0.097723 0.141045 0.193236 0.186858 0.202916 0.1661709 0.128041 0.002084 0.016818 0.13995 0.208756 0.191612 0.1156043 0.014538 0.114895 0.1770253 0.124187 0.16995 0.200073 0.278577 0.3156748 0.1420889 0.13921 0.0214884 0.2345171 0.3042629 0.1880539 0.189588 0.27265 0.4258089 0.332932 0.228036 0.3649009 0.3509384 0.069336 0.03894953 0.283813 0.1669 0.2550597 0.4641617 0.2524712 0.221281 0.191315 0.2356619 0.2952532 0.4649766 0.1606502 0.1973774 0.1991716 0.4203084
-9999 -9999 0 0 0.003533 0.009964978 0.08144217 0.06069568 0.054005 0.228552 0.138332 0.06137027 0.4163072 0.03714 0.044016 0.048055 0.09482498 0.06852396 0.279705 0.143194 0.081591 0.416522 0.330557 0.135785 0.2014401 0.08478782 0.217338 0.167513 0.316407 0.136788 0.2116169 0.122716 0.1476408 0.2968116 0.221522 0.185087 0.217618 0.184843 0.4155599 0.1464664 0.017928 0.2111087 0.1761402 0.3376314 0.08143421 0.2182408 0.3052811 0.2697479 0.3666939 0.230732 0.1822879 0.194892 0.02001998 0.082883 0.1487351 0.1252498 0.200533 0.2912129 0.30964 0.2607547 0.2751052 0.1122742 0.2263456 0.139838 0.1868259 0.4605797 0.4080891 0.2898199
0 0.0266 0.2369 0.0259 0.191448 0 0.08051343 0.08524987 0.021455 0.084589 0.07469298 0.1928141 0.205648 0.169232 0.250887 0.071239 0 0.1016 0.348763 0.320332 0.07193767 0.229051 0.2273839 0.102078 0.08910838 0.1359635 0.06096098 0.163769 0.2088821 0.1387412 0.08907998 0.174373 0.2399292 0.140354 0.371842 0.19766 0.1298135 0.178543 0.3618391 0.1384365 0.118859 0.2187703 0.187413 0.2319949 0.1969639 0.2225953 0.4293009 0.4617544 0.4134909 0.1094174 0.146585 0.179296 0.078562 0.220091 0.3029739 0.3976158 0.1933528 0.1965519 0.25047 0.1655049 0.40052 0.2766849 0.4603634 0.3572934 0.4916779 0.3540893 0.2203293 0.2288259
0.009964978 0.088 0.402765 0.02357591 0.1233681 0.122803 0.160326 0.1900035 0.07388377 0.15131 0.049731 0.082609 0.03963 0.03645098 0.187786 0.096409 0.0142 0.152965 0.0429 0.2997535 0.3044967 0.229462 0.07570908 0.253254 0.1388099 0.224087 0.126485 0.103145 0.08927565 0.1961895 0.173893 0.325175 0.138738 0.1673179 0.2066119 0.1434192 0.1724152 0.2369788 0.2356102 0.1465757 0.127672 0.2129963 0.317617 0.3999759 0.3651532 0.08024438 0.2607209 0.4874983 0.1795487 0.06863058 0.06064592 0.01529298 0.2212189 0.1579767 0.1911919 0.2056552 0.090254 0.156202 0.2161129 0.152943 0.017515 0.07201792 0.2266754 0.2947318 0.195325 0.3640515 0.431277 0.3202056
0.248765 0.1212 0.148688 0.103377 0.215488 0.144185 0.1370085 0.3290411 0.06315 0.107073 0.164375 0.08317096 0.102545 0.023175 0.188639 0.1693839 0.064149 0.18235 0.059848 0.2143567 0.4613604 0.311805 0.144026 0.34955 0.08864688 0.2262671 0.1209 0.04517698 0.09571119 0.2543097 0.06272542 0.2357435 0.215066 0.328676 0.230123 0.1995822 0.2206659 0.217207 0.2071299 0.27389 0.204991 0.1411244 0.223748 0.372666 0.173837 0.3266864 0.350696 0.256663 0.4081529 0.151549 0.06715485 0.2237206 0.120559 0.2523346 0.346065 0.2464367 0.01113198 0.296843 0.184958 0.2277599 0.149894 0.1042451 0.3163924 0.2974411 0.27719 0.2657972 0.2157261 0.247648
0.3372939 0.04809098 0.015963 0.065329 0.2370945 0.1294013 0.1252915 0.078877 0.1101884 0.123442 0.078899 0.127313 0.101559 0.1417832 0.052497 0.2730773 0.08683865 0.16015 0.327747 0.3076009 0.3578748 0.2581481 0.356395 0.323865 0.105084 0.077099 0.051133 0.17648 0.122108 0.3146534 0.404456 0.2789718 0.1909675 0.137776 0.1182501 0.08261978 0.1015057 0.172201 0.3445375 0.1958402 0.142126 0.1765057 0.3420943 0.2741613 0.2416656 0.264292 0.260935 0.315976 0.188277 0.225641 0.2107817 0.4382627 0.1883218 0.2022715 0.287403 0.075251 0.10653 0.04005 0.280016 0.2756042 0.2279229 0.094853 0.246457 0.188045 0.125426 0.08224477 0.2744459 0.446669
0.3012444 0.1807871 0.07953314 0.2215241 0.251867 0.2288139 0.009337608 0.1343454 0.07205851 0.054448 0.111398 0.11683 0.020781 0.2369737 0.079368 0.09848194 0.104965 0.3664152 0.3113088 0.280483 0.1373621 0.08893687 0.171524 0.101163 0.103455 0.09946862 0.1134034 0.204014 0.188671 0.2314656 0.3439274 0.1993846 0.027008 0.081517 0.1540786 0.145549 0.106014 0.04005159 0.2131552 0.1352346 0.3162608 0.3301046 0.2313478 0.226417 0.318506 0.149 0.223217 0.274105 0.286405 0.22744 0.03896096 0.1233609 0.4179223 0.8045523 0.4331871 0.113932 0.04564698 0.08316098 0.208066 0.1605458 0.096704 0.0739496 0.2464825 0.363785 0.137112 0.1807079 0.3123641 0.32084
0.3777369 0.215383 0.181473 0.07044155 0.1883642 0.3338481 0.025945 0.1456727 0.1359029 0.198065 0.1178699 0.05755596 0.038433 0.09035396 0.080015 0.124195 0.05311398 0.220965 0.042308 0.225375 0.188857 0.2743109 0.20514 0.152561 0.08686145 0.105628 0.2061839 0.136963 0.07245098 0.16424 0.1394513 0.2415593 0.05104396 0.046 0.2056253 0.03356398 0.090153 0.04935398 0.3294844 0.2477879 0.277672 0.241578 0.2289288 0.1970774 0.3118787 0.174945 0.131175 0.114025 0.3197169 0.1191929 0.126462 0.245475 0.1887819 0.3079775 0.2908053 0.316034 0.3424641 0.4098433 0.1017564 0.2510251 0.220793 0.1586088 0.039455 0.028801 0.223767 0.260207 0.2737879 0.03251
0.066318 0.012543 0.061122 0.043233 0.088333 0.1147159 0.2372519 0.2285064 0.2640994 0.24809 0.142753 0.1389989 0.1724809 0.107455 0.07042 0.3247449 0.3121579 0.231791 0.319278 0.204554 0.4752477 0.2456893 0.199557 0.2216425 0.191733 0.2969859 0.106307 0.2027057 0.2078762 0.10104 0.1061618 0.1579276 0.2048153 0.2248024 0.128906 0.2110294 0.1492556 0.02978098 0.2547669 0.3135277 0.2600692 0.256097 0.265497 0.143945 0.1440872 0.122077 0.133343 0.1436993 0.1770817 0.07492895 0.21787 0.290617 0.15147 0.213006 0.239209 0.284344 0.341902 0.4929625 0.3582884 0.3090968 0.270161 0.296854 0.1180647 0.08428296 0.3247679 0.24161 0.126985 0.282188
0.116677 0.08656 0.032173 0.02449996 0.119848 0.198574 0.124885 0.260204 0.1673061 0.072183 0.230839 0.272225 0.5464081 0.373527 0.062835 0.2427359 0.287162 0.1505 0.1404981 0.2209968 0.634865 0.741865 0.5166394 0.1345606 0.172656 0.133927 0.1240947 0.1137111 0.132464 0.146715 0.117662 0.093107 0.1270948 0.201673 0.106127 0.182938 0.2061619 0.05779896 0.1892556 0.2648282 0.224131 0.308249 0.236061 0.259609 0.279836 0.229041 0.118794 0.184382 0.2027058 0.170523 0.3231359 0.255188 0.354776 0.328576 0.184719 0.183204 0.1284001 0.3529365 0.278471 0.3970161 0.3262006 0.284402 0.2712028 0.3373615 0.31492 0.3425259 0.1901863 0.3752429
0.191388 0.057001 0.018663 0.042471 0.114169 0.172939 0.133892 0.1625158 0.1493669 0.200932 0.172085 0.35887 0.365697 0.505325 0.35015 0.137102 0.30032 0.2516699 0.2838487 0.200412 0.253585 0.6604844 0.782817 0.699944 0.4207482 0.1369777 0.108968 0.063257 0.1601368 0.179202 0.099728 0.118181 0.06917996 0.269497 0.242538 0.153923 0.164285 0.2466924 0.3506931 0.2632292 0.2913697 0.217655 0.448225 0.2363966 0.2648993 0.07758498 0.240483 0.293569 0.204099 0.289278 0.224043 0.162898 0.307987 0.439177 0.253511 0.2917649 0.2589864 0.140539 0.167059 0.229445 0.3837464 0.3179947 0.08703462 0.2890162 0.39952 0.438752 0.3551033 0.3667954
0.158617 0.041055 0.137995 0.109353 0.17823 0.177507 0.05266798 0.09614912 0.382259 0.04243192 0.280595 0.187381 0.321807 0.727105 0.69237 0.5650546 0.4999453 0.398673 0.323746 0.1413599 0.024942 0.1758765 0.2638016 0.59012 0.653087 0.769748 0.3340129 0.1283025 0.1481276 0.079505 0.07276598 0.09970693 0.055281 0.112886 0.07845 0.117895 0.2508742 0.1722726 0.101491 0.058786 0.206043 0.21765 0.269376 0.249642 0.046558 0.205553 0.171498 0.103424 0.155901 0.298797 0.3359219 0.3857249 0.284305 0.184881 0.296896 0.375672 0.2807631 0.1535298 0.269443 0.1656 0.242939 0.3054702 0.246571 0.167705 0.263457 0.145135 0.2370154 0.2110348
0.058845 0.058481 0.161177 0.114136 0.115567 0.08670398 0.174519 0.2182679 0.186766 0.119537 0.22985 0.119955 0.375155 0.247296 0.654045 0.81696 0.651563 0.267562 0.2415851 0.231352 0.015214 0.077113 0.08055333 0.170444 0.044932 0.3906799 0.6037979 0.464186 0.496119 0.339043 0.2841117 0.1097262 0.04286167 0.2100598 0.130159 0.1716029 0.1443997 0.1704299 0.056766 0.012701 0.15363 0.213596 0.186315 0.150711 0.17155 0.137098 0.1212294 0.128873 0.238935 0.154299 0.233529 0.189987 0.3378839 0.411001 0.308551 0.388199 0.191303 0.318199 0.226451 0.177777 0.310434 0.3018167 0.320061 0.429921 0.443865 0.4014105 0.1836809 0.07528307
0.177196 0.186168 0.1255269 0.147039 0.1532152 0.1409867 0.189748 0.083385 0.134237 0.114465 0.025114 0.205925 0.185748 0.190947 0.075333 0.225896 0.4187259 0.293518 0.4767038 0.705155 0.180546 0.08402798 0.09005 0.116491 0.1578292 0.06209181 0.13334 0.149228 0.08803993 0.06104692 0.109971 0.153668 0.04908029 0.148851 0.095194 0.06317708 0.171524 0.234011 0.082872 0.105535 0.14628 0.207907 0.243106 0.2775836 0.3170378 0.2423657 0.1373952 0.08256735 0.121977 0.09997798 0.107768 0.204476 0.184404 0.134277 0.523336 0.474343 0.254211 0.191559 0.203465 0.247238 0.3642474 0.398221 0.2783195 0.2222204 0.2292348 0.257212 0.1433477 0.2400186
0.07397398 0.090182 0.1422947 0.058939 0.066482 0.140848 0.2892229 0.052098 0.055674 0.122152 0.1224119 0.3851677 0.031065 0.210808 0.135963 0.3160631 0.3091325 0.32907 0.7665268 0.4319998 0.159918 0.113548 0.1463846 0.1630882 0.1846 0.1403741 0.277839 0.22074 0.116954 0.139553 0.06518598 0.2286248 0.06290898 0.06429829 0.114298 0.020972 0.05161596 0.122373 0.1505999 0.119397 0.1054355 0.253456 0.22099 0.1076658 0.1280383 0.2557701 0.1450423 0.196169 0.176207 0.282708 0.280663 0.310659 0.22085 0.28324 0.317404 0.343997 0.25924 0.220527 0.378503 0.301658 0.2844265 0.358112 0.121621 0.040807 0.2005469 0.2479519 0.1295917 0.07551897
-9999 0.016484 0.1702832 0.07658898 0.07174798 0.247841 0.152699 0.107023 0.107989 0.034854 0.08385198 0.3422303 0.190775 0.266865 0.169414 0.3036453 0.453389 0.5551786 0.7857214 0.6636854 0.1881277 0.217322 0.03369002 0.08416194 0.116279 0.2655416 0.1195551 0.194646 0.107133 0.14253 0.1126364 0.1340881 0.085243 0.1560367 0.203055 0.0782 0.08418838 0.06844456 0.1279944 0.147306 0.1323423 0.1438968 0.236252 0.140118 0.2127884 0.1782954 0.1742629 0.101374 0.08156398 0.149116 0.167842 0.055644 0 0.002998 0.06713043 0.3064545 0.359483 0.29845 0.292174 0.200447 0.238772 0.2415415 0.2376884 0.2688059 0.1470811 0.208033 0.3032809 0.090959
-9999 -9999 0.032463 0.05193494 0.139091 0.115835 0.093891 0.205622 0.071922 0.061454 0.164165 0.17327 0.27043 0.226574 0.264362 0.4846944 0.752765 0.6012813 0.3171676 0.5158545 0.3726938 0.117708 0.142683 0.1240009 0.102934 0.1472761 0.03656886 0.060911 0.1926023 0.07389556 0.06165752 0.1100499 0.091786 0.09459 0.130978 0.1128 0.112155 0.070902 0.1162465 0.06955 0.09999398 0.1555231 0.1509918 0.1511549 0.2025929 0.1017432 0.08844606 0.1107699 0.06862397 0.140071 0.162013 0.16801 0.009424 0.192146 0.311945 0.345821 0.293832 0.3500654 0.147886 0.182057 0.219216 0.1413889 0.2607914 0.3865462 0.2146156 0.3600802 0.09918687 0.124417
-9999 -9999 0.05579092 0.1421753 0.1226267 0.08429198 0.222089 0.105048 0.06442398 0.083987 0.085243 0.163609 0.287167 0.213644 0.358992 0.4040514 0.8244 0.499232 0.152714 0.4751335 0.4205656 0.3014217 0.224641 0.028767 0.097125 0.00835 0.02544996 0.07406589 0.06073298 0.09496496 0.003214 0.09119891 0.127783 0.169051 0.07449695 0.001976 0.124973 0.1323164 0.06972456 0.111871 0.203037 0.06377498 0.0833241 0.02213498 0.100258 0.1483347 0.128602 0.062391 0.126944 0.169555 0.090674 0.297543 0.09446115 0.123999 0.402819 0.177615 0.2984259 0.4024335 0.253736 0.286508 0.1884938 0.4523321 0.1473428 0.178168 0.275129 0.151448 0 0.06096029
-9999 -9999 2.8e-005 0.072518 0.1104739 0.166851 0.106337 0.172996 0.09376393 0.158068 0.263248 0.173835 0.29317 0.3204339 0.590791 0.694885 0.6727 0.432962 0.27415 0.3749619 0.3121596 0.232587 0.2161885 0.1075315 0.1862883 0.1878065 0.03786998 0.04867798 0.04860426 0.1387578 0.08918512 0.07336998 0.037765 0.1190009 0.080803 0.1471668 0.209332 0.02781898 0.022964 0.021311 0.1206995 0.1193374 0.117407 0.100028 0.10376 0.073561 0.089055 0.069306 0.114005 0.3640779 0.048252 0.2012437 0.307493 0.378603 0.345035 0.300102 0.361702 0.314262 0.119909 0.220438 0.141384 0.247104 0.181243 0.126572 0.098201 0.06348491 0.001978 0.01069838
