EnvRasters/BAU_Low/grass.asc
ncols         270
nrows         223
xllcorner     24099.479091542
yllcorner     21023.840179216
cellsize      1003.8986847201
NODATA_value  -9999
[rows 120 to 149 of 223, columns 136 to 203 of 270]
0.005764 0.024272 0.088457 0.019785 0.233812 0.095713 0.073064 0.026335 0.10649 0.072269 0.334596 0.023632 0.103607 0.085802 0.027161 0.266532 0.079352 0.121177 0.217535 0.105744 0.128534 0.053472 0.014878 0.026821 0 0 0.133147 0.361955 0.215296 0.100253 0.349147 0.431688 0.444003 0.373073 0.137473 0.19378 0.153758 0.003566 0.020664 0.14905 0.37563 0.226845 0.04901 0.230875 0.2234 0.133364 0.123598 0.133129 0.198488 0.090094 0.0002 0.378044 0.425571 0.0565 0.128863 0.325159 0.092797 0.157368 0.107594 0.266982 0.622032 0.383669 0.391307 0.451673 0.287787 0.319793 0.063912 0.059224
8e-005 0.00866 0.046817 0.038755 0.124728 0.085428 0.22611 0.189285 0.112895 0.105995 0.08605 0.068819 0.001065 0.011697 0.038242 0.275668 0.211454 0.178217 0.060316 0.049771 0.06003 0.182056 0.162179 0.385158 0.086105 0.030791 0.117145 0.116604 0.293368 0.250246 0.16351 0.240926 0.251521 0 0.001636 0 0 0.174905 0.043019 0.1781 0.343645 0.200029 0.203146 0.182938 0.320132 0.18339 0.465083 0.15833 0.088871 0.200002 0.199482 0.283254 0.040916 0.0839 0.373222 0.370398 0.403109 0.181889 0.461063 0.305997 0.197045 0.302004 0.434448 0.20844 0.372328 0.376232 0.135456 0.21628
0.001988 0.017382 0.108474 0.033741 0.12678 0.054812 0.115685 0.173585 0.184121 0.309901 0.132899 0.228586 0.142256 0.202729 0.0417 0.176509 0.16462 0.109257 0 0 0.061823 0.3797 0.181029 0.31062 0.273212 0.060436 0.005963 0 0 0.161567 0.120876 0.088789 0.011102 0.07619 0.113192 0.022638 0.031864 0.087095 0.169017 0.202317 0.116978 0.069159 0.117784 0.180501 0.222683 0.279009 0.0668 0.073598 0.206821 0.410102 0.22732 0.278869 0.009726 0.037257 0.365347 0.219337 0.156232 0.466377 0.496524 0.26603 0.28699 0.490801 0.608115 0.575715 0.257697 0.2759 0.125 0.393283
0.005986 0.086362 0.098924 0.126386 0.153843 0.0363 0.282828 0.372184 0.429061 0.208102 0.22284 0.215507 0.018424 0.117715 0.15421 0.18181 0.241327 0.012862 0.010421 0.068861 0.10231 0.239391 0.12397 0.062239 0.053453 0.014278 0 0 0 0.126704 0.18536 0.003341 0.002697 0.044705 0.222311 0.17425 0.237858 0.275237 0.400771 0.167039 0.045904 0.164911 0.207249 0.400138 0.225507 0.310687 0.140552 0.291819 0.320116 0.04011 0.453896 0.217578 0.174666 0.164772 0.239324 0.603312 0.486916 0.34433 0.477778 0.422856 0.491288 0.20712 0.264793 0.38913 0.38154 0.1066 0.5435 0.505965
0.065006 0.060212 0.025421 0.118205 0.03756 0.045986 0.326901 0.242451 0.077254 0.081595 0.115905 0.141832 0.349012 0.35628 0.174947 0.039956 0.056207 0.06082 0.15306 0.364361 0.19469 0.224835 0.10152 0.060282 0 0.004293 0.040139 0.05588 0.198209 0.015048 0.029354 0.308809 0.211035 0.096402 0.462004 0.165094 0.22711 0.133932 0.280645 0.064045 0.353801 0.485143 0.155889 0.22299 0.264938 0.317974 0.193668 0.306993 0.112622 0.00806 0.325347 0.21073 0.187418 0.223186 0.315404 0.519045 0.383539 0.2638 0.2481 0.1108 0.0859 0.356621 0.528183 0.6971153 0.1059416 0.03281194 0.3670166 0.6196352
0.16237 0.279836 0.026256 0.115527 0.211796 0.145823 0.083439 0.098848 0.046089 0.055794 0.188417 0.16841 0.18403 0.311076 0.091663 0.187267 0.316002 0.241383 0.124389 0.230655 0.20084 0.123118 0.040919 0.004562 0.023619 0.03289 0.02437 0.269234 0.071907 0.029697 0.19573 0.270109 0.3478 0.109052 0.065792 0.326927 0.491937 0.128113 0.290156 0.160119 0.0648 0.205714 0.368227 0.363325 0.197105 0.04132 0.018057 0.064865 0.055366 0.11397 0.26301 0.390717 0.341566 0.476318 0.10992 0.0003 0.0176 0.253109 0.414486 0.55526 0.64753 0.544512 0.524828 0.1764 0.0112 0.1185 0.3302662 0.5377983
0.178088 0.000433 0.001441 0.005514 0.124842 0.107398 0.096466 0.024265 0.066662 0.243766 0.025752 0.017368 0.105927 0.316689 0.16408 0.103704 0.269689 0.301591 0.15109 0.169076 0.074587 0.158177 0.036076 0.001717 0.008161 0.010631 0.059794 0.088803 0.118817 0.093558 0.333051 0.016403 0.364501 0.361295 0.301037 0.048517 0.364368 0.163791 0.2941 0.363292 0.1649 0.1502 0.418742 0.533542 0.030122 0.179601 0.1323 0.210439 0.023923 0.010612 0.288791 0.458374 0.276371 0.583391 0.329381 0.0714 0.047 0.427872 0.239133 0.309612 0.430141 0.298901 0.2096 0.01210894 0.393601 0.361218 0.3433502 0.2732039
0.102821 0.116435 0.059785 0.006416 2e-006 0 0.115845 0.051563 0.055129 0.10778 0.179868 0.002308 0.213055 0.139907 0.127928 0.003152 0.001458 0.027459 0.325019 0.279404 0.113622 0.096447 0.101283 4e-006 0.051022 0.038647 0.227058 0.209257 0.155637 0.227998 0.340899 0.31558 0.413785 0.132754 0.162383 0.25373 0.377365 0.347727 0.522388 0.119911 0.114485 0.210992 0.416123 0.236825 0.285858 0.389221 0.087535 0.026266 0.005402 0.071643 0.345076 0.509728 0.176609 0.441725 0.412368 0.546458 0.393843 0.311766 0.301126 0.174334 0.444809 0.255852 0.3238823 0.4179776 0.3122186 0.3626 0.103788 0.246914
0.305783 0.150259 0.272699 0.080184 0.032722 0.109898 0.294433 0.066945 0.019948 0.028934 0.110752 0.024278 0.07564 0.042516 0.080995 0.128769 0.205382 0.204981 0.114765 0.2113931 0.2961598 0.0307 0.08071 0.033991 0.056738 0 0.052569 0.05969 0.03297 0.112822 0.199704 0.272965 0.340186 0.46171 0.080238 0.133829 0.292532 0.387595 0.255118 0.028025 0.150369 0.245376 0.41069 0.2676 0.51746 0.441679 0.329092 0.234302 0.160357 0.116352 0.273668 0.764924 0.110636 0.149223 0.007974 0.232478 0.263363 0.185318 0.227078 0.123332 0.342572 0.2949329 0.1158025 0.1422356 0.1123604 0.1935077 0.2232722 0.2177488
0.199569 0.113914 0.025668 0.040647 0.095727 0.269697 0.167301 0.118998 0.035286 0.042237 0.208478 0.090257 0.111917 0.217817 0.137969 0.15909 0.110061 0.153784 0.193978 0.247576 0.28133 0.034299 0.058864 0.064209 0.088947 0.161654 0.270634 0.020605 0.226185 0.083474 0.029084 0.245756 0.528512 0.335981 0.157975 0.353244 0.254394 0.138496 0.323209 0.187625 0.380836 0.318804 0.084048 0.204658 0.353144 0.225088 0.276266 0.293469 0.099582 0.252762 0.146622 0.239005 0.047816 0.053704 0.342809 0.122748 0.165994 0.09257 0.222346 0.502048 0.429199 0.648093 0.4716 0.3181359 0.578405 0.2641069 0.2358683 0.2350006
0.220613 0.169976 0.025963 0.141232 0.186174 0.200015 0.220239 0.129758 0.225314 0.085473 0.105638 0.121343 0.048137 0.008029 0.019282 0.005128 0.020838 0.136252 0.374995 0.309073 0.200993 0.069453 0.108312 0.121951 0.141866 0.0207 0.029868 0.096941 0.161138 0.228167 0.029072 0.033729 0.310442 0.172634 0.06117 0.159765 0.326729 0.319467 0.33911 0.454826 0.205094 0.335819 0.340377 0.21935 0.230249 0.246836 0.587388 0.47615 0.136609 0.053133 0.189289 0.169188 0.378332 0.226595 0.063276 0.018997 0.227746 0.295425 0.438648 0.517597 0.41889 0.405532 0.3582132 0.6448951 0.4938174 0.1802626 0.1280985 0.08592996
0.069599 0.239087 0.195541 0.017776 1.9e-005 0.171861 0.419373 0.019513 0.017445 0.137719 0.114958 0.002424 2e-006 0.002172 0.000352 0.007366 0.120658 0.085142 0.0149 0.091978 0.2377904 0.4533828 0.221936 0.161022 0.042035 0.005194 0.08187396 0.219572 0.284009 0.143313 0.020701 0.121994 0.320814 0.155653 0.0126 0.278869 0.173068 0.200611 0.294786 0.236303 0.281864 0.425763 0.399606 0.186408 0.25976 0.092312 0.388503 0.328885 0.2455 0.1101 0.025498 0.224518 0.123326 0.094022 0.237293 0.015778 0.443171 0.4307 0.2419 0.2539669 0.3878725 0.5012003 0.2852586 0.6685424 0.4535765 0 0 0.203565
0.049397 0.13354 0.186656 0.126901 0.074592 0.369431 0.291759 0.119946 0.048839 0.20356 0.136145 0.065745 0.105411 0.091385 0.006214 0.062812 0.151666 0.116854 0.000896 0.015043 0.08274253 0.06676167 0.151637 0.18341 0.25191 0.010475 0.057054 0.136124 0.226601 0.192763 0.309008 0.345307 0.452597 0.144999 0.1451 0.1518 0.172151 0.12329 0.300355 0.214057 0.145829 0.138675 0.117475 0.175826 0.168775 0.119045 0.106705 0.387018 0.3989 0.221265 0.0641 0.2033 0.161832 0.004 0.014331 0.313383 0.422398 0.220535 0.2189913 0.153871 0.3183123 0.65111 0.410789 0.437066 0.07741222 0 0 0.1216
0.087525 0.022705 0.232209 0.152319 0.08522098 0.056539 0.136397 0.15782 0.089544 0.115783 0.228846 0.136172 0.151214 0.162859 0.136262 0.194694 0.189956 0.108734 0.180836 0.162994 0.000198 0.157754 0.180846 0.332209 0.384982 0.129366 0.065296 0.104651 0.128363 0.074262 0.130469 0.035741 0.0496 0.1993 0.3743 0.068116 0.53896 0.188901 0.491905 0.100439 0.237127 0.239954 0.158136 0.143739 0.209651 0.108638 0.070245 0.056541 0.3258 0.0452 0.0005 0.316407 0.26607 0.378122 0.400779 0.586456 0.426102 0.06773969 0.2442952 0.203978 0.447772 0.582053 0.441218 0.410782 0.301017 0.04542847 0.04982489 0.205587
0.172309 0.1846446 0.1162344 0.09806 0 0.059437 0.408516 0.195134 0.036763 0.000342 0.335305 0.255029 0.137218 0.123947 0.166473 0.182902 0.249641 0.417109 0.163478 0.142983 0.160013 0.075673 0.091833 0.111352 0.245323 0.176044 0.095563 0.020932 0.039501 0.2069 0.4922 0.112 0.073993 0.158781 0.036344 0.221278 0.328967 0.564916 0.227571 0.163908 0.111977 0.008008 0.1821209 0.4727401 0.293429 0.247943 0.20103 0.0913 0.0016 0.179486 0.5055 0.479665 0.487782 0.357876 0.404003 0.326243 0.0549 0.2687599 0.4692349 0.539844 0.376142 0.182443 0.219 0.536908 0.510694 0.301797 0.1688638 0.3695373
0.263881 0.0334 0.075212 0.143887 0.118526 0.098975 0.170239 0.050202 0.005592 0.008241 0.055879 0.193378 0.009724 0.024584 0.119176 0.08846 0.003973 0.201477 0.239604 0.37087 0.218914 0.095545 0.2069 0.029003 0.226848 0.110634 0.004672 0.099537 0.384745 0.470711 0.453225 0.51678 0.168268 0.576423 0.26698 0.130692 0.097687 0.131379 0.012697 0.180138 0.105199 0.061621 0.202432 0.257617 0.41023 0.563757 0.403778 0.156178 0.10954 0.36923 0.710894 0.463708 0.207932 0.523626 0.462296 0.20949 0.10575 0.272397 0.489458 0.0896 0.239458 0.066565 0.0001 0.1266 0.609108 0.3148634 0.4546236 0.3866076
0.12231 0.098492 0.056677 0.178068 0.237889 0.089634 0.027088 0.023455 0.007235 0.193652 0.248144 0.092703 0.059752 0.540095 0.505177 0.129051 0.230284 0.331052 0.2636516 0.5031244 0.171983 0.125748 0.215136 0.230675 0.298059 0.237939 0.1069374 0.3294436 0.09395 0.3160329 0.123293 0.34192 0.404964 0.167285 0.00504 0.118348 0.01574 0.000152 0.216414 0.457404 0.385969 0.081207 0.206784 0.603658 0.071256 0.254741 0.248538 0.2138 0.03 0.0554 0.488888 0.374028 0.458257 0.5571 0.0838 0.0089 0.0168 0.05644539 0.236469 0.0363 0.0566 0 0 0.0025 0.057312 0.182053 0.620317 0.4286599
0.128698 0.022569 0.086408 0.1566 0.138583 0.039992 0.065354 0.043488 0.027214 0.079998 0.048157 0.036729 0.238408 0.266768 0.122811 0.144859 0.353696 0.188668 0.165166 0.3478 0.248317 0.054201 0.041499 0.174763 0.199869 0.316325 0.218587 0.05155991 0.226844 0.183477 0.360299 0.152621 0.110039 0.081135 0.06159 0.192762 0.080065 0.272201 0.184962 0.083943 0.266594 0.209304 0.216603 0.251672 0.076993 0.064829 0.163077 0 0 0.108965 0.667163 0.41588 0.435363 0.1232 0.0156 0.361182 0.4886319 0.3198929 0.3950075 0.0264 0.235 0.0035 0.2642 0.048 0.2277 0.1032099 0.04269696 0.18633
0.121129 0 0.112407 0.155837 0.15969 0.095836 0.029593 0.084351 0.009243 0.002028 0.121236 0.036206 0.082582 0.136531 0.050032 0.164881 0.036312 0.177002 0.373266 0.1488 0.1735 0.235161 0.103419 0 0.353222 0.218331 0.289439 0.07155468 0.019637 0.175142 0.193352 0.204995 0.30601 0.161082 0.1427 0.6024089 0.342739 0.278582 0.228292 0.418323 0.435069 0.530747 0.649482 0.238719 0.11428 0.050857 0.504574 0.145805 0.122799 0.0961 0.09663518 0.289733 0.24 0.1648 0.524008 0.515978 0.24261 0 0.22548 0 0 0.3507 0.5559 0.486 0.352845 0.3181898 0.3285586 0.1064465
0.163196 0.084383 0.176859 0.313862 0.213479 0.111319 0.077977 0.05758 0.022973 0.064094 0.269628 0.346115 0.312848 0.323815 0.440733 0.114266 0.16499 0.315157 0.160046 0.104181 0.267652 0.303771 0.245421 0.288505 0.321216 0.308862 0.2678548 0.1982775 0.088722 0.250182 0.131984 0.027625 0.2441849 0.344375 0.331968 0.150459 0.055375 0.171696 0.531923 0.367479 0.170297 0.398491 0.576447 0.310169 0.218124 0.180815 0.33597 0.277039 0.254751 0.4581 0.4089218 0.1496 0.1473 0.2075 0.6222 0.226168 0.0635 0 0.032022 0 0.025864 0.523381 0.345962 0.2863 0.504172 0.521934 0.1302 0.0083
0.203368 0.1287 0.298661 0.137053 0.398587 0.246301 0.189326 0.184037 0.139418 0.159836 0.298709 0.277593 0.273425 0.12252 0.25996 0.385904 0.538422 0.537478 0.143255 0.02079 0.365773 0.317476 0.234598 0.2781129 0.054039 0.128649 0.01669798 0.071672 0.058199 0.252591 0.121847 0.012588 0.187354 0.453369 0.61548 0.370916 0.2627 0.191791 0.516004 0.163745 0.344553 0.362191 0.370288 0.155227 0.039666 0.177643 0.474351 0.202432 0.2152 0 0.012478 0.389061 0.2402 0.2363 0.0988 0.1179 0.2686 0.349518 0.26564 0.067567 0.208039 0.160565 0.213399 0.458 0.229737 0.09352701 0 0.214861
0.11666 0.017759 0.431965 0.198286 0.0546 0.056671 0.093027 0.021839 0.04 0.067058 0.478047 0.34373 0.282084 0.03554 0.248651 0.298257 0.417478 0.305663 0.434901 0.341032 0.366255 0.102525 0.334839 0.079457 0.0519 8e-005 0.023481 0.064484 0.15589 0.19823 0.12783 0.267521 0.159869 0.259437 0.283426 0.099217 0.217032 0.1774 0.0239 0.227321 0.12238 0.373198 0.303861 0.034004 0.002548 0.045677 0.282365 0.0548 0.101459 0.084303 0.479993 0.426703 0 0.01631723 0.07625473 0.09096598 0.451883 0.097257 0.025818 0.1137511 0.2569158 0.181865 0.5679 0.145 0 0 0.130065 0.572036
0.314775 0.269533 0.335937 0.247485 0.0431 0.051473 0.003447 0.001786 0 0.087585 0.226571 0.343276 0.060481 0.001603 0.150068 0.108173 9.9e-005 0.034404 0.137013 0.087804 0.3596709 0.0622 0.251764 0.016334 0.021911 0 0.03613698 0.17027 0.095423 0.029729 0.1493216 0.261825 0.178429 0.151748 0.160711 0.092076 0.185139 0.076684 0.105459 0 0.034493 0.188085 0.435127 0.149686 0.185458 0.489414 0.297106 0.2648128 0.311122 0.397609 0.206909 0.3429902 0.1647414 0.5518824 0.262701 0.3797031 0.4062129 0.2240921 0.114991 0.359762 0.565331 0.128091 0.0469 0.0317 0.221606 0.0442 0.1354949 0.5181821
0.569369 0.305687 0.174724 0.2079 0.068687 0.0001 0 0.0799 0 0 0.282762 0.091346 0.09003 0.024843 0 0 0 0 0.06761 0.16008 0.324299 0.05202698 0.1201945 0.07756706 0.06207744 0.270506 0.146 0.196138 0.218952 0.133153 0.1615323 0.1140278 0.216147 0.408059 0.103922 0.306352 0.228096 0.561842 0.294189 0.0092 0.009443 0.164337 0.402204 0.302868 0.2989759 0.179551 0.2552342 0.5376 0.34062 0.633344 0.653502 0.2498427 0.563429 0.2789103 0.38644 0.410609 0.1940897 0.1592457 0.260396 0.148255 0.228365 0.0453 0.03006498 0.0816 0.543052 0.2697 0.3207784 0.3577982
0.271306 0.460549 0.408431 0.418323 0.487419 0.470575 0.304539 0.540871 0.268615 0.163256 0.437774 0.361 0.0972 0.0933 0 0 0 0 0.001568 0.213997 0.196303 0.101633 0.240231 0.0977505 0.08159719 0.3749 0.342061 0.375791 0.35632 0.207666 0.26949 0.081874 0.1316 0.311122 0.003136 0.036959 0.095708 0.202056 0.140451 0.0297 0.091106 0.2839158 0.4384377 0.237483 0.2394549 0.03916498 0.3254057 0.480335 0.03683587 0.219256 0.581364 0.702004 0.2527882 0.133925 0.038216 0.058283 0.0275751 0.124539 0.149971 0.131517 0.1500199 0.143172 0.1718 0.0636 0.299178 0.595562 0.09669659 0.05924456
0.313459 0.097392 0.260775 0.433533 0.601965 0.721119 0.492955 0.232035 0.7159633 0.2666705 0.1541 0.5409 0.3431 0.173805 0.449093 0.325728 0.182551 0.076516 0.036411 0.136899 0.132767 0.049606 0.483602 0.295094 0.0518 0.1255 0.336217 0.204518 0.141109 0.162225 0.275799 0 0.045199 0.219908 0.015416 0.0401 0.1542 0.266266 0.096844 0.0276 0.01013698 0.07044449 0.04042529 0 0.009964978 0.06049176 0.267706 0.185469 0 0.06636498 0.742306 0.228315 0.3008742 0.07956736 0.109889 0.187776 0.095899 0.090948 0.2004579 0.2435631 0.4705 0.0964 0.1076 0.379954 0.632734 0.31662 0.0046 0.1384803
0.116941 0.3675 0.299737 0.462591 0.217735 0.377698 0.2346819 0.38814 0.251909 0.26709 0.4405299 0.2451 0.41036 0.1049829 0.342176 0.57549 0.510643 0.126105 0.002025 0.090532 0.131814 0.029048 0.256041 0.473137 0.1943 0.1621 0.1524 0.2762 0.362176 0.09795 0.046728 0.0382 0.0934 0.0081 0.078396 1.6e-005 0.287121 0.3170851 0.2655796 0.1223444 0.14178 0.0697232 0.01282248 0.06442995 0.070672 0.2874009 0.08960247 0.01992996 0 0.124007 0.272376 0.167783 0.009897 0.088497 0.132199 0.367134 0.238148 0.332473 0.513572 0.6014 0.467534 0.334208 0.367557 0.434156 0.289497 0.476777 0.230548 0.368255
0.184902 0.284675 0.327961 0.434488 0.150539 0.257023 0.24949 0.29 0.103265 0.2256 0.2753 0.347272 0.3942912 0.5092508 0.184877 0.180573 0.152056 0.160001 0.149511 0.053753 0.051996 0.045124 0.09308 0.1549 0.084658 0.459396 0.278086 0.098551 0.095811 0.1309 0.0415 0.2436 0.0495 0.027324 0.095537 0.266138 0.491905 0.5621749 0.3139889 0.2601455 0.11133 0.08388113 0.09820748 0.2575817 0.472947 0.3085603 0 0 0.0043 0.1922609 0.1312314 0.167418 0.011314 0.114977 0.3757148 0.3866805 0.3971947 0.3596544 0.355788 0.4292667 0.2566612 0.176749 0.502 0.284807 0.402131 0.392 0.315623 0.159955
0.556379 0.506631 0.319839 0.34163 0.12648 0.248512 0.419755 0.4587 0.2207 0.1127 0.380558 0.4299794 0.3330184 0.514058 0.329886 0.265256 0.145062 0.2478532 0.2328678 0.05232339 0.1687563 0.08775498 0.1475153 0.1452409 0.247454 0.509556 0.358126 0.203365 0.20768 0.3076 0.2169 0.373168 0.155068 0 0.216646 0.115771 0.264645 0.387671 0.416894 0.3995599 0.405015 0.2455 0.4001908 0.465963 0.2323949 0.035302 0 0.41868 0.403419 0.1693875 0.1270009 0.163736 0.00826 0.07769075 0.04432753 0.3169913 0.3482863 0.261 0.404175 0.311289 0.151435 0.367367 0.230762 0.501949 0.68775 0.377293 0 0.015092
0.304226 0.681234 0.37418 0.33047 0.308594 0.304432 0.390725 0.143476 0.3954 0.257 0.163521 0.374124 0.249358 0.145992 0.017664 0.019148 0 0.05083406 0.5403433 0.2489157 0.2318296 0.025158 0.2567953 0.2098652 0.06150198 0.259031 0.278978 0.114426 0.0189 0.5242 0.3741 0.154504 0.160401 0 0.00637 0.321222 0.4096 0.442342 0.394793 0.45604 0.2230899 0.429414 0.59678 0.1945 0.0018 0.135496 0.509325 0.713079 0.668321 0.1777851 0.21205 0.110607 0.053461 0 0.01386498 0.03092996 0.3114 0.6801 0.407069 0.229353 0.313389 0.347625 0.700054 0.272333 0.211018 0.065039 0 0
