EnvRasters/BAU_Low/grass.asc
ncols         270
nrows         223
xllcorner     24099.479091542
yllcorner     21023.840179216
cellsize      1003.8986847201
NODATA_value  -9999
[rows 60 to 89 of 223, columns 136 to 203 of 270]
0.1107092 0.185132 0.3000027 0.1535991 0.04481594 0.2017514 0.1884163 0.2218892 0.08088674 0.1122424 0.5960603 0.2293977 0.1484946 0.262372 0.2362698 0.1201986 0.04309192 0.07520889 0.2241807 0.4270774 0.1355812 0.1789396 0.1372517 0.3300034 0.3564437 0.1062014 0.08621418 0.1475698 0.3142374 0.1044823 0.1512119 0.020674 0.1260777 0.08577361 0.2181865 0.3003777 0.408676 0.2315439 0.1113245 0.8540962 0.2005479 0.3848366 0.173026 0.08616904 0.179789 0.7325578 0.616235 0.2007665 0.09231105 0.2810496 0.2236924 0.2752536 0.1167527 0.09091042 0.2515994 0.3015594 0.1089591 0.2031659 0.04473612 0.4749164 0.4547831 0.1401516 0.035705 0.01751774 0.008863239 0.009933334 0.07295575 0.1227523
0.1501495 0.05020371 0.1394139 0.2191455 0.07033429 0.0339062 0.01273202 0.06982435 0.1228291 0.1805649 0.2290094 0.1973747 0.1145081 0.1840801 0.1437287 0.03826898 0.009964978 0.06317724 0.1145274 0.04815194 0.03462858 0.1053707 0.1782597 0.1278855 0.1841595 0.0472462 0.1532748 0.1200191 0.1854 0.04204735 0.05297082 0.04371841 0.2812546 0.1105429 0.09137816 0.2296918 0.1623089 0.196591 0.02680443 0.1215495 0.3394762 0.1191614 0.3721114 0.2578872 1 0.6268845 0.1510998 0.1440477 0.3046726 0.3093358 0.3308522 0.1171221 0.3305862 0.244785 0.3918458 0.1382272 0.1336661 0.000166 0.222465 0.1725664 0.1407832 0.04232487 0.01692481 0.01534298 0.168881 0.6043287 0.4802495 0.1557979
0.1805885 0.1168403 0.08500504 0.1289895 0.1043742 0.052569 0.1171739 0.117085 0.08390503 0.1935042 0.1799393 0.1681332 0.1660709 0.03232041 0.1458709 0.07865868 0.009459863 0.1682477 0.0593121 0.4059121 0.1787146 0.161649 0.1554908 0.1192539 0.01046802 0.1116514 0.2039676 0.1347947 0.463881 0.324984 0.1603628 0.2298956 0.330722 0.2738548 0.2673158 0.04305194 0.07729994 0.018274 0.03387611 0.07197241 0.213723 0.09072822 0.2576982 0.3133343 0.6668676 0.407811 0.2934262 0.1657923 0.1481957 0.06978576 0.1295513 0.04213692 0 0.01416398 0.07625108 0.0203644 0.06615624 8.8e-005 0.009964978 0.04365588 0.1157165 0.1200289 0.1482887 0.3454093 0.6417001 0.869311 0.1773926 0.05215139
0.3518828 0.114241 0.06326556 0.06631222 0.1161956 0.2210369 0.2411484 0.09516294 0.1648046 0.2139065 0.1673407 0.13726 0.2316321 0.1220044 0.1436966 0.02918424 0.1315158 0.1859552 0.3448331 0.3833935 0.3571559 0.2094419 0.04699671 0.2010051 0.1521868 0.658632 0.3280185 0.2196285 0.200874 0.3155137 0.1016377 0.1232829 0.09673698 0.1156415 0.1230706 0.04500338 0.0234022 0.06303529 0.1282421 0.1502281 0.1116288 0.03720089 0.2103213 0.112411 0.1352928 0.07017762 0.240028 0.1339104 0.1971633 0.1023778 0.1280542 0.1791388 0.3792492 0.1253003 0.0186324 7.1e-005 0 0 0.01132538 0.020351 0.1500232 0.2666972 0.2879289 0.2274522 0.2355175 0.1399862 0.05240245 0.02713078
0.2993354 0.09833462 0.04430028 0.1072639 0.109456 0.202735 0.2996902 0.2671446 0.1272962 0.2018386 0.3259849 0.1555709 0.1598802 0.1004609 0.02630096 0.07974783 0.3670392 0.4360394 0.1635367 0.2054781 0.3083373 0.2186531 0.2850191 0.1422958 0.3622487 1 0.5196756 0.1890024 0.2378878 0.1600575 0.09921388 0.1034296 0.05365769 0.2016806 0.009225 0.03787031 0.08761735 0.1270429 0.09064834 0.1121184 0.2882099 0.2496714 0.2981092 0.04400599 0.1647149 0.09815636 0.1622465 0.1927791 0.2006698 0.07197583 0.2550606 0.07567075 0.213482 0.1703193 0.2366647 0.1358981 0 0 0.008721582 0.00476889 0.3029196 0.2610096 0.2716995 0.1768981 0.02827814 0.2562478 0.056298 0.000399
0.03070745 0.3079023 0.1744821 0.2205434 0.2341299 0.337502 0.045523 0.129989 0.1610679 0.2850332 0.1203411 0.05022496 0.02357798 0.04463654 0.02862536 0.06099116 0.2152097 0.05412491 0.1574835 0.1033587 0.08521798 0.1021401 0.1836866 0.4822093 0.4236796 0.5480919 0.2161917 0.2263732 0.1997786 0.1498388 0.2138921 0.1439319 0.1900883 0.2414521 0.02845041 0.08670034 0.07848411 0.08063299 0.1087881 0.2508905 0.1456292 0.1225299 0.4817203 0.1790699 0.1046056 0.103376 0.1309697 0.1188776 0.2149521 0.1725568 0.2988532 0.1106181 0.1402599 0.1332799 0.208684 0.1127552 0.006177194 0.011583 0.06789906 0.2182748 0.3033403 0.257072 0.1934182 0.1493796 0.1475445 0.07851985 0.01307308 0.09905832
0.1050212 0.09185761 0.06472896 0.2447434 0.7360343 0.2797241 0.2475596 0.2158547 0.374828 0.2143917 0.2417278 0.05001363 0.07701871 0.04349634 0.1134014 0.05869986 0.03648528 0.05914802 0.1756665 0.04626836 0.06698295 0.1364831 0.232463 0.1609598 0.141546 0.03233951 0.139716 0.1164988 0.1200126 0.06143448 0.1667553 0.07812241 0.09131931 0.2060346 0.1157181 0.2088573 0.2046589 0.2143859 0.1641036 0.09966863 0.1094166 0.063893 0.2536564 0.2359205 0.05907042 0.15032 0.1608235 0.1077452 0.04720048 0.0201152 0.1315849 0.2062991 0.3684256 0.3844114 0.2609643 0.3756804 0.07289433 0.06153261 0.3278992 0.3699458 0.3382364 0.2607269 0.1864043 0.2548783 0.416357 0.25537 0.15912 0.0635185
0.1072658 0.027779 0.06455693 0.2052104 0.2402388 0.3366054 0.2705474 0.1728285 0.2017667 0.05122131 0.02309673 0.04529354 0.01260198 0.07213982 0.02991494 0.009964978 0.04222257 0.02731885 0.1153345 0.1072237 0.06501535 0.1070314 0.08291787 0.1332614 0.03857353 0.05353296 0.2400435 0.1839701 0.06956825 0.1790845 0.2615139 0.1347279 0.07627696 0.04046298 0.1054212 0.1759552 0.04565864 0.2863627 0.1794278 0.1979789 0.1133338 0.2090102 0.2997531 0.4149531 0.1078373 0.1508721 0.201241 0.0703113 0.09682987 0.1836521 0.151631 0.1165951 0.3011686 0.3595871 0.2368322 0.07336125 0.1703759 0.306538 0.06921523 0.284379 0.1525418 0.2304024 0.05502387 0.04288774 0.3247431 0.3989025 0.1630328 0.1063189
0.03060723 0.0191343 0.03955093 0.1052819 0.1174902 0.2701243 0.1445318 0.03313302 0.01079707 0.12743 0.1764315 0.05101513 0.01217925 0.08508826 0.01022298 0.030532 0.09616224 0.07017257 0.07386328 0.104338 0.120784 0.05202479 0.1153225 0.2190105 0.0840837 0.1024131 0.08655875 0.05491586 0.04879098 0.223904 0.1720534 0.1184042 0.1537164 0.1620674 0.1434034 0.1999325 0.1596364 0.1126786 0.1873501 0.02942037 0.1048094 0.2027998 0.6122314 0.3916494 0.2265543 0.1153345 0.1173948 0.1142498 0.0916554 0.1143298 0.1765931 0.08964235 0.07906415 0.221039 0.360157 0.2225694 0.316893 0.3076294 0.1540725 0.2473684 0.3857053 0.1777751 0.1877219 0.2967153 0.1676798 0.1973599 0.09743556 0.2869146
0.03720983 0.01487545 0.08403102 0.2659845 0.4710614 0.1526204 0.04169247 0.050272 0.04857583 0.020476 0.1086449 0.03712764 0.0008 0.004596546 0.000384 0.01345398 0.02289798 0.03769296 0.02895996 0.106822 0.05537558 0.1306094 0.2515891 0.3262457 0.1460361 0.07123684 0.2238848 0.1090975 0.1501205 0.2074883 0.2202616 0.09084436 0.07632446 0.167493 0.4237372 0.2704735 0.1068222 0.1280013 0.1100954 0.1008857 0.1364637 0.2121706 0.4777984 0.33181 0.1551259 0.1864264 0.1133062 0.1325773 0.1195002 0.07272376 0.04830448 0.1228345 0.4532977 0.09655391 0.08761396 0.3499439 0.2932931 0.221843 0.2672006 0.4976563 0.3671393 0.3395311 0.2073644 0.1051043 0.08590559 0.03347145 0.3815187 0.1447131
0.03096196 0.01193191 0.03320512 0.2792945 0.236162 0.04301596 0.15873 0.1497629 0.1487678 0.03143651 0.02601144 0.000595 0 0 0.00042 0.005792 0.0554377 0.1258871 0.070965 0.12969 0.09481184 0.1079097 0.09608685 0.1598405 0.164721 0.1393574 0.144313 0.1724334 0.1662375 0.07380239 0.142419 0.1745293 0.2632299 0.5254338 0.5565258 0.1268781 0.1989128 0.08453128 0.08393294 0.09622581 0.2322972 0.3137835 0.3523309 0.3396902 0.3622826 0.1875319 0.2934699 0.09118889 0.06798916 0.05348579 0.02754631 0.113557 0.2091738 0.2614033 0.1147499 0.1419239 0.1792375 0.2398557 0.2809171 0.3547593 0.3029424 0.4020287 0.2556228 0.2057755 0.1487782 0.3131384 0.2274797 0.2978967
0.009964978 0.04803402 0.04759867 0.06291453 0.09128824 0.1168599 0.1421038 0.07984845 0.321593 0.1118819 0.03963088 0.01193198 0 0.017766 0.01613891 0.155454 0.14437 0.086462 0.1501729 0.0683648 0.1919559 0.1224102 0.1498585 0.07904941 0.1477101 0.143626 0.2276246 0.197057 0.04840206 0.09161209 0.1654634 0.2024198 0.3204209 0.08148713 0.06728898 0.1016442 0.1427695 0.1454288 0.09639315 0.08309818 0.2739121 0.3220992 0.2782419 0.2135992 0.1418313 0.1569971 0.1853038 0.04077598 0.01196364 0.06231284 0.09916297 0.2569681 0.1444804 0.1609086 0.05591698 0.2423661 0.1680001 0.2943649 0.3143247 0.211373 0.1096975 0.1451589 0.4671984 0.1020475 0.1782526 0.3039774 0.5430832 0.1627273
0.01122254 0.044039 0.03287998 0.08480191 0.03296537 0.02016155 0.1179025 0.1564381 0.150409 0.2024985 0.1684205 0.00405561 0 0.04592886 0.100798 0.1207209 0.1313123 0.2758328 0.08426445 0.1984462 0.2602916 0.1794824 0.1606401 0.1428243 0.1045875 0.1657661 0.1069366 0.1531529 0.2752595 0.3275347 0.2193254 0.43052 0.05040494 0.04867792 0.2823001 0.10377 0.3082751 0.2094714 0.2074425 0.2043394 0.1993733 0.3993104 0.2564223 0.230166 0.2148807 0.1937547 0.1178188 0.07695949 0.1094431 0.05640733 0.06781986 0.1814786 0.183946 0.2556016 0.1897086 0.2593609 0.27121 0.1352969 0.07207788 0.168864 0.06644267 0.07518194 0.112078 0.3088586 0.2482049 0.1591644 0.1916996 0.12123
0.0190354 0.001528864 0.01152498 0.02459596 0.05721677 0.1336332 0.1138609 0.03850298 0.1985511 0.3500044 0.4253703 0 0.02492698 0.06750303 0.04312794 0.1367279 0.04696233 0.367663 0.1177052 0.2112392 0.04700183 0.04109007 0.03278035 0.09081005 0.296493 0.06293695 0.2869135 0.2601259 0.3851682 0.6188255 0.23109 0.1249213 0.1262426 0.3043868 0.1643839 0.218365 0.09992191 0.1031691 0.2293641 0.2249037 0.1852385 0.6136718 0.08341879 0.07621207 0.3587283 0.1432625 0.1338921 0.2577542 0.1863726 0.25642 0.09629283 0.06410494 0.1826668 0.07520868 0.09720486 0.1362264 0.3298051 0.2579083 0.1195493 0.4187935 0.08746091 0.05878955 0.05628052 0.2736123 0.06206027 0.05740453 0.2136726 0.06217036
0.001524 0.008791114 0.040253 0.06485099 0.06022888 0.01995536 0.006237 0.004796 0.2618629 0.5204 0.05187998 0 0.02823848 0.1118638 0.111313 0.03913098 0.09752789 0.08783192 0.08156198 0.2407267 0.1560219 0.04659899 0.2229605 0.2190587 0.1745121 0.4773613 0.2153122 0.1985263 0.2589548 0.1332258 0.09800198 0.1046554 0.05639894 0.1903341 0.1195887 0.1363337 0.08130303 0.2705964 0.3863184 0.1992857 0.4321254 0.4805199 0.1377739 0.3718057 0.2253872 0.131194 0.1295207 0.09342301 0.04873426 0.1222395 0.0596059 0.05687232 0.2786905 0.304705 0.1217049 0.1719254 0.08090156 0.09778178 0.2892435 0.1584304 0.1855101 0.0443053 0.3207925 0.1893195 0.04696776 0.149969 0.1297846 0.06262396
0.05162653 0.03827031 0.1037719 0.2237169 0.1008035 0.0121496 0.01420798 0.08409195 0.557456 0.2484588 0.04895988 0.01992996 0.02066398 0.04607357 0.03129889 0.03869818 0.2040018 0.07061127 0.05862154 0.1583519 0.058715 0.2295219 0.3685854 0.13555 0.02025034 0.193495 0.04706566 0.06919889 0.1655697 0.05261594 0.1238666 0.1054999 0.1094971 0.1682119 0.1343217 0.3706311 0.5285101 0.3325099 0.16897 0.2150409 0.2614254 0.04179814 0.3071711 0.3409764 0.1973693 0.05075105 0.103213 0.2009276 0.07150374 0.127555 0.1998415 0.1260604 0.07898013 0.06185446 0.1710265 0.102852 0.165233 0.1875018 0.1666841 0.2990465 0.2857613 0.2210259 0.3177221 0.2540228 0.02848966 0.09615821 0.08363573 0.08155077
0.01992996 0.04887692 0.014131 0.09690461 0.05449 0.192861 0.03852595 0.1356888 0.4663179 0.1161965 0.1129968 0.1026049 0.2189072 0.03329498 0.1075278 0.1252772 0.08488677 0.08294277 0.142605 0.0957365 0.1142825 0.1705986 0.05403048 0.008118 0.1660258 0.035528 0.1084023 0.03605279 0.2549935 0.1146957 0.09919822 0.045848 0.1293408 0.2534499 0.805703 0.5380984 0.2344526 0.09817728 0.3381719 0.1755269 0.4934703 0.2250196 0.1970176 0.1948452 0.01294785 0.3169555 0.000397966 0.1660351 0.02740998 0.03430996 0.1339516 0.1209878 0.07894265 0.2477867 0.135299 0.08750926 0.08289286 0.1538609 0.2681738 0.2017755 0.3777116 0.182835 0.246356 0.2204026 0.09867727 0.2200344 0.1797376 0.03462815
0.05718083 0.1387399 0.08695193 0.145266 0.12502 0.1268477 0.2785203 0.1994652 0.4895836 0.1956922 0.119513 0.09440996 0.0423116 0.180734 0.02608544 0.00629886 0.09589238 0.09096882 0.08757836 0.287635 0.2896424 0.02647817 0.1099837 0.03539198 0.031718 0.03113496 0.1007876 0.1803362 0.005478 0.000997 0.01869208 0.04533087 0.4088788 0.4811084 0.1666046 0.1880065 0.2593272 0.1161947 0.075572 0.174019 0.3236067 0.2005492 0.1081902 0.05757489 0.1274318 0.1887231 0.000204 0 0.003258 0.1261931 0.06595639 0.04596466 0.02216803 0.08206754 0.1355841 0.1171505 0.1274356 0.17233 0.1895353 0.174431 0.1885286 0.09097613 0.3412049 0.1139636 0.2418429 0.2105484 0.1477775 0.03824162
0.01111799 0.07508189 0.06566495 0.029901 0.09637123 0.1473309 0.2362644 0.314607 0.3649585 0.1100956 0.1504911 0.1637 0 0.017672 0 4.9e-005 0.038176 0.112756 0.08513977 0.08576002 0.041231 0.06304298 0.4563598 0.05134024 0.06111998 0.1433345 0.1276883 0.056829 0.001984 0 0.1031609 0.2403934 0.186726 0.09573586 0.09576869 0.08639271 0.082247 0.03917688 0.1165614 0.1796382 0.2565484 0.121091 0.1271226 0.06153693 0.2413555 0.06085596 0.04062063 0.03007114 0.04343339 0.06111667 0.0289782 0.1113308 0.1058179 0.06925911 0.1563548 0.1516289 0.1887214 0.2248462 0.1109629 0.1573333 0.1156704 0.1489715 0.2818299 0.175812 0.2164905 0.1745918 0.1458968 0.1213501
0.000232 0.2580846 0.06618264 0.031243 0.1155148 0.2155611 0.05370043 0.2013457 0.2636183 0.04075954 0.04872429 0 0 0.01992996 0 0.00014 0.011344 0.036583 0.08535212 0.1199567 0.05198 0.1379649 0.1187262 0.2923898 0.1936727 0.05873688 0.104681 0.012187 0.02178179 0.03229268 0.01237198 0.009029 0.161319 0.034913 0.069396 0.05248596 0.1348748 0.06323757 0.1817793 0.07349387 0.1091933 0.1535162 0.02059319 0.1371902 0.1156268 0.05973198 0.1262354 0.01356731 0.07493687 0.1275569 0.03761788 0.0481456 0.03476554 0.05879946 0.01162667 0.3295799 0.2965639 0.1593992 0.2603183 0.1987366 0.07072881 0.1502819 0.3282666 0.3287613 0.2791333 0.1803317 0.09763064 0.09049084
0.154649 0.07623 0.3056485 0.1487783 0.08661322 0.1385587 0.186381 0.5580315 0.2637378 0.07226229 0.04340998 0.059379 0.01118398 0.002456 0.009324 0.054182 0.029473 0.008839 0.004923 0.007015 0.001631 0.08618379 0.2856849 0.1100637 0.07078184 0.03370011 0.011132 0.08616383 0.1417151 0.03926038 0.071397 0.1070349 0.2366209 0.012966 0.02488765 0.1223076 0.1571489 0.1111398 0.02954457 0.03055196 0.000458 0.01728629 0.1532514 0.09104094 0.014238 0.01607855 0.1510713 0.03592 0.020265 0.03965294 6.1e-005 0.01270264 0.182003 0.160494 0.04427498 0.0904259 0.2075598 0.1886501 0.2149852 0.03699783 0.2053948 0.09533793 0.2436063 0.190802 0.05996683 0.1272384 0.034418 0.006928
0.02919996 0.1025975 0.1280614 0.07580351 0.210596 0.04076598 0.111764 0.3816049 0.5019661 0.1579287 0.232256 0.040769 0.01331498 0.024784 0.064903 0.108171 0.001137 0.111954 0.111419 0.117178 0.00131 0.13631 0.07712663 0.1840575 0.01911663 0.020978 0.03999698 0.3065569 0.07142591 0.101858 0.05094836 0.055423 0.04882 0.06527889 0.3326446 0.02314275 9e-005 0.00083 0.1671692 0.09335054 0.003009 0.012644 0.08216682 0.02548112 0.00556 0.06438696 0.1612536 0.01839035 0.05334874 0.02800602 0.01423357 0.06955577 0.07800511 0.1637126 0.1585885 0.1095433 0.07460307 0.1969122 0.1526145 0.05617586 0.013237 0.07374898 0.1763753 0.06327896 0.07633803 0.1115996 0.003501 0.3376253
0.03154694 0.02900767 0.1283412 0.05957796 0.090532 0.1415415 0.7051626 0.3617027 0.3631219 0.05064689 0.003102605 0.01202237 0.034738 0.084387 0.045466 0.120862 0.028278 0.019479 0.080729 0.046719 0.002843 0.136639 0.137721 0.2251914 0.2590782 0.07348794 0.013128 0.0767619 0.02748396 0.03523886 0.06945489 0.03576868 0.04013196 0.0862245 0.09559526 0.1473499 0.03350312 0.01001286 0.077122 0.09902631 0.101768 0.005078 0.02144798 0.1968369 0.007094 0.001663 0.2175553 0.007973472 0.02138105 0.000106 0.06292166 0.1113362 0.1937618 0.170429 0.08414978 0.09431168 0.1380007 0.1072996 0.2635486 0.3123194 0.06168749 0.06018879 0.1929465 0.008135 0.07026505 0.2084339 0.1022581 0.08091068
0.06148717 0.04284603 0.093191 0.1855991 0.1462285 0.2536799 0.6419368 0.1414499 0.4418045 0.05893889 0 0.070856 0.105532 0.002367 0.039754 0.12646 0.000942 0.036887 0.027261 0.024002 0.027682 0.151844 0.014404 0.037015 0.00093 0.04117798 0.052693 0.004432 0.06250495 0.049268 0.1018839 0 6.4e-005 0.01871636 0.03366162 0.013167 0.101964 0.005526 0.02061896 0.1092825 0.08922598 0.04118698 0.001992 0.01773198 0.042727 0.005959 0.07190085 0.01033198 0.04655722 0.01710165 0.04486507 0.06165289 0.2221139 0.02589188 0.1534942 0.01624069 0.15466 0.158879 0.05866791 0.4246633 0.1283296 0.06295993 0.022074 0.001484 0.3200821 0.09382722 0.157785 0.162477
0.1037548 0.07627204 0.1463606 0.2620751 0.1460126 0.05244246 0.1256506 0.08467564 0.07275281 0.07798494 0.017765 0.053215 0.051604 0.164763 0.07543422 0.220117 0.070748 0.168682 0.000727 0.028418 0.038631 0.010442 0.157416 0.062388 0.031609 0.009145 0.000154 0.017288 0.140604 0.05621 0.004291 0 0 0.000732 0.008864 0.02409898 0.125548 0.05783293 0.06155149 0.000439 0.0097593 0.006003 0.08309696 0.002305 0.01393743 0.09147305 0.1210193 1.3e-005 0.03007194 0.02006496 0.05054382 0.1419625 0.2920796 0.07287998 0.04399098 0.050593 0.13707 0.167633 0 0.01554 0.03150196 0.00368 0.031706 0.1424655 0.208103 0.191748 0.085277 0.08053616
0.04023698 0.01717998 0.1263556 0.164133 0.397808 0.1088933 0.2106953 0.09860123 0.08044 0.1081825 0.09976225 0.023937 0.068517 0.113339 0.05296372 0.0058 0.036023 0.02778 0.00556 0.08319491 0.033549 0.0876 0.071923 0.290676 0.086416 0.049965 0.207259 0.282754 0.015589 0.010856 0 0.001115 0.010955 0.044318 0.221816 0.00275 0.002604 0.02502813 0.06717221 0.005164 0.03893961 0.000999 0.06159892 0.05717843 0.04604042 0.01254498 0.077435 0.02502596 0.05636551 0.03493493 0.041989 0.1107615 0.1071037 0.09228107 0.09826391 0.208558 0.010921 0.003144 0.005873 0.000872 0.004422 0.061616 0.1129383 0.2775914 0.235482 0.199742 0.02294526 0.07306081
0.02120396 0.009541702 0.1324513 0.1805909 0.12762 0.004468 0.000373 0.017343 0.199043 0.028546 0.003921 0.080469 0.024012 0.057236 0.05458 0.00032 0.046557 0.035023 0.059691 0.144533 0.131798 0.006071 0.06185 0.035442 0.02632 0.162619 0.122101 0.191862 0.000982 0.075581 0.058481 0.124243 0.054352 0.089108 0.020744 0.082923 0.007226 0.01828 0.145553 0.03852122 0.05180281 0.06781282 0.009964978 0.04137598 0.03082698 0.009964978 0.05315531 0.09066956 0.0717653 0.09715394 0.07716694 0.1820532 0.03006994 0.03869261 0.115895 0.01539346 0.01014198 0.02161 0.057244 0.163215 0.203587 0.141771 0.2078854 0.09981 0.008811 0.00275 0.1257307 0.006562933
0.009964978 0.02175496 0.04012857 0.025391 0.136418 0.020694 0 0.008038 0.1098706 0.02623426 0.004505 0.011251 0.015618 0.06732998 0.07508098 0.101521 0.11307 0.06457 0.002205 0.197626 0.134429 0.19969 0.10193 0.135348 0.011311 0.050601 0.015946 0.065289 0.037859 0.093825 0.036954 0.227049 0.035083 0.02395 0.012405 0.008626 0 0.074354 0.179018 0.02593 0.1035376 0.1266214 0.1032327 0.1211306 0.09367721 0.001156 0.04310293 0.02349096 0.05646485 0.04145991 0.05690439 0.09352973 0.001246 0.000673 0.001238 0.04117345 0.054285 0.17611 0.024389 0.151234 0.102048 0.164352 0.003753 0.032082 0.022355 0.000844 0.24042 0.00302
0 0.040654 0.07813019 0.000674 0.07148612 0.08012668 9.8e-005 0.00021 0.002017631 0.023619 0.025973 0.032065 0.066566 0.057946 0.110442 0.024824 0.062 0 0.051664 0.040138 0.011939 0.257281 0.03187 0.073148 0.060923 0.052789 0.045218 0.19152 0.128524 0.038452 0.071803 0.035827 0.001138 0.094124 0.028347 0.002774 0.059098 0.000675 0.01352898 0.02941455 0.02928636 0.02218296 0.04990809 0.06276993 0.09031092 0.02561896 0.009805 0.04860096 0.008523 0.013523 0.01214105 0.05283916 0.01158 0.060093 0.023267 0.06678398 0.21225 0.109101 0.048101 0.008611 0.035645 0.161205 0.143665 0.024399 0.196321 0.031086 0.072167 0.014445
0 0 0.002027 0.038422 0.013441 0.05109198 0.012944 0 0.0846392 0.039957 0.024636 0.034299 0.05784 0.118094 0.03246198 0.107704 0.014349 0.007639 0.294276 0.008408 0.024291 0.20108 0.239948 0.242163 0.036567 0.086322 0.097724 0.029449 0.02987 0.068179 0.203481 0.203632 0.00915 0.016669 0.016293 0.063204 0.088395 0.022412 0 0.03037894 0.02124296 0.001866 0.001274 0.001328 0.1952089 0.033199 0.07081398 0.022176 0.015726 0.027819 0.191483 0.067546 0.168635 0.075576 0.034938 0.008266 0.083175 0.010767 0 0.027293 0.010268 0.033231 0.066001 0.135714 0.085853 0.131489 0.057122 0.213032
