EnvRasters/BAU_Low/other.asc
ncols         270
nrows         223
xllcorner     24099.479091542
yllcorner     21023.840179216
cellsize      1003.8986847201
NODATA_value  -9999
[rows 124 to 154 of 223, columns 136 to 203 of 270]
0.00037 0.00062 0.000856 0.000186 0.00089 0.000195 0.00124 0.01696 0.081205 0.002879 0.001386 0.01287786 0.003269 0.002599 0.00057 0 0.009461 0.000632 0.001128 0.004334 0.005077 0.012307 0.004657 0 0.06129347 0.3407811 0.3379166 0.00134 3.9e-005 0 0 0.01992996 0.000736 0.004862059 0.004726 0.007388 0.00033 0 0.01239798 0.01312807 0.03349158 0.03639494 0.0002 0.000154 0.002267 0.00163 0.001088 0.00026 0.000918 0.009964978 0.000857 0.0007021965 0.0006686492 0.03212593 0.000326 0.008685 0.003044 0 0.0008 0 0 2e-005 0.01171 0 0 0 0.0006 3.9e-005
0.01000698 0.003301 0 0.006739 3e-005 0.02399996 0.000705 0.012998 0.014412 0.001599 0.00088 0.05400012 0.003414574 0.007233 0.001618 0.012117 0.001568 0.002224 0.00605 0.00483 0.014065 0.014592 0.001719 0.000235 0.03172587 0.1509875 5.8e-005 0.002759 8.8e-005 0 0.005643 0.003562 0.001645 0.003224 0 0.00112 0.000252 0.009964978 0.000918 0.02295656 0.01300565 0.005081 0.01789998 0.00172 0.000685 0 0 0 0.009964978 0 0.001248 0.004760412 0.00491372 0.002898 9.9e-005 0 0 0 0.01795125 0.002367 0.005107 0.006348 0.001564 0 0 0.01992996 0 0
0.01011498 0 0 0 0 0.01576898 0.006390376 0.003006 0.010102 0.00305 0.000376 0.2413658 0.03248074 0.005075 0 0.004217 0.00283 7e-006 7.6e-005 0.01397398 0.025073 0.08209094 0.01821098 0.00874461 0.01966052 0.09010477 0 0.001068 0 0.002855 0.000714 0.000495 0.00022 0.0018 0.00027 0.00481 0.000882 0.000248 0.0101 0.009964978 0 0.0034 0.002446 0.01628898 0 0 0.003035 0.013246 0 0 0.001743 0.007784 0.014286 0.008316 0.002104 0 0 0.001034 0.003508702 0.000494 0.007277 0.000415 0.002301 0 0.013647 0.003121 0.000544 0.04061592
0.00087 0.00124 0.000675 0.001192 0.01016298 0 0.01557658 0.005891 0.003649 0 0.009964978 0 0.00012 0.012039 0 0 0.004455 0.0008 0.0001 0.001214 0.4117964 0.06382191 0 0.002192368 0.0272697 0.1504948 0.001485 0.001008 0 0.001314 0.00425 0.000681 0.000189 0.002504 0.002082 0.01058498 0.000756 0.016513 0.004753 0.002481 0.00276 0.00971 0.006591 0 0.000396 0.005742 0.00279 0 0 0 0.000596 0.007563 0.000204 0.004966 0.004076 0.002849 0.020781 0.0015 0.005583 0.000927 0.002548 0 0.004185 0.000144 0.012018 0 0.0469987 0.03124684
0.00084 0.000496 0.002319 0.000345 0.04223992 0.003021524 0.01236645 0 0.006333 0.001802 0 0.000134 0.001384 0 0.003336 0.004439 0.004779 0 0.004272 0.000268 0.02654544 0.001934239 8.9e-005 0.1246633 0.1019001 0.07736513 0.000143 0 0 0 0 0.01998496 0.000315 0.006617 0.000495 0 0.002871 0.002731 0.0054 0 0.00632 0 0.008745 0 0.003726 0.02529498 0.001962 0.00012 0.01857798 0 0.00792 0.003237 0 0 0 0.002282 0.000154 0 0.0046 0.001162 0.008697 9e-005 0.00056 0 0.008019455 0.07972012 0.01994404 0.004653
0.005574 0.000775 0.009964978 0 0.0002 0.000552 0.01004898 0.0016 0.000667 0.000105 0.001963 0.003491 0.001917 0.003578 0.000858 0.001218 0 0.01591547 0.004959486 0.0309915 0.1211857 0 0 0.02706549 0.1565145 0.02313523 0 0 0.01404498 0.002484 0 0.003109 0.013496 0.002222 0 0.007208 0.000679 0.000108 0.001771 0.001475 0.001804 0.018614 0.002618 0 0.01651387 0.011766 0.02105796 0.004348 0.010393 0.000668 0.0009 0.004566 0 0 0.003924 0.001168 0 0 0 0.001143 0.008237 0.00081 0.01679696 0.05083423 0.1056583 6e-005 0.02318487 0.009694
0.014122 0.001137 9.8e-005 0.004925 0.01024 0 0.02803922 0.009651719 0.00045 0.000705 0 0.002863 0.001337 6.4e-005 0.000112 0 0 0 0.005844 0.01563484 0.01509971 0 0 0 0.02816764 0.2305522 0.5179646 0.3142705 0.0113853 0.01186565 0 0.001218 0.02167153 0.1492552 0.05884375 0 0.01717607 0.001274 0.000507 0.00066 0.000624 0.030825 0.0137 0.01117598 0.007850091 0 0.005856 0.000144 0 0 0.010015 0 0.06080025 0 0 0 0.00361 0 0.0004 0.000838 0.0002 0.0052 0.02255571 0.03183184 0.000176 0.0001 0 0
0.003572 0.00612 0 0 0 0.009964978 0.003549 0 0 0.003494 0.001233 0.000188 0.002622 0.004589 0.007068 0.001612 0.00731 0.000136 0 0 0.005125862 0 0.002125 0.008558678 0.000832 0.1399731 0.4109284 0.09645218 0.00294 0.03274964 0.04679073 0.1105357 0.006619 0 0.01011398 0.010274 0.01063388 0.01498598 0.0053 0 0.006848682 0.01726444 0.01179219 0.01676777 0.000614 0.000207 0.00879 0.01197 0.0002 0 0 0.00023 0.009457638 0 0.000672 0 0.000965 0.001324 0.0073 0 0.00321 0.05195636 0.09746311 0.01996719 0.00039 0 0 0
0 0.013796 0.00302 0.04030392 0 0.003729 0.006133 0.001249 0 0.005884 0 0.001494 0.019189 0.019823 0.004578 0.09075281 0.004923 0.002181 0 0 0 0.006 0 0.01174845 0.01172381 0.1101845 0.04026698 0 0 0.06364462 0.04917466 0.000702 0.011171 0.09964979 0 0 0 0.000692 0.02760317 0.01435763 0.1402441 0.05122251 0.005206 0.03502674 0.01327718 0.000792 0.018948 0.03210296 0.08154119 0.00528364 2.7e-005 2.6e-005 0.000602 0 0 0.003179 0.010333 0 0.0006 0 0 0.01992996 0.06348618 0 0 0 0 0
0.002254 0.004997 0 5e-006 0.01027498 0 0.009964978 0.001818 0 0.005245 0.00433 0.001069 0.02907196 0.02208 0.004095 0.01055898 0.000194 0.01326498 0.0024 0.02002996 0.03296353 0.2621097 0.06931704 0.0004 0.005621 0.008242173 0.1797447 0.004019446 0.000388 0.0004 0.002316 0 0 0 0 0.00344 0.009152 0.005783 0.004387 0 0.01135 0.016495 0.004676 0.0056 0.0036 0.0009 0.011307 0.000904 0.01120958 0.0038554 0 0.003 0 0 0.0005 0.002276 0.02989493 0 0 0 0.009442484 0.3528391 0.1631372 0.04984574 0.04734453 0 0 0
0.016208 0 0.02142198 0.002058 0 0 0.06424385 0.2166452 0.137434 0 0 0.018735 0 0.02120798 0.03074798 0.000196 0.00645 0.000744 0.001528 0.000192 0.007332 0 0 0 0.011447 0.008349805 0.1634043 0.0007180695 0 0 0.010753 0.002 0 0 0 0 0.03912582 0.009233 0.000315 0.002835 0 0 0.001678 0 0.0045 0.000428 0.001188 0 0 0 0.009964978 0.009964978 0.002126 0 0 0.02787098 0.009964978 0.009382852 0.013088 0.1209146 0.5596014 0.9503454 0.4889764 0.1844861 0.07661227 0.01992996 0 0
0.00018 0 0.02419596 0.02461496 0.004498 0.02436529 0.2028233 0.001328 0.009964978 0.008642 0.001587 0.002376 0 0.009964978 0.004991 0 0 0.000196 0 0.003456 0.003171 0.03209494 0 0.037023 0 0 0.2144012 0.1737308 0.03053985 0.006553 0.003888 0.0149 0.001493 0 0.002569 0.194891 0.06988201 0 0 0 0.01992996 0 0 0.004195 0.003595 0.00147 0.009017 0.01826498 0.06096379 0.0897356 0.04776381 0 0.009252 0 0 0.00104 0 0.001640126 0.009119 0.8472659 1 0.5615943 0.1829385 0.1998125 0.212871 0.02712063 0.0023 0.000334
0.000191 0.004233 0 0.00755 0.01523525 0.04121301 0.01430076 0.02244202 0 0.02908096 0.01178398 0.001301 4e-006 0.03029094 0.005861 0.004858 0.004916 0.003168 0.001711 0.028518 0 0.015397 0.000692 0.01829198 0.006004 0.001649 0.138637 0.301631 0.2745285 0.009964978 0.07114385 0 7.5e-005 0.010355 0.002649 0.03177558 0.001236 0 0.00415 0.007885 0.00321 0.004 0.02530623 0.004155 0 0.003562 0.011176 0.02656798 0.06975514 0 0.03916802 0.0047 0.013568 0.0003 0 0 0 0.001678 0.08789152 0.8401418 0.5732678 0.01846804 0.01451198 0.2735157 0.2200285 0.04486778 0.000109 0.0038
0.010111 0.1117372 0.1839674 0.005770058 0.002739003 0.005114634 0.006217 0.02085329 0 0 0 0 4.3e-005 0.003068 0.003804 0.000679 0.010028 0.002586 0 0.0290662 0.01143172 0 0.009964978 0 0 0 0.006743765 0.1220143 0.002241 0.000145 0.021106 0.010741 0 0 0.02927398 0.06844585 0.012339 0.02140498 0.0006 0.0036 0.0012 0.003148 0.00682471 0.02332848 0.003003 0 3e-006 0 0 0 0.004068 0.005341482 0.01098498 0 0 0.0003 0.0043 0.000458 0.1361258 0.2849506 0.7905838 0.2052555 0.2380294 0.5713269 0.001895037 0.03975325 0.07370776 0.02614293
0.03358133 0.9113479 0.8007087 0.05142419 0.004047 0.003151 0.002145 0.03328277 0 0.1079102 0 0 0 0.001063175 0 0 0 0.01423998 0.000186 0 0 0.01076411 0.002411869 0 0.0095 0 0.006044 0.1042797 0.01845633 0.010751 0.006864 0.005204 0.009149 0 8e-005 0.00256 0.014225 1e-006 0 0 0.003332 0.009085 0.001702 0.01445345 0.00018 0.00036 0.01000898 0 0 0.01773214 0.002197821 0.0102785 0.0009 0.0053 0.0012 0.01803098 0.0047 0 0.03911697 0.4047811 0.7949975 0.6565894 0.03312393 0.00233031 0.06067426 0 0.003863336 0.01877583
0.007859712 0.5682859 0.1490637 0.01846786 0.014721 0.02029798 0.009250427 0.08503438 0.1100398 0.1711092 0.000588 0.029007 0 0.0171458 0.001442 0 0.001684 0.03687394 0.000138 6.3e-005 0.000505 0.1291247 0.3970022 0.0004048676 0.006846 0.01081098 0.001128 0.00162899 0.1325621 0.0385213 0.06468868 0 0 0.006263 0.002172 0 0.0006 0.000145 0.011708 0.010296 0 0 0.003706 0.007664 0 0.01992996 0.008994 0.0018 0.01571498 0.0048 0.007038 0.002611458 0 0.001302 0.03182996 0 0 0 0.03808032 0.7535284 0.5496725 0.214996 0.03148538 0.1665785 0.08206156 0.00619 0 0
0.006608 0.04035991 0.01019298 0.006517 0.02330898 0.01664598 0.01349598 0 0 0 0.001903 0.01079 0.004764 0 0.000192 0.000388 0.017547 0.009684 0 0.0004 0.003222 0.002246 0.0176391 0.01498058 0 0 0.1577598 0.158704 0.2482265 0.4913998 0.3234269 0.139505 0 0.008047 0 0.01506609 0.02906382 0 0.008673992 0.009964978 0.01147098 0.008302001 0.01737096 0 0 0 0.005091 0 0 0 0.002802037 0.01290952 3e-006 0 0 0 0.0003 0 0.185897 0.8517324 0.2545245 0.02012996 0.003765 0.016258 0.0002 0 0 0
0.1699132 0.00011 0.005147 0.010698 0 0.000124 0.005509 0.009964978 0 0.0719202 0.01117098 0.05210536 0.02564656 0 0 0.005868 0.003877 0 0.00496 0 0 0 0.001248 0.1171252 0.03985991 0 0.1409223 0.04608466 0.004859 0.0003 0.005247 0.00248 0.002739 0.001526 0.006184 0.04175057 0 0.000297 0.005349987 8.9e-005 0 0.002699 0.002027 0.07165485 0.009964978 0 0 0 0 0 0.06298611 0.03095566 0 0 0 0 0.0058 0.0001 0.01308179 0.04282735 0 0.0024 0.005009 0 0 0 0 0.013174
0.04479739 0.0009 0.000838 0.01365798 0.009964978 0 0 0 0 0.02772959 0.001597 0.02432498 0.012058 0.005361 0.000104 0.00297 0.000442141 0 0 0.02165396 0.01096498 0 0.003168 0 0.006162 0 0.1162185 0.06510695 0.02592437 0 0.01675475 0.004068 0 0 0.0284164 0.1909155 0.004137 0 0 0 0 0.005805 0.03112881 0.004487145 0 0 0.005098 0.02812942 0.02624947 0 0 0 0 0.02052996 0.006244 0.015 0 0.0001 0 0.000586 0.0072 0.005305 0 0 0 0 0 0.009309
0.0154 0 0.00656 0 0 0 0 0 0.009964978 0 0.004554 0.0098 0.000819 0.00721 0 0 0.009522838 0 0.007241 0.0003 0.00129 0.08332039 0.08038123 0.07748313 0.0411349 0.08839882 0.0224079 0.000392 0.01540455 0.02670879 0.01530065 0.01648766 0 0.000322 0.003417 0 0.009964978 0.007857 0.00014 0.009964978 0 0 0.002358 0.00314 0.013958 0 0 0.001938 0.008501 0.0073 0 0 0.01101417 0.009922592 0.00244 0.0065 0.0001 0.0006 0.012332 0.004447 0.005601 0 0.0007 0 0.012264 0.0022 0 0.001
0.01009098 0 0.04102996 0.0003 0 0.000464 0.009964978 0.005777 0 0.009964978 0.009518 0.005002 0 0 0 0 0 0.0004 0 0.009964978 0.000397 0.138894 0 0.1565744 0.1082184 0 0.03042098 0.006608 0 0.000285 0.006633 0.02571222 0.004133661 0.04669492 0 0 0.01109985 0.01915008 0 0 0 0 0.009852 0 0 0 0.01136498 0.0025 0 9.5e-005 0.019084 0.005757 0.02889315 0 0 0.0042 0.002981 0.0155 0.0061 0 0 0.0018 0.0043 0.000163 0.015377 0 0 0
0.004341 0.00425 0.005151 0.02188696 0.01648598 0.010159 0.009356 0.005568 0.000692 0 0.001112 0.003337 0.01102 0 0 0.000464 0 0.000299 0 0.00762 0.0001 0.1617851 0.011302 0.04913939 0.07773259 0 0.004778 0.002832 0 7.8e-005 0.01010971 0.07408575 0.03199336 0.0003 0.05435693 0.02833471 0.003861 0.001112 0.0033 0 0 0 0 0 0 0.008345512 0.03118942 0 0 0 0.08743458 0.3486778 0 0 0 0 0.00233 0 0.004 0 0.0066 0 0.001 0.01685098 6e-005 0.014439 0 0
0.000112 9.9e-005 0.0034 0.0113 0.05978987 0.001172 0.01715198 0.0005 0.03633456 0.2166746 0.01126498 0 0.005474 0 0.03985991 0.013119 0.01417298 0.008213 0.00164 4.8e-005 0.002091 0.1288657 0.001924 0.0061 0 0 0 0.0008 0 0.0001 0 0.0028 0.0017 0 0.03363001 0.01674907 0.05012189 0.03268893 0.0002 0 0.02302807 0 0 0 0 0.01386498 0 0 0 0 0.5051868 0.2997272 0.00038 0 0.00198 0.02081098 0.01151349 0.04765539 0 0 0.009695 0.0087 0.00418 0.015349 0 0.005292 0 0
0.012094 0.003305 0.0028 9.6e-005 0.02264398 0.107933 0.1100493 0.2148677 0.4733892 0.1363113 0.002413574 0.0001 0.010449 0.003018 0 0 0.001458 0.04479098 0.00427 1.2e-005 0.000528 0.1402815 0 0 0.000597 0 0.0006 0.0026 0.0043 0 0.0008 0 0.0003 0 0.01239698 0.02021496 0.01045998 0.04357327 0.0002 0.02699601 0.0497257 0 0 0 0.015265 0.0002 0 0 0 0.01001998 0.2374584 0.000192 0.02732854 0.1314829 0.06439707 0.01058898 5.4e-005 5.101411e-005 0.02976498 0.01126498 0.001224 0 0 0.0022 0.00198 0 0 0
0.0045 0.001993 0.00487 0.02726398 0.4558779 0.2647044 0.02906632 0.08105075 0.01082488 0 0 0.07105485 0.04909994 0.002851 0.1113099 0.09281538 0.0200064 0.000266 0.009964978 0.001254 0.000294 0.07045984 0 0 0 0.004122 0.013118 0.000559 0.013009 0.0061 0 0.000799 0 0 0.0001 0.0260849 0.01023704 0.0296156 0.01527332 0 0.01783091 0.07200859 0.005304003 0.000198 0 0 0 0 0.0063 0.0119396 0.009 0.0351433 0.7722347 0.2697727 0.01066098 0.01471698 0 0 0.0009 0.006527 0.000384 0.000912 0.0056 0.002883 0.007265 0 0 0
0.00552 0.006516 0 0 0 0.001275 0.001283 0.000554 0.000119 0.01992996 0.0006 0.0001 0.01424298 0 0.03864475 0 0 0 0 0.00358 0.004163 0.03213371 0.02180118 0 0 0 0.0004 0 0.0003 0 0.011301 0.009455 0.0002 0 9.8e-005 3.6e-005 0.017833 0.01218391 0.04406864 0.0467885 0.03539398 0.01405641 0.08339564 0.01226498 0 0 0 0 0.003477 0.02385036 0.02111021 0.009089729 0.03178096 0 0.0001 0 0 0 0.003102 0 0 0.010645 0.0001 0.01066498 0.0001 0 0 0
0 0.009158128 0.0002 0 8e-006 0 0.009964978 0 0.0001 0 0 0 0 0 0 0 0 0 0 0.005433 0 -9999 0.01036998 0.000828 0.009964978 0 0 0.01474298 0.002722 0.01036498 0 0.002967 0.005943 0 0 8e-005 0.0003 0 0.05272229 0.2169905 0 0 0.0051 0.0368773 0.0002614804 0.002941 0.01957965 0 0.009964978 0.0023 0.000916 0.0138517 0.008729258 0.06147741 0.004 0.01046498 0.01375 0.00092 0 0.000808 0 0.000424 0 0 0 0 0 0.02978088
0 0.005299851 0 0 0.007291 0 0 0 0 0 0.008246 0.01444585 0.02034408 0.002586 0 0.01261098 0.006417 0.008075 0 0 -9999 -9999 -9999 -9999 -9999 0 0 0 0 0.05646432 0 0.004836 0 0 0 0 0.0052 0 0 0.1654997 0 0 0 0.01222887 0.05935514 0.07302779 0.02392627 0 0 0.0105 0.0035 0 0 0.01031444 0.002572 0.00611 0.022503 0.002145 0 0.0001 0 0 0 0.008558636 0 0 0.3000995 0.6693783
0.07592158 0.009501 0 9.6e-005 0.000384 0.0024 0 0 0 0.000106 0.031932 0.009139 0 0.011967 0.010709 3.9e-005 0.003637 0 -9999 -9999 -9999 -9999 -9999 -9999 -9999 0 0.004802 0.000686 0.3415006 0.6826212 0.04839863 0.0003 0 0 0 0 0.007589 0.001893 2.4e-005 0 0 0.0027 0.0014 0 0.0016 0.009165061 0.02002996 0.02415287 0 0 0.0061 0.0018 0 0.020361 0.01536898 0.001683 0.00252 9.9e-005 0.013708 0.007328 0 0 0 0.001406343 0 0 0.005196461 0.01975261
0.04808559 0 0 0 0.000288 9.6e-005 0.0022 0.001 0 0.0002 0 0 0 0.000102 0.00011 0 0 -9999 -9999 -9999 -9999 -9999 -9999 -9999 0 0.002556 0.00555 0 0.4149262 0.409392 0.01849477 0 0.0002 0.023392 2.5e-005 0.001762 0.002646 0 0 0.001076 0.0069 0.01992996 0.004434 0 0 0 0.004422 0.03064304 0.0023 0 0 0.010434 0.002313 0 0.01001998 0 0 0.0011 0.003442 0.002614 0 0 0 0 0 0 0.001578786 0.0007440191
0.0013 0 0 0 0 0 0.0002 0.01553 0.004765 0.017017 0.00013 0 0.001995 0.009555 0 0.002633 0 -9999 -9999 -9999 -9999 -9999 -9999 -9999 0.0038 0.0005 0.008901 0 0 0 0.000196 0.001954 0.0007 0 0.014791 0.006929 0.00484 0.006837 0 0 0.008332 0.010339 0.0006 0 0.010499 0.014576 0.006799 0 0.01016098 0 0 0.0002 0.00196 0.000268 0.010332 0.000115 0.005457 0 0 0 0 0 0 0 0 0 0 0
