EnvRasters/BAU_Low/other.asc
ncols         270
nrows         223
xllcorner     24099.479091542
yllcorner     21023.840179216
cellsize      1003.8986847201
NODATA_value  -9999
[rows 0 to 30 of 223, columns 136 to 203 of 270]
-9999 -9999 -9999 -9999 -9999 -9999 -9999 -9999 -9999 -9999 -9999 -9999 -9999 -9999 -9999 -9999 -9999 0.004200656 -9999 -9999 -9999 -9999 -9999 -9999 -9999 -9999 -9999 -9999 -9999 -9999 -9999 -9999 -9999 -9999 -9999 -9999 -9999 -9999 -9999 -9999 -9999 -9999 -9999 -9999 -9999 -9999 -9999 -9999 -9999 -9999 -9999 -9999 -9999 -9999 -9999 -9999 -9999 -9999 -9999 -9999 -9999 -9999 -9999 -9999 -9999 -9999 -9999 -9999
-9999 -9999 -9999 -9999 -9999 -9999 -9999 -9999 -9999 -9999 -9999 -9999 -9999 -9999 -9999 0.000637 0.099658 0.07620719 0.04322946 0.043375 0 -9999 -9999 -9999 -9999 -9999 -9999 -9999 -9999 -9999 -9999 -9999 -9999 -9999 -9999 -9999 -9999 -9999 -9999 -9999 -9999 -9999 -9999 -9999 -9999 -9999 -9999 -9999 -9999 -9999 -9999 -9999 -9999 -9999 -9999 -9999 -9999 -9999 -9999 -9999 -9999 -9999 -9999 -9999 -9999 -9999 -9999 -9999
-9999 -9999 -9999 -9999 -9999 -9999 -9999 -9999 -9999 -9999 -9999 -9999 -9999 -9999 0 0.03637696 0.1954839 0.09987754 0.07599 0.011629 0.001229 -9999 -9999 -9999 -9999 -9999 -9999 -9999 -9999 -9999 -9999 -9999 -9999 -9999 -9999 0.000978 0 -9999 -9999 -9999 -9999 -9999 -9999 -9999 -9999 -9999 -9999 -9999 -9999 -9999 -9999 -9999 -9999 -9999 -9999 -9999 -9999 -9999 -9999 -9999 -9999 -9999 -9999 -9999 -9999 -9999 -9999 -9999
0.027577 0.014638 -9999 -9999 -9999 -9999 -9999 -9999 -9999 -9999 -9999 -9999 -9999 -9999 0.02808483 0.08981162 0.031357 0.1128283 0.050583 0.03023298 0.07651398 0.045185 0.005309 -9999 -9999 -9999 -9999 -9999 -9999 -9999 -9999 -9999 -9999 -9999 0.010546 0.043165 0.00039 -9999 -9999 -9999 -9999 -9999 -9999 -9999 -9999 -9999 -9999 -9999 -9999 -9999 -9999 -9999 -9999 -9999 -9999 -9999 -9999 -9999 -9999 -9999 -9999 -9999 -9999 -9999 -9999 -9999 -9999 -9999
0.11301 0.070022 -9999 -9999 -9999 -9999 -9999 -9999 -9999 -9999 -9999 -9999 -9999 0.000638 0.045796 0.2266396 0.09203847 0.05283864 0.1712627 0.028313 0.099214 0.089019 0.001538 -9999 -9999 -9999 -9999 -9999 -9999 -9999 -9999 -9999 -9999 0 0.032647 0.06725596 0.015761 0.00225 0.009051 -9999 -9999 -9999 -9999 -9999 -9999 -9999 -9999 -9999 -9999 -9999 -9999 -9999 -9999 -9999 -9999 -9999 -9999 -9999 -9999 -9999 -9999 -9999 -9999 -9999 -9999 -9999 -9999 -9999
0.05351598 0.053289 -9999 -9999 -9999 -9999 -9999 -9999 -9999 -9999 -9999 -9999 0.041081 0.04006998 0.151025 0.1975229 0.150223 0.1180578 0.04659273 0.105936 0.05487298 0.155832 0.005751 -9999 -9999 -9999 -9999 -9999 -9999 -9999 -9999 -9999 -9999 0.00013 0.017578 0.081529 0.03351 0.030192 0.07578996 0.002165 -9999 -9999 -9999 -9999 -9999 -9999 -9999 -9999 -9999 -9999 -9999 -9999 -9999 -9999 -9999 -9999 -9999 -9999 -9999 -9999 -9999 -9999 -9999 -9999 -9999 -9999 -9999 -9999
0.06540098 0.00552 -9999 -9999 -9999 -9999 -9999 -9999 -9999 -9999 -9999 0.000496 0.1867516 0.1077096 0.08909598 0.21331 0.071168 0.1105479 0.074072 0.058127 0.234148 0.105115 0.001425 -9999 -9999 -9999 -9999 -9999 0 0.015199 -9999 -9999 -9999 0.012514 0.057674 0.039637 0.036056 0.02267498 0.06141287 0.000189 -9999 -9999 -9999 -9999 -9999 -9999 -9999 -9999 -9999 -9999 -9999 -9999 -9999 -9999 -9999 -9999 -9999 -9999 -9999 -9999 -9999 -9999 -9999 -9999 -9999 -9999 -9999 -9999
0.099105 -9999 -9999 -9999 -9999 -9999 -9999 -9999 -9999 -9999 0.08109298 0.077032 0.1113415 0.114154 0.109551 0.08623694 0.134887 0.193582 0.156297 0.04668377 0.048992 0.019115 -9999 -9999 -9999 -9999 -9999 0.002177 0.01220898 0.056765 -9999 -9999 -9999 0.04505891 0.083958 0.08833 0.0517471 0.1160497 0.002227 0.02022196 0 -9999 -9999 -9999 -9999 -9999 -9999 -9999 -9999 -9999 -9999 -9999 -9999 -9999 -9999 -9999 -9999 -9999 -9999 -9999 -9999 -9999 -9999 -9999 -9999 -9999 -9999 -9999
0.024118 -9999 -9999 0 -9999 -9999 -9999 -9999 -9999 -9999 0.08406096 0.062784 0.08397093 0.1581773 0.095748 0.09797498 0.06086498 0.06112098 0.098775 0.1879399 0.1095875 0.009306 -9999 -9999 -9999 -9999 -9999 0.026892 0.021837 0.04494894 -9999 0 0.011036 0.05081598 0.009527 0.017536 0.087507 0.1755551 0.129537 0.127879 0 -9999 -9999 -9999 -9999 -9999 -9999 -9999 -9999 -9999 -9999 -9999 -9999 -9999 -9999 -9999 -9999 -9999 -9999 -9999 -9999 -9999 -9999 -9999 -9999 -9999 -9999 -9999
0.04185894 0.01993396 0.000223 0.045005 0.03573 0.076695 0.04199198 0.006435 5e-005 0.06478598 0.03201 0.071346 0.02901067 0.1902281 0.084845 0.211997 0.069402 0.01261398 0.030001 0.09243301 0.1274514 0.002421 -9999 -9999 -9999 -9999 -9999 -9999 0.00954 0.016145 0 0.07362598 0.089005 0.07433085 0.02461 0.09464794 0.2276018 0.045498 0.09435923 0.1725317 0.000276 -9999 -9999 -9999 -9999 -9999 -9999 -9999 -9999 -9999 -9999 -9999 -9999 -9999 -9999 -9999 -9999 -9999 -9999 -9999 -9999 -9999 -9999 -9999 -9999 -9999 -9999 -9999
0.03484394 0.03440098 0.006405 0.0266 0.087747 0.106472 0.083949 0.021374 0.07225198 0.230767 0.119756 0.102758 0.06426395 0.1433195 0.022117 0.08480598 0.101998 0.01073798 -9999 -9999 -9999 0.000223 0.000539 -9999 0.000108 0.004234 0 -9999 -9999 0 0.01960598 0.057727 0.138228 0.05723 0.04342098 0.151372 0.07565601 0.09214898 0.111472 0.005051 -9999 -9999 -9999 -9999 -9999 -9999 -9999 -9999 -9999 -9999 -9999 -9999 -9999 -9999 -9999 -9999 -9999 -9999 -9999 -9999 -9999 -9999 -9999 -9999 -9999 -9999 -9999 -9999
0.025798 0.098418 0.033668 0.003235 0.171899 0.131993 0.09137998 0.121002 0.226467 0.117 0.106126 0.110918 0.06282598 0.23027 0.08859498 0.064591 0.082464 0.024857 0.001019 0.03264998 0.01008498 0.1202007 0.02814698 0.02519701 0.037723 0.100284 0.004681 0 -9999 0.06100278 0.02519443 0.07164734 0.059668 0.08798098 0.02941 0.042493 0.02710881 0.07193136 0.2513676 0.044605 -9999 -9999 -9999 -9999 -9999 -9999 -9999 -9999 -9999 -9999 -9999 -9999 -9999 -9999 -9999 -9999 -9999 -9999 -9999 -9999 -9999 -9999 -9999 -9999 -9999 -9999 -9999 -9999
0.05924296 0.096303 0.021203 0.06127998 0.09914298 0.049207 0.08735897 0.100107 0.016982 0.06708 0.112138 0.05658738 0.042484 0.133767 0.05773198 0.08863 0.002365 0.000787 0.044812 0.087052 0.050204 0.03554 0.0189178 0.1104291 0.07255198 0.05501571 0.02608427 0.004135 0.0198832 0.1312328 0.02693497 0.3776215 0.09216163 0.1059748 0.07086408 0.084003 0.003525167 0.036167 0.08634689 -9999 -9999 -9999 -9999 -9999 -9999 -9999 -9999 -9999 -9999 -9999 -9999 -9999 -9999 -9999 -9999 -9999 -9999 -9999 -9999 -9999 -9999 -9999 -9999 -9999 -9999 -9999 -9999 -9999
0.1123986 0.062424 0.185676 0.009625 0.04072 0.009652 0.1833549 0.190719 0.165321 0.161825 0.038873 0.0313836 0.04668051 0.084459 0.024065 0.03655498 0.03455896 0.09096394 0.058984 0.04498598 0.056835 0.093135 0.049314 0.07968798 0.029167 0.04442498 0.041796 0.076081 0.03681 0.1876602 0.1139744 0.1276162 0.137348 0.1565666 0.0670824 0.080974 0.02568198 0.00121441 0.03627618 -9999 -9999 -9999 -9999 -9999 -9999 -9999 -9999 -9999 -9999 -9999 -9999 -9999 -9999 -9999 -9999 -9999 -9999 -9999 -9999 -9999 -9999 -9999 -9999 -9999 -9999 -9999 -9999 -9999
0.022047 0.01227698 0.08024939 0.08723384 0.105063 0.014539 0.2338856 0.2969144 0.2227813 0.088826 0.06102198 0.0908777 0.1204849 0.05271198 0.03205198 0.059085 0.063357 0.048053 0.056502 0.09762398 0.108542 0.07028598 0.03281061 0.07556598 0.000573 0.06421293 0.217137 0.068312 0.079387 0.2024366 0.2110786 0.06207228 0.07753053 0.08060198 0.061903 0.124728 0.004476 0.02351653 0.03266026 0.035467 -9999 -9999 -9999 -9999 -9999 -9999 -9999 -9999 -9999 -9999 -9999 -9999 -9999 -9999 -9999 -9999 -9999 -9999 -9999 -9999 -9999 -9999 -9999 -9999 -9999 -9999 -9999 -9999
0.023765 0.05082264 0.4511427 0.04600432 0.5253656 0.8623449 0.897621 0.446364 0.2655721 0.1014 0.079988 0.05930682 0.08289 0.03391198 0.004146 0.05375598 0.10536 0.01369 0.00803 0.200523 0.03653298 0.022806 0.08842837 0.072834 0.05901453 0.258094 0.336641 0.03516314 0.1001721 0.1780752 0.144718 0.01090298 0 0.026927 0.008146 0.027488 0.01996896 0.01143 0.09491539 0.127338 0.073208 -9999 -9999 -9999 -9999 -9999 -9999 -9999 -9999 -9999 -9999 -9999 -9999 -9999 -9999 -9999 -9999 -9999 -9999 -9999 -9999 -9999 -9999 -9999 -9999 -9999 -9999 -9999
0.08130698 0.069313 0.231913 0.2721528 0.9575471 0.981126 0.3971187 0.196291 0.080937 0.136124 0.03295198 0.05562196 0.040808 0.08461694 0.0679173 0.11119 0.051082 0.04566686 0.1071674 0.08858105 0.062754 0.08541288 0.04786011 0.03509992 0.1800555 0.1508 0.247613 0.1557487 0.05577566 0.05692154 0.096796 0.1906524 0.03353398 0.06551996 0.04943269 0.01075824 0.109354 0.009431 0.082407 0.050283 0 0.01798675 -9999 -9999 -9999 -9999 -9999 -9999 -9999 -9999 -9999 -9999 -9999 -9999 -9999 -9999 -9999 -9999 -9999 -9999 -9999 -9999 -9999 -9999 -9999 -9999 -9999 -9999
0.04535509 0.010484 0.0928677 0.8790963 1 0.6554673 0.06879333 0.05385537 0.013911 0.216273 0.008492 0.01755498 0.057927 0.054118 0.1330623 0.134757 0.094666 0.004689535 0.156915 0.03783389 0.08005798 0.0619308 0.06816987 0.030294 0.003163 0.050362 0.129412 0.134374 0.02219096 0.01230498 0.06280687 0.3931669 0.2965832 0.1311544 0.183466 0.09164792 0.05938669 0.03919641 0.1397193 0.007681 0.002740578 0.5918369 0.006560748 -9999 -9999 -9999 -9999 -9999 -9999 -9999 -9999 -9999 -9999 -9999 -9999 -9999 -9999 -9999 -9999 -9999 -9999 -9999 -9999 -9999 -9999 -9999 -9999 -9999
0.003181863 0.02774117 0.6963173 0.9881866 0.5572246 0.03435805 0.000124 0.02155953 0.000752 0.036041 0.05789907 0.02659437 0.1256749 0.147533 0.2034285 0.163573 0.001254 0.04403998 0.02763698 0.0678242 0.1062788 0.3861964 0.226683 0.100753 0.03184 0.04915698 0.104481 0.02426 0.01024298 0.04609874 0.07463659 0.027632 0.140196 0.289742 0.186936 0.0670101 0.056385 0.06040347 0.06591441 0.08098355 0.06181657 0.3584337 3e-005 -9999 -9999 -9999 -9999 -9999 -9999 -9999 -9999 -9999 -9999 -9999 -9999 -9999 -9999 -9999 -9999 -9999 -9999 -9999 -9999 -9999 -9999 -9999 -9999 -9999
0.001622359 0.5112239 0.9709507 0.3389657 0.026861 0.06571296 0.028467 0.05857198 0.026736 0.1203281 0.1998509 0.07032348 0.2303358 0.2746317 0.2743052 0.2213671 0.114089 0.1119464 0.06970557 0.08830003 0.39333 0.1265196 0.1936907 0.1791282 0.1362929 0.1476786 0.05690396 0.03888893 0.06954993 0.07081723 0.03305814 0.03625691 0.03619178 0.1003342 0.08909424 0.08880334 0.05088298 0.000463 0.06597596 0.06727016 0.08106974 0.2271016 0.007938437 -9999 -9999 -9999 -9999 -9999 -9999 -9999 -9999 -9999 -9999 -9999 -9999 -9999 -9999 -9999 -9999 -9999 -9999 -9999 -9999 -9999 -9999 -9999 -9999 -9999
0.2250184 0.5650515 0.1254441 0.01571498 0.02466998 0.02213198 0.110628 0.05076249 0.1839962 0.2263563 0.09405454 0.03089363 0.06441058 0.208885 0.4576976 0.1666757 0.07491052 0.1019655 0.06778474 0.07166146 0.2615932 0.08271582 0.1450746 0.1295352 0.08100301 0.06788991 0.04187294 0.03020793 0.07554885 0.03599804 0.000964 0.05316298 0.1388899 0.05659183 0.02133398 0.03471693 0.01045398 0.013068 0.00108 6e-005 0.008052 0.1580595 0.03174448 -9999 -9999 -9999 -9999 -9999 -9999 -9999 -9999 -9999 -9999 -9999 -9999 -9999 -9999 -9999 -9999 -9999 -9999 -9999 -9999 -9999 -9999 -9999 -9999 -9999
0 0 0.009980978 0.03985991 0 0.002236 0.05964889 0.04733118 0.0386 0.028818 0.04299 0.063082 0.09083596 0.06262546 0.08318615 0.166349 0.154725 0.1170756 0.000849 0.0669211 0.06231805 0.0418642 0.001933 0.002704 0.002962 0.006247 0.01001098 0.00035 0 0 0.017354 0.060057 0.002347 0.02745446 0.06837539 0.01625498 0.026274 0.020324 0 0.000296 0.019367 0.0688738 0.07966216 0 -9999 0.005909 0 0 0 -9999 -9999 -9999 -9999 -9999 -9999 -9999 -9999 -9999 -9999 -9999 -9999 -9999 -9999 -9999 -9999 -9999 -9999 -9999
0.0388221 0.05495489 0.01992996 0 0.03791125 0.02989493 0.00021 0.03433403 0.01477359 0.1915352 0.1501721 0.04398796 0.074106 0.09193996 0.062369 0.026356 0.115475 0.132787 0.030191 0.05776154 0.1526919 0.06434625 0.000702 0 0.002275 0.000966 0 0.00075 0 0.03985991 0.008985 0.028731 0.020428 0.088905 0.02205 0.02979776 0.2017099 0.105092 0.004899 0.04052 0.06922198 0.019288 0.08988994 0.01426431 0.020993 0.039572 0.03217193 0 0 0 0 -9999 -9999 -9999 -9999 -9999 -9999 -9999 -9999 -9999 -9999 -9999 -9999 -9999 -9999 -9999 -9999 -9999
0.02391812 0.2114242 0.01977441 0.02989493 0.01191364 0.00101 0.002298 0.08799987 0.127725 0.11291 0.05889398 0.002913 0.010531 0.005271 0.03028794 0.007202 0.028934 0.05604257 0.037351 0.06484833 0.05483568 0.00477828 0.01992996 0 0 0.009066 0.01164798 0 0.009964978 0.001429 0.000210258 0.003449353 0.050424 0.08425646 0.01895408 0.0633742 0.04000298 0.07437498 0.013519 0.02921 0.03468096 0.029698 0.1595006 0.09699316 0.001537 0.009964978 0.005854 0.0378732 0.01592969 0.06022387 0.01992996 -9999 -9999 -9999 -9999 -9999 -9999 -9999 -9999 -9999 -9999 -9999 -9999 -9999 -9999 -9999 0.01194698 0.010893
0.01272634 0.2900042 0.05799622 0 5.4e-005 0.001529 0.01082098 0.0304 0 0.005514 0.048017 0.029901 0.01753398 0.000417 0.005480742 0.0467 0.025106 0.03456734 0.040577 0.08007059 0.001637 0.018129 0.004564 0 0.01658498 0.001602 0.004944 0.01474269 0.130188 0.05418226 0.06117157 0.2375012 0.013435 0.1070427 0.05104645 0.03029696 0.004653 0.039743 0.102031 0.043679 0.035108 0.1639588 0.02129 0.2434954 0.1242494 0 0.03330098 0.002747 0.009964978 1e-006 -9999 -9999 -9999 -9999 -9999 -9999 -9999 -9999 -9999 -9999 -9999 -9999 -9999 -9999 -9999 0 0.055913 0.04191596
0.2006253 0.1020281 0.0114044 0.0352078 0.03298394 0.003629 0.006105 0.000312 0 0.081249 0.01042098 0.004387 0.032589 0.05021398 0.02621124 0 0.07054285 0.07462198 0.066155 0.1198723 0.06897078 0.008589 0.1217047 0.007508 0.000374 0.09003183 0.057534 0.2277984 0.2607255 0.05892349 0.05995398 0.032476 0.063254 0.05140157 0.01539598 0.06255194 0.065534 0.017961 0.07166198 0.026517 0.035297 0.019665 0.011951 0.03203925 0.1282323 0.04094723 0.00104 0.0086 0.02450196 0.012822 -9999 -9999 -9999 -9999 -9999 -9999 -9999 -9999 -9999 -9999 -9999 -9999 -9999 0 0.020879 0.031633 0.006959 0.02028296
0.09632277 0.04015012 0.05775398 0.03574299 0.009066063 0.082226 0.024412 0.00897 0 0.016636 0.03701018 0.0136958 0.0284 0.014029 0.001164 0.1181148 0.08662168 0.05439527 0.060161 0.000442 0.02463818 0.1494827 0.05885298 0.01411398 0.02584396 0.024898 0.073789 0.7153602 0.2090243 0.05394141 0.055546 0.08254798 0.058081 0.02583439 0.014464 0.110609 0.04861 0.057181 0.068118 0.006256 0.001324 0.003241 0.06013796 0.01957279 0.1922881 0.0190933 0.04982489 0.0081 0.08999598 0.031809 -9999 -9999 -9999 -9999 -9999 -9999 -9999 0.03328694 0 0.007565 0 -9999 0 0.07160498 0.047082 0.199066 0.012573 0.006224105
0.007397164 0.01281198 0.00801 0.009964978 0.04800427 0.1423493 0.009607048 0.01355769 0 0.000175 0.049893 0.033734 0.006679 0.00213 0.03243294 0.03981704 0.2271037 0.03523378 0.005782 0.004229276 0.03505 0.01364837 0.00954 0.01746798 0.017874 0.043229 0.4737184 0.8037347 0.4252566 0.06828336 0.073323 0.01198888 0.01974598 0.05510398 0.04911298 0.093968 0.026358 0.05879 0.05265596 0.08268186 0.1482281 0.122498 0.140101 0.2400454 0.08457818 0.002919432 0.007680224 0.1478337 0.07561 0.195385 0.001038 0.001355 0.000305 0.009964978 0.009966979 0.0520763 0.01933467 0.04522 0.04220194 0.064766 0.06730798 0.03717 0.07092542 0.06156926 0.02342 0.02446958 0.010733 0.02606379
0 0.02989794 0.01004898 0.04949494 0.02585058 0.06186758 0.03595191 0.003539292 0.00026 0.01027298 0 0 0.01516498 0.02771098 0.070563 0.243586 0.06925857 0.031787 0.000955 0.05123226 0.0294442 0.01527 0.01920265 0.02830833 0.016699 0.062291 0.2912195 0.8625618 0.2068867 0.04057998 0.021482 0.02135509 0.01943572 0.06809026 0.113314 0.04229 0.169066 0.046709 0.035584 0.06306434 0.075111 0.106845 0.0459507 0.06538201 0.05201209 0.009186 0.023122 0.0019 0.02134296 0.04056498 0.099076 0.091269 0.02609824 0.04152149 0.08560798 0.1858281 0.08626556 0.05163296 0.004542 0.013649 0.08491958 0.2490222 0.1058726 0.00248 0.01967898 0.0118264 0.000798 0.01159798
0 0.001649 0.01992996 0.009964978 0.070847 0.01994296 0.02530998 0.004998 0.004704 0.003663 0.019454 0.05513449 0.04957521 0.053389 0.026089 0.02411696 0.1338025 0.04437118 0.0368 0.09595741 0.08341505 0.029156 0.015695 0.01443798 0.06713793 0.03160398 0.006693294 0.2510602 0.00079 0.01461511 0.02792891 0.0004398232 0.05176009 0.01431917 0.07785261 0.01130679 0.011691 0.08234625 0.07585827 0.01793764 0.02472898 0.02264598 0.01368198 0.072823 0.05075446 0.002627 0.02565688 0.08618681 0.01151898 0.000556 0.06663211 0.1957587 0.04445537 0.1479449 0.02115811 0.001714697 0.0688957 0.05262199 0.3915184 0.1935894 0.343361 0.5871791 0.07713111 0.001839 0.008802 0.004663 0.000126 0.02687998
0.02603339 0.02989493 0.009964978 0 0 0.01992996 0.01281931 0.006148 0 0.012849 0.015539 0.05556 0.02314906 0.002707 0.037178 0.02045996 0.0054 0.07016671 0.05232135 0.1718035 0.01704998 0.007025 0.07489998 0.03499298 0.1854688 0.05984391 0.008707 0.028346 0.01398612 0.0268338 0.0220359 0.003458078 0.01561526 0.03062694 0.04355471 0.01509227 0.015155 0.0379262 0.06182405 0.01497925 3e-006 0.01114598 0.010007 0.09961838 0.0635749 0.1843989 0.2398877 0.2722569 0.2110488 0.3744169 0.4808419 0.03494944 0.00779554 0.000649 0.00372 0.00196 0.008834 0.01071098 0.000743 0.04633784 0.298281 0.1500178 0.0920182 0.07084265 0.09724289 0.01587014 0.09004746 0.04514794
