EnvRasters/BAU_Low/other.asc
ncols         270
nrows         223
xllcorner     24099.479091542
yllcorner     21023.840179216
cellsize      1003.8986847201
NODATA_value  -9999
[rows 31 to 61 of 223, columns 136 to 203 of 270]
0.09895846 0.03957041 0.0025 0.01992996 0.04559873 0.03251544 0.09894488 0.0025 0.001195 0.02607598 0.06588 0.169452 0.099808 0.075124 0.03271964 0.05492023 0.08042996 0.107072 0.071827 0.1671 0.033691 0.004848 0.026832 0.08574553 0.04430198 0.05303229 0.052074 0.02122598 0.007543 0 0.004725 0.00215 0.04191796 0 0 0.01992996 0.0984192 0.17109 0.01363998 0.07035071 0.3735068 0.08579558 0.1275858 0.5197168 0.6211327 0.7595712 0.3480803 0.5179527 0.6484447 0.3791414 0.2468997 0.009964978 0.004181887 0 0.001815 0 0.002138 0.02348398 0.02157498 0.001522 0.04285067 0.0169392 0.000279 0.0028888 0 0.1138632 0.1400805 0.05700306
0.2124427 0.0849803 0.2426614 0.1913429 0.159595 0.0101 0.07276662 0.02724298 0.06263498 0.02127 0.019696 0.069722 0.0247186 0.2095661 0.001035328 2.8e-005 0.008298 0.04424 0.083932 0.027768 0.03219098 0.009969 0.02630452 0.1368088 0.091351 0.001482 0.000471 0.009964978 0.003984 0.069116 0.040343 0.04240496 0 0.01015498 0.030808 0.1595425 0.07546178 0.118858 0.06959274 0.133204 0.4515015 0.2840831 0.7363339 0.1055012 0.2477549 0.2485794 0.3159287 0.1659476 0.07445214 0.01983593 0.03655053 0 0 0.005719804 0.002211 0.002842 0.03156496 0.001813 0.016102 0.04576098 0.009964978 0.01992996 0.00089 0.007364179 0.000314 0.02337198 0.026989 0.03039817
0.03263 0.09325863 0.285151 0.1203116 0.1399641 0.04051255 0.09972578 0.002676 0.08027999 0.003973 0.01425 0.111124 0.03373079 0.02108373 0.08288898 0.05056098 0.0056 0.011109 0.012 0.004733 0.006003 0.08346 0.170209 0.02437398 0.08512238 0.02895247 0 0.118453 0.1614248 0.1312 0.101399 0.049584 0.01400703 0.09515794 0.1152616 0.2510342 0.1880939 0.1136989 0.03115904 0.001333 0.03485576 0.018939 0.01599675 0.02038369 0.1038382 0.03352027 0.00061 0.00997973 0.006305 0.1973841 0.2663384 0.02447023 0.08210514 0.02928289 0.01468023 0.02112275 0.008917 0.184436 0.1571457 0.01715749 0.033621 0.01752 0 0 0.008362 0.00843 0.00535 0.015453
0.001788 0.2826254 0.08263985 0.01781385 0.005603 0.2632053 0.5292063 0.1482653 0.03118997 0.04042998 0.016629 0.04039296 0.012015 0.001068 0.02315046 0.00674752 0 0.001451508 0.02198445 0.01828 0.003871 0.06012477 0.01472919 0 0.07023134 0.1073223 0.0442862 0.1509708 0.0855905 0.1309906 0.070848 0.06554491 0.05159013 0.09446467 0.1463957 0.1071249 0.005645 0.000341 5e-005 0.017396 0.004211 0.000586 0 0.000602 0.05790165 0.001772 0.01347696 0.016593 0.105552 0.1641891 0.2375731 0.2488999 0.4226371 0.03544046 0.001064 0.002134 0.001007 0.02116498 0.000539 0.03233915 0.04357883 0.01314 0.009708 0.01322234 0.02235862 0.013654 0 0
0.101039 0.057828 0.02235696 0.008588 0.05677937 0.07721029 0.1822406 0.2083228 0.1145591 0.1570915 0.08793271 0.015909 0.02174696 6.4e-005 0 0.01744809 0.05000089 0.02959968 0.011274 0.056113 0.000745 0.019244 0 0.01934519 0.1060017 0.08627993 0.09458614 0.06939746 0.0652099 0.1594493 0.07023831 0.01981918 0.085618 0.06506476 0.068427 0.04535593 0.000311 0.001852 0.004275 0.000952 0.001408 0.004304 0.001089 0.01162598 0.09524099 0.0007814663 0.009964978 0.009964978 0.03562319 0.1406958 0.1615027 0.3214357 0.02362359 0 0.009964978 0 0.0801 0.0064 0.03738498 0.01366096 4.3e-005 0.001444 0.001324 2.8e-005 0.044124 0.028064 0.1200486 0.2048748
0.309504 0.088361 0.027419 0.017208 0.07138 0.035335 0.113724 0.03845856 0.09237562 0.09746722 0.1489092 0.1759045 0.1202925 0.1402825 0.1772659 0.2321338 0.4947602 0.5010578 0.2374202 0.1305775 0.07197694 0.09270081 0.02701196 0.02638175 0.04557217 0.0673736 0.05045789 0.02183396 0.1029008 0.04983889 0.04302933 0.085973 0.002084 0.1310402 0.082196 0.008294 0.008381 0.003987 0.002868 0.009964978 0 0.001962 0.03176498 0.05024989 0.1151784 0.0002159437 0.03446498 0.03980594 0.032161 0 0.000209 0.02882498 0.02344869 0.015449 0.01612011 0.019727 0.0508 0 0.01992996 0 0.02326498 0.006237 0.000406 0.01412687 0.05322411 0.005364 0.09284158 0.1177659
0.029969 0.032606 0.154111 0.104816 0.1230908 0.01371098 0.04742641 0.1473954 0.2779365 0.1329526 0.007203341 0.03149493 0.01706498 0.01992996 0.04001338 0.146283 0.2756422 0.418917 0.5080841 0.460707 0.04564728 0.06975485 0 0.06415487 0.04603494 0.013978 0.000554 0.010542 0.027272 0.02745298 0.03700598 0.013567 0.000698 0.07221933 0.04994264 0.019997 0.2161195 0.1196282 0.02804951 0.04493091 0.01992996 0.02035696 0.000661 0.08550298 0.07808799 0.002135 0.002056 0.01868098 0.000106 0.01106498 0.03369693 0.04172425 0.03207214 0.003635 0.004501872 0 0 0 0 0 0.091629 0.017271 0.07404003 0.03124247 0.02246952 0.2559509 0.8339779 0.3084483
0.235955 0.1278148 0.048119 0.1539444 0.081383 0.028135 0.1345593 0.3254151 0.04232354 0.032266 0.004761638 0.00074 0.02018296 0.000518 0.024017 0.00315 0.000198 0.01957389 0.004554 0.01724798 0.1242191 0.1884848 0.1388881 0.01229599 0.031924 0.044634 0.002269 0.008159 0.104945 0.027726 0.022947 0.01813798 0.0037 1.2e-005 0.006725 0.1103428 0.1509869 0.02607012 0.0387264 0 0.106208 0.016436 0.08160798 0.08841257 0.05612971 0.000301 0.058605 0.02475496 0.03106696 0.0008 0.035264 0.08675402 0.02110466 0.01232298 0.003932 0.013132 0.009964978 0 0 0 0.091018 0.004411253 0.05700281 0.09297616 0.06513344 0.8092214 0.2469956 0.016009
0.063248 0.06576421 0.090195 0.1303145 0.08679298 0.1325546 0.246265 0.05981704 0.009964978 0 0 0.095315 0.284408 0.03357498 0.041941 0.126332 0.036711 0.03575898 0.01014998 0.003871 0.02472398 0.056061 0.0267781 0.173908 0.1700641 0.03403716 0.001866 0.016099 0.046662 0.023963 0.04397298 0.002144 0 0.009964978 0.001166299 0.06249329 0.02610496 0.031545 0.01077145 0.007489528 0.05219698 0.038196 0.07120895 0.1027713 0.005112099 0 0.06504449 0.05314302 0.05399598 0.06573866 0.02886248 0.06230439 0.07927838 0.2094985 0.0264878 0.5074261 0.256043 0.3298048 0.6787055 0.02036489 0.00175 0.01583472 0.04656734 0.02680214 0.0481922 0.5844288 0.005882 0.09291798
0.031431 0.048185 0.044812 0.04777396 0.1564782 0.07313265 0.009745579 0.02245996 0.01192598 0.049179 0.04306298 0.019369 0.069141 0.020835 0.04686698 0.04556096 0.007065 0.015054 0.001535 0.025202 0.1100319 0.04090607 0.042766 0.000118 0.01366014 0.101023 0.1267492 0.05387902 0.0531739 0.1363888 0.184662 0.029542 0.003754 0.02174017 0.2879654 0.0511411 0.03052314 0.05939335 0.0424955 0.025851 0.113536 0.001341 0.1539291 0.1434875 0.03487228 0.05371293 0.07376382 0.02870528 0.01740798 0.01294731 0.07095701 0.07968365 0.5622299 1 0.9742929 1 0.9891444 0.7068911 0.4290612 0.02002749 0.020325 0.040894 0.01816342 0.04422098 0.075603 0.1294724 0.050889 0.02102998
0.058729 0.005798 0.05999387 0.0523457 0.1450923 0.0569996 0.01341684 0.009244679 0.0876 0.05562498 0.01355898 0.003268 0.03631198 0.009978 0.004739 0.002895 2.9e-005 0.016117 0.007864 0.07065398 0.095733 0.07240524 0.00053 0.013408 0.02149882 0 0.000537 0.08166424 0.1523442 0.08981118 0.0506134 0.04733656 0.02182209 0.0912557 0.02940641 0.03069465 0.01066392 0.03000196 0.03082398 0.02851484 0.07159231 0.05356731 0.06161458 0.1301768 0.005115657 0.02081598 0.01011398 0.03037594 0.02099696 0.105645 0.08396295 0.08793364 0.8744673 1 1 1 1 0.7945479 0.1648083 0.01943598 0.018901 0.02911617 0.01134451 0.011477 0.010237 0.03143598 0.02537615 0.02400483
0.051567 0.025496 0.002633 0.02916831 0.1221519 0.1134756 0.1570545 0.07269558 0.088385 0.147193 0.1128227 0.0272747 0.026777 0.01368737 0.082718 0.03827698 0.011869 0.03523 0.053165 0.074966 0.00627 0.02117067 0.2735698 0.05427061 0.002112 0.051109 0.000559 0.066123 0.04062398 0.04924005 0.1846438 0.1097704 0.07151616 0.05744351 0.01019998 0.03248115 0.02201779 0.003444 8.6e-005 0.0005571212 0.006175169 0.022737 0.050307 0.09654789 0.02510318 0.05690871 0.009054 0.06772498 0.00087 0.016707 0.06418787 0.139166 1 1 1 1 1 0.3078781 0 0.007525 0.010997 0.02764927 0.003991 0.04835796 0.076074 0.000566 0.009768 0.002418
0.06215 0.02955896 0.07179786 0.1524913 0.07214377 0.09987292 0.07214398 0.0764367 0.08488685 0.01066454 0.2111578 0.2205668 0.1459149 0.09845302 0.03639737 0.05248192 0.05762616 0.0383478 0.035404 0.021198 0.02604198 0.004855 0.1194797 0.09832613 0.06787798 0.036469 0.04574396 0.04279498 0.070014 0.032132 0.01440258 0.01768557 0.1955671 0.1746232 0.06956513 0.003408 0.002725 0.01223898 0.06916998 0.17238 0.042981 0.123816 0.09630298 0.1058279 0.057939 0.07263402 0.010467 0.05814998 0.01021898 0.003679 0.012505 0.007836129 0.6780685 0.9638451 0.7690121 1 1 0.5822695 0.002695421 0.006900875 0.02687398 0.024052 0.009747 0.070001 0.045637 0.036958 0.04205298 0.025162
0.09524971 0.3245958 0.1878755 0.1367715 0.0500588 0.08196042 0.066679 0.034994 0.000203 0.00038 0.016987 0.013017 0.013418 0.006054 0.03876761 0.03908826 0.01314 0.031754 0.02487 0.006696 0.126098 0.034286 0.165021 0.030483 0.055257 0.244056 0.095279 0.014174 0.006933 0.006419 0.011884 0 0.2199101 0.05816026 0.1229713 0.1017319 0.1211261 0.02489627 0.1698979 0.04425034 0.02269824 0.1301177 0.2629169 0.1671962 0.051445 0.001655 0.0097 0.010857 0 0.013091 0.004359 0.4237472 0.4412551 0.9718368 0.9918284 1 1 1 0.6970307 0.008360104 0.03237556 0.02634439 0.0149 0.062373 0.03090724 0.04014874 0.04336 0.04137298
0.2679136 0.07822188 0.072092 0.140412 0.2012079 0.1328815 0.015996 0.1913436 0.1221565 0.07600298 0.053175 0.038056 0.01693498 0.04488998 0.00047 0.08358639 0.000642 0.054021 0.047774 0.000289 0.02833998 0.002182 0.02477 0.01750298 0.03283598 0.00225 0.007514 0.01992996 0.003034 0.013962 0.06443597 0.003803661 0.07514085 0.01028998 0.014329 0.08355098 0.06998796 0.1205199 0.1034562 0.1575907 0.08967322 0.09589 0.2190386 0.09478494 0 0 0 0.003608 0.016571 0.007022 0.029619 0.2079595 0.2933658 0.5342816 0.9070849 1 1 0.899619 0.9801885 0.166774 0.008974023 0.02950965 0.0518 0.0315958 0.02207998 0.019322 0.032669 0.001385
0.06660739 0.1395821 0.08483984 0.145166 0.1330489 0.16031 0.00064 0.06863107 0.1445039 0.075519 0.157534 0.155662 0.067382 0.006380042 0.01019123 0.072376 0.000836 0.001675 0.013695 0.127096 0.1550316 0.080599 0.014601 0.011048 0.00728 0.03662898 0.004569 2e-006 0.02868355 0.04327259 0.07035085 0.02849627 0.01924598 0.01203849 0.163233 0.074779 0.013515 0.030151 0.01649 0.02821198 0.1237906 0.1799832 0.2269165 0.2777687 0.01485 0.0019 0.01951298 0.01167698 0.001378 0.01091198 0.034768 0.006755 0.3921596 0.9846532 0.9938122 0.7820311 0.6631371 0.6130077 0.7137914 0.3472333 0.005801502 0 0.0042 0.01088916 0.016386 0.042574 0.16852 0.073538
0.116823 0.135623 0.03177498 0.08604543 0.1806681 0.112684 0.04739895 0.1150977 0.1306309 0.102712 0.071807 0.02090598 0.03686294 0.018311 0.01005298 0.02228396 0.05401799 0.004137638 0.005827341 0.009797 0.03613333 0.09940898 0.00279 0.029832 0.00071 0.06469896 0.029828 0.04028592 0.03562042 0.02846821 0.01849 0.06005389 0.02886337 0.07450102 0.066531 0.100683 0.012448 0.037175 0.01330098 0.02774568 0.02554525 0.002399 0.006762 0.04572779 0.1980608 0.00245 0.01584 0.05288398 9.7e-005 0.02818898 0.010463 0.01926898 0.02962749 0.08056344 0.2150053 0.002547 0.331139 1 1 0.9761397 0.0316516 0.02387944 0.016846 0.07414896 0.023189 0.04271998 0.050549 0.154033
0.12841 0.05390098 0.1851229 0.1139854 0.1285204 0.09920237 0.132472 0.3088482 0.09187498 0.150868 0.033948 0.01997898 0.001078 0 0 0.009135 0.07942019 0.051646 0.000136 0 0.01507294 0.02491898 4.2e-005 0 0.04777098 0.03546894 0.07179585 0.02989493 0 0.032959 0.03248398 0.1104188 0.09769383 0.003437 0.04199206 0.06573983 0.04867798 0.08728998 0.026003 0.000131 0.04465991 0.05147389 0.009586 0 0.005130284 0.1514167 0.03232323 0 0.01076098 0.03258489 0.01136498 0.01855594 0.01410802 0.05739538 0.005088512 0.06265991 0.8562034 0.9857821 0.9680763 0.9576476 0.110085 0.192938 0.025237 0.032403 0.05193598 0.15571 0.082071 0.032105
0.039126 0.033849 0.065396 0.07742998 0.3492309 0.195636 0.231465 0.266745 0.068255 0.178324 0.086311 0.017927 0.022638 0 0 0.00786 0.02445317 0.08608422 0 0 0.02989493 8.7e-005 0.04018091 0.07873088 0.04761688 0.02196771 0.02303125 0.005945 0.011872 0.025235 0.04732094 0.01510135 0 0.0171678 0.04574481 0.03830197 0.01288098 0.001378 0.003043616 0.00138 0 0.000812 0 0 0.02265775 0.03164569 0.1216948 0.1163667 0 0.01011898 0.02962396 0.110584 0.008629 0.011982 0.009367 0.1650583 0.3861591 0.2705821 0.1279406 0.1368961 0.02095696 0.02962505 0.02307898 0.088172 0.0740717 0.05270098 0.04645209 0.07104463
0.1500416 0.1160608 0.08004703 0.01722278 0.07846493 0.12321 0.069815 0.016912 0.005196 0.016165 0.008368 0.217381 0.08282191 0.04824196 9.6e-005 1.3e-005 0.112019 0.063315 0.07498547 0.2242714 0.06010296 0.01675698 0.04887393 0.09175881 0.03837896 0.027185 0.004446 0.003876 0.00038 0.106032 0.04631202 0.03954059 0.02125396 0.01737916 0.03160198 0.019145 0.003562 2e-006 0.01354136 0.005166 0.01992996 0.011742 0.02279899 0.06002598 0.3051509 0.09757919 0.0224 0.1022985 0.08958335 0.05321892 0.02306721 0.008762 0.026115 0.000738 0.012475 0.007299 0.04039566 0.003408524 0 0.01126098 0.000775 0.01218987 0.026356 0.07246506 0.08711197 0.3732168 0.7814378 0.449375
0.1420508 0.08068627 0.1007508 0.07987999 0.08001121 0.1517507 0.07953789 0.04774296 0.03983198 0.04049898 0.07755198 0.1536125 0.02667424 0.05930698 0.042257 0.001697 0.000539 0.02384565 0.0437 0.293959 0.209516 0.239766 0.013134 0.04312335 0.03819557 0.000114 0.000192 0.012278 0.009788145 0.1283208 0.110687 0.01924798 0.01812898 0.009964978 0 0.009964978 3.2e-005 0.002196 0.09771698 0.010491 0.001566 0.002792389 0.02840414 0.004065269 0.01461355 0.006344114 0.01068 0.00244 0.1045911 0 0.05037675 0.01993196 0.02055996 0.000856 0.010509 0.00046 0.004692217 0 0.00015 0.01016098 0.00046 0.009865 0.5201464 0.1373616 0.861509 0.8297282 1 0.9608904
0.02635012 0.02299584 0.1027064 0.1027931 0.07326227 0.1500289 0.05663535 0.03434658 0.04238096 0.06950723 0.1962975 0.0741 0.0027102 0.03264898 0.033459 0.05925389 0.05072094 0.004346331 0.09190305 0.09210089 0.068426 0.1011341 0.07747381 0.005155 0.03098298 0.01293698 0.01540598 0.007782668 0.01041398 0.021988 0.034787 0.01020698 0.000285 0.009964978 0.001826 0.01005998 0.001415 0.000565 0.026977 0.003158 0.018087 0.000346 0.04033035 0.01149 0.003783 0 0.000653 0.01766498 0.03929738 0.0684687 0.000204 0.028992 0.000398 0.000609 0.005572 0.02173396 0.01156498 0.01186598 0.01209798 0.009964978 0 0 0.0914631 0.1864301 0.1834899 0.5381591 0.5206637 0.6043385
0.000191 0.000141 0.001253388 0.009854 0.009255 0.01696098 0.006442 0.014877 0.020486 0.08903496 0.05809522 0.05795498 0 0.01208098 0.03778098 0.086279 0.004008 8.4e-005 0.020829 0.067181 0.04815298 0.01849892 0.04156176 0.07145778 0.06450097 0.03644191 0.02117496 0.00660731 0.01578971 0.02983554 0.04287296 0.009964978 0.05622195 0.1230719 0.003739 0.000437 0.01296198 1.2e-005 0.01757498 0.0026 0.03079776 0.04036592 0.0057 0.000122 0.01456198 0.003334 0 0.05857489 0.007507 0.1095831 0.010532 0.001248 0.000637 0.004493 0.005442 0.0005 0.002181 0.143916 0.008164269 0 0 0.009964978 0.05888297 0.1636787 0.0302569 0.006918672 0.002958 0.002542
0 0.005292 0.00015 0.001021 0.001081 0.000646 0.014175 0.04891323 0.0172149 0.03287396 0.004299 0.010717 0.005166 0.04753396 0.06838998 0.030969 0.01333098 0.06713268 0.000214 0.020373 0.06241709 0.04333824 0.048924 0.01974398 0.02030998 0.02743002 0.01366362 0.01941898 0.04060727 0.05065658 0.0004057843 0.01992996 0 0.03620078 0.000852 0.01037098 0.03405598 0.02136296 0.02415132 0.02712898 0.02631913 0.02609498 0.003571 0.007423 0.000331 0.008728 0.03957972 0.003444 0.025792 0.1275061 0.015339 0.06357498 0.011674 0.03475494 0.01115298 0.00323 0.002845 0.005945826 0.02628149 0.009964978 0 0 0.03985991 0.009964978 0 0.000667 0.002037 0.05085082
0.01993367 0 0.01323 0.03931985 0 0.0233 0.01801198 0.009083478 0.001006001 0.058279 0.019134 0.04561364 0.003081 0.000927 0.04966798 0.05034282 0.01527553 0.02870917 0.06064887 0.0899528 0.01073443 0.022331 0.034986 0.05644991 0.02177998 0.01641206 0.01869461 0.02357762 0.01370898 0.009964978 0 0.06097101 0.04886676 0.02088796 0.01160998 0.02437296 0.05675969 0.03202786 0.06781361 0.01421598 0.073353 0.050774 0.02329698 0.008632 0.01590598 0.07900444 0.02153515 0.02037096 0.023308 0.04221663 0.1438484 0.005292 0.003158 0.000979 0 0.000459 0.01992996 0 0.06434086 0.005856 0.02319196 0.01011198 0 0 0 0 0.01992996 0.1404153
0.03050812 0.04234806 0.07467433 0.07043691 0.008994 0.009964978 0.009964978 0.001301356 0 0.009964978 0.1420988 0.0620681 0.002337 0.01412498 0.03099493 0.003707 0.02014343 0.04978578 0.02515013 0.01616598 0.02995639 0.000408 0.01073398 7.8e-005 0.01030198 1.5e-005 0.00966172 0.1057951 0.02981126 0.04472496 0.08177756 0.08092578 0.03315354 0.06479304 0.03668995 0.01112398 0.04575908 0.02806114 0.05051953 0.00043 0.02503298 0.005726 0.015479 0.01444198 0.052042 0.03514348 0.007309 0.000335 0.019075 0.02949596 0.09961814 0.003871 0.05361291 0.11189 0.06146267 0.001394081 0.02148196 0 0.00226 0.006832 0.001876 0.01992996 0.02439584 0.08355303 0.06789718 0 0 0
0.0480424 0.03161898 0.2357753 0.1675909 0.05978987 0.0557608 0.05316895 0.02763408 0.02745396 0.003547254 0.01261245 0 0.009964978 0 0.01421251 0.00396 0.000589 0.02085996 0.000195 0.009964978 0.005321301 0 0.02055096 0.000324 0.004343386 0.08711248 0.07686312 0.07140598 0.006021 0 0.009212 0.01712398 0.000223 0.0596464 0.06054222 0.01307424 0.003736419 0.09060804 0.05951523 0 0.00425 0.022451 0.04033549 0.01256643 0.01112598 0.047216 0.024574 0.01033198 0.03075493 0.02086996 0.09959212 0 0.2493142 0.06891374 0.2006158 0.2917296 0.005410547 0 0.005581107 0 0.01038298 0.02336196 0.06557497 0.08898365 0.09034599 0.09131964 0.05684269 0.01114898
0.01931677 0.1237772 0.022755 0.1026558 0.01992996 0.02848417 0.03526178 0.03215579 0.04409524 0.1249506 0.07240103 0.03153996 0.06047789 0.02755474 0.02198461 0.008317 0.005466 0.01840998 0.001881 0.0301147 0.04706782 0.03806048 0.06037822 0.05675718 0.005844593 0.02382996 0.01210498 0.004693 0.004308 0.019238 0.002692 0.0005 0.07646 0.05803896 0.02737893 0.03347214 0.1741989 0.03280342 0.1326396 0.003234 0.004282576 0.01594719 0.01612091 0.03237555 0.002168 0.019758 0.0048 0.003136 0.02240496 0.1075478 0.05669428 0.1387176 0.02062008 0.01027098 0.02221498 0.3095253 0.5606387 0.4434772 0.05948351 0.000236 0.02033596 0.05416189 0.00033 6.3e-005 0 0.04082403 0.24875 0.1742214
0.00181 0.06885976 0.05278785 0.01133814 0.005967087 0.01911283 0.000364 0 0.01516498 0.02321699 0.02610207 0.09882177 0.06039698 0.009964978 0.02831696 0.04266232 0.07309047 0.03972936 0.05263344 0.1040003 0.02011496 0.03196898 0.00045 0.1408235 0.000702 0.03969 0.000737 0 0.02333798 0.009963 0 0.003464 0.045612 0.042272 0.033274 0.005402 0.0975477 0.01992487 0.07428469 0.01532722 0.06287948 0 0.004421 0.06965034 0.032809 0.1488316 0.03985991 0.03104 0.08384583 0.04754232 0.04226651 0.1481477 0.129026 5.6e-005 0.04838345 0.2616435 0.2389899 0.2318957 0.001286 0.011615 0.001629 0.002823 0.010445 0.1108557 0 0 0.02193832 0.0179216
0.016593 0.093731 0.003199722 0.09515683 0.010631 0.01043002 0.02326198 0.005973974 0 0.014157 0.03588696 0.01777967 0.07150517 0.0449263 0.07000713 0.03337081 0.009890415 0.02989493 0 0.004422509 0.02261596 0.008100892 0.01093641 0.03390598 0.036835 0.011261 0.00423 0.006486 0.011658 0.03011894 0.02376098 0.047409 0.016256 0.175576 0.111165 0.000194 0.007260971 0.01675201 0.03809853 0.06539067 0.004471757 0.01055098 0.006422 0.010378 0.1089524 0.1222007 0.000475 0.0270255 0.186826 0.01391509 0.07509596 0.01659121 0.0333301 0.1272632 0.1477765 0.0435339 0.06513948 0.2942819 0.04125698 0.02074498 0.04763297 0.06052325 0.01214998 0.1013731 0.02715767 0 0 0
0.02138498 0.01483 0.0016 0.02399421 0.03333058 0.01639185 0 0.009204166 0.011344 0.000323 0.000703 0.010611 0.02369498 0.02058196 0.1398307 0.00714633 0.01278363 0 0.009617 0.01597998 0.005785 0.02434198 0.03596643 0.01355098 0.00304 0.000663 0.02290498 0.02146796 0.002098 0.064112 0.048434 0.024272 0.014176 0.113198 0.01245698 0.018533 0.014349 0.035628 0.000597 0.05594492 0.0350375 0.05575491 0.02241813 0.5164862 0.1376867 0.060998 0.00323 0.009878588 0.02251596 0.0574042 0.01676869 0.03072288 0.02558202 0.04040992 0.1266125 0.1402546 0.03337236 0.08814929 0.202521 0.02989493 0.1222665 0.1826218 0.034674 0.001798029 0.03527849 0.1276198 0.05978987 0
