EnvRasters/BAU_Low/other.asc
ncols         270
nrows         223
xllcorner     24099.479091542
yllcorner     21023.840179216
cellsize      1003.8986847201
NODATA_value  -9999
[rows 62 to 92 of 223, columns 136 to 203 of 270]
0.002436 0.000455 0.005148 0.044109 0.03808972 0.08209866 0.04526892 0.07330766 0.113873 0.02651067 0.005697 0.006177 0.03241932 0 0.001375 0 0 0 0.001584 0.01992996 0.02465598 0.01875518 0.024809 0.001703 6e-006 0.004655 0.000824 0.006566 0 0.001208 0 0.015768 0.02479496 0.015452 0.009964978 0.009668 0.033276 0.003044 0 0.001615 0.03108266 0.005513013 0.01493414 0.11011 0.02855288 0.04757198 0.01992996 0.01138037 0.004455 0.01550998 0.000569 0 0 0 0.03169513 0.05253447 0.1763239 0.01217862 0 0.0007628906 0.2583266 0.005032737 0.01885126 0.1675673 0.1761381 0.1850955 0.001311 0
0 0.000116 0.000214 0.011717 0.009964978 0.009588831 0.002266 0.08488514 0.01914506 0.09907366 0.03506453 0.048373 0.002608612 0.02304896 0.000528 0.009964978 0 0.009964978 0.008908 0.02632112 0.03689983 0.010267 0.01150498 0.028665 0.009353 0.00133 0.002835 0.01374316 0.001632056 0.05932682 0.00012 0.00222 3.4e-005 0.069524 0.005952 0.00764 0.000668 0.008846 0.001632 0.011051 0.005718 0.02024696 0.01764879 0.02989398 0.03094307 0.01044498 0.06975485 0.00761 0.020064 0.006123 0.063242 0 0.0370581 0.0007059488 0.009570573 0.02034236 0.01383456 0.1676384 0.1210776 0.2303506 0.1999082 0.1501354 0.2759776 0.1801151 0.2873285 0.2260315 0.2018882 0.1963724
0.01738998 0.0174 0.02423669 0.02243722 0.03013227 0.041502 0.002062 0.02053684 0.021846 0.009985979 0.03509854 0.0002 0.006327 0.021115 0.002144 0 0.06128696 0.022455 0.00204 0.04672498 0.03799685 0.02732092 0.01915502 0.01625198 4.8e-005 0 0 0.006186795 0.007594 0.009857 0.003335 0.03225575 0.01764 0.05344596 0.006243 0.01097558 0.0174404 0.01037298 0.003822 0.004999 0.011823 0.00422 0.013455 0.006765 0.01468391 0.01278098 0.02078396 0.0334009 0.06067696 0.02975196 0.090343 0.008086933 0.0183088 0.02386709 0.01446398 0.002382 0 0.009964978 0.0203042 0.08976676 0.008785703 0.1298698 0.0071114 0.05781651 0 0.000207 0 0
0.000108 0.07752407 0.04382269 0 0.02426762 0.019713 0.003428 0.007666 0.02042898 0.010368 0.000187 0.05696994 0.06065808 0.01533509 0 0.0743087 0.02124111 0.020393 0.009757 0.05435789 0.004466 0.002782 0.042131 0.02105196 0 0 0.021859 0.024834 0.004827 0.02562796 0.04173798 0.02346461 0.03589056 0 0 0.01129 0.01673898 0.001398753 0.000291 0 0.03355034 0.05151864 0.03107598 0.031241 0.014553 0.011329 0.04481898 0.02158804 0.003353 0.03938798 0.05804598 0.06151605 0.04521396 0.038626 0.01123598 0.000554 0 0.0006341415 0.01182228 0.062976 0.012528 0.010028 0.03907 0.04262083 0.03043402 0.0140555 0.159744 0.006343127
0 0.052289 0.04023298 0 0.03963096 0 0 0 0 0.000624 0.009858 0.00729 0.09158604 0.05027555 0.004562 0.000308 0.01384 0.000672 0.011031 0.02764598 0.025888 0.00922 0.017421 0 0 0.004052 0.02168598 0.06901 0.008898 0.002814 0.002629 1.5e-005 0.004226 0.00391 0.024897 1.1e-005 0.02302398 0.0343172 0.02298 0.004779699 0.03846 0.185624 0.02801698 0.03137398 0.018442 0.00325 0.021444 0.04748 0.020514 0.004715 0.01992996 0.009964978 0 0.039254 0.017437 0 0.000435 0.004654042 0.02646245 0.050317 0.021811 0.023728 0.018974 0 0.06237787 0.02183098 0 0
0.009964978 0.001875 0.001155 0.001386 0.009513 0 0.009964978 0.000918 0.0119 0.031567 0.000936 0.005194 0.1617249 0.01418949 0 0 0.00222 8.4e-005 0 0.03817396 0.007453 0.015926 0.01719231 0.07967074 0.04050793 0.005921 0.00622 0.003188 0.011669 0.001578 0.002069 0.002619 0 0.005898 0.000107 0.004049 0 0.02449596 0.01419698 0.07916224 0.062568 0.066214 0.021626 0.01417498 0.004946 0.000206 0.023464 0.004604 3.2e-005 0.01535085 0.005845124 0.005826 0.016696 0.03782998 0.076162 0 0.006611 0 0.000152 2.4e-005 0.01194998 0.02113498 0.003444 0.005834256 0.004554 0.009461151 0.01261128 0.008476526
0 0.000852 0.012709 0.00285 0.016836 0.09964979 0.009964978 0.00132 0.000282 0.00432 0 0 0 0.009964978 0.09471492 0 0 0.02122596 0.002117 0.011723 0.002359 0.03212089 0.05113376 0.019855 0.02595696 0.001399 0.012298 0.00131 0.00428 0.005296 0.008493 0.004413 0.001184 0.02517098 0.002835 0.01156252 0.005713457 0.02561098 0.018005 0.001033 0.001351 0.001488 0.09327683 0.020092 0.03444696 0.01069298 0.0188898 0.004061 0 0.03586094 0.004514 0.000336 0.03477395 0.009849003 0.0008907497 0.01960021 0 0 4.3e-005 0.02340898 0.0062 0.004224 0.02114198 0.04829872 0.019899 0.098238 0.01328687 0.02999594
0.02307998 9e-005 0 0.02083927 0.000324 0.02455201 0.005261994 0.01208998 0 0 0.007732647 0.01219731 0.01825423 0.02160568 0.01489984 0.01662527 0.00247032 0.015798 0.006209 0.00678 0.001638 0.009964978 0.006888 0 0 0.012078 0.008541 0.01560698 0.00351 0.010111 0.005247 0.010844 0.005922 0.03024996 0.008256 0.000244 0.008269 0.01473698 0.000181 0.013543 0.000635 0.01759098 0.04034296 0.02861096 0.006422 0.01455898 0.01812616 0.000403 1.2e-005 0.01668098 0.002359 0.01141402 0.03378598 0.003894 0 0.004851 0.01565298 0.002842946 0.01201828 0.03757967 0.01494698 0.027212 0.005521401 0.04894998 0.066042 0.105109 0.07042109 0.007501
0.03080281 0 0.003402291 0.02937962 0.006626 0.001110008 0.005305946 0.00462 0 0.009595 0.00038 0 0 0 0 0.002620008 0.002127354 0.036048 0.016625 0.022301 0.011422 0.004208 0 0.009964978 0.01746098 0.004907 0.005164943 0.01110204 0.019882 0.004367 0.000583 0.001217 0.01879105 0.01627086 0.01214298 0.01052098 0.014062 0.00108 0.005488 0 0 0.0365 0.07131298 0.000372 0.02027409 0.01339 0.00013 0.009183899 0.0007810795 0.001226 0.005575 0.003212954 0.01296198 0.01285698 0.029489 0.007011442 0.028278 0.002571 0.056403 0.012457 0.02496296 0.009964978 0.03556953 0.12553 0.01459543 0.03551653 6.5e-005 0.000456
0.01609598 0 0.009242687 0.04096698 0.0052 0.0237 0.003298 0.024056 0.000504 0 0 0.02854289 0.03273601 0 0 0.00588 0 0.005137 0.01109072 0.00956424 0.03791142 0.03963198 0.004591 1e-006 0.000708 0.011238 0.004567969 0 5.9e-005 0.000954 0.01153198 0.004696 0.02275703 0.000273 0.008196 0.078866 0.00294 0.010486 0.004725 0.06865393 0 0.03643636 0 0.01961098 0.04485789 0 0.001056 0.021023 0.01015298 0.00606 0.0009761171 0.01968984 0.01992996 0.00306 0.020445 0.04726351 0.01422598 0.017816 0.012893 0.005187 0.000178 0 0.03698894 0.111026 0.04070298 0.00793 0.009174 0.006731
0.004374 0.009964978 0.066307 0.013813 0.043248 0.0006324734 0.002883 0.008277 0 0 0.06416459 0.04188369 0.009964978 0.1608061 0.06803779 0.02481497 0.009964978 0.02274998 0.033648 0.009988979 0.0282065 0.006527 0.027671 0 0.016572 0.015474 0.02707601 0.002732 0.01781398 0.02382698 0.02589146 0.003463 0.059925 0.014699 0.014409 0.04389298 0.022509 0.0041 0.01353498 0.004373243 0.02533 0.03115658 0.0006 0.024274 0.005679 0.001576 0 0.016458 0.01480003 0.000355 0.01380498 0.01056398 0.000172 0.03051798 0.01557 0.02112602 0.06779102 0.013148 0.019172 0.001249 0 0 0.02994698 0.06662598 0.011132 0.01845498 0.005658 0.02930198
0.022234 0.000576 0 0.008917 0 0.05473042 0.010817 0.00576 0 0.07642885 0.01392146 0 0.02417798 0.347187 0.02231577 0.006100982 0.001226 0.045973 0.000133 0.010219 0.010077 0.002904 0.000272 0.009964978 0.02794196 0.03577996 0.01062598 0.005527608 0.037199 0.059461 0.01391852 0.01387855 0.013129 0.009073 0.019819 0.04884096 0.004493 0 0 0.02109172 0.01456099 0.01294 0.008461 0.009764 0.02198796 0.072405 0.000335 0.012196 0.0424029 0.000606 9.6e-005 0.000837 0.01223498 0.07380116 0.001707 0.028948 0.004234873 0.01029798 0.01067098 0.008572 0.022738 0.032859 0.06833698 0.01065698 0.04743496 0.029575 0.000165 0.003227
0.002484 0 0.009964978 0 0.003018 0 0 0.000155 0.000229 0.1880205 0.0693489 0 0.000103 0.009964978 0.004547 0.000795 0.008716612 0.01011198 4e-006 0.009384 0.01252798 0 0.007151 0 0.1701788 0.02128975 0.008728 0.01515637 0.04286798 0.069718 0.013144 0.01901641 0.020942 0.005878 0.005567 0.03872498 0.045136 0.020448 0 0.009445 0.001386 0 0.3663817 0.1297868 0.009602468 0.04033524 0.05932 0.001062 0.010743 0 0.01651898 0.018532 0.010279 0.02092174 0.02438206 0.00382 0.001372 0.009964978 0.009964978 0.000353 0.002511 0.000347 0.009964978 0.01426798 0.023169 0.014913 0.01004098 1.4e-005
0.01911358 0.08462263 0.034254 0.042498 0.001276 0 0.034941 0.008736 0.02456602 0.03263598 0.010542 0 0.013387 0.006086 0.006558 0 0.02398423 0.06982306 0.03290466 0.09554625 0.011307 0.009992979 0.01992996 0.001075 0.030538 0.000336 0.000292 9.2e-005 0.00021 0.000144 0.000652 0.00074 0.007372 0.020689 0.010242 0.011879 0.01896498 0.00048 0.02180407 0.002322912 0.000314 0 0.2363383 0.006859689 0.03032059 0.08239959 0.015817 0.01102498 0.008913315 0.00671 0.01739298 0.007102431 0.03819549 0.012193 0.011032 0.006764 2.4e-005 0 0.003643 0.023674 0.027757 0.016607 0.004062 0 0.011674 0.006166 0.007206 0.00224
0.06456472 0.03387227 0.021617 0.002813 0.000376 0.01301198 0.01229 0.011048 0.2299535 0.0590749 0.05142187 0 0.003048 0.064508 0 0.01328998 0.02064198 0.017115 0.029553 0.01993196 0.02593758 0.03266232 0.01001398 0.001265 0.006118 0.001936 0.009964978 0 0 0.01032 0.004829 0.00925 0.048473 0.019052 0.001256 0.02175498 0.0079 0.02064 0.01038898 0 0 0.001843 0.003046 0.007375 0.001236 0 0 0.009964978 0.005440664 0.001425 0 0 0.000518 0.002785 0 0.000632 0.009964978 0 0.004369 0.000152 0.000524 0.008063 0.02240798 0.07564662 0.03004232 0.004803 0.002268 0.010942
0.010332 0.004743 0.009964978 0.004061 0.02992 0 0.020399 0.02598877 0.1200509 0.009964978 0.04784318 0.2570089 0.2825158 0.085358 0 0 0.002226 0.01936598 0.001962 0 0.05007992 0.0084 0.01202698 0 0.00077 0.004663 0.02760298 0.001344 6.6e-005 0 0.01957458 0.004190924 0.05885733 0.001352 0.007389 0.03101898 0.011441 0.01895098 0 0.02312296 0.001469 0.004915 0.001169 0.00296 0.00684 0.000516 0 0 0.01130991 0.01858502 0 0 0 0.00084 0.002851 0.00029 0 0 0 0.019287 0.014671 0.002979 0.003978 0.030336 0.012753 0.02868296 0.002994 0.00031
0 0.00432 0.004602 0.012149 0.04232 0.004277 0.009288314 0.04129937 0.02002843 0.009640366 0.5006772 0.4069031 0.06518096 0 0 5.6e-005 0.052269 0.008941 0.000126 0.011282 0.000138 0.007695 0.00723 0 0.000756 0.000664 0.003472 0.008085 0.009992979 0 0.01617841 0.006292502 0.1998566 0.03026498 0.01933798 0.027988 0.010704 6.6e-005 0.02074901 0.009379069 0.007437 0.004599 0.01735998 0.018893 0.003917842 0.02111911 0 0.009964978 0.001691 0.000154 0.000343 0.009997979 0.000389 0.000717 0.01540298 0.01564198 0.009567666 0.006055313 0.009964978 0 0.002995 0.004329 0.007516205 0.02597796 0.004157 0.01050598 0 0
0 0.000692 0.013448 0.010703 0.000405 0.01084098 5.9e-005 0.02116203 0.02114001 0.01969211 0.009964978 0 0 0 0.003826 0 0.00385 0.013332 6.2e-005 0.000113 0.002958 0.059648 0.007224 0.000109 0.007022 0 0 0 0.03754296 0.009964978 0 0.000741 0 0.015532 0.004229 0.01267298 0.005463913 0.01815998 0.009940878 0.000255 0 0.007212 0.010152 0.02490218 0.03828374 0.112477 0.000744 0 0.009964978 0.01992996 0.000184 0.00874 0.021795 0.02567198 0.004246 0.00297 0.002533 0.07029393 0.1291827 0.003458 0.043906 0 0.004996774 0.022535 0.01261598 0.001076 0 0.028584
0 0.015224 0.009242 0.01993996 0.03985991 0.005488 0.00441 0.001378 0.3576279 0.02091091 0.01000498 0.000911 0.01096398 0.00084 0.009664685 0.005125 0.002737 0.009698 0.011228 0.009408 0.001169 0.029088 0.030667 0.00211 0.003456 0.008066 0 0.04240751 0.05934696 0.007052 0.02335196 0.008132 0.000997 0.084581 0.082988 0.03098394 0.01006107 0.013894 0.00954 0.008653 0.005134 0.000282 0.09022298 0.023305 0.012246 0.008341 0.02952498 0 0 0.01596602 0.09595902 0.005042 0.013543 0.02136198 0.005133104 0.01822898 0.00138 0.004713 0.07271994 0.000275 0.020504 0.000421 0.003985 0.017166 0.012179 0.02101696 0 0.07431324
0 0 0.09933873 0.02160413 0.01635498 0.004859 0.04942037 0.03057446 0.03225276 0.001095 0 0.000997 0.001203 0.001039 0.06180716 0.001745 0.002058 0.013984 0.039362 0.038224 0.01560012 0.04210996 0.012883 0.01133498 0.000128 0 0.01175498 0.02666343 0.05281796 0.048228 0.1556077 0.07529396 0.055158 0.001436 0.02836819 0.00195275 0 0.002817 0.000633 0.005925 0.02608 0.005438 0.002427 0.001561 0 0.010227 0.01644898 0 0.000235 0.001523114 0.1179593 0.005453 0 0.003247381 0.01067149 0.004754 0.030643 0.02540998 0.008488 4e-006 0.0056 0.00833 0.00237 0.009755 0.017504 0 0.009964978 0.09114448
0.02989493 0.01992996 0.01036886 0.005194 0.000249 0 0.0084 0 0.06282885 0.04791289 0.009964978 0 0.005162 0.01292498 0.021694 0.01508198 0.005025 0.014621 0.028934 0.011001 0.008196836 0.02646098 0.016746 0.002071 0.001958 0 0.07971983 0 0.01138298 0.005695834 0.000518 0.054264 0.006802 0.000176 0 0.002674438 0.010644 0 0.009964978 0.005845022 0 7.7e-005 0.01059698 0.01143198 0.000233 0.009464 0.007417 0 0 0.003465 0 0.000188 0.01897635 0.01097361 0.000681 0 0.01433698 0 0.01135278 0.008577176 0.016234 2.1e-005 0.001512 9e-006 0.001909 0.000752 3e-006 0.018185
0 0 0.000186 0 0 0.01329998 0.009111 0.001255 0.015972 0.009964978 0 0.003768 0.022124 0.02171821 0.01132 0.020269 0.00015 0.000364 0.03200814 0.1373345 0.01886098 0.007253 0.003636 0.005664 0 0.03265677 0.06639703 2.8e-005 0.01984373 0.07555839 0 1.2e-005 0.00294 0.02330498 0.009964978 0.007334541 0 3.9e-005 0.01000298 0.05653285 0.001061 0.090566 2.5e-005 0.00326 0.000902 0.004788 0.005393 0 0.04902793 0.036025 0.0011 0 0.000208 2.6e-005 0.01237756 0.03793155 0.002092 0.02119998 0 0.004369 0.00704 0.001713 0.003574 0.001439 0.001516 0.000224 0.000695 0.052962
0.000558 0.001364 0.03170596 0.009964978 0 0.000204 0.01630098 0.001841 0.01006898 0.01992996 0.02078234 0.1110428 0.001484 0.01302474 9e-006 0.002809 0.01339898 0.00112 0.000463 0.005498 0.011417 0.003128 0.001453 0 0.000453 0.03495896 0 1.3e-005 0.09612 0.292876 0.001867 0 0.00565 0.00491 0 1.8e-005 0.014966 0.005414 0.01054898 0.009964978 0.003062 0.034101 0.003276 0.000556 0 0.05024 0.01013098 0 0.001164 0 0.001288 0.000113 0.000538 0.01044498 0.003451804 0.017597 0.058442 0.054243 0 0.00106 0.000147 0.006586 0.07018998 0.017566 0.04041991 0.020409 0.009548 0.00013
0.002822 0.00062 3.6e-005 0.004048 0.001957 0.000968 0.026778 0.030092 0 0 0.00353697 0.008215628 0.004573 9.5e-005 0.001911 0.00394 0.001413 0.0146131 0.013194 0.006292 0.008644 0.010238 0.0013 0.008471 0.002406 0.008126 0.022486 0.006594 0.011868 0.010131 0 0.003201 0.01487798 0.000667 9.6e-005 0.003292 0.003793 0.055408 0.03087494 0.000526 0.010926 0.035264 0 0.00378 0 0.000812 0.000522 0.009964978 0.018139 0 0.001455 0.006934 0.009081 0.007083 0.000641 0.064716 0.018014 0 0.00016 0.006644331 0.02344261 0.003411 0.000162 0.007218 0.028646 0.030663 0.036724 0.01010706
0.02006196 0.001749 0.003197 0.01216598 0.001182 0.001768 0.00684 0.000183 0.1406904 0.002457 0.01077098 0.00019 0.001587 0.01323498 0.001301 0 0.07750037 0.2408562 0.015662 0.019817 0.017091 0.00986 0.06555752 0.01500035 0.00284 0.01354298 0.048963 0.003215 0.00154 0.003711 0.002088 0.014397 0.011805 0.008057 0.003104 0.015179 0.001813 0.009964978 0.000142 0.006501 0.007108 0 0 0 0.000172 0 0 0.003957 0.00027 0.009360401 0.01596456 0.003804 0.000581 0.006487 0.01252603 0.007913944 0.000112 0.00018 0.001904 0.008396 0.003711 0.00027 0.009964978 0.005238 0.000801 0 0.001944 2.8e-005
0.1426649 0.1284497 0.0608849 0.000429 0.000216 0.02085296 0 0.002382 0.09969404 0 0.002584 0.009964978 0.000603 0 9.4e-005 0.02077196 0.005428222 0.005490456 0.00087 0.010696 0.006223 0.030408 0.01675598 0.004928 0.005094 0.007525 0.010568 0.006857 0.007282 0.000552 0.003362 0.018565 0.008627 0.004392 0.007217 0.002096 0 0.001053 0.02910698 0.002252448 0.008704531 0.009646 0.007842 0 0 0 5.4e-005 8.1e-005 0.01082698 4.6e-005 0 0.02814496 0.01805498 0 0.000832 0 0.000626 0.011415 0.004907 0.01393 3.6e-005 0.008569 0 0.000486 0.011248 0 0.003994 0.01623998
0 0 0 0.001248 0.01032498 0.0001 0 0 0 0.001561 0.003059 0.000263 0.000996 0.004808 0.003184 0 0.0008 0 0.005998 0.006223 0.000406 0.01139 0.00209 0.001946 0.01075675 0.01361998 0.009555 0.004193 0.003635 0.000359 0.000338 0.004739 0.001155 0.011042 0.000556 0.000881 0.004101 0 0.003756 0.01216705 0.009846 0.036554 0.000369 0 0 0.009964978 0.000126 0.000162 0.008739 0.025488 0.006462 0.002211 0.005335 0.004582 0.002246 0.00138 0.008519 0.003044 0 0 6e-005 0.004449 0.003894 0 0 0 0.014653 0
0 0 5.2e-005 0.002532 0.001286 0.03271856 0.01740833 0.003168 7.2e-005 0.02048996 0.00016 0.00048 0.01027098 0.000527 0 0.004791 0 0 0.006738 0 0.001323 0.006991 0.009041 0.005732 0.01474921 0.011559 0.014162 0.015389 0.004568 0.004365 0.007658 0.000459 0.002959 0.010087 0.001301 0.001745 0.005577 0.000213 0 0.01813289 0.002369 0.01485798 0.009964978 0.009964978 0.008981 0.080748 0.003622 0.003465 0.007677 0.0021 0.005699 0.007695 0.001482 0.01287598 0.004044 0 0.002285 0.009964978 0 0 0.001006 0 0.005348 0.004521 0.01952398 0.007671 1.9e-005 0.011022
0.000522 0.00141 0.004775 0.004594 0.04254332 0.06978045 0.00034 0.000466 0.003813 0.001556 0.003081 0.004278 0.01025298 0 0.000252 0.013154 0.000418 0 0.002808 0.001652 0.02032196 0.02537831 0.003898 0.004696 0 0.013596 0.005317 0.00169 0.003651 0.01931198 0.000623 0.001516 0.001301 0.01595598 0.001678 0.00089 0.006022 0.016206 0.008146 0.006954 0.006468 0.000615 0.009666 0.018583 0.00031 0.023534 0.006285 0.00014 0.01063698 0.002571 0 0.01043298 9.6e-005 0.023732 0.004594 0.004133 0 0.003967 0.003016 0.009964978 0.009964978 0.01156298 0.004974 0.003296 0.002712 0.00021 0 0
0 0.003734 5.2e-005 0.02989493 0.01013698 0.000978 1.1e-005 4.2e-005 0.00339 0.009964978 0.003136 0.00087 0.009137923 0.001218 0.003676 0.00408 0 0 0.004086 0.02174203 0.04940588 0.00325365 0.016282 0.00742 0 0.001416 0.009668 0.001582 0.007533 0.000224 0.001913 0.003214 0.004057 0.022752 0.001033 0.010268 0.008162 0.047178 0.026788 0.003845 0.007053 0 0.008523 0 0.000567 0.010095 0.021629 0.05440477 0.005385099 0.000907 0.004821 0.001754 0.004013 0.043002 0.040514 0.000525 0.00062 0.007172 0 0.002466 0.014098 0 0.009965979 0.009964978 0.000216 0 0.0006 0
0.003738 0.01896498 0.02248696 0.004918 0.009964978 0 0.000252 0 0.01188744 0.04895345 0 0.000182 0.001037056 0.03985991 0.010647 0 0.018206 0.015092 0 0.01490571 0.03232618 0 0.02464508 0.01745086 0.001632 0 0.002781 0.002087 0 0.001136 0.00621 0.006957 0.001478 0.000632 0.00182 0.002704 0 0.011646 0.011404 0.008831 0.002543 0.003517 0.02048796 0 0.000432 0.006701 0 0.002368 0.009603538 0.01876833 0.040629 0.010059 0.004096 0.090337 0.064739 0.002716 0.004988 0.003795 0 0.006916 0.009839 0.00183 0.004358 0 0.003998671 0.02625229 0.001746 0
