EnvRasters/BAU_Low/urban.asc
ncols         270
nrows         223
xllcorner     24099.479091542
yllcorner     21023.840179216
cellsize      1003.8986847201
NODATA_value  -9999
[rows 116 to 144 of 223, columns 195 to 259 of 270]
0.08391935 0 0.009964978 0.1846205 0.08032296 0.1424337 0.009964978 0.016819 0.05274244 0.01992996 0 0.04982489 0.03873608 0.09544656 0.1346941 0.4957312 0.1088173 0.2166067 0.03934841 0.03162158 0.01935795 0.05172664 0.2156146 0.06410345 0.1124288 0.01862537 0 0.1005719 0 0 0 0.034988 0.006183703 0 0 0 0.009964978 0.01822362 0 0 0 0.1199188 0.3064624 0.1533586 0 0.03542486 0.1195741 0.03560322 0.07990878 0.1998317 0.009964978 0 0.05508201 0.128585 0.08929192 0.1496646 0.02810589 0.09683509 0.07259686 0.4292904 0.1156482 0.007614707 0.02005211 0.01598461 0.01457103
0.1212772 0 0 0.1656162 0.1008889 0.1539095 0 0.17276 0.4691032 0.08961256 0.009964978 0 0.004898158 0.3037319 0.2520795 0.05233602 0.02002348 0.2995445 0.4815524 0.1021282 0.02989493 0.0271711 0.2906801 0.09011926 0.1578315 0.07431803 0 0.07879774 0.009964978 0 0 0.02989493 0.01992996 0 0 0 0 0.01501331 0.06641285 0.009964978 0.07725625 0.02239353 0 0.2241513 0.02809405 0.009964978 0.2358374 0.08625471 0.2287025 0.1304962 0.1240702 0.04982489 0.01570505 0.06858566 0.06488646 0.07550294 0.02859939 0.443062 0.02911848 0.1288289 0.101643 0.2642029 0.001877124 0 0.07476503
0.03705838 0.01753018 0 0.1432981 0 0 0 0.2702153 0.333651 0.03805657 0.0173498 0.002580157 0.1323091 0.1049594 0.02041115 0 0 0.09828015 0.1247866 0.05281189 0 0.05584129 0.2789569 0.04913472 0.3732475 0.01595147 0.02462815 0.006411855 0 0 0 0.009834871 0.01992996 0 0 0.04505898 0.06083438 0.02573141 0.04227984 0.009964978 0 0 0.05816917 0.2203567 0.1256052 0.2336878 0.1674456 0.5046268 0.3245786 0.07300705 0.1006402 0.0877214 0.06793997 0.1119909 0.02989493 0.1093554 0.0152515 0.3606406 0.1269059 0.1889414 0.6004463 0.2555366 0.05819105 0.0268582 0.2605048
0.2622135 0.0291256 0 0 0 0 0 0 0 0 0.02546748 0 0.5160921 0.2928317 0.04481478 0.1389473 0.09964979 0.02095634 0 0.1343191 0.008307924 0.01992996 0.1217594 0.2509848 0.2825493 0.01907009 0.01636856 0.08630589 0.03569017 0 0 0.03528197 0.06449793 0 0 0.1044937 0.01587594 0.1492411 0.06030409 0.009964978 0 0.009964978 0.05694764 0.08653028 0.2281882 0.2406739 0.5295386 0.7218285 0.5924829 0.1284316 0.270227 0.2514131 0.1127698 0.3757441 0.1186038 0.02157794 0.0341941 0.1656402 0.10887 0.09755141 0.1395395 0.01583856 0 0.06484067 0.08451866
0.09775583 0.1275319 0 0.02989493 0.09964979 0 0.03469061 0.01745306 0.0671545 0.02253031 0.0343224 0.08452622 0.0005173185 0 0.03546745 0.01079509 0.2254088 0.09545431 0.01521009 0.2075679 0 0.04248996 0.1299361 0.1327835 0.04980384 0.1452016 0.05784198 0.1358445 0.01639959 0.08079039 0.1494747 0.04126758 0.1574146 0 0.0821526 0.1192085 0.06422983 0.01435411 0 0 0.03662434 0.05306047 0.06687535 0.137349 0.06975485 0.5885503 0.2392803 0.009964978 0.0454156 0.1676955 0.03765166 0.05813166 0.1124672 0.4158058 0.3270477 0.225172 0.1401885 0.07321695 0.02989493 0.007422469 0.02989493 0.1190048 0.214956 0.2590767 0.5021616
0.1016412 0.02557349 0.009964978 0 0 0.008012061 0.1148802 0.004333678 0.02429105 0.08132742 0.02101754 0.11427 0.1104954 0.01992996 0 0.1845289 0.04505035 0.1136704 0.1225113 0.05988835 0.009964978 0.005754546 0.1693947 0.02374683 0.02317961 0.08653363 0.0114315 0 0.07976626 0.05405321 0.07442095 0.02989493 0.1700221 0.08925157 0.07702296 0.0307308 0.07111371 0 0 0 0 0.1860923 0.2970388 0.04593707 0.1552445 0.05433753 0.1173035 0 0.1172943 0.08700873 0.3102819 0.02261039 0.004613196 0.009964978 0.1694046 0.2887544 0.1070705 0.005142716 0.007952086 0 0 0.03483472 0.1904723 0.1452719 0.09454016
0 0.06770474 0.1029254 0.1594051 0.09785301 0.01403706 0 0 0.08067053 0.06283546 0.0642601 0.2886368 0.1195113 0.02470761 0.05339621 0.01570488 0 0.1206931 0.3401769 0.04771185 0.03578951 0.007092755 0.07059101 0.07956108 0.1190564 0 0.01846343 0 0.08965316 0.02989493 0 0.03986519 0.08968481 0.06949254 0 0.012696 0.1362246 0.1954923 0.04477701 0.1473152 0.5030426 0.7560198 0.0566534 0 0.08976015 0.009936063 0.1457131 0.05422432 0.08544644 0.009964978 0.01189793 0.04269069 0.1623858 0.05838944 0.1261713 0.009964978 0.02989493 0.1244239 0.288346 0.0212643 0.04982489 0.06975485 0.05014663 0.07272332 0
0 0.03194504 0.1656974 0.1177706 0 0.03985991 0.009964978 0.07809829 0.03721471 0.04997307 0.0046074 0.01074381 0.01563136 0.1553487 0.05460456 0.01089645 0.03595793 0.01534177 0.055857 0.09405158 0.01987229 0.06981398 0.1469281 0.269372 0.02477619 0.009256146 0.1928239 0 0.04003646 0.01246942 0.1277929 0.006266592 0.003693113 0.03059047 0.124284 0.1059037 0.10813 0.2451564 0.04896449 0.1688136 0.2483748 0.1006343 0.04519896 0.07996126 0.02391387 0.1995285 0.1098306 0.1243453 0.02585696 0.07424928 0.009964978 0.005201259 0.1518803 0.0611903 0.1213333 0 0 0.009964978 0.03681378 0.1338859 0.06975485 0.009964978 0.01992996 0 0.009964978
0 0.01486469 0.01503025 0.06906363 0.01303185 0 0 0.04982489 0.09257638 0.2101914 0.009893843 0.08146729 0.3732784 0.09999128 0 0.045632 0.1985433 0.09161353 0.02258389 0.07005917 0.1734467 0 0.1861238 0.5345687 0.01992996 0.06812402 0.1376139 0.06905182 0.008952104 0.06900222 0 0 0 0 0.2520109 0.08093156 0.1704811 0.1739629 0.1195797 0 0 0.04982489 0 0 0 0.04057796 0.1685189 0.1415251 0.001110931 0.2989456 0.1457054 0 0 0 0.01158484 0.03373657 0.003763565 0 0.009964978 0 0.03985991 0.09015931 0.004242028 0 0
0.08557461 0.149779 0.1376352 0.04530369 0.002145555 0 0 0.009964978 0.05603134 0 0.01992996 0.3240618 0.400534 0.1364268 0.137987 0 0.01992996 0.00599098 0.003551993 0.009964978 0.1594397 0.009964978 0.1694454 0.02750841 0 0.08142255 0.1244482 0.1443526 0 0 0.05978987 0.01992996 0.01005577 0.01992996 0.02736259 0.1543743 0.3530099 0.1383469 0.01024328 0.06901425 0.009964978 0 0.08450543 0 0 0 0.1127154 0.1225442 0.2618944 0.174707 0.1089557 0 0 0 0.1521888 0.1298725 0.04213188 0.0558044 0.04636087 0.06521646 0.004538392 0.22159 0.04114463 0 0
0.01158953 0 0.03395079 0.01992996 0 0.1045201 0.1112746 0.06005114 0.1237898 0.08950161 0.06616507 0.1023449 0.009964978 0.03482455 0.05446428 0.06449491 0.1646996 0.122606 0.07436225 0.1096148 0.03985991 0.03524405 0.3530113 0.03566374 0 0.009964978 0 0.02139441 0 0.0008138456 0.02678231 0.05185148 0.06078511 0.1741063 0.1334057 0.0498751 0.03574601 0.1887131 0.04236313 0.04226882 0.09358145 0.0003918701 0.0546124 0 0 0 0.02371113 0 0.07040534 0.1513324 0.1094592 0 0 0.003834843 0.2867863 0.05010609 0.01655716 0.2924102 0.2479717 0.173109 0.02256325 0.1447894 0.06266115 0.00341722 0
0.04149162 0 0 0.09073829 0.1008501 0.07348613 0.006793762 0.2992097 0.1664093 0.2184865 0.5572202 0.1273607 0.07765563 0.08228368 0.150153 0.1140459 0.05989118 0.01398629 0.02867429 0 0.009964978 0.1585287 0.111452 0.145844 0.01441805 0 0.01992996 0.03913671 0.01362624 0.009151133 0 0 0.0101226 0.04095813 0.04067091 0 0.1694046 0 0.06530917 0.03640167 0.02599829 0 0.007338027 0.009964978 0 0.01172954 0.03174062 0.009964978 0 0 0.02103244 0.2485713 0.009462825 0 0.0399605 0.1621343 0.1336137 0.05864573 0.2309407 0.01586 0.07119152 0 0.02686808 0.03292179 0
0.2121817 0.198904 0.04700118 0.4444268 0.02079996 0.2380306 0.1199724 0.3694449 0.2520891 0.6662055 0.567569 0.03985991 0.03725365 0.02721121 0.2711929 0.2198548 0.1468249 0.08178613 0.07999451 0 0 0.006996755 0.002806459 0.142747 0.07695454 0.009964978 0.07588436 0.03929288 0 0 0 0.01048132 0.02973731 0.02829385 0.03149603 0 0.07971983 0 0.05413907 0.06017037 0.02989493 0 0.02255691 0.03985991 0 0 0 0.005240897 0.08916174 0.2519372 0.07016327 0.2599315 0.3083623 0.1075068 0.09461979 0.03618636 0 0.03903044 0.04326205 0.003983925 0 0 0 0 0
0.1126738 0.34828 0.03105569 0.01223097 0 0.1628224 0.4494018 0.1386329 0.01358422 0.1545214 0.7057775 0.2379344 0.07191005 0.07238998 0 0.009964978 0.04236714 0.04475146 0.006169605 0 0 0 0.00715852 0.1950808 0.1638702 0 0 0.0267021 0.01511979 0.07067699 0.07986801 0.02225624 0.009964978 0 0.009964978 0 0 0 0.03040989 0.1406328 0.04865276 0.009149516 0 0 0.01992996 0 0 0 0.1271075 0.2298621 0.08362123 0.01992996 0.1246368 0.03697484 0.2545809 0 0.007840443 0.02581598 0.03286146 0.2230833 0 0 0 0 0
0.03993319 0.03681066 0.08475487 0.03022529 0.1698624 0.1378126 0.0716844 0 0.01762772 0.3271334 0.2934293 0.01342228 0.1946892 0.03995494 0 0.08236913 0.07812666 0.1762005 0 0.03451873 0.02527114 0 0 0.09187185 0.07019019 0.0991828 0.04139447 0.1282478 0.1389297 0.08898892 0 0.009532331 0.0002448595 0 0 0 0 0 0.1800695 0.37695 0.05730593 0 0 0.01992996 0 0.009964978 0 0.06975485 0 0.04784817 0.1050151 0 0.1745285 0 0.009964978 0 0.114362 0.1769421 0.1929119 0.02074567 0 0 0 0.01596827 0.1135765
0.001262295 0.1684082 0.02885302 0.03985991 0.07993762 0.0396709 0 0 0.04341233 0.04231143 0.009964978 0.03557321 0.1196782 0 0.02826798 0.04732378 0.005478195 0.02572044 0.02989493 0.02989493 0 0 0.02989493 0.02608335 0.01377656 0.141565 0.01564693 0.0126703 0.03865216 0.009964978 0.0005694035 0.04152265 0.04890277 0.06116385 0 0 0 0.04772699 0.01048408 0.1813492 0.01302388 0.007836027 0 0.1160109 0.02984325 0.02989493 0.07493017 0.02121139 0.02989493 0 0 0.06869274 0.1132454 0.01726649 0.009964978 0 0.01609602 0 0.006469351 0 0 0 0 0 0
0.1259647 0.3278164 0.04814795 0.1062617 0.196212 0 0 0.02134424 0.01029533 0.1540793 0 0.1695291 0.05424172 0 0.04981927 0.009964978 0.009964978 0 0 0.01992996 0.009964978 0 0.01789067 0.01770234 0.1226179 0.2143767 0.07478385 0.008346464 0 0.01807445 0.01034991 0.03985246 0.1490793 0.04952356 0.08875059 0.0202378 0 0.02202786 0 0.07963613 0.001596185 0.02046272 0 0.2545203 0.1398383 0 0.001122464 0.01235074 0.01599973 0 0.01439624 0.1052039 0.1874941 0.2192548 0.05565291 0 0.07876118 0.1657241 0.01992996 0 0 0 0.002365352 0 0
0.1593208 0.3106397 0.0920325 0.09430259 0.1904989 0.07809263 0 0.293319 0.3577796 0.2275524 0.1586215 0.01412719 0 0.02587306 0.1544595 0.01992996 0 0.07851253 0 0 0.005552703 0.04427219 0.1220848 0.04274417 0.1168696 0.02107943 0.2292037 0 0 0.1678874 0.02170177 0.01112363 0.009964978 0.009482925 0.1705131 0 0.009964978 0 0 0.3715739 0.1901796 0.1933105 0.2703429 0.1855589 0.002733125 0 0 0 0.003930232 0.009964978 0.07573288 0.07039252 0.2071253 0.1609119 0.1855384 0.06843897 0.003950519 0.09037344 0.009964978 0 0 0 0.007599627 0.01866477 0.1830688
0.00385672 0.2251925 0 0 0.04616309 0.1530007 0.0569957 0.1641578 0.1903985 0.06869736 0.04951851 0.05932102 0.05240811 0.2154986 0.3074876 0.1869743 0.07442856 0.1005956 0 0 0 0.1505825 0.1623067 0.1842373 0.03238141 0.01213916 0.1454998 0 0.02663059 0.07438663 0.1934757 0.4768471 0.2005502 0.03985991 0.05978987 0 0.180243 0.009091643 0 0.3933829 0.6065735 0.1676856 0.1913275 0.2337095 0.02689131 0 0 0.01992996 0.0189355 0.007984142 0.1785341 0.1489627 0.2294065 0.3046982 0.3937778 0.3598146 0.05278777 0.0360613 0.007412378 0.01024328 0.02464177 0.102713 0.1113245 0.03125625 0.09046581
0.03915088 0 0 0 0.009964978 0.09546953 0.3574908 0.09279127 0.01980618 0.1531473 0.07684288 0.313256 0.01727877 0.02627302 0.1328082 0.1550363 0 0.02548268 0 0 0 0.01992996 0.009964978 0 0.01744348 0.1082892 0.1984973 0 0.01856252 0.01992996 0.009964978 0.2802886 0.01310259 0 0 0.05910435 0 0 0.02989493 0.2590643 0.4601072 0.272253 0.02989493 0.03977939 0.009964978 0.009964978 0 0 0.06536163 0.1525903 0.01497025 0 0.01484332 0.03644001 0.4991356 0.587788 0.1302397 0.01992996 0.009964978 0.00336343 0.01415105 0.06696203 0 0.009964978 0.08968481
0.01109781 0 0 0 0.009964978 0.03749691 0.4694384 0.1951068 0.01992996 0 0.0474113 0.01754431 0.05801686 0.02609221 0.1028606 0 0 0 0 0 0.06614932 0.1132203 0 0 0.01251828 0.007881083 0.1018061 0 0 0 0.00942874 0.0005362389 0.1191695 0.03974111 0.01069809 0.3193806 0.05867436 0.09964979 0.04050086 0.1913579 0.008380456 0.002733282 0.007231697 0 0 0 0.004306964 0.0269492 0.0252316 0.04591861 0.1011628 0.07563549 0.1334402 0.04068066 0.3266097 0.09475532 0.1580557 0.07729825 0 0.03301487 0.03507667 0.03126635 0 0 0.01969777
0 0 0 0 0.02776053 0.134844 0.4294029 0.2591185 0.02682366 0.05278499 0 0.02596487 0.004158664 0.009964978 0.1339609 0.1702166 0.004736802 0 0 0 0.02367475 0.07426366 0.07866954 0.02051377 0.009687838 0 0.0919406 0 0.04625114 0 0 0 0.000510279 0.06965828 0.01992996 0.1313049 0.008771392 0 0.06018583 0.2176815 0.1686043 0.01992996 0 0 0 0.009964978 0.02160582 0.0384647 0 0.01781836 0.1653031 0.08805474 0.0390641 0.02513765 0.1359466 0.151731 0.1334199 0.1433127 0.1269409 0 0.01883918 0.01115423 0 -9999 -9999
0 0 0 0.009947713 0.02017582 0 0.1747735 0.06050262 0.2692775 0.1831412 0 0.0680431 0.1028249 0.06456554 0.03041988 0 0 0.03985991 0 0.01328133 0.1803368 0.06938137 0 0.1565797 0.01992996 0 0.1617551 0.1147498 0.1121479 0.02097059 0.02990535 0.119936 0.1014771 0.1379033 0.118744 0.009964978 0.009964978 0.009175962 0.09795899 0.1103901 0.1243261 0.02156193 0.03027733 0.006250744 0 0 0.04288138 0.009964978 0 0 0.05994039 0.009964978 0 0.07987035 0.02518949 0 0.1153688 0.0232154 0.295595 0 0.03668989 -9999 -9999 -9999 -9999
0 0.009964978 0.1340351 0.2375127 0.1491413 0.007715235 0.09964979 0 0 0.04468226 0.1804296 0.1164107 0.1632945 0 0.0398543 0.009964978 0 0.01447925 0 0.01992996 0.08853637 0 0 0.009964978 0.01992996 0 0.02889609 0.1780039 0.1333863 0 0 0 0.0419604 0.009111842 0.06965343 0 0 0.01075399 0 0.153015 0.2490748 0.06490523 0.1253808 0.01205908 0 0 0.005165758 0.02472918 0 0.01992996 0.1336128 0 0.1019953 0.007848057 0 0 0 0.1227585 0.1204533 0.09216157 0.009964978 -9999 -9999 -9999 -9999
0.06996254 0.2768115 0.0987161 0.1410605 0.1415773 0.002249743 0.009964978 0 0.007006965 0.02674559 0.1345019 0.2349204 0.02938296 0.1451894 0.06445985 0.01992996 0.004846967 0.01541568 0 0.1723083 0.08254363 0 0 0 0 0.07505289 0 0 0.03650478 0.1213219 0.009738557 0.009964978 0.08843745 0 0.0234725 0.1060723 0 0 0 0 0.1951496 0.01674197 0.0120348 0.009964978 0.02989493 0.005147696 0.1014548 0.0417892 0.2295429 0.0180078 0 0.07358104 0.105809 0 0 0 0 0.04862789 0.04731099 -9999 -9999 -9999 -9999 -9999 -9999
0.5310877 0.1825346 0.001077302 0.04827408 0.009964978 0.01992996 0 0.007157489 0.05968016 0 0.088128 0.2196453 0.2270505 0.01425022 0 0 0.005118011 0.009964978 0.00718212 0.06433866 0.03236651 0 0.01324488 0.01992996 0.008877959 0.1346982 0.04046044 0.05182962 0.1018391 0.0520237 0.03754893 0.009964978 0 0 0.02581823 0.05383739 0 0.009964978 0 0 0.3004354 0.0430479 0.009964978 0 0.02989493 0.03655134 0.1816068 0.1870989 0.08805262 0.01992996 0.009964978 0.1253572 0.2023294 0.01249583 0.009964978 0.01844221 0.06995508 0.03112479 0 -9999 -9999 -9999 -9999 -9999 -9999
0.3225829 0.06429971 0.08783815 0 0 0 0 0.002807489 0.1326125 0.03985991 0.01992996 0 0.208882 0.03774886 0.05126967 0 0 0 0.01451444 0 0.01992996 0.01212408 0.01825969 0 0.002581018 0.0001727829 0 0.06775013 0.02835651 0.008040459 0.1219795 0.02884371 0 0 0.009964978 0 0 0.03862728 0.02761659 0.0712905 0.2546947 0.02572237 0.009964978 0 0.02989493 0.07973865 0.01402984 0.009964978 0.01347736 0.009964978 0.009964978 0.07831503 0.06222875 0.007494457 0 0.03985991 0.064233 0.005854547 0.08374657 0 -9999 -9999 -9999 -9999 -9999
0.4188763 0.1534063 0.004849072 0.01846448 0 0.04567081 0.009964978 0.01992996 0.01992996 0 0.009964978 0 0.1294418 0.1382813 0.04436693 0 0 0.03721514 0.03553671 0.02234848 0.241399 0.02785799 0 0 0.006765374 0.0004458031 0 0 0 0 0.07968818 0 0 0 0.03022288 0 0 0.03788096 0.2645794 0.01992996 0.02118386 0.03460605 0.04168389 0 0.009964978 0.01992996 0.009964978 0.009964978 0 0.02350001 0.1385191 0 0.1626414 0.1020771 0.009964978 0.03413543 0.03052873 0.06261692 0.005938239 0 -9999 -9999 -9999 -9999 -9999
0 0.1305882 0.02989493 0.03136041 0.01992996 0.2154734 0.01787515 0 0 0 0.1529322 0 0.1395097 0.1983809 0.05876051 0.05012922 0.0925739 0.009964978 0 0 0.005993666 0 0 0 0 0.009964978 0 0 0 0 0.06977525 0 0 0 0.01960202 0.009964978 0.1291224 0.009964978 0 0 0.09802359 0.02155615 0.1390067 0.0960758 0 0 0.03938289 0.07726616 0 0.003627717 0.003757837 0.06961798 0.1069688 0.0633682 0.02989493 0.1900882 0.09898487 0.1272765 0.03388441 0 -9999 -9999 -9999 -9999 -9999
