EnvRasters/BAU_Low/urban.asc
ncols         270
nrows         223
xllcorner     24099.479091542
yllcorner     21023.840179216
cellsize      1003.8986847201
NODATA_value  -9999
[rows 145 to 173 of 223, columns 130 to 194 of 270]
0.02744103 0.009964978 0 0.02545596 0 0.009964978 0.1559831 0.7515061 0.496788 0.07174789 0.05634471 0.07187323 0.0894739 0.009964978 0.01526566 0.01992996 0.01785954 0.01623153 0.06832101 0.003004175 0 0.03928382 0.0005760955 0.009964978 0 0 0.0760923 0.3329926 0.1658766 0.008694101 0.005696209 0 0.1741522 0.05823649 0 0.002978253 0.1020662 0 0.01887363 0.09457818 0.2068387 0.2047452 0.01929753 0.06572679 0.2270656 0.01616275 0 0 0 0 0 0 0.2766017 0 0.009336564 0.01059339 0.008313187 0.02006686 0.1481284 0 0 0.1171787 0.4147291 0.09697744 0.009964978
0.1337264 0 0.02737753 0.196291 0.009964978 0.01992996 0.1071618 0.2126963 0.2201659 0.009964978 0.01992996 0 0.299097 0.02600012 0.2936487 0 0.009964978 0 0.04016245 0 0.009964978 0.09964979 0.0801425 0.07982092 0 0 0 0.1701708 0.005030217 0.02989493 0.009964978 0 0 0 0 0.01725275 0 0.04267083 0.003547578 0 0.3232771 0.1009615 0 0.02024656 0.110692 0.0341381 0.05978987 0 0 0 0.02321002 0.1655053 0.02428645 0 0.07563153 0.03466728 0.01992996 0 0 0 0.02989493 0.2308736 0.4061828 0 0
0 0.1431447 0.2173827 0.009964978 0 0.1173518 0.2823935 0.03864623 0.03985991 0 0 0.009964978 0.1052403 0.0452074 0.005376555 0 0.009964978 0 0.2107441 0.009964978 0.001272835 0.009964978 0.04930114 0.009964978 0 0 0 0.2179961 0.009964978 0 0 0.009964978 0.03795781 0.01992996 0 0.002677204 0 0.05617277 0.007223588 0.009964978 0.09806943 0.111613 0.02407221 0.09103484 0.07682003 0.1008184 0.009964978 0 0 0 0.1249915 0.02510245 0 0.002441677 0.4255148 0.2821528 0.009964978 0 0.009964978 0.002319956 0.2794253 0.1442614 0.007862743 0 0.09568559
0.06828382 0.1442237 0.08204415 0.05739909 0.1495162 0.11736 0.1670687 0.00937876 0.1719584 0.07148714 0 0.03385867 0.1654463 0.1213481 0.03237954 0.03985991 0.04445025 0.1238307 0.304945 0.01177205 0.04832224 0.1297745 0.009964978 0.0003303479 0.02990125 0.08938853 0 0.2928798 0.06184707 0 0 0.1380983 0.2636541 0.06650186 0.04982489 0.01992996 0.01149955 0.02882868 0 0.03536925 0.03660692 0.009964978 0.03628223 0.1636702 0.06338254 0.2028815 0.1498311 0.2635289 0.3393682 0.02275204 0.001343302 0 0 0.007523302 0.1583943 0.4774833 0.1522607 0.05723626 0.1413679 0.5784891 0.3991944 0.007986711 0 0 0
0.05428604 0.07508047 0.04563772 0.2059478 0.1719895 0.0748817 0 0.04044613 0.005678971 0.009964978 0 0.08635607 0.09823697 0.1043281 0.007084271 0 0.03526958 0.009964978 0.1395969 0.009964978 0 0.009964978 0 0.01959961 0.00113732 0.2130473 0.2375904 0.1306956 0.4194846 0.05674839 0.007091522 0.01381732 0.01167966 0.006399793 0.02753918 0.02919867 0.1432588 0.05626877 0.02543826 0.01442166 0 0.003702052 0.2577354 0.08389717 0.3509615 0.3221335 0.05458177 0.2165954 0.1819477 0.09079459 0 0.02989493 0.0228028 0 0.1119879 0.6999161 0.5338743 0.2281364 0.4209308 0.3783105 0.02061678 0 0 0 0.01978401
0 0 0 0.03359665 0.1496433 0.009300266 0 0.004639104 0.009964978 0 0.1804494 0.07886867 0.02662949 0.01992996 0 0 0 0 0.02436654 0.05978987 0.009964978 0 0.02989493 0.03991514 0.04020187 0.07971983 0.0604156 -9999 0.06238098 0.06619131 0.007039474 0 0 0.2087282 0.2499154 0.02989493 0.05978987 0.04433964 0.1162295 0 0 0.03274428 0.04464015 0 0 0.2239072 0.01992996 0.05765806 0.2470007 0.0397502 0.01992996 0.1442454 0.09827013 0 0.04799987 0.2167385 0.3235781 0.008445385 0.01209449 0.1139064 0.05178024 0.009964978 0.1440407 0.02678753 0.0001459468
0 0 0.005142097 0.4573068 0.7024921 0.004344349 0 0.01529085 0 0 0.0858004 0 0.003384328 0 0 0.009964978 0.01992996 0.02415649 0.002048864 0.009964978 0.009964978 9.788668e-005 0.2358979 0.01899348 0.008263235 0 -9999 -9999 -9999 -9999 -9999 0 0 0.01003743 0 0.009964978 0.005316032 0.04400412 0.02607048 0 0 0 0 0 0 0.1640681 0.04559585 0.009964978 0 0.006343055 0.191034 0.2445782 0.002939678 0.06254738 0 0.09936226 0.03944006 0 0 0.1620278 0.09622049 0.06255024 0.2350359 0 0.04144664
0 0 0 0.2085243 0.6151789 0 0.0064635 0.1378823 0 0.00737648 0.002588499 0 0.1927984 0.003116821 0.01992996 0.03985991 0.04898654 0.2452226 0.0183948 0.1317802 0.246889 0.1237095 0.1607147 0 -9999 -9999 -9999 -9999 -9999 -9999 -9999 0.01844216 0.02626875 0.01199366 0 0 0.007175982 0.02180955 0.001320169 0 0 0.009964978 0.08479353 0.124471 0 0 0.109505 0 0 0 0.1059033 0.07008421 0.04795035 0.338677 0.009964978 0 0.04323685 0.0544882 0 0.2952372 0.4677795 0.06536903 0.01964474 0.02176161 0.6038402
0 0 0 0.08162943 0.4069571 0 0 0.005128922 0 0 0 0 0.0544931 0.07731376 0.0138042 0.02298497 0 0 0.01992996 0.001811643 0.009964978 0 0 -9999 -9999 -9999 -9999 -9999 -9999 -9999 0.004166698 0.1467958 0.1431359 0.01501863 0.004911324 0.02121152 0.4076579 0.1435565 0.1496806 0.1930987 0.006248801 0.01784075 0.003784469 0 0 0.009964978 0.05322807 0.07618091 0.06975485 0.01992996 0.03985991 0.003318798 0.009964978 0.3860409 0.01883282 0 0.013818 0.2007141 0.2535572 0.007346209 0.08013061 0.03658044 0 0 0.2243055
0.03158364 0 0.009964978 0.009964978 0.0740306 0 0.005137105 0 0.009103126 0 0.004096142 0.009964978 0 0.1461016 0.1057156 0.1673044 0.01018101 0 0.02124578 0.07659236 0 0.1113288 0.008250955 -9999 -9999 -9999 -9999 -9999 -9999 -9999 0.009964978 0.009964978 0.09964979 0.009964978 0 0.02989493 0.2577158 0.3486528 0.123246 0.02989493 0.1867618 0.1194705 0.0009867856 0.02537711 0 0 0.1726033 0.2155565 0.06476889 0.1297889 0.1477682 0.03769826 0.06812728 0.01270563 0.01702991 0.008147131 0.02831227 0.09572617 0.008389793 0.009914348 0.1694553 0.04380805 0.1654565 0.009964978 0.01011966
0.01867569 0.01453772 0.009964978 0.03985991 0.05803363 0.04862991 0.1663097 0.009964978 0.03075679 0.137806 0.007572517 0 0.009964978 0.006697671 0 0.09988651 0.0396232 0 0.03904265 0.1284314 0 0.01992996 0 -9999 -9999 -9999 -9999 -9999 -9999 0 0 0.009964978 0.06334587 0.07611196 0.07548739 0 0.1731624 0.404516 0.1228816 0.09571017 0.03109039 0.08330126 0 0.004517826 0.009964978 0 0.02487141 0 0.1057535 0.05788289 0.1210601 0 0.006172707 0.1149622 0.1361395 0.009964978 0 0 0 0 0.01192179 0.01992996 0.009964978 0 0
0 0.02604291 0.03025131 0.04335557 0.4066576 0.5083401 0.4489079 0.009964978 0 0 0.009964978 0.01391976 0 0.03316224 0 0 0.08615497 0.08710007 0.2842771 0 0 -9999 -9999 -9999 -9999 -9999 -9999 -9999 0 0 0 0 0.5316137 0.07153681 0.05302183 0.05069068 0.02103079 0.03415889 0 0.08337304 0.3711738 0.1866406 0.02740017 0.04982489 0 0 0.02028705 0 0.1240121 0.1694968 0.2159969 0.05714948 0.08014303 0.0580602 0 0 0.01264907 0.02135143 0.042013 0.1885038 0.2491996 0.009964978 0 0.02989493 0
0.01992996 0.0165686 0.02635141 0 0.05416393 0.1680146 0.256318 0.04410432 0.04267513 0.06040785 0.07777992 0.1574248 0 0.009964978 0.01992996 0 0.2188664 0.1621204 0.03311692 -9999 -9999 -9999 -9999 -9999 -9999 -9999 -9999 -9999 0 0 0 0 0.024695 0 0.06869952 0.04747594 0.01243814 0.0654909 0 0.09369092 0.08263788 0.009964978 0.05975823 0 0.07064731 0.060012 0 0.06322709 0.2912736 0.07917581 0.05537866 0.1194651 0.3171479 0.2319966 0.03208467 0.235911 0.2569057 0.01553548 0.2017163 0.1136737 0.1197148 0.009964978 0 0.009964978 0.04982489
0.04390421 0.01332634 0.1295131 0.03985991 0.1034417 0.4761299 0.06531526 0.1129576 0.3411408 0.04966739 0.02513477 0.02171013 0.05526716 0.1005249 0.3279532 0.01073786 0.01640502 0 0 -9999 -9999 -9999 -9999 -9999 -9999 -9999 -9999 -9999 0 0.009328282 0 0 0 0 0 0 0 0 0.01567491 0.02418501 0.009964978 0.009964978 0.1218256 0.1115653 0.01861883 0.01016152 0.150193 0.2185864 0.5022968 0.2221167 0.1655842 0.3168558 0.1768802 0.06872937 0.008261736 0.1913709 0.04073804 0 0 0.009964978 0.009964978 0.06558457 0.127544 0.0007898057 0
0.01325676 0.006673194 0.06336505 0.01731116 0.176708 0.4610405 0.1283067 0.1594669 0.2208296 0.05978987 0.02520264 0.227032 0.4329867 0.009964978 0 0 0 0 -9999 -9999 -9999 -9999 -9999 -9999 -9999 -9999 -9999 0 0 0.2391018 0 0 0.01490476 0.003732279 0 0 0 0.007832405 0.01778327 0.008015038 0 0.009964978 0 0 0.03533993 0.2295905 0.04940298 0.009964978 0.009964978 0.01099581 0.1306947 0.01630095 0 0.1718995 0.03568821 0.009964978 0 0 0 0.02989493 0 0.09385549 0.0486751 0.02378568 0
0.09309648 0 0.007510287 0.05145673 0.2210557 0.07888369 0.3202137 0.2047726 0.1035762 0 0 0 0.08446501 0 0 0 0.009964978 0 0 -9999 -9999 -9999 -9999 -9999 -9999 -9999 -9999 0 0 0.0006943644 0.01992996 0 0.001292918 0 0 0 0 0.008014574 0.3193342 0.1421969 0.1694046 0 0 0 0.04440584 0 0 0 0 0.0026246 0.0471166 0 0 0 0.1846705 0.0258693 0 0 0.06530668 0.1656579 0 0 0.02839947 0.02989493 0
0.02716149 0.09337655 0.1458826 0.5292527 0.6112337 0.1024855 0.1319129 0.07266332 0.005095812 0 0 0 0.03597966 0 0 0 0 0 0 -9999 -9999 -9999 -9999 -9999 -9999 -9999 -9999 0.00530962 0.004655359 0 0 0 0 0 0 0.02781006 0 0 0.1481746 0.1924683 0 0 0 0 0 0.005355763 0.01992996 0 0 0.009964978 0.01602592 0 0 0 0 0.149443 0 0 0.02286059 0.02519424 0 0.009964978 0 0 0
0.02594294 0.3388501 0.009964978 0.03502073 0.5046773 0.05799733 0 0.005352384 0 0 0 0 0.009964978 0 0 0 0 0 0 -9999 -9999 -9999 -9999 -9999 -9999 -9999 -9999 -9999 0 0.009964978 0 0 0 0.1035949 0.009964978 0.04979325 0.009964978 0 0 0.04306383 0 0 0 0 0 0.09429402 0.02989493 0 0 0.04221203 0.0375078 0.03726414 0 0.003543399 0.00642158 0.09969621 0 0 0 0.04982489 0 0 0.001669932 0.05158811 0.02989493
0.06508551 0.1304815 0.01809984 0.02217697 0.1254045 0.00959907 0.06068098 0.02454255 0 0 0 0 0.02989493 0.003629175 0.02051419 0 0.08968481 0 0 -9999 -9999 -9999 -9999 -9999 -9999 -9999 -9999 0 0 0.009508374 0.009964978 0 0.01992996 0.09570464 0.4504353 0.08803229 0.009964978 0 0 0.04982489 0.009964978 0 0 0 0 0 0 0 0 0.009964978 0 0.05242067 0 0 0.004107967 0.142645 0 0 0 0.06138693 0.001388864 0 0.2236438 0.2878537 0.06025034
0 0.02989493 0 0.05665971 0.04425131 0.01992996 0.06893137 0.05064837 0 0 0 0 0 0.1160916 0.3485271 0.06764678 0.01992996 0 -9999 -9999 -9999 -9999 -9999 -9999 -9999 -9999 -9999 0 0 0.07361844 0.0940707 0.09942027 0 0 0.01992434 0.009964978 0 0.009964978 0.02719464 0.01992996 0 0 0 0 0.009964978 0 0 0 0.2974083 0 0 0.009964978 0.003647338 0 0.01126778 0.1040802 0 0 0.01560254 0.09363482 0.07873939 0.1622763 0.04476872 0.01142444 0.03743929
0.001508545 0 0.03243702 0.07016941 0 0.06951434 0.00601844 0 0 0 0.03107196 0.02871791 0 0.01964943 0.1637706 0.02747457 0 0 -9999 -9999 -9999 -9999 -9999 -9999 -9999 -9999 -9999 0 0 0.009964978 0.0404106 0.03174585 0 0.009964978 0.001763428 0 0 0.1914435 0.1227991 9.501846e-005 0.03666862 0 0.05707157 0.009014474 0 0 0.009964978 0 0.0912259 0 0.01805516 0.02370179 0.113381 0.02850013 0.168396 0.137789 0 0 0 0.1141809 0 0.08715253 0.01540355 0.09849465 0.03331923
0.01049688 0.009964978 0.5919623 0.7535192 0.003543154 0 0.024117 0.01992996 0 0 0 0.01992996 0 0 0 0.03947992 0.01699708 0 -9999 -9999 -9999 -9999 -9999 -9999 -9999 -9999 -9999 0.0002812334 0 0 0 0.007854154 0.002110824 0 0.01711359 0.02117985 0.007747901 0.017302 0.009964978 0.01722448 0.01284701 0.1629709 0.07249121 0 0 0.002019628 0.00794535 0.009964978 0 0 0.106456 0.1096885 0.06846069 0 0.1011192 0.2077801 0.156759 0 0.002074653 0.009964978 0.0114671 0.02681881 0.04293604 0 0.09465018
0.0185842 0.05117065 0.08297563 0 0 0.009964978 0 0 0 0 0 0 0 0 0.009964978 0.2423182 0.04341263 0 0.009964978 -9999 -9999 -9999 -9999 -9999 -9999 -9999 -9999 0.01964872 0.04976219 0 0 0.009964978 0.1754754 0 0.1610061 0.0193227 0.1785513 0.03141893 0.070012 0.02981434 0.03143743 0.1962208 0.02883237 0.01992996 0.1496416 0.06110878 0 0 0 0 0.1046833 0.007963605 0 0 0.1781572 0.004972193 0.1120946 0.03985991 0.06213955 0.07018211 0.02185237 0 0.01992996 0.01088895 0
0.009964978 0.009964978 0 0 0 0.05587223 0.02989493 0.03985991 0 0 0 0 0 0 0 0.01653145 -9999 -9999 -9999 -9999 -9999 -9999 -9999 -9999 -9999 -9999 0 0 0.02995764 0.1885929 0 0.1294472 0.1719802 0.03131107 0.01992996 0.06455327 0.04798131 0.02989493 0.1557146 0.05108183 0 0 0 0.01606212 0.04398237 0.01432165 0 0.009964978 0 0 0 0.05182626 0 0.02350277 0 0.009964978 0.05244809 0.07444945 0.4304795 0.1538392 0.009964978 0 0.009964978 0.05975823 0.009964978
0.01992996 0.01712573 0 0.03656123 0 0.01388262 0.06975485 0.01559031 0 0 0 -9999 -9999 -9999 -9999 -9999 -9999 -9999 -9999 -9999 -9999 -9999 -9999 -9999 -9999 0 0 0 0.01992996 0.07044864 0.009964978 0.02989493 0 0 0.008095142 0.4839946 0.1745603 0.0397985 0.05503623 0 0 0 0 0.02379779 0 0.02989493 0.2046104 0 0 0 0 0 0 0.01635715 0.009738676 0.01172087 0.03660255 0.1086747 0.4096148 0.1525219 0 0 0 0.03982827 0
0.009964978 0.1269114 4.36198e-005 0.03986272 0 0.0109476 0.1842149 0.04419956 0.04982489 0 -9999 -9999 -9999 -9999 -9999 -9999 -9999 -9999 -9999 -9999 -9999 -9999 -9999 -9999 -9999 0 0 0 0 4.79158e-005 0 0.009964978 0.009964978 0 0.01118274 0.07877861 0.00995215 0 0.02197273 0.02785216 0 0 0.00232978 0.02756516 0.009964978 0.009964978 0.004654177 0 0 0 0 0 0.02489201 0.1703284 0.05337855 0.09865271 0.242613 0.1006487 0.176129 0.09505227 0.0125047 0 0 0.01906927 0
0 0.2618411 0.03991243 0.05307715 0.009964978 0 0.0838569 0 -9999 -9999 -9999 -9999 -9999 -9999 -9999 -9999 -9999 -9999 -9999 -9999 -9999 -9999 -9999 -9999 -9999 0 0 0.01777291 0.002157048 0 0 0 0 0 0.05730042 0.1972135 0.02737511 0.1892071 0.01992996 0.04148491 0.0400081 0.008191803 0 0.009964978 0.06298854 0.03666124 0 0 0 0.1940877 0 0 0.1018832 0.2268306 0.0407421 0.04008979 0.07788351 0.156624 0.1025119 0 0 0 0 0.03882377 0.001036146
0.1843986 0.1228703 0.03949604 0.04982489 0.05352532 0.1534844 0.01853095 -9999 -9999 -9999 -9999 -9999 -9999 -9999 -9999 -9999 -9999 -9999 -9999 -9999 -9999 -9999 -9999 -9999 -9999 0 0 0 0 0 0 0 0 0 0.07270978 0.0016206 0.04385581 0.06840625 0.009964978 0 0.03424803 0.0454718 0 0 0.1031561 0.2215897 0 0 0.009964978 0.0598363 0 0 0.03985991 0.02597167 0.003923269 0.1364765 0.1825273 0.1274926 0 0.009964978 0.03468916 0.005170753 0 0 0.02077378
0.2046457 0.01992996 0.009964978 0 0 0.02358381 -9999 -9999 -9999 -9999 -9999 -9999 -9999 -9999 -9999 -9999 -9999 -9999 -9999 -9999 -9999 -9999 -9999 -9999 -9999 -9999 -9999 -9999 -9999 0 0 0 0 0 0 0.01992996 0.1721656 0.001432724 0.008532254 0.009964978 0.06613274 0.4470056 0.0837374 0.0121054 0.1333226 0.04044746 0 0 0.1046518 0.005165495 0.01992996 0.009964978 0 0 0.01992996 0.009964978 0.08675905 0.1217768 0 0 0.001879168 0.01992996 0.009964978 0 0.05878676
