EnvRasters/BAU_Low/urban.asc
ncols         270
nrows         223
xllcorner     24099.479091542
yllcorner     21023.840179216
cellsize      1003.8986847201
NODATA_value  -9999
[rows 116 to 144 of 223, columns 130 to 194 of 270]
0.8573183 0.8774699 0.7532355 0.7187193 0.5517946 0.04245945 0.7251787 0.567627 0.6800648 0.6999284 0.4558693 0.1867879 0.1303613 0.279723 0.5379407 0.4085121 0.5667661 0.390564 0.6021313 0.3117688 0.1404994 0.1936902 0.03331075 0.4519285 0.1058088 0.6460348 0.8453187 0.9128081 0.8647275 0.935531 0.7375001 0.9311519 0.5174567 0.1820036 0.2582346 0.0404247 0.1969514 0.3191807 0.1829213 0.009141348 0.08672741 0 0 0.01364787 0.05335164 0.09969621 0.029354 0.2060261 0.1685593 0.06975485 0.1278498 0.08607139 0.2465899 0.02777928 0.0416495 0.0295816 0.03791653 9.156619e-005 0.01963116 0.06534587 0.2300819 0.07971983 0.01292749 0.005688734 0.01210843
0.6759874 0.6523735 0.6954681 0.8407134 0.6958929 0.1847634 0.4361562 0.4416681 0.2646073 0.2947489 0.4346405 0.2684871 0.5492579 0.8912384 0.7808077 0.7929177 0.676644 0.3961905 0.6383745 0.3102402 0.09781961 0.3991602 0.3136657 0.6044201 0.1815337 0.5170221 0.2278859 0.2519573 0.2300462 0.5051826 0.6594386 0.649099 0.6505287 0.4025014 0.071313 0.07220873 0.2004051 0.1651114 0.1405904 0.1580306 0.1708035 0.042893 0.009964978 0.1603745 0.0751485 0.02662843 0 0.009855262 0.2565206 0.02352342 0.3845229 0.02755262 0.02978522 0.09299363 0.01662113 0.02061446 0.1570463 0.1017039 0.1725988 0.2210659 0.2465554 0.2851042 0.01285745 0 0.2464031
0.9748868 0.9087567 0.8818373 0.7150725 0.5400035 0.7246376 0.6744502 0.3739747 0.2719861 0.3325332 0.4853172 0.4618098 0.7189522 0.6199143 0.7041779 0.3459406 0.7306215 0.2924185 0.2373892 0.01854723 0.3835733 0.5444295 0.2427412 0.3557397 0.257889 0.5689258 0.4514703 0.24991 0.2393914 0.3108662 0.6450131 0.4019894 0.5126137 0.5668827 0.3967438 0.3048276 0.001938613 0.009964978 0.09204475 0.1227812 0.1783255 0.02948959 0.01397494 0 0.1060416 0.02664868 0.04982489 0.1170948 0.4974147 0.2717925 0.2771887 0.09376149 0.03018317 0.01039943 0.05773209 0.1188952 0 0.01992996 0.009964978 0 0.04050264 0.09417363 0.009964978 0.09271554 0.1437227
0.9013308 0.990035 0.990035 0.9388421 0.9243005 0.9420089 0.6542825 0.9298766 0.6216961 0.400141 0.3267935 0.6684604 0.736755 0.4832289 0.5577123 0.2431359 0.2321333 0.009072181 0.0211927 0.1853775 0.2852455 0.3655865 0.2466702 0.1994689 0.07197046 0.6375384 0.502282 0.4102346 0.3319982 0.3363666 0.4765185 0.3015082 0.109345 0.1297436 0.4825309 0.1433431 0.05552154 0.05756902 0.02973822 0.06004212 0.3221728 0.3042291 0.2637517 0.02090748 0.0633518 0.2723007 0.06975485 0.0103009 0.2197712 0.07147978 0 0 0 0 0.009964978 0.06556516 0.1180902 0.05703003 0.1095419 0 0 0.009964978 0.189235 0.1265645 0.1212691
0.977494 1 0.9356106 0.8894724 0.6719161 0.7862588 0.7284492 0.7084771 0.4092449 0.4332338 0.5115513 0.315367 0.4199929 0.7854286 0.505657 0.2810079 0.009899527 0 0.02989493 0 0 0.02053076 0.4116817 0.2965639 0.4113541 0.5982772 0.4839932 0.2198803 0.3059813 0.5493187 0.8371332 0.4468835 0.1653539 0.1011586 0.6495581 0.6893116 0.1962249 0.1548474 0.03985991 0.04640823 0.4929588 0.1014643 0.1349093 0 0.1067507 0.2597238 0.09290733 0.02942093 0.01746104 0.009964978 0 0.005281951 0.04982489 0.1285287 0.03209909 0 0.1016842 0.04049356 0.1060742 0 0.04319687 0.2474764 0.03495113 0 0.05824547
0.9576921 0.9895644 0.6567087 0.7951007 0.6836722 0.9637108 0.9180766 0.8231155 0.5539223 0.2245561 0.3412538 0.03542662 0.2887244 0.1587282 0.4398133 0.09722926 0.1077772 0.08665621 0.02436418 0.01549573 0.02989493 0 0.06038213 0.1833128 0.05737422 0.1092478 0.1192387 0.02352627 0.1610107 0.2092901 0.4844407 0.6257501 0.2881222 0.2851198 0.2658283 0.118109 0.2143122 0.1898799 0.03985991 0 0 0 0 0.1768056 0.4687898 0.282085 0.03674601 0.002874065 0.009964978 0 0.05978987 0.04454294 0.2438 0.08121407 0.007282615 0.01576253 0.007127788 0.06917427 0.004282069 0.03557784 0.1238058 0.07662532 0.009964978 0 0.0598363
1 0.8944993 0.9060302 0.990035 0.9327444 0.8344995 0.9715382 0.6820726 0.09623563 0.01193597 0.1534724 0.06499278 0 0.1446975 0.2481558 0.2212775 0.1678068 0.284202 0.1791396 0.04025831 0.01992996 0.2754896 0.2532172 0.006361402 0 0 0.07712395 0.2293977 0.3349926 0.1130558 0.2323476 0.407291 0 0 0 0.01962859 0.5660381 0.3032582 0.1366599 0.09107477 0 0.01992996 0.168097 0.2765664 0.3388499 0.2649188 0 0.04994939 0.1752619 0.1070157 0 0.03985991 0.07787374 0.01713553 0.01992996 0.09735144 0.00930296 0.1384429 0.02128785 0.02477659 0.1068564 0 0.01992996 0.08107603 0.1504876
0.8726612 0.9228229 0.9496912 0.5885594 0.387461 0.7708742 0.6274592 0.3847538 0.2186001 0.03363159 0.005633525 0.002467217 0.1486515 0.2222555 0.2083003 0.3892078 0.1641161 0.3464506 0.6697668 0.1413189 0 0.02015614 0.0127794 0 0.01800901 0.04768902 0.4350829 0.4490691 0.1659512 0.3110578 0.107461 0.2296806 0.05679657 0.006766436 0 0.01304188 0.005130626 0.01683141 0.3436823 0.6149067 0.1433242 0.08198783 0.05016467 0.03584641 0.08968481 0 0.02105456 0.0556667 0.1118512 0.01644683 0.07823596 0.02148437 0.03605631 0.07439777 0.03680525 0.03831672 0.2064108 0.3143283 0.03480258 0.04008617 0.004832077 0.01844694 0.1647502 0.1883188 0.08163077
0.8813363 0.8351433 0.8438102 0.2300355 0.2158739 0.4038333 0.4514129 0.2421275 0.3492697 0.421768 0.4499479 0.07809339 0.2270197 0.3854128 0.1735757 0.208547 0.03819827 0.3987974 0.1449573 0.05978987 0 0.00972756 0.02354488 0.1169388 0.1132217 0.2616791 0.4433468 0.4650086 0.1852068 0.327595 0.5531286 0.4288187 0.2200614 0.2703785 0.02989493 0 0 0.04853939 0.1472112 0.2837119 0.1647114 0.1566796 0.05914593 0.0993147 0.03638193 0.04710595 0.02330764 0.01992996 0 0.009964978 0.09391382 0.05459596 0.07087027 0.04560846 0.009964978 0.004279932 0.1377316 0.450727 0.04038059 0.01992996 0 0.1129022 0.07083859 0 0.03857929
0.4891566 0.4748449 0.6950812 0.197448 0.2492026 0.2263441 0.2092849 0.08609669 8.413431e-007 0.2758946 0.2621228 0.2641332 0.07112925 0.09557041 0.01992996 0.001578646 0.01213914 0.1749052 0.3408961 0.2735795 0.07639583 0.0102024 0.09332981 0.2722469 0.5793918 0.2390714 0.06324008 0.1436642 0.04629643 0.2086953 0.6979758 0.3614097 0.2924446 0.2629232 0.01992996 0 0.02849676 0.3623248 0.2130706 0.1958918 0.02487673 0.2481942 0.119419 0.01416981 0.09047888 0.08512268 0.006587292 0.004983168 0.1600766 0.249712 0.02766231 0 0 0 0 0 0.0007176108 0.02765599 0.04514975 0.03981169 0 0 0 0 0.1395561
0.1117875 0.07487821 0.4481224 0.07640085 0.08866044 0.214614 0.1255033 0.003985303 0.2091589 0 0 0.04487194 0.2516878 0.006033693 0.01992996 0.008386333 0.09964979 0.05124133 0.1158609 0.2492821 0.01970456 0 0.01992996 0 0.06320829 0.03823865 0.1867869 0.1476639 0.04982489 0.01565915 0.07136869 0.2894299 0.02699182 0 0 0.0646808 0.007411118 0 0.009964978 0.05907357 0.1003561 0.3159166 0.2308623 0.3605774 0.01755035 0 0 0.02691323 0.08444145 0.08284381 0 0 0 0.05978987 0 0 0.07885636 0.2972614 0.04840504 0.07976805 0.02989493 0.00953191 0 0.1010606 0.1492981
0.2317205 0 0.1645526 0.004664271 0.1369062 0.4482768 0.480764 0.1142804 0.3015917 0.213642 0.1440503 0 0.04610972 0.07019733 0.005018406 0.04647799 0 0.02025507 0.01055667 0.1190421 0 0 0.009964978 0 0 0.05857012 0.07695427 0.009964978 0.02989493 0.03806271 0.3293661 0.3242265 0.08816537 0.197337 0.0285347 0.06496006 0.01380496 0.01579809 0 0.01535568 0.2307596 0.3330888 0.02246283 0.1154828 0.1432654 0.131406 0.06789361 0.04301255 0.2445384 0.06326932 0.0133999 0.06602319 0.08622386 0.005921401 0.009964978 0 0.06761228 0.1441357 0 0.009964978 0.01992996 0.05930207 0.2462681 0.03985991 0.2234101
0.2932202 0.255498 0.2390265 0.07489087 0.06655978 0.2296721 0.1100238 0.09403198 0.1137515 0.106189 0.2950222 0.03022529 0.2786767 0.008383747 0.2452759 0.1587897 0 0.02670946 0.2150739 0.01369058 0.1534831 0.2707995 0.1296582 0 0.009964978 0.02989493 0.06600841 0 0.08406818 0.269726 0.6560913 0.4752158 0.1339673 0.1664376 0.004907604 0.01992996 0.1486983 0.2580113 9.159031e-005 0.0870442 0.2344677 0.06402834 0.05978987 0.08203331 0.1552335 0.03809481 0.01388926 0.03670728 0.1195797 0 0.1163258 0.1958995 0.1435743 0.1974175 0.006916378 0 0.04734144 0.009964978 0 0 0.006647086 0.01451534 0.06204643 0.009964978 0.4672002
0.315406 0.2310883 0.5473636 0.4747907 0.3930112 0.1580143 0.5396777 0.1385211 0.009964978 0 0 0.1066864 0.4093415 0.2538739 0.08321216 0.3931924 0.3354382 0.01227056 0.2131795 0.05450444 0.01992996 0.04963541 0.02985226 0.005599468 0.01433049 0.2285451 0.3687314 0.214862 0.1463956 0.01738959 0.3860292 0.1311196 0.02601187 0.1132245 0.1018154 0.05504557 0.06673667 0.1685979 0.3560522 0.2335678 0.07185078 0.236812 0.009171458 0.3183389 0.4251812 0.07776459 0.1301981 0 0 0 0.3453973 0.3408672 0.2273628 0.1250885 0.008483506 0.01992996 0.04241304 0.07809605 0 0.006798442 0.1167749 0.006259552 0.01992996 0.009964978 0.2624431
0.1672992 0.07846038 0.1065334 0.5319797 0.09707436 0.1299804 0.2396431 0.1343579 0 0.1147245 0.07461014 0.003872212 0.2651885 0.1880679 0.1067862 0.3714313 0.09332835 0.02367776 0.01397452 0.02371521 0.0005095828 0 0 0 0.02989493 0.4938835 0.2546639 0.004622096 0 0.008132394 0.08110327 0.4730053 0.2495965 0.1577529 0.08656046 0.1274328 0.01609352 0 0.06046758 0.07053329 0.1408196 0.2538165 0.09047833 0.009964978 0.1074174 0 0.04578575 0.1798144 0.291397 0.008083207 0 0 0.1664357 0.02113488 0 0.005633183 0.04326236 0 0.2192295 0.03679748 0.00306244 0.04982489 0.04701169 0.01214046 0.1296172
0.5528277 0.3690055 0.2447775 0.09479494 0.1677816 0 0.04198439 0.2789015 0 0.001989497 0.007975481 0.02762031 0.1673011 0.007166598 0 0.4352982 0.3833632 0 0 0.02488465 0.1240804 0.04574505 0.1694182 0.003967187 0 0.009964978 0.009964978 0.02737131 0.341515 0.1140335 0.0358953 0.5128613 0.2522419 0.3270648 0.1439088 0.009823917 0.09366231 0.05852798 0.1170542 0.2593157 0.3739803 0.2782439 0.03284959 0.01992996 0.05393834 0 0 0.1296432 0.1943491 0.1197531 0.06036874 0.04671969 0.07325688 0.2319363 0 0 0 0.01992996 0 0 0.02989493 0 0.02056767 0.02508821 0.1134342
0.2066794 0.1744135 0.2952427 0.3371521 0.4314151 0 0 0.3598948 0.08599801 0.01992996 0 0.07557572 0.1316017 0.01684531 0.009964978 0.2940724 0.1042276 0.05118203 0.0201245 0.07441666 0.009161781 0.07132344 0.2199728 0.117367 0 0 0 0.08587092 0.1186304 0.06793584 0.1106039 0.5753546 0.1781614 0.1986599 0.04054769 0.1809414 0.2938161 0.07371988 0.2143199 0.009964978 0 0.13982 0.00532543 0.08353763 0.2856072 0.161181 0.05913316 0.3625558 0.4475345 0.0546587 0.1838493 0.02157797 0 0.01992996 0.03141278 0.09559204 0.006588112 0.003376867 0 0 0 0.03985991 0.1085511 0 0.08066984
0.2909944 0.01992996 0.05185771 0.2568724 0.005302784 0.01334744 0.07069065 0.1053416 0.04252047 0.002509978 0.01741998 0 0.1814683 0.02047932 0.03621255 0.3268366 0.06008858 0.1470725 0.1411916 0.2394483 0.176984 0.06233086 0.1371925 0.1955812 0.06254015 0 0 0.05035872 0.2641582 0.06674129 0.04835972 0.3718784 0.3925117 0.00128839 0 0.0001103019 0.009823033 0 0 0.009964978 0.00200515 0.1974653 0.06265293 0.01498986 0.02306283 0.07542469 0.3006769 0.4570855 0.5550448 0.01026931 0.02512482 0.0328258 0.01457721 0.009964978 0.0666618 0.0255629 0 0.02989493 0.0005425292 0.009964978 0.02023032 0.08726319 0.06215832 0 0.1077331
0.08534978 0.09745973 0.06496088 0.4736924 0 0.01518955 0.2838583 0 0.3695956 0.06589706 0.002356555 0.003456944 0.1545783 0.09840617 0.0240791 0.02455216 0.03373005 0.3751283 0.05965222 0.07237926 0.252806 0.009964978 0.1791458 0.04038386 0.1598838 0.05754241 0.1535008 0.02721844 0 0 0.03908204 0.01535259 0.2240213 0.03031145 0 0 0.1530677 0.01992996 0 0 0.01118583 0.133664 0.2866987 0.06803127 0.01349972 0.02013019 0.6709087 0.9675379 0.1749092 0 0 0.009964978 0.05978987 0.009964978 0 0 0 0 0.1202151 0.01806462 0.18567 0.2445979 0.04894499 0.08931509 0.2356699
0.3342251 0.2501172 0.1050801 0.3306519 0.1969056 0.05782343 0.003552073 0.009964978 0.05693999 0.1343222 0.140811 0.03279665 0.01380432 0.006125635 0.03571077 0.09887468 0.04534791 0.01992996 0 0 0.03747017 0.003586926 6.509692e-005 0.03718597 0.01263892 0.04982489 0.00212266 0.007476657 0.001174142 0.04982489 0 0 0.09207686 0.009952019 0.009964978 0.06644459 0.25852 0.05187088 0.04173923 0.05244899 0.02105257 0.127965 0.03032827 0 0.001610629 0.1147004 0.5151429 0.3475756 0.01218677 0.01992996 0.0325602 0.0473092 0.160124 0.09014527 0.09987604 0.03766035 0.01992996 0.02760312 0.2203434 0 0 0.06025147 0.05014678 0 0.2160037
0 0 0.02989493 0.3036237 0.6591443 0.1769906 0.03674229 0.03748219 0.11749 0.3514077 0.06714811 0.039603 0.009964978 0 0.01480334 0.3565814 0.1096275 0.01453499 0.001308632 0 0.02869776 0.01682953 0.05286023 0 0.08351281 0.2434744 0.0018571 0.03103071 0.1235052 0.09287278 0.04954147 0.03783462 0.1619137 0.1654034 0.1501202 0.02925625 0.06645944 0.04912114 0.05160813 0.2161064 0 0.04085071 0.07861931 0.05818724 0.1265934 0.222691 0.1457506 0.09981719 0.05682852 0.02989493 0.007299716 0.2277486 0.1189656 0 0 0.02533432 0.208183 0.06298108 0.169753 0.05196057 0.001448948 0 0 0 0.3233957
0.3053762 0.3470559 0.0276883 0.01449242 0.09487433 0.00691568 0.030848 0 0 0.2021233 0.01971191 0 0.1884669 0.1713228 0 0.007953696 0.009964978 0 0.008656346 0 0.02060839 0.009964978 0.01992996 0.02989493 0 0.009420281 0 0 0.0427698 0.0001200735 0 0.002308714 0.1062058 0.5029914 0.2883959 0.3539955 0.2599768 0.03183219 0 0.01840794 0 0.329262 0.3976905 0.2759547 0.3425748 0.09110019 0.06074948 0.334706 0.2177489 0.06682295 0.02279217 0.009964978 0.03363704 0.0007071462 0 0.009964978 0.01864959 0.1909686 0.08477103 0 0 0.0199035 0.03907789 0 0.05153211
0.382615 0.1398189 0 0.0606379 0.190424 0.4230453 0.2385166 0.007066777 0 0 0.006606065 0.08101419 0.2070445 0.0351702 0.009964978 0 0 0.03985991 0 0.02096711 0.03647937 0.002702107 0 0.03985991 0 0.0005446971 0.008984735 0.149025 0.03886196 0 0.01992996 0 0.2231979 0.6069472 0.5576724 0.08797769 0.0893997 0.1604491 0.279628 0.01471672 0.01321928 0.05491022 0.1006712 0.1679738 0.1514917 0.008898007 0.04520116 0.1904195 0.02925883 0.4350575 0.06408633 0.02026031 0.03621395 0.09831608 0.00506885 0.02204556 0 0.0221299 0.1009494 0.1922868 0.009297298 0.07005961 0.03110087 0 0.09883699
0.228094 0.05022396 0.01651123 0.08848422 0 0.1096091 0 0.01992996 0 0.1005292 0.2107793 0.3231216 0.7483497 0.3341263 0.09439958 0.05321988 0.07373573 0.163255 0 0.3302528 0.1580776 0 0.0004069534 0.08968481 0.02989493 0 0.01849919 0.07555088 0.0695355 0.07084099 0.01992996 0.02150719 0.1399102 0.04949206 0.4059837 0.1633172 0.01345602 0.003595134 0 0.07971983 0.05892294 0.05626971 0.009964978 0.1295651 0.09422734 0.009964978 0.01992996 0 0.09154008 0.1149619 0.06689826 0 0.1965011 0.3576767 0.3088482 0.02400408 0.08802553 0.07876423 0.07556693 0.4557494 0.152752 0.06975485 0 0.09025081 0.2972353
0.05005115 0.157873 0.05743818 0.1211675 0.4074845 0.2398263 0.05949957 0.1549953 0.04625006 0.06740971 0.05579163 0.07104868 0.2330282 0.2197727 0.263449 0.2781489 0.07764459 0.001572417 0 0.02881136 0 0.01144563 0.1032488 0.1359928 0 0 0.0296081 0.1946507 0.4500566 0.1964331 0.08005018 0.09990206 0.2964888 0.4288814 0.3152218 0.1670683 0.09535709 0.1227199 0.05404023 0.1940161 0.0328353 0.05080187 0.009964978 0.09969621 0.1001514 0.02485079 0.04982489 0.02584605 0.05489112 0 0 0 0.07728565 0.04459294 0.0279548 0.01835416 0.05296921 0.07028398 0.001031461 0.03883902 0.2188967 0.2496866 0.05967721 0.0724287 0.3644955
0 0 0 0.01471417 0.1191187 0.1303235 0.1043525 0.03745101 0.06026321 0.04107042 0.009964978 0.02989493 0.1723507 0.09136427 0.5432241 0.4801227 0.04990692 0.2077744 0.1856117 0 0 0.2750913 0.08167826 0.02989493 0.07969916 0 0 0 0.04218279 0.04862486 0 0.002644224 0.2644069 0.2711497 0.02989493 0.1190066 0.05201262 0.04629097 0.01992996 0.05791684 0.1937998 0.02367277 0 0.08976669 0.06958927 0.01992996 0 0.06830981 0.1078504 0.2089667 0.2657861 0.08983299 0.02256436 0.01763111 0 0 0.1636965 0 0 0.009964978 0.2715692 0.3908298 0.299084 0.523934 0.9378479
0 0.2129374 0.009964978 0 0.009964978 0.0794817 0.02486574 0.02849986 0.07141402 0.05644686 0 0.01992996 0.007018907 0.001651784 0.219519 0.2987248 0 0.008346134 0.01841521 0.009964978 0 0 0 0 0.03988058 0.09868475 0.07080663 0.2663711 0.0879973 0.01121792 0.03985991 0.00150428 0.1219606 0.07149158 0.1585258 0.03229585 0.04322109 0.1799297 0.03360758 0.1398344 0.06578993 0.04524439 0.03985991 0 0.1992159 0 0 0.04982489 0.2747152 0.1552499 0.2140977 0.01992996 0.1594397 0.04390554 0.08465818 0 0 0 0.009669052 0.1003873 0.3577373 0.2770595 0.06103475 0.4050558 0.7478481
0.03985991 0.1358369 0 0 0.02718953 0.1714495 0.2032597 0.003247506 0.01412294 0 0 0.04982489 0.02989493 0.02447774 0.002763003 0 0.009964978 0.009964978 0 0 0.009964978 0.01763271 0.2705101 0.02059066 0.1504231 0.02030654 0.2574367 0.6185417 0.3881724 0.05531646 0.04812744 0.02989493 0.017686 0.0005936296 0.02453843 0.03723446 0.02950762 0.1460076 0.00384276 0.07214412 0.03985991 0.02451046 0.02989493 0.1500187 0.1053934 0.00411409 0 0 0.08793707 0.05619504 0.009964978 0 0 0.07133618 0.1261897 0.01992996 0 0 0.03092777 0.009964978 0.03985991 0.01992996 0.180712 0.3262075 0.426442
0 0.009964978 0.01992996 0.009964978 0.009964978 0.01992996 0.1739417 0.02957525 0.07549966 0.04388214 0.005624905 0.02427003 0.06300535 0.01992996 0 0.009964978 0.02200037 0.05352332 0 0 0 0 0.07869064 0.009964978 0 0.01029033 0.2368125 0.1970656 0.07535292 0.223142 0.3387467 0 0.3590091 0.03863982 0 0.0169517 0.1406136 0.1235333 0.02005211 0.1040922 0.07511801 0.08942769 0.005295161 0.01488942 0.1089649 0 0 0 0.09982742 0.001836368 0 0 0.01799119 0.1024045 0.009964978 0.01868323 0.242058 0.03006768 0.2889882 0 0 0.01284935 0.867021 0.2627839 0.3070494
