EnvRasters/BAU_Low/urban.asc
ncols         270
nrows         223
xllcorner     24099.479091542
yllcorner     21023.840179216
cellsize      1003.8986847201
NODATA_value  -9999
[rows 29 to 57 of 223, columns 130 to 194 of 270]
0.9889782 0.9693605 0.8209057 0.7325426 0.9767404 0.8164184 0.7446169 0.4884337 0.2741144 0.8739417 0.5503621 0.4310638 0.7515095 0.606863 0.3894872 0.1102911 0.02308342 0 0.1704345 0.09277593 0.1078034 0.06975485 0.1160666 0.1837325 0.07992006 0.1186588 0.549489 0.5279053 0.1881439 0.1063165 0.03026147 0.4452488 0.7359253 0.2347987 0.1296873 0.1168309 0.248373 0.7177739 0.5100846 0.3225122 0.2217835 0.120863 0.149753 0.1452305 0.2325122 0.07557943 0.2340284 0.6647858 0.2658347 0.2553107 0.1224653 0.03985991 0.06250317 0 0 0 0.07709728 0.3174229 0.09401371 0.2481386 0.2146054 0.6345603 0.5333462 0.258413 0.06128842
0.9384637 0.9010947 0.9469916 0.7631416 0.7795826 0.1934518 0.5114945 0.5054851 0.8775305 0.9315882 0.990035 0.4349545 0.2776335 0.267131 0.8135774 0.4401089 0.1136508 0.2575013 0.2746518 0.2211393 0.1712037 0.09998014 0.04445031 0.04488149 0.04982535 0.1812537 0.3597123 0.7642661 0.1783405 0.06310079 0.0878118 0.3147205 0.4506138 0.10249 0.0849886 0.06123048 0.6891763 0.8677978 0.470836 0.1562103 0.1807263 0.1238869 0.0001200749 0.03985991 0.1922799 0.3546806 0.5453578 0.8388754 0.5080748 0.6611897 0.4181161 0.08787645 0.151283 0.01992996 0.05884244 0.1795959 0.2093466 0.6266989 0.3583268 0.2717416 0.7926472 0.8357962 0.608864 0.6545519 0.9282994
0.8208008 1 0.9800701 0.5849738 0.6096802 0.8636428 0.5081046 0.5267212 0.9136167 0.8695657 0.7964877 0.2868105 0.2478584 0.03588694 0.1257433 0.1512568 0.1606788 0.3148619 0.2336085 0.1045608 0.1153285 0.08397106 0.06036938 0.07473562 0.0142683 0.06076696 0.4626002 0.6748217 0.5259212 0.1027545 0.002104072 0.1767085 0.3647521 0.4354597 0.4062774 0.06405092 0.09129241 0.471614 0.1242233 0 0 0.0004187544 0.02977486 0.05867241 0.334138 0.3525947 0.003010883 0.2497938 0.2938748 0.1561123 0.02210799 0.1878348 0 0 0.03988024 0.1896747 0.3299092 0.4039068 0.4685379 0.81186 0.9697421 0.9651343 0.9786186 0.6782042 0.293737
0.9639924 0.935474 0.9987789 0.9347534 0.6625199 0.5948175 0.2793476 0.5020059 0.4042054 0.3424785 0.236375 0.1560652 0.1763355 0.129171 0.1757282 0.3315755 0.7510422 0.1975841 0.6102317 0.0849666 0.01967152 0.02982464 0.2361818 0.1061512 0.2097925 0.1445676 0.09639792 0.2686983 0.3165771 0.02191187 0.1575232 0.1828647 0.231193 0.768118 0.363881 0.1449047 0.04217581 0.1213111 0.005548451 0.01089859 0.05580175 0.06441972 0.05580677 0.1404013 0.104056 0.646973 0.4587976 0.6060258 0.1410068 0.06839885 0.1643481 0.6920973 0.4511884 0.7140381 0.4485007 0.2102128 0.04041678 0.3482815 0.4053097 0.7109192 0.7385581 0.8295636 0.2952462 0.2288294 0.1409733
0.9889226 0.9709889 0.9236678 0.6025558 0.8462055 0.6800224 0.590054 0.3032126 0.1211925 0.2438772 0.7830462 0.9059258 0.4220021 0.1754014 0.1926793 0.7497295 0.2927468 0.1816962 0.3591687 0.264091 0.0624959 0.09914627 0.5037624 0.4491362 0.05892126 0.0932029 0.2194094 0.0929089 0.02000241 0.09098655 0.138962 0 0.2285936 0.4494992 0.2673741 0.01992996 0.04764979 0.05081553 0.1102482 0.3248351 0.1391943 0.0453929 0.1240316 0.02989493 0.02029754 0.09999909 0.2866725 0.5189146 0.6204792 0.4511175 0.3320709 0.5294133 0.6040514 0.8694389 0.117877 0.2101507 0.1062661 0.2634192 0.4507148 0.3163538 0.1573664 0.6357179 0.05718241 0.06657518 0.09334096
0.9612525 1 0.9693626 0.9215549 0.6367323 0.6462034 0.9176022 0.2492106 0.1527466 0.2074951 0.5806797 0.2923785 0.07993498 0.09834208 0.4526204 0.4076777 0.1408259 0.04653361 0.1422422 0.8612174 0.2912723 0.1798366 0.5508553 0.8995091 0.5742526 0.0387603 0.01463483 0.176725 0.1559013 0.1332919 0.2526912 0.02989493 0.4872564 0.4038613 0.03214454 0.08410023 0.1112607 0.2066323 0.6310576 0.118878 0.09864463 0.1149302 0.2519782 0.1263378 0.1131829 0.3126151 0.666372 0.6344526 0.6368192 0.6457515 0.6188267 0.4137496 0.4431048 0.3512902 0.2664019 0.6373838 0.6478753 0.5745565 0.07873372 0 0.28962 0.4742405 0.05007155 0.1123263 0.05293567
0.9760954 0.8820826 0.8654843 0.8720875 0.8389226 0.5796265 0.6728864 0.7154989 0.5816504 0.351294 0.1328834 0.1847783 0.103421 0.268267 0.6138414 0.1900834 0.0828402 0.4695506 0.2529916 0.58806 0.8265178 0.5983903 0.07929704 0.2284766 0.08960773 0.05921986 0.2144428 0.5490972 0.3222743 0.2674595 0.01708925 0.1423732 0.1685856 0.1990824 0.1496386 0.03549757 0.1183925 0.1235707 0.1376783 0.1007747 0.0929142 0.478493 0.6196918 0.2937633 0.4019893 0.32575 0.6657649 0.9324877 0.7660523 0.6406693 0.686762 0.453802 0.3286653 0.5819055 0.8852741 0.829659 0.5958385 0.1677629 0.02988265 0 0.260052 0.2149263 0.1221328 0 0.05978987
0.9712322 0.7429035 0.2387169 0.4028998 0.2711038 0.2722508 0.1469862 0.2869694 0.5833466 0.6230495 0.3402033 0.6048269 0.3294277 0.3344464 0.4763099 0.3362492 0.1427986 0.2487767 0.1335553 0.2116124 0.2588919 0.56919 0.009964978 0.01992996 0.07493744 0.04541888 0.114419 0.6221207 0.6812421 0.2222282 0.239099 0.3972811 0.6016299 0.3959505 0.16054 0.09547695 0.2099252 0.1586493 0.530145 0.1858892 0.182454 0.5266088 0.1030452 0.2277299 0.502816 0.5987752 0.9672044 0.9337127 0.4657709 0.1747592 0.2154469 0.3184816 0.379626 0.3018099 0.5203334 0.5479296 0.284827 0.3115149 0.3272508 0.3004526 0.1719121 0.003533083 0 0 0
0.990035 0.9382458 0.7174338 0.1520919 0.16623 0.3035688 0.696214 0.3041387 0.2051848 0.2068792 0.3447307 0.5605084 0.2685486 0.278981 0.1854993 0.08460394 0.04411945 0.04309054 0.08333906 0.2783756 0.3351917 0.7248176 0.3784033 0.1087366 0.3711993 0.3407754 0.7110009 0.8452634 0.9338167 0.5584844 0.147828 0.53873 0.7695622 0.2579717 0.143809 0.193235 0.2482707 0.6002269 0.896984 0.4650965 0.2687581 0.2073551 0.1680521 0.3648349 0.312483 0.5409568 0.4375376 0.5922844 0.5824403 0.6869456 0.7064199 0.9063714 0.6307447 0.5627588 0.425316 0.1274523 0.05798911 0.137952 0.2363183 0.3899428 0 0 0 0 0.009964978
0.7892671 0.9586978 0.9953686 0.7433934 0.8143399 0.5592508 0.1389294 0.08204269 0.1368695 0.09048381 0.1472098 0.319543 0.3616434 0.1597486 0.3889961 0.6512152 0.5758725 0.7922121 0.8562838 0.7343113 0.4835837 0.5975576 0.327629 0.1806255 0.6656468 0.6515307 0.6035473 0.6855665 0.6892529 0.3538761 0.1500461 0.4902223 0.7997016 0.4111701 0.3179001 0.5066365 0.2292213 0.7023691 0.888467 0.7995175 0.6840551 0.4122053 0.3957145 0.4704401 0.4874015 0.3624296 0.1155587 0.2134802 0.1923877 0.3525203 0.6230589 0.8254829 0.5918025 0.3548011 0.1230475 0.08852428 0.1433485 0.3501402 0.6187596 0.3314813 0.05009462 0.06469795 0.06046231 0.01625675 0.1407288
0.7094068 0.9501751 0.9226766 0.7047087 0.729626 0.6456632 0.3067479 0.03303318 0.1808918 0.1737705 0.506112 0.4094178 0.2649785 0.2875224 0.2936882 0.7120079 0.9699013 0.5363858 0.136313 0.04915016 0.1058735 0.1907255 0.2301084 0.05838455 0.3939396 0.8737473 0.7544352 0.3378754 0.3234542 0.1365298 0.2033419 0.4148068 0.7108352 0.2668826 0.05603924 0.1941884 0.221809 0.4199162 0.9163299 0.8847586 0.4598449 0.1786433 0.175139 0.08412329 0.09277062 0.00955805 0.1533647 0.3272423 0.06128119 0.2307813 0.5697583 0.4249046 0.23781 0.2362726 0.112918 0.139736 0.127814 0.1866915 0.1536848 0.03006914 0.1707672 0.1080756 0.246398 0.04717002 0.0176219
0.7477233 0.9355491 0.9945998 0.6395758 0.1967891 0.09724356 0.307634 0.4881588 0.6013544 0.658499 0.3903129 0.400332 0.6474526 0.6021109 0.3420581 0.2512043 0.335496 0.3039631 0.1088655 0.1388195 0.1518007 0.02597138 0.2003523 0.1499707 0.1706556 0.2476793 0.1540091 0.143468 0.3887084 0.516925 0.6385905 0.58402 0.6654375 0.7140853 0.4129208 0.1463434 0.2913007 0.2967035 0.3532027 0.4648396 0.132475 0.09732249 0.2149549 0.2170229 0.1062474 0.1867225 0.09169614 0.6066192 0.3108335 0.0829735 0.08446948 0.05363152 0.02420502 0.1625585 0.3173913 0.03278263 0.04477552 0.23523 0.02579895 0 0 0 0.003985497 0.06081757 0.3095725
0.8066916 0.8249696 0.6801321 0.4852827 0.1222516 0.1495591 0.0430106 0.6082579 0.872092 0.9111106 0.3342754 0.4163338 0.4891335 0.7220582 0.4447277 0.1650651 0.24077 0.6412627 0.08171652 0.05978987 0.05760996 0.4710891 0.9021211 0.4659896 0.1521901 0.02339116 0.04666607 0.2419706 0.949655 0.6098291 0.3331016 0.1184143 0.733247 0.7634987 0.7261712 0.6351331 0.2399955 0.1673189 0.2816778 0.1493489 0.3209581 0.06284929 0.04045668 0.1879614 0.3976218 0.4653279 0.1637854 0.1228533 0.1177778 0.4503359 0.6731449 0.2363231 0.03391372 0.03743789 0.07285319 0.2658148 0.16905 0.4906435 0 0 0 0 0 0.02702273 0.1662083
0.8503025 0.7924075 0.5031105 0.9338648 0.5126897 0.337485 0.227209 0.1944859 0.8220654 0.9608667 0.6026933 0.2523225 0.06957404 0.04293768 0.07201071 0.1258405 0.2069038 0.2477508 0.1942384 0.08883048 0.1126049 0.1639258 0.5469574 0.3298724 0.09680672 0.07661855 0.01170718 0.4581835 0.2986276 0.2888292 0.4726436 0.308358 0.552378 0.3399613 0.4911123 0.6830676 0.4441109 0.1840677 0.1880672 0.2364706 0.5587912 0.1302722 0.07145194 0.1085095 0.8598772 0.8724234 0.4597075 0.1812253 0.1529879 0.2460866 0.3664516 0.2543221 0.2498673 0.1403909 0.1496881 0.2585413 0.4238424 0.7157761 0 0 0 0 0 0.08230263 0.4975185
0.4519748 0.9599323 0.7413459 0.6303959 0.7755415 0.5163193 0.110639 0.4489518 0.5833989 0.4811573 0.6067243 0.1959935 0.1589559 0.2085779 0.2135605 0.3631521 0.2425663 0.0606979 0.08320352 0.009964978 0 0.08168937 0.1223665 0.03484746 0.1152656 0.1583744 0.3804846 0.7381174 0.3436131 0.215112 0.3655409 0.04424524 0.2758465 0.1649642 0.03091106 0.4971111 0.3486506 0.4741164 0.2796584 0.4228964 0.4874283 0.3252163 0.3261215 0.4660315 0.3273136 0.2408403 0.1324963 0.05063252 0.1089652 0.08063794 0.2282909 0.1471149 0.3250885 0.1938809 0.02246423 0.5175903 0.6812676 0.9689314 0.3219315 0.03615486 0.009964978 0 0 0.0507667 0.8165089
0.2622596 0.5443439 0.1307586 0.2588313 0.2428373 0.1664232 0.2161881 0.1647585 0.1400329 0.1569666 0.2355187 0.1287804 0.09992809 0.3352014 0.8470962 0.7873133 0.4625854 0.06449024 0.2959899 0.1382612 0.1921102 0.06102807 0.188299 0.1352406 0.2044909 0.2925496 0.2779804 0.1747885 0.07460737 0.5233461 0.5357258 0.006438729 0.04316834 0.6030458 0.3340876 0.08567643 0.05751278 0.1151732 0.302963 0.6756878 0.7936813 0.4688244 0.2646668 0.2691821 0.07030934 0.1002416 0.6281062 0.1100006 0.08218522 0.1262813 0.2014858 0.4352898 0.2787036 0.349348 0.1425104 0.5564653 0.6444247 0.5121908 0.5524669 0.02816321 0 0 0 0 0.08336872
0.3454124 0.6163327 0.1666421 0.2411586 0.5829707 0.4380014 0.3049558 0.4790434 0.325035 0.1219095 0.2755544 0.3526907 0.1984806 0.2876396 0.3173408 0.2196798 0.1295322 0.1781044 0.2047466 0.4154133 0.7864388 0.2576932 0.1791294 0.1048839 0.6139373 0.6061196 0.07459709 0.03892881 0.02506875 0.2785621 0.429189 0.2219317 0.4704215 0.6656423 0.3632142 0.3155699 0.2738353 0.3441573 0.2888255 0.8357919 0.3707542 0.2797721 0.2860985 0.5855657 0.2235788 0.1489157 0.07287925 0.0770888 0.132958 0.4915751 0.6752409 0.7230389 0.6683858 0.2397508 0.3326504 0.4795116 0.1115737 0.2401858 0.3051596 0.226588 0.01545214 0 0 0 0
0.3475597 0.3065128 0.1571701 0.4243937 0.8978474 0.7002279 0.6225197 0.2643722 0.3571113 0.2334498 0.1304437 0.1604122 0.9361246 0.3141749 0.3022538 0.13867 0.3446966 0.1188646 0.1367991 0.3723893 0.3329385 0.09958229 0.1692173 0.1007841 0.2394467 0.1810753 0.2862257 0.3786557 0.3529073 0.1818123 0.4728432 0.1311635 0.1983808 0.8296359 0.2798163 0.6171388 0.1955997 0.1096576 0.2050388 0.3858633 0.1786029 0.04100254 0.05012244 0.3123018 0.4887893 0.591664 0.2791631 0.1963149 0.2071418 0.45215 0.3185669 0.1684594 0.3016424 0.3926724 0.3538331 0.5281377 0.234 0.4402598 0.1853372 0 0 0 0.005432929 0.009964978 0
0.617681 0.4675326 0.3506406 0.8328374 0.476567 0.58057 0.2563357 0.428661 0.370497 0.2299223 0.09084056 0.1971235 0.4511793 0.1975501 0.3187988 0.337443 0.554177 0.4626902 0.056118 0.3593633 0.7705812 0.1796876 0.05155573 0.2033459 0.289757 0.1117487 0.631424 0.6124705 0.7166604 0.1884415 0.6418545 0.4174173 0.2031839 0.738376 0.1349202 0.1880174 0.106008 0.05000144 0.08781493 0.0598363 0.184755 0.3701148 0.3326739 0.5972456 0.5672531 0.2900555 0.2746535 0.4845631 0.3623963 0.525942 0.3143317 0.3662481 0.09264381 0.2837235 0.6651355 0.5824803 0.4050782 0.3201272 0.4725016 0.1437268 0 0.2063141 0.08297693 0 0
0.2866949 0.4374922 0.2495422 0.4615897 0.314036 0.3600855 0.2697293 0.2405196 0.1113411 0.09028655 0.1893738 0.2104998 0.1191583 0.05587743 0.04369993 0.2072124 0.5668241 0.2197862 0.5120195 0.9080725 0.9220886 0.4452985 0.1323975 0.1254794 0.5975304 0.6597046 0.7697637 0.4711462 0.4101713 0.2000375 0.2407889 0.1518603 0.1642074 0.4291787 0.2644414 0.01236665 0.1637405 0.1220153 0.3618063 0.3484694 0.2604264 0.5401272 0.2572299 0.09852315 0.1735935 0.8304155 0.2349137 0.07754969 0.2842921 0.3987413 0.7490811 0.5810966 0.07412267 0.1210325 0.5532742 0.6312697 0.1075088 0.6253254 0.3220696 0.1627515 0.1854327 0.004225381 0 0 0
0.2655071 0.4662499 0.3828604 0.4402917 0.5615207 0.7063819 0.6808045 0.4625575 0.15909 0.3882458 0.3322167 0.1501591 0.2111434 0.3173321 0.2776676 0.3331481 0.1718151 0.4428338 0.7967135 0.8572317 0.6951878 0.474164 0.266256 0.07317438 0.4667252 0.3721418 0.5714844 0.5019467 0.4224265 0.2239653 0.1477276 0.2705336 0.3654871 0.3108883 0.02989493 0.03260674 0.09578994 0.4199278 0.9317016 0.5530231 0.2474857 0.2613164 0.4493309 0.2105206 0.2467683 0.901058 0.8728172 0.3664284 0.6695403 0.7543818 0.7656826 0.6153984 0.5576127 0.4947813 0.8512816 0.4583265 0.5319545 0.12238 0.3466179 0.4689761 0.6018307 0.1164442 0 0.3877349 0.5507678
0.1210495 0.7119427 0.5880113 0.7451175 0.3864335 0.6004279 0.6210656 0.3098648 0.2797916 0.4624567 0.6539968 0.2480401 0.1971284 0.8797566 0.3863703 0.743157 0.8668709 0.4582987 0.6329181 0.7262434 0.5705625 0.4120216 0.2583873 0.3706323 0.2149739 0.2021354 0.1826537 0.6207841 0.6482826 0.2685493 0.2152248 0.5999005 0.3242335 0.170975 0.05019933 0.1005963 0.0045598 0.09206101 0.2762198 0.2293744 0.1112244 0.07865073 0.1547342 0.2770204 0.2482486 0.8815764 0.5921246 0.1142192 0.06322456 0.2347558 0.3991003 0.5788327 0.3063071 0.5047477 0.5620993 0.2893039 0.2585218 0.6041261 0.7688122 0.7963368 0.4972646 0.2537322 0.09232809 0.2672848 0.1667558
0.4573322 0.839188 0.6947809 0.5312093 0.5049154 0.482814 0.2915602 0.5595196 0.2991765 0.4606979 0.1752842 0.1585922 0.4203002 0.5755385 0.3549602 0.3527258 0.3183354 0.3311791 0.3102246 0.4468145 0.4885609 0.5881624 0.3723097 0.6171199 0.5001777 0.1896758 0.1431013 0.2702617 0.1205793 0.09106447 0.5909917 0.6565242 0.1592167 0.3150571 0.2466989 0.06281799 0.1056116 0.2431816 0.3102946 0.2163217 0.01879251 0 0.06859821 0.1372008 0.1231077 0.4591874 0.3326557 0.03225625 0.07899734 0.3866317 0.7032945 0.8777391 0.6627942 0.4805675 0.4202277 0.9520484 0.4175601 0.04472333 0.3203878 0.3729155 0.5622629 0.8272326 0.4382013 0.2898883 0.1988514
0.6565881 0.5391204 0.9275558 0.8343816 0.6697735 0.7713414 0.4207548 0.371645 0.326856 0.1839185 0.4969555 0.2820141 0.2648835 0.2977237 0.3211238 0.3708283 0.3779835 0.2492633 0.326801 0.40297 0.4969756 0.338381 0.3067924 0.5602772 0.2196468 0.2900174 0.57646 0.2791294 0.1322601 0.2368779 0.2412933 0.2944688 0.2427517 0.1853615 0.4345744 0.3011681 0.2096714 0.1208478 0.01992996 0.0001348964 0.08590394 0.001300308 0.04982489 0.08125254 0.04237815 0.2679697 0.507106 0.1001001 0.001156934 0.1440331 0.6144902 0.881342 0.7275339 0.2697152 0.4314851 0.5088555 0.4301752 0.1631265 0.6461796 0.8144276 0.8185762 0.5704644 0.5580243 0.7026979 0.2388357
0.1430352 0.5623654 0.8745803 0.9692832 0.9623492 0.6431957 0.688014 0.4379341 0.3290097 0.1330077 0.4332476 0.2435381 0.379548 0.1187886 0.2824437 0.2820395 0.2081356 0.3418514 0.3548313 0.2409561 0.2083302 0.3641857 0.711009 0.5197231 0.29923 0.3338225 0.3645798 0.7536877 0.3240023 0.2547875 0.1390137 0.2169746 0.5538044 0.2690048 0.4164899 0.2440785 0.06574344 0.08606668 0.3069209 0.1171504 0.5631067 0.04549225 0.3853358 0.5201809 0.2476322 0.1342874 0.2023585 0.01976819 0.06233424 0.1512957 0.3880562 0.5753182 0.3165065 0.1372908 0.2637451 0.651274 0.4554795 0.3885965 0.7702236 0.6644503 0.1012135 0.4221115 0.5392318 0.1050439 0.5440747
0.1852612 0.7738067 0.9309291 0.9703103 0.7678711 0.08079872 0.433524 0.8239375 0.7615458 0.235985 0.5014599 0.3822897 0.3790855 0.2102815 0.3596357 0.4483119 0.3209409 0.5159405 0.5476823 0.2761107 0.3664598 0.3619392 0.4573993 0.4322901 0.5796745 0.6257319 0.3057303 0.387656 0.502523 0.1147073 0.1556696 0.339207 0.2591148 0.4101897 0.3604267 0.1993927 0.4897758 0.4224329 0.7230313 0.5182582 0.3685521 0.3709331 0.07614799 0.1086555 0.2523469 0.06071025 0.08554497 0.2592142 0.1835361 0.07748026 0.08102785 0.1154671 0.09432246 0.1091194 0.1305779 0.4433199 0.5248086 0.2652509 0.278757 0.2619038 0.3598639 0.9695173 0.6810836 0.4902755 0.6233557
0.6508924 0.8782395 0.9882916 0.9001912 0.8887651 0.3934331 0.298454 0.1775576 0.3681722 0.5054515 0.451833 0.4234696 0.3807593 0.3452581 0.416686 0.4213148 0.3849056 0.4955594 0.3919586 0.5080161 0.5685817 0.5179 0.4843009 0.4428003 0.5291567 0.5561435 0.2129465 0.2564009 0.5326819 0.1537077 0.5010753 0.2199869 0.2635584 0.214518 0.4772083 0.4949578 0.6329995 0.0396614 0.1154059 0.3269287 0.4760845 0.2595387 0.04244957 0.1193338 0.06178149 0.2025505 0.1400899 0.2108977 0.3850341 0.1572621 0.08554375 0.1308427 0 0.2435369 0.3671001 0.4695196 0.3229176 0.102666 0.4896694 0.9027511 0.8369881 0.2749953 0.294673 0.08986252 0.3161681
0.2036517 0.3888431 0.9345086 0.9276786 0.433225 0.8689803 0.2913958 0.08131859 0.1100462 0.1560809 0.5060703 0.7304376 0.7677274 0.6572056 0.8250138 0.7456332 0.6774558 0.7444904 0.4247876 0.56897 0.576778 0.5146018 0.3833092 0.2581985 0.5151026 0.3221839 0.2977407 0.691476 0.7230099 0.6703797 0.6330464 0.227341 0.2617327 0.1437898 0.02039789 0.04089219 0.2120041 0.08721239 0.2841035 0.1279046 0.3784734 0.4140557 0.3067418 0.1255089 0.05889827 0.5054117 0.08662292 0.1498698 0.1989356 0.5166179 0.1682491 0.05819361 0.3027585 0.3911782 0.2057366 0.3328572 0.2349862 0.451588 0.4541808 0.1502191 0.05728465 0.1118846 0.3514078 0.6347798 0.5694396
0.115308 0.1386919 0.5681505 0.5919562 0.4981472 0.6625369 0.5566441 0.7744337 0.3310038 0.01039102 0.264043 0.2277253 0.2940203 0.2959098 0.8002044 0.6862056 0.6609211 0.8144975 0.6879272 0.727877 0.7755678 0.7549003 0.6812961 0.3081887 0.4494661 0.4956607 0.1790086 0.615454 0.6750337 0.599563 0.467056 0.2021515 0.007658626 0.04317786 0.2495388 0.2793137 0.5248845 0.284705 0.3897686 0.1646173 0.2318136 0.4958864 0.5072529 0.230843 0.4585068 0.4407028 0.1397666 0.193496 0.1997068 0.3327348 0.1830504 0.05736437 0.4395155 0.5682636 0.5451846 0.66999 0.7277817 0.602845 0.1617186 0.1687574 0.1035314 0.1048662 0.4152712 0.7638802 0.6778085
